688639 华恒生物 日线 前复权
      日期	    开盘	    最高	    最低	    收盘	    成交量	    成交额
2021/04/22,15.41,17.61,14.74,15.29,17355974,625894272.00
2021/04/23,16.56,17.50,15.32,15.79,11804524,438129088.00
2021/04/26,15.28,19.46,15.28,19.00,12902136,522355296.00
2021/04/27,18.04,19.19,17.59,17.87,8367590,345505152.00
2021/04/28,18.02,19.93,17.74,19.06,7052266,300850624.00
2021/04/29,18.65,19.84,18.17,18.74,5605970,241036336.00
2021/04/30,18.73,19.78,17.94,19.32,4654954,200002928.00
2021/05/06,19.17,20.29,17.60,19.98,6292114,269612000.00
2021/05/07,19.82,19.97,18.59,18.91,3348044,145123824.00
2021/05/10,18.79,19.17,18.08,18.51,2333299,97883456.00
2021/05/11,18.27,20.01,18.27,18.89,3836867,166726192.00
2021/05/12,18.55,19.42,17.71,18.91,3071511,128875496.00
2021/05/13,18.91,18.93,17.90,18.51,2099377,88402208.00
2021/05/14,18.52,21.24,18.27,19.76,4876670,216602912.00
2021/05/17,19.74,22.55,19.48,21.07,4302874,205887296.00
2021/05/18,21.21,23.10,20.89,22.63,4125229,203194496.00
2021/05/19,22.36,23.58,21.68,22.75,2357566,119748248.00
2021/05/20,22.77,25.06,22.28,23.97,1944552,102796264.00
2021/05/21,23.97,24.80,22.95,23.52,1810857,95176648.00
2021/05/24,23.10,26.38,23.10,26.38,2159997,119306392.00
2021/05/25,26.38,26.70,25.12,26.07,1860804,106570824.00
2021/05/26,25.96,26.30,24.96,25.33,1815720,102567416.00
2021/05/27,24.93,25.88,24.77,25.53,1335499,75269504.00
2021/05/28,25.40,26.88,24.26,24.78,1974860,112607840.00
2021/05/31,25.05,26.50,24.16,26.21,1725984,97347512.00
2021/06/01,26.04,27.52,26.00,27.30,1639190,98191696.00
2021/06/02,27.44,27.48,26.06,26.39,1023143,60412576.00
2021/06/03,26.11,26.52,23.74,23.74,1715712,95322576.00
2021/06/04,23.83,24.59,23.26,23.97,1368342,72875600.00
2021/06/07,23.82,24.12,22.67,23.89,1538253,79818712.00
2021/06/08,23.64,24.56,23.31,23.69,1249200,66717700.00
2021/06/09,23.26,24.67,23.18,23.96,1232494,66515788.00
2021/06/10,24.19,25.38,23.93,25.07,1427206,78195480.00
2021/06/11,25.13,26.35,23.65,23.82,1573350,88113184.00
2021/06/15,23.68,24.42,23.11,23.96,751767,40075008.00
2021/06/16,23.75,24.12,21.64,21.65,1457778,73775432.00
2021/06/17,21.52,22.47,21.52,22.14,549926,27220912.00
2021/06/18,21.99,22.77,21.15,21.31,1415862,69373752.00
2021/06/21,20.89,22.23,20.89,22.17,916986,44953448.00
2021/06/22,22.62,22.62,21.59,22.18,715469,35355932.00
2021/06/23,22.20,22.69,21.94,22.18,616494,30875946.00
2021/06/24,22.25,22.83,21.93,22.74,786836,39657104.00
2021/06/25,22.68,22.74,21.59,22.02,966160,47765876.00
2021/06/28,22.02,22.22,21.17,21.49,828200,39959848.00
2021/06/29,21.51,21.59,20.99,21.20,524530,25031508.00
2021/06/30,21.36,21.71,20.99,21.51,564813,26836564.00
2021/07/01,22.19,23.18,22.01,22.23,1224082,61156556.00
2021/07/02,21.90,21.90,20.51,20.61,1207814,56656712.00
2021/07/05,20.16,21.09,19.92,20.32,649812,29638088.00
2021/07/06,20.33,21.42,20.33,21.05,880388,41543764.00
2021/07/07,21.09,21.72,20.81,21.52,536331,25623914.00
2021/07/08,21.52,22.84,20.87,22.36,972459,47409224.00
2021/07/09,22.38,23.73,21.66,23.38,1105245,56363884.00
2021/07/12,23.07,24.37,22.86,24.19,990104,52039284.00
2021/07/13,24.25,25.41,23.66,25.10,1074060,58809624.00
2021/07/14,25.32,25.98,24.52,25.64,990823,55706628.00
2021/07/15,25.32,25.79,24.14,24.99,673109,36957176.00
2021/07/16,24.92,25.70,24.28,25.45,838228,46353460.00
2021/07/19,25.19,25.21,23.33,24.17,1700285,90262576.00
2021/07/20,23.60,24.61,23.47,24.17,575871,30865890.00
2021/07/21,24.37,26.88,24.13,26.61,1145130,64974488.00
2021/07/22,26.91,26.94,25.90,26.60,992127,58045952.00
2021/07/23,26.75,29.37,26.42,26.83,1314681,80704072.00
2021/07/26,27.93,27.93,25.80,26.97,628229,36751200.00
2021/07/27,26.75,27.69,25.75,25.75,721764,42535000.00
2021/07/28,25.64,26.09,23.59,24.95,638477,35366364.00
2021/07/29,25.09,26.47,24.95,25.83,334004,19206630.00
2021/07/30,25.99,26.54,25.09,25.70,393164,22414836.00
2021/08/02,25.43,26.56,24.75,26.00,557111,31212054.00
2021/08/03,26.00,27.94,25.77,26.87,620960,37002060.00
2021/08/04,26.75,27.01,25.93,26.77,355479,20791376.00
2021/08/05,26.51,26.94,26.28,26.89,313935,18407508.00
2021/08/06,26.82,26.97,25.42,25.82,483430,27745366.00
2021/08/09,25.41,27.56,25.41,27.18,647975,38232732.00
2021/08/10,27.18,29.54,27.13,28.87,783390,49557744.00
2021/08/11,28.83,29.26,27.96,28.64,462212,28969862.00
2021/08/12,28.43,28.47,27.55,27.55,432675,26496192.00
2021/08/13,27.30,27.83,26.79,26.89,288147,17261040.00
2021/08/16,26.89,26.99,25.83,25.87,629671,36225748.00
2021/08/17,25.83,26.09,24.37,24.85,628540,34827564.00
2021/08/18,25.17,27.70,24.79,25.91,1057542,61657532.00
2021/08/19,25.59,27.46,25.51,26.38,527543,31065598.00
2021/08/20,26.32,27.41,26.03,26.61,571376,33591804.00
2021/08/23,26.32,29.07,26.32,28.46,1009188,62872708.00
2021/08/24,28.72,30.49,28.18,30.05,827767,54115824.00
2021/08/25,29.66,30.58,28.89,29.13,591443,38350780.00
2021/08/26,28.80,29.22,27.43,27.60,553868,34091776.00
2021/08/27,27.56,28.55,27.46,27.70,455829,27993234.00
2021/08/30,28.06,29.02,27.60,27.70,608398,37576564.00
2021/08/31,27.99,28.93,27.42,27.75,484322,29920626.00
2021/09/01,27.99,28.45,27.23,27.69,521969,32006234.00
2021/09/02,27.46,27.65,26.56,26.68,648437,38488128.00
2021/09/03,26.52,29.31,26.47,27.87,830455,51258884.00
2021/09/06,28.42,28.42,26.80,28.06,355364,21528894.00
2021/09/07,28.06,28.77,27.81,28.11,217156,13495442.00
2021/09/08,28.35,28.40,27.28,27.47,312424,19085134.00
2021/09/09,27.65,31.19,27.64,30.23,1243092,82048384.00
2021/09/10,30.65,33.73,29.81,33.50,1190464,83470976.00
2021/09/13,33.46,33.46,31.51,31.88,772301,54744200.00
2021/09/14,31.55,32.68,31.08,31.75,467673,32624310.00
2021/09/15,31.41,32.26,30.78,31.02,352939,24248584.00
2021/09/16,31.15,32.36,30.37,31.28,472333,32411432.00
2021/09/17,31.75,31.98,29.72,29.99,465186,31181004.00
2021/09/22,29.99,30.06,28.74,29.07,333406,21298484.00
2021/09/23,29.07,29.54,28.55,28.65,408836,25875056.00
2021/09/24,28.43,30.44,28.05,29.66,714284,45903064.00
2021/09/27,31.75,31.75,28.17,28.55,879195,57589112.00
2021/09/28,28.86,28.86,27.56,27.65,511898,31439808.00
2021/09/29,27.61,28.28,25.66,25.67,778483,45458312.00
2021/09/30,25.94,27.11,25.80,26.58,339251,19823924.00
2021/10/08,26.85,27.12,26.09,26.28,292681,17084288.00
2021/10/11,25.99,26.52,25.65,26.27,185788,10689386.00
2021/10/12,26.27,26.27,25.11,25.28,360490,20304978.00
2021/10/13,25.73,25.73,25.02,25.55,172346,9636849.00
2021/10/14,25.55,27.17,25.37,27.12,355345,20963450.00
2021/10/15,26.79,27.23,25.69,25.74,298897,17170088.00
2021/10/18,25.94,25.94,23.75,24.23,503153,27130232.00
2021/10/19,23.99,25.32,23.86,25.09,296119,16305534.00
2021/10/20,25.35,25.89,24.80,25.76,142162,8005708.00
2021/10/21,26.04,26.28,25.04,25.80,281572,16014579.00
2021/10/22,25.23,25.86,24.37,25.36,951876,52440084.00
2021/10/25,24.88,26.97,24.14,26.80,867626,49760808.00
2021/10/26,26.51,28.06,26.18,26.50,510510,30686242.00
2021/10/27,26.46,27.22,26.28,26.79,332570,19650412.00
2021/10/28,27.70,29.60,27.37,27.70,994739,62154120.00
2021/10/29,28.06,29.37,27.02,29.20,777457,49085996.00
2021/11/01,29.22,29.60,28.04,28.27,487192,30723212.00
2021/11/02,28.07,29.51,27.83,28.25,249052,15648697.00
2021/11/03,28.37,29.41,28.36,29.22,413714,26409440.00
2021/11/04,29.50,31.75,29.35,31.36,769891,52126032.00
2021/11/05,31.97,33.74,31.03,31.47,1417657,100714040.00
2021/11/08,31.49,33.82,31.16,32.98,886780,63823052.00
2021/11/09,32.82,33.88,32.71,33.55,349259,25418320.00
2021/11/10,33.88,34.69,33.14,34.21,560219,41661352.00
2021/11/11,34.84,37.65,34.57,36.55,1048581,83090600.00
2021/11/12,37.16,42.45,36.24,39.36,1699700,145181552.00
2021/11/15,39.35,41.49,38.65,41.11,1011296,88894288.00
2021/11/16,40.26,42.21,38.89,41.09,709593,62493208.00
2021/11/17,41.81,41.85,38.55,39.93,1204391,103334768.00
2021/11/18,39.74,43.39,38.88,42.57,1379071,122599120.00
2021/11/19,42.92,42.92,41.23,41.75,577959,52391216.00
2021/11/22,41.44,44.64,41.44,43.21,613349,57617688.00
2021/11/23,43.21,44.04,42.54,42.98,308006,28814816.00
2021/11/24,44.35,45.48,43.20,44.59,430302,41489444.00
2021/11/25,44.89,45.35,42.90,45.06,389329,37183424.00
2021/11/26,44.34,52.52,43.42,51.96,1026996,109587656.00
2021/11/29,53.59,53.86,42.68,44.04,2516791,252142096.00
2021/11/30,42.85,49.56,42.85,47.04,1783028,182001104.00
2021/12/01,45.78,48.39,44.93,46.30,1232094,124347320.00
2021/12/02,47.20,47.20,44.88,46.06,685752,68220344.00
2021/12/03,46.03,51.86,45.78,51.82,915569,97765384.00
2021/12/06,54.13,54.34,46.85,48.92,1002836,104269648.00
2021/12/07,48.87,48.87,43.87,45.54,1109010,109207816.00
2021/12/08,45.30,46.61,43.37,46.13,590118,57707040.00
2021/12/09,44.73,46.58,43.87,44.00,873389,84788944.00
2021/12/10,44.03,45.34,41.77,43.97,846311,79905920.00
2021/12/13,43.38,46.62,43.05,45.80,722900,69922440.00
2021/12/14,45.59,46.77,43.79,44.82,475214,46233112.00
2021/12/15,44.52,50.53,44.52,50.53,812180,85608480.00
2021/12/16,49.69,51.17,47.22,50.38,608087,65356848.00
2021/12/17,50.38,52.27,49.11,50.63,339758,37000664.00
2021/12/20,50.52,51.05,48.30,50.67,512360,54808288.00
2021/12/21,49.21,51.46,47.52,48.77,522391,55879640.00
2021/12/22,48.62,51.06,48.48,50.96,589797,63208540.00
2021/12/23,50.48,51.52,48.95,50.01,340143,36618728.00
2021/12/24,48.68,49.89,46.97,48.15,803929,83925104.00
2021/12/27,47.53,50.75,47.49,50.52,537972,57334188.00
2021/12/28,51.31,51.31,49.62,51.06,420214,45845160.00
2021/12/29,52.12,56.30,51.06,54.65,551595,64978440.00
2021/12/30,57.25,62.64,54.83,61.69,967297,123162168.00
2021/12/31,62.90,63.85,59.38,60.16,864603,113485032.00
2022/01/04,58.94,65.04,54.81,62.95,1275355,164677888.00
2022/01/05,63.06,63.10,57.19,57.99,554141,71185152.00
2022/01/06,56.49,58.98,54.81,56.13,665108,81130288.00
2022/01/07,54.65,57.05,53.45,53.55,785455,93091000.00
2022/01/10,51.54,54.81,51.54,54.29,349695,40438880.00
2022/01/11,55.12,56.72,49.58,50.20,920196,101271048.00
2022/01/12,50.19,52.17,49.15,51.16,739372,80957384.00
2022/01/13,51.95,52.14,47.16,48.14,677669,71122520.00
2022/01/14,48.88,51.39,47.56,48.35,803516,85210640.00
2022/01/17,49.33,51.25,48.39,49.52,1034702,111434936.00
2022/01/18,48.50,49.76,46.81,48.43,557287,58501728.00
2022/01/19,48.13,48.87,46.25,46.30,657250,67062240.00
2022/01/20,44.40,47.20,43.87,45.39,776319,75544168.00
2022/01/21,43.87,48.11,43.87,47.15,502342,50224152.00
2022/01/24,47.09,50.76,45.30,49.89,707502,75572608.00
2022/01/25,49.56,51.76,49.32,50.90,643691,70588976.00
2022/01/26,51.18,53.23,50.28,52.52,759051,84054256.00
2022/01/27,52.04,56.29,52.04,55.28,740424,87093112.00
2022/01/28,54.81,56.13,53.15,55.48,392628,46440580.00
2022/02/07,55.48,55.49,51.89,53.36,229240,26358160.00
2022/02/08,51.96,54.58,51.21,51.70,343077,38648828.00
2022/02/09,51.72,53.47,48.62,53.12,562254,61817308.00
2022/02/10,52.07,53.15,50.41,52.01,287688,32259416.00
2022/02/11,51.30,53.77,51.01,51.69,282337,31931752.00
2022/02/14,50.53,52.68,49.25,50.62,244562,26703126.00
2022/02/15,49.34,51.43,48.65,50.06,382890,41348376.00
2022/02/16,50.04,54.26,49.95,52.43,321524,36260584.00
2022/02/17,52.43,53.85,50.66,53.28,329988,37270996.00
2022/02/18,52.34,54.57,52.05,54.11,329498,37995292.00
2022/02/21,54.34,57.42,53.24,57.19,346178,41244948.00
2022/02/22,55.85,58.14,54.81,55.52,279746,33773960.00
2022/02/23,56.51,61.95,56.04,60.53,725230,93546568.00
2022/02/24,62.42,62.84,55.29,57.28,714410,88831984.00
2022/02/25,55.76,58.61,55.76,56.00,370307,45591152.00
2022/02/28,56.00,57.50,55.01,55.53,464793,56019408.00
2022/03/01,54.48,56.85,54.48,56.00,398480,47768808.00
2022/03/02,56.24,56.55,54.98,55.78,279958,33467136.00
2022/03/03,56.63,56.63,54.66,55.91,176585,21125268.00
2022/03/04,55.40,57.52,54.91,55.38,268558,32226048.00
2022/03/07,52.92,55.90,52.92,54.19,337679,39468000.00
2022/03/08,53.66,54.34,50.84,51.63,414361,46491600.00
2022/03/09,51.01,51.62,46.73,48.63,748619,78716472.00
2022/03/10,50.06,51.72,49.92,50.24,415476,45472500.00
2022/03/11,50.60,51.01,48.93,50.19,302500,32489772.00
2022/03/14,51.76,53.41,48.89,49.59,366205,39627512.00
2022/03/15,49.49,51.19,48.47,48.64,323117,34516288.00
2022/03/16,48.67,50.43,47.77,49.46,352753,37236740.00
2022/03/17,50.06,52.67,49.38,50.56,255042,27946244.00
2022/03/18,51.48,51.48,48.15,49.58,283990,30122920.00
2022/03/21,49.24,50.99,48.94,50.44,221259,23933584.00
2022/03/22,50.30,50.30,47.87,48.11,245921,25881670.00
2022/03/23,48.15,49.30,47.97,48.46,216952,22834720.00
2022/03/24,48.68,51.75,46.13,51.01,587774,61801660.00
2022/03/25,51.01,51.01,47.21,47.88,440254,45945400.00
2022/03/28,47.87,47.87,45.49,46.35,317470,31750580.00
2022/03/29,47.04,47.20,45.97,46.87,214927,21711816.00
2022/03/30,47.62,50.04,46.75,48.99,292318,30813072.00
2022/03/31,48.90,49.85,48.08,49.04,209250,22212552.00
2022/04/01,48.57,49.58,47.90,48.76,129303,13614875.00
2022/04/06,48.76,50.15,48.44,49.04,143679,15300717.00
2022/04/07,48.53,50.00,47.83,47.97,100374,10508936.00
2022/04/08,46.43,49.58,46.43,48.87,150305,15681305.00
2022/04/11,46.87,49.22,46.87,47.02,152854,15948664.00
2022/04/12,47.02,47.70,46.26,47.22,128712,13015762.00
2022/04/13,47.20,47.44,46.25,46.34,75703,7682009.00
2022/04/14,46.34,46.34,43.99,44.38,318125,30941774.00
2022/04/15,43.88,44.19,42.62,43.48,296262,27841600.00
2022/04/18,43.49,43.49,40.67,42.02,180770,16439360.00
2022/04/19,41.99,43.62,41.64,42.49,98629,9104739.00
2022/04/20,42.45,42.45,39.30,40.38,683459,60064396.00
2022/04/21,39.60,43.16,39.59,39.74,403257,36238292.00
2022/04/22,39.50,42.73,39.27,42.53,2915401,263781232.00
2022/04/25,41.14,41.92,39.63,41.26,2682141,238104992.00
2022/04/26,41.26,41.90,39.92,40.42,871588,77757224.00
2022/04/27,40.16,41.02,37.02,39.71,1062790,89779240.00
2022/04/28,39.40,41.26,39.11,41.02,659559,58518360.00
2022/04/29,41.01,43.12,40.36,43.09,702936,64874440.00
2022/05/05,43.18,43.71,41.37,41.49,521393,47469512.00
2022/05/06,41.02,42.92,40.79,42.83,681904,62680712.00
2022/05/09,42.83,44.11,41.48,43.34,679315,63173024.00
2022/05/10,45.73,46.72,42.24,45.50,971969,94823960.00
2022/05/11,45.79,47.20,44.35,45.42,480794,47848184.00
2022/05/12,44.36,46.66,44.36,45.26,253074,24949424.00
2022/05/13,45.80,45.85,44.10,44.89,223231,21810760.00
2022/05/16,44.90,46.49,44.83,45.40,295964,29357652.00
2022/05/17,45.88,46.28,44.53,45.00,225449,22138356.00
2022/05/18,45.00,45.99,44.58,44.88,152396,14887377.00
2022/05/19,44.59,44.59,43.40,44.09,114984,10958896.00
2022/05/20,44.09,45.12,43.29,44.39,253959,24332712.00
2022/05/23,44.42,45.51,42.92,45.34,397184,38023532.00
2022/05/24,45.06,47.19,43.45,43.51,401662,39630772.00
2022/05/25,43.60,44.69,42.45,43.87,203020,19120172.00
2022/05/26,43.87,44.36,42.97,43.91,174232,16436948.00
2022/05/27,44.35,44.35,43.20,43.49,184668,17447938.00
2022/05/30,43.49,44.49,42.45,43.73,382233,36107476.00
2022/05/31,43.68,45.06,42.65,44.25,465252,44241928.00
2022/06/01,43.95,45.13,43.40,44.70,384424,36901232.00
2022/06/02,44.02,46.25,43.49,46.18,1498778,145466160.00
2022/06/06,46.35,51.67,46.25,51.40,2688119,288080736.00
2022/06/07,51.90,51.90,49.01,49.90,1114104,120328256.00
2022/06/08,49.75,50.53,48.00,48.72,844584,89515736.00
2022/06/09,49.58,52.20,49.11,51.10,1339155,147528128.00
2022/06/10,50.92,57.66,49.58,56.72,2096775,245290816.00
2022/06/13,55.34,62.85,55.14,61.95,1788720,228197136.00
2022/06/14,61.95,61.95,58.38,58.87,1144213,147075568.00
2022/06/15,58.40,60.03,57.44,57.91,661180,83330752.00
2022/06/16,57.90,60.95,57.19,60.02,708878,90034032.00
2022/06/17,60.00,60.95,57.29,60.00,974423,124400456.00
2022/06/20,59.93,61.83,58.67,60.04,773345,100239136.00
2022/06/21,61.36,63.28,59.81,60.04,1119684,147353280.00
2022/06/22,59.94,60.66,58.77,59.40,618045,79162472.00
2022/06/23,58.74,59.93,57.24,59.11,922732,116498856.00
2022/06/24,58.67,59.76,57.25,58.28,875615,110041648.00
2022/06/27,59.46,62.15,58.86,60.35,560912,72632368.00
2022/06/28,60.14,60.35,57.68,59.62,829151,104689792.00
2022/06/29,59.62,61.80,58.28,58.63,808567,104627912.00
2022/06/30,58.51,62.90,57.80,61.32,1598177,206956112.00
2022/07/01,61.45,61.45,59.25,59.40,926330,119622352.00
2022/07/04,59.81,64.33,58.84,63.61,1352221,179748704.00
2022/07/05,62.89,63.85,61.17,62.84,855056,114948176.00
2022/07/06,62.90,68.13,62.11,65.75,1102242,155055680.00
2022/07/07,66.28,66.55,62.90,64.76,1014460,139746800.00
2022/07/08,64.76,64.80,62.19,63.21,561901,76054240.00
2022/07/11,62.93,64.24,62.19,63.66,550352,74454520.00
2022/07/12,63.61,64.80,60.31,60.43,819013,108606472.00
2022/07/13,60.99,61.83,58.68,59.24,612222,78159192.00
2022/07/14,58.48,60.52,58.48,59.29,521811,66537832.00
2022/07/15,59.09,61.00,58.69,59.00,764876,98383736.00
2022/07/18,59.17,59.47,56.47,58.35,948918,117794128.00
2022/07/19,57.94,60.32,57.22,58.19,766573,96956712.00
2022/07/20,59.12,60.97,58.07,60.10,670484,85551352.00
2022/07/21,59.53,59.85,57.77,58.15,807224,101737616.00
2022/07/22,58.00,58.86,56.51,58.04,425972,52741176.00
2022/07/25,57.93,60.30,57.93,58.40,334302,42093272.00
2022/07/26,58.17,59.26,56.67,57.65,748322,92365104.00
2022/07/27,58.11,59.35,57.10,57.93,574988,71506704.00
2022/07/28,57.98,58.85,56.98,57.93,692774,85669432.00
2022/07/29,58.17,59.36,56.98,57.35,484675,60008896.00
2022/08/01,57.36,58.17,55.60,57.91,649089,79366360.00
2022/08/02,57.64,60.69,56.59,59.36,1200164,152149568.00
2022/08/03,59.09,63.10,58.46,60.59,1131968,147781184.00
2022/08/04,60.78,62.92,59.36,62.47,983224,129076848.00
2022/08/05,62.03,62.21,60.36,60.93,834442,109265112.00
2022/08/08,60.82,62.02,59.51,59.89,428218,55190224.00
2022/08/09,59.36,60.78,59.20,59.86,306685,39317368.00
2022/08/10,59.37,64.40,59.37,63.38,1049831,140432432.00
2022/08/11,63.37,64.25,61.54,63.26,781917,105537808.00
2022/08/12,63.40,64.02,59.75,59.75,902586,118132568.00
2022/08/15,58.99,62.64,58.99,61.50,979638,128728288.00
2022/08/16,61.50,62.05,60.36,61.26,532472,69774480.00
2022/08/17,61.42,62.15,58.87,59.92,1031861,131829168.00
2022/08/18,63.16,71.48,63.16,69.39,3123082,458625280.00
2022/08/19,69.34,69.81,63.78,64.35,2507555,352652896.00
2022/08/22,64.35,66.25,62.77,65.21,1478991,204866160.00
2022/08/23,65.68,66.49,64.35,65.91,922224,129482568.00
2022/08/24,65.30,66.25,63.06,64.76,1006849,139218048.00
2022/08/25,65.05,65.06,61.99,64.33,748805,102535136.00
2022/08/26,64.65,65.87,63.65,64.49,497439,68530920.00
2022/08/29,63.13,65.06,62.38,64.59,496872,67739920.00
2022/08/30,64.59,64.59,62.78,63.64,515955,70140560.00
2022/08/31,64.13,67.07,63.96,64.14,798175,111334256.00
2022/09/01,63.72,67.20,62.63,66.21,1002666,140807456.00
2022/09/02,66.70,69.37,66.02,67.31,827109,119877576.00
2022/09/05,69.22,69.22,65.57,66.21,577897,82569072.00
2022/09/06,66.01,67.92,64.86,65.50,437863,61748328.00
2022/09/07,64.83,66.02,63.70,63.92,417647,57704808.00
2022/09/08,63.33,64.91,60.31,61.42,996762,132430520.00
2022/09/09,61.06,64.03,59.45,63.18,805450,107059720.00
2022/09/13,64.59,69.34,64.59,66.86,1378470,197830144.00
2022/09/14,66.49,71.48,65.54,70.66,1730911,258168832.00
2022/09/15,69.82,71.15,66.36,69.89,1120722,163987600.00
2022/09/16,70.40,70.86,66.86,66.86,860298,125284328.00
2022/09/19,65.54,69.34,64.71,66.02,701230,100686152.00
2022/09/20,65.46,67.68,63.64,65.74,715836,99862312.00
2022/09/21,66.34,66.49,63.26,64.44,428284,58897856.00
2022/09/22,64.94,67.44,62.15,66.49,576090,80485424.00
2022/09/23,65.88,67.18,62.80,62.80,600603,82394288.00
2022/09/26,63.33,66.64,61.71,65.53,906502,126513584.00
2022/09/27,66.30,67.65,64.51,65.67,393302,55325720.00
2022/09/28,65.63,67.21,63.02,63.64,510217,70713328.00
2022/09/29,63.90,69.01,63.78,67.04,844285,121557896.00
2022/09/30,67.82,68.05,64.60,66.41,484804,68849952.00
2022/10/10,64.68,66.96,62.68,65.30,788998,109141848.00
2022/10/11,65.68,65.68,61.86,63.30,693801,93474696.00
2022/10/12,63.65,64.59,61.89,63.34,540707,73287752.00
2022/10/13,63.75,66.28,62.48,63.78,487196,66808148.00
2022/10/14,63.68,68.32,62.50,68.00,1130927,159803376.00
2022/10/17,67.44,67.44,62.68,65.54,1071902,148215136.00
2022/10/18,64.65,65.53,63.15,64.06,925091,126681448.00
2022/10/19,63.21,64.34,60.31,60.78,1497143,197428352.00
2022/10/20,59.97,61.73,58.06,60.83,1069448,138146736.00
2022/10/21,63.16,63.16,60.24,62.51,572211,76004176.00
2022/10/24,65.09,73.19,65.06,71.38,2285489,339785568.00
2022/10/25,71.39,72.99,69.62,71.86,1131944,172956000.00
2022/10/26,72.95,74.29,70.36,72.60,1197528,186579104.00
2022/10/27,73.41,75.05,70.77,72.24,900662,139795232.00
2022/10/28,70.67,75.88,70.44,70.44,1409882,220797632.00
2022/10/31,70.29,71.32,66.59,66.98,1293620,188266928.00
2022/11/01,67.51,68.21,66.25,67.30,965453,138201856.00
2022/11/02,67.43,69.19,64.62,68.42,1539719,220966128.00
2022/11/03,66.01,73.90,66.01,73.34,1173724,179319200.00
2022/11/04,74.00,76.32,73.06,74.02,780535,123793016.00
2022/11/07,73.62,74.43,71.56,71.56,769893,119704864.00
2022/11/08,71.56,73.53,70.94,73.27,456505,70507704.00
2022/11/09,72.72,73.95,71.01,72.20,439428,68039264.00
2022/11/10,72.21,74.34,70.40,71.19,510623,78599312.00
2022/11/11,73.18,73.38,69.06,69.96,831127,125284064.00
2022/11/14,69.60,71.60,68.93,71.10,814353,121730464.00
2022/11/15,70.25,74.57,69.87,74.30,702725,109532448.00
2022/11/16,74.26,76.24,73.49,73.82,564672,89963024.00
2022/11/17,74.68,77.42,72.35,76.45,779182,126233128.00
2022/11/18,77.47,79.62,74.77,75.19,514233,83800096.00
2022/11/21,75.15,77.37,74.59,75.74,415742,66897600.00
2022/11/22,75.53,76.95,73.65,73.77,275402,43844732.00
2022/11/23,73.66,74.24,71.70,73.86,405763,63040100.00
2022/11/24,73.91,76.37,73.12,75.00,386460,61638504.00
2022/11/25,75.76,75.76,72.48,73.48,387942,60842176.00
2022/11/28,71.72,73.99,71.25,73.15,375531,58159440.00
2022/11/29,72.75,73.13,70.54,72.02,475621,72838632.00
2022/11/30,72.01,73.03,70.48,70.62,386647,59082560.00
2022/12/01,71.16,74.51,71.16,72.86,397907,61938768.00
2022/12/02,72.86,74.74,70.96,72.01,397991,61436852.00
2022/12/05,72.01,73.86,70.39,73.50,407503,63191952.00
2022/12/06,73.29,73.29,69.34,70.77,746893,112851856.00
2022/12/07,70.53,71.35,69.01,70.06,529855,79207624.00
2022/12/08,69.94,72.20,69.19,71.25,387905,58785204.00
2022/12/09,71.72,72.14,68.15,68.82,974073,145051808.00
2022/12/12,68.39,69.58,67.50,67.76,726417,106254576.00
2022/12/13,67.83,68.86,66.30,68.14,476564,68748288.00
2022/12/14,66.81,69.10,66.81,68.58,304987,44446936.00
2022/12/15,68.23,68.82,67.07,67.12,279625,40486612.00
2022/12/16,66.11,70.44,66.11,70.27,456897,66984352.00
2022/12/19,70.48,70.55,66.25,66.68,632596,91255312.00
2022/12/20,66.49,69.37,66.49,67.93,572382,83145968.00
2022/12/21,67.93,67.93,64.71,66.20,800486,112963552.00
2022/12/22,66.68,67.77,63.64,63.99,591403,82158256.00
2022/12/23,63.22,66.49,63.16,65.27,517007,72352200.00
2022/12/26,65.17,69.08,65.17,67.42,486739,70418704.00
2022/12/27,67.35,70.66,67.19,69.63,538929,79460328.00
2022/12/28,69.63,72.84,69.63,71.15,377239,57530132.00
2022/12/29,70.24,72.42,69.11,72.19,513274,77756800.00
2022/12/30,72.18,73.58,70.59,72.79,656775,101725888.00
2023/01/03,72.96,74.17,71.31,73.51,625773,97200192.00
2023/01/04,74.10,74.31,70.48,72.04,709856,108666904.00
2023/01/05,71.66,73.15,70.30,71.09,721859,109904024.00
2023/01/06,70.49,71.44,69.63,70.29,562512,84438520.00
2023/01/09,69.72,71.10,68.93,69.47,808303,120252528.00
2023/01/10,68.99,71.14,68.87,69.80,714207,106378624.00
2023/01/11,70.10,71.84,68.41,68.63,908645,134654912.00
2023/01/12,68.87,71.25,67.49,69.56,719401,106905480.00
2023/01/13,69.56,73.38,68.63,73.32,801767,123230504.00
2023/01/16,73.33,76.06,72.21,74.11,674217,107043536.00
2023/01/17,74.02,76.39,73.77,75.76,331569,53424628.00
2023/01/18,76.04,78.28,75.09,77.43,471128,77406624.00
2023/01/19,77.26,77.43,75.05,76.95,520346,84628096.00
2023/01/20,76.38,78.86,76.38,77.35,493442,81661528.00
2023/01/30,77.51,82.16,76.48,80.25,854779,145445168.00
2023/01/31,79.76,81.04,78.14,79.34,505322,85408664.00
2023/02/01,78.93,80.19,77.43,79.80,539179,90457320.00
2023/02/02,79.27,81.20,78.39,80.30,404669,69366440.00
2023/02/03,80.54,84.08,78.86,82.68,682087,118941432.00
2023/02/06,81.33,86.39,81.33,84.42,800101,144075072.00
2023/02/07,84.08,84.55,80.87,81.71,435608,76466248.00
2023/02/08,82.09,82.64,80.28,81.08,344239,59433856.00
2023/02/09,80.84,82.61,79.62,81.90,284077,49247664.00
2023/02/10,80.93,82.88,80.93,82.42,197656,34567576.00
2023/02/13,81.24,82.31,79.85,80.73,708902,121749008.00
2023/02/14,81.22,81.33,78.62,80.19,664745,113063256.00
2023/02/15,80.13,81.23,78.86,80.81,499901,85058240.00
2023/02/16,80.93,82.79,79.30,79.57,445024,76429952.00
2023/02/17,79.33,79.66,77.52,78.42,585696,97996416.00
2023/02/20,77.58,78.85,76.73,77.67,669834,110922600.00
2023/02/21,77.90,79.19,77.00,78.12,565233,93798600.00
2023/02/22,76.35,81.15,76.35,79.09,490630,83146984.00
2023/02/23,78.37,81.48,78.37,79.51,541678,92100672.00
2023/02/24,80.31,80.75,76.83,77.48,521452,86686208.00
2023/02/27,77.43,79.76,76.95,77.88,891479,148767632.00
2023/02/28,77.99,80.12,77.03,78.55,656970,110173272.00
2023/03/01,77.48,80.24,77.48,79.89,537016,91015464.00
2023/03/02,79.71,81.67,77.02,79.81,663540,112502880.00
2023/03/03,79.94,80.97,78.39,79.65,401441,68264608.00
2023/03/06,79.21,86.41,77.93,85.17,1410203,251298416.00
2023/03/07,85.04,87.16,82.68,86.64,965944,175275600.00
2023/03/08,85.97,86.88,83.41,85.61,885224,159891008.00
2023/03/09,85.69,91.06,85.04,86.11,1249581,232992800.00
2023/03/10,85.68,87.08,84.59,85.97,657214,120110520.00
2023/03/13,84.90,86.47,83.56,86.30,833739,150900144.00
2023/03/14,85.95,86.23,83.53,85.04,582139,104862304.00
2023/03/15,84.80,86.69,82.67,82.95,464081,83234928.00
2023/03/16,83.12,84.03,80.80,81.70,332601,58055312.00
2023/03/17,81.23,81.56,78.85,79.09,637210,108345296.00
2023/03/20,79.81,81.18,76.32,80.73,781662,132114896.00
2023/03/21,79.88,83.65,79.37,80.29,506420,87818896.00
2023/03/22,81.67,81.67,78.93,79.29,326081,55474064.00
2023/03/23,79.56,79.56,77.81,77.95,344868,57544072.00
2023/03/24,77.90,77.91,74.96,76.96,1047038,170610272.00
2023/03/27,77.03,77.67,75.63,75.74,498126,80892936.00
2023/03/28,75.98,79.13,75.66,77.19,698793,115829768.00
2023/03/29,78.38,78.38,75.80,76.36,358414,58436184.00
2023/03/30,76.00,77.67,75.65,76.79,378378,62094408.00
2023/03/31,77.51,80.38,76.92,79.48,679505,114878200.00
2023/04/03,79.48,80.76,76.38,80.41,731877,123056512.00
2023/04/04,80.77,80.77,76.48,77.41,892025,147772816.00
2023/04/06,76.27,79.06,76.22,77.67,315188,52335552.00
2023/04/07,78.32,79.52,76.99,79.39,333992,56089436.00
2023/04/10,79.35,80.71,76.95,78.68,473706,79096872.00
2023/04/11,78.52,82.46,78.07,81.90,916081,158154736.00
2023/04/12,81.62,82.19,80.29,80.61,327602,56362996.00
2023/04/13,80.13,83.37,79.33,82.55,388954,67434272.00
2023/04/14,81.72,83.37,81.20,81.23,365535,63861176.00
2023/04/17,81.18,81.60,78.67,79.45,500574,84682552.00
2023/04/18,79.81,80.05,75.71,76.15,852741,139175664.00
2023/04/19,75.05,77.81,65.61,73.26,1664873,259468496.00
2023/04/20,74.07,75.76,72.39,73.86,956616,150474800.00
2023/04/21,74.71,74.71,70.91,71.07,915857,141698432.00
2023/04/24,71.59,72.67,70.11,71.79,536974,82194144.00
2023/04/25,72.38,75.05,70.68,74.75,652049,102948640.00
2023/04/26,72.67,76.47,70.53,71.70,967571,150910912.00
2023/04/27,72.32,75.76,71.72,75.45,607775,96681136.00
2023/04/28,74.84,76.52,72.46,73.33,790611,123854472.00
2023/05/04,71.86,75.14,71.85,72.84,478105,75085544.00
2023/05/05,73.40,73.40,69.56,71.82,698048,105323528.00
2023/05/08,71.88,73.86,69.11,70.64,967000,145289344.00
2023/05/09,71.27,71.27,69.35,70.47,461141,69153752.00
2023/05/10,69.48,71.98,69.46,69.70,834418,125554816.00
2023/05/11,70.04,72.15,69.67,71.27,691839,104834144.00
2023/05/12,70.58,73.15,70.58,72.56,470742,72536168.00
2023/05/15,71.77,75.51,71.77,74.33,721901,114031904.00
2023/05/16,74.88,76.00,74.21,75.32,472441,75737384.00
2023/05/17,73.95,77.43,73.95,77.16,392734,64051184.00
2023/05/18,77.30,79.32,76.13,77.15,549031,90615312.00
2023/05/19,77.63,77.86,76.02,76.24,393445,64311356.00
2023/05/22,76.90,77.15,75.48,77.13,428040,69662096.00
2023/05/23,77.24,78.32,76.25,77.08,322270,53296264.00
2023/05/24,77.86,81.53,76.01,79.52,876756,148769952.00
2023/05/25,78.86,81.29,78.35,80.60,479084,81569504.00
2023/05/26,79.66,80.76,78.42,79.81,443445,75559904.00
2023/05/29,79.49,81.23,76.90,78.29,661673,109923896.00
2023/05/30,78.62,79.29,77.52,77.90,372966,62327448.00
2023/05/31,77.90,79.37,73.98,76.27,858928,94908160.00
2023/06/01,76.27,77.40,75.24,76.28,740458,82562176.00
2023/06/02,75.32,77.08,74.31,75.93,558758,61914032.00
2023/06/05,75.86,76.62,73.94,75.93,522441,57772664.00
2023/06/06,74.59,80.00,74.59,77.94,926073,105692000.00
2023/06/07,80.49,80.49,76.32,76.63,528531,59626872.00
2023/06/08,76.28,77.93,74.77,75.30,646100,71447544.00
2023/06/09,74.42,76.25,74.40,74.90,321779,35408884.00
2023/06/12,74.48,76.34,73.87,75.24,718047,79135072.00
2023/06/13,75.86,76.62,73.36,74.66,994121,108486712.00
2023/06/14,75.41,76.20,73.40,74.92,556291,60851456.00
2023/06/15,74.92,75.50,73.22,74.52,908291,98752248.00
2023/06/16,73.86,76.84,72.52,73.68,888784,95857008.00
2023/06/19,73.68,73.86,71.72,72.71,1184364,125830600.00
2023/06/20,72.72,73.66,71.52,72.40,1051376,111481472.00
2023/06/21,72.43,72.43,67.92,67.93,1638446,166961872.00
2023/06/26,67.92,68.01,60.82,62.73,2762568,259364624.00
2023/06/27,62.62,63.89,56.08,57.43,5218257,447733728.00
2023/06/28,57.77,62.97,57.43,61.63,4049135,363177600.00
2023/06/29,61.99,62.00,57.84,58.69,3567175,308091360.00
2023/06/30,59.31,62.68,58.88,61.78,2073809,186140848.00
2023/07/03,61.44,64.12,60.76,63.17,1958046,180017232.00
2023/07/04,63.40,63.41,61.45,63.08,1402156,128183768.00
2023/07/05,62.19,62.83,59.92,60.30,2041900,181233072.00
2023/07/06,59.80,61.06,58.49,59.28,1667253,145145792.00
2023/07/07,59.01,59.16,57.08,57.37,956997,81078216.00
2023/07/10,57.37,59.03,56.74,58.32,1125062,96063112.00
2023/07/11,58.81,61.21,58.32,58.69,1462535,127761912.00
2023/07/12,58.72,61.30,58.01,60.12,1306028,115142360.00
2023/07/13,59.83,62.50,59.17,60.90,1188518,106406576.00
2023/07/14,60.76,62.34,60.07,62.00,778824,70101448.00
2023/07/17,61.55,62.74,60.81,62.14,674575,60985220.00
2023/07/18,62.14,63.04,60.78,62.22,649598,59020612.00
2023/07/19,62.01,62.26,60.59,61.03,656866,58807980.00
2023/07/20,60.08,63.26,59.00,61.03,712432,64345412.00
2023/07/21,60.76,64.19,60.76,63.51,768869,71102544.00
2023/07/24,63.64,64.55,61.79,63.50,1009703,93505712.00
2023/07/25,64.17,64.17,62.33,63.93,785092,72794752.00
2023/07/26,63.34,63.48,61.23,62.14,1098850,99774448.00
2023/07/27,62.44,62.44,60.99,61.10,353619,31890038.00
2023/07/28,60.76,61.72,59.43,59.92,923433,81545744.00
2023/07/31,59.77,60.01,58.01,59.65,946469,82119232.00
2023/08/01,59.64,61.66,58.77,59.26,522350,45992028.00
2023/08/02,58.83,59.81,57.86,57.91,784442,67221240.00
2023/08/03,58.00,59.45,58.00,59.14,660609,56907108.00
2023/08/04,58.69,60.54,58.17,60.06,935748,81455376.00
2023/08/07,59.38,61.15,58.12,58.64,1120525,97034880.00
2023/08/08,59.77,59.77,57.50,58.84,586137,50369776.00
2023/08/09,58.72,59.99,58.34,59.51,538457,46718720.00
2023/08/10,58.76,59.99,58.76,59.31,313431,27210196.00
2023/08/11,59.38,60.00,58.19,58.46,338581,29258780.00
2023/08/14,58.54,59.21,57.30,57.58,505590,42911096.00
2023/08/15,56.72,58.76,56.72,58.21,578741,48873928.00
2023/08/16,58.34,59.23,57.32,57.70,481028,40744956.00
2023/08/17,57.48,62.00,57.22,59.47,1417035,125108728.00
2023/08/18,59.11,60.92,59.09,60.41,697526,61485040.00
2023/08/21,59.54,61.32,58.89,59.17,809065,71107824.00
2023/08/22,59.72,63.23,58.86,62.71,979391,87502576.00
2023/08/23,62.44,62.44,58.38,58.92,876989,77541304.00
2023/08/24,58.32,61.16,58.00,60.07,522823,45885092.00
2023/08/25,59.64,62.76,59.29,61.70,863730,78292960.00
2023/08/28,63.17,66.19,62.16,62.83,909747,85370896.00
2023/08/29,62.83,66.89,62.52,65.81,1126528,107512760.00
2023/08/30,64.90,67.45,64.90,65.78,665140,64506400.00
2023/08/31,66.26,66.26,64.40,64.90,307160,29227112.00
2023/09/01,65.20,65.88,63.61,65.64,503715,47849084.00
2023/09/04,65.66,67.66,64.60,66.34,467200,45415076.00
2023/09/05,65.93,67.90,65.83,65.92,544344,53410556.00
2023/09/06,65.59,68.34,65.19,68.34,539760,53249692.00
2023/09/07,67.01,68.88,66.97,67.18,361194,35851956.00
2023/09/08,66.74,68.17,65.72,66.98,337081,33199324.00
2023/09/11,67.31,70.38,66.70,68.97,906134,91473360.00
2023/09/12,68.97,73.09,67.97,68.40,1223540,125141000.00
2023/09/13,68.34,69.72,67.10,69.26,650379,64934596.00
2023/09/14,69.68,69.68,68.88,69.31,304421,30790800.00
2023/09/15,68.26,68.34,65.94,67.34,1010158,98917848.00
2023/09/18,66.90,67.66,65.73,67.12,348962,34175348.00
2023/09/19,67.27,68.94,65.92,68.61,499850,49657968.00
2023/09/20,68.95,70.33,66.68,69.47,396530,40301028.00
2023/09/21,69.98,70.50,67.73,68.42,375822,37811944.00
2023/09/22,68.06,69.72,67.10,68.59,618397,62019696.00
2023/09/25,69.03,70.28,67.39,69.57,617322,61721300.00
2023/09/26,69.77,70.83,67.05,70.34,897785,89830304.00
2023/09/27,70.82,71.43,69.49,70.92,402450,41533432.00
2023/09/28,70.03,71.41,69.17,69.80,443554,45383084.00
2023/10/09,68.94,70.00,68.54,68.94,249371,25283116.00
2023/10/10,68.01,68.69,66.83,67.32,410200,40601680.00
2023/10/11,67.42,67.59,65.25,66.94,642544,62258888.00
2023/10/12,67.27,67.27,64.37,64.86,501873,47827752.00
2023/10/13,64.40,65.27,63.74,64.94,329503,31092010.00
2023/10/16,65.48,65.88,63.72,63.98,365784,34415712.00
2023/10/17,63.72,64.79,63.15,64.21,310699,29118468.00
2023/10/18,64.89,64.89,62.61,62.87,422647,39071356.00
2023/10/19,62.90,64.69,62.33,64.14,516933,48428336.00
2023/10/20,64.13,64.13,61.79,61.97,365979,33474360.00
2023/10/23,61.38,62.97,61.38,61.79,339380,31022128.00
2023/10/24,61.50,63.17,60.83,62.56,341193,31017532.00
2023/10/25,61.92,63.97,61.92,63.30,401675,37277376.00
2023/10/26,66.07,71.33,62.91,64.48,1430825,136852848.00
2023/10/27,64.55,68.69,64.21,67.68,949563,93243328.00
2023/10/30,67.63,69.34,66.97,68.55,663657,66463680.00
2023/10/31,67.72,69.61,67.72,69.38,368771,37304848.00
2023/11/01,69.17,69.64,67.69,68.64,347564,34761376.00
2023/11/02,68.64,69.72,67.02,67.02,342712,34113984.00
2023/11/03,67.71,70.26,66.74,69.94,694401,70365088.00
2023/11/06,69.86,72.14,69.74,71.86,932751,97605408.00
2023/11/07,71.94,75.51,71.01,74.06,1047354,113202448.00
2023/11/08,74.00,75.50,73.39,73.94,535151,58021544.00
2023/11/09,73.94,76.62,73.39,76.30,557354,61523608.00
2023/11/10,76.30,78.64,74.71,78.33,659632,74117648.00
2023/11/13,78.33,83.25,76.64,78.46,852941,99535024.00
2023/11/14,77.98,79.37,74.55,75.31,1316870,145983568.00
2023/11/15,75.41,76.28,73.64,74.42,1010065,109778152.00
2023/11/16,72.77,74.42,72.72,73.38,528948,56824708.00
2023/11/17,73.38,73.81,72.48,72.89,407024,43406948.00
2023/11/20,72.86,74.30,71.54,73.21,655835,69812544.00
2023/11/21,72.49,74.97,71.71,74.16,859274,92545752.00
2023/11/22,74.35,77.38,73.85,76.52,703286,78147840.00
2023/11/23,76.45,77.96,74.50,77.66,522643,58213936.00
2023/11/24,76.10,77.59,75.43,75.94,340327,37857008.00
2023/11/27,75.87,78.68,75.08,78.10,437200,49436880.00
2023/11/28,78.16,78.75,77.31,77.45,363719,41457720.00
2023/11/29,77.42,78.43,76.97,78.14,344215,39198412.00
2023/11/30,78.14,78.14,75.83,76.70,695297,77724976.00
2023/12/01,76.01,78.10,75.68,77.24,431772,48736572.00
2023/12/04,77.24,79.99,77.14,79.11,494100,56910896.00
2023/12/05,78.55,79.03,77.07,77.99,298292,33993736.00
2023/12/06,77.08,78.32,75.46,75.83,514755,57519612.00
2023/12/07,76.23,77.16,74.55,76.68,448777,49837408.00
2023/12/08,76.37,77.23,75.03,77.02,529413,59019516.00
2023/12/11,76.48,81.26,75.25,79.10,773200,88152432.00
2023/12/12,79.10,80.54,77.32,80.31,485315,56477824.00
2023/12/13,80.06,82.14,78.86,81.09,570010,67585480.00
2023/12/14,81.71,82.14,79.46,80.67,462304,54576172.00
2023/12/15,79.78,83.24,79.70,81.72,687240,81960152.00
2023/12/18,81.16,82.48,79.49,81.57,506099,60238640.00
2023/12/19,81.45,82.20,80.12,81.38,664648,79043984.00
2023/12/20,81.98,82.83,78.46,79.24,721047,83920400.00
2023/12/21,79.90,79.90,75.76,76.97,963050,108771152.00
2023/12/22,76.47,79.02,76.19,78.37,622148,70815856.00
2023/12/25,80.58,80.60,77.37,79.51,665842,76951840.00
2023/12/26,79.62,81.83,78.52,81.37,834478,97773776.00
2023/12/27,81.31,81.31,79.38,80.37,671356,78438856.00
2023/12/28,80.68,83.51,79.59,83.17,1201166,143647360.00
2023/12/29,82.28,86.21,82.28,86.21,1220356,151247776.00
2024/01/02,86.14,86.14,81.12,82.96,1308087,158246784.00
2024/01/03,83.31,83.31,79.79,81.16,1028092,121618744.00
2024/01/04,81.17,81.19,78.14,78.87,929407,107551392.00
2024/01/05,78.74,79.38,76.86,77.39,544005,62172720.00
2024/01/08,77.66,78.67,76.39,76.68,673612,75875072.00
2024/01/09,78.12,79.15,75.30,78.41,668032,75832696.00
2024/01/10,78.30,79.37,75.71,78.78,642615,72972264.00
2024/01/11,78.55,79.61,76.68,77.01,676718,76966728.00
2024/01/12,76.79,77.74,75.06,75.39,514686,57004368.00
2024/01/15,74.48,78.17,74.37,77.26,749899,84356480.00
2024/01/16,76.83,78.68,76.53,78.27,419353,47637804.00
2024/01/17,78.24,78.77,76.73,76.73,377935,42960408.00
2024/01/18,77.34,78.78,74.97,78.15,732604,82156280.00
2024/01/19,77.19,78.55,75.59,76.10,425851,47787984.00
2024/01/22,75.57,76.66,72.16,73.17,953271,103439344.00
2024/01/23,73.19,74.06,70.80,72.52,987733,104413168.00
2024/01/24,71.83,73.71,69.91,71.30,892458,93329088.00
2024/01/25,69.88,71.17,69.06,69.34,1304216,133454224.00
2024/01/26,69.34,71.10,67.73,69.93,990519,101520528.00
2024/01/29,71.10,72.05,68.12,68.12,565997,57488876.00
2024/01/30,67.21,70.58,67.20,68.69,672151,67977072.00
2024/01/31,68.69,70.62,68.14,69.26,834857,84915280.00
2024/02/01,69.26,74.14,68.28,71.59,1049169,109869968.00
2024/02/02,71.10,74.54,70.27,73.32,831008,87566592.00
2024/02/05,72.03,77.23,71.81,74.92,902714,97813768.00
2024/02/06,74.92,82.69,72.97,82.07,979442,113768312.00
2024/02/07,84.07,85.41,77.88,82.83,1525831,182277456.00
2024/02/08,84.90,85.66,78.42,79.63,1367981,165913136.00
2024/02/19,80.36,80.36,74.99,77.14,1307471,146959648.00
2024/02/20,77.26,78.41,74.40,75.98,936855,103811280.00
2024/02/21,76.29,78.69,76.29,77.11,827689,93662624.00
2024/02/22,75.94,77.66,74.14,75.10,1111509,122252688.00
2024/02/23,75.68,75.81,72.14,74.26,1132670,121702752.00
2024/02/26,73.21,78.32,73.21,77.17,1207661,135938816.00
2024/02/27,77.38,77.99,75.23,76.61,1047164,116692720.00
2024/02/28,77.21,77.21,71.86,71.86,1313822,142678160.00
2024/02/29,72.10,75.90,71.70,75.59,1051742,113756704.00
2024/03/01,75.75,76.07,73.18,74.08,978233,105897760.00
2024/03/04,73.39,74.48,71.03,73.92,1564433,166015888.00
2024/03/05,72.71,75.64,72.71,75.39,987939,107615944.00
2024/03/06,75.59,77.53,74.55,77.03,840441,93858096.00
2024/03/07,77.09,78.93,75.25,75.28,1033598,116428080.00
2024/03/08,75.17,82.75,74.88,82.54,1895753,220504512.00
2024/03/11,81.81,82.62,79.81,81.70,1182997,140815360.00
2024/03/12,81.40,82.72,79.38,81.81,962943,114118944.00
2024/03/13,81.51,82.60,81.11,81.24,819337,97992712.00
2024/03/14,81.78,82.50,80.21,81.21,516781,61259816.00
2024/03/15,80.98,82.00,80.19,81.10,726368,86193680.00
2024/03/18,80.51,82.00,78.83,79.89,739779,86000536.00
2024/03/19,80.03,80.55,78.72,78.83,861430,99918168.00
2024/03/20,78.83,79.83,77.31,78.77,827219,94774000.00
2024/03/21,78.36,79.14,75.26,76.26,1426155,158918736.00
2024/03/22,75.92,76.29,74.58,75.85,527010,58123700.00
2024/03/25,74.57,79.34,74.57,77.70,856920,97258016.00
2024/03/26,77.92,80.21,77.11,78.85,919773,106193760.00
2024/03/27,78.85,79.85,77.30,77.53,735166,84365376.00
2024/03/28,77.50,79.30,76.07,76.83,589889,66861504.00
2024/03/29,76.30,77.76,75.31,76.61,615250,68488592.00
2024/04/01,77.17,77.17,74.23,75.10,847937,93285344.00
2024/04/02,74.74,75.79,72.40,75.62,991133,107238352.00
2024/04/03,75.24,77.30,74.68,75.41,559949,62076960.00
2024/04/08,73.97,76.48,73.97,74.54,624218,68751424.00
2024/04/09,73.49,74.99,72.94,74.33,580934,62729408.00
2024/04/10,75.51,75.72,73.17,73.46,576307,62476872.00
2024/04/11,73.74,75.58,72.84,74.38,663686,72349248.00
2024/04/12,74.38,75.92,73.37,75.03,610087,67117864.00
2024/04/15,74.50,76.48,74.28,75.57,644920,71134536.00
2024/04/16,74.97,76.62,74.76,75.19,766341,84673408.00
2024/04/17,75.67,76.66,73.52,73.94,988348,108077768.00
2024/04/18,74.47,76.61,73.25,74.45,925315,101363552.00
2024/04/19,74.07,74.97,73.78,74.42,531353,57791928.00
2024/04/22,71.79,74.87,67.70,71.72,1913757,202679648.00
2024/04/23,70.81,72.49,70.09,71.86,1103590,115229968.00
2024/04/24,72.24,73.85,71.10,73.39,655531,69840000.00
2024/04/25,73.79,73.90,72.65,73.17,459218,49190680.00
2024/04/26,72.57,74.90,72.23,73.53,703779,75249392.00
2024/04/29,73.52,80.20,73.52,80.19,1499699,171813344.00
2024/04/30,81.79,84.19,80.41,81.05,2014482,241597616.00
2024/05/06,81.79,89.38,81.52,86.57,2387681,298561952.00
2024/05/07,86.48,86.48,82.49,83.92,2235326,274173408.00
2024/05/08,82.83,84.41,81.39,83.51,1748861,210943504.00
2024/05/09,83.38,86.89,82.82,84.71,1512918,188016544.00
2024/05/10,85.07,85.50,82.19,82.81,1664387,202941120.00
2024/05/13,82.61,82.80,80.32,81.30,1749439,207666592.00
2024/05/14,81.21,82.34,80.29,81.63,1178450,140349472.00
2024/05/15,80.81,81.56,78.39,79.46,1396254,162200720.00
2024/05/16,78.78,79.82,77.86,78.06,1184812,136521120.00
2024/05/17,78.04,78.61,76.71,78.34,845059,96055384.00
2024/05/20,78.29,79.03,76.54,77.75,1252695,142265344.00
2024/05/21,77.54,78.74,75.59,77.20,1213339,136776816.00
2024/05/22,76.62,77.56,75.73,76.39,868354,97100112.00
2024/05/23,75.93,76.77,74.72,75.19,894290,98566240.00
2024/05/24,75.12,75.50,71.72,72.03,1308554,140032192.00
2024/05/27,71.52,72.29,69.39,71.28,1487139,153991120.00
2024/05/28,71.10,71.93,69.45,70.34,1413097,145583824.00
2024/05/29,70.34,70.97,68.48,68.94,885630,89757928.00
2024/05/30,68.29,70.41,67.66,68.14,792616,79088768.00
2024/05/31,67.94,68.39,64.62,64.74,1365341,132041216.00
2024/06/03,64.68,64.90,62.62,63.41,1515498,140907056.00
2024/06/04,62.55,63.69,61.90,62.48,1990149,182930320.00
2024/06/05,62.76,64.76,62.01,63.42,1700434,158448864.00
2024/06/06,63.69,64.68,60.85,61.30,1615110,147169920.00
2024/06/07,61.57,61.85,59.06,59.86,1203980,106182912.00
2024/06/11,60.14,63.51,59.46,62.82,2041955,186485808.00
2024/06/12,63.17,65.00,62.21,63.17,1743973,162923136.00
2024/06/13,63.30,63.30,61.41,61.90,1671506,151785456.00
2024/06/14,62.10,63.11,61.29,61.53,1695680,154328112.00
2024/06/17,61.88,62.15,61.12,61.23,946015,85376720.00
2024/06/18,61.23,62.28,60.68,61.00,765208,68867392.00
2024/06/19,60.58,61.61,58.28,58.48,2002940,174406784.00
2024/06/20,58.84,59.23,57.74,58.00,1153603,98842448.00
2024/06/21,57.77,58.52,56.97,57.59,1299046,109739208.00
2024/06/24,56.91,58.19,55.93,56.28,1545289,128581736.00
2024/06/25,55.95,57.56,55.63,56.47,1356085,112141720.00
2024/06/26,56.06,56.86,54.93,56.06,1510080,123662256.00
2024/06/27,55.96,55.98,53.25,54.23,1947264,155008624.00
2024/06/28,53.91,55.24,51.79,52.06,1964638,153242368.00
2024/07/01,52.17,53.41,51.79,52.41,1951576,150247264.00
2024/07/02,52.48,52.48,49.92,50.21,2718258,201552816.00
2024/07/03,50.21,50.21,48.28,48.62,2059949,148476448.00
2024/07/04,48.73,49.07,47.52,47.99,2116074,150054864.00
2024/07/05,48.27,48.27,46.54,47.23,1524026,105501624.00
2024/07/08,46.98,47.30,44.57,44.90,2901588,195036384.00
2024/07/09,44.90,45.50,43.39,45.00,2353809,154055984.00
2024/07/10,45.01,46.69,44.21,45.72,2133676,143708112.00
2024/07/11,46.06,47.88,46.06,46.72,1981990,136765888.00
2024/07/12,48.00,48.12,45.35,45.50,1735446,118450832.00
2024/07/15,45.82,45.82,43.60,43.77,1515287,98877696.00
2024/07/16,44.20,44.32,43.01,43.32,1626432,104423712.00
2024/07/17,43.32,44.05,42.45,43.79,1639124,104820328.00
2024/07/18,43.86,44.59,42.84,44.19,2068099,133208456.00
2024/07/19,44.20,44.80,43.23,44.05,1327024,85934760.00
2024/07/22,43.39,44.16,42.61,42.95,2311913,99473832.00
2024/07/23,42.98,42.98,39.82,39.83,2573915,105255776.00
2024/07/24,39.68,41.35,39.30,40.99,4309709,173843104.00
2024/07/25,41.11,43.88,40.54,42.39,3822978,162820896.00
2024/07/26,42.08,44.12,42.08,43.21,2053744,89152128.00
2024/07/29,43.31,43.31,41.53,41.75,2105711,88252736.00
2024/07/30,41.74,41.74,40.50,40.99,1458974,59740380.00
2024/07/31,40.99,44.80,40.17,44.40,3778121,162850864.00
2024/08/01,44.65,45.15,42.57,42.68,2500283,108778528.00
2024/08/02,42.24,44.38,42.11,43.84,2955769,129261800.00
2024/08/05,43.24,45.39,41.81,41.92,3423033,147589440.00
2024/08/06,42.53,43.20,41.41,42.37,2119199,89469904.00
2024/08/07,42.38,42.87,41.01,41.36,2510590,104374424.00
2024/08/08,41.56,43.19,40.82,42.00,2256543,94793840.00
2024/08/09,42.05,42.37,39.90,39.91,2734553,111053968.00
2024/08/12,40.20,40.26,38.91,39.68,1987341,78889024.00
2024/08/13,39.41,39.85,38.82,39.21,1631919,63933776.00
2024/08/14,39.23,39.40,37.55,37.75,2285968,87111648.00
2024/08/15,37.95,38.59,36.84,37.15,2209044,82908184.00
2024/08/16,37.08,37.44,35.92,36.31,2599838,94768632.00
2024/08/19,36.27,37.10,35.62,35.86,2372443,85568848.00
2024/08/20,35.93,35.97,33.70,34.23,3557525,122106480.00
2024/08/21,34.20,34.29,33.64,33.78,2396116,81260336.00
2024/08/22,33.80,34.38,32.68,32.87,2663097,88284088.00
2024/08/23,33.00,33.47,32.20,32.41,1617417,52795336.00
2024/08/26,32.40,32.88,31.84,32.50,1694005,54770924.00
2024/08/27,32.22,32.65,31.67,32.08,1554254,49805140.00
2024/08/28,31.00,32.80,31.00,32.02,3476626,111388848.00
2024/08/29,31.98,32.02,30.55,30.66,4361567,135833616.00
2024/08/30,30.66,32.08,30.16,31.17,4637132,145041216.00
2024/09/02,31.28,31.28,29.44,29.55,3531326,105878968.00
2024/09/03,29.56,30.49,29.24,29.93,3270382,98076848.00
2024/09/04,30.02,30.69,29.46,30.14,2606882,78590264.00
2024/09/05,30.29,30.97,29.76,30.09,2311789,70216312.00
2024/09/06,29.96,30.22,28.00,28.15,3727831,107157128.00
2024/09/09,28.00,28.24,27.66,28.02,2819384,78812112.00
2024/09/10,28.00,28.53,27.56,28.18,2357230,66136444.00
2024/09/11,28.03,29.43,27.83,29.28,3273534,94627648.00
2024/09/12,29.16,30.18,28.50,28.58,2393560,69741768.00
2024/09/13,28.72,28.75,27.38,27.47,2526861,70304088.00
2024/09/18,27.25,28.00,27.19,27.80,1783040,49183240.00
2024/09/19,27.82,28.76,27.36,28.01,2383015,66987456.00
2024/09/20,28.26,28.28,26.76,27.12,2519907,68368912.00
2024/09/23,27.11,27.54,26.52,26.60,1899539,51182580.00
2024/09/24,26.73,29.29,26.64,29.28,4800941,135529152.00
2024/09/25,30.15,30.69,28.22,28.50,6526010,189766160.00
2024/09/26,28.38,31.28,28.22,31.26,6761324,202160944.00
2024/09/27,32.27,33.50,31.40,33.50,5049858,163505264.00
2024/09/30,36.00,40.10,33.80,39.70,12784716,470447584.00
2024/10/08,47.64,47.64,40.68,47.10,14082195,624600832.00
2024/10/09,42.00,44.20,39.01,40.00,11356788,475705088.00
2024/10/10,40.46,41.20,35.91,36.28,11945424,450486496.00
2024/10/11,36.00,36.14,32.69,33.32,7826415,266717856.00
2024/10/14,33.14,34.24,31.70,34.11,7218623,238526800.00
2024/10/15,34.05,34.84,32.90,32.90,7619227,257264496.00
2024/10/16,32.48,36.56,32.34,34.96,10263290,358192768.00
2024/10/17,35.00,35.98,34.42,34.55,5555648,194338912.00
2024/10/18,34.55,37.55,34.01,36.22,8644191,311494272.00
2024/10/21,36.85,37.09,35.01,36.71,7538269,271655552.00
2024/10/22,36.96,37.54,35.75,37.50,6299100,231021760.00
2024/10/23,37.71,37.89,36.50,36.75,5241377,194561248.00
2024/10/24,38.00,39.83,36.91,36.99,10829936,415453984.00
2024/10/25,37.12,39.90,36.80,38.83,11603970,445753536.00
2024/10/28,39.48,39.66,37.75,38.28,10996345,419705024.00
2024/10/29,37.00,37.96,36.00,36.20,9180877,337073536.00
2024/10/30,36.00,36.00,34.56,35.02,4762171,166927184.00
2024/10/31,34.99,35.16,34.20,34.67,4620365,160553328.00
2024/11/01,34.41,35.35,33.40,33.60,4901765,168091200.00
2024/11/04,33.42,34.36,33.00,33.84,3247230,109575464.00
2024/11/05,33.86,36.76,33.39,36.25,6524177,230854192.00
2024/11/06,36.00,36.59,34.98,35.60,7315014,260915456.00
2024/11/07,35.18,36.88,34.90,36.61,5277714,191187648.00
2024/11/08,36.80,37.44,35.91,36.00,5607631,205665216.00
2024/11/11,36.00,37.92,35.81,37.84,7099431,264883296.00
2024/11/12,39.00,40.55,38.00,38.86,10391948,407888512.00
2024/11/13,38.40,38.80,36.78,37.35,6081368,228484304.00
2024/11/14,37.34,37.35,35.18,35.42,4735643,172040272.00
2024/11/15,35.24,35.67,33.76,33.79,4349789,150614960.00
2024/11/18,33.65,34.87,33.32,33.85,4208066,143034576.00
2024/11/19,33.88,34.65,33.59,34.63,2806424,95797704.00
2024/11/20,34.66,35.28,34.13,35.15,3812968,132059792.00
2024/11/21,34.96,35.51,34.65,34.91,3150321,110403280.00
2024/11/22,34.91,36.14,34.33,34.40,4926476,173418672.00
数据来源:通达信
