605081 太和水 日线 前复权
      日期	    开盘	    最高	    最低	    收盘	    成交量	    成交额
2021/02/09,35.14,42.31,35.14,39.39,6793090,407624992.00
2021/02/10,35.39,37.10,35.39,35.39,1450903,76304240.00
2021/02/18,31.78,34.13,31.78,32.37,5588819,268618368.00
2021/02/19,31.62,33.28,31.40,32.76,3860227,183840032.00
2021/02/22,32.41,32.72,31.84,32.18,3250485,155173472.00
2021/02/23,32.00,32.13,30.97,31.01,3270454,152129776.00
2021/02/24,30.81,31.30,30.69,31.03,1899142,87265616.00
2021/02/25,31.26,31.68,30.94,31.09,1849197,85545224.00
2021/02/26,31.01,31.93,30.78,31.66,2191792,102151496.00
2021/03/01,31.73,31.97,31.38,31.69,1769982,82927584.00
2021/03/02,31.61,32.26,31.41,32.20,2316833,109264096.00
2021/03/03,31.93,31.99,31.52,31.78,1924662,90449392.00
2021/03/04,31.61,32.07,31.42,31.42,1511951,70876096.00
2021/03/05,31.19,31.45,31.06,31.37,1092402,50642200.00
2021/03/08,31.41,32.17,31.39,32.13,2517445,119009752.00
2021/03/09,32.12,32.12,30.00,30.59,2275119,104559696.00
2021/03/10,30.59,30.86,29.99,30.18,1214626,54626640.00
2021/03/11,30.32,30.88,29.99,30.57,982928,44441836.00
2021/03/12,30.36,31.62,30.36,31.18,1624935,74784768.00
2021/03/15,30.84,31.10,30.41,30.68,1018188,46335976.00
2021/03/16,31.01,31.57,30.70,31.38,1686054,78013280.00
2021/03/17,31.17,31.59,30.83,31.43,1369543,63398988.00
2021/03/18,31.50,31.62,31.12,31.47,1272853,59175312.00
2021/03/19,31.35,32.55,31.06,31.79,2655375,125598040.00
2021/03/22,31.83,34.52,31.46,33.66,4822316,236614592.00
2021/03/23,33.12,37.01,32.59,34.24,4792292,240776688.00
2021/03/24,33.43,35.31,33.17,35.03,4002139,204732576.00
2021/03/25,35.07,36.15,33.10,33.10,3656668,186506384.00
2021/03/26,32.94,35.13,32.67,34.74,3476097,175802480.00
2021/03/29,34.34,36.28,34.03,35.79,4115022,214069408.00
2021/03/30,35.10,35.14,33.84,34.48,2890466,147049136.00
2021/03/31,34.00,35.30,33.52,34.08,2420328,123847280.00
2021/04/01,33.65,34.61,32.88,33.19,2273462,112471688.00
2021/04/02,33.12,35.42,32.92,34.97,3715556,189484896.00
2021/04/06,33.46,34.66,33.00,34.14,3401734,170317152.00
2021/04/07,34.30,37.62,33.79,37.62,3695353,197560592.00
2021/04/08,39.31,40.26,35.73,36.00,6598297,366085536.00
2021/04/09,34.73,35.66,34.37,34.61,3416271,176036064.00
2021/04/12,35.54,36.83,34.48,34.86,2932634,153011552.00
2021/04/13,34.28,36.81,33.43,36.03,4226930,221382768.00
2021/04/14,35.39,35.94,34.70,35.51,2846800,148693920.00
2021/04/15,35.17,36.49,34.55,36.12,3436696,182151136.00
2021/04/16,35.86,36.34,34.95,35.29,2680300,140512544.00
2021/04/19,34.73,34.99,33.91,34.60,2259624,115536408.00
2021/04/20,34.48,34.92,33.88,33.98,2160933,109817488.00
2021/04/21,33.89,34.55,32.83,32.89,2195017,108673672.00
2021/04/22,33.06,33.14,32.49,33.11,1323304,64259852.00
2021/04/23,33.01,33.34,31.63,31.79,2105885,100877456.00
2021/04/26,31.75,31.80,31.03,31.39,1181983,54965556.00
2021/04/27,30.72,31.23,30.05,30.54,1560357,70611280.00
2021/04/28,30.53,30.88,30.28,30.68,799029,36245056.00
2021/04/29,30.81,30.93,30.37,30.48,778586,35314884.00
2021/04/30,30.48,30.60,29.18,29.45,1488489,65653368.00
2021/05/06,29.03,29.85,29.01,29.66,716968,31436922.00
2021/05/07,29.59,29.88,29.47,29.66,627200,27635088.00
2021/05/10,29.38,30.15,29.37,29.79,647300,28652368.00
2021/05/11,29.76,29.86,29.53,29.72,638130,28084206.00
2021/05/12,29.63,30.03,29.21,29.97,890813,39220224.00
2021/05/13,29.78,29.89,29.34,29.46,602330,26520518.00
2021/05/14,29.48,30.90,29.43,30.37,1139694,51235728.00
2021/05/17,30.44,30.45,29.85,30.04,797130,35470436.00
2021/05/18,29.92,29.94,29.69,29.78,552500,24404776.00
2021/05/19,29.92,30.45,29.78,30.10,833121,37271600.00
2021/05/20,29.79,29.90,29.21,29.54,671521,29407538.00
2021/05/21,29.63,29.63,29.25,29.46,469200,20443246.00
2021/05/24,29.42,29.53,29.28,29.46,365007,15934518.00
2021/05/25,29.48,29.64,29.26,29.52,492207,21514606.00
2021/05/26,29.48,29.91,29.32,29.78,597021,26263880.00
2021/05/27,29.78,30.34,29.68,30.06,653200,29170432.00
2021/05/28,30.03,30.26,29.64,29.72,578000,25644734.00
2021/05/31,29.66,30.03,29.40,29.87,673429,29629850.00
2021/06/01,29.87,30.15,29.69,30.06,576500,25668462.00
2021/06/02,30.12,30.70,29.97,30.55,1148599,51715328.00
2021/06/03,30.55,31.11,30.27,30.81,1338654,60997636.00
2021/06/04,30.77,31.78,30.34,30.59,1309107,60177584.00
2021/06/07,30.22,30.34,29.72,29.77,907007,40216276.00
2021/06/08,29.77,29.92,29.55,29.62,506521,22296616.00
2021/06/09,29.63,29.74,29.52,29.65,456110,20056346.00
2021/06/10,29.66,29.92,29.45,29.51,521989,22884950.00
2021/06/11,29.53,29.88,29.34,29.61,516600,22681378.00
2021/06/15,29.61,29.83,28.86,28.91,694599,30169776.00
2021/06/16,28.94,28.94,26.59,27.11,1335287,54600504.00
2021/06/17,27.03,27.24,26.83,26.88,620423,24874752.00
2021/06/18,26.83,27.04,26.30,26.48,661638,26057404.00
2021/06/21,26.43,26.83,26.22,26.62,748517,29555942.00
2021/06/22,26.62,27.45,26.54,27.08,627713,25179866.00
2021/06/23,27.09,27.28,26.87,26.97,469813,18881316.00
2021/06/24,26.97,27.12,26.59,26.66,538516,21372002.00
2021/06/25,26.74,26.74,26.47,26.67,308703,12212138.00
2021/06/28,26.64,27.03,26.63,26.82,400503,15990691.00
2021/06/29,26.82,26.97,26.73,26.74,315300,12569385.00
2021/06/30,26.66,26.81,26.48,26.54,432300,17136680.00
2021/07/01,26.55,26.97,26.50,26.53,451546,17974436.00
2021/07/02,26.48,26.60,25.45,25.52,816968,31399802.00
2021/07/05,25.52,25.70,25.47,25.66,364068,13848904.00
2021/07/06,25.55,25.79,25.41,25.66,376891,14351031.00
2021/07/07,25.57,26.19,25.54,26.18,579335,22408646.00
2021/07/08,26.04,26.21,25.77,25.80,392446,15123811.00
2021/07/09,25.72,26.59,25.66,26.30,579700,22665920.00
2021/07/12,26.31,26.31,25.86,26.03,582100,22526066.00
2021/07/13,26.06,26.20,25.83,26.14,437300,16947556.00
2021/07/14,26.12,26.21,25.90,25.94,361700,13985634.00
2021/07/15,25.94,26.00,25.39,25.41,518000,19688828.00
2021/07/16,25.39,25.70,25.37,25.68,375867,14259473.00
2021/07/19,25.54,25.62,24.85,24.92,529203,19783062.00
2021/07/20,24.66,24.75,24.28,24.41,536903,19580440.00
2021/07/21,24.41,24.77,24.40,24.59,430122,15763923.00
2021/07/22,24.54,24.54,24.13,24.19,630800,22807980.00
2021/07/23,24.17,24.27,23.37,23.38,859400,30343040.00
2021/07/26,23.37,23.37,22.68,22.84,651857,22357636.00
2021/07/27,22.76,23.27,22.76,22.85,604200,20761736.00
2021/07/28,22.86,24.55,22.33,23.75,1149300,40346480.00
2021/07/29,23.74,23.90,23.40,23.62,678300,23896960.00
2021/07/30,23.34,23.73,23.12,23.66,390603,13640254.00
2021/08/02,23.66,24.12,23.47,24.06,542605,19401614.00
2021/08/03,24.06,24.16,23.90,23.97,399100,14284087.00
2021/08/04,23.93,23.93,23.52,23.60,580600,20508120.00
2021/08/05,23.57,23.63,23.34,23.41,308000,10788834.00
2021/08/06,23.45,23.45,22.87,22.99,529600,18244812.00
2021/08/09,23.10,23.66,23.01,23.53,567100,19810444.00
2021/08/10,23.48,23.97,23.46,23.78,509000,17968352.00
2021/08/11,23.72,24.06,23.62,23.99,495200,17638242.00
2021/08/12,23.87,24.43,23.79,23.97,476800,17085232.00
2021/08/13,23.96,24.03,23.69,23.74,397700,14135606.00
2021/08/16,23.72,24.59,23.69,24.28,742800,26815182.00
2021/08/17,24.37,24.74,23.98,23.99,707605,25636878.00
2021/08/18,23.97,24.11,23.79,24.06,543700,19408296.00
2021/08/19,23.88,24.24,23.87,24.03,493300,17701296.00
2021/08/20,24.03,24.03,23.46,23.64,426379,15064998.00
2021/08/23,23.45,24.21,23.45,24.09,471600,16861214.00
2021/08/24,24.12,24.46,24.02,24.39,592217,21477644.00
2021/08/25,24.37,24.80,24.15,24.52,668517,24476310.00
2021/08/26,23.45,23.72,23.03,23.23,1162883,40384604.00
2021/08/27,23.03,23.19,22.63,22.79,534100,18235064.00
2021/08/30,22.79,22.98,22.66,22.67,389900,13269735.00
2021/08/31,22.94,24.04,22.83,23.39,945258,33257564.00
2021/09/01,23.21,23.32,22.78,23.03,698999,24020038.00
2021/09/02,23.09,23.61,22.94,23.26,430999,14944856.00
2021/09/03,23.29,23.43,23.13,23.30,409345,14217858.00
2021/09/06,23.30,23.52,23.21,23.34,425438,14825854.00
2021/09/07,23.52,23.64,23.37,23.62,461700,16189797.00
2021/09/08,23.59,23.73,23.47,23.72,448739,15812655.00
2021/09/09,23.68,23.99,23.61,23.90,524600,18643356.00
2021/09/10,23.91,23.97,23.48,23.59,446200,15736181.00
2021/09/13,23.86,24.39,23.81,24.01,592299,21248704.00
2021/09/14,23.86,24.14,23.58,23.58,476200,16899432.00
2021/09/15,23.52,23.79,23.18,23.62,345200,12123881.00
2021/09/16,23.66,24.02,23.52,23.59,436600,15504493.00
2021/09/17,23.59,23.77,23.14,23.28,347100,12093181.00
2021/09/22,23.28,24.38,22.92,23.85,452900,15997179.00
2021/09/23,23.73,24.81,23.73,24.66,1238198,45055900.00
2021/09/24,24.69,24.81,24.19,24.35,807900,29531798.00
2021/09/27,24.41,24.69,23.72,23.83,576499,20715304.00
2021/09/28,23.85,24.38,23.52,23.95,351439,12532228.00
2021/09/29,23.95,23.95,23.11,23.11,477900,16670764.00
2021/09/30,23.11,23.61,23.10,23.23,246500,8563669.00
2021/10/08,23.68,24.18,23.49,23.68,364613,12936353.00
2021/10/11,23.66,23.66,23.32,23.58,294600,10320468.00
2021/10/12,23.37,23.66,23.12,23.26,242742,8455883.00
2021/10/13,23.19,23.41,23.12,23.40,267100,9266512.00
2021/10/14,23.33,23.43,23.19,23.39,170400,5929929.00
2021/10/15,23.39,23.43,22.94,22.98,275400,9516428.00
2021/10/18,22.99,23.10,22.66,23.04,160600,5488604.00
2021/10/19,22.84,23.28,22.84,23.03,157300,5410308.00
2021/10/20,22.91,23.14,22.70,22.79,219000,7476154.00
2021/10/21,22.79,22.79,22.66,22.66,245700,8326744.00
2021/10/22,22.67,22.85,22.42,22.45,288100,9716474.00
2021/10/25,22.37,22.48,22.30,22.37,202700,6770545.00
2021/10/26,22.07,22.12,21.62,21.70,561600,18272776.00
2021/10/27,21.72,21.72,20.76,20.95,548639,17312668.00
2021/10/28,20.83,20.94,20.28,20.32,398600,12253175.00
2021/10/29,20.37,20.59,20.32,20.54,253846,7792832.00
2021/11/01,20.54,20.79,20.37,20.70,228646,7063648.00
2021/11/02,20.70,20.76,20.29,20.34,243800,7484774.00
2021/11/03,20.31,20.62,20.26,20.46,148900,4568499.00
2021/11/04,20.52,20.67,20.41,20.54,280700,8646908.00
2021/11/05,20.68,21.03,20.55,20.70,325205,10109802.00
2021/11/08,21.02,21.55,20.83,21.27,524300,16723026.00
2021/11/09,21.28,21.43,20.79,21.21,326700,10298968.00
2021/11/10,21.20,21.36,20.96,21.32,287800,9099438.00
2021/11/11,21.13,22.61,21.13,21.90,738746,24198228.00
2021/11/12,21.66,21.88,21.30,21.69,409846,13212322.00
2021/11/15,21.63,22.03,21.59,21.99,416900,13644990.00
2021/11/16,21.98,22.04,21.43,21.46,641700,20822844.00
2021/11/17,21.62,21.63,21.46,21.61,272800,8800485.00
2021/11/18,21.52,21.60,21.25,21.26,324300,10384798.00
2021/11/19,21.24,21.50,21.13,21.41,263007,8399234.00
2021/11/22,21.39,21.49,21.30,21.37,211200,6752024.00
2021/11/23,21.39,21.64,21.27,21.52,265900,8537223.00
2021/11/24,21.52,22.03,21.52,21.95,632700,20673316.00
2021/11/25,22.08,22.41,22.02,22.23,874000,29046796.00
2021/11/26,22.34,22.34,21.72,22.01,589600,19441698.00
2021/11/29,21.72,21.93,21.63,21.68,460300,14968416.00
2021/11/30,21.71,21.94,21.66,21.77,289200,9443438.00
2021/12/01,21.77,22.21,21.53,22.19,449400,14791570.00
2021/12/02,22.20,22.31,21.90,22.00,363800,12022361.00
2021/12/03,22.00,22.17,21.85,22.01,269500,8860290.00
2021/12/06,22.10,22.19,21.41,21.44,370700,12020301.00
2021/12/07,21.55,21.64,21.24,21.48,255700,8197244.00
2021/12/08,21.45,21.58,21.38,21.45,182400,5856319.00
2021/12/09,21.45,21.64,21.31,21.52,298500,9594218.00
2021/12/10,21.48,21.67,21.47,21.60,200600,6478082.00
2021/12/13,21.59,23.83,21.59,23.83,2144718,74472408.00
2021/12/14,23.70,23.70,23.10,23.13,2541231,88467736.00
2021/12/15,23.07,23.37,22.92,23.00,973600,33571648.00
2021/12/16,22.94,23.26,22.94,23.09,777500,26804468.00
2021/12/17,23.03,23.32,22.68,23.18,907200,31235676.00
2021/12/20,23.20,23.50,22.90,23.43,1017444,35319616.00
2021/12/21,23.41,23.86,23.23,23.86,1340946,47243784.00
2021/12/22,24.02,24.12,23.16,23.23,1045418,36650364.00
2021/12/23,23.19,23.33,22.79,22.83,560146,19253916.00
2021/12/24,22.76,22.97,22.50,22.94,513646,17390156.00
2021/12/27,22.93,23.17,22.57,23.17,430300,14738992.00
2021/12/28,23.17,23.23,22.90,22.97,235900,8097999.00
2021/12/29,22.97,23.09,22.87,22.94,228800,7840999.00
2021/12/30,22.90,23.16,22.77,23.14,350900,12062512.00
2021/12/31,22.99,23.36,22.99,23.13,339300,11731609.00
2022/01/04,23.11,23.64,23.03,23.47,464520,16230225.00
2022/01/05,23.45,23.69,23.21,23.69,636446,22277312.00
2022/01/06,23.70,24.08,23.54,23.76,761900,27023116.00
2022/01/07,23.76,23.85,23.28,23.32,552100,19344536.00
2022/01/10,23.24,23.50,23.11,23.48,387500,13527673.00
2022/01/11,23.49,23.71,23.11,23.12,450400,15756497.00
2022/01/12,23.12,24.32,23.10,24.18,1573392,56285592.00
2022/01/13,24.05,24.18,23.76,23.79,729100,26040526.00
2022/01/14,23.79,23.97,23.03,23.03,912000,31856120.00
2022/01/17,23.06,23.74,23.06,23.47,503900,17613928.00
2022/01/18,23.69,23.69,23.11,23.23,515600,17887068.00
2022/01/19,23.20,23.66,22.97,23.45,398100,13857308.00
2022/01/20,23.65,23.65,22.55,22.59,563000,19330840.00
2022/01/21,22.76,22.96,22.03,22.36,343900,11475871.00
2022/01/24,22.36,22.59,21.87,21.94,236407,7801963.00
2022/01/25,21.94,22.02,20.57,20.85,490400,15595646.00
2022/01/26,20.70,21.11,20.70,20.90,205200,6435517.00
2022/01/27,20.83,20.93,20.18,20.29,342300,10487766.00
2022/01/28,20.41,20.87,20.26,20.62,226700,6978380.00
2022/02/07,20.76,21.38,20.76,20.97,235100,7418939.00
2022/02/08,21.07,21.47,20.93,21.43,301503,9624248.00
2022/02/09,20.69,21.77,20.62,21.00,2499107,78463656.00
2022/02/10,21.30,21.66,20.73,20.80,1950505,61439352.00
2022/02/11,20.68,20.68,20.18,20.19,1406500,42905100.00
2022/02/14,20.01,20.11,19.31,19.97,1422775,42313604.00
2022/02/15,20.00,20.00,19.46,19.57,1090236,32204680.00
2022/02/16,19.69,19.84,19.69,19.81,889275,26385376.00
2022/02/17,19.81,20.40,19.80,20.06,1636900,49520720.00
2022/02/18,19.81,20.30,19.74,20.17,841200,25253334.00
2022/02/21,20.12,20.28,20.01,20.21,871305,26359954.00
2022/02/22,20.06,20.14,19.80,19.90,660000,19744228.00
2022/02/23,20.00,20.21,19.87,20.16,673100,20272072.00
2022/02/24,20.01,20.19,19.39,19.52,980600,29109360.00
2022/02/25,19.61,19.97,19.61,19.69,523000,15541487.00
2022/02/28,19.70,19.76,19.33,19.63,496680,14548027.00
2022/03/01,19.63,19.90,19.63,19.86,461100,13674739.00
2022/03/02,19.66,20.12,19.66,20.08,487105,14590670.00
2022/03/03,20.12,20.23,20.00,20.03,357700,10758605.00
2022/03/04,19.99,20.10,19.79,19.86,490000,14644060.00
2022/03/07,19.72,19.86,19.37,19.44,752787,22064084.00
2022/03/08,19.39,19.48,18.88,18.92,743800,21423664.00
2022/03/09,18.97,19.06,18.02,18.53,716300,20032930.00
2022/03/10,18.83,19.21,18.72,18.75,453500,12914241.00
2022/03/11,18.68,18.89,18.19,18.89,462900,12889508.00
2022/03/14,18.64,18.77,18.39,18.43,358700,10022486.00
2022/03/15,18.39,18.41,17.55,17.55,533560,14490376.00
2022/03/16,17.68,17.92,17.32,17.79,801400,21351110.00
2022/03/17,17.86,18.23,17.79,17.85,820305,22189416.00
2022/03/18,17.79,18.10,17.70,18.03,693005,18737800.00
2022/03/21,18.09,18.52,17.94,18.48,856103,23466184.00
2022/03/22,18.29,18.49,18.15,18.38,623800,17199428.00
2022/03/23,18.52,18.58,18.34,18.44,406000,11254555.00
2022/03/24,18.41,18.41,18.07,18.14,397200,10846323.00
2022/03/25,18.08,18.32,18.08,18.11,376600,10320869.00
2022/03/28,18.27,18.27,17.60,17.91,593000,15921182.00
2022/03/29,18.14,18.14,17.60,17.63,629900,16822586.00
2022/03/30,17.79,17.81,17.53,17.70,1000800,26598806.00
2022/03/31,17.68,18.42,17.60,18.12,1312900,35567096.00
2022/04/01,17.93,18.07,17.73,17.92,577800,15533859.00
2022/04/06,17.86,18.37,17.82,18.31,644204,17644758.00
2022/04/07,18.26,18.30,17.81,17.85,577300,15636466.00
2022/04/08,17.84,17.90,17.52,17.79,414800,11059363.00
2022/04/11,17.59,17.79,17.31,17.37,388500,10260684.00
2022/04/12,17.29,17.60,17.12,17.58,410000,10715257.00
2022/04/13,17.43,17.43,17.20,17.33,406400,10603680.00
2022/04/14,17.38,17.51,17.24,17.38,297300,7809544.00
2022/04/15,17.37,17.37,16.81,16.83,566000,14526926.00
2022/04/18,16.83,17.08,16.54,16.97,445300,11274604.00
2022/04/19,16.94,17.14,16.83,16.97,346800,8878699.00
2022/04/20,16.95,17.30,16.95,17.07,521000,13478105.00
2022/04/21,17.06,17.37,16.64,16.71,633200,16247299.00
2022/04/22,16.63,16.80,16.43,16.48,641700,16068181.00
2022/04/25,16.40,16.40,15.19,15.19,887103,21397408.00
2022/04/26,15.69,16.61,15.64,15.64,1722600,41744640.00
2022/04/27,15.59,16.05,15.38,15.97,796700,18883190.00
2022/04/28,15.86,16.00,15.34,15.44,580800,13754374.00
2022/04/29,15.68,16.23,15.56,16.00,818900,19730660.00
2022/05/05,16.08,16.32,15.81,16.23,629300,15352193.00
2022/05/06,15.93,16.26,15.86,16.06,421500,10219220.00
2022/05/09,16.14,16.53,16.01,16.41,539860,13355798.00
2022/05/10,16.36,16.57,16.26,16.55,551800,13749098.00
2022/05/11,16.61,17.10,16.58,16.65,837300,21318732.00
2022/05/12,16.65,16.90,16.47,16.81,566500,14303871.00
2022/05/13,16.81,16.97,16.69,16.82,318000,8069885.00
2022/05/16,16.82,16.97,16.57,16.63,400400,10107161.00
2022/05/17,16.62,16.69,16.37,16.57,311900,7779011.00
2022/05/18,16.72,16.90,16.49,16.77,443800,11243542.00
2022/05/19,16.63,16.86,16.50,16.86,504100,12741908.00
2022/05/20,16.85,17.03,16.79,17.01,449400,11503633.00
2022/05/23,17.01,17.16,16.90,17.04,433500,11140457.00
2022/05/24,17.04,17.06,16.23,16.24,628900,15792657.00
2022/05/25,16.15,16.66,16.15,16.62,343346,8563901.00
2022/05/26,17.21,17.34,16.82,16.97,640111,16434409.00
2022/05/27,16.97,17.23,16.86,17.20,520300,13412696.00
2022/05/30,17.24,17.77,17.03,17.72,870170,22898000.00
2022/05/31,17.72,17.80,17.29,17.70,823844,21790828.00
2022/06/01,17.50,17.82,17.42,17.69,797424,14064133.00
2022/06/02,17.56,17.56,17.18,17.45,1032910,17905466.00
2022/06/06,17.56,17.58,17.31,17.45,846870,14788465.00
2022/06/07,17.49,17.51,17.16,17.25,847620,14664166.00
2022/06/08,17.24,17.39,16.87,17.13,866036,14825404.00
2022/06/09,17.09,17.13,16.73,16.79,769070,12987376.00
2022/06/10,16.78,16.93,16.66,16.83,874600,14698400.00
2022/06/13,16.75,16.87,16.60,16.82,766609,12817103.00
2022/06/14,16.70,16.78,16.46,16.75,662810,11007597.00
2022/06/15,16.80,16.97,16.75,16.80,867575,14634929.00
2022/06/16,17.08,17.08,16.82,16.89,725305,12292846.00
2022/06/17,16.87,16.92,16.55,16.77,581930,9728386.00
2022/06/20,16.81,17.33,16.66,17.18,1094145,18713324.00
2022/06/21,17.17,17.31,17.07,17.20,576305,9907140.00
2022/06/22,17.19,17.29,17.01,17.07,838126,14368786.00
2022/06/23,17.17,17.17,16.88,17.17,450548,7691914.00
2022/06/24,17.16,17.24,17.09,17.18,605947,10401088.00
2022/06/27,17.18,17.29,17.10,17.15,691615,11876527.00
2022/06/28,17.21,17.26,17.09,17.25,1102261,18925080.00
2022/06/29,17.30,17.30,17.04,17.05,818095,14036247.00
2022/06/30,17.10,17.25,17.10,17.12,583240,10015790.00
2022/07/01,17.16,17.46,17.11,17.34,981251,16982124.00
2022/07/04,17.33,17.40,17.17,17.24,609451,10518474.00
2022/07/05,17.21,17.31,17.00,17.13,720680,12349902.00
2022/07/06,17.05,17.12,16.78,16.90,703495,11906646.00
2022/07/07,16.89,17.07,16.89,16.91,503200,8544182.00
2022/07/08,16.91,17.16,16.90,17.02,732710,12510702.00
2022/07/11,17.13,17.16,16.92,16.96,546785,9305501.00
2022/07/12,16.90,17.03,16.60,16.66,681990,11448080.00
2022/07/13,16.80,17.04,16.60,17.02,840109,14195306.00
2022/07/14,17.01,17.08,16.88,16.99,603325,10250357.00
2022/07/15,16.99,17.07,16.57,16.58,867130,14517631.00
2022/07/18,16.60,17.45,16.60,17.24,2163115,37223844.00
2022/07/19,17.30,17.36,17.16,17.35,1214476,20988944.00
2022/07/20,17.35,17.43,17.21,17.32,747690,12907561.00
2022/07/21,17.56,17.56,17.21,17.30,969805,16810132.00
2022/07/22,17.31,17.68,17.14,17.36,1767765,30792940.00
2022/07/25,17.47,17.75,17.22,17.66,1610730,28335396.00
2022/07/26,17.66,18.05,17.24,18.00,1372395,24078704.00
2022/07/27,17.88,17.95,17.66,17.77,1175470,20941144.00
2022/07/28,17.85,17.86,17.58,17.66,1293720,22891304.00
2022/07/29,17.71,17.71,17.39,17.57,734325,12880365.00
2022/08/01,17.55,17.55,17.34,17.41,750985,13080520.00
2022/08/02,17.35,17.35,16.01,16.54,1775195,29692132.00
2022/08/03,16.75,17.28,16.64,16.70,983650,16666816.00
2022/08/04,16.72,16.98,16.65,16.85,589135,9895550.00
2022/08/05,16.86,16.97,16.72,16.93,552380,9296449.00
2022/08/08,16.90,16.94,16.78,16.89,944155,15907162.00
2022/08/09,16.89,17.09,16.78,17.04,1584210,26883786.00
2022/08/10,17.04,17.88,16.88,17.65,3407706,59552776.00
2022/08/11,17.75,17.90,17.52,17.63,2004360,35501600.00
2022/08/12,17.85,17.87,17.56,17.78,1766285,31321240.00
2022/08/15,17.79,17.79,17.48,17.66,1107305,19494168.00
2022/08/16,17.68,17.76,17.61,17.76,1102965,19532428.00
2022/08/17,17.76,17.92,17.74,17.87,1602920,28585876.00
2022/08/18,17.90,18.27,17.83,18.14,1665545,30144812.00
2022/08/19,18.10,18.36,18.01,18.12,1744820,31770364.00
2022/08/22,18.03,18.30,18.03,18.26,1074545,19577616.00
2022/08/23,18.18,18.37,18.08,18.12,1022790,18613304.00
2022/08/24,18.09,18.44,17.84,17.89,1182215,21385108.00
2022/08/25,17.82,18.39,17.70,18.08,1586140,28627470.00
2022/08/26,18.00,18.27,17.84,18.02,1045530,18905982.00
2022/08/29,17.90,18.08,17.60,17.99,547455,9812777.00
2022/08/30,18.00,18.28,17.90,18.23,1201505,21787308.00
2022/08/31,18.14,18.19,17.50,17.72,1198890,21306370.00
2022/09/01,17.74,18.00,17.68,17.75,824065,14699840.00
2022/09/02,17.74,17.92,17.60,17.81,724305,12893102.00
2022/09/05,17.86,18.23,17.76,18.23,1113038,20150082.00
2022/09/06,18.24,18.43,18.14,18.38,1297175,23775402.00
2022/09/07,18.35,19.61,18.23,18.85,2921805,55032640.00
2022/09/08,18.81,19.18,18.60,18.88,2114234,39803976.00
2022/09/09,18.90,18.95,18.26,18.41,1599600,29512764.00
2022/09/13,18.37,18.51,18.25,18.30,1021520,18741540.00
2022/09/14,18.02,18.56,17.93,18.53,1427114,26137378.00
2022/09/15,18.59,18.72,18.35,18.55,1094214,20257116.00
2022/09/16,18.60,18.73,18.11,18.14,926280,17030932.00
2022/09/19,18.14,18.50,17.71,18.06,1869325,33879920.00
2022/09/20,18.06,18.20,17.61,17.90,603975,10863758.00
2022/09/21,17.90,18.76,17.00,18.62,1572350,28564624.00
2022/09/22,18.50,18.83,18.43,18.70,1205151,22492852.00
2022/09/23,18.70,18.70,17.92,17.93,1192540,21775624.00
2022/09/26,17.81,18.05,17.46,17.66,667577,11809536.00
2022/09/27,17.59,18.07,17.59,18.07,539397,9639050.00
2022/09/28,17.93,18.18,17.78,17.78,498495,8972984.00
2022/09/29,17.80,18.09,17.46,17.73,1045769,18487420.00
2022/09/30,17.65,17.85,17.56,17.78,488030,8649191.00
2022/10/10,18.00,18.10,17.68,17.71,594477,10639762.00
2022/10/11,17.66,18.05,17.37,18.05,1152135,20494704.00
2022/10/12,17.72,17.82,17.17,17.65,1350513,23665356.00
2022/10/13,19.25,19.42,17.89,18.05,8022752,148546128.00
2022/10/14,17.51,17.98,17.51,17.82,4041950,71695312.00
2022/10/17,17.79,17.80,17.52,17.66,2583229,45581624.00
2022/10/18,17.78,17.78,17.37,17.39,2272085,39855532.00
2022/10/19,17.40,17.44,16.82,16.88,2276640,38705328.00
2022/10/20,16.76,16.94,16.60,16.68,1240785,20781426.00
2022/10/21,16.76,16.86,16.63,16.68,1062439,17802982.00
2022/10/24,16.72,16.82,16.20,16.23,1181628,19571124.00
2022/10/25,16.13,16.33,15.56,16.32,1242289,20008748.00
2022/10/26,16.32,16.63,16.27,16.53,1108854,18272428.00
2022/10/27,16.60,16.74,16.44,16.49,659375,10911487.00
2022/10/28,16.42,16.45,16.02,16.10,921670,14956886.00
2022/10/31,15.96,16.23,15.80,16.07,679182,10883994.00
2022/11/01,16.00,16.24,16.00,16.22,1005115,16201262.00
2022/11/02,16.18,16.33,16.13,16.30,989480,16072093.00
2022/11/03,16.18,16.36,16.13,16.30,538420,8745650.00
2022/11/04,16.32,16.64,16.31,16.58,1010275,16726999.00
2022/11/07,16.60,16.70,16.50,16.66,943090,15661950.00
2022/11/08,16.67,16.69,16.51,16.65,811735,13498101.00
2022/11/09,16.73,16.77,16.61,16.64,696830,11619296.00
2022/11/10,16.58,16.71,16.50,16.59,511365,8493338.00
2022/11/11,16.91,16.93,16.60,16.60,958611,16063372.00
2022/11/14,16.65,16.82,16.58,16.67,754339,12583958.00
2022/11/15,16.73,16.90,16.73,16.89,828600,13961862.00
2022/11/16,16.88,17.09,16.82,16.98,807479,13698675.00
2022/11/17,16.92,17.09,16.81,17.08,764810,13025963.00
2022/11/18,17.08,17.15,16.96,17.06,761685,12986487.00
2022/11/21,16.92,17.06,16.91,16.94,565696,9586234.00
2022/11/22,16.99,17.08,16.73,16.82,815360,13784554.00
2022/11/23,16.78,16.78,16.46,16.62,1015208,16876840.00
2022/11/24,16.78,16.84,16.66,16.75,809194,13546018.00
2022/11/25,16.75,16.76,16.59,16.65,642505,10708351.00
2022/11/28,16.64,16.66,16.37,16.51,519850,8594342.00
2022/11/29,16.51,16.85,16.43,16.83,951800,15904136.00
2022/11/30,16.82,16.86,16.73,16.77,525264,8819437.00
2022/12/01,16.87,16.94,16.78,16.86,761240,12840738.00
2022/12/02,16.82,17.03,16.80,16.99,825744,13995490.00
2022/12/05,17.01,17.14,16.97,17.08,753280,12841089.00
2022/12/06,17.01,17.14,17.01,17.04,673536,11492112.00
2022/12/07,17.01,17.10,16.90,16.93,677469,11516731.00
2022/12/08,17.03,17.03,16.86,16.91,604395,10209860.00
2022/12/09,16.88,17.04,16.78,17.03,899521,15188797.00
2022/12/12,16.91,16.99,16.72,16.80,934915,15738944.00
2022/12/13,16.71,16.75,16.58,16.69,1163781,19372010.00
2022/12/14,16.67,16.70,16.58,16.63,447521,7448293.00
2022/12/15,16.60,16.70,16.50,16.62,453830,7546248.00
2022/12/16,16.54,16.64,16.43,16.48,571539,9442894.00
2022/12/19,16.51,16.55,16.00,16.05,867330,14007211.00
2022/12/20,16.01,16.14,15.86,16.08,510310,8167007.00
2022/12/21,16.01,16.15,15.75,15.77,640426,10171158.00
2022/12/22,15.79,15.99,15.61,15.70,532616,8415766.00
2022/12/23,15.68,15.78,15.47,15.61,610785,9525122.00
2022/12/26,15.56,15.91,15.56,15.84,411390,6481244.00
2022/12/27,15.84,15.93,15.76,15.80,338870,5361216.00
2022/12/28,15.93,15.93,15.62,15.70,412140,6470268.00
2022/12/29,15.73,15.73,15.52,15.52,380685,5935475.00
2022/12/30,15.52,15.93,15.52,15.93,676099,10636927.00
2023/01/03,15.82,16.02,15.75,15.96,678109,10782032.00
2023/01/04,15.93,16.10,15.93,16.04,473926,7596022.00
2023/01/05,16.04,16.08,15.96,16.03,411211,6581743.00
2023/01/06,16.03,16.07,15.90,16.06,392110,6282195.00
2023/01/09,16.06,16.10,15.99,16.06,334320,5362683.00
2023/01/10,16.06,16.11,15.91,15.96,331090,5298610.00
2023/01/11,16.03,16.04,15.80,15.84,286885,4566928.00
2023/01/12,15.90,15.90,15.78,15.80,402340,6369926.00
2023/01/13,15.88,15.95,15.77,15.86,498225,7888108.00
2023/01/16,15.86,16.08,15.80,16.03,448490,7164664.00
2023/01/17,16.02,16.06,15.92,15.96,275030,4392904.00
2023/01/18,15.96,16.07,15.95,16.05,371838,5956196.00
2023/01/19,16.05,16.17,16.05,16.10,410535,6608861.00
2023/01/20,16.13,16.21,16.06,16.20,540790,8735953.00
2023/01/30,16.29,16.39,16.18,16.20,2274633,36941848.00
2023/01/31,15.96,16.20,15.89,16.07,1899455,30434832.00
2023/02/01,16.06,16.35,16.02,16.29,1513600,24467532.00
2023/02/02,16.35,16.40,16.26,16.36,1311030,21410388.00
2023/02/03,16.39,16.45,16.24,16.40,1097900,17946336.00
2023/02/06,16.44,16.63,16.35,16.59,1182720,19538456.00
2023/02/07,16.58,16.68,16.48,16.63,1377982,22851138.00
2023/02/08,16.51,16.89,16.51,16.66,1616870,27093152.00
2023/02/09,16.61,16.84,16.60,16.79,1177803,19741212.00
2023/02/10,16.81,16.97,16.71,16.91,1332355,22471380.00
2023/02/13,16.98,16.99,16.82,16.97,1071380,18110724.00
2023/02/14,16.99,17.05,16.87,16.89,715725,12104522.00
2023/02/15,16.90,16.93,16.70,16.75,1023910,17175504.00
2023/02/16,16.77,16.85,16.37,16.44,1375079,22874828.00
2023/02/17,16.44,16.63,16.40,16.46,1021675,16881336.00
2023/02/20,16.48,16.60,16.40,16.59,796605,13144900.00
2023/02/21,16.58,16.72,16.51,16.69,830984,13818799.00
2023/02/22,16.70,16.72,16.55,16.67,513990,8543990.00
2023/02/23,16.65,16.71,16.57,16.64,571120,9510902.00
2023/02/24,16.63,16.75,16.60,16.66,479405,7989790.00
2023/02/27,16.68,16.74,16.41,16.48,696780,11525881.00
2023/02/28,16.57,16.75,16.46,16.73,637730,10597950.00
2023/03/01,16.76,16.79,16.65,16.73,745285,12463566.00
2023/03/02,16.75,16.78,16.69,16.74,634870,10624895.00
2023/03/03,16.77,16.79,16.67,16.78,555435,9300436.00
2023/03/06,16.81,16.81,16.72,16.74,493910,8275312.00
2023/03/07,16.77,16.79,16.58,16.66,923791,15426898.00
2023/03/08,16.65,17.93,16.58,17.34,4199221,72572248.00
2023/03/09,17.29,18.06,17.05,18.00,6376259,111866096.00
2023/03/10,17.69,17.96,17.51,17.77,3381519,59855864.00
2023/03/13,17.77,18.28,17.56,18.00,3236875,58017288.00
2023/03/14,17.99,17.99,17.26,17.36,2545345,44628192.00
2023/03/15,17.47,17.57,17.27,17.36,1259120,21898826.00
2023/03/16,17.47,17.65,17.07,17.44,2034310,35421044.00
2023/03/17,17.54,17.54,17.27,17.36,1068460,18557980.00
2023/03/20,17.30,17.49,17.10,17.39,961284,16630178.00
2023/03/21,17.43,17.80,17.39,17.73,1663615,29396628.00
2023/03/22,17.74,17.82,17.53,17.75,1143190,20214776.00
2023/03/23,17.85,17.85,17.60,17.67,895855,15821910.00
2023/03/24,17.75,18.15,17.43,18.06,2695749,48164464.00
2023/03/27,18.06,18.24,17.95,18.13,1653162,29910260.00
2023/03/28,18.16,18.33,17.75,17.75,2261825,40698668.00
2023/03/29,17.88,18.12,17.51,18.10,2734682,48925432.00
2023/03/30,18.00,18.27,17.90,18.25,3558324,64529552.00
2023/03/31,18.14,18.95,18.14,18.85,4676774,87246408.00
2023/04/03,18.86,19.20,18.61,18.78,3872344,73184192.00
2023/04/04,18.75,18.99,18.61,18.85,2234577,42107352.00
2023/04/06,20.00,20.48,19.00,19.09,7092145,138654944.00
2023/04/07,19.15,19.95,18.97,19.60,5925690,116290576.00
2023/04/10,19.50,20.65,19.22,20.63,7850025,158129584.00
2023/04/11,20.40,21.58,20.24,21.39,9163149,193582800.00
2023/04/12,21.35,21.97,20.23,20.52,9446119,197308032.00
2023/04/13,20.10,20.47,19.54,20.14,6567044,131664272.00
2023/04/14,20.14,20.14,19.17,19.30,5459574,106322072.00
2023/04/17,19.38,19.52,19.02,19.27,2908344,56033592.00
2023/04/18,19.14,19.71,18.98,19.17,2853486,55144392.00
2023/04/19,19.06,19.47,18.98,19.20,2950880,56485776.00
2023/04/20,19.21,19.27,17.89,17.91,4208180,76942368.00
2023/04/21,17.91,18.21,17.20,17.24,3115845,55009776.00
2023/04/24,17.11,17.48,16.66,16.88,3221249,54699608.00
2023/04/25,16.81,17.22,16.11,16.41,3651467,60004292.00
2023/04/26,16.36,16.47,15.95,16.20,4048615,65472384.00
2023/04/27,16.02,16.72,16.02,16.42,2844214,46507728.00
2023/04/28,16.42,16.52,16.15,16.50,1989920,32489752.00
2023/05/04,16.40,16.74,16.39,16.69,1950420,32258164.00
2023/05/05,16.67,16.68,16.36,16.64,1431305,23635178.00
2023/05/08,16.62,16.75,16.50,16.68,1304995,21699976.00
2023/05/09,16.67,16.68,16.20,16.40,1279440,21032044.00
2023/05/10,16.30,16.86,16.30,16.61,1565390,25979708.00
2023/05/11,16.63,17.21,16.63,17.03,2156250,36696584.00
2023/05/12,16.93,17.18,16.90,16.98,1009070,17164572.00
2023/05/15,16.90,16.98,16.68,16.90,818665,13777872.00
2023/05/16,16.90,17.06,16.73,16.86,729110,12301027.00
2023/05/17,16.86,17.48,16.80,17.45,1731245,29853410.00
2023/05/18,17.58,17.58,17.10,17.42,1291725,22311106.00
2023/05/19,17.11,17.28,15.90,16.49,3591690,58918152.00
2023/05/22,16.45,16.64,16.24,16.53,1950995,32109940.00
2023/05/23,16.45,16.67,16.39,16.43,1187565,19632996.00
2023/05/24,16.46,16.63,16.35,16.54,980685,16210447.00
2023/05/25,16.56,16.60,16.30,16.53,918134,15090075.00
2023/05/26,16.58,16.98,16.44,16.62,1136820,18888136.00
2023/05/29,16.51,16.72,16.35,16.38,1082005,17870102.00
2023/05/30,16.34,16.52,16.21,16.32,1076180,17582774.00
2023/05/31,16.23,16.43,16.23,16.28,817630,13355876.00
2023/06/01,16.28,16.33,16.08,16.14,1308370,21162860.00
2023/06/02,16.21,16.36,16.10,16.27,1235675,20045258.00
2023/06/05,16.23,16.37,16.19,16.36,1224785,19945980.00
2023/06/06,16.35,16.37,15.91,15.95,1528850,24619040.00
2023/06/07,15.90,16.06,15.76,15.97,796870,12692228.00
2023/06/08,15.86,16.08,15.86,16.00,853595,13657307.00
2023/06/09,16.02,16.06,15.82,15.85,1193700,18965932.00
2023/06/12,15.85,15.89,15.40,15.63,2284255,35522216.00
2023/06/13,15.63,15.75,15.56,15.66,903515,14137404.00
2023/06/14,15.65,15.65,15.44,15.55,1254180,19474324.00
2023/06/15,15.53,15.56,15.36,15.44,1552845,23975720.00
2023/06/16,15.44,15.76,15.41,15.47,1891850,29440816.00
2023/06/19,15.55,15.84,15.43,15.66,2779305,43441196.00
2023/06/20,15.61,15.64,14.51,14.68,6407290,95497160.00
2023/06/21,14.60,15.04,14.53,14.75,3098540,45713888.00
2023/06/26,14.50,14.52,14.01,14.12,3307170,47051124.00
2023/06/27,14.13,14.47,14.10,14.37,3370245,48382788.00
2023/06/28,14.38,14.39,14.08,14.28,1667405,23742244.00
2023/06/29,14.27,14.70,14.23,14.65,1703400,24822056.00
2023/06/30,14.69,14.92,14.69,14.89,1388485,20567676.00
2023/07/03,15.06,15.22,14.90,15.11,1986705,29909616.00
2023/07/04,15.12,15.27,15.05,15.10,827675,12521036.00
2023/07/05,15.15,15.21,14.90,15.04,885990,13382773.00
2023/07/06,15.08,15.09,14.94,15.06,756435,11370876.00
2023/07/07,15.05,15.06,14.88,14.93,982910,14738093.00
2023/07/10,14.93,15.15,14.87,14.94,1215564,18165248.00
2023/07/11,14.99,15.33,14.89,15.27,1702879,25699728.00
2023/07/12,15.14,15.35,14.93,15.03,3173159,48099676.00
2023/07/13,13.97,14.50,13.53,13.55,10343534,141714656.00
2023/07/14,13.33,13.43,13.14,13.29,6490959,86091984.00
2023/07/17,13.17,13.47,12.93,13.41,5385733,71442128.00
2023/07/18,13.30,13.61,13.27,13.52,3371573,45351836.00
2023/07/19,13.47,14.22,13.47,14.05,5797604,80678448.00
2023/07/20,14.01,14.05,13.59,13.63,2666510,36711444.00
2023/07/21,13.57,13.82,13.50,13.69,1630315,22318296.00
2023/07/24,13.76,13.91,13.64,13.77,1574265,21630744.00
2023/07/25,13.87,14.28,13.78,14.26,2515125,35327016.00
2023/07/26,14.26,14.51,14.16,14.45,1898530,27388994.00
2023/07/27,14.50,14.57,14.31,14.37,1930320,27870170.00
2023/07/28,14.50,14.55,14.12,14.19,1676780,23831026.00
2023/07/31,14.12,14.29,14.12,14.26,1870045,26555952.00
2023/08/01,14.15,14.28,14.14,14.24,1463055,20786514.00
2023/08/02,14.16,14.30,14.09,14.17,1269540,18009644.00
2023/08/03,14.22,14.22,13.99,14.02,1177050,16535423.00
2023/08/04,14.05,14.13,13.85,13.86,1505670,21059034.00
2023/08/07,13.88,13.92,13.75,13.85,984650,13622115.00
2023/08/08,13.81,13.93,13.75,13.76,1122095,15521017.00
2023/08/09,13.75,13.85,13.58,13.61,964675,13212420.00
2023/08/10,13.65,13.82,13.57,13.81,928250,12726088.00
2023/08/11,13.85,13.90,13.57,13.58,1227875,16866620.00
2023/08/14,13.59,13.77,13.46,13.68,1503490,20420432.00
2023/08/15,13.69,13.74,13.56,13.73,1132270,15472149.00
2023/08/16,13.68,13.73,13.56,13.57,998925,13617472.00
2023/08/17,13.57,13.82,13.36,13.77,1768525,24116156.00
2023/08/18,13.78,14.39,13.77,14.15,3391840,47957592.00
2023/08/21,14.18,15.57,14.16,15.57,13890546,210711248.00
2023/08/22,15.70,16.46,14.84,16.06,22143350,343072032.00
2023/08/23,15.32,16.07,15.20,15.76,14670242,229786128.00
2023/08/24,15.35,17.30,14.70,16.58,20412145,323808224.00
2023/08/25,15.96,17.40,15.75,16.31,19812050,330979232.00
2023/08/28,16.44,17.30,15.50,17.02,17788437,294852096.00
2023/08/29,16.50,16.68,15.82,16.34,12874067,208840048.00
2023/08/30,15.98,16.17,15.26,15.29,10274710,160179392.00
2023/08/31,15.20,15.64,14.79,15.56,8398133,127953088.00
2023/09/01,15.45,15.47,14.89,14.91,5874587,88227952.00
2023/09/04,14.87,15.35,14.76,15.13,4930766,74460640.00
2023/09/05,15.13,15.65,14.93,15.62,6809166,104099568.00
2023/09/06,15.46,15.54,15.19,15.25,5275800,80766256.00
2023/09/07,15.12,15.16,14.49,14.50,5164890,76687808.00
2023/09/08,14.43,14.58,14.09,14.20,4041040,57534696.00
2023/09/11,14.27,14.34,14.05,14.28,2567075,36502428.00
2023/09/12,14.30,14.37,14.16,14.27,2127180,30375034.00
2023/09/13,14.27,14.74,14.11,14.65,4959540,72002032.00
2023/09/14,14.55,14.58,14.21,14.31,2931200,42046008.00
2023/09/15,14.44,14.46,14.12,14.15,2486670,35431192.00
2023/09/18,14.11,14.50,13.87,14.40,3109145,44496184.00
2023/09/19,14.38,14.48,14.15,14.20,1591570,22750588.00
2023/09/20,14.20,14.36,14.02,14.02,1369665,19406556.00
2023/09/21,14.04,14.18,13.84,13.84,1832555,25629044.00
2023/09/22,13.84,14.13,13.80,14.11,1753950,24521896.00
2023/09/25,14.11,14.17,13.85,14.08,1659070,23296692.00
2023/09/26,14.10,14.28,13.92,14.13,1998535,28230460.00
2023/09/27,14.08,14.26,14.01,14.09,1441305,20409178.00
2023/09/28,14.17,14.37,14.12,14.37,1916632,27335458.00
2023/10/09,14.36,14.40,13.99,14.11,2406550,34069656.00
2023/10/10,14.09,14.19,13.77,13.83,2249450,31361268.00
2023/10/11,13.83,13.94,13.76,13.92,1519535,21052252.00
2023/10/12,13.96,13.98,13.60,13.76,2150935,29591556.00
2023/10/13,13.70,13.76,13.48,13.54,1974885,26802672.00
2023/10/16,13.54,13.57,13.35,13.37,1614020,21646034.00
2023/10/17,13.40,13.42,13.25,13.34,1448840,19268856.00
2023/10/18,13.34,13.36,12.93,12.98,1616005,21121372.00
2023/10/19,12.96,13.27,12.88,13.13,1931110,25389716.00
2023/10/20,13.07,13.22,13.01,13.01,1044910,13687832.00
2023/10/23,13.02,13.07,12.58,12.66,1632770,20835896.00
2023/10/24,12.65,13.25,12.65,13.19,2037650,26617996.00
2023/10/25,13.23,13.68,13.23,13.64,2549755,34560076.00
2023/10/26,13.56,13.66,13.36,13.61,1811942,24470208.00
2023/10/27,13.61,13.72,13.55,13.69,1483700,20237096.00
2023/10/30,13.55,13.90,13.49,13.87,1693070,23339232.00
2023/10/31,13.85,13.94,13.76,13.85,1407935,19462920.00
2023/11/01,13.87,13.98,13.78,13.98,1080285,15038372.00
2023/11/02,13.98,14.01,13.79,13.82,1157715,16065093.00
2023/11/03,13.82,14.14,13.78,13.95,1560105,21892772.00
2023/11/06,14.08,14.18,14.00,14.12,1489320,20973874.00
2023/11/07,14.09,14.10,13.94,13.99,1672000,23436160.00
2023/11/08,14.01,14.08,13.88,13.93,1446790,20159240.00
2023/11/09,13.89,14.14,13.87,13.94,1522970,21314140.00
2023/11/10,13.93,14.02,13.79,13.95,1069305,14867977.00
2023/11/13,14.06,14.15,14.00,14.14,1437415,20247104.00
2023/11/14,14.15,14.17,13.94,14.03,1163920,16311961.00
2023/11/15,14.12,14.19,13.99,14.04,1060240,14913198.00
2023/11/16,14.08,14.10,13.95,13.99,1012560,14205656.00
2023/11/17,13.99,14.16,13.96,14.10,1346405,18968844.00
2023/11/20,14.16,14.43,14.07,14.37,2190800,31272732.00
2023/11/21,14.44,14.46,14.26,14.30,1376540,19743724.00
2023/11/22,14.28,14.35,14.15,14.18,1495290,21279876.00
2023/11/23,14.20,14.37,14.09,14.33,1269450,18086840.00
2023/11/24,14.25,14.34,13.92,13.94,1612650,22661192.00
2023/11/27,13.95,14.10,13.83,14.02,1999475,27873620.00
2023/11/28,14.01,14.38,13.78,14.33,2958590,42151884.00
2023/11/29,14.30,14.40,14.18,14.35,2069540,29606926.00
2023/11/30,14.23,14.33,14.05,14.25,2004865,28426796.00
2023/12/01,14.30,14.40,14.17,14.33,2121540,30349880.00
2023/12/04,14.33,14.66,14.32,14.53,2344940,34082144.00
2023/12/05,14.53,14.59,14.30,14.40,1440160,20780140.00
2023/12/06,14.23,14.60,14.23,14.47,1457475,21137108.00
2023/12/07,14.42,14.47,14.23,14.33,1575115,22546320.00
2023/12/08,14.34,14.48,13.64,13.67,2682250,37422936.00
2023/12/11,13.52,13.77,13.39,13.71,3142405,42671916.00
2023/12/12,13.73,13.98,13.58,13.90,2001395,27573376.00
2023/12/13,13.95,14.05,13.84,13.89,1073475,14962056.00
2023/12/14,13.89,14.21,13.82,14.13,1808580,25476472.00
2023/12/15,14.14,14.23,13.96,14.16,1456565,20550860.00
2023/12/18,14.27,14.29,13.88,13.93,1822165,25671836.00
2023/12/19,13.91,14.00,13.65,13.81,1355890,18704500.00
2023/12/20,13.80,14.07,13.70,13.78,1478470,20511650.00
2023/12/21,13.78,13.89,13.46,13.87,1591430,21808312.00
2023/12/22,13.83,13.90,13.46,13.47,1538050,20951532.00
2023/12/25,13.49,13.49,13.13,13.29,1553140,20564458.00
2023/12/26,13.29,14.34,13.13,13.62,6668955,92051192.00
2023/12/27,13.40,13.63,13.20,13.44,5085485,68372888.00
2023/12/28,13.44,13.79,13.20,13.73,3581455,48419456.00
2023/12/29,13.78,13.94,13.61,13.88,2586910,35555108.00
2024/01/02,13.99,14.21,13.91,14.14,2778750,39259184.00
2024/01/03,14.15,14.24,14.03,14.19,1827870,25848428.00
2024/01/04,14.22,14.24,14.08,14.16,1275515,18047120.00
2024/01/05,14.16,14.21,13.80,13.84,1802630,25142864.00
2024/01/08,13.93,14.04,13.68,13.68,1618865,22424234.00
2024/01/09,13.65,14.05,13.65,13.98,1899795,26443454.00
2024/01/10,13.98,14.30,13.70,14.06,2277425,31962910.00
2024/01/11,14.05,15.47,13.96,15.47,7415710,111096048.00
2024/01/12,17.02,17.02,14.98,15.46,21034720,341117568.00
2024/01/15,14.71,15.08,14.42,14.99,17002775,250453376.00
2024/01/16,14.90,14.99,14.25,14.59,10293700,149780560.00
2024/01/17,14.56,14.59,13.75,13.75,8661532,121841912.00
2024/01/18,13.60,13.95,13.15,13.44,7335240,98883504.00
2024/01/19,13.43,13.52,13.02,13.11,5792500,76431944.00
2024/01/22,13.08,13.15,12.51,12.68,5243870,67009164.00
2024/01/23,12.54,12.97,12.42,12.67,3634770,45942160.00
2024/01/24,12.62,12.85,12.42,12.71,4386035,55347148.00
2024/01/25,12.70,13.15,12.64,13.13,6136240,79192248.00
2024/01/26,13.11,13.36,12.95,13.05,4944595,65105320.00
2024/01/29,13.06,13.10,12.42,12.43,3906270,49588724.00
2024/01/30,12.42,12.42,11.77,11.77,3263090,39219740.00
2024/01/31,11.50,11.70,11.08,11.13,4810690,54364268.00
2024/02/01,11.05,11.20,10.80,11.05,4376285,48176424.00
2024/02/02,11.00,11.23,10.15,10.48,4136530,44032744.00
2024/02/05,10.25,10.27,9.43,9.43,4024050,38502416.00
2024/02/06,8.81,9.15,8.49,8.58,5293150,45601548.00
2024/02/07,8.60,8.69,7.96,8.51,5174870,42932876.00
2024/02/08,8.52,9.07,8.32,9.01,3772508,32864196.00
2024/02/19,9.01,9.53,9.01,9.40,3061599,28532656.00
2024/02/20,9.42,9.73,9.27,9.60,2131380,20346000.00
2024/02/21,9.58,10.12,9.45,9.90,2392595,23659402.00
2024/02/22,9.89,10.26,9.80,10.25,2289475,22976076.00
2024/02/23,10.30,10.59,10.18,10.59,1913199,19838680.00
2024/02/26,10.63,10.96,10.41,10.75,2395780,25668956.00
2024/02/27,10.77,10.97,10.65,10.97,1369490,14888824.00
2024/02/28,10.97,11.35,9.87,9.87,4095125,43326536.00
2024/02/29,9.68,10.19,9.48,10.13,2910225,29036428.00
2024/03/01,10.16,10.25,9.90,10.11,1878565,18954540.00
2024/03/04,10.12,10.23,9.80,10.05,2143740,21478928.00
2024/03/05,10.00,10.00,9.65,9.68,1825726,17833212.00
2024/03/06,9.65,10.05,9.58,9.89,2484960,24388496.00
2024/03/07,9.97,10.88,9.96,10.44,12816638,136414272.00
2024/03/08,10.13,10.27,9.62,9.83,11239114,110862192.00
2024/03/11,9.72,9.92,9.71,9.92,4793470,47002884.00
2024/03/12,9.96,10.40,9.84,10.31,6869960,69294224.00
2024/03/13,10.29,10.35,10.07,10.23,4311300,43929228.00
2024/03/14,10.20,11.25,10.17,10.81,14356815,156082256.00
2024/03/15,10.70,11.30,10.70,11.23,11672680,128994504.00
2024/03/18,11.19,12.30,11.05,12.00,10534745,121730424.00
2024/03/19,12.00,13.20,11.76,13.20,11790280,149581424.00
2024/03/20,13.44,13.54,12.59,12.99,11855540,155476544.00
2024/03/21,13.00,13.11,12.22,12.51,8080030,101742512.00
2024/03/22,12.44,12.45,11.78,11.83,7906910,95296240.00
2024/03/25,11.79,11.95,11.45,11.51,4235630,49577472.00
2024/03/26,11.58,11.72,11.38,11.57,3422719,39494952.00
2024/03/27,11.57,11.64,11.06,11.15,2688005,30529548.00
2024/03/28,11.17,11.66,11.16,11.49,4242435,48363512.00
2024/03/29,11.41,11.85,11.32,11.73,4185685,48850740.00
2024/04/01,11.70,12.30,11.43,12.28,5049425,60343788.00
2024/04/02,12.23,12.25,11.82,11.88,4030442,48405708.00
2024/04/03,11.88,12.42,11.65,12.20,5322565,64037856.00
2024/04/08,11.95,12.10,11.42,11.62,6144135,72074816.00
2024/04/09,11.88,12.19,11.60,11.70,3863795,45679628.00
2024/04/10,11.55,11.69,11.10,11.20,3031715,34308416.00
2024/04/11,11.22,11.80,11.12,11.52,3234415,37399500.00
2024/04/12,11.41,12.65,11.40,12.39,9512035,114555248.00
2024/04/15,12.10,12.20,11.15,11.15,6975715,81058216.00
2024/04/16,10.76,10.76,10.04,10.04,1490500,15069696.00
2024/04/17,10.00,10.87,9.63,10.55,4106965,42603688.00
2024/04/18,10.57,10.57,9.89,10.09,3389255,34348596.00
2024/04/19,10.21,10.36,9.71,9.74,3002590,29879152.00
2024/04/22,9.60,9.74,8.99,9.32,3291539,30543324.00
2024/04/23,9.31,10.05,9.30,9.84,2730019,26556800.00
2024/04/24,9.92,10.17,9.69,9.99,2304830,23093436.00
2024/04/25,10.17,10.17,9.90,9.99,1220929,12244424.00
2024/04/26,9.85,10.15,9.85,10.15,1516765,15233692.00
2024/04/29,10.14,10.65,10.03,10.59,3174758,32888154.00
2024/04/30,10.80,10.81,10.16,10.43,4577770,47342072.00
2024/05/06,10.48,10.88,10.46,10.75,3408015,36315888.00
2024/05/07,10.77,11.29,10.71,11.14,3162949,34694904.00
2024/05/08,11.14,11.48,11.13,11.26,3560370,40173216.00
2024/05/09,11.36,11.85,11.10,11.69,3765820,43752912.00
2024/05/10,11.69,11.80,11.23,11.35,2412439,27463508.00
2024/05/13,11.25,12.06,11.16,11.77,6357159,74599592.00
2024/05/14,11.67,12.95,11.67,12.95,12505860,158691120.00
2024/05/15,12.93,13.78,12.70,13.33,13579475,180408336.00
2024/05/16,13.29,13.58,12.38,12.45,13431740,174282160.00
2024/05/17,12.88,12.88,12.36,12.62,6661065,84033640.00
2024/05/20,12.70,13.03,12.58,12.92,5200345,66612148.00
2024/05/21,12.92,13.15,12.80,13.07,3921090,50899524.00
2024/05/22,12.98,13.59,12.96,13.40,4573005,61211400.00
2024/05/23,13.40,13.40,12.75,12.81,3694845,48000684.00
2024/05/24,12.90,13.03,12.46,12.46,3087890,39163928.00
2024/05/27,12.46,12.85,12.46,12.77,3013615,38214216.00
2024/05/28,12.79,13.15,12.44,12.44,2319394,29648838.00
2024/05/29,12.40,12.73,12.22,12.31,2180235,27111762.00
2024/05/30,12.38,12.70,12.25,12.56,2745999,34387968.00
2024/05/31,12.49,12.87,12.37,12.51,2673325,33887584.00
2024/06/03,12.51,12.60,11.26,11.76,6979370,81250032.00
2024/06/04,11.52,11.76,11.21,11.31,4129429,47097272.00
2024/06/05,11.31,11.35,10.96,11.06,2863945,31931892.00
2024/06/06,11.19,11.20,9.95,9.95,5265630,53850088.00
2024/06/07,10.00,10.54,9.95,10.50,4915919,50658580.00
2024/06/11,10.66,11.55,10.18,11.55,5041000,56275704.00
2024/06/12,11.55,12.12,11.50,12.00,8078924,96156672.00
2024/06/13,11.88,12.18,11.70,11.88,4884120,58217068.00
2024/06/14,12.05,12.65,11.82,12.16,5915985,73225600.00
2024/06/17,12.14,13.38,12.14,12.67,8446635,109046808.00
2024/06/18,12.65,12.88,12.36,12.69,3999570,50340824.00
2024/06/19,12.69,12.93,12.11,12.11,3791780,47430112.00
2024/06/20,12.64,12.66,11.64,11.66,3667925,43858172.00
2024/06/21,11.31,11.66,11.30,11.44,1869170,21429972.00
2024/06/24,11.38,11.56,10.79,11.03,3925050,43853776.00
2024/06/25,11.02,11.70,10.82,11.28,3812005,43018100.00
2024/06/26,11.20,11.41,11.06,11.30,3207905,36048992.00
2024/06/27,11.20,11.52,10.96,11.06,2939625,33050344.00
2024/06/28,11.08,11.77,10.96,11.69,4080729,46797820.00
2024/07/01,11.62,12.22,11.27,12.18,4929093,57693244.00
2024/07/02,12.10,12.64,12.01,12.30,5388645,66602576.00
2024/07/03,12.40,12.97,12.15,12.93,5865931,74619784.00
2024/07/04,12.92,12.99,12.49,12.56,4255620,54173836.00
2024/07/05,12.67,12.92,12.31,12.83,3253780,41378864.00
2024/07/08,12.91,13.26,12.75,13.05,4402590,57710980.00
2024/07/09,13.10,13.80,12.91,13.80,5485765,72821280.00
2024/07/10,13.59,14.38,13.46,14.22,7176305,101111576.00
2024/07/11,13.59,14.20,13.50,13.93,6536815,90270200.00
2024/07/12,13.91,14.13,13.78,13.92,3073045,42881240.00
2024/07/15,13.97,14.07,12.79,12.90,7747331,103889280.00
2024/07/16,12.99,13.14,11.90,13.02,7445130,93582816.00
2024/07/17,12.88,13.47,12.80,12.95,3988735,52404928.00
2024/07/18,12.80,12.94,12.34,12.63,2904650,36537368.00
2024/07/19,12.70,13.03,12.20,12.90,3817135,48348200.00
2024/07/22,12.80,13.48,12.80,13.27,3976645,52291584.00
2024/07/23,13.27,13.76,12.70,12.86,5738780,76322872.00
2024/07/24,13.12,14.15,13.12,14.15,7996865,111909800.00
2024/07/25,14.43,15.57,14.00,14.18,18249936,269266784.00
2024/07/26,13.90,15.08,13.90,14.86,12483835,180597472.00
2024/07/29,14.58,14.89,14.36,14.70,8586860,125462672.00
2024/07/30,14.75,16.12,14.60,15.72,9782023,150424304.00
2024/07/31,15.55,16.48,15.50,16.14,10133610,162224800.00
2024/08/01,16.10,16.44,14.53,14.81,14196871,216808272.00
2024/08/02,14.55,15.07,14.45,14.70,6019845,88846592.00
2024/08/05,14.56,14.59,13.23,13.23,9613540,129655696.00
2024/08/06,12.38,13.09,11.92,13.00,11656035,145214304.00
2024/08/07,12.70,14.01,12.70,13.77,8978699,121182248.00
2024/08/08,13.55,14.24,13.43,13.68,5360185,73903736.00
2024/08/09,13.90,14.18,13.62,14.07,4659875,64740496.00
2024/08/12,14.06,14.71,13.93,14.59,5174924,74598792.00
2024/08/13,14.52,14.52,13.51,13.71,6387845,88472032.00
2024/08/14,13.72,14.50,13.62,14.25,4683085,66098416.00
2024/08/15,14.25,14.78,13.75,14.17,6386514,91575544.00
2024/08/16,14.15,14.15,12.75,12.75,10638770,139550144.00
2024/08/19,11.84,12.68,11.84,12.39,6907950,84937064.00
2024/08/20,12.40,12.60,11.79,12.08,4543389,55236320.00
2024/08/21,12.08,12.28,11.91,12.25,3140930,37984376.00
2024/08/22,12.25,12.32,11.80,11.82,2920280,34915528.00
2024/08/23,11.87,11.96,10.64,10.77,7440900,81543280.00
2024/08/26,10.87,11.59,10.75,11.55,5237785,59111240.00
2024/08/27,11.56,11.88,10.92,11.22,4912535,55895892.00
2024/08/28,11.33,11.33,10.70,11.03,2811799,31152444.00
2024/08/29,11.11,11.11,10.80,10.90,2786255,30387880.00
2024/08/30,10.96,11.32,10.79,11.18,3763760,41936256.00
2024/09/02,11.12,11.14,10.67,10.68,2670390,29058984.00
2024/09/03,10.70,11.03,10.51,10.90,3053395,33040664.00
2024/09/04,10.91,10.92,10.48,10.58,2751710,29341362.00
2024/09/05,10.55,10.81,10.53,10.79,1956315,20979068.00
2024/09/06,10.89,10.89,10.18,10.30,4481845,46796896.00
2024/09/09,10.34,11.20,10.09,10.92,4653534,49269408.00
2024/09/10,11.13,11.29,10.55,10.87,4912308,53534512.00
2024/09/11,11.59,11.90,11.11,11.74,10844560,124472224.00
2024/09/12,11.35,11.75,11.16,11.30,6735676,77217104.00
2024/09/13,11.29,11.52,10.95,11.28,5157510,57872144.00
2024/09/18,11.22,11.23,10.50,10.75,4253383,45736428.00
2024/09/19,10.72,10.99,10.61,10.88,2768690,30071444.00
2024/09/20,10.78,10.97,10.49,10.59,4367554,46553340.00
2024/09/23,10.72,10.72,10.12,10.20,5310900,54685528.00
2024/09/24,10.28,10.65,10.16,10.60,4978645,51670056.00
2024/09/25,10.67,11.66,10.67,11.50,10037568,113692640.00
2024/09/26,11.49,11.75,11.32,11.66,8449424,97726936.00
2024/09/27,12.00,12.45,11.90,12.28,5354754,65474792.00
2024/09/30,12.50,13.39,11.97,13.13,10988396,139196992.00
2024/10/08,14.40,14.40,12.39,12.94,15303399,201945360.00
2024/10/09,12.78,12.78,11.65,11.65,9906062,119213872.00
2024/10/10,11.65,12.31,11.48,11.95,6155088,73916992.00
2024/10/11,11.99,12.03,11.38,11.55,4632289,54088072.00
2024/10/14,11.56,11.79,11.45,11.65,4822088,55875652.00
2024/10/15,11.56,11.64,11.37,11.40,3656450,41994232.00
2024/10/16,11.26,11.58,11.20,11.40,3335595,38194720.00
2024/10/17,11.39,11.62,11.08,11.11,4129870,46714740.00
2024/10/18,11.10,11.69,10.95,11.53,6735245,76444272.00
2024/10/21,11.48,12.33,11.40,11.99,7463970,88431312.00
2024/10/22,11.83,12.03,11.60,12.01,5414620,64005632.00
2024/10/23,11.98,12.47,11.85,12.12,6357758,77598920.00
2024/10/24,12.03,12.23,11.98,12.11,4143825,50129732.00
2024/10/25,12.21,13.32,12.15,13.32,14769735,190968816.00
2024/10/28,13.67,14.35,13.50,14.09,16987437,237765984.00
2024/10/29,14.30,14.90,13.70,14.15,15295399,218027072.00
2024/10/30,14.00,14.44,13.69,14.17,10337840,145461504.00
2024/10/31,14.10,14.56,14.01,14.28,7754308,110194696.00
2024/11/01,14.23,14.23,13.00,13.40,9137260,123236744.00
2024/11/04,13.45,13.93,12.90,13.72,6663889,90139864.00
2024/11/05,13.78,14.03,13.50,13.69,8342790,114964112.00
2024/11/06,13.69,13.87,13.39,13.74,6037835,82307648.00
2024/11/07,13.70,14.15,13.60,14.10,7331679,102233088.00
2024/11/08,14.26,14.39,13.98,14.06,7168590,101701672.00
2024/11/11,13.85,14.48,13.30,14.28,7346259,102607664.00
2024/11/12,14.28,14.58,13.82,14.05,7589154,107995848.00
2024/11/13,14.00,14.37,13.79,14.11,4319312,60605264.00
2024/11/14,14.00,14.14,13.64,13.78,4219800,58320456.00
2024/11/15,13.69,14.21,13.60,13.60,4514460,62545564.00
2024/11/18,13.63,13.66,12.77,12.97,6710754,87706432.00
2024/11/19,13.00,13.30,12.82,13.29,2843984,37171384.00
2024/11/20,13.21,13.75,13.21,13.64,2955425,40048132.00
2024/11/21,13.64,13.76,13.19,13.36,3808295,50940512.00
2024/11/22,13.36,13.55,12.89,13.00,4296449,56865312.00
数据来源:通达信
