601121 宝地矿业 日线 前复权
      日期	    开盘	    最高	    最低	    收盘	    成交量	    成交额
2023/03/10,4.97,6.02,4.97,6.02,4163036,26144194.00
2023/03/13,6.65,6.65,6.65,6.65,1526996,10597352.00
2023/03/14,7.34,7.34,7.34,7.34,856958,6538590.00
2023/03/15,8.10,8.10,8.10,8.10,3532323,29636190.00
2023/03/16,8.94,8.94,8.94,8.94,1763318,16275425.00
2023/03/17,9.86,9.86,9.86,9.86,2163685,21961404.00
2023/03/20,10.88,10.88,10.88,10.88,1526200,17047654.00
2023/03/21,12.00,12.00,9.77,10.60,143455423,1550171648.00
2023/03/22,9.92,10.00,9.51,9.51,67761338,675474944.00
2023/03/23,9.08,9.15,8.73,8.82,73538290,675533440.00
2023/03/24,8.73,8.98,8.66,8.88,53895452,491685664.00
2023/03/27,8.81,8.86,8.52,8.56,38574853,344474688.00
2023/03/28,8.47,8.95,8.47,8.85,44004422,397255488.00
2023/03/29,8.89,8.89,8.53,8.56,28816336,257153056.00
2023/03/30,8.51,8.55,8.06,8.09,31908398,271311680.00
2023/03/31,8.11,8.45,8.11,8.19,41067038,352811104.00
2023/04/03,8.17,8.51,8.14,8.45,40410328,349164320.00
2023/04/04,8.52,8.84,8.44,8.63,51605887,461105760.00
2023/04/06,8.64,8.64,8.39,8.40,29447210,257696768.00
2023/04/07,8.36,8.86,8.36,8.56,35571243,318256288.00
2023/04/10,8.46,8.69,8.36,8.36,25166049,221226880.00
2023/04/11,8.28,8.33,8.03,8.11,25350334,213115744.00
2023/04/12,8.10,8.18,7.98,8.06,15273768,127601992.00
2023/04/13,8.03,8.10,7.99,8.02,12281309,102244232.00
2023/04/14,8.02,8.35,8.01,8.35,24085861,204906256.00
2023/04/17,8.39,8.78,8.32,8.56,33601442,297555904.00
2023/04/18,8.47,8.50,8.16,8.21,21422175,183718176.00
2023/04/19,8.17,9.06,8.16,9.06,41397053,377304512.00
2023/04/20,9.06,9.12,8.67,8.80,48374496,442323936.00
2023/04/21,8.78,9.20,8.75,8.89,48297654,445926112.00
2023/04/24,8.78,8.86,8.22,8.55,33173667,293002912.00
2023/04/25,8.47,8.73,7.67,7.67,43753870,362311616.00
2023/04/26,7.51,7.80,7.43,7.61,22287036,176940864.00
2023/04/27,7.61,7.95,7.58,7.81,19201452,155614272.00
2023/04/28,7.91,8.24,7.81,8.19,19306542,162113616.00
2023/05/04,8.11,8.65,8.11,8.54,21046008,184488144.00
2023/05/05,8.55,8.81,8.37,8.74,24136828,215103344.00
2023/05/08,8.77,8.84,8.49,8.63,19930119,177166640.00
2023/05/09,8.86,9.51,8.61,9.09,47134111,441199424.00
2023/05/10,8.90,9.06,8.76,8.82,26540360,243206336.00
2023/05/11,8.71,8.84,8.53,8.63,18514655,165464992.00
2023/05/12,8.62,8.76,8.38,8.40,12328981,108526440.00
2023/05/15,8.43,8.71,8.28,8.41,14844482,129482472.00
2023/05/16,8.41,8.41,8.08,8.14,12000892,101597784.00
2023/05/17,8.11,8.26,8.02,8.24,8372724,70789136.00
2023/05/18,8.24,8.25,8.03,8.07,10438608,87403456.00
2023/05/19,8.03,8.06,7.86,7.90,9738855,79888016.00
2023/05/22,7.93,8.00,7.84,7.97,8844730,72461832.00
2023/05/23,7.97,7.97,7.70,7.71,12541596,101229016.00
2023/05/24,7.71,7.77,7.62,7.68,8525093,68277288.00
2023/05/25,7.69,7.76,7.61,7.76,8524995,67918336.00
2023/05/26,7.84,7.84,7.61,7.68,10184800,81194896.00
2023/05/29,7.66,7.69,7.56,7.59,6822697,53925108.00
2023/05/30,7.61,7.68,7.56,7.63,8228923,65035684.00
2023/05/31,7.59,7.62,7.49,7.58,8456524,66148680.00
2023/06/01,7.56,7.79,7.53,7.77,10468216,83641088.00
2023/06/02,7.79,7.84,7.73,7.83,8781985,70986592.00
2023/06/05,7.83,7.83,7.72,7.78,5409820,43563800.00
2023/06/06,7.81,7.92,7.64,7.65,11239033,90801856.00
2023/06/07,7.62,7.70,7.59,7.62,5766698,45743328.00
2023/06/08,7.62,7.75,7.60,7.75,7155497,57015056.00
2023/06/09,7.79,7.82,7.63,7.67,8047424,64153608.00
2023/06/12,7.61,7.66,7.57,7.66,6357588,50237720.00
2023/06/13,7.66,7.67,7.62,7.66,3674498,29148220.00
2023/06/14,7.64,7.68,7.54,7.54,7591238,59935268.00
2023/06/15,7.56,7.59,7.49,7.59,6640072,51934908.00
2023/06/16,7.55,7.62,7.55,7.59,4489315,35400272.00
2023/06/19,7.59,7.60,7.52,7.52,4175330,32693748.00
2023/06/20,7.52,7.54,7.33,7.34,8268369,63800184.00
2023/06/21,7.38,7.38,7.22,7.22,5039146,38130308.00
2023/06/26,7.23,7.25,7.09,7.11,5484101,40920472.00
2023/06/27,7.16,7.33,7.15,7.30,4577037,34496120.00
2023/06/28,7.26,7.35,7.11,7.35,6671598,50315656.00
2023/06/29,7.33,7.34,7.26,7.27,3586462,27218186.00
2023/06/30,7.30,7.38,7.27,7.35,3271288,24978098.00
2023/07/03,7.32,7.42,7.32,7.39,4148764,31819092.00
2023/07/04,7.41,7.44,7.31,7.36,3761302,28783576.00
2023/07/05,7.37,7.56,7.32,7.46,7951642,61559688.00
2023/07/06,7.50,7.51,7.31,7.33,6025700,46195312.00
2023/07/07,7.33,7.40,7.26,7.31,4361964,33189214.00
2023/07/10,7.31,7.37,7.30,7.33,2361389,17970548.00
2023/07/11,7.36,7.40,7.22,7.39,5243728,39873464.00
2023/07/12,7.37,7.53,7.30,7.34,7108684,54688464.00
2023/07/13,7.37,7.46,7.36,7.43,5421958,41760584.00
2023/07/14,7.46,7.46,7.37,7.38,4704900,35650780.00
2023/07/17,7.38,7.51,7.26,7.44,5033900,38050800.00
2023/07/18,7.43,7.49,7.40,7.44,2835602,21585210.00
2023/07/19,7.45,7.45,7.40,7.43,2236302,16989688.00
2023/07/20,7.44,7.49,7.37,7.37,3706772,28211016.00
2023/07/21,7.37,7.45,7.35,7.39,2419700,18329380.00
2023/07/24,7.39,7.41,7.35,7.38,2327800,17558796.00
2023/07/25,7.41,7.53,7.41,7.51,7934201,60838164.00
2023/07/26,7.46,7.70,7.46,7.64,12270346,95236168.00
2023/07/27,7.56,7.87,7.55,7.63,15828370,124157128.00
2023/07/28,7.56,7.76,7.48,7.73,16022698,125365848.00
2023/07/31,7.78,7.78,7.67,7.68,10739484,84562864.00
2023/08/01,7.69,8.23,7.65,8.00,31766003,258994912.00
2023/08/02,7.84,7.91,7.75,7.79,17690981,141373824.00
2023/08/03,7.74,7.75,7.64,7.68,8636244,67774816.00
2023/08/04,7.66,7.76,7.62,7.70,12033326,94396696.00
2023/08/07,7.69,7.78,7.54,7.55,8587600,66850336.00
2023/08/08,7.62,7.70,7.54,7.54,6564764,50948552.00
2023/08/09,7.51,7.53,7.44,7.47,4669500,35657892.00
2023/08/10,7.45,7.54,7.45,7.51,3072696,23555446.00
2023/08/11,7.50,7.52,7.35,7.37,4657000,35378168.00
2023/08/14,7.31,7.53,7.26,7.53,7296007,55288240.00
2023/08/15,7.48,7.49,7.35,7.39,4236932,32122980.00
2023/08/16,7.41,7.42,7.30,7.35,3183869,23962370.00
2023/08/17,7.31,7.42,7.22,7.40,5159905,38578520.00
2023/08/18,7.39,7.61,7.35,7.48,10473704,80644416.00
2023/08/21,7.45,7.77,7.43,7.60,11279935,87674960.00
2023/08/22,7.68,7.88,7.54,7.81,28023285,222353232.00
2023/08/23,7.80,8.09,7.63,7.83,34662081,278760320.00
2023/08/24,7.93,7.97,7.44,7.62,25080503,195103712.00
2023/08/25,7.53,7.54,7.03,7.03,21174957,156640624.00
2023/08/28,7.38,7.73,7.18,7.23,28924101,221361392.00
2023/08/29,7.17,7.59,7.17,7.59,16946155,129012752.00
2023/08/30,7.52,7.74,7.46,7.51,13122180,101930352.00
2023/08/31,7.53,7.78,7.53,7.67,14745629,115755760.00
2023/09/01,7.64,8.37,7.62,7.91,38032650,309487072.00
2023/09/04,7.85,8.72,7.85,8.72,35246032,299843296.00
2023/09/05,8.72,8.72,8.14,8.27,57034281,483943488.00
2023/09/06,8.22,8.29,7.95,8.08,32280724,265537216.00
2023/09/07,8.03,8.07,7.71,7.73,24458000,196380736.00
2023/09/08,7.71,7.73,7.44,7.46,20361929,156712240.00
2023/09/11,7.44,7.61,7.36,7.55,14193448,109120576.00
2023/09/12,7.57,7.61,7.45,7.55,11571689,89264112.00
2023/09/13,7.55,7.78,7.50,7.62,16707554,130290312.00
2023/09/14,7.62,7.86,7.56,7.78,23194156,183086272.00
2023/09/15,7.78,8.03,7.75,7.94,28327805,229231440.00
2023/09/18,7.78,7.89,7.68,7.89,14405255,114830336.00
2023/09/19,7.85,8.06,7.82,7.99,18048743,146878864.00
2023/09/20,7.99,8.00,7.74,7.83,12888004,103646656.00
2023/09/21,7.83,7.89,7.71,7.73,9745000,77360672.00
2023/09/22,7.72,7.78,7.58,7.69,12625196,98762776.00
2023/09/25,7.64,7.71,7.56,7.57,8687569,67676512.00
2023/09/26,7.55,7.59,7.39,7.51,10130386,77625304.00
2023/09/27,7.50,7.77,7.48,7.62,10825232,84354624.00
2023/09/28,7.61,7.82,7.60,7.78,11292100,89100928.00
2023/10/09,7.74,7.76,7.45,7.45,14409800,111083456.00
2023/10/10,7.48,7.67,7.30,7.36,13480383,102798528.00
2023/10/11,7.38,7.40,7.25,7.27,8469479,63195832.00
2023/10/12,7.31,7.35,7.27,7.35,5460143,40894604.00
2023/10/13,7.31,7.31,7.15,7.18,6978700,51385624.00
2023/10/16,7.16,7.24,7.15,7.21,5180718,38144988.00
2023/10/17,7.20,7.24,7.15,7.20,3823124,28115304.00
2023/10/18,7.18,7.19,6.91,6.93,8424769,60539736.00
2023/10/19,6.88,6.98,6.83,6.86,5530000,39074852.00
2023/10/20,6.83,6.88,6.78,6.79,4240207,29646886.00
2023/10/23,6.81,6.83,6.48,6.52,6250019,42245116.00
2023/10/24,6.52,6.65,6.52,6.64,3622561,24550258.00
2023/10/25,6.75,6.89,6.73,6.79,5167241,36138708.00
2023/10/26,6.75,6.78,6.64,6.76,4165071,28664848.00
2023/10/27,6.72,7.01,6.72,6.97,6560089,46495640.00
2023/10/30,6.94,7.19,6.92,7.16,8240300,60036876.00
2023/10/31,7.16,7.16,7.03,7.09,5074069,36756148.00
2023/11/01,7.23,7.31,7.05,7.10,11637870,85148336.00
2023/11/02,7.15,7.17,6.98,7.01,7018159,50609192.00
2023/11/03,7.00,7.05,6.98,7.00,4329648,31129524.00
2023/11/06,7.01,7.10,7.01,7.07,4688000,33905908.00
2023/11/07,7.05,7.09,7.02,7.07,4125800,29801616.00
2023/11/08,7.06,7.07,6.98,7.00,5018300,36059384.00
2023/11/09,7.01,7.10,6.99,6.99,4512490,32513612.00
2023/11/10,7.01,7.18,6.94,7.16,9208448,66773120.00
2023/11/13,7.21,7.41,7.19,7.40,16254064,121582336.00
2023/11/14,7.41,7.41,7.22,7.26,8117743,60388672.00
2023/11/15,7.42,7.53,7.37,7.38,12569291,95437336.00
2023/11/16,7.39,7.40,7.27,7.27,6958911,52098600.00
2023/11/17,7.27,7.27,7.19,7.22,4797259,35450220.00
2023/11/20,7.19,7.29,7.18,7.27,4445300,32911024.00
2023/11/21,7.31,7.38,7.26,7.27,6415843,48142660.00
2023/11/22,7.23,7.29,7.19,7.25,4649309,34437896.00
2023/11/23,7.23,7.30,7.13,7.25,5389840,39841440.00
2023/11/24,7.21,7.26,7.11,7.14,5227369,38381212.00
2023/11/27,7.12,7.20,7.09,7.14,3063292,22414388.00
2023/11/28,7.14,7.18,7.09,7.17,3057428,22342204.00
2023/11/29,7.17,7.17,7.00,7.04,4924487,35656812.00
2023/11/30,7.04,7.04,6.92,6.98,4132594,29514178.00
2023/12/01,6.98,7.08,6.95,7.06,3061200,22021628.00
2023/12/04,7.07,7.13,7.02,7.04,2813162,20343228.00
2023/12/05,7.02,7.05,6.92,6.93,3401700,24296888.00
2023/12/06,6.93,7.07,6.88,6.99,3369900,24169200.00
2023/12/07,6.99,7.08,6.94,7.04,4502300,32313380.00
2023/12/08,7.04,7.06,6.90,6.91,5590970,40045128.00
2023/12/11,6.92,6.97,6.77,6.97,3514999,24874148.00
2023/12/12,6.97,7.04,6.92,7.04,3130568,22420560.00
2023/12/13,7.01,7.04,6.96,6.96,2749932,19722476.00
2023/12/14,6.98,7.29,6.96,7.15,13348242,97438088.00
2023/12/15,7.16,7.33,7.07,7.16,13116530,96417104.00
2023/12/18,7.09,7.10,6.79,6.80,12410839,87835376.00
2023/12/19,6.77,6.85,6.74,6.79,5118332,35639708.00
2023/12/20,6.82,6.92,6.77,6.80,4507105,31667106.00
2023/12/21,6.77,6.81,6.62,6.81,4667205,32193916.00
2023/12/22,6.81,6.98,6.73,6.87,6980032,49226536.00
2023/12/25,6.88,6.88,6.63,6.66,5463360,37495860.00
2023/12/26,6.66,6.70,6.61,6.67,3158663,21554242.00
2023/12/27,6.68,6.74,6.59,6.70,3372600,23066974.00
2023/12/28,6.71,6.93,6.69,6.89,5408969,37958308.00
2023/12/29,6.88,6.94,6.85,6.89,3412756,24089602.00
2024/01/02,6.90,7.03,6.86,7.00,4569330,32672094.00
2024/01/03,7.03,7.16,6.99,7.11,8626452,62547552.00
2024/01/04,7.08,7.27,7.04,7.22,12357879,90954096.00
2024/01/05,7.21,7.78,7.15,7.32,33918409,256302784.00
2024/01/08,7.19,7.28,6.87,6.96,22684900,163966176.00
2024/01/09,6.94,7.00,6.84,6.89,9752910,69147984.00
2024/01/10,6.89,6.89,6.71,6.71,7308210,50733700.00
2024/01/11,6.70,6.84,6.67,6.83,5608800,38881304.00
2024/01/12,6.82,7.06,6.78,6.89,7546210,53757900.00
2024/01/15,6.89,6.89,6.71,6.73,6803210,47128504.00
2024/01/16,6.73,6.73,6.59,6.66,5147000,35097092.00
2024/01/17,6.65,6.69,6.55,6.56,4447307,30193152.00
2024/01/18,6.52,6.53,6.25,6.44,6941100,45392092.00
2024/01/19,6.41,6.50,6.36,6.36,3108730,20486520.00
2024/01/22,6.37,6.37,5.85,5.96,6418269,40133016.00
2024/01/23,5.92,6.00,5.82,5.97,4300169,26202646.00
2024/01/24,5.98,6.16,5.89,6.16,4925600,30629146.00
2024/01/25,6.13,6.55,6.11,6.52,8936532,58498572.00
2024/01/26,6.50,6.68,6.46,6.53,6223301,41934296.00
2024/01/29,6.56,6.68,6.33,6.41,5087501,34157176.00
2024/01/30,6.35,6.42,6.17,6.21,4453564,28785892.00
2024/01/31,6.20,6.26,5.91,5.93,5032616,31302484.00
2024/02/01,5.93,5.98,5.70,5.78,5828358,34986064.00
2024/02/02,5.78,5.85,5.27,5.51,7494500,43166992.00
2024/02/05,5.44,5.46,4.94,4.98,9082584,47837792.00
2024/02/06,4.98,5.26,4.79,5.10,9226479,47637268.00
2024/02/07,5.10,5.25,4.95,5.03,8764344,45855300.00
2024/02/08,4.95,5.44,4.95,5.43,9939755,53633584.00
2024/02/19,5.43,5.62,5.41,5.51,7021579,39959768.00
2024/02/20,5.45,5.62,5.39,5.57,5226017,29758400.00
2024/02/21,5.55,5.72,5.48,5.60,6823825,39620516.00
2024/02/22,5.57,5.68,5.54,5.65,4596993,26570488.00
2024/02/23,5.68,5.72,5.59,5.71,5147244,30009048.00
2024/02/26,5.72,5.91,5.68,5.80,6546638,39031716.00
2024/02/27,5.75,5.87,5.73,5.87,3952970,23718364.00
2024/02/28,5.87,5.98,5.58,5.58,8124400,48569724.00
2024/02/29,5.54,5.71,5.52,5.70,5077048,29506788.00
2024/03/01,5.70,5.76,5.67,5.70,3600600,21178964.00
2024/03/04,5.70,5.71,5.58,5.65,4292348,24898144.00
2024/03/05,5.61,5.63,5.51,5.55,3347660,19204384.00
2024/03/06,5.55,5.63,5.52,5.57,3701900,21272688.00
2024/03/07,5.57,6.14,5.57,5.99,29559532,183025408.00
2024/03/08,5.81,5.93,5.64,5.78,20644176,122029568.00
2024/03/11,5.73,5.92,5.72,5.77,11803898,70203136.00
2024/03/12,5.78,5.79,5.70,5.78,8238658,48668648.00
2024/03/13,5.76,5.87,5.73,5.82,8515739,50813904.00
2024/03/14,5.86,5.92,5.74,5.79,7130100,42807820.00
2024/03/15,5.72,5.98,5.72,5.88,8851430,53101600.00
2024/03/18,5.88,5.93,5.83,5.93,7073378,42850292.00
2024/03/19,5.93,6.10,5.90,5.99,8512694,52546920.00
2024/03/20,5.99,6.02,5.93,6.00,5164232,31718912.00
2024/03/21,5.93,6.00,5.85,5.97,8036834,49032352.00
2024/03/22,5.94,6.01,5.79,5.84,6534500,39533532.00
2024/03/25,5.83,5.92,5.79,5.80,4757500,28706796.00
2024/03/26,5.76,5.82,5.65,5.77,4507824,26589744.00
2024/03/27,5.73,5.79,5.64,5.65,3638500,21446918.00
2024/03/28,5.63,5.72,5.61,5.65,4800832,28036172.00
2024/03/29,5.65,5.77,5.64,5.76,3871601,22856362.00
2024/04/01,5.78,5.92,5.78,5.91,5139538,31049744.00
2024/04/02,5.97,6.22,5.96,6.04,10161674,63414216.00
2024/04/03,6.00,6.29,5.99,6.23,16034770,101839368.00
2024/04/08,6.21,6.87,6.11,6.48,26397543,173190448.00
2024/04/09,6.35,6.55,6.23,6.43,19230332,125355584.00
2024/04/10,6.36,6.57,6.18,6.30,15384699,99814480.00
2024/04/11,6.35,6.95,6.34,6.95,43290188,302501120.00
2024/04/12,6.67,7.38,6.58,7.19,61577093,438337312.00
2024/04/15,6.79,6.81,6.45,6.45,37193731,250490288.00
2024/04/16,6.38,6.69,6.02,6.03,21399756,137587520.00
2024/04/17,6.10,6.37,6.03,6.35,17124352,110165024.00
2024/04/18,6.33,6.54,6.23,6.53,18387171,120734976.00
2024/04/19,6.43,7.20,6.38,6.82,49366985,354333120.00
2024/04/22,6.82,7.02,6.48,6.52,36576762,250713280.00
2024/04/23,6.34,6.47,6.20,6.24,18723226,121006352.00
2024/04/24,6.24,6.48,6.21,6.44,13242987,86425256.00
2024/04/25,6.35,6.48,6.29,6.36,11194132,73189648.00
2024/04/26,6.37,6.46,6.31,6.39,17004405,111351440.00
2024/04/29,6.33,6.54,6.26,6.51,14262238,94077472.00
2024/04/30,6.52,6.60,6.41,6.44,11291038,75282480.00
2024/05/06,6.49,6.63,6.35,6.62,15391407,102497688.00
2024/05/07,6.57,6.70,6.57,6.61,11831604,80550672.00
2024/05/08,6.58,6.61,6.44,6.46,11961038,79933832.00
2024/05/09,6.44,6.62,6.44,6.58,9934100,66890788.00
2024/05/10,6.62,6.69,6.48,6.53,9480432,63661264.00
2024/05/13,6.46,6.47,6.32,6.42,9148647,60096008.00
2024/05/14,6.43,6.46,6.39,6.43,5694300,37564172.00
2024/05/15,6.44,6.51,6.33,6.36,7762726,51148648.00
2024/05/16,6.43,6.56,6.38,6.44,9966626,66174664.00
2024/05/17,6.44,6.46,6.29,6.42,9138700,59802584.00
2024/05/20,6.54,6.81,6.49,6.76,22663252,154919232.00
2024/05/21,6.76,6.82,6.56,6.66,15647401,107135216.00
2024/05/22,6.69,6.84,6.65,6.74,15530483,107444184.00
2024/05/23,6.61,6.61,6.29,6.30,17842000,117337192.00
2024/05/24,6.28,6.36,6.27,6.27,6457438,41854412.00
2024/05/27,6.28,6.33,6.25,6.33,5352900,34576056.00
2024/05/28,6.35,6.53,6.30,6.36,8764900,57839296.00
2024/05/29,6.33,6.55,6.28,6.52,11394300,75723944.00
2024/05/30,6.49,6.53,6.29,6.30,10728219,70234992.00
2024/05/31,6.27,6.33,6.24,6.27,6008100,38721384.00
2024/06/03,6.30,6.30,6.04,6.08,7860500,48575384.00
2024/06/04,6.08,6.14,6.00,6.11,4667901,28549668.00
2024/06/05,6.07,6.08,5.90,5.91,5885069,35508560.00
2024/06/06,5.95,5.99,5.77,5.80,6214800,36759112.00
2024/06/07,5.84,5.93,5.80,5.92,4674206,27699156.00
2024/06/11,5.85,5.85,5.78,5.84,3872243,22709600.00
2024/06/12,5.84,5.93,5.82,5.92,3455643,20511186.00
2024/06/13,5.90,5.92,5.82,5.85,3184100,18795130.00
2024/06/14,5.85,5.89,5.79,5.88,3144263,18553424.00
2024/06/17,5.83,5.86,5.78,5.79,3295189,19306142.00
2024/06/18,5.77,5.85,5.77,5.80,2841612,16655515.00
2024/06/19,5.81,5.85,5.78,5.78,2874200,16836812.00
2024/06/20,5.81,5.83,5.64,5.67,4133400,23814536.00
2024/06/21,5.65,5.73,5.62,5.65,2331400,13343924.00
2024/06/24,5.57,5.60,5.41,5.44,4337814,23958556.00
2024/06/25,5.45,5.61,5.44,5.55,4149510,23162920.00
2024/06/26,5.50,5.65,5.50,5.65,2974814,16772367.00
2024/06/27,5.63,5.67,5.55,5.55,3269700,18467744.00
2024/06/28,5.54,5.68,5.53,5.64,3176200,18052524.00
2024/07/01,5.63,5.75,5.62,5.74,2911800,16745678.00
2024/07/02,5.77,5.81,5.71,5.77,2759764,16085914.00
2024/07/03,5.80,5.83,5.75,5.78,2524055,14731000.00
2024/07/04,5.81,5.83,5.64,5.66,2645400,15266789.00
2024/07/05,5.63,5.73,5.58,5.72,2124500,12135382.00
2024/07/08,5.75,5.75,5.56,5.58,1909252,10832917.00
2024/07/09,5.56,5.66,5.45,5.65,2723383,15312583.00
2024/07/10,5.78,5.87,5.68,5.72,4672162,27152676.00
2024/07/11,5.76,5.94,5.75,5.93,6213119,36920572.00
2024/07/12,5.93,5.99,5.89,5.92,3534300,21140570.00
2024/07/15,5.90,5.96,5.86,5.94,3203400,19112496.00
2024/07/16,5.90,5.94,5.85,5.89,3055700,18127780.00
2024/07/17,5.93,5.94,5.82,5.82,2578500,15249900.00
2024/07/18,5.78,5.86,5.69,5.85,2988100,17388506.00
2024/07/19,5.79,5.82,5.70,5.77,2446400,14238621.00
2024/07/22,5.75,5.80,5.72,5.76,2679732,15557128.00
2024/07/23,5.74,5.77,5.59,5.59,2975769,17067062.00
2024/07/24,5.56,5.64,5.51,5.52,2315300,12971921.00
2024/07/25,5.52,5.60,5.45,5.54,2178535,12131061.00
2024/07/26,5.53,5.74,5.53,5.62,3813400,21644040.00
2024/07/29,5.57,5.67,5.56,5.61,3158984,17876634.00
2024/07/30,5.57,5.67,5.55,5.59,2853764,16148366.00
2024/07/31,5.62,5.76,5.59,5.73,5358134,30843800.00
2024/08/01,5.73,5.80,5.72,5.76,3679904,21397230.00
2024/08/02,5.76,5.80,5.69,5.70,3022200,17509352.00
2024/08/05,5.67,5.76,5.60,5.61,3183000,18263966.00
2024/08/06,5.65,5.71,5.63,5.69,3342200,19127674.00
2024/08/07,5.68,5.70,5.63,5.64,2219932,12675481.00
2024/08/08,5.58,5.70,5.57,5.66,2939800,16715062.00
2024/08/09,5.67,5.73,5.58,5.58,3829200,21876934.00
2024/08/12,5.56,5.62,5.53,5.58,1960100,11018245.00
2024/08/13,5.58,5.65,5.53,5.65,2803419,15865919.00
2024/08/14,5.65,5.65,5.56,5.56,2151100,12150273.00
2024/08/15,5.57,5.62,5.52,5.55,2619879,14706387.00
2024/08/16,5.56,5.60,5.49,5.51,3407378,19028860.00
2024/08/19,5.49,5.57,5.49,5.50,2950700,16447617.00
2024/08/20,5.51,5.64,5.39,5.41,7582772,42101268.00
2024/08/21,5.41,5.45,5.35,5.45,2916544,15943954.00
2024/08/22,5.41,5.46,5.31,5.32,2963544,16074611.00
2024/08/23,5.28,5.36,5.24,5.33,3061569,16364790.00
2024/08/26,5.39,5.48,5.37,5.48,3898606,21401318.00
2024/08/27,5.43,5.53,5.43,5.48,2762317,15272784.00
2024/08/28,5.50,5.53,5.46,5.50,2462932,13686569.00
2024/08/29,5.46,5.51,5.43,5.50,2796706,15446057.00
2024/08/30,5.47,5.60,5.47,5.55,5851200,32791712.00
2024/09/02,5.57,5.57,5.49,5.55,3191800,17800808.00
2024/09/03,5.57,5.57,5.46,5.48,3651404,20253616.00
2024/09/04,5.50,5.50,5.36,5.36,3488400,18824944.00
2024/09/05,5.36,5.42,5.35,5.40,2251300,12142808.00
2024/09/06,5.39,5.44,5.35,5.36,2484400,13421594.00
2024/09/09,5.40,5.42,5.31,5.33,2217124,11895614.00
2024/09/10,5.36,5.39,5.29,5.35,2266892,12115956.00
2024/09/11,5.33,5.39,5.32,5.35,1913660,10242479.00
2024/09/12,5.32,5.39,5.30,5.31,2435700,13024384.00
2024/09/13,5.28,5.36,5.27,5.28,2507400,13301044.00
2024/09/18,5.26,5.28,5.11,5.19,2624800,13596847.00
2024/09/19,5.17,5.38,5.17,5.36,4750948,25218928.00
2024/09/20,5.34,5.39,5.31,5.36,3741624,20052500.00
2024/09/23,5.36,5.37,5.28,5.36,2683300,14283927.00
2024/09/24,5.36,5.58,5.33,5.56,7160224,39499912.00
2024/09/25,5.63,5.78,5.61,5.63,6473832,36870896.00
2024/09/26,5.65,5.80,5.60,5.79,6856310,39258172.00
2024/09/27,5.80,5.95,5.80,5.94,4612377,27202910.00
2024/09/30,6.23,6.47,6.06,6.42,20164628,126825208.00
2024/10/08,7.02,7.02,6.34,6.64,24428237,163468688.00
2024/10/09,6.48,6.48,5.99,6.00,15681956,97391752.00
2024/10/10,6.02,6.23,5.92,6.08,11227092,68378264.00
2024/10/11,6.10,6.15,5.95,5.99,6328032,38164272.00
2024/10/14,6.07,6.12,5.96,6.10,7297100,44274456.00
2024/10/15,6.12,6.12,5.93,5.94,6530573,39294108.00
2024/10/16,5.88,6.13,5.86,6.08,7965900,48032480.00
2024/10/17,6.09,6.12,5.92,5.95,5483900,32963248.00
2024/10/18,5.95,6.06,5.90,5.99,6491125,38830512.00
2024/10/21,5.99,6.03,5.90,5.95,8151200,48591640.00
2024/10/22,5.97,5.99,5.90,5.97,6613600,39373868.00
2024/10/23,5.96,6.08,5.96,6.01,8497545,51264512.00
2024/10/24,6.00,6.16,5.95,6.07,8659268,52206916.00
2024/10/25,6.08,6.12,6.03,6.09,10747206,65290308.00
2024/10/28,6.16,6.40,6.16,6.35,20021977,126605088.00
2024/10/29,6.37,6.38,6.13,6.16,12234204,76276848.00
2024/10/30,6.13,6.23,6.07,6.13,6975349,42792696.00
2024/10/31,6.13,6.20,6.09,6.19,7032988,43398260.00
2024/11/01,6.31,6.65,6.24,6.43,29360990,188632560.00
2024/11/04,6.38,6.38,6.14,6.30,16117774,100773856.00
2024/11/05,6.24,6.47,6.24,6.44,14295903,91029352.00
2024/11/06,6.44,6.63,6.42,6.45,15199900,98743696.00
2024/11/07,6.45,6.54,6.37,6.52,11324832,73461464.00
2024/11/08,6.55,6.58,6.38,6.42,13009600,84163888.00
2024/11/11,6.39,6.49,6.38,6.48,8726268,56101224.00
2024/11/12,6.50,6.62,6.40,6.47,12726935,83030144.00
2024/11/13,6.43,6.53,6.36,6.50,8688832,55967216.00
2024/11/14,6.46,6.56,6.35,6.37,8875762,56996672.00
2024/11/15,6.36,6.58,6.32,6.50,13006661,84216960.00
2024/11/18,6.52,6.62,6.34,6.52,12857332,83635376.00
2024/11/19,6.49,6.77,6.48,6.75,21674311,144097920.00
2024/11/20,6.74,7.43,6.61,7.25,34823935,245662416.00
2024/11/21,7.10,7.16,6.95,6.95,26723707,187767824.00
2024/11/22,6.91,7.10,6.59,6.63,21248472,145389744.00
数据来源:通达信
