603933 睿能科技 日线 前复权
      日期	    开盘	    最高	    最低	    收盘	    成交量	    成交额
2017/07/06,13.90,13.90,13.90,13.90,12400,360716.00
2017/07/07,15.38,15.38,15.38,15.38,2100,67200.00
2017/07/10,17.02,17.02,17.02,17.02,5014,176493.00
2017/07/11,18.81,18.81,18.81,18.81,12420,480902.00
2017/07/12,20.79,20.79,20.79,20.79,156560,6667890.00
2017/07/13,22.96,22.96,22.96,22.96,176592,8273335.00
2017/07/14,25.33,25.35,24.35,25.35,14545179,741052672.00
2017/07/17,24.92,26.61,24.16,24.34,14410623,745814272.00
2017/07/18,23.30,25.28,23.30,24.46,9976719,496514176.00
2017/07/19,25.06,25.49,24.32,24.81,8696916,441674880.00
2017/07/20,24.31,25.10,23.19,23.28,8433272,414053024.00
2017/07/21,22.88,23.32,22.45,22.74,5289090,246208800.00
2017/07/24,22.62,23.89,22.28,23.43,5689827,268713120.00
2017/07/25,23.34,23.44,22.27,22.30,4907237,228288768.00
2017/07/26,22.22,23.13,22.22,22.60,4248468,196283872.00
2017/07/27,22.35,23.64,21.96,23.28,6193190,288627552.00
2017/07/28,23.14,23.95,22.94,23.07,4664977,222025648.00
2017/07/31,22.53,23.27,22.53,23.07,3675261,172071888.00
2017/08/01,23.07,24.04,22.99,23.99,5190816,248915840.00
2017/08/02,23.80,23.92,22.75,22.82,4299363,205009616.00
2017/08/03,22.68,23.26,22.53,22.72,3205901,149885136.00
2017/08/04,22.63,22.81,22.03,22.08,3476953,158739936.00
2017/08/07,22.27,23.04,22.23,22.60,2468504,114085080.00
2017/08/08,22.52,23.08,22.10,23.05,2969487,137031856.00
2017/08/09,22.92,24.00,22.87,23.60,3853029,184637808.00
2017/08/10,23.34,23.85,22.54,22.72,3253872,152954576.00
2017/08/11,22.27,22.41,21.62,21.77,4272846,192492384.00
2017/08/14,21.58,22.17,21.56,22.05,2154638,96758680.00
2017/08/15,21.94,22.37,21.56,21.94,3336705,149515104.00
2017/08/16,21.91,22.97,21.83,22.57,4414185,202646592.00
2017/08/17,22.48,22.93,22.36,22.64,3133511,144830016.00
2017/08/18,22.37,22.48,22.13,22.21,2286601,103946872.00
2017/08/21,22.26,24.21,22.24,23.82,5207846,247647296.00
2017/08/22,23.85,24.56,23.60,24.04,5771132,282893280.00
2017/08/23,23.84,26.35,23.49,25.40,8010122,404755840.00
2017/08/24,25.08,25.89,24.02,24.11,7916454,402756960.00
2017/08/25,24.16,25.68,24.15,25.56,6067802,307361888.00
2017/08/28,25.92,26.94,25.77,26.40,7726077,413546976.00
2017/08/29,26.35,27.90,25.85,25.96,8174175,444992608.00
2017/08/30,25.50,26.05,24.79,25.14,5378228,277564416.00
2017/08/31,25.48,26.86,25.42,26.69,5329629,283428992.00
2017/09/01,26.83,26.90,25.90,26.17,4012429,213975296.00
2017/09/04,26.04,27.06,25.64,25.76,4168295,222513904.00
2017/09/05,25.64,26.38,25.38,26.20,2833824,148935072.00
2017/09/06,25.85,25.99,25.03,25.56,3207846,166130848.00
2017/09/07,25.38,26.06,25.38,25.51,2594609,135771440.00
2017/09/08,25.38,26.02,25.09,25.99,2963426,154311408.00
2017/09/11,26.20,27.02,26.09,26.88,3915936,212259904.00
2017/09/12,26.89,26.89,25.61,25.81,3757307,199321936.00
2017/09/13,25.91,27.53,25.74,27.32,4316488,233689216.00
2017/09/14,27.14,28.47,26.94,27.48,5417766,304262272.00
2017/09/15,27.16,28.39,27.16,27.50,5048173,285123040.00
2017/09/18,27.19,27.37,26.30,27.00,3786205,205010544.00
2017/09/19,26.79,28.09,26.66,27.94,3866786,215318928.00
2017/09/20,27.85,28.43,27.44,28.23,3595862,204163712.00
2017/09/21,27.93,28.13,26.91,26.95,3391942,189363776.00
2017/09/22,26.94,27.59,26.20,27.54,2894644,158663792.00
2017/09/25,27.37,28.07,26.71,26.79,2494997,138959664.00
2017/09/26,26.45,26.75,24.97,25.47,3631712,189989584.00
2017/09/27,25.45,25.98,25.36,25.71,1628811,84828168.00
2017/09/28,25.71,26.25,25.59,25.87,1629208,86056064.00
2017/09/29,25.84,26.31,25.59,25.93,1605097,84629512.00
2017/10/09,26.31,26.49,25.98,26.06,1479306,78816416.00
2017/10/10,25.99,26.80,25.95,26.80,1965295,105678272.00
2017/10/11,26.86,27.06,26.25,26.34,1923431,103759976.00
2017/10/12,26.22,26.52,25.59,25.86,1935303,102123376.00
2017/10/13,25.83,26.71,25.60,26.65,2192823,117032048.00
2017/10/16,26.80,26.80,25.48,25.64,2118007,111619104.00
2017/10/17,25.48,26.49,25.36,26.09,1273876,67407872.00
2017/10/18,26.07,26.28,25.43,25.59,1281497,67249120.00
2017/10/19,25.59,26.19,25.48,26.00,1238997,65164980.00
2017/10/20,25.71,27.40,25.71,27.37,3452917,187909424.00
2017/10/23,27.27,27.90,27.19,27.65,2820017,157311440.00
2017/10/24,27.50,27.53,26.78,27.49,2727082,150310512.00
2017/10/25,27.58,28.86,27.38,28.79,4794520,274294624.00
2017/10/26,28.58,28.95,28.39,28.79,3033590,176318976.00
2017/10/27,28.58,29.04,28.47,29.01,2502573,145556816.00
2017/10/30,29.80,30.15,28.29,28.33,4441901,262528688.00
2017/10/31,28.14,31.26,28.12,30.61,5987232,364481792.00
2017/11/01,30.43,31.44,30.38,30.82,4720366,295277216.00
2017/11/02,30.72,31.96,30.44,30.50,3986597,250832128.00
2017/11/03,30.56,31.49,30.28,31.45,3446929,215958576.00
2017/11/06,31.69,31.80,31.01,31.45,3286441,207804720.00
2017/11/07,31.31,31.43,30.54,31.29,2868358,179552192.00
2017/11/08,31.23,31.80,30.63,30.64,2929734,184813600.00
2017/11/09,30.52,30.93,30.08,30.56,2594597,159738016.00
2017/11/10,30.58,31.16,30.44,30.74,2140448,133283552.00
2017/11/13,31.02,32.47,30.84,32.32,3683679,236940416.00
2017/11/14,32.27,32.30,31.12,31.24,2963310,189766848.00
2017/11/15,31.05,31.20,29.82,30.17,2756386,168878480.00
2017/11/16,30.15,30.59,29.06,29.22,2678780,160990592.00
2017/11/17,29.26,29.55,27.15,27.45,2912834,167512400.00
2017/11/20,27.78,28.66,27.44,28.61,2166385,123597480.00
2017/11/21,28.46,28.65,26.46,27.82,3365427,187326992.00
2017/11/22,27.69,28.51,27.27,28.34,2404657,136285344.00
2017/11/23,28.14,28.68,27.63,27.99,2047157,117068328.00
2017/11/24,27.78,28.47,27.51,27.85,1740000,98976832.00
2017/11/27,27.59,27.59,25.12,25.30,2684837,142963808.00
2017/11/28,25.30,26.14,25.30,26.02,1424634,74767168.00
2017/11/29,26.10,26.23,25.48,26.09,1494751,78651760.00
2017/11/30,26.09,26.55,25.79,26.07,1246751,66254188.00
2017/12/01,26.17,26.71,25.95,26.52,1321297,70902960.00
2017/12/04,26.16,26.16,24.13,24.39,2570797,130501216.00
2017/12/05,24.29,24.78,23.74,23.97,1503397,74327400.00
2017/12/06,24.03,25.00,24.03,24.93,1586450,79218048.00
2017/12/07,24.67,25.20,24.67,24.81,1150631,58382440.00
2017/12/08,24.63,25.71,24.63,25.43,1583767,81771160.00
2017/12/11,25.33,25.74,25.30,25.58,1092488,56636344.00
2017/12/12,25.48,25.48,24.21,24.32,1749786,88328896.00
2017/12/13,24.24,25.20,24.24,25.14,1365943,69200224.00
2017/12/14,24.97,25.74,24.73,25.54,1418851,73025528.00
2017/12/15,25.41,25.85,25.18,25.46,1207815,62531288.00
2017/12/18,25.57,25.64,24.98,25.46,1023014,52616296.00
2017/12/19,25.46,25.74,25.40,25.67,1001658,52064068.00
2017/12/20,25.59,25.59,24.90,25.03,1081774,55592520.00
2017/12/21,24.77,25.35,24.31,25.12,1262854,63824936.00
2017/12/22,25.08,25.19,24.77,24.85,965025,48996856.00
2017/12/25,24.67,25.08,24.29,24.79,1239617,62071448.00
2017/12/26,24.72,26.04,24.52,25.82,1895980,98279824.00
2017/12/27,25.73,26.17,25.53,25.59,1303100,68465832.00
2017/12/28,25.45,26.51,25.33,26.06,1426071,75736200.00
2017/12/29,26.06,26.45,25.92,26.27,1114857,59218824.00
2018/01/02,26.41,26.52,25.94,26.35,1097082,58335624.00
2018/01/03,26.25,26.30,25.86,26.02,1288508,68169080.00
2018/01/04,25.99,26.39,25.82,26.07,1059686,56163100.00
2018/01/05,26.07,26.33,25.91,26.05,1011600,53680144.00
2018/01/08,26.10,26.23,25.50,25.99,1529588,80025064.00
2018/01/09,25.99,25.99,25.59,25.83,1016294,53278356.00
2018/01/10,25.78,25.80,24.51,24.95,1465600,74956656.00
2018/01/11,24.85,25.31,24.55,25.15,1159819,58819704.00
2018/01/12,25.07,25.07,24.57,24.82,828284,41871728.00
2018/01/15,24.62,24.71,22.87,22.97,1993133,95754984.00
2018/01/16,23.14,23.48,22.93,23.36,1140640,54200532.00
2018/01/17,23.24,24.12,23.00,23.87,1367117,65859172.00
2018/01/18,23.74,24.07,23.64,23.99,810254,39443344.00
2018/01/19,23.95,24.57,23.78,24.26,1102683,54581992.00
2018/01/22,24.06,24.54,23.55,24.34,965503,47522160.00
2018/01/23,24.21,24.62,24.21,24.43,772925,38467408.00
2018/01/24,24.36,24.80,24.18,24.77,1008754,50438016.00
2018/01/25,24.67,24.72,24.25,24.27,1086204,54160156.00
2018/01/26,24.23,24.44,23.74,23.85,1002601,49072352.00
2018/01/29,23.95,24.49,23.65,24.46,1188782,58223556.00
2018/01/30,21.92,22.42,21.92,21.92,2497054,111960576.00
2018/01/31,20.80,20.99,19.64,19.64,4489383,185086608.00
2018/02/01,19.57,19.90,19.07,19.19,2052094,81913016.00
2018/02/02,19.11,19.18,18.24,18.42,2390468,91632408.00
2018/02/05,17.93,18.38,17.88,17.95,1298697,48531644.00
2018/02/06,17.41,17.41,16.07,16.07,2709007,93628192.00
2018/02/07,16.48,16.64,15.56,16.23,2265826,76445088.00
2018/02/08,16.23,16.84,16.10,16.65,1610954,55259852.00
2018/02/09,16.12,16.47,15.69,16.23,1505257,50476528.00
2018/02/12,16.53,17.16,16.52,16.98,1601539,56099116.00
2018/02/13,16.99,17.16,16.68,16.76,1288997,44855448.00
2018/02/14,16.84,16.84,16.40,16.46,1013837,34763568.00
2018/02/22,16.64,16.89,16.41,16.86,1150304,39818504.00
2018/02/23,16.81,17.24,16.78,17.07,1368625,48235964.00
2018/02/26,17.39,18.87,17.39,18.87,2588755,97125728.00
2018/02/27,18.88,19.62,18.68,19.13,3430681,134765232.00
2018/02/28,18.85,18.93,18.39,18.84,1976768,76081360.00
2018/03/01,18.60,20.21,18.60,19.85,2937674,117349088.00
2018/03/02,19.48,21.19,19.46,20.23,4054306,170382208.00
2018/03/05,19.99,20.41,19.72,20.30,2321628,95412968.00
2018/03/06,20.28,20.43,19.87,20.16,2186147,90101488.00
2018/03/07,19.92,20.37,19.49,19.58,1891415,77331040.00
2018/03/08,19.75,20.08,19.59,19.97,2203623,89826816.00
2018/03/09,19.82,20.58,19.82,20.52,2540265,105839304.00
2018/03/12,20.84,21.39,20.43,20.61,2632657,112132688.00
2018/03/13,20.55,21.31,20.39,21.04,2412780,103288744.00
2018/03/14,20.82,20.95,20.31,20.32,1919980,81162528.00
2018/03/15,19.97,19.97,18.82,19.36,2919017,115799360.00
2018/03/16,19.40,19.66,19.26,19.35,1261089,50459868.00
2018/03/19,19.39,19.76,19.26,19.57,1362252,54803148.00
2018/03/20,19.36,19.72,19.15,19.66,1198329,47834684.00
2018/03/21,19.67,20.31,19.46,19.61,2223415,91504864.00
2018/03/22,19.69,20.37,19.67,20.19,1799812,74042040.00
2018/03/23,19.46,19.67,18.08,18.08,2485399,96203728.00
2018/03/26,17.43,19.74,17.33,19.49,2320754,87879936.00
2018/03/27,20.08,20.93,19.56,20.90,3378137,140443184.00
2018/03/28,20.38,22.45,20.23,21.46,4454463,194954192.00
2018/03/29,21.05,21.12,20.30,20.81,4052795,172010528.00
2018/03/30,20.98,21.51,20.74,21.06,3679115,158793280.00
2018/04/02,21.19,21.76,20.66,21.73,3498410,152488704.00
2018/04/03,21.30,22.35,21.20,21.88,3131601,139255232.00
2018/04/04,21.91,22.32,20.99,21.01,2553700,112415048.00
2018/04/09,21.00,21.45,20.22,21.17,1758107,75218976.00
2018/04/10,21.27,21.70,20.58,21.50,2072017,90086056.00
2018/04/11,21.81,22.57,21.51,21.73,3674926,165230224.00
2018/04/12,21.48,21.70,20.95,21.23,2448954,106448840.00
2018/04/13,21.44,21.76,20.90,21.70,3036307,133200256.00
2018/04/16,21.54,21.62,20.94,21.23,2047254,89248504.00
2018/04/17,21.17,21.33,19.72,19.73,2221634,93155648.00
2018/04/18,19.88,20.34,18.97,20.09,1994864,80782344.00
2018/04/19,19.79,19.87,19.36,19.39,1979597,79636000.00
2018/04/20,19.04,19.45,18.12,18.20,1655597,63959472.00
2018/04/23,18.34,18.49,17.86,18.24,920697,34650776.00
2018/04/24,18.27,19.82,18.27,19.33,1926137,75492256.00
2018/04/25,19.08,19.54,18.98,19.29,1109300,44005728.00
2018/04/26,19.26,19.41,18.44,18.45,1140697,44289232.00
2018/04/27,18.65,18.92,18.46,18.61,702300,27007112.00
2018/05/02,18.86,18.92,17.94,18.63,1130514,42873856.00
2018/05/03,18.44,19.21,18.23,19.06,1547107,59827768.00
2018/05/04,19.24,19.66,19.13,19.40,1601600,63794124.00
2018/05/07,19.72,19.96,19.53,19.91,1629445,66116164.00
2018/05/08,19.78,20.12,19.63,19.96,1328645,54249588.00
2018/05/09,19.96,20.09,19.63,19.68,1218805,49521052.00
2018/05/10,19.93,20.61,19.76,20.20,2134399,62358800.00
2018/05/11,20.01,20.01,19.20,19.36,2389938,67752424.00
2018/05/14,19.31,19.51,18.82,19.01,1553840,43105012.00
2018/05/15,19.06,19.50,18.86,19.42,1142696,31918660.00
2018/05/16,19.29,19.61,18.93,19.08,1298165,36367824.00
2018/05/17,19.14,19.36,18.94,19.29,1161979,32265652.00
2018/05/18,19.29,19.34,18.63,18.95,1626180,44745880.00
2018/05/21,19.06,19.54,19.06,19.47,1716815,48225332.00
2018/05/22,19.49,20.38,19.31,20.27,3247443,93699328.00
2018/05/23,20.01,20.34,19.66,19.68,2370195,68544328.00
2018/05/24,19.71,20.17,19.66,19.85,1793087,51850256.00
2018/05/25,19.79,19.90,19.30,19.81,2009621,57233656.00
2018/05/28,19.80,19.80,19.14,19.28,1577200,44658156.00
2018/05/29,19.28,19.57,18.77,18.84,1337459,37212956.00
2018/05/30,18.39,18.39,16.92,17.02,2233840,57499288.00
2018/05/31,17.34,17.67,17.03,17.39,1472260,37176744.00
2018/06/01,17.35,17.79,16.98,17.34,1482562,37630872.00
2018/06/04,17.79,17.86,17.36,17.41,1107240,28306038.00
2018/06/05,17.43,17.93,17.36,17.84,1367008,35318328.00
2018/06/06,17.79,18.09,17.64,18.06,1514391,39350924.00
2018/06/07,18.00,18.06,17.43,17.56,1339740,34544480.00
2018/06/08,17.52,17.52,17.16,17.31,1130073,28548796.00
2018/06/11,17.25,17.56,17.09,17.36,1018950,25782772.00
2018/06/12,17.39,17.46,17.00,17.35,1488634,37386372.00
2018/06/13,17.32,17.32,16.59,16.64,1547740,38185996.00
2018/06/14,16.64,16.90,16.51,16.68,1294537,31596142.00
2018/06/15,16.61,16.78,15.58,15.86,1887964,44373340.00
2018/06/19,15.56,15.56,14.21,14.21,1555140,33802552.00
2018/06/20,14.06,14.64,13.91,14.35,1289504,27110840.00
2018/06/21,14.35,14.50,13.50,13.56,1379603,28268484.00
2018/06/22,13.50,13.93,13.12,13.79,1317821,26635286.00
2018/06/25,13.93,14.20,13.72,13.82,1251860,25688868.00
2018/06/26,13.43,14.25,13.25,14.21,1362438,27989574.00
2018/06/27,14.24,14.72,14.14,14.36,1504668,31852532.00
2018/06/28,14.20,14.75,14.11,14.30,1350744,28799284.00
2018/06/29,14.45,15.20,14.31,15.11,1905591,41609704.00
2018/07/02,15.11,15.36,14.61,14.89,1647966,36240140.00
2018/07/03,14.88,15.57,14.76,15.44,1537160,34202068.00
2018/07/04,15.36,15.36,14.59,14.71,1399402,30717876.00
2018/07/05,14.71,15.21,14.61,14.69,1237367,27012340.00
2018/07/06,14.67,15.16,14.31,14.80,1989820,43299120.00
2018/07/09,14.96,15.28,14.83,15.24,1758233,38895148.00
2018/07/10,15.39,15.39,15.11,15.29,1657559,37035168.00
2018/07/11,14.96,15.00,14.57,14.85,1535076,33331032.00
2018/07/12,14.91,15.55,14.79,15.29,1874563,41968152.00
2018/07/13,15.42,15.79,15.30,15.49,1695837,38617824.00
2018/07/16,15.49,15.63,15.21,15.36,865167,19470084.00
2018/07/17,15.40,15.64,15.31,15.54,1305771,29577916.00
2018/07/18,15.61,15.95,15.34,15.56,1772559,40710832.00
2018/07/19,15.82,15.91,15.04,15.08,1441884,32379966.00
2018/07/20,14.83,15.31,14.64,15.16,1132416,24888566.00
2018/07/23,15.16,15.46,15.09,15.44,928588,20876096.00
2018/07/24,15.47,15.79,15.22,15.66,1858296,42438584.00
2018/07/25,15.66,15.85,15.49,15.58,1126960,25835142.00
2018/07/26,15.69,15.69,15.29,15.34,1042072,23569236.00
2018/07/27,15.35,15.41,15.01,15.21,902340,20122658.00
2018/07/30,15.08,15.27,14.61,14.81,971476,21217180.00
2018/07/31,14.85,14.99,14.73,14.91,673679,14695932.00
2018/08/01,14.68,14.89,13.89,13.99,1278436,27381976.00
2018/08/02,13.95,13.95,13.18,13.49,1572331,31317674.00
2018/08/03,13.50,13.67,13.29,13.35,612407,12168222.00
2018/08/06,13.23,13.37,12.73,12.86,1105176,21249748.00
2018/08/07,12.91,13.48,12.82,13.46,1197416,23342156.00
2018/08/08,13.56,13.56,12.91,13.14,831327,16261053.00
2018/08/09,13.10,13.76,12.94,13.55,1520179,30272842.00
2018/08/10,13.46,13.70,13.39,13.63,1173175,23399074.00
2018/08/13,13.37,13.69,13.21,13.64,1042852,20679622.00
2018/08/14,13.63,14.06,13.57,13.78,1228585,24972196.00
2018/08/15,13.84,13.96,13.46,13.50,862600,17361604.00
2018/08/16,13.43,13.65,13.09,13.41,781919,15470867.00
2018/08/17,13.45,13.65,13.14,13.16,803860,15868748.00
2018/08/20,12.99,13.37,12.89,13.26,636320,12317338.00
2018/08/21,13.29,13.54,13.05,13.44,756203,14878498.00
2018/08/22,13.29,13.42,13.04,13.05,562712,10988191.00
2018/08/23,13.08,13.40,13.03,13.26,591007,11564717.00
2018/08/24,13.35,13.35,13.10,13.14,478912,9325332.00
2018/08/27,13.26,13.56,13.20,13.50,900510,17816988.00
2018/08/28,13.56,13.60,13.40,13.49,758960,15086896.00
2018/08/29,13.46,14.29,13.31,13.64,1812023,36621976.00
2018/08/30,13.64,13.68,13.21,13.23,1007340,19854808.00
2018/08/31,13.22,13.22,12.93,13.14,721247,13920649.00
2018/09/03,12.94,13.09,12.50,12.76,751304,14141442.00
2018/09/04,12.71,12.96,12.71,12.85,593647,11286937.00
2018/09/05,12.93,12.96,12.57,12.57,575712,10873429.00
2018/09/06,12.41,12.75,12.41,12.56,545180,10182184.00
2018/09/07,12.66,12.79,12.45,12.49,582319,10875007.00
2018/09/10,12.58,12.58,12.15,12.23,487597,8881051.00
2018/09/11,12.16,12.49,12.16,12.34,534312,9759437.00
2018/09/12,12.39,12.59,12.19,12.56,647856,11917948.00
2018/09/13,12.66,12.74,12.36,12.60,449976,8349972.00
2018/09/14,12.67,12.67,12.33,12.34,362880,6705147.00
2018/09/17,12.26,12.33,12.06,12.16,416420,7517307.00
2018/09/18,12.16,12.36,12.09,12.31,771900,14013857.00
2018/09/19,12.31,12.54,12.17,12.43,844668,15492128.00
2018/09/20,12.38,12.45,12.14,12.14,607280,11066686.00
2018/09/21,12.24,12.43,12.17,12.40,1146540,20932256.00
2018/09/25,12.39,12.50,12.29,12.48,621380,11428341.00
2018/09/26,12.44,12.55,12.31,12.46,753928,13894947.00
2018/09/27,12.38,12.41,12.11,12.12,644176,11702935.00
2018/09/28,12.21,12.41,12.13,12.29,511752,9319829.00
2018/10/08,12.07,12.10,11.51,11.56,845340,14836757.00
2018/10/09,11.60,11.79,11.54,11.61,483800,8367005.00
2018/10/10,11.71,11.89,11.62,11.85,628100,11014666.00
2018/10/11,11.43,11.43,10.69,10.86,1292551,21324244.00
2018/10/12,10.75,10.86,10.08,10.60,849691,13313328.00
2018/10/15,10.60,10.84,10.40,10.44,599220,9533808.00
2018/10/16,10.48,10.68,10.11,10.20,592076,9203467.00
2018/10/17,10.45,10.56,10.20,10.47,761721,11857388.00
2018/10/18,10.44,10.61,10.08,10.50,995200,15461848.00
2018/10/19,10.35,11.62,10.14,11.32,3128662,52103088.00
2018/10/22,11.43,11.89,11.16,11.75,2781368,47934600.00
2018/10/23,11.64,11.71,11.19,11.34,1822208,30944960.00
2018/10/24,11.25,11.41,11.17,11.29,783520,13149296.00
2018/10/25,10.91,11.07,10.68,11.03,1019540,16558093.00
2018/10/26,11.09,11.15,10.72,10.86,1076540,17525164.00
2018/10/29,10.74,10.76,10.50,10.64,601520,9574538.00
2018/10/30,10.55,10.88,10.51,10.79,621140,9948936.00
2018/10/31,10.82,11.35,10.82,11.07,1309060,21639958.00
2018/11/01,11.14,11.46,11.09,11.20,1436360,24079236.00
2018/11/02,11.41,11.57,11.30,11.43,1392811,23570040.00
2018/11/05,11.53,11.75,11.24,11.41,1423920,24334440.00
2018/11/06,11.34,11.34,11.11,11.25,832040,13883981.00
2018/11/07,11.34,11.76,11.27,11.69,2556860,43986468.00
2018/11/08,11.69,11.71,11.54,11.57,1313380,22682756.00
2018/11/09,11.50,11.77,11.46,11.71,1366801,23696118.00
2018/11/12,11.71,12.77,11.71,12.32,2337941,42361504.00
2018/11/13,12.20,12.84,12.15,12.66,2619260,48631156.00
2018/11/14,12.65,12.81,12.54,12.62,1772940,33221232.00
2018/11/15,12.69,13.95,12.60,13.13,5721827,112718928.00
2018/11/16,12.99,13.06,12.58,12.72,4828867,90950360.00
2018/11/19,12.63,12.63,12.33,12.42,2299190,42231520.00
2018/11/20,12.40,12.49,12.09,12.24,1390937,25372748.00
2018/11/21,12.14,12.33,12.00,12.25,938686,16937416.00
2018/11/22,12.44,12.64,12.26,12.45,1437460,26569188.00
2018/11/23,12.46,12.52,11.74,11.76,1452277,25804972.00
2018/11/26,11.79,12.13,11.51,12.11,1564400,27721628.00
2018/11/27,12.20,12.83,12.19,12.80,3649978,68232224.00
2018/11/28,12.57,13.53,12.56,13.29,4340783,84593448.00
2018/11/29,13.18,13.34,12.80,12.86,2019555,38904808.00
2018/11/30,12.71,13.56,12.71,13.04,2617103,50984988.00
2018/12/03,13.29,14.26,13.20,13.99,3914420,78505032.00
2018/12/04,13.74,14.56,13.67,14.43,5301260,110199728.00
2018/12/05,13.86,15.36,13.86,14.93,8784465,190249360.00
2018/12/06,14.79,15.71,14.01,14.29,6100586,130438616.00
2018/12/07,14.31,15.79,14.30,15.79,3901351,87317992.00
2018/12/10,16.59,17.21,15.73,15.78,8953476,214939888.00
2018/12/11,15.61,16.19,15.37,15.64,3735991,86104616.00
2018/12/12,15.65,16.07,15.44,15.59,2402840,55225652.00
2018/12/13,15.46,15.84,15.43,15.54,1652533,37631132.00
2018/12/14,15.61,17.17,15.51,17.17,6486489,157948160.00
2018/12/17,17.86,17.86,16.49,17.79,11159965,278966112.00
2018/12/18,17.14,17.14,15.94,16.61,12828155,301766048.00
2018/12/19,15.71,15.89,14.88,15.36,11411880,251970288.00
2018/12/20,14.28,14.44,13.75,13.75,8572786,175766112.00
2018/12/21,13.04,13.25,12.67,12.94,6507226,124860272.00
2018/12/24,12.86,13.06,12.65,12.94,3571346,68056080.00
2018/12/25,12.71,12.85,12.14,12.77,4311340,79457112.00
2018/12/26,12.61,12.97,12.56,12.92,3381680,63870700.00
2018/12/27,13.09,13.18,12.29,12.29,3364046,63593576.00
2018/12/28,12.36,12.85,12.11,12.66,3679302,68008368.00
2019/01/02,12.57,12.64,12.29,12.34,2257820,41521508.00
2019/01/03,12.41,12.41,11.79,11.96,3042740,54541360.00
2019/01/04,11.86,12.31,11.66,12.22,1989640,35612280.00
2019/01/07,12.29,12.53,12.16,12.47,2492566,45626464.00
2019/01/08,12.45,12.45,12.25,12.38,1557920,28430688.00
2019/01/09,12.42,12.56,12.30,12.39,2498040,46088584.00
2019/01/10,12.36,12.55,12.07,12.32,2304720,42009876.00
2019/01/11,12.29,12.61,12.15,12.61,2886360,53002488.00
2019/01/14,12.61,12.71,12.35,12.38,1603940,29682304.00
2019/01/15,12.43,12.89,12.35,12.79,2803080,52508400.00
2019/01/16,12.69,12.79,12.29,12.39,2725760,50406004.00
2019/01/17,12.34,12.40,12.11,12.15,1761380,31917474.00
2019/01/18,12.15,12.50,12.01,12.31,1575257,28575064.00
2019/01/21,12.36,12.42,12.21,12.37,1188560,21734216.00
2019/01/22,12.39,12.39,12.15,12.27,1140097,20691654.00
2019/01/23,12.16,12.25,12.12,12.17,768220,13865577.00
2019/01/24,12.29,12.42,12.19,12.31,1312020,23944158.00
2019/01/25,12.30,12.30,12.06,12.06,1301600,23473230.00
2019/01/28,12.21,12.21,11.82,11.82,894180,15892378.00
2019/01/29,11.82,11.82,10.72,11.16,2073000,34600484.00
2019/01/30,11.03,11.24,10.93,11.02,723400,11996171.00
2019/01/31,10.71,11.16,10.62,10.70,1407342,22757100.00
2019/02/01,10.71,11.14,10.71,11.10,855100,14006385.00
2019/02/11,11.21,11.56,11.11,11.49,1236796,20930656.00
2019/02/12,11.49,12.06,11.44,11.91,1934756,33840320.00
2019/02/13,11.83,12.08,11.79,12.02,2208520,39264752.00
2019/02/14,12.02,12.04,11.88,12.04,1595140,28315928.00
2019/02/15,11.99,12.13,11.88,12.06,1443080,25767540.00
2019/02/18,12.20,12.94,12.14,12.75,2994246,55744660.00
2019/02/19,12.86,12.92,12.50,12.64,3039066,57062364.00
2019/02/20,12.71,12.82,12.51,12.73,1639380,30775908.00
2019/02/21,12.73,13.34,12.66,12.90,3229092,62240216.00
2019/02/22,12.72,13.05,12.69,12.98,2121521,40430460.00
2019/02/25,13.06,13.74,13.06,13.71,3581323,71078784.00
2019/02/26,13.71,13.77,13.39,13.42,2982307,59609568.00
2019/02/27,13.42,13.64,12.93,13.14,3052071,59973716.00
2019/02/28,13.27,13.51,12.99,13.41,2235416,44094936.00
2019/03/01,13.54,13.56,12.99,13.21,2126756,41472768.00
2019/03/04,13.45,13.66,13.24,13.44,3003448,59698832.00
2019/03/05,13.44,14.04,13.31,14.04,3659245,74368448.00
2019/03/06,14.00,14.31,13.79,14.25,3720042,77081512.00
2019/03/07,14.29,14.65,14.08,14.49,3669259,77365120.00
2019/03/08,14.19,15.43,14.00,14.08,5980919,129421376.00
2019/03/11,14.26,14.59,14.08,14.56,3651982,77216576.00
2019/03/12,14.69,14.84,14.36,14.59,3845305,82560880.00
2019/03/13,14.65,14.84,14.13,14.30,3081512,65937488.00
2019/03/14,14.33,14.44,13.46,13.64,2996917,60860264.00
2019/03/15,13.68,14.28,13.68,13.94,2502352,51420112.00
2019/03/18,13.93,14.54,13.83,14.36,2095934,43709644.00
2019/03/19,14.37,14.61,14.27,14.47,2590166,55016536.00
2019/03/20,14.49,14.62,14.04,14.35,2167900,45741432.00
2019/03/21,14.39,14.76,14.29,14.46,2256386,48217320.00
2019/03/22,14.56,14.98,14.32,14.90,3301383,71127824.00
2019/03/25,14.57,14.95,14.45,14.56,2837300,61179984.00
2019/03/26,14.58,14.73,13.97,13.98,2364759,49651888.00
2019/03/27,14.20,14.24,13.50,13.61,3118019,63055672.00
2019/03/28,13.58,14.02,13.48,13.64,1942846,39416540.00
2019/03/29,13.75,13.91,13.45,13.89,2061286,41665988.00
2019/04/01,13.93,14.39,13.93,14.39,2289459,47913508.00
2019/04/02,14.39,14.76,14.30,14.48,2812006,60072832.00
2019/04/03,14.49,14.66,14.37,14.64,1976892,42298624.00
2019/04/04,14.69,14.85,14.42,14.53,2282580,48923732.00
2019/04/08,14.52,14.82,14.28,14.48,2238357,47763772.00
2019/04/09,14.31,14.56,14.06,14.44,1512291,31903520.00
2019/04/10,14.38,14.42,14.18,14.31,1503649,31535642.00
2019/04/11,14.36,14.39,13.79,13.84,1710206,35464248.00
2019/04/12,13.84,13.99,13.74,13.84,1175279,23951100.00
2019/04/15,13.93,14.19,13.63,13.74,1204362,24807982.00
2019/04/16,13.74,13.99,13.51,13.98,1250014,25294406.00
2019/04/17,13.99,14.25,13.87,14.16,1383141,28762142.00
2019/04/18,14.16,14.85,14.03,14.50,3021151,64352120.00
2019/04/19,14.51,14.68,14.24,14.50,1988580,42099356.00
2019/04/22,14.50,14.63,14.12,14.15,1665742,35261712.00
2019/04/23,14.28,14.38,13.95,14.08,1186940,24745672.00
2019/04/24,14.08,14.19,13.81,14.14,1155000,23890704.00
2019/04/25,14.12,14.12,13.51,13.55,1512518,30681904.00
2019/04/26,13.57,13.58,12.96,12.96,1348922,26301904.00
2019/04/29,12.98,13.25,12.16,12.21,1387980,25808962.00
2019/04/30,11.48,12.04,11.40,11.69,2149560,37582092.00
2019/05/06,11.43,11.43,10.64,10.86,1847000,30515588.00
2019/05/07,11.00,11.20,10.86,11.11,993314,16342895.00
2019/05/08,11.00,11.36,10.82,11.21,1189896,19816244.00
2019/05/09,11.36,11.63,11.21,11.40,1312760,22331804.00
2019/05/10,11.46,11.79,10.19,11.74,1772159,30386172.00
2019/05/13,11.64,11.69,11.37,11.44,1315060,22538728.00
2019/05/14,11.18,11.55,11.18,11.36,816920,13849506.00
2019/05/15,11.51,11.59,11.45,11.56,960440,16459607.00
2019/05/16,11.64,11.69,11.45,11.54,1074120,18436516.00
2019/05/17,11.52,11.64,10.94,11.08,1307200,22064510.00
2019/05/20,10.98,11.64,10.98,11.59,1318080,22224612.00
2019/05/21,11.57,12.63,11.44,12.14,2226948,39229580.00
2019/05/22,12.01,12.06,11.64,11.66,1427360,25133908.00
2019/05/23,11.75,12.14,11.52,11.54,1525600,26775038.00
2019/05/24,11.41,11.68,11.32,11.38,616360,10486875.00
2019/05/27,11.46,11.70,11.36,11.69,1086120,18711044.00
2019/05/28,11.69,11.95,11.51,11.62,1168560,20336420.00
2019/05/29,11.59,11.94,11.54,11.83,1537468,26978584.00
2019/05/30,11.93,12.50,11.70,12.22,2733068,49222068.00
2019/05/31,12.07,12.91,12.01,12.55,3322247,61191528.00
2019/06/03,12.44,12.57,12.08,12.33,2087147,38044116.00
2019/06/04,12.21,12.34,11.89,11.97,1231155,21988750.00
2019/06/05,12.06,12.86,12.06,12.31,1916980,24791426.00
2019/06/06,12.24,12.99,11.53,12.65,4799327,61435264.00
2019/06/10,12.92,13.30,12.41,12.87,5767413,77709000.00
2019/06/11,12.55,13.28,12.42,13.19,5934361,79311744.00
2019/06/12,13.08,14.56,12.84,14.56,8611695,122793296.00
2019/06/13,15.48,16.07,15.17,16.07,16206733,266325648.00
2019/06/14,16.67,17.00,14.41,14.41,16736088,262968064.00
2019/06/17,13.50,13.83,12.92,13.10,10773220,148323424.00
2019/06/18,12.97,13.06,12.51,12.60,6247450,82689528.00
2019/06/19,12.90,13.19,12.76,12.97,6896872,93048448.00
2019/06/20,12.86,12.99,12.43,12.92,6101056,80547320.00
2019/06/21,12.87,13.26,12.80,13.19,6537564,88886032.00
2019/06/24,13.19,13.63,13.05,13.62,6620917,91789296.00
2019/06/25,13.58,13.59,13.20,13.39,4540980,62853272.00
2019/06/26,13.22,14.29,13.11,14.10,8116800,115612456.00
2019/06/27,13.89,14.17,13.71,14.10,7390708,106753552.00
2019/06/28,14.00,14.00,13.41,13.55,4276201,60289792.00
2019/07/01,13.90,14.09,13.75,13.86,5133114,73967872.00
2019/07/02,13.78,13.83,13.46,13.56,3665367,51735308.00
2019/07/03,13.45,13.45,12.99,13.09,3776656,51540040.00
2019/07/04,13.16,13.23,12.92,13.06,1627564,22026134.00
2019/07/05,13.16,14.42,13.15,14.42,4370106,64324072.00
2019/07/08,15.50,15.50,14.35,14.39,17151138,265730624.00
2019/07/09,14.16,15.10,14.01,14.95,12051495,182592608.00
2019/07/10,14.50,15.32,14.31,14.35,9108633,138449840.00
2019/07/11,14.39,14.99,13.96,14.23,6872309,102447776.00
2019/07/12,14.19,14.27,13.58,13.76,6079824,86935176.00
2019/07/15,13.76,13.86,13.17,13.60,4760175,66825556.00
2019/07/16,13.56,14.09,13.41,13.95,4854806,69353784.00
2019/07/17,13.93,14.97,13.75,14.65,8799202,132230768.00
2019/07/18,14.35,14.56,13.91,14.22,6206805,91333264.00
2019/07/19,14.46,14.85,14.32,14.52,7057472,106685096.00
2019/07/22,14.51,14.74,13.51,13.89,5257595,76179640.00
2019/07/23,13.89,14.79,13.60,14.75,7440233,110601424.00
2019/07/24,14.60,15.23,14.52,14.83,8793688,135319200.00
2019/07/25,14.82,15.98,14.68,15.78,12594667,199037872.00
2019/07/26,15.39,15.46,15.05,15.19,7367763,115946392.00
2019/07/29,15.26,15.45,14.81,15.43,5770486,90317904.00
2019/07/30,15.20,15.33,14.91,15.06,4405250,68902496.00
2019/07/31,14.94,15.29,14.88,15.12,3661297,57211472.00
2019/08/01,14.98,15.24,14.63,15.19,5005453,77466784.00
2019/08/02,14.71,14.91,14.18,14.62,5316963,80398640.00
2019/08/05,14.45,14.78,14.40,14.46,2932408,44257248.00
2019/08/06,14.03,14.03,13.06,13.39,5364223,74940720.00
2019/08/07,13.58,13.66,13.03,13.04,3014226,41784032.00
2019/08/08,13.12,13.31,13.04,13.20,2499610,34149928.00
2019/08/09,13.23,13.42,12.66,12.67,3728895,50314784.00
2019/08/12,12.79,13.14,12.53,13.11,3000712,40279008.00
2019/08/13,13.00,13.45,12.88,13.32,3424172,47085948.00
2019/08/14,13.51,13.61,13.20,13.27,3088245,42916968.00
2019/08/15,12.52,13.20,12.52,13.10,2568154,34394456.00
2019/08/16,13.07,13.32,12.81,12.97,2666183,36242720.00
2019/08/19,13.08,13.50,13.03,13.43,4034124,55852468.00
2019/08/20,13.52,13.68,13.29,13.38,3402342,47466540.00
2019/08/21,13.40,13.47,13.24,13.25,2382264,32873242.00
2019/08/22,13.26,13.69,13.24,13.40,3404733,47536616.00
2019/08/23,13.41,13.50,13.06,13.21,2449272,33694752.00
2019/08/26,12.62,13.15,12.58,13.05,2232572,30059612.00
2019/08/27,13.10,13.28,12.93,13.03,3464982,47137384.00
2019/08/28,13.05,13.15,12.82,12.85,2347401,31502836.00
2019/08/29,13.02,13.20,12.90,12.96,2529669,34217720.00
2019/08/30,12.97,13.15,12.50,12.55,3764232,50102004.00
2019/09/02,12.55,12.90,12.51,12.88,2621886,34814240.00
2019/09/03,12.92,13.18,12.92,13.12,3379092,45805104.00
2019/09/04,13.12,13.45,13.05,13.45,4946465,68392976.00
2019/09/05,13.45,13.74,13.36,13.48,5397130,75892064.00
2019/09/06,13.50,13.87,13.46,13.65,4532453,64308776.00
2019/09/09,13.89,14.23,13.62,14.17,4858711,70340736.00
2019/09/10,14.17,14.19,13.80,13.95,3643064,52597564.00
2019/09/11,14.02,14.09,13.80,13.83,2422400,34897648.00
2019/09/12,13.85,15.26,13.85,15.26,4880500,75387872.00
2019/09/16,15.59,15.60,14.67,14.83,11748437,181808000.00
2019/09/17,14.81,15.00,14.21,14.61,6768427,102155696.00
2019/09/18,14.59,14.98,14.41,14.78,6968971,106405208.00
2019/09/19,14.74,15.19,14.41,15.05,7410120,113990392.00
2019/09/20,15.03,15.03,14.59,14.72,4443727,67903288.00
2019/09/23,14.60,15.36,14.10,15.19,6311472,97083128.00
2019/09/24,15.08,15.97,14.84,15.66,9709173,154229200.00
2019/09/25,15.40,15.40,14.53,14.91,6775321,105447864.00
2019/09/26,14.84,16.45,14.25,16.45,19747870,325856256.00
2019/09/27,18.15,18.15,17.00,18.15,13607882,250388096.00
2019/09/30,16.50,20.02,16.50,20.02,26331087,494224384.00
2019/10/08,19.27,22.00,19.21,20.03,31834613,662844864.00
2019/10/09,18.36,18.80,17.98,17.98,5290400,98824232.00
2019/10/10,16.14,19.44,16.14,18.36,25275227,444559488.00
2019/10/11,17.50,18.09,16.58,16.88,18340390,328009856.00
2019/10/14,16.98,17.26,16.54,17.08,13090221,228546416.00
2019/10/15,17.03,17.04,16.23,16.38,8718354,148281696.00
2019/10/16,16.40,16.45,15.65,15.70,9064321,148872032.00
2019/10/17,15.80,15.89,15.53,15.58,5315972,86088496.00
2019/10/18,15.68,15.78,15.12,15.13,5733361,91173664.00
2019/10/21,15.13,15.15,14.67,15.04,4304388,66156228.00
2019/10/22,15.08,15.36,14.95,15.30,4584959,71946408.00
2019/10/23,15.21,15.39,15.15,15.19,4090824,64408112.00
2019/10/24,15.06,15.16,14.72,15.02,3914312,60308300.00
2019/10/25,14.97,15.08,14.73,14.99,3585979,55348504.00
2019/10/28,14.97,15.68,14.95,15.55,5930121,94262768.00
2019/10/29,15.56,15.57,14.72,14.82,5206649,81309824.00
2019/10/30,14.31,14.47,13.67,13.90,6766277,98076280.00
2019/10/31,13.93,14.11,13.41,13.57,4314752,61465408.00
2019/11/01,13.63,13.84,13.59,13.73,2662628,37829064.00
2019/11/04,13.70,14.10,13.70,13.89,3305945,47802312.00
2019/11/05,13.95,14.05,13.76,13.99,3297755,47681488.00
2019/11/06,13.92,14.38,13.71,14.28,5365067,78483328.00
2019/11/07,14.10,14.31,13.91,14.25,4633301,67578824.00
2019/11/08,14.30,14.38,13.95,13.95,4021024,58822740.00
2019/11/11,13.99,13.99,13.51,13.53,3467233,49204140.00
2019/11/12,13.80,13.94,13.49,13.85,3130700,44567944.00
2019/11/13,13.97,15.12,13.85,15.03,10452732,156909456.00
2019/11/14,14.71,15.26,14.57,14.91,9144410,140946928.00
2019/11/15,14.80,15.55,14.54,15.32,9906520,154696224.00
2019/11/18,15.29,15.45,15.02,15.31,6128590,96359928.00
2019/11/19,15.19,15.79,15.14,15.51,8182404,130913872.00
2019/11/20,15.52,15.56,15.03,15.08,5841334,91936824.00
2019/11/21,15.00,15.35,14.83,15.13,3599525,56300224.00
2019/11/22,15.10,15.25,14.49,14.64,4707859,72224680.00
2019/11/25,14.66,14.79,13.78,13.88,4812841,69900160.00
2019/11/26,13.86,14.19,13.86,13.91,2707728,39238088.00
2019/11/27,13.91,14.13,13.53,13.84,3312699,47587220.00
2019/11/28,13.80,13.98,13.59,13.63,3101965,44091280.00
2019/11/29,13.63,13.68,13.37,13.52,2507172,35150876.00
2019/12/02,13.55,13.82,13.47,13.65,2429689,34472192.00
2019/12/03,13.52,13.94,13.44,13.94,2730768,38927624.00
2019/12/04,13.81,14.17,13.79,14.14,3202476,46600264.00
2019/12/05,14.20,14.34,14.05,14.30,4217541,62050200.00
2019/12/06,14.20,14.85,14.20,14.63,4763491,71614584.00
2019/12/09,14.73,14.89,14.44,14.45,4207796,63564124.00
2019/12/10,14.40,14.68,14.36,14.63,3569697,53850184.00
2019/12/11,14.66,14.81,14.39,14.39,3138528,47174480.00
2019/12/12,14.31,15.06,14.31,14.88,6505472,99438064.00
2019/12/13,14.86,14.93,14.55,14.81,3951018,60095112.00
2019/12/16,14.78,15.06,14.68,15.05,4408959,68062912.00
2019/12/17,15.00,15.20,14.91,15.13,5171846,80568056.00
2019/12/18,15.13,15.40,15.05,15.36,5211695,82026168.00
2019/12/19,15.41,15.52,15.14,15.18,4314577,67943464.00
2019/12/20,15.26,15.29,14.64,14.68,4653730,71683896.00
2019/12/23,14.77,15.00,14.16,14.95,4892344,73799648.00
2019/12/24,14.64,15.18,14.64,15.01,5122101,78736056.00
2019/12/25,14.95,15.46,14.94,15.28,7658981,120801464.00
2019/12/26,15.26,16.85,15.11,16.38,14646199,242129808.00
2019/12/27,16.15,16.32,15.75,15.80,8796233,145386976.00
2019/12/30,15.69,15.78,15.04,15.61,5068040,80881096.00
2019/12/31,15.59,15.75,15.25,15.44,4133973,66047180.00
2020/01/02,15.50,16.20,15.45,15.96,6148267,100437056.00
2020/01/03,15.96,16.02,15.63,15.74,4751299,77353368.00
2020/01/06,15.54,16.35,15.41,16.19,7966774,131820456.00
2020/01/07,16.19,16.34,15.95,16.30,5234244,87025760.00
2020/01/08,16.13,16.24,15.55,15.65,4760239,78157024.00
2020/01/09,15.70,15.99,15.70,15.83,3445596,56325664.00
2020/01/10,15.84,16.27,15.83,16.14,4978036,82460200.00
2020/01/13,16.04,16.78,15.82,16.60,7204820,121696392.00
2020/01/14,16.61,16.73,16.15,16.24,5120940,86221808.00
2020/01/15,16.30,16.73,16.18,16.55,5339151,90548616.00
2020/01/16,16.49,16.58,16.06,16.10,4135417,69162360.00
2020/01/17,16.10,16.24,15.50,15.50,4289048,69721368.00
2020/01/20,15.50,15.77,15.27,15.65,2831316,45356416.00
2020/01/21,15.31,15.31,14.70,14.75,5303698,82138088.00
2020/01/22,14.72,15.04,14.33,14.94,4033800,61589432.00
2020/01/23,14.79,14.88,14.06,14.15,3650652,54557784.00
2020/02/03,12.69,12.69,12.69,12.69,371200,4896128.00
2020/02/04,11.37,12.18,11.37,11.78,5153800,63616204.00
2020/02/05,11.90,12.40,11.90,12.16,3978719,50416320.00
2020/02/06,12.42,12.48,12.12,12.35,3342868,42798572.00
2020/02/07,12.35,12.66,12.20,12.64,3907491,50720260.00
2020/02/10,12.60,12.88,12.42,12.78,3448794,45354364.00
2020/02/11,12.75,12.97,12.58,12.86,3725044,49512424.00
2020/02/12,12.72,13.11,12.68,12.99,3567886,47769680.00
2020/02/13,12.92,13.27,12.80,12.95,4628520,62723552.00
2020/02/14,12.90,13.57,12.81,13.51,6657096,91930840.00
2020/02/17,13.45,14.33,13.40,14.33,7322383,105803320.00
2020/02/18,14.30,14.63,14.08,14.51,7916836,117401424.00
2020/02/19,14.32,14.94,14.13,14.60,7677256,115337912.00
2020/02/20,14.60,15.90,14.35,15.39,9900973,154020784.00
2020/02/21,15.33,15.58,14.88,14.91,8457038,133105776.00
2020/02/24,14.90,15.45,14.81,15.35,7465500,117105272.00
2020/02/25,14.70,15.40,14.40,15.40,7731872,119909512.00
2020/02/26,14.99,15.32,14.55,14.72,5253288,81032184.00
2020/02/27,14.90,14.99,14.38,14.42,3951441,59569620.00
2020/02/28,13.89,13.93,12.93,12.99,5252275,73108048.00
2020/03/02,13.37,13.65,13.13,13.53,3659396,50833472.00
2020/03/03,13.68,14.29,13.68,13.87,3834712,55467620.00
2020/03/04,13.84,14.19,13.59,14.00,3141984,45264432.00
2020/03/05,14.17,14.45,14.17,14.40,3781339,56005140.00
2020/03/06,14.11,14.70,14.09,14.52,3847156,57660804.00
2020/03/09,14.50,14.50,13.88,13.93,3348524,49241564.00
2020/03/10,13.50,14.47,13.50,14.45,3359258,49154260.00
2020/03/11,14.60,14.60,13.95,13.95,3417465,50565160.00
2020/03/12,13.60,14.20,13.53,13.89,2839889,40981864.00
2020/03/13,13.33,13.89,13.05,13.61,2793151,39003496.00
2020/03/16,13.85,14.01,12.80,12.82,2976100,41237312.00
2020/03/17,12.82,13.29,12.39,12.83,2358524,31403600.00
2020/03/18,13.10,13.10,12.43,12.44,2879584,38337004.00
2020/03/19,12.60,12.72,12.28,12.67,2239944,29168472.00
2020/03/20,12.67,12.91,12.61,12.88,1843620,24473920.00
2020/03/23,12.43,12.86,12.37,12.39,1830420,23882388.00
2020/03/24,12.63,12.74,12.31,12.70,1964464,25648522.00
2020/03/25,13.00,13.00,12.76,12.90,2071628,27697240.00
2020/03/26,12.71,12.84,12.51,12.64,1733800,22829332.00
2020/03/27,12.74,12.84,12.58,12.59,1922936,25428160.00
2020/03/30,12.41,12.41,11.78,12.04,1791412,22409904.00
2020/03/31,12.18,12.28,11.82,11.84,1219960,15304302.00
2020/04/01,11.85,12.10,11.53,11.83,1222679,15173220.00
2020/04/02,11.63,12.18,11.63,12.17,1897444,23609500.00
2020/04/03,12.30,12.30,11.85,11.91,1387228,17366302.00
2020/04/07,12.06,12.38,12.06,12.33,1931092,24561214.00
2020/04/08,12.24,13.05,12.18,13.00,4790484,63483740.00
2020/04/09,12.95,13.08,12.80,12.88,2463477,33081186.00
2020/04/10,12.89,12.89,12.35,12.62,2950778,38652752.00
2020/04/13,12.57,13.44,12.42,13.20,6191352,84430928.00
2020/04/14,13.13,13.66,13.01,13.26,7003343,96559064.00
2020/04/15,13.06,13.21,12.78,12.83,3534560,47706024.00
2020/04/16,12.89,13.16,12.68,12.76,4143890,55281404.00
2020/04/17,12.77,12.91,12.58,12.62,2758384,36554752.00
2020/04/20,12.63,13.93,12.56,13.93,6297102,87481776.00
2020/04/21,13.90,13.90,13.33,13.60,8813102,123342496.00
2020/04/22,13.50,13.68,13.30,13.53,5397444,75275040.00
2020/04/23,13.45,13.56,13.12,13.21,3668716,50740736.00
2020/04/24,13.27,13.58,13.05,13.06,4166024,57720592.00
2020/04/27,13.40,13.40,12.76,12.91,2606829,35121780.00
2020/04/28,12.65,12.79,11.58,11.95,4483305,56015504.00
2020/04/29,11.90,11.96,11.62,11.62,2480130,30435534.00
2020/04/30,11.64,12.16,11.64,11.99,2248100,27934096.00
2020/05/06,11.81,12.28,11.81,12.27,2376182,29997716.00
2020/05/07,12.28,12.49,12.08,12.12,1943220,24759200.00
2020/05/08,12.18,12.38,12.15,12.26,1865994,23855428.00
2020/05/11,12.28,12.43,12.09,12.20,1610328,20520294.00
2020/05/12,12.20,12.24,11.92,12.20,1484260,18700888.00
2020/05/13,12.19,12.49,12.02,12.45,2316550,29720134.00
2020/05/14,12.35,12.76,12.27,12.44,3248177,42430088.00
2020/05/15,12.53,12.91,12.37,12.74,3504093,46134344.00
2020/05/18,12.74,13.06,12.40,12.57,2603876,34195564.00
2020/05/19,12.57,12.96,12.57,12.92,2879828,38092840.00
2020/05/20,12.80,12.80,12.50,12.64,2054524,27045056.00
2020/05/21,12.68,12.71,12.11,12.20,2092292,26988926.00
2020/05/22,12.19,12.41,12.03,12.22,1709683,21766300.00
2020/05/25,12.22,12.95,12.06,12.68,3064122,40141640.00
2020/05/26,12.70,12.78,12.52,12.70,2186759,28496276.00
2020/05/27,12.70,12.81,12.48,12.77,2285362,29854148.00
2020/05/28,12.76,12.98,12.40,12.98,3159252,41553240.00
2020/05/29,12.97,13.26,12.66,12.72,2398147,31792060.00
2020/06/01,12.84,13.12,12.70,13.09,4091121,54678436.00
2020/06/02,13.03,13.25,12.94,13.16,2976796,40278428.00
2020/06/03,13.17,13.24,12.90,12.90,2544668,34286048.00
2020/06/04,12.94,13.08,12.76,12.88,1883512,25080362.00
2020/06/05,12.98,12.98,12.70,12.80,1482064,19547148.00
2020/06/08,12.83,12.88,12.53,12.59,1858940,24339720.00
2020/06/09,12.66,12.80,12.50,12.71,1454134,19024112.00
2020/06/10,12.71,12.71,12.42,12.58,1990076,25670672.00
2020/06/11,12.60,12.82,12.56,12.65,1552100,20302588.00
2020/06/12,12.47,12.64,12.33,12.56,1163069,14989339.00
2020/06/15,12.45,12.68,12.45,12.48,1386888,17972572.00
2020/06/16,12.48,12.70,12.46,12.68,1215010,15820638.00
2020/06/17,12.68,12.84,12.52,12.79,1649762,21599608.00
2020/06/18,12.77,12.84,12.68,12.73,1223480,16096317.00
2020/06/19,12.68,13.32,12.63,13.10,4982954,66732224.00
2020/06/22,12.98,14.19,12.93,14.02,11971729,167982944.00
2020/06/23,13.72,13.80,13.29,13.37,6253616,86659616.00
2020/06/24,13.41,13.45,12.99,13.01,3533110,47832032.00
2020/06/29,12.63,12.80,12.48,12.50,3298701,42973832.00
2020/06/30,12.52,12.77,12.52,12.66,2403624,31359092.00
2020/07/01,12.68,12.73,12.40,12.51,2525422,32561948.00
2020/07/02,12.53,12.67,12.42,12.63,2359280,30564140.00
2020/07/03,12.64,12.75,12.56,12.75,2707293,35348632.00
2020/07/06,12.73,13.34,12.73,13.26,5273778,71294248.00
2020/07/07,13.31,13.77,13.10,13.41,6372158,88292384.00
2020/07/08,13.34,13.66,13.16,13.61,5341172,74209040.00
2020/07/09,13.59,14.02,13.51,13.88,5108532,72566016.00
2020/07/10,13.93,13.93,13.56,13.56,4499887,63513376.00
2020/07/13,13.59,14.00,13.58,14.00,4860050,69210504.00
2020/07/14,14.09,14.11,13.48,13.88,4369480,61989660.00
2020/07/15,14.08,14.08,13.41,13.45,3367830,47191560.00
2020/07/16,13.44,13.60,13.00,13.02,2888214,39689844.00
2020/07/17,13.14,13.23,12.75,12.97,1960320,26229200.00
2020/07/20,13.00,13.48,12.99,13.48,2239377,30655558.00
2020/07/21,13.47,13.56,13.27,13.45,1815122,25082460.00
2020/07/22,13.49,13.55,13.30,13.34,2501549,34603424.00
2020/07/23,13.23,13.34,12.84,13.30,2603217,35106868.00
2020/07/24,13.17,13.48,12.90,12.90,3158440,42965912.00
2020/07/27,12.91,13.41,12.67,13.30,2726012,36733636.00
2020/07/28,13.33,13.70,13.33,13.62,3281987,45763688.00
2020/07/29,13.60,13.72,13.44,13.70,3619747,50771288.00
2020/07/30,13.73,13.80,13.55,13.56,2867919,40324336.00
2020/07/31,13.49,13.92,13.49,13.85,3711180,52574112.00
2020/08/03,13.84,14.05,13.83,13.97,3697180,53097324.00
2020/08/04,13.96,14.00,13.60,13.61,3141039,44386832.00
2020/08/05,13.95,14.60,13.89,14.01,9030360,131317600.00
2020/08/06,14.13,15.45,13.68,15.45,9465175,140704288.00
2020/08/07,15.60,16.69,15.00,15.43,16417449,264143456.00
2020/08/10,15.42,16.80,15.02,15.95,10304818,165693584.00
2020/08/11,15.78,16.77,14.52,14.73,14891571,240582416.00
2020/08/12,14.76,16.10,14.76,15.76,11239644,178865168.00
2020/08/13,15.40,16.38,15.20,15.91,9156360,147958240.00
2020/08/14,15.78,16.05,15.41,15.81,5601140,90363320.00
2020/08/17,15.60,15.85,15.41,15.55,5184247,82964464.00
2020/08/18,15.60,15.70,15.42,15.53,3724300,59407068.00
2020/08/19,15.62,15.79,14.48,14.50,8557058,130480344.00
2020/08/20,14.30,14.30,13.72,13.77,5572114,79863008.00
2020/08/21,13.82,14.00,13.67,13.83,2919868,41493144.00
2020/08/24,13.89,13.93,13.38,13.74,2523088,35530424.00
2020/08/25,13.74,13.92,13.62,13.73,2133363,30173998.00
2020/08/26,13.75,13.75,13.27,13.36,2749400,38172064.00
2020/08/27,13.37,13.64,13.28,13.55,1729872,24016528.00
2020/08/28,13.57,13.60,13.38,13.60,1503416,20899798.00
2020/08/31,13.63,13.84,13.63,13.68,1699003,24036480.00
2020/09/01,13.72,13.72,13.51,13.69,1564923,21925484.00
2020/09/02,13.69,13.79,13.56,13.78,2059121,29005224.00
2020/09/03,13.79,13.79,13.54,13.56,1588412,22296876.00
2020/09/04,13.26,13.79,13.26,13.72,2298264,32222934.00
2020/09/07,13.72,13.89,13.60,13.65,2438872,34576044.00
2020/09/08,13.67,13.73,13.44,13.66,1889920,26419732.00
2020/09/09,13.58,13.58,13.28,13.29,2090984,28911856.00
2020/09/10,13.38,13.45,12.29,12.45,3166268,41879688.00
2020/09/11,12.45,12.64,12.34,12.54,1109996,14340591.00
2020/09/14,12.72,12.87,12.56,12.82,1612760,21219398.00
2020/09/15,12.74,12.84,12.56,12.67,1032828,13520105.00
2020/09/16,12.67,12.67,12.41,12.54,965784,12488795.00
2020/09/17,12.58,12.82,12.48,12.66,1148556,14963205.00
2020/09/18,12.66,13.00,12.62,12.84,1846616,24342372.00
2020/09/21,12.86,12.93,12.78,12.80,1012152,13390710.00
2020/09/22,12.73,12.76,12.46,12.50,1145408,14903004.00
2020/09/23,12.54,12.67,12.50,12.62,827716,10746709.00
2020/09/24,12.57,12.57,12.28,12.35,1022916,13070680.00
2020/09/25,12.35,12.48,12.25,12.43,1134196,14472678.00
2020/09/28,12.40,12.40,12.15,12.17,670604,8490064.00
2020/09/29,12.17,12.37,12.10,12.16,730059,9215619.00
2020/09/30,12.21,12.23,12.02,12.05,668327,8371719.00
2020/10/09,12.14,12.42,12.13,12.35,1045940,13309277.00
2020/10/12,12.38,12.79,12.38,12.76,1383734,18067320.00
2020/10/13,12.72,12.78,12.62,12.70,920540,12046114.00
2020/10/14,12.70,12.71,12.46,12.57,994000,12881337.00
2020/10/15,12.48,12.69,12.46,12.47,818780,10615210.00
2020/10/16,12.48,12.54,12.40,12.49,808492,10402451.00
2020/10/19,12.59,12.67,12.50,12.51,708696,9197047.00
2020/10/20,12.45,12.70,12.38,12.64,1058583,13702083.00
2020/10/21,12.74,12.74,12.46,12.50,708832,9164868.00
2020/10/22,12.25,12.52,12.25,12.43,790655,10135953.00
2020/10/23,12.49,12.55,12.22,12.23,879952,11210172.00
2020/10/26,12.20,12.34,12.06,12.10,886360,11149882.00
2020/10/27,12.09,12.19,12.06,12.10,656600,8217509.00
2020/10/28,12.20,12.21,11.86,12.04,814440,10095693.00
2020/10/29,11.92,12.10,11.80,11.93,693336,8561347.00
2020/10/30,12.00,12.07,11.58,11.64,1147166,14012554.00
2020/11/02,11.56,11.70,11.42,11.62,866312,10348207.00
2020/11/03,11.70,11.97,11.62,11.97,1038375,12751338.00
2020/11/04,12.05,12.09,11.82,11.88,807271,9949226.00
2020/11/05,11.95,12.08,11.94,11.98,929192,11525348.00
2020/11/06,12.07,12.07,11.86,11.95,750452,9255699.00
2020/11/09,12.03,12.43,11.97,12.36,2015240,25498306.00
2020/11/10,12.28,12.40,12.11,12.20,1217460,15401169.00
2020/11/11,12.13,12.26,11.90,11.90,987188,12216760.00
2020/11/12,11.90,11.99,11.81,11.90,721800,8870514.00
2020/11/13,11.90,11.98,11.76,11.97,807515,9942690.00
2020/11/16,11.93,12.02,11.93,11.96,712396,8811222.00
2020/11/17,11.96,11.97,11.75,11.89,906644,11086780.00
2020/11/18,11.92,12.19,11.89,12.10,1076236,13402268.00
2020/11/19,12.05,12.20,11.99,12.19,859432,10770487.00
2020/11/20,12.30,12.30,12.08,12.18,749492,9411786.00
2020/11/23,12.55,12.93,12.43,12.63,3773747,49408568.00
2020/11/24,12.58,12.68,12.41,12.49,2249850,29048016.00
2020/11/25,12.49,12.67,12.45,12.50,1550811,20061368.00
2020/11/26,12.52,12.56,12.36,12.41,989792,12712514.00
2020/11/27,12.41,12.41,11.90,12.25,1888540,23773448.00
2020/11/30,12.36,12.40,12.16,12.19,886956,11252307.00
2020/12/01,12.10,12.31,12.04,12.25,844360,10651444.00
2020/12/02,12.24,12.59,12.21,12.44,1423368,18262804.00
2020/12/03,12.47,12.55,12.34,12.50,1106896,14250217.00
2020/12/04,12.51,12.67,12.45,12.63,1440106,18697156.00
2020/12/07,12.73,12.82,12.45,12.46,1137612,14813688.00
2020/12/08,12.52,12.65,12.35,12.50,937088,12083512.00
2020/12/09,12.42,12.52,12.15,12.18,923200,11738431.00
2020/12/10,12.16,12.51,12.05,12.29,878147,11176183.00
2020/12/11,12.30,12.39,11.81,11.87,1348440,16686275.00
2020/12/14,11.87,11.98,11.79,11.92,579080,7120659.50
2020/12/15,11.91,11.97,11.70,11.77,812032,9920871.00
2020/12/16,11.77,11.83,11.50,11.57,798900,9611588.00
2020/12/17,11.57,11.79,11.44,11.76,880521,10566563.00
2020/12/18,11.88,11.88,11.73,11.80,713708,8706687.00
2020/12/21,11.80,11.92,11.71,11.84,698992,8559312.00
2020/12/22,11.83,11.83,11.41,11.41,1075456,12891647.00
2020/12/23,11.44,11.57,11.40,11.50,847408,10068401.00
2020/12/24,11.58,11.60,10.70,10.78,2100642,23971978.00
2020/12/25,10.78,10.99,10.54,10.82,845019,9464181.00
2020/12/28,10.82,10.89,10.40,10.41,1405276,15385498.00
2020/12/29,10.32,10.73,10.32,10.56,1041100,11440515.00
2020/12/30,10.59,10.69,10.54,10.60,604520,6656721.00
2020/12/31,10.56,10.97,10.56,10.71,685811,7622805.00
2021/01/04,10.78,10.82,10.67,10.77,1030500,11506662.00
2021/01/05,10.82,10.82,10.60,10.66,839809,9292162.00
2021/01/06,10.61,10.68,10.27,10.30,1319036,14241468.00
2021/01/07,10.20,10.33,9.41,9.69,1897674,19418498.00
2021/01/08,9.71,9.95,9.49,9.79,1076844,10976781.00
2021/01/11,9.88,9.90,9.50,9.58,1188932,11952711.00
2021/01/12,9.84,9.93,9.45,9.61,926944,9377153.00
2021/01/13,9.63,9.69,9.10,9.12,1723600,16658579.00
2021/01/14,9.11,9.43,9.01,9.19,1346252,12939420.00
2021/01/15,9.08,9.44,9.08,9.37,1157568,11289653.00
2021/01/18,9.38,9.79,9.35,9.57,1134608,11309335.00
2021/01/19,9.75,9.89,9.58,9.76,1211132,12297325.00
2021/01/20,9.80,9.87,9.63,9.76,940932,9553229.00
2021/01/21,9.76,9.87,9.62,9.78,911809,9279848.00
2021/01/22,9.86,9.86,9.50,9.55,813560,8130049.50
2021/01/25,9.56,9.68,9.35,9.37,1026268,10169070.00
2021/01/26,9.30,9.53,9.24,9.34,701832,6869560.00
2021/01/27,9.27,9.41,9.21,9.24,716480,6955062.50
2021/01/28,9.27,9.44,9.11,9.21,782096,7571949.00
2021/01/29,9.21,9.29,8.78,8.90,1135236,10629105.00
2021/02/01,8.93,9.15,8.82,8.96,666908,6206711.00
2021/02/02,8.99,9.04,8.74,9.00,501220,4662094.50
2021/02/03,8.99,8.99,8.70,8.75,655480,6022029.00
2021/02/04,8.77,8.77,8.36,8.44,876496,7795699.00
2021/02/05,8.47,8.68,8.29,8.38,756200,6684638.50
2021/02/08,8.45,8.45,8.20,8.32,716872,6236815.50
2021/02/09,8.28,8.39,7.60,8.17,1050048,9011665.00
2021/02/10,8.18,8.38,8.02,8.38,695836,6017737.50
2021/02/18,8.37,8.96,8.37,8.74,1394354,12770720.00
2021/02/19,8.65,9.09,8.65,9.09,1133328,10565140.00
2021/02/22,9.09,9.61,9.09,9.22,1519320,14756848.00
2021/02/23,9.18,9.46,9.03,9.16,1311021,12622172.00
2021/02/24,9.16,9.37,9.07,9.31,1135522,10983948.00
2021/02/25,9.34,9.45,9.13,9.14,710800,6846005.50
2021/02/26,9.07,9.32,9.00,9.18,905179,8662468.00
2021/03/01,9.18,9.45,9.07,9.44,898324,8755397.00
2021/03/02,9.47,9.57,9.35,9.56,981246,9685157.00
2021/03/03,9.56,9.62,9.42,9.57,817057,8102895.00
2021/03/04,9.57,9.73,9.52,9.59,789432,7914704.00
2021/03/05,9.67,9.68,9.49,9.60,704186,7033124.50
2021/03/08,9.60,9.80,9.45,9.47,768316,7707262.50
2021/03/09,9.41,9.53,9.03,9.16,858008,8303094.00
2021/03/10,9.16,9.37,8.98,8.98,462200,4403734.50
2021/03/11,9.00,9.28,8.88,9.28,657655,6261165.00
2021/03/12,9.28,9.39,9.14,9.31,797820,7713081.50
2021/03/15,9.31,9.55,9.06,9.10,593636,5700374.00
2021/03/16,9.05,9.38,9.05,9.34,636281,6138555.00
2021/03/17,9.34,9.43,9.24,9.41,495744,4838577.00
2021/03/18,9.53,9.53,9.26,9.27,466112,4533789.00
2021/03/19,9.24,9.36,9.15,9.27,446392,4320034.50
2021/03/22,9.30,9.43,9.30,9.36,450940,4402313.00
2021/03/23,9.40,9.50,9.35,9.50,730004,7174165.00
2021/03/24,9.54,9.55,9.20,9.22,984995,9599596.00
2021/03/25,9.22,9.29,9.03,9.03,892600,8544750.00
2021/03/26,9.01,9.13,8.97,9.07,705456,6652128.00
2021/03/29,9.14,9.23,9.01,9.10,554828,5278238.50
2021/03/30,9.08,9.11,8.92,8.98,588496,5518109.50
2021/03/31,8.98,9.05,8.86,9.03,347196,3253789.25
2021/04/01,9.03,9.19,8.96,9.11,673296,6394843.50
2021/04/02,9.15,9.77,9.02,9.45,2125402,20824714.00
2021/04/06,9.50,10.44,9.50,10.44,3763918,39992592.00
2021/04/07,10.60,10.88,10.17,10.22,6005085,64968304.00
2021/04/08,10.61,10.61,10.02,10.28,3601289,38372400.00
2021/04/09,10.15,10.21,9.76,9.93,2701428,27936158.00
2021/04/12,9.93,10.05,9.80,9.99,2086081,21557004.00
2021/04/13,9.97,10.98,9.84,10.34,4431316,47997784.00
2021/04/14,10.10,10.45,9.65,10.43,3053448,31990824.00
2021/04/15,10.29,10.38,10.05,10.23,1806152,19194012.00
2021/04/16,10.15,10.24,9.95,10.15,1641292,17202656.00
2021/04/19,10.15,10.35,10.05,10.23,1821724,19253782.00
2021/04/20,10.16,10.19,9.90,9.95,1491092,15557979.00
2021/04/21,9.85,10.06,9.81,10.06,862736,8926710.00
2021/04/22,10.06,10.16,9.92,9.97,1063039,11095956.00
2021/04/23,10.02,10.10,9.68,9.74,1096400,11172811.00
2021/04/26,9.63,9.89,9.63,9.71,773494,7870739.50
2021/04/27,9.73,9.83,9.51,9.63,931820,9311558.00
2021/04/28,10.04,10.63,9.95,10.63,3180471,34591308.00
2021/04/29,11.38,11.73,11.10,11.73,4487331,53854612.00
2021/04/30,12.93,12.94,12.10,12.94,19117599,250953072.00
2021/05/06,12.10,14.27,12.00,13.10,26101278,355902208.00
2021/05/07,12.62,13.25,11.75,12.20,20385309,260594624.00
2021/05/10,11.57,12.04,11.25,11.85,12544449,151255616.00
2021/05/11,11.74,13.08,11.56,13.08,16310855,208010272.00
2021/05/12,13.48,14.43,12.60,14.43,24042148,339681248.00
2021/05/13,13.93,14.36,13.02,13.02,19051168,267930416.00
2021/05/14,13.01,14.12,12.77,13.72,16326039,227123216.00
2021/05/17,13.25,13.60,12.31,12.38,13647766,179147104.00
2021/05/18,12.32,13.04,12.01,12.90,10234090,133444848.00
2021/05/19,12.90,13.00,12.34,12.65,8115448,106095376.00
2021/05/20,12.50,13.96,12.40,13.96,8650061,121399488.00
2021/05/21,14.75,15.28,14.01,14.30,19163408,286553600.00
2021/05/24,14.40,14.54,13.65,14.33,12261580,176478048.00
2021/05/25,13.96,14.27,13.48,14.20,11478536,163609744.00
2021/05/26,14.10,14.10,13.58,13.84,8709302,123315216.00
2021/05/27,13.67,14.40,13.65,13.90,11268266,163061024.00
2021/05/28,13.66,14.30,13.40,13.80,10564322,150251760.00
2021/05/31,13.76,14.38,13.58,14.20,10782154,155773328.00
2021/06/01,13.88,14.83,13.78,14.18,10711700,157259504.00
2021/06/02,14.19,14.21,12.73,13.20,10113040,140906064.00
2021/06/03,13.10,13.35,12.75,12.78,5918836,79823472.00
2021/06/04,12.63,13.30,12.63,13.12,5197264,70052240.00
2021/06/07,13.32,14.09,13.22,13.53,6982176,98391768.00
2021/06/08,13.53,13.68,13.20,13.31,4568136,63125328.00
2021/06/09,13.33,14.68,13.22,14.68,5604528,82876528.00
2021/06/10,15.53,16.19,15.30,16.19,5965252,96927512.00
2021/06/11,16.77,17.32,15.05,15.35,22040592,361193568.00
2021/06/15,15.27,15.40,14.37,14.65,11785035,177400768.00
2021/06/16,14.64,15.08,14.22,14.28,8718776,131016832.00
2021/06/17,14.28,15.04,14.24,14.93,9803685,148179376.00
2021/06/18,14.70,14.94,14.52,14.85,6995248,106005960.00
2021/06/21,14.66,15.29,14.54,14.95,6767461,103484312.00
2021/06/22,14.75,14.92,14.45,14.77,5541624,83690256.00
2021/06/23,14.77,15.25,14.72,14.87,6521360,99946576.00
2021/06/24,14.80,14.81,14.03,14.04,6564867,96568384.00
2021/06/25,13.95,14.61,13.77,14.45,4655736,68237456.00
2021/06/28,14.44,15.57,14.42,15.14,8281964,128525664.00
2021/06/29,15.25,15.35,14.75,14.90,4335059,66187512.00
2021/06/30,14.93,15.85,14.92,15.67,9036618,143445456.00
2021/07/01,15.63,15.63,14.66,14.77,7296118,112583304.00
2021/07/02,14.73,15.13,14.56,14.82,3854802,58478236.00
2021/07/05,14.92,15.63,14.87,15.52,6738522,105880992.00
2021/07/06,15.08,15.08,14.06,14.36,9066616,133782168.00
2021/07/07,14.10,14.32,13.49,13.95,6370438,90208024.00
2021/07/08,13.83,14.23,13.65,14.22,5281880,75632928.00
2021/07/09,13.97,14.11,13.61,13.81,3929000,55559604.00
2021/07/12,13.93,14.13,13.79,14.04,3571484,51185660.00
2021/07/13,14.04,14.27,13.61,13.83,3837110,54397252.00
2021/07/14,13.81,13.91,13.63,13.90,2847134,40237476.00
2021/07/15,13.90,13.90,13.22,13.25,4079172,56089188.00
2021/07/16,13.20,13.33,13.03,13.22,2817273,38092068.00
2021/07/19,13.20,13.48,12.78,13.40,3191500,43102256.00
2021/07/20,13.20,13.55,13.16,13.53,1959016,26865530.00
2021/07/21,13.50,13.83,13.41,13.66,2714400,38174124.00
2021/07/22,13.69,14.25,13.56,14.09,4515064,65052736.00
2021/07/23,14.08,14.29,13.90,14.00,3528663,50927420.00
2021/07/26,13.91,14.34,13.86,14.25,4333810,62794860.00
2021/07/27,14.27,14.92,13.95,14.25,6241798,92300792.00
2021/07/28,13.98,13.98,12.87,12.95,5326556,72382816.00
2021/07/29,12.96,14.28,12.96,14.28,4987712,70464696.00
2021/07/30,14.63,14.63,14.10,14.31,6395319,94014992.00
2021/08/02,14.47,14.52,13.79,14.19,4335824,62779024.00
2021/08/03,14.38,14.38,13.47,13.52,3773400,53638644.00
2021/08/04,13.50,14.64,13.50,14.25,6039102,88069984.00
2021/08/05,14.40,14.40,13.68,13.94,4128689,58802812.00
2021/08/06,13.95,14.05,13.55,13.84,3230896,45581092.00
2021/08/09,13.63,13.71,13.30,13.47,3271855,45183500.00
2021/08/10,13.48,13.62,13.27,13.54,2487336,34352732.00
2021/08/11,13.53,13.54,13.35,13.53,1944831,26832636.00
2021/08/12,13.53,13.89,13.37,13.66,2750658,38670992.00
2021/08/13,13.55,13.68,13.25,13.35,2560700,35180232.00
2021/08/16,13.35,13.67,13.20,13.41,2205215,30423936.00
2021/08/17,13.47,13.59,13.20,13.25,2447164,33532866.00
2021/08/18,13.21,13.25,12.55,12.79,3998909,52403284.00
2021/08/19,13.15,13.59,12.81,13.39,3810030,51836940.00
2021/08/20,13.43,13.47,13.14,13.46,2382275,32532646.00
2021/08/23,13.31,14.33,13.31,14.31,6481652,93194880.00
2021/08/24,14.15,15.63,14.14,15.33,9693549,149209552.00
2021/08/25,15.13,16.10,15.13,15.94,9404914,152133104.00
2021/08/26,15.65,16.63,15.60,16.20,7562704,126218192.00
2021/08/27,16.42,16.42,15.52,15.64,6554866,105588152.00
2021/08/30,15.63,15.91,15.20,15.30,4940578,78146768.00
2021/08/31,15.26,15.52,14.88,15.15,4299060,66556480.00
2021/09/01,15.05,15.16,14.53,14.85,4573607,69067856.00
2021/09/02,14.73,14.83,14.33,14.77,4692558,70270952.00
2021/09/03,14.60,15.25,14.46,15.00,6478265,98698152.00
2021/09/06,15.08,15.22,14.68,14.92,4101226,62476332.00
2021/09/07,14.73,15.05,14.57,14.85,3586548,54337936.00
2021/09/08,14.94,15.01,14.55,14.98,4174560,63317084.00
2021/09/09,14.94,14.95,14.16,14.18,5880480,86536400.00
2021/09/10,14.15,14.50,13.85,14.33,4858325,70717400.00
2021/09/13,14.35,14.85,14.17,14.46,4339192,64636960.00
2021/09/14,14.67,15.05,13.87,13.95,6395192,95027416.00
2021/09/15,13.94,14.53,13.69,14.28,4225135,61416456.00
2021/09/16,14.25,14.33,13.59,13.61,3687582,52618228.00
2021/09/17,13.40,13.94,13.35,13.84,3077774,43286600.00
2021/09/22,13.71,13.95,13.35,13.50,2177640,30130156.00
2021/09/23,13.52,13.90,13.52,13.78,2148915,30320812.00
2021/09/24,13.67,13.78,13.26,13.34,2214745,30618920.00
2021/09/27,13.46,13.61,12.84,13.10,2341157,31589416.00
2021/09/28,13.16,13.18,12.90,12.93,1400040,18692750.00
2021/09/29,12.85,12.89,12.51,12.72,1682441,22005062.00
2021/09/30,12.71,13.05,12.65,13.04,1541478,20391242.00
2021/10/08,13.15,13.23,13.03,13.20,1395690,18848138.00
2021/10/11,13.23,13.52,13.05,13.35,2052196,28101240.00
2021/10/12,13.25,13.45,12.81,13.18,2497728,33562224.00
2021/10/13,13.16,13.36,12.87,13.16,1395339,18789400.00
2021/10/14,13.14,13.90,13.10,13.73,2909884,40580760.00
2021/10/15,13.75,14.00,13.36,13.77,2498828,35174108.00
2021/10/18,13.63,13.77,13.27,13.55,1862699,25714202.00
2021/10/19,13.55,14.07,13.55,13.85,2505337,35736560.00
2021/10/20,13.91,14.17,13.52,13.65,2380500,33562004.00
2021/10/21,13.52,13.81,13.31,13.33,1804658,25074264.00
2021/10/22,13.51,13.77,13.35,13.58,1786834,24966148.00
2021/10/25,13.66,13.91,13.42,13.68,1404420,19698960.00
2021/10/26,13.59,13.65,12.99,13.09,3174174,43076460.00
2021/10/27,13.04,13.22,12.57,12.75,2418222,31684782.00
2021/10/28,12.82,12.91,12.17,12.31,2055636,26226694.00
2021/10/29,12.30,12.77,11.95,12.69,1728540,22234700.00
2021/11/01,12.76,12.93,12.47,12.78,1923580,25217864.00
2021/11/02,12.82,13.20,12.45,12.58,1951388,25791716.00
2021/11/03,12.55,13.07,12.48,12.64,1601874,20947408.00
2021/11/04,12.64,12.78,12.51,12.73,1471460,19174960.00
2021/11/05,12.74,12.85,12.63,12.70,1307112,17105316.00
2021/11/08,12.65,12.65,12.15,12.36,2084042,26399524.00
2021/11/09,12.31,12.83,12.16,12.81,2564471,33252566.00
2021/11/10,12.76,13.12,12.59,12.99,2975600,39358712.00
2021/11/11,12.96,13.25,12.82,13.16,2768300,37147812.00
2021/11/12,13.16,13.33,13.04,13.23,2192808,29721238.00
2021/11/15,13.30,13.48,13.15,13.42,3184128,43605068.00
2021/11/16,13.42,13.50,13.18,13.23,2575077,35229980.00
2021/11/17,13.20,13.50,13.11,13.49,2305523,31580668.00
2021/11/18,13.41,13.52,13.16,13.19,1788601,24395836.00
2021/11/19,13.09,13.49,13.03,13.46,2536744,34688836.00
2021/11/22,13.46,13.92,13.40,13.78,2788400,39197288.00
2021/11/23,13.75,14.04,13.63,13.90,2420026,34434312.00
2021/11/24,13.90,13.94,13.63,13.72,1902544,26798020.00
2021/11/25,13.75,13.88,13.56,13.72,1528000,21581194.00
2021/11/26,13.69,13.70,13.35,13.46,1834424,25290794.00
2021/11/29,13.23,13.53,13.14,13.48,2071229,28422234.00
2021/11/30,13.56,14.77,13.51,14.09,5522477,80138208.00
2021/12/01,14.19,14.44,14.06,14.35,2849076,41626204.00
2021/12/02,14.43,14.81,14.18,14.22,4044440,59966340.00
2021/12/03,14.27,15.23,14.27,14.70,5212570,79109472.00
2021/12/06,14.66,14.71,14.16,14.23,3485536,51321400.00
2021/12/07,14.11,14.23,13.17,13.36,4882644,67994440.00
2021/12/08,13.31,14.08,13.05,13.60,3449872,48528992.00
2021/12/09,13.61,13.89,13.50,13.65,2080506,29137276.00
2021/12/10,13.68,14.49,13.51,14.19,4334488,62911628.00
2021/12/13,14.25,14.35,14.02,14.26,2991400,43508864.00
2021/12/14,14.28,14.40,14.04,14.27,1888600,27506436.00
2021/12/15,14.27,14.40,13.92,14.00,2070812,29962160.00
2021/12/16,14.05,14.20,13.85,14.15,2071838,29851478.00
2021/12/17,14.14,14.14,13.71,13.76,1815112,25715536.00
2021/12/20,13.75,14.06,13.63,13.65,2204752,31266028.00
2021/12/21,13.65,14.43,13.65,14.33,3943300,57346560.00
2021/12/22,14.35,14.81,14.10,14.51,3204696,47664144.00
2021/12/23,14.43,14.61,14.30,14.36,2596156,38344056.00
2021/12/24,14.34,14.39,13.87,13.89,2310516,33359808.00
2021/12/27,13.75,14.00,13.59,13.63,1920528,27021104.00
2021/12/28,13.74,14.48,13.68,14.47,3911848,56922148.00
2021/12/29,14.48,14.59,14.05,14.11,3067800,44692672.00
2021/12/30,14.09,14.96,14.01,14.85,5787006,87163592.00
2021/12/31,14.84,15.03,14.48,14.83,3412917,51613992.00
2022/01/04,14.82,15.10,14.75,14.87,3838100,58496908.00
2022/01/05,14.90,14.93,14.30,14.48,2922660,43410508.00
2022/01/06,14.44,14.82,14.26,14.72,2170380,32602652.00
2022/01/07,14.84,14.84,14.13,14.19,3134296,46113072.00
2022/01/10,14.19,14.58,14.10,14.45,2144056,31632748.00
2022/01/11,14.43,14.60,14.01,14.08,2274800,33150928.00
2022/01/12,14.15,15.00,14.15,14.53,3436448,51279748.00
2022/01/13,14.58,14.63,14.32,14.45,1571960,23246300.00
2022/01/14,14.30,14.75,14.19,14.21,2771120,41083960.00
2022/01/17,14.27,14.86,14.11,14.78,3232808,48472112.00
2022/01/18,14.85,14.93,14.25,14.31,2967060,44055456.00
2022/01/19,14.30,14.47,14.16,14.39,1687700,24749548.00
2022/01/20,14.35,14.37,12.92,13.02,5446906,74919232.00
2022/01/21,13.01,13.11,12.71,12.91,2001800,26496720.00
2022/01/24,12.91,13.13,12.80,12.83,1607176,21389736.00
2022/01/25,12.70,12.86,12.19,12.23,2179800,27866884.00
2022/01/26,12.30,12.49,12.00,12.27,1445640,18148310.00
2022/01/27,12.30,12.30,11.57,11.60,2883088,34925224.00
2022/01/28,11.61,12.39,11.60,12.17,2646432,32787776.00
2022/02/07,12.41,12.57,12.15,12.35,1830617,23226760.00
2022/02/08,12.37,12.44,12.15,12.40,1338592,16932760.00
2022/02/09,12.41,12.80,12.31,12.70,1601200,20771068.00
2022/02/10,12.71,12.87,12.47,12.62,1383300,17927312.00
2022/02/11,12.46,12.61,12.21,12.22,1349436,17136044.00
2022/02/14,12.14,12.38,11.97,12.15,1265600,15865740.00
2022/02/15,12.13,12.32,11.97,12.16,1099500,13736985.00
2022/02/16,12.31,12.44,12.18,12.25,1030640,13027013.00
2022/02/17,12.25,12.40,12.15,12.19,1238300,15613007.00
2022/02/18,12.15,12.36,12.03,12.29,894500,11246916.00
2022/02/21,12.27,12.45,12.27,12.40,1100700,14023731.00
2022/02/22,12.42,12.45,12.04,12.15,1402416,17527608.00
2022/02/23,12.14,12.74,12.11,12.62,2179056,28087124.00
2022/02/24,12.53,12.64,12.09,12.28,2091296,26615860.00
2022/02/25,12.30,12.63,12.30,12.38,1359300,17465032.00
2022/02/28,12.35,12.47,12.15,12.46,1095200,13864443.00
2022/03/01,12.44,12.55,12.37,12.50,1123900,14389052.00
2022/03/02,12.49,12.54,12.30,12.51,914900,11700724.00
2022/03/03,12.59,12.59,12.27,12.35,1193552,15196560.00
2022/03/04,12.30,12.46,12.16,12.20,1002056,12691224.00
2022/03/07,12.23,12.30,11.90,12.05,1403382,17463424.00
2022/03/08,12.04,12.25,11.87,11.92,1302282,16128072.00
2022/03/09,11.91,12.10,11.30,11.74,1513276,18164324.00
2022/03/10,11.97,12.07,11.77,11.80,990060,12153537.00
2022/03/11,11.67,11.96,11.15,11.91,1135660,13651864.00
2022/03/14,11.91,11.91,11.48,11.48,1089860,13037813.00
2022/03/15,11.48,11.48,10.78,10.88,1266400,14595925.00
2022/03/16,11.08,11.18,10.48,11.09,1606520,18065916.00
2022/03/17,11.28,11.42,11.18,11.24,1499160,17459568.00
2022/03/18,11.55,11.55,11.28,11.48,1362056,16040507.00
2022/03/21,11.48,11.91,11.38,11.83,1702476,20477328.00
2022/03/22,11.67,11.93,11.57,11.66,1543500,18567716.00
2022/03/23,11.61,11.85,11.61,11.78,1127868,13683925.00
2022/03/24,11.78,11.78,11.30,11.62,1256356,14972175.00
2022/03/25,11.59,11.82,11.51,11.53,1059500,12719491.00
2022/03/28,11.54,11.81,10.73,11.62,1649656,19680602.00
2022/03/29,11.63,11.79,11.04,11.13,2189576,25381984.00
2022/03/30,11.25,11.25,10.93,11.09,1291700,14719535.00
2022/03/31,11.15,11.45,10.96,11.28,2116058,24549890.00
2022/04/01,11.18,11.23,10.80,11.00,1578760,17894610.00
2022/04/06,10.98,11.01,10.76,10.91,1599586,18031460.00
2022/04/07,10.86,10.92,10.51,10.54,1686700,18545424.00
2022/04/08,10.54,10.72,10.18,10.26,1362528,14513113.00
2022/04/11,10.26,10.26,9.85,9.91,1448880,15042401.00
2022/04/12,10.04,10.26,9.80,10.26,1053233,10968546.00
2022/04/13,10.26,10.26,9.83,9.91,1900228,19575236.00
2022/04/14,9.87,10.05,9.87,9.93,773100,7967433.00
2022/04/15,9.98,9.98,9.63,9.72,1158260,11690096.00
2022/04/18,9.68,10.00,9.54,9.96,1115000,11348727.00
2022/04/19,9.94,10.09,9.84,9.90,766976,7884370.00
2022/04/20,9.87,10.15,9.84,9.91,1012160,10499890.00
2022/04/21,9.95,9.95,9.44,9.48,1305160,13061185.00
2022/04/22,9.57,9.61,9.27,9.42,728200,7121178.00
2022/04/25,9.43,9.43,8.45,8.45,1362184,12611302.00
2022/04/26,8.60,8.73,8.28,8.28,937019,8331949.00
2022/04/27,8.28,8.58,7.99,8.57,1225024,10584109.00
2022/04/28,8.57,8.62,8.28,8.42,744800,6551061.00
2022/04/29,8.64,9.09,8.42,8.98,1179100,10822952.00
2022/05/05,8.98,9.61,8.86,9.14,1279812,12194302.00
2022/05/06,8.90,9.45,8.89,9.17,1369736,13173613.00
2022/05/09,9.13,9.55,9.13,9.44,1026100,10026511.00
2022/05/10,9.45,9.59,9.26,9.54,1047492,10298266.00
2022/05/11,9.64,10.01,9.53,9.69,1298016,13238038.00
2022/05/12,9.69,10.03,9.69,9.97,1355075,13923365.00
2022/05/13,9.93,10.03,9.78,9.94,1288887,13245501.00
2022/05/16,10.00,10.10,9.85,9.92,764220,7886398.00
2022/05/17,10.10,10.10,9.84,9.93,676412,6945760.00
2022/05/18,9.93,10.09,9.90,10.00,764800,7934490.00
2022/05/19,9.95,10.07,9.85,10.04,510900,5274442.00
2022/05/20,10.04,10.13,9.95,9.97,711840,7364396.00
2022/05/23,10.13,10.13,9.90,10.02,800685,8277538.00
2022/05/24,10.10,10.10,9.63,9.64,1089708,11130702.00
2022/05/25,9.64,9.89,9.60,9.85,706485,7172876.00
2022/05/26,9.92,9.96,9.60,9.95,1218900,12382665.00
2022/05/27,9.91,10.04,9.71,9.76,1249700,12721883.00
2022/05/30,9.85,9.97,9.74,9.83,919336,9226733.00
2022/05/31,9.89,10.09,9.69,10.08,1384540,14063607.00
2022/06/01,10.07,10.32,9.94,10.24,1197220,12489758.00
2022/06/02,10.28,10.44,10.10,10.39,1260340,13284001.00
2022/06/06,10.46,10.78,10.41,10.65,1535800,16692367.00
2022/06/07,10.69,10.79,10.43,10.47,1079760,11597122.00
2022/06/08,10.54,10.59,10.11,10.32,1113258,11721685.00
2022/06/09,10.28,10.28,9.94,9.97,1159300,11923175.00
2022/06/10,9.93,10.21,9.93,10.13,820180,8479184.00
2022/06/13,10.18,10.27,9.96,10.06,1089000,11209781.00
2022/06/14,10.00,10.15,9.56,9.86,1469160,14687095.00
2022/06/15,9.96,10.15,9.84,9.84,1197008,12200046.00
2022/06/16,9.92,10.12,9.83,10.07,932176,9559454.00
2022/06/17,10.13,10.13,9.76,9.97,1251369,12673669.00
2022/06/20,10.02,10.30,9.98,10.29,1341075,13945043.00
2022/06/21,10.33,10.63,10.19,10.56,2265644,24252184.00
2022/06/22,10.50,10.53,10.29,10.32,1508780,15996587.00
2022/06/23,10.32,10.57,10.30,10.56,1375300,14725039.00
2022/06/24,10.68,10.69,10.47,10.52,1235900,13330801.00
2022/06/27,10.65,10.76,10.48,10.70,1415505,15353358.00
2022/06/28,10.65,11.00,10.59,10.98,1914928,21318532.00
2022/06/29,10.95,11.12,10.75,10.75,1736496,19289692.00
2022/06/30,10.76,10.97,10.54,10.70,1735600,18952576.00
2022/07/01,10.75,10.85,10.54,10.60,1120700,12166015.00
2022/07/04,10.65,10.98,10.41,10.77,2349618,25669112.00
2022/07/05,10.63,11.02,10.49,10.62,1504080,16366487.00
2022/07/06,10.49,10.78,10.47,10.64,1517800,16513858.00
2022/07/07,10.69,10.89,10.51,10.85,1154310,12693897.00
2022/07/08,10.97,10.97,10.70,10.74,1430616,15791596.00
2022/07/11,10.80,10.83,10.54,10.72,1611630,17548898.00
2022/07/12,10.78,10.78,10.50,10.52,1009082,10904214.00
2022/07/13,10.59,10.78,10.43,10.73,1144126,12489115.00
2022/07/14,10.73,10.83,10.59,10.80,1059189,11607593.00
2022/07/15,10.88,10.91,10.56,10.60,1427604,15537369.00
2022/07/18,10.70,11.23,10.67,11.14,3019084,33982252.00
2022/07/19,11.11,11.37,11.03,11.28,1526981,17533960.00
2022/07/20,11.28,11.45,11.21,11.41,1549232,17940076.00
2022/07/21,11.38,11.49,11.25,11.30,1273960,14765598.00
2022/07/22,11.25,11.52,11.12,11.23,961300,11026973.00
2022/07/25,11.38,11.43,11.10,11.21,1118500,12816919.00
2022/07/26,11.19,11.30,10.95,11.21,895864,10131021.00
2022/07/27,11.23,11.39,11.08,11.39,1017468,11743451.00
2022/07/28,11.39,11.66,11.37,11.58,1122129,13215436.00
2022/07/29,11.68,11.73,11.49,11.50,1286180,15184455.00
2022/08/01,11.50,11.64,11.42,11.56,939016,11036032.00
2022/08/02,11.51,11.51,11.08,11.16,1469520,16790588.00
2022/08/03,11.14,11.48,11.06,11.09,1542700,17817760.00
2022/08/04,11.32,11.57,11.28,11.45,1472960,17168494.00
2022/08/05,11.46,12.06,11.38,11.94,2748728,33104024.00
2022/08/08,11.94,12.46,11.69,12.25,3321681,40922372.00
2022/08/09,12.25,12.44,11.99,12.42,2783184,34677460.00
2022/08/10,12.43,13.01,12.19,12.73,3655293,47139188.00
2022/08/11,12.68,12.81,12.56,12.60,2625801,33822952.00
2022/08/12,12.61,12.96,12.34,12.36,2038406,26001694.00
2022/08/15,12.32,12.59,12.16,12.49,1739644,21874984.00
2022/08/16,12.50,12.60,12.41,12.52,1068800,13604650.00
2022/08/17,12.50,12.62,12.41,12.47,915294,11626007.00
2022/08/18,12.46,12.56,12.28,12.56,1287800,16305357.00
2022/08/19,12.56,12.96,12.21,12.21,1698976,21687574.00
2022/08/22,12.21,12.36,11.99,12.19,1125192,13978916.00
2022/08/23,12.09,12.51,12.09,12.26,1180712,14795719.00
2022/08/24,12.27,12.35,11.70,11.77,1886888,22870196.00
2022/08/25,11.74,11.86,11.14,11.33,1621511,18815924.00
2022/08/26,11.41,11.58,11.03,11.05,1295700,14897361.00
2022/08/29,10.88,11.20,10.70,11.18,1929427,21752354.00
2022/08/30,11.18,11.34,11.00,11.14,1177596,13373999.00
2022/08/31,11.13,11.19,10.60,10.66,1519627,16708754.00
2022/09/01,10.63,10.87,10.49,10.54,1006300,10939291.00
2022/09/02,10.54,11.03,10.54,10.97,1373000,15199780.00
2022/09/05,11.18,11.18,10.75,10.90,1036000,11501072.00
2022/09/06,10.89,11.09,10.81,11.01,1163500,12993594.00
2022/09/07,11.04,11.21,10.94,10.94,1039564,11720100.00
2022/09/08,10.97,11.04,10.84,10.86,936600,10438971.00
2022/09/09,10.97,10.98,10.60,10.66,965940,10549284.00
2022/09/13,10.78,10.93,10.65,10.71,914600,10045652.00
2022/09/14,10.47,10.70,10.47,10.57,764400,8245703.00
2022/09/15,10.68,10.68,10.03,10.16,1238760,12988671.00
2022/09/16,10.16,10.26,9.79,9.85,919768,9376327.00
2022/09/19,9.85,10.05,9.64,9.74,1014328,10098853.00
2022/09/20,9.88,9.92,9.76,9.83,722260,7254975.00
2022/09/21,9.81,9.91,9.59,9.88,796124,7964516.00
2022/09/22,9.90,9.95,9.77,9.79,715500,7217162.00
2022/09/23,9.78,9.93,9.44,9.53,1099696,10790149.00
2022/09/26,9.48,9.48,9.22,9.23,864916,8255773.00
2022/09/27,9.29,9.56,9.26,9.56,926876,8970666.00
2022/09/28,9.56,9.62,9.28,9.28,748048,7220758.00
2022/09/29,9.38,9.46,9.11,9.19,938800,8856955.00
2022/09/30,9.14,9.33,9.03,9.03,791600,7385312.00
2022/10/10,9.29,9.30,8.82,8.88,1109900,10210183.00
2022/10/11,8.83,8.94,8.69,8.84,1047700,9451848.00
2022/10/12,8.88,9.20,8.74,9.18,889400,8168185.00
2022/10/13,9.17,9.46,9.10,9.28,1295960,12315928.00
2022/10/14,9.37,9.56,9.35,9.54,881652,8543526.00
2022/10/17,9.54,9.77,9.54,9.76,1006644,9955925.00
2022/10/18,9.77,10.00,9.68,9.86,1221232,12285250.00
2022/10/19,9.85,9.93,9.69,9.74,1062500,10632877.00
2022/10/20,9.69,10.38,9.64,10.10,2501580,25603152.00
2022/10/21,9.89,10.18,9.69,9.87,2182256,22067884.00
2022/10/24,9.85,10.35,9.83,9.93,1888100,19479770.00
2022/10/25,9.93,10.03,9.74,9.92,1204712,12177726.00
2022/10/26,9.77,10.13,9.77,10.08,1020660,10459629.00
2022/10/27,10.09,10.42,9.99,10.10,1733272,18099130.00
2022/10/28,10.09,10.14,9.66,9.70,1271000,12843727.00
2022/10/31,9.70,10.03,9.60,9.93,1164592,11800569.00
2022/11/01,10.08,10.10,9.92,10.06,1422061,14563509.00
2022/11/02,10.06,10.27,10.05,10.14,1320683,13735338.00
2022/11/03,9.96,10.35,9.88,10.30,2119013,22105218.00
2022/11/04,10.24,10.43,10.21,10.33,1450000,15289513.00
2022/11/07,10.33,10.51,10.26,10.36,1626040,17255998.00
2022/11/08,10.35,10.38,10.19,10.32,1177400,12341281.00
2022/11/09,10.28,10.37,10.16,10.27,742900,7786717.00
2022/11/10,10.20,10.30,10.10,10.15,1015060,10571212.00
2022/11/11,10.34,10.47,10.07,10.09,1541540,16099598.00
2022/11/14,10.20,10.20,10.05,10.13,1299850,13449993.00
2022/11/15,10.12,11.17,10.05,11.17,3658741,40301888.00
2022/11/16,12.31,12.31,12.31,12.31,3648914,45720892.00
2022/11/17,12.38,12.44,11.55,11.85,14059772,170220624.00
2022/11/18,11.77,12.00,11.42,11.48,9259108,109982672.00
2022/11/21,11.56,11.57,11.04,11.23,5574405,63747504.00
2022/11/22,11.31,11.52,11.13,11.33,6003764,69403304.00
2022/11/23,11.22,11.24,10.62,10.88,5784884,64209016.00
2022/11/24,10.95,11.07,10.77,10.91,2997964,33320972.00
2022/11/25,10.87,11.07,10.70,10.70,3083161,34069444.00
2022/11/28,10.53,10.78,10.44,10.59,3066264,33143428.00
2022/11/29,10.61,11.00,10.59,10.95,4006612,44502184.00
2022/11/30,10.96,10.98,10.76,10.80,2472613,27345516.00
2022/12/01,10.88,10.92,10.74,10.81,2051688,22675238.00
2022/12/02,10.77,10.92,10.74,10.87,1927660,21329050.00
2022/12/05,10.91,11.01,10.83,11.00,3186100,35518536.00
2022/12/06,10.98,11.22,10.88,11.01,3840844,43184456.00
2022/12/07,10.93,10.99,10.83,10.88,2116585,23504584.00
2022/12/08,10.87,10.92,10.66,10.68,1912088,20968028.00
2022/12/09,10.65,10.87,10.60,10.60,1854452,20227100.00
2022/12/12,10.70,10.81,10.50,10.80,1605300,17524300.00
2022/12/13,10.78,10.79,10.51,10.53,1305108,14116880.00
2022/12/14,10.75,11.61,10.75,11.61,4958001,57563960.00
2022/12/15,11.78,12.79,11.29,11.92,17922586,222700528.00
2022/12/16,11.86,11.90,11.39,11.47,11036420,130230872.00
2022/12/19,11.39,11.40,11.11,11.26,5116114,58781268.00
2022/12/20,11.25,11.92,11.11,11.73,9646200,114405808.00
2022/12/21,11.70,11.91,11.36,11.56,6450500,76337336.00
2022/12/22,11.72,11.72,11.13,11.20,5213468,60137936.00
2022/12/23,10.87,11.08,10.06,10.63,6203112,66661600.00
2022/12/26,10.60,11.72,10.54,11.72,4876867,57048400.00
2022/12/27,11.89,12.26,11.73,12.04,14058794,171380640.00
2022/12/28,12.08,12.17,11.83,12.06,8638595,105594768.00
2022/12/29,11.94,11.99,11.73,11.76,4831937,58098636.00
2022/12/30,11.75,11.91,11.58,11.76,4112675,49189120.00
2023/01/03,11.68,12.26,11.50,12.19,9615119,117180712.00
2023/01/04,11.98,12.10,11.83,11.92,6357032,77236768.00
2023/01/05,11.86,12.04,11.77,12.04,5439500,66111900.00
2023/01/06,11.98,12.50,11.78,12.46,10089681,124981920.00
2023/01/09,12.33,12.45,12.04,12.26,6415219,79717312.00
2023/01/10,12.15,12.63,11.99,12.03,5826776,72650544.00
2023/01/11,11.99,13.26,11.89,13.26,6333310,84309216.00
2023/01/12,13.46,13.59,12.57,12.63,14816942,194504432.00
2023/01/13,12.82,12.86,12.37,12.68,8525558,109398224.00
2023/01/16,12.58,13.58,12.39,12.94,9737984,127447248.00
2023/01/17,12.78,13.56,12.74,13.08,9834854,131549584.00
2023/01/18,12.81,12.95,12.37,12.54,7956544,101689728.00
2023/01/19,12.38,12.55,12.20,12.50,4321614,54599096.00
2023/01/20,12.46,12.56,12.29,12.31,4013600,50584652.00
2023/01/30,12.45,12.70,12.38,12.70,5638928,71860856.00
2023/01/31,12.70,12.70,12.40,12.55,4334388,55067992.00
2023/02/01,12.58,13.15,12.55,12.83,6510884,84950296.00
2023/02/02,12.91,13.03,12.70,12.88,5185735,67765728.00
2023/02/03,12.79,12.98,12.48,12.82,4424456,57230472.00
2023/02/06,12.38,12.46,12.11,12.18,5878940,73405424.00
2023/02/07,12.39,13.41,12.29,12.75,6973336,90360488.00
2023/02/08,12.93,13.33,12.57,12.63,6082565,79514616.00
2023/02/09,12.75,12.76,12.19,12.76,4530800,58191380.00
2023/02/10,12.89,12.98,12.56,12.61,4498000,58353488.00
2023/02/13,12.56,12.72,12.47,12.54,3110500,39706544.00
2023/02/14,12.63,12.83,12.45,12.51,3183633,40734504.00
2023/02/15,12.44,12.57,12.28,12.51,2908999,36931696.00
2023/02/16,12.53,12.54,11.86,11.95,4617248,57378488.00
2023/02/17,11.97,12.05,11.68,11.76,2481271,29998032.00
2023/02/20,11.78,11.86,11.51,11.85,2282640,27181674.00
2023/02/21,11.84,11.89,11.68,11.77,1740835,20915208.00
2023/02/22,11.78,11.87,11.67,11.82,1389884,16678510.00
2023/02/23,11.86,11.92,11.75,11.84,1597831,19298976.00
2023/02/24,11.90,11.96,11.77,11.84,1306540,15775005.00
2023/02/27,11.73,11.87,11.71,11.77,1437400,17239352.00
2023/02/28,11.74,11.90,11.68,11.80,1038357,12464814.00
2023/03/01,11.80,12.03,11.80,12.03,2320471,28225548.00
2023/03/02,12.03,12.12,11.92,11.92,1449600,17729610.00
2023/03/03,12.10,12.15,11.89,12.03,1619845,19828472.00
2023/03/06,11.97,12.16,11.95,12.12,1610960,19796560.00
2023/03/07,12.12,12.17,11.76,11.80,1677018,20366880.00
2023/03/08,11.78,11.98,11.72,11.95,1101213,13355007.00
2023/03/09,12.03,12.24,11.95,12.21,3062012,37861272.00
2023/03/10,12.12,12.28,12.08,12.13,1819892,22573996.00
2023/03/13,12.06,12.18,11.82,11.95,1427852,17356660.00
2023/03/14,11.95,12.02,11.61,11.88,1779688,21397784.00
2023/03/15,11.99,12.19,11.91,12.13,2485972,30670914.00
2023/03/16,12.12,12.15,11.69,11.71,1929400,23335198.00
2023/03/17,11.87,11.98,11.78,11.93,1690800,20511924.00
2023/03/20,11.96,12.09,11.78,11.90,1784000,21603744.00
2023/03/21,11.95,12.05,11.78,12.04,1887840,22985136.00
2023/03/22,12.11,12.23,12.01,12.22,2623592,32489944.00
2023/03/23,12.18,12.43,12.13,12.42,3654915,45956080.00
2023/03/24,12.52,12.52,12.30,12.49,2848260,36027000.00
2023/03/27,12.50,12.53,12.28,12.48,2405600,30394614.00
2023/03/28,12.47,12.47,12.19,12.21,1768900,22121700.00
2023/03/29,12.30,12.37,12.06,12.26,1946600,24260924.00
2023/03/30,12.33,12.70,12.20,12.60,4895472,62349812.00
2023/03/31,12.55,12.55,12.18,12.31,3668496,46026404.00
2023/04/03,12.58,13.07,12.56,12.89,8426950,110187104.00
2023/04/04,12.85,12.94,12.64,12.78,4675683,60705816.00
2023/04/06,12.65,13.09,12.65,13.00,6150740,80933208.00
2023/04/07,13.08,13.08,12.73,12.83,3668688,47795560.00
2023/04/10,12.82,12.83,12.42,12.49,3324810,42665484.00
2023/04/11,12.57,12.61,12.39,12.50,1890144,24024964.00
2023/04/12,12.53,12.93,12.44,12.88,3934726,51228512.00
2023/04/13,12.83,12.87,12.48,12.58,2672700,34343032.00
2023/04/14,12.75,12.78,12.39,12.71,2338032,30039126.00
2023/04/17,12.68,12.81,12.49,12.58,2227012,28655686.00
2023/04/18,12.58,12.58,11.91,12.01,3567252,43858968.00
2023/04/19,12.00,12.36,11.99,12.13,2421500,30056592.00
2023/04/20,12.13,12.23,11.91,12.00,1669600,20462152.00
2023/04/21,12.00,12.08,11.16,11.18,3715800,43476712.00
2023/04/24,11.16,11.21,10.72,10.89,2618744,29035120.00
2023/04/25,10.84,11.03,10.49,10.59,2469048,26975034.00
2023/04/26,10.58,10.92,10.53,10.82,1683459,18584564.00
2023/04/27,10.76,10.92,10.64,10.68,1741700,19128764.00
2023/04/28,10.73,11.21,10.73,11.18,2061900,23238636.00
2023/05/04,11.13,11.46,11.02,11.33,2386184,27327424.00
2023/05/05,11.26,11.50,11.25,11.47,1733000,20063072.00
2023/05/08,11.39,11.58,11.33,11.51,1499960,17504504.00
2023/05/09,11.48,11.48,11.12,11.34,1649973,19023872.00
2023/05/10,11.30,11.47,11.14,11.32,1175205,13577666.00
2023/05/11,11.32,11.53,11.29,11.43,919040,10701962.00
2023/05/12,11.44,11.60,11.29,11.33,745560,8683567.00
2023/05/15,11.41,11.63,11.28,11.63,1310600,15329422.00
2023/05/16,11.63,11.63,11.39,11.48,1009448,11800566.00
2023/05/17,11.44,11.86,11.38,11.72,1679900,20014860.00
2023/05/18,11.77,11.98,11.67,11.96,1741768,21118136.00
2023/05/19,11.96,13.18,11.96,13.18,6392220,84372416.00
2023/05/22,14.52,14.52,14.52,14.52,5467618,80592688.00
2023/05/23,15.49,15.99,15.19,15.99,9442164,150218896.00
2023/05/24,17.61,17.61,17.61,17.61,1893899,33768220.00
2023/05/25,19.39,19.39,19.39,19.39,4648772,91162416.00
2023/05/26,20.76,21.35,20.33,21.35,26240916,556389760.00
2023/05/29,22.82,23.51,22.64,23.51,7753063,181230800.00
2023/05/30,25.58,25.58,21.16,22.79,39772168,902080640.00
2023/05/31,22.91,25.09,22.22,25.09,43144919,1036807040.00
2023/06/01,22.56,22.56,22.56,22.56,3694700,84165264.00
2023/06/02,20.28,20.28,20.28,20.28,3192500,65446248.00
2023/06/05,18.76,20.66,18.76,19.63,30985922,616937728.00
2023/06/06,18.93,20.18,18.93,20.00,28299198,561875776.00
2023/06/07,19.44,19.94,17.98,19.46,23785595,457286208.00
2023/06/08,19.14,19.46,18.27,18.66,17108960,325281792.00
2023/06/09,18.72,19.27,18.47,19.27,17012206,327185152.00
2023/06/12,19.03,20.42,19.03,20.03,22307486,446736256.00
2023/06/13,19.58,20.53,18.99,20.04,20377725,406367808.00
2023/06/14,19.70,20.22,19.28,19.50,14581064,290213664.00
2023/06/15,19.38,20.58,19.33,20.48,21924100,446243936.00
2023/06/16,21.38,22.55,20.38,20.43,30235064,652173568.00
2023/06/19,19.79,20.39,19.02,19.55,20136144,399688640.00
2023/06/20,19.08,19.96,18.59,19.80,16956111,328782752.00
2023/06/21,19.38,19.62,17.80,17.81,13830528,263334368.00
2023/06/26,17.59,18.23,17.38,18.17,9799461,178289392.00
2023/06/27,18.12,18.45,17.56,18.24,7678672,139776096.00
2023/06/28,18.20,18.43,17.41,18.31,8559696,155200608.00
2023/06/29,18.21,19.14,18.15,18.51,13159132,249081280.00
2023/06/30,17.95,18.87,17.95,18.68,9385144,175499408.00
2023/07/03,18.88,19.29,18.55,18.60,8358880,158373744.00
2023/07/04,17.79,18.60,17.77,18.49,9775168,179641216.00
2023/07/05,18.52,18.91,17.94,18.06,6826384,125979336.00
2023/07/06,18.06,18.53,17.67,18.50,7648008,140882384.00
2023/07/07,18.45,18.55,17.61,17.81,7641700,138329984.00
2023/07/10,18.15,18.32,17.67,18.15,6555088,118895840.00
2023/07/11,18.15,19.98,18.09,19.98,26043921,510733600.00
2023/07/12,20.47,21.99,20.33,21.99,43015069,914853440.00
2023/07/13,21.42,24.20,20.61,24.20,40055741,929175488.00
2023/07/14,22.92,24.36,21.77,21.77,38231856,881618304.00
2023/07/17,20.07,21.75,20.07,20.77,23842325,500884352.00
2023/07/18,20.87,22.07,20.36,20.42,22967624,492088672.00
2023/07/19,20.22,20.61,19.66,19.90,16972804,340626208.00
2023/07/20,19.79,19.88,18.92,18.94,12924300,249968288.00
2023/07/21,18.94,19.15,18.15,18.24,9398060,175322288.00
2023/07/24,18.52,18.74,18.26,18.62,8536280,159879376.00
2023/07/25,18.76,18.83,18.17,18.48,7921500,147145440.00
2023/07/26,18.45,18.45,17.72,17.78,8773671,159070336.00
2023/07/27,17.78,17.98,17.41,17.52,6106900,108692912.00
2023/07/28,17.47,17.65,16.74,16.82,8802324,150580928.00
2023/07/31,16.84,16.87,16.64,16.81,5945900,100573520.00
2023/08/01,16.89,16.92,16.44,16.68,6468132,108527592.00
2023/08/02,16.69,16.83,16.58,16.83,5010200,84444816.00
2023/08/03,16.82,17.06,16.60,16.69,7002500,118524072.00
2023/08/04,16.69,17.13,16.52,17.13,8460252,144329584.00
2023/08/07,17.23,17.50,17.04,17.46,11049000,192497280.00
2023/08/08,17.45,17.45,16.92,17.03,8307600,143323408.00
2023/08/09,16.87,17.03,16.58,16.72,5611100,94559264.00
2023/08/10,16.58,16.93,16.58,16.82,3524112,59485256.00
2023/08/11,16.73,16.89,16.49,16.54,3736660,62755972.00
2023/08/14,16.28,16.66,16.07,16.64,3322600,54982696.00
2023/08/15,16.68,16.79,16.07,16.19,4638500,76184960.00
2023/08/16,16.25,16.34,15.77,15.79,4556980,73548760.00
2023/08/17,15.78,16.51,15.68,16.30,6006500,97981912.00
2023/08/18,16.26,16.52,15.90,15.92,3561500,58209556.00
2023/08/21,15.92,16.29,15.83,16.04,3064312,49759256.00
2023/08/22,16.00,16.38,15.79,16.33,4498800,73185376.00
2023/08/23,16.18,16.23,15.82,15.87,3656500,58845864.00
2023/08/24,15.90,16.40,15.87,16.23,4898100,79936992.00
2023/08/25,16.05,16.08,15.21,15.35,6809800,106499256.00
2023/08/28,16.22,16.22,15.60,15.63,6026800,96919848.00
2023/08/29,15.65,16.51,15.63,16.47,7551432,123935112.00
2023/08/30,16.59,17.35,16.59,17.06,11790640,202612864.00
2023/08/31,16.94,17.15,16.67,17.00,6690180,114354640.00
2023/09/01,16.98,17.17,16.69,16.81,4357500,73987280.00
2023/09/04,16.80,17.02,16.64,17.02,4127800,69971816.00
2023/09/05,17.07,17.54,17.03,17.22,11511480,200001408.00
2023/09/06,16.97,17.40,16.80,17.33,7743000,134306896.00
2023/09/07,17.42,18.11,16.91,17.17,12478198,219627904.00
2023/09/08,16.87,17.39,16.86,16.98,7633500,131407184.00
2023/09/11,16.87,17.10,16.75,16.92,4846399,82780544.00
2023/09/12,16.93,17.05,16.67,16.78,3896639,65994868.00
2023/09/13,17.02,18.47,16.99,18.47,11165879,203262768.00
2023/09/14,18.87,19.86,18.55,19.47,37078041,713940096.00
2023/09/15,18.18,19.26,18.18,18.78,19142888,359302912.00
2023/09/18,18.34,19.87,17.90,19.44,24386550,466151104.00
2023/09/19,19.37,19.37,18.07,18.84,15350492,288788096.00
2023/09/20,18.56,20.74,18.26,20.23,29428012,585951296.00
2023/09/21,19.37,20.22,18.87,19.67,21534379,423003360.00
2023/09/22,19.30,19.77,18.89,19.77,15524043,303944192.00
2023/09/25,19.65,19.86,19.08,19.13,11929300,232645984.00
2023/09/26,19.31,19.42,18.18,18.37,13770331,257271120.00
2023/09/27,17.93,18.01,16.52,16.52,18531440,317135776.00
2023/09/28,16.28,16.57,16.02,16.32,10577819,173285120.00
2023/10/09,16.21,17.04,16.21,16.67,10561940,176446784.00
2023/10/10,16.57,17.03,16.48,16.99,10768619,182553184.00
2023/10/11,16.89,16.97,16.59,16.88,7994619,135035824.00
2023/10/12,16.77,16.89,16.51,16.63,5753792,96587512.00
2023/10/13,16.62,16.85,16.45,16.53,5899640,98980296.00
2023/10/16,16.70,16.75,16.07,16.20,6021408,98814616.00
2023/10/17,16.16,16.35,16.07,16.29,4373556,71525360.00
2023/10/18,16.26,16.27,15.65,15.69,5488400,87760864.00
2023/10/19,15.45,16.26,15.45,15.89,6346596,102373928.00
2023/10/20,15.66,16.01,15.47,15.49,3702656,58233456.00
2023/10/23,15.49,15.57,14.88,14.99,4049224,61794260.00
2023/10/24,15.19,15.79,15.07,15.72,5471700,85600768.00
2023/10/25,15.69,16.00,15.64,15.90,3213800,51297148.00
2023/10/26,15.85,15.91,15.58,15.90,3077200,48828992.00
2023/10/27,15.92,16.06,15.50,15.97,3706500,59297820.00
2023/10/30,15.77,16.07,15.56,16.02,5473000,87491512.00
2023/10/31,16.17,16.27,15.59,15.69,4316200,68854552.00
2023/11/01,15.66,15.94,15.60,15.70,3454791,55044764.00
2023/11/02,15.64,15.84,15.37,15.37,2578500,40505316.00
2023/11/03,15.35,16.24,15.35,16.18,7588700,122388792.00
2023/11/06,16.20,16.48,16.20,16.42,5444200,89710648.00
2023/11/07,16.47,16.50,16.20,16.46,4318100,71381968.00
2023/11/08,16.42,16.54,16.28,16.37,3745200,61906444.00
2023/11/09,16.40,16.52,16.23,16.36,4126500,68116864.00
2023/11/10,16.31,16.79,16.13,16.62,6930698,115532568.00
2023/11/13,16.66,16.79,16.27,16.77,7298089,122097248.00
2023/11/14,16.74,17.72,16.62,17.09,11713208,202609808.00
2023/11/15,17.17,17.31,16.77,16.86,8108560,138668400.00
2023/11/16,16.79,16.94,16.62,16.66,4308389,72692512.00
2023/11/17,16.62,17.02,16.59,16.97,4781746,81274328.00
2023/11/20,16.97,17.17,16.89,17.15,5557862,95555272.00
2023/11/21,17.15,17.15,16.67,16.68,5066500,86125552.00
2023/11/22,16.62,16.75,16.30,16.42,3832000,63649680.00
2023/11/23,16.32,16.75,16.29,16.72,3560560,59470100.00
2023/11/24,16.72,16.72,16.18,16.20,3463800,56889456.00
2023/11/27,16.21,16.61,16.18,16.42,4168400,69138488.00
2023/11/28,16.48,16.70,16.33,16.52,2844244,47358440.00
2023/11/29,16.44,16.88,16.44,16.52,3738000,62920900.00
2023/11/30,16.48,16.56,15.85,16.02,3224400,52306892.00
2023/12/01,16.07,16.27,15.95,16.25,2948500,47886256.00
2023/12/04,16.17,16.42,16.15,16.17,2517240,41291796.00
2023/12/05,16.08,16.15,15.68,15.69,2202700,35212868.00
2023/12/06,15.75,15.93,15.59,15.68,2137900,34023608.00
2023/12/07,15.79,15.85,15.47,15.62,2484300,39049308.00
2023/12/08,15.62,15.95,15.56,15.65,2664192,42275616.00
2023/12/11,15.57,15.92,15.47,15.91,2485757,39327536.00
2023/12/12,15.99,15.99,15.73,15.79,2229800,35616384.00
2023/12/13,15.73,15.91,15.59,15.70,2186357,34674288.00
2023/12/14,15.77,15.88,15.56,15.60,1907992,30194970.00
2023/12/15,15.57,15.67,15.42,15.55,1647100,25805522.00
2023/12/18,15.47,15.47,15.19,15.22,2031500,31333922.00
2023/12/19,15.44,15.44,15.17,15.36,1603900,24731946.00
2023/12/20,15.36,15.62,15.17,15.18,2576200,39997648.00
2023/12/21,15.14,15.31,14.82,15.29,2594900,39442944.00
2023/12/22,15.31,15.46,14.86,14.88,2053299,31259744.00
2023/12/25,14.88,15.03,14.67,14.86,1808700,27043274.00
2023/12/26,14.85,14.96,14.44,14.52,2190700,32157796.00
2023/12/27,14.74,14.95,14.52,14.90,2617000,39077136.00
2023/12/28,14.88,15.14,14.70,15.09,2247900,34032772.00
2023/12/29,15.12,15.45,15.03,15.42,2257000,34884556.00
2024/01/02,15.47,15.49,15.25,15.42,2370300,36786272.00
2024/01/03,15.42,15.42,15.14,15.32,1847000,28422712.00
2024/01/04,15.32,15.41,15.17,15.22,1609700,24796384.00
2024/01/05,15.21,15.36,14.83,14.90,1573973,23907284.00
2024/01/08,14.80,15.05,14.48,14.49,1883800,27889388.00
2024/01/09,14.49,14.84,14.49,14.62,2803600,41533128.00
2024/01/10,14.57,14.59,14.12,14.28,2874500,41593952.00
2024/01/11,14.27,14.62,14.07,14.59,2293300,33454918.00
2024/01/12,14.52,14.65,14.22,14.27,1882000,27433108.00
2024/01/15,14.21,14.42,14.05,14.26,2451800,35339228.00
2024/01/16,14.33,14.36,13.88,14.10,2331200,33107804.00
2024/01/17,14.23,14.23,13.63,13.64,1621400,22718940.00
2024/01/18,13.63,13.79,13.27,13.65,2572460,35109288.00
2024/01/19,13.65,13.85,13.45,13.50,1796700,24724832.00
2024/01/22,13.50,13.62,12.53,12.59,2719456,35891392.00
2024/01/23,12.43,12.75,12.25,12.36,2833200,35475260.00
2024/01/24,12.45,12.69,12.07,12.62,3386600,42463748.00
2024/01/25,12.59,13.26,12.47,13.26,3251240,42535840.00
2024/01/26,13.26,13.26,12.99,13.06,2211900,29294888.00
2024/01/29,13.13,13.27,12.55,12.56,2374800,30626394.00
2024/01/30,12.54,12.63,12.01,12.05,2351000,29235398.00
2024/01/31,12.27,12.27,11.09,11.23,2805600,32742934.00
2024/02/01,11.15,11.35,10.79,11.13,3074796,34508556.00
2024/02/02,11.15,11.33,10.00,10.22,4091900,43475588.00
2024/02/05,9.89,9.97,9.19,9.19,2332680,22093526.00
2024/02/06,8.26,8.87,8.26,8.47,9067300,77319712.00
2024/02/07,8.64,8.64,7.61,7.67,13439428,108438864.00
2024/02/08,7.88,8.45,7.45,8.45,11529662,93908984.00
2024/02/19,8.65,9.31,8.65,9.31,8409435,77800536.00
2024/02/20,9.39,10.25,9.31,10.25,13125101,130091216.00
2024/02/21,11.15,11.29,10.70,11.29,5783833,65311560.00
2024/02/22,12.43,12.43,12.43,12.43,1278200,16054192.00
2024/02/23,13.69,13.69,13.69,13.69,521400,7205748.00
2024/02/26,15.07,15.07,15.07,15.07,841100,12784720.00
2024/02/27,16.26,16.59,15.52,16.59,16069036,261384304.00
2024/02/28,16.87,16.87,14.92,14.92,28629802,447632544.00
2024/02/29,13.42,14.62,13.42,14.08,25697299,358059968.00
2024/03/01,13.72,15.50,13.56,15.50,24885322,371358400.00
2024/03/04,16.17,16.92,15.01,16.07,34854777,572623808.00
2024/03/05,15.07,15.82,14.60,15.17,21270415,326918112.00
2024/03/06,14.42,16.70,14.23,16.70,24999563,394635360.00
2024/03/07,18.26,18.38,16.97,16.98,41299126,743886784.00
2024/03/08,15.27,17.45,15.27,17.05,28040706,452679456.00
2024/03/11,16.87,18.37,16.55,17.55,28160598,498860800.00
2024/03/12,16.92,17.86,16.62,16.82,19720676,338589408.00
2024/03/13,16.55,17.06,16.05,16.41,17565959,290735968.00
2024/03/14,16.29,16.33,15.45,15.69,13809290,219506992.00
2024/03/15,15.67,16.01,15.29,15.90,9971728,158348512.00
2024/03/18,15.94,16.24,15.71,16.22,13173220,212617040.00
2024/03/19,16.07,16.28,15.82,15.88,9955520,160704720.00
2024/03/20,15.79,16.06,15.60,15.95,8953094,142933936.00
2024/03/21,15.95,17.08,15.76,16.75,20653221,342227360.00
2024/03/22,16.74,16.75,16.13,16.51,14048072,232575904.00
2024/03/25,16.16,16.18,14.85,14.85,12354300,192275920.00
2024/03/26,14.69,15.03,13.97,14.13,10301802,148795968.00
2024/03/27,14.34,15.56,14.34,15.56,19298197,298448096.00
2024/03/28,14.55,15.70,14.54,15.27,20136821,307999648.00
2024/03/29,15.19,15.21,14.58,14.99,10192604,153087488.00
2024/04/01,14.99,15.17,14.78,15.17,7802384,118325336.00
2024/04/02,15.24,15.39,14.47,14.66,7829500,116881584.00
2024/04/03,14.67,15.02,14.26,14.72,6367200,94054256.00
2024/04/08,14.43,14.82,14.18,14.19,5055000,73825408.00
2024/04/09,14.17,14.48,14.06,14.36,4134740,59632776.00
2024/04/10,14.36,15.00,14.00,14.72,9519200,140084416.00
2024/04/11,14.43,14.62,14.18,14.23,6211072,89826120.00
2024/04/12,14.22,14.34,13.38,13.64,6979800,97572640.00
2024/04/15,13.65,13.83,12.77,13.04,7199900,96384608.00
2024/04/16,13.05,13.12,11.72,11.72,6783700,82263632.00
2024/04/17,12.23,12.91,12.23,12.91,3135500,40430344.00
2024/04/18,14.20,14.21,13.66,14.21,16529084,234662528.00
2024/04/19,13.77,14.62,13.57,13.62,15328500,216051104.00
2024/04/22,13.68,13.87,13.19,13.52,7235200,98940016.00
2024/04/23,13.52,13.91,13.43,13.67,6829200,94395552.00
2024/04/24,13.63,13.86,13.48,13.80,6584200,91252544.00
2024/04/25,13.73,14.02,13.64,13.74,6874500,96077784.00
2024/04/26,13.86,14.19,13.70,14.17,9663500,136756832.00
2024/04/29,14.28,14.60,14.10,14.45,9115104,132565704.00
2024/04/30,14.39,14.58,14.10,14.29,6682000,96613616.00
2024/05/06,14.56,14.65,14.30,14.54,6373316,92937344.00
2024/05/07,14.87,15.05,14.60,14.67,11335580,169236352.00
2024/05/08,14.47,14.54,14.15,14.18,7039396,101578184.00
2024/05/09,14.22,14.62,14.10,14.32,5580500,80357632.00
2024/05/10,14.30,14.32,13.80,13.84,5290103,74415840.00
2024/05/13,13.70,13.75,13.25,13.28,4094204,55431400.00
2024/05/14,13.50,13.66,13.26,13.45,2780500,37731064.00
2024/05/15,13.47,13.58,13.21,13.40,2518300,34138560.00
2024/05/16,13.52,14.03,13.49,13.91,6830417,95111008.00
2024/05/17,13.84,14.09,13.62,14.09,4415400,61916176.00
2024/05/20,14.17,14.20,13.87,13.99,3359700,47410828.00
2024/05/21,13.99,13.99,13.75,13.87,2459700,34409784.00
2024/05/22,13.84,14.15,13.78,14.10,3402760,48216072.00
2024/05/23,14.27,14.27,13.82,13.88,3605800,50709120.00
2024/05/24,13.54,13.72,13.33,13.38,3847400,52471388.00
2024/05/27,13.47,13.59,13.03,13.58,3459540,46397436.00
2024/05/28,13.59,14.18,13.39,13.65,5001300,69765456.00
2024/05/29,13.58,13.82,13.39,13.67,3267500,45025148.00
2024/05/30,13.68,14.01,13.35,13.88,4157000,58051064.00
2024/05/31,13.89,14.15,13.74,14.03,5247208,74297232.00
2024/06/03,14.06,14.67,13.73,13.95,9062900,130352480.00
2024/06/04,13.95,14.02,13.17,13.37,7070000,95116560.00
2024/06/05,13.22,13.44,12.89,13.01,3627100,47882600.00
2024/06/06,13.11,14.31,13.09,13.57,12351400,170674016.00
2024/06/07,13.07,13.44,12.54,12.60,11415510,147439808.00
2024/06/11,12.62,13.55,12.12,13.07,10221692,134217776.00
2024/06/12,13.02,13.53,12.98,13.38,7694100,102758728.00
2024/06/13,13.38,14.32,13.30,13.69,10680392,147627440.00
2024/06/14,13.61,13.94,13.28,13.62,7335800,100045368.00
2024/06/17,13.49,13.85,13.43,13.71,5557900,76272672.00
2024/06/18,13.64,13.83,13.58,13.76,4596600,63169384.00
2024/06/19,13.77,13.92,13.54,13.79,5386000,74087472.00
2024/06/20,13.65,14.03,13.50,13.50,6813360,94262656.00
2024/06/21,13.15,13.44,12.79,13.32,5498600,72896536.00
2024/06/24,13.33,13.42,12.50,12.52,5227200,67247888.00
2024/06/25,12.72,12.84,12.19,12.28,3877700,48015268.00
2024/06/26,12.28,12.85,12.04,12.85,3539900,44333680.00
2024/06/27,12.92,12.95,12.47,12.53,3163300,40290336.00
2024/06/28,12.53,13.02,12.39,12.83,3760700,48354392.00
2024/07/01,12.88,12.95,12.43,12.70,2923300,36960664.00
2024/07/02,12.77,12.78,12.55,12.61,2208300,28038304.00
2024/07/03,12.62,12.72,12.42,12.49,2016500,25342006.00
2024/07/04,12.39,12.59,12.07,12.10,2425100,29881686.00
2024/07/05,11.99,12.24,11.85,12.14,2309300,27939712.00
2024/07/08,12.08,12.27,11.88,11.92,2135200,25808662.00
2024/07/09,11.76,12.64,11.76,12.61,4615500,56962340.00
2024/07/10,12.55,12.69,12.43,12.48,2305000,28984056.00
2024/07/11,12.66,12.97,12.66,12.96,3595300,46275080.00
2024/07/12,12.93,12.98,12.74,12.84,2299448,29627980.00
2024/07/15,12.81,12.92,12.57,12.60,1878600,23925560.00
2024/07/16,12.50,12.74,12.37,12.71,2020400,25466798.00
2024/07/17,12.82,12.82,12.32,12.33,2356248,29574920.00
2024/07/18,12.21,12.26,11.77,12.22,3092500,37255352.00
2024/07/19,12.15,12.64,12.00,12.54,2955300,36966408.00
2024/07/22,12.53,12.67,12.46,12.59,1998520,25174420.00
2024/07/23,12.58,12.59,12.15,12.15,2110744,26162852.00
2024/07/24,12.38,12.38,11.91,11.93,2473900,29859592.00
2024/07/25,11.93,11.93,11.50,11.81,2505400,29477360.00
2024/07/26,11.93,12.17,11.86,12.11,1738640,20969754.00
2024/07/29,12.11,12.19,11.96,12.06,1499800,18182262.00
2024/07/30,12.14,12.23,11.91,12.15,1861876,22569648.00
2024/07/31,12.10,12.65,12.10,12.62,3087100,38674752.00
2024/08/01,12.62,12.81,12.57,12.70,2546800,32441144.00
2024/08/02,12.70,12.70,12.24,12.24,2385300,29706820.00
2024/08/05,12.07,12.30,11.73,11.73,3097300,37066000.00
2024/08/06,11.74,11.98,11.70,11.90,1646396,19498036.00
2024/08/07,12.10,12.12,11.83,11.97,1785000,21420836.00
2024/08/08,11.95,12.02,11.58,11.86,1883996,22306314.00
2024/08/09,12.07,12.08,11.89,11.89,1930700,23172130.00
2024/08/12,12.01,12.01,11.72,11.77,1187500,14049680.00
2024/08/13,11.86,11.91,11.67,11.90,1354800,16035752.00
2024/08/14,11.90,12.05,11.88,11.94,1234060,14798314.00
2024/08/15,11.99,12.20,11.80,12.08,2096600,25336880.00
2024/08/16,12.10,12.45,12.09,12.32,3267160,40358608.00
2024/08/19,12.44,12.97,12.00,12.24,6237800,77373736.00
2024/08/20,12.05,12.45,11.91,12.06,4986300,60484720.00
2024/08/21,11.95,12.47,11.92,12.05,4041416,49526364.00
2024/08/22,12.05,12.21,11.71,11.74,2891500,34550028.00
2024/08/23,11.68,11.89,11.51,11.74,2292400,26875764.00
2024/08/26,11.96,12.77,11.94,12.52,10438700,130831840.00
2024/08/27,12.16,12.49,12.16,12.28,4795044,59011916.00
2024/08/28,12.37,12.72,11.90,12.20,5157904,63011840.00
2024/08/29,12.20,12.42,12.01,12.33,3516044,43291080.00
2024/08/30,12.42,12.84,12.33,12.72,5530860,70384592.00
2024/09/02,12.61,12.84,12.49,12.50,3576600,45428284.00
2024/09/03,12.61,12.72,12.49,12.61,2728500,34448980.00
2024/09/04,12.40,12.69,12.40,12.51,2259400,28405140.00
2024/09/05,12.74,12.74,12.47,12.60,2472700,31101112.00
2024/09/06,12.57,12.61,12.24,12.27,2457760,30593694.00
2024/09/09,12.31,12.44,12.18,12.34,2221300,27463634.00
2024/09/10,12.33,12.61,12.16,12.55,2563700,31757960.00
2024/09/11,12.52,12.58,12.36,12.40,1754700,21914950.00
2024/09/12,12.45,12.59,12.25,12.27,1966648,24479712.00
2024/09/13,12.36,12.36,12.02,12.02,2023300,24599876.00
2024/09/18,12.25,12.25,11.72,11.98,1784200,21295948.00
2024/09/19,11.99,12.21,11.85,12.12,2156860,26113902.00
2024/09/20,12.17,12.20,11.95,12.01,1686760,20386756.00
2024/09/23,12.00,12.16,11.84,12.05,1860500,22482816.00
2024/09/24,12.15,12.46,11.94,12.45,3213748,39534456.00
2024/09/25,12.55,12.81,12.51,12.56,3594200,45678372.00
2024/09/26,12.62,12.90,12.51,12.90,3208892,41038300.00
2024/09/27,13.05,13.43,12.99,13.43,2772724,36687840.00
2024/09/30,13.91,14.73,13.61,14.66,10155376,145419984.00
2024/10/08,16.13,16.13,15.13,16.13,14770730,236084544.00
2024/10/09,16.11,16.11,14.77,14.78,11461938,177510608.00
2024/10/10,14.97,15.32,14.52,14.73,6903388,102984088.00
2024/10/11,14.77,14.79,13.88,14.04,5282529,75236464.00
2024/10/14,14.03,14.47,13.70,14.47,5020986,71289224.00
2024/10/15,14.29,14.93,14.29,14.40,5290582,77581880.00
2024/10/16,14.11,14.57,14.06,14.34,3827580,55093516.00
2024/10/17,14.35,14.72,14.35,14.53,3982800,58278892.00
2024/10/18,14.62,15.33,14.59,15.10,7689708,115685088.00
2024/10/21,15.33,15.70,15.10,15.22,8710980,133909400.00
2024/10/22,15.23,15.40,15.01,15.18,5684138,86468416.00
2024/10/23,15.18,15.31,14.91,14.97,4878194,73945672.00
2024/10/24,14.98,15.32,14.94,15.30,4484900,68112768.00
2024/10/25,15.27,15.39,15.16,15.27,4960480,75836576.00
2024/10/28,15.23,15.40,15.18,15.34,4932977,75491104.00
2024/10/29,15.24,15.28,14.80,14.89,6902380,103667504.00
2024/10/30,14.94,15.11,14.58,14.85,4855800,72209144.00
2024/10/31,14.86,15.02,14.68,14.91,5047700,75327760.00
2024/11/01,14.82,14.92,14.16,14.20,5832300,84317720.00
2024/11/04,14.27,14.82,14.25,14.69,4109160,60263616.00
2024/11/05,14.65,15.10,14.51,15.08,5144880,77057824.00
2024/11/06,15.17,15.27,14.94,15.11,5255380,79752608.00
2024/11/07,15.20,15.96,15.00,15.82,8973400,139425360.00
2024/11/08,15.98,16.16,15.50,15.79,10965460,173874272.00
2024/11/11,15.82,16.37,15.78,16.36,9451519,153378192.00
2024/11/12,16.47,16.47,15.88,16.01,7754056,125600536.00
2024/11/13,16.00,16.04,15.51,15.95,4405332,69637088.00
2024/11/14,15.78,16.11,15.43,15.46,4144612,65194444.00
2024/11/15,15.48,15.69,15.08,15.08,4398988,67882464.00
2024/11/18,15.15,15.29,14.38,14.48,4821184,70556064.00
2024/11/19,14.43,15.15,14.43,15.15,4662160,69329000.00
2024/11/20,15.16,15.44,15.16,15.39,4142532,63487600.00
2024/11/21,15.39,15.65,15.23,15.48,3974769,61485300.00
2024/11/22,15.50,15.52,14.56,14.56,3964500,59743352.00
数据来源:通达信
