601609 金田股份 日线 前复权
      日期	    开盘	    最高	    最低	    收盘	    成交量	    成交额
2020/04/22,7.33,8.90,7.33,8.90,6147807,57894060.00
2020/04/23,9.06,9.84,8.57,9.42,128736674,1265824256.00
2020/04/24,8.91,9.06,8.43,8.43,65021055,591100736.00
2020/04/27,7.83,8.21,7.53,7.74,74937909,616356224.00
2020/04/28,7.49,7.66,7.08,7.28,48724498,385368256.00
2020/04/29,7.25,7.87,7.25,7.61,55087124,447032384.00
2020/04/30,7.52,7.84,7.33,7.57,49970678,402618656.00
2020/05/06,7.47,7.97,7.42,7.76,47791650,394417664.00
2020/05/07,7.60,7.99,7.49,7.82,57424764,472642368.00
2020/05/08,7.72,8.35,7.70,8.17,69136401,586675392.00
2020/05/11,8.06,8.48,7.95,7.98,68219486,595863488.00
2020/05/12,7.88,8.22,7.62,8.19,60182960,506542976.00
2020/05/13,8.05,8.31,8.02,8.10,49481419,430517568.00
2020/05/14,8.24,8.96,8.14,8.96,85577079,799886400.00
2020/05/15,8.97,8.97,8.42,8.47,94480213,868345408.00
2020/05/18,8.77,9.37,8.65,9.37,94056373,912236352.00
2020/05/19,9.78,10.36,9.78,10.36,41439364,440222272.00
2020/05/20,11.37,11.45,10.47,10.58,148416829,1720898944.00
2020/05/21,10.98,11.46,10.06,10.17,136193398,1553006976.00
2020/05/22,9.78,11.17,9.38,10.87,137363988,1469845248.00
2020/05/25,10.77,12.01,10.70,11.40,148381839,1795015808.00
2020/05/26,10.49,11.15,10.21,11.11,116936922,1316488704.00
2020/05/27,11.02,12.27,10.91,12.27,144844161,1763868032.00
2020/05/28,12.27,13.42,11.66,12.28,157319313,2049353472.00
2020/05/29,12.07,12.77,11.77,12.17,111244464,1425990144.00
2020/06/01,11.46,12.20,11.26,11.91,101079066,1239786112.00
2020/06/02,11.80,12.66,11.69,12.57,115990709,1474344064.00
2020/06/03,12.17,12.33,11.87,11.96,87941978,1108606336.00
2020/06/04,11.78,12.20,10.92,11.19,87980781,1068842880.00
2020/06/05,10.89,11.32,10.68,10.88,58724321,674434432.00
2020/06/08,10.90,11.33,10.74,11.19,59408883,692112320.00
2020/06/09,11.04,11.17,10.50,10.68,59665043,671316160.00
2020/06/10,10.82,10.86,10.33,10.47,47829139,531187552.00
2020/06/11,10.48,11.02,10.48,11.01,69299885,782757888.00
2020/06/12,10.67,10.88,10.54,10.73,48255486,539824000.00
2020/06/15,10.50,10.67,10.27,10.33,44995706,493266784.00
2020/06/16,10.31,10.67,10.18,10.52,46538421,509799264.00
2020/06/17,10.37,10.51,10.02,10.15,44184914,474952640.00
2020/06/18,10.12,10.55,10.12,10.26,40630374,442950688.00
2020/06/19,10.13,10.19,9.88,10.10,38985628,410832960.00
2020/06/22,10.10,10.24,9.93,10.17,29956116,318832160.00
2020/06/23,10.15,10.77,10.15,10.36,54115562,598567424.00
2020/06/24,10.10,10.26,9.91,9.94,37952091,398985120.00
2020/06/29,9.86,9.86,9.60,9.73,23091491,236558272.00
2020/06/30,9.78,9.93,9.69,9.93,24212981,250538496.00
2020/07/01,9.89,10.60,9.86,10.39,53212569,573248640.00
2020/07/02,10.27,10.52,10.14,10.35,45634129,495462688.00
2020/07/03,10.34,10.95,10.30,10.75,60414629,677854400.00
2020/07/06,10.86,11.60,10.86,11.59,71000491,841314944.00
2020/07/07,11.75,11.84,11.07,11.66,79164399,954981952.00
2020/07/08,11.43,12.88,11.37,12.88,85791166,1105343488.00
2020/07/09,12.97,14.22,12.70,14.22,109089765,1509060992.00
2020/07/10,13.85,15.23,12.90,13.27,98398913,1432549120.00
2020/07/13,13.70,14.56,13.24,13.88,86540361,1237363584.00
2020/07/14,13.57,14.26,13.43,14.01,67409711,963327296.00
2020/07/15,14.28,14.47,12.69,12.76,66183222,906516608.00
2020/07/16,13.19,13.34,11.63,12.07,48688418,637187968.00
2020/07/17,11.97,12.23,11.55,12.00,31325552,387270464.00
2020/07/20,12.11,13.01,11.98,12.90,41464319,537316800.00
2020/07/21,12.91,13.01,12.39,12.47,29678618,386377824.00
2020/07/22,12.79,12.96,12.47,12.57,31088400,406247488.00
2020/07/23,12.69,13.27,12.37,12.77,48025574,635018560.00
2020/07/24,12.37,12.74,11.62,11.76,41721385,529863200.00
2020/07/27,11.72,11.96,11.02,11.94,30705016,372227552.00
2020/07/28,12.07,12.54,11.95,12.12,33208078,420090848.00
2020/07/29,11.87,12.20,11.66,12.19,27842597,346147584.00
2020/07/30,12.19,12.25,11.85,11.87,25055970,311152096.00
2020/07/31,11.84,12.32,11.78,12.06,27565172,344997312.00
2020/08/03,11.97,12.55,11.89,12.46,35996346,458321088.00
2020/08/04,12.58,13.11,12.03,12.82,51071578,661532224.00
2020/08/05,12.59,13.45,12.57,13.21,54241743,728907456.00
2020/08/06,13.07,13.43,12.83,13.06,46579783,631092544.00
2020/08/07,13.09,13.36,12.60,12.92,39844886,533860320.00
2020/08/10,12.56,12.72,12.08,12.17,35391962,452366848.00
2020/08/11,12.21,12.47,11.73,11.84,27203483,342046656.00
2020/08/12,11.67,11.67,11.21,11.39,24505600,289484320.00
2020/08/13,11.46,11.65,11.33,11.52,15465925,183795120.00
2020/08/14,11.39,11.57,11.29,11.47,11149033,132425216.00
2020/08/17,11.50,11.80,11.39,11.79,15633755,189114848.00
2020/08/18,11.93,12.01,11.73,11.82,16442802,201900912.00
2020/08/19,12.04,12.13,11.65,11.69,19236599,237605200.00
2020/08/20,11.77,11.86,11.39,11.45,14213867,171277632.00
2020/08/21,11.54,11.85,11.39,11.46,15112000,181356240.00
2020/08/24,11.47,11.52,11.05,11.15,16445035,190452208.00
2020/08/25,11.15,11.21,10.77,10.80,19120036,217192544.00
2020/08/26,10.83,10.83,10.35,10.37,16625182,182448160.00
2020/08/27,10.41,10.58,10.41,10.55,10372895,113494880.00
2020/08/28,10.55,10.85,10.43,10.84,13308208,147618064.00
2020/08/31,10.87,11.02,10.75,10.76,12671941,143182368.00
2020/09/01,10.73,10.92,10.68,10.90,9459709,106435584.00
2020/09/02,10.81,10.83,10.53,10.62,12144960,134538784.00
2020/09/03,10.60,10.60,10.38,10.40,10236810,111616432.00
2020/09/04,10.18,10.46,10.09,10.42,8244405,87964800.00
2020/09/07,10.51,10.71,10.34,10.43,12529617,137736688.00
2020/09/08,10.42,10.52,10.29,10.45,9217142,100096504.00
2020/09/09,10.26,10.34,9.93,9.95,13378026,140775184.00
2020/09/10,10.08,10.11,9.72,9.89,10750951,111206600.00
2020/09/11,9.85,9.97,9.74,9.94,6242500,64217260.00
2020/09/14,10.02,10.07,9.85,9.92,7205654,74923168.00
2020/09/15,9.92,9.95,9.77,9.86,6314460,64848764.00
2020/09/16,9.86,9.86,9.69,9.72,7358043,74939440.00
2020/09/17,9.62,9.87,9.47,9.79,10857874,109640464.00
2020/09/18,9.75,10.44,9.75,10.28,18567819,195208768.00
2020/09/21,10.21,10.35,10.15,10.17,11904476,126963640.00
2020/09/22,9.98,10.11,9.77,9.78,10074299,104263800.00
2020/09/23,9.87,10.03,9.81,9.88,6683048,69214992.00
2020/09/24,9.72,9.75,9.58,9.62,7567600,76311248.00
2020/09/25,9.60,9.71,9.44,9.53,6868491,68434976.00
2020/09/28,9.53,9.61,9.38,9.40,4619839,45772160.00
2020/09/29,9.49,9.52,9.40,9.40,4673500,46197564.00
2020/09/30,9.39,9.45,9.18,9.30,5382324,52528000.00
2020/10/09,9.43,9.67,9.43,9.66,7177978,71865952.00
2020/10/12,9.73,9.95,9.72,9.92,8885367,91485616.00
2020/10/13,9.90,9.91,9.72,9.81,7757908,79388288.00
2020/10/14,9.75,9.76,9.58,9.60,7147800,72110848.00
2020/10/15,9.62,9.71,9.54,9.56,6127781,61601660.00
2020/10/16,9.60,9.62,9.50,9.56,4635862,46278152.00
2020/10/19,9.60,9.75,9.52,9.68,5785200,58237556.00
2020/10/20,9.60,9.73,9.47,9.70,6719371,67394640.00
2020/10/21,9.78,10.25,9.78,10.11,21991051,230813200.00
2020/10/22,10.00,10.44,9.91,10.27,20037232,213854336.00
2020/10/23,10.13,10.18,9.93,9.97,13394931,140225616.00
2020/10/26,9.87,9.87,9.64,9.69,8676408,88119056.00
2020/10/27,9.62,9.68,9.49,9.50,8913577,89047864.00
2020/10/28,9.57,9.73,9.28,9.68,11226350,111576312.00
2020/10/29,9.47,9.56,9.42,9.49,7261620,72052816.00
2020/10/30,9.49,9.51,9.21,9.23,8718400,85232632.00
2020/11/02,9.25,9.30,8.94,9.02,7323111,69521952.00
2020/11/03,9.06,9.62,9.03,9.57,15473496,152795616.00
2020/11/04,9.52,9.52,9.35,9.40,9072382,89501480.00
2020/11/05,9.47,9.54,9.31,9.44,8097712,79722432.00
2020/11/06,9.44,9.69,9.43,9.53,11536034,115360160.00
2020/11/09,9.75,10.18,9.62,10.10,21942918,226635440.00
2020/11/10,10.17,10.62,9.99,10.42,34661128,371761888.00
2020/11/11,10.37,11.51,10.25,11.21,67153911,773596288.00
2020/11/12,10.81,10.97,10.47,10.76,38773308,432441216.00
2020/11/13,10.58,11.11,10.34,10.95,37399227,419862336.00
2020/11/16,10.93,11.95,10.85,11.47,56211654,670753280.00
2020/11/17,11.45,11.75,10.78,10.88,44260466,516313600.00
2020/11/18,10.72,11.18,10.71,10.91,31345113,357128768.00
2020/11/19,10.84,11.00,10.46,10.64,25282924,280283904.00
2020/11/20,10.65,10.94,10.45,10.85,29877758,332669248.00
2020/11/23,11.09,11.45,10.90,11.28,47347238,551638336.00
2020/11/24,11.05,11.92,10.83,11.66,52774115,619090432.00
2020/11/25,11.57,11.75,11.12,11.15,35859559,424513184.00
2020/11/26,11.09,11.62,10.93,11.58,30926408,360936032.00
2020/11/27,11.63,12.57,11.27,12.03,60339752,741966528.00
2020/11/30,12.27,13.28,11.97,12.56,80552222,1056303168.00
2020/12/01,12.09,12.62,11.95,12.46,51674269,656453504.00
2020/12/02,12.25,12.82,12.18,12.28,46107063,593003328.00
2020/12/03,11.89,11.99,11.29,11.30,45332499,543172480.00
2020/12/04,11.15,11.45,11.09,11.43,23096200,271385824.00
2020/12/07,11.37,11.47,10.97,10.97,21556451,250031232.00
2020/12/08,10.97,11.14,10.83,11.04,15181464,173546768.00
2020/12/09,11.04,11.44,10.97,11.25,22526815,262002544.00
2020/12/10,10.98,11.43,10.88,11.42,19805822,229133856.00
2020/12/11,11.76,11.86,11.18,11.20,28698496,342875072.00
2020/12/14,10.87,10.93,10.27,10.60,21465200,237136560.00
2020/12/15,10.42,10.53,10.09,10.26,18101854,194156848.00
2020/12/16,10.28,10.44,10.11,10.14,12496300,133638360.00
2020/12/17,10.14,10.66,9.89,10.63,25491345,274739424.00
2020/12/18,10.56,11.05,10.53,10.80,26271398,295124160.00
2020/12/21,10.69,10.99,10.67,10.85,20733599,233102656.00
2020/12/22,10.61,10.62,9.93,9.97,25847698,277374880.00
2020/12/23,9.98,10.20,9.81,10.01,16280100,169254048.00
2020/12/24,10.01,10.12,9.73,9.75,14676695,151479808.00
2020/12/25,9.70,10.25,9.64,10.25,20229068,211284016.00
2020/12/28,10.16,10.32,9.99,10.04,13424023,141684672.00
2020/12/29,10.03,10.04,9.55,9.59,15403900,156390960.00
2020/12/30,9.57,9.81,9.52,9.65,9905901,100217880.00
2020/12/31,9.52,9.81,9.52,9.72,10115200,102453408.00
2021/01/04,9.72,10.12,9.70,10.06,14694177,152778320.00
2021/01/05,10.02,10.06,9.78,10.00,13646177,141180640.00
2021/01/06,10.23,10.27,9.74,9.75,16465183,170995712.00
2021/01/07,9.71,10.17,9.65,10.05,20157300,209497712.00
2021/01/08,10.08,10.22,9.57,9.93,17242003,176976848.00
2021/01/11,9.67,9.67,9.21,9.23,21038561,207336672.00
2021/01/12,9.21,9.32,9.09,9.31,8136693,78493312.00
2021/01/13,9.26,9.54,9.20,9.30,10351964,101294728.00
2021/01/14,9.26,9.26,9.04,9.15,8251400,79010856.00
2021/01/15,9.17,9.34,9.17,9.26,7053483,68343888.00
2021/01/18,9.33,9.63,9.31,9.55,11608064,115347728.00
2021/01/19,9.43,9.50,9.34,9.41,7960554,78309752.00
2021/01/20,9.33,10.39,9.33,9.99,24669779,255636896.00
2021/01/21,9.77,10.31,9.75,10.15,27589766,291381344.00
2021/01/22,10.01,10.10,9.78,9.84,16107056,166496272.00
2021/01/25,9.77,10.09,9.61,9.73,14312301,146813088.00
2021/01/26,9.63,9.70,9.37,9.50,11194444,111120480.00
2021/01/27,9.48,9.49,9.18,9.24,9111801,88425072.00
2021/01/28,9.07,9.31,9.04,9.15,6799982,65395808.00
2021/01/29,9.22,9.33,8.96,9.04,7334540,70105016.00
2021/02/01,9.07,9.99,8.82,9.59,20572377,205376704.00
2021/02/02,9.47,9.69,9.22,9.44,15437378,152318560.00
2021/02/03,9.29,9.76,9.12,9.43,14496100,143687776.00
2021/02/04,9.29,9.29,8.95,9.03,11222100,106715288.00
2021/02/05,8.99,9.38,8.99,9.08,8134777,78029648.00
2021/02/08,9.05,9.35,9.03,9.18,7311377,70463656.00
2021/02/09,9.13,9.67,9.13,9.57,13411982,132639424.00
2021/02/10,9.48,10.01,9.45,9.79,18800144,191241488.00
2021/02/18,10.47,10.57,10.16,10.38,34232405,369322208.00
2021/02/19,10.26,10.92,10.01,10.64,38115748,413070112.00
2021/02/22,11.25,11.75,11.13,11.75,73150427,874781760.00
2021/02/23,11.37,11.73,11.02,11.04,52355508,611401984.00
2021/02/24,10.92,11.04,10.37,10.45,37306287,411913856.00
2021/02/25,10.77,10.84,10.41,10.47,24635678,271688608.00
2021/02/26,9.97,10.36,9.87,10.12,18873552,199154720.00
2021/03/01,10.13,10.60,10.05,10.47,22137847,238046416.00
2021/03/02,10.36,10.36,9.96,10.10,20580200,217285920.00
2021/03/03,10.20,10.53,10.13,10.52,25035600,271133824.00
2021/03/04,10.27,10.96,10.22,10.71,33536142,370941248.00
2021/03/05,10.41,10.47,10.07,10.32,20631800,220796944.00
2021/03/08,10.44,10.56,10.08,10.08,16726616,180673168.00
2021/03/09,10.05,10.05,9.21,9.56,20042700,201410592.00
2021/03/10,9.58,9.66,9.33,9.34,10973700,108448664.00
2021/03/11,9.42,10.00,9.42,9.97,21323113,217169456.00
2021/03/12,9.89,9.92,9.68,9.75,14427687,147308496.00
2021/03/15,9.78,9.96,9.57,9.68,11653600,118850960.00
2021/03/16,9.68,9.76,9.43,9.57,11137270,111369296.00
2021/03/17,9.44,9.64,9.42,9.64,9486970,94587584.00
2021/03/18,9.66,9.72,9.53,9.55,9212870,92350800.00
2021/03/19,9.47,10.05,9.37,9.76,17631204,179608480.00
2021/03/22,9.74,10.01,9.58,9.92,15570377,159962720.00
2021/03/23,9.83,9.90,9.51,9.56,13812131,138576176.00
2021/03/24,9.40,9.54,9.38,9.44,8699650,85723680.00
2021/03/25,9.42,9.64,9.38,9.47,6897500,68645504.00
2021/03/26,9.41,9.60,9.32,9.54,9130813,90365296.00
2021/03/29,9.49,9.55,9.39,9.45,7026200,69474864.00
2021/03/30,9.40,9.52,9.29,9.44,8758721,86168608.00
2021/03/31,9.38,9.40,9.20,9.26,8470831,82196816.00
2021/04/01,9.23,9.29,9.12,9.24,7448100,71672584.00
2021/04/02,9.27,9.43,9.14,9.38,8433400,82090128.00
2021/04/06,9.58,9.74,9.44,9.45,9220000,91814784.00
2021/04/07,9.31,9.70,9.27,9.64,14374545,142827856.00
2021/04/08,9.77,10.65,9.77,10.65,67419820,738898688.00
2021/04/09,10.57,10.61,10.15,10.41,54702999,592324992.00
2021/04/12,10.18,10.35,9.87,9.98,31042320,326782528.00
2021/04/13,9.90,10.01,9.76,9.92,21015200,216263296.00
2021/04/14,9.93,10.00,9.38,9.61,28154123,282615488.00
2021/04/15,9.55,9.97,9.50,9.88,25540246,259996064.00
2021/04/16,9.90,10.05,9.57,9.67,24164943,245242256.00
2021/04/19,9.45,9.78,9.34,9.77,23477499,235029424.00
2021/04/20,9.63,9.82,9.53,9.57,16767297,168621952.00
2021/04/21,9.41,9.54,9.39,9.44,12836186,126922192.00
2021/04/22,8.85,9.24,8.85,9.14,37304730,354652256.00
2021/04/23,9.04,9.11,8.97,8.98,19507179,184111904.00
2021/04/26,9.03,9.27,9.02,9.12,24951623,239316256.00
2021/04/27,9.27,9.38,9.03,9.16,26078005,251442912.00
2021/04/28,8.98,9.00,8.82,8.92,20950526,195623568.00
2021/04/29,8.92,9.07,8.85,9.03,19849027,186344784.00
2021/04/30,8.94,8.97,8.82,8.86,16834070,156625632.00
2021/05/06,8.98,9.09,8.92,8.98,19414536,182934672.00
2021/05/07,9.05,9.33,9.05,9.19,36185181,348482784.00
2021/05/10,9.41,10.15,9.26,9.85,72893726,730365888.00
2021/05/11,9.47,9.47,9.08,9.20,42208867,408633952.00
2021/05/12,9.17,9.36,9.13,9.27,21950524,212360720.00
2021/05/13,9.07,9.09,8.92,8.97,26841800,252877200.00
2021/05/14,8.96,9.00,8.87,8.97,20205223,189337728.00
2021/05/17,8.94,9.05,8.91,9.00,16713503,157123856.00
2021/05/18,9.05,9.07,8.96,9.01,14682700,138588528.00
2021/05/19,8.97,8.97,8.89,8.91,13972500,130515560.00
2021/05/20,8.82,8.83,8.52,8.66,26212330,237242480.00
2021/05/21,8.62,8.73,8.60,8.69,9925723,90443856.00
2021/05/24,8.78,8.82,8.69,8.71,9414197,86112512.00
2021/05/25,8.74,8.79,8.67,8.76,10357823,94833208.00
2021/05/26,8.74,8.87,8.70,8.84,14377186,132611792.00
2021/05/27,8.81,8.84,8.77,8.78,11666600,107561448.00
2021/05/28,8.87,8.91,8.75,8.76,14924200,138330480.00
2021/05/31,8.76,8.79,8.67,8.71,11290989,103280216.00
2021/06/01,8.71,8.74,8.59,8.74,12796707,116329736.00
2021/06/02,8.72,8.72,8.61,8.62,10777300,97867184.00
2021/06/03,8.64,8.70,8.62,8.64,9103888,82754808.00
2021/06/04,8.59,8.60,8.54,8.55,10730100,96486992.00
2021/06/07,8.59,8.66,8.59,8.62,7234003,65428068.00
2021/06/08,8.62,8.65,8.57,8.60,7823700,70621744.00
2021/06/09,8.62,8.70,8.60,8.66,8492500,77067856.00
2021/06/10,8.67,8.67,8.58,8.60,8549908,77217008.00
2021/06/11,8.60,8.63,8.54,8.62,9092538,81954672.00
2021/06/15,8.57,8.59,8.33,8.35,13282400,117304832.00
2021/06/16,8.37,8.56,8.37,8.42,8468900,75278216.00
2021/06/17,8.35,8.41,8.32,8.34,7392300,64938236.00
2021/06/18,8.29,8.29,8.13,8.25,9800697,84528344.00
2021/06/21,8.24,8.26,8.18,8.22,6627300,57276944.00
2021/06/22,8.22,8.47,8.21,8.42,11297975,99141784.00
2021/06/23,8.43,8.44,8.32,8.36,6826678,59210440.00
2021/06/24,8.36,8.43,8.28,8.37,6892882,59799016.00
2021/06/25,8.36,8.53,8.32,8.53,11151200,97974808.00
2021/06/28,8.53,8.55,8.46,8.50,7087701,62506012.00
2021/06/29,8.50,8.50,8.35,8.35,6240828,54362448.00
2021/06/30,8.35,8.40,8.30,8.36,5888500,51028904.00
2021/07/01,8.37,8.37,8.20,8.20,7373229,63375696.00
2021/07/02,8.20,8.48,8.19,8.34,13182915,114687048.00
2021/07/05,8.33,8.65,8.33,8.62,16887000,150183392.00
2021/07/06,8.65,8.66,8.50,8.59,10586700,93983336.00
2021/07/07,8.50,8.87,8.48,8.78,22644001,203690240.00
2021/07/08,8.73,8.84,8.59,8.64,16159628,145670112.00
2021/07/09,8.62,9.00,8.56,8.90,33800000,309641312.00
2021/07/12,8.91,9.07,8.75,8.79,25281417,231978992.00
2021/07/13,8.75,8.76,8.61,8.68,17962400,161593904.00
2021/07/14,8.70,8.70,8.46,8.49,15794300,139938752.00
2021/07/15,8.48,8.62,8.34,8.58,14291877,125747752.00
2021/07/16,8.50,8.74,8.48,8.59,15785600,141487504.00
2021/07/19,8.54,8.70,8.51,8.53,11859177,105723224.00
2021/07/20,8.43,8.43,8.33,8.39,10787400,93738800.00
2021/07/21,8.38,8.60,8.37,8.52,11650000,103003704.00
2021/07/22,8.60,8.83,8.56,8.73,26817326,242231792.00
2021/07/23,8.68,8.92,8.64,8.73,29147243,265625248.00
2021/07/26,8.90,8.92,8.53,8.71,25474000,230812224.00
2021/07/27,8.88,9.17,8.69,8.73,47230398,438322656.00
2021/07/28,8.45,8.48,8.03,8.10,35132228,298365920.00
2021/07/29,8.10,8.29,8.09,8.26,20155100,171958560.00
2021/07/30,8.24,8.53,8.14,8.52,26394100,229941840.00
2021/08/02,8.53,8.60,8.33,8.54,20955898,184132608.00
2021/08/03,8.55,8.57,8.24,8.26,19217600,167036768.00
2021/08/04,8.26,8.36,8.20,8.34,12040200,104023800.00
2021/08/05,8.28,8.37,8.21,8.24,12416700,106737296.00
2021/08/06,8.24,8.66,8.22,8.47,26996988,236466176.00
2021/08/09,8.38,8.53,8.31,8.46,20481700,178710224.00
2021/08/10,8.41,8.62,8.38,8.52,17896800,158399104.00
2021/08/11,8.54,8.72,8.53,8.71,29223013,261839040.00
2021/08/12,8.68,8.91,8.65,8.81,26260000,239753984.00
2021/08/13,8.77,8.98,8.73,8.88,29751300,274052672.00
2021/08/16,8.94,8.99,8.69,8.71,26105300,237616256.00
2021/08/17,8.66,8.93,8.61,8.64,24761607,225126288.00
2021/08/18,8.64,8.80,8.61,8.74,15957078,144165600.00
2021/08/19,8.67,8.67,8.43,8.61,18225498,161497504.00
2021/08/20,8.56,8.56,8.34,8.50,15411000,134841904.00
2021/08/23,8.53,8.92,8.53,8.74,19164000,173911440.00
2021/08/24,8.82,9.18,8.74,9.08,44904408,418751552.00
2021/08/25,9.06,9.16,8.98,9.13,34858128,327616512.00
2021/08/26,9.12,9.35,9.09,9.16,43324307,413184384.00
2021/08/27,9.10,9.36,9.08,9.23,32945507,314036736.00
2021/08/30,9.33,9.33,9.07,9.17,32849455,312146240.00
2021/08/31,9.09,9.36,8.99,9.28,41643900,397278976.00
2021/09/01,9.28,9.47,8.90,9.00,41211000,390548480.00
2021/09/02,8.89,9.36,8.89,9.19,32453397,307598112.00
2021/09/03,9.16,9.53,9.12,9.15,37294300,357696864.00
2021/09/06,9.19,9.25,8.96,9.07,23556853,220990704.00
2021/09/07,9.11,9.41,9.09,9.36,38434100,369890432.00
2021/09/08,9.34,9.47,9.25,9.39,31949832,309592864.00
2021/09/09,9.37,9.73,9.30,9.61,50420343,497205152.00
2021/09/10,9.65,9.90,9.43,9.43,63833077,634590976.00
2021/09/13,9.62,9.93,9.53,9.92,79004811,795628096.00
2021/09/14,9.68,9.71,9.23,9.33,67644979,659786368.00
2021/09/15,9.23,9.44,9.21,9.36,29016387,279792416.00
2021/09/16,9.42,9.48,8.98,8.99,40095301,382148640.00
2021/09/17,8.92,9.03,8.60,8.77,29581001,270152896.00
2021/09/22,8.58,8.73,8.54,8.71,16859307,151068544.00
2021/09/23,8.76,8.82,8.62,8.70,16472900,148758656.00
2021/09/24,8.70,8.74,8.41,8.43,21061400,186693104.00
2021/09/27,8.43,8.43,8.10,8.17,20393800,173820160.00
2021/09/28,8.16,8.28,8.11,8.19,11457400,97529328.00
2021/09/29,8.14,8.31,8.11,8.17,14129300,120473840.00
2021/09/30,8.21,8.29,8.16,8.27,10495500,89684608.00
2021/10/08,8.35,8.39,8.22,8.32,10266995,88562992.00
2021/10/11,8.32,8.36,8.25,8.35,8045900,69483864.00
2021/10/12,8.34,8.36,8.16,8.23,9614500,82250504.00
2021/10/13,8.21,8.26,8.16,8.26,5865000,50000760.00
2021/10/14,8.32,8.50,8.30,8.43,14161993,123481072.00
2021/10/15,8.47,8.56,8.36,8.37,10501364,91940864.00
2021/10/18,8.43,8.53,8.38,8.47,12058500,105929584.00
2021/10/19,8.46,8.46,8.32,8.41,10317000,89827624.00
2021/10/20,8.19,8.32,8.19,8.26,9467800,81234600.00
2021/10/21,8.36,8.41,8.26,8.28,9095972,78618112.00
2021/10/22,8.20,8.28,8.14,8.16,11369135,96616216.00
2021/10/25,8.14,8.18,8.06,8.18,6623632,55985152.00
2021/10/26,8.17,8.19,8.11,8.13,6790543,57482824.00
2021/10/27,8.13,8.13,7.79,7.82,15385443,126545640.00
2021/10/28,7.75,7.79,7.50,7.57,10915200,86531648.00
2021/10/29,7.59,7.72,7.56,7.70,5226993,41673688.00
2021/11/01,7.70,7.80,7.64,7.77,5204400,41975672.00
2021/11/02,7.77,7.84,7.59,7.65,7353048,59057148.00
2021/11/03,7.66,7.74,7.65,7.74,4591300,36848252.00
2021/11/04,7.73,7.74,7.66,7.72,5513991,44236836.00
2021/11/05,7.69,7.73,7.63,7.64,6422100,51288256.00
2021/11/08,7.64,7.72,7.58,7.69,5033000,40233836.00
2021/11/09,7.72,7.72,7.65,7.70,4813682,38536904.00
2021/11/10,7.69,7.75,7.63,7.75,6240600,49908144.00
2021/11/11,7.75,7.82,7.70,7.81,7074413,57352744.00
2021/11/12,7.82,7.91,7.81,7.84,7326811,59865764.00
2021/11/15,7.86,7.86,7.75,7.79,7414899,60073552.00
2021/11/16,7.76,7.85,7.76,7.79,6784899,55131912.00
2021/11/17,7.78,8.05,7.76,8.01,14569393,120185192.00
2021/11/18,8.02,8.84,8.01,8.84,79332610,711120320.00
2021/11/19,8.78,9.11,8.56,8.99,94120136,868954624.00
2021/11/22,9.18,9.72,8.99,9.23,75744498,736826688.00
2021/11/23,9.28,9.64,9.28,9.42,50046582,489209248.00
2021/11/24,9.32,9.55,9.28,9.38,32382010,314819232.00
2021/11/25,9.37,9.51,9.22,9.34,32208901,310829728.00
2021/11/26,9.35,9.45,9.26,9.39,26181785,254073920.00
2021/11/29,9.28,9.77,9.25,9.65,48803758,484754944.00
2021/11/30,9.64,9.84,9.48,9.56,32972548,327505120.00
2021/12/01,9.53,9.55,9.33,9.49,21485039,209382992.00
2021/12/02,9.46,9.63,9.18,9.29,22903026,220865984.00
2021/12/03,9.35,9.38,9.16,9.26,15569792,149124928.00
2021/12/06,9.22,9.35,9.08,9.13,18166207,172952464.00
2021/12/07,9.19,9.21,8.85,8.93,18601443,172748448.00
2021/12/08,8.95,9.02,8.81,8.89,15357267,141694624.00
2021/12/09,8.89,8.94,8.69,8.71,23200122,210931984.00
2021/12/10,8.71,8.80,8.63,8.74,23590250,213136304.00
2021/12/13,8.72,8.73,8.60,8.64,17284376,155130032.00
2021/12/14,8.64,8.69,8.51,8.52,17365500,154565520.00
2021/12/15,8.52,8.74,8.52,8.62,30161444,271039936.00
2021/12/16,8.63,8.74,8.53,8.74,21743400,195335168.00
2021/12/17,8.74,8.76,8.58,8.59,19671800,176728832.00
2021/12/20,8.54,8.58,8.33,8.43,20371025,178319616.00
2021/12/21,8.47,8.49,8.38,8.49,10852300,94987056.00
2021/12/22,8.48,8.51,8.38,8.40,12101493,105727448.00
2021/12/23,8.46,8.57,8.40,8.47,15436000,136032960.00
2021/12/24,8.47,8.50,8.23,8.26,15407458,133135312.00
2021/12/27,8.23,8.31,8.18,8.26,7013253,60175492.00
2021/12/28,8.33,8.33,8.18,8.22,10518664,89927824.00
2021/12/29,8.23,8.31,8.18,8.20,10445118,89398528.00
2021/12/30,8.22,8.34,8.22,8.30,11946240,102845424.00
2021/12/31,8.29,8.35,8.25,8.33,9232759,79698144.00
2022/01/04,8.34,8.43,8.32,8.40,11860550,103299560.00
2022/01/05,8.40,8.43,8.21,8.29,15334393,132258960.00
2022/01/06,8.29,8.37,8.25,8.31,9695350,83705512.00
2022/01/07,8.31,8.39,8.25,8.26,10891414,94242144.00
2022/01/10,8.26,8.32,8.23,8.31,7636583,65686824.00
2022/01/11,8.32,8.44,8.30,8.41,11889400,103418496.00
2022/01/12,8.46,8.55,8.43,8.50,16623899,146366656.00
2022/01/13,8.55,8.63,8.42,8.44,19084800,168865680.00
2022/01/14,8.41,8.42,8.25,8.27,13028293,112328016.00
2022/01/17,8.21,8.34,8.20,8.33,9143400,78602752.00
2022/01/18,8.32,8.33,8.24,8.30,9059557,77851360.00
2022/01/19,8.28,8.30,8.18,8.22,8937034,76408336.00
2022/01/20,8.22,8.29,8.02,8.02,13835300,117240992.00
2022/01/21,8.02,8.07,7.93,8.04,7870500,65560696.00
2022/01/24,7.96,8.06,7.94,8.02,5457514,45437528.00
2022/01/25,8.00,8.01,7.68,7.68,11535505,93969744.00
2022/01/26,7.74,7.80,7.71,7.77,5510550,44557016.00
2022/01/27,7.77,7.79,7.64,7.66,7707009,61832344.00
2022/01/28,7.67,7.74,7.58,7.70,7714982,61600312.00
2022/02/07,7.78,7.91,7.75,7.86,6951575,56789552.00
2022/02/08,7.86,7.99,7.84,7.99,7491595,61816020.00
2022/02/09,7.99,8.17,7.96,8.14,10599784,89232632.00
2022/02/10,8.19,8.38,8.09,8.17,15646047,133915176.00
2022/02/11,8.12,8.24,8.05,8.10,8368167,70682560.00
2022/02/14,8.06,8.07,7.92,8.00,8111141,67495584.00
2022/02/15,8.03,8.12,7.97,8.11,6158908,51435248.00
2022/02/16,8.17,8.32,8.14,8.30,15740450,134979216.00
2022/02/17,8.33,8.34,8.23,8.27,10442280,89728192.00
2022/02/18,8.23,8.34,8.19,8.32,10220917,87981400.00
2022/02/21,8.33,8.34,8.25,8.29,7033066,60494632.00
2022/02/22,8.25,8.31,8.18,8.27,9225131,79081976.00
2022/02/23,8.27,8.33,8.23,8.32,7606600,65592600.00
2022/02/24,8.30,8.35,7.98,8.10,13827001,117654184.00
2022/02/25,8.18,8.40,8.15,8.26,12126800,104454080.00
2022/02/28,8.34,8.36,8.18,8.29,7564785,65075108.00
2022/03/01,8.32,8.34,8.22,8.28,6110075,52474512.00
2022/03/02,8.28,8.40,8.24,8.35,9528592,82444808.00
2022/03/03,8.43,8.63,8.40,8.45,20625600,181687488.00
2022/03/04,8.38,8.56,8.30,8.40,15244735,132975048.00
2022/03/07,8.48,8.48,8.21,8.26,14681550,127169040.00
2022/03/08,8.22,8.25,7.79,7.90,17230215,142691264.00
2022/03/09,7.91,7.93,7.40,7.70,14167733,113601016.00
2022/03/10,7.80,7.88,7.69,7.74,9528100,77265984.00
2022/03/11,7.65,7.80,7.46,7.78,8142525,64667764.00
2022/03/14,7.75,7.75,7.53,7.54,6896525,54930792.00
2022/03/15,7.71,7.76,7.36,7.37,15953100,125687576.00
2022/03/16,7.46,7.56,7.19,7.53,14006500,108024088.00
2022/03/17,7.58,7.69,7.55,7.60,11517722,91508720.00
2022/03/18,7.53,7.67,7.48,7.64,7273108,57628960.00
2022/03/21,7.64,7.68,7.58,7.66,7401500,58876808.00
2022/03/22,7.66,7.70,7.57,7.65,5366370,42736304.00
2022/03/23,7.66,7.68,7.59,7.63,5844300,46448276.00
2022/03/24,7.60,7.66,7.56,7.59,5158610,40869584.00
2022/03/25,7.56,7.63,7.51,7.53,5548975,43751304.00
2022/03/28,7.48,7.58,7.33,7.48,6725122,52196152.00
2022/03/29,7.51,7.52,7.38,7.41,5996654,46480472.00
2022/03/30,7.42,7.52,7.40,7.52,5341582,41527376.00
2022/03/31,7.52,7.52,7.46,7.48,5264814,41103544.00
2022/04/01,7.46,7.50,7.39,7.48,5456938,42451352.00
2022/04/06,7.47,7.61,7.44,7.61,6858100,53872896.00
2022/04/07,7.58,7.61,7.49,7.49,5816200,45748356.00
2022/04/08,7.49,7.64,7.42,7.60,7052800,55296196.00
2022/04/11,7.56,7.63,7.30,7.34,7330600,56773588.00
2022/04/12,7.34,7.44,7.25,7.44,5212126,39950860.00
2022/04/13,7.43,7.64,7.39,7.54,9600018,75535024.00
2022/04/14,7.54,7.62,7.50,7.58,6721268,53055784.00
2022/04/15,7.53,7.60,7.45,7.50,6546800,51336040.00
2022/04/18,7.47,7.49,7.31,7.45,4393693,33931692.00
2022/04/19,7.45,7.58,7.45,7.56,5278568,41355208.00
2022/04/20,7.58,7.59,7.33,7.35,9545284,74014720.00
2022/04/21,7.35,7.36,7.16,7.16,10288300,78045808.00
2022/04/22,7.15,7.15,6.94,7.01,8816175,64792448.00
2022/04/25,6.92,6.92,6.53,6.54,12031375,84613960.00
2022/04/26,6.54,6.61,6.38,6.42,6867205,46714740.00
2022/04/27,6.32,6.58,6.11,6.56,12902888,85699504.00
2022/04/28,6.48,6.49,6.26,6.30,7812900,52227044.00
2022/04/29,6.42,6.54,6.35,6.52,6869793,46558920.00
2022/05/05,6.48,6.71,6.45,6.59,6787938,46884688.00
2022/05/06,6.46,6.53,6.39,6.47,5034178,34135400.00
2022/05/09,6.40,6.62,6.40,6.57,5025764,34588472.00
2022/05/10,6.50,6.69,6.44,6.69,5326613,36939212.00
2022/05/11,6.69,6.83,6.66,6.68,7536479,53201600.00
2022/05/12,6.63,6.70,6.59,6.65,4397700,30614780.00
2022/05/13,6.67,6.69,6.61,6.66,3265564,22789860.00
2022/05/16,6.71,6.75,6.68,6.73,4615633,32503794.00
2022/05/17,6.73,6.77,6.63,6.75,4287233,30147016.00
2022/05/18,6.75,6.82,6.72,6.78,3814000,27087744.00
2022/05/19,6.72,6.91,6.67,6.88,6950254,49612008.00
2022/05/20,6.88,7.11,6.88,7.09,7024700,51498756.00
2022/05/23,7.08,7.20,7.03,7.18,7014701,52334736.00
2022/05/24,7.23,7.23,6.89,6.89,7975775,58863112.00
2022/05/25,6.91,7.05,6.91,7.00,4751800,34722428.00
2022/05/26,7.04,7.04,6.88,7.01,4269050,31123518.00
2022/05/27,7.05,7.06,6.86,6.93,4511600,32782972.00
2022/05/30,6.93,6.98,6.87,6.94,3289900,23811696.00
2022/05/31,6.96,6.96,6.82,6.96,3830196,27666796.00
2022/06/01,6.96,7.03,6.85,6.95,5842117,42413936.00
2022/06/02,6.94,7.09,6.88,7.08,7238100,53163232.00
2022/06/06,7.17,7.19,7.09,7.16,7214900,53862480.00
2022/06/07,7.16,7.16,6.99,7.05,5549093,40927444.00
2022/06/08,7.05,7.10,6.90,7.05,5568493,40836224.00
2022/06/09,6.95,7.63,6.91,7.22,16470218,124152272.00
2022/06/10,7.08,7.21,7.00,7.19,16194814,120615248.00
2022/06/13,7.17,7.30,7.09,7.25,13326636,100299112.00
2022/06/14,7.15,7.25,6.99,7.21,10085661,75226488.00
2022/06/15,7.24,7.26,7.16,7.16,9859934,73161808.00
2022/06/16,7.16,7.24,7.11,7.15,6693041,49413744.00
2022/06/17,7.10,7.21,7.07,7.18,5542700,40840212.00
2022/06/20,7.18,7.23,7.13,7.20,6150605,45442344.00
2022/06/21,7.26,7.26,7.05,7.14,7382093,54226016.00
2022/06/22,7.16,7.18,6.98,6.98,5202493,37825072.00
2022/06/23,6.97,7.24,6.95,7.18,8244193,60539728.00
2022/06/24,7.22,7.38,7.14,7.35,12909955,96825032.00
2022/06/27,7.35,7.41,7.29,7.39,9793700,74220280.00
2022/06/28,7.34,7.55,7.31,7.52,10850617,83299712.00
2022/06/29,7.52,7.52,7.25,7.26,10582700,80103328.00
2022/06/30,7.28,7.35,7.26,7.30,5860097,44066872.00
2022/07/01,7.28,7.55,7.27,7.44,8118106,62112832.00
2022/07/04,7.39,7.48,7.35,7.38,5091200,38746492.00
2022/07/05,7.37,7.47,7.24,7.35,7611900,57664200.00
2022/07/06,7.35,7.36,7.19,7.19,6296800,46925564.00
2022/07/07,7.22,7.74,7.22,7.66,23858208,185630928.00
2022/07/08,7.61,7.76,7.53,7.59,11747974,91831544.00
2022/07/11,7.59,7.59,7.41,7.46,7303900,56048752.00
2022/07/12,7.43,7.46,7.27,7.30,7197100,54303136.00
2022/07/13,7.25,7.33,7.22,7.29,7294100,54489068.00
2022/07/14,7.27,7.52,7.24,7.38,7168900,54359436.00
2022/07/15,7.40,7.50,7.26,7.28,6893000,52115080.00
2022/07/18,7.28,7.48,7.28,7.47,7472082,57027896.00
2022/07/19,7.57,7.79,7.56,7.71,19425747,153803920.00
2022/07/20,7.78,7.79,7.60,7.75,11892267,94049352.00
2022/07/21,7.80,7.92,7.69,7.69,14825800,118819008.00
2022/07/22,7.79,7.79,7.52,7.61,9461700,74041632.00
2022/07/25,7.60,7.71,7.51,7.54,6904893,53839056.00
2022/07/26,7.55,7.70,7.49,7.69,6910000,54184952.00
2022/07/27,7.69,7.88,7.66,7.83,14134392,113003760.00
2022/07/28,7.87,7.98,7.79,7.88,13745936,111173312.00
2022/07/29,7.90,8.02,7.86,7.92,12016810,97995424.00
2022/08/01,7.99,8.23,7.95,8.18,20838844,172889152.00
2022/08/02,8.01,8.43,7.90,8.18,35717792,300300704.00
2022/08/03,8.15,8.35,7.85,7.91,29020014,242142640.00
2022/08/04,7.91,8.08,7.79,7.94,16679846,135716144.00
2022/08/05,8.03,8.09,7.82,7.98,11169200,90999648.00
2022/08/08,7.95,8.03,7.87,7.99,8767814,71694632.00
2022/08/09,8.01,8.19,7.92,8.00,10460900,86382784.00
2022/08/10,7.96,8.04,7.85,7.89,9823100,79752648.00
2022/08/11,7.92,8.13,7.89,8.09,12946200,106724648.00
2022/08/12,8.14,8.19,8.05,8.06,10144200,84471360.00
2022/08/15,8.06,8.13,7.99,8.06,7449100,61544708.00
2022/08/16,8.05,8.24,8.03,8.11,8902900,74147624.00
2022/08/17,8.11,8.16,7.99,8.06,9961209,82186056.00
2022/08/18,8.02,8.23,8.00,8.21,15100247,126520784.00
2022/08/19,8.24,8.29,8.12,8.19,13164798,110889456.00
2022/08/22,8.23,8.31,8.06,8.31,11405700,96242480.00
2022/08/23,8.27,8.33,8.21,8.32,7891736,66931908.00
2022/08/24,8.32,8.33,8.04,8.08,11621998,97203320.00
2022/08/25,8.09,8.14,7.82,8.00,9789498,79847664.00
2022/08/26,7.98,8.09,7.92,7.94,6351492,52198360.00
2022/08/29,7.89,7.92,7.80,7.87,6440299,51930004.00
2022/08/30,7.87,8.01,7.84,7.90,5301015,42991432.00
2022/08/31,7.89,7.94,7.49,7.49,12901295,101131392.00
2022/09/01,7.49,7.56,7.37,7.43,6138200,47028968.00
2022/09/02,7.48,7.52,7.39,7.50,3544300,27160544.00
2022/09/05,7.51,7.56,7.44,7.52,3370900,25950608.00
2022/09/06,7.52,7.60,7.50,7.58,3893300,30243558.00
2022/09/07,7.58,7.66,7.52,7.63,4550690,35604664.00
2022/09/08,7.61,7.66,7.51,7.54,3721600,28884706.00
2022/09/09,7.57,7.62,7.51,7.58,3165193,24636696.00
2022/09/13,7.60,7.65,7.52,7.54,3823400,29757108.00
2022/09/14,7.44,7.49,7.35,7.39,3842700,29299398.00
2022/09/15,7.43,7.45,7.09,7.14,6965000,51726784.00
2022/09/16,7.11,7.14,6.89,6.91,6568809,47330072.00
2022/09/19,6.91,6.94,6.80,6.86,4172200,29580660.00
2022/09/20,6.95,7.02,6.87,6.94,4753600,34021744.00
2022/09/21,6.93,7.04,6.83,7.03,3452377,24760376.00
2022/09/22,6.95,7.11,6.95,7.04,3026066,21995968.00
2022/09/23,7.05,7.07,6.81,6.88,5357400,38235628.00
2022/09/26,6.86,6.87,6.67,6.68,6876800,47811848.00
2022/09/27,6.72,6.78,6.59,6.77,6709500,46259304.00
2022/09/28,6.75,6.80,6.61,6.63,6704898,46250680.00
2022/09/29,6.64,6.77,6.64,6.67,5160739,35658624.00
2022/09/30,6.64,6.78,6.64,6.68,3835000,26549814.00
2022/10/10,6.67,6.84,6.64,6.69,5226000,36374040.00
2022/10/11,6.73,6.77,6.62,6.71,4977659,34297028.00
2022/10/12,6.72,6.94,6.65,6.91,7104971,49667312.00
2022/10/13,6.84,6.97,6.81,6.90,5877000,41846652.00
2022/10/14,6.93,7.01,6.91,7.00,5376296,38617232.00
2022/10/17,6.96,7.02,6.92,7.00,4489853,32286664.00
2022/10/18,7.00,7.03,6.96,6.96,3580100,25738466.00
2022/10/19,6.96,7.04,6.92,6.93,3389800,24364304.00
2022/10/20,6.92,6.95,6.81,6.87,4641500,32882424.00
2022/10/21,6.88,6.94,6.82,6.84,3654500,25918482.00
2022/10/24,6.84,6.99,6.75,6.80,5263791,37284872.00
2022/10/25,6.76,6.85,6.64,6.85,5664300,39435128.00
2022/10/26,6.81,6.99,6.81,6.93,5108091,36381732.00
2022/10/27,6.91,7.01,6.89,6.93,6154044,44187108.00
2022/10/28,6.89,6.95,6.62,6.64,8347400,58142432.00
2022/10/31,6.45,6.46,6.30,6.35,12555825,82676944.00
2022/11/01,6.36,6.56,6.30,6.56,9845629,65671020.00
2022/11/02,6.59,6.67,6.55,6.63,5149647,35108248.00
2022/11/03,6.56,6.70,6.52,6.66,4379359,30028554.00
2022/11/04,6.67,6.87,6.60,6.85,6654740,46660940.00
2022/11/07,6.95,7.11,6.91,6.96,11574050,83388744.00
2022/11/08,6.94,6.99,6.84,6.93,5746100,40875208.00
2022/11/09,6.93,7.00,6.87,6.89,4177500,29730700.00
2022/11/10,6.81,6.88,6.80,6.81,4381100,30825224.00
2022/11/11,6.95,6.99,6.85,6.89,6572000,46782248.00
2022/11/14,6.89,6.94,6.80,6.84,6110782,43179184.00
2022/11/15,6.84,6.90,6.76,6.90,4649279,32889748.00
2022/11/16,6.90,6.92,6.85,6.87,4495300,31876652.00
2022/11/17,6.87,6.88,6.81,6.87,3614573,25475796.00
2022/11/18,6.88,6.90,6.78,6.79,4273480,30090004.00
2022/11/21,6.78,6.79,6.70,6.74,3949386,27393600.00
2022/11/22,6.73,6.78,6.67,6.72,5538523,38381200.00
2022/11/23,6.72,6.72,6.64,6.68,4550060,31354914.00
2022/11/24,6.70,6.77,6.68,6.72,5252511,36363232.00
2022/11/25,6.68,6.74,6.67,6.69,3925955,27166120.00
2022/11/28,6.70,6.76,6.59,6.75,6938703,47823944.00
2022/11/29,6.74,6.91,6.71,6.87,9870400,69460336.00
2022/11/30,6.85,6.94,6.84,6.86,4879400,34583392.00
2022/12/01,6.91,6.93,6.86,6.90,4342120,30862462.00
2022/12/02,6.92,6.92,6.85,6.87,4982200,35316624.00
2022/12/05,6.90,6.99,6.87,6.96,8079300,57791512.00
2022/12/06,6.96,6.99,6.89,6.97,6772700,48435040.00
2022/12/07,6.94,6.97,6.89,6.91,4894800,34902696.00
2022/12/08,6.90,6.96,6.88,6.92,4002163,28579912.00
2022/12/09,6.94,7.10,6.91,7.05,13142494,95162976.00
2022/12/12,7.08,7.08,6.80,6.85,11126534,79203608.00
2022/12/13,6.86,6.93,6.82,6.88,4367050,30935538.00
2022/12/14,6.87,6.92,6.86,6.87,3745360,26580548.00
2022/12/15,6.87,6.89,6.81,6.82,3375593,23767510.00
2022/12/16,6.80,6.86,6.76,6.78,4120190,28854172.00
2022/12/19,6.79,6.83,6.57,6.60,4738000,32580188.00
2022/12/20,6.57,6.63,6.51,6.56,4160379,28190316.00
2022/12/21,6.59,6.59,6.46,6.52,4164399,27997236.00
2022/12/22,6.54,6.55,6.38,6.41,4709052,31396508.00
2022/12/23,6.38,6.48,6.36,6.41,2945500,19499938.00
2022/12/26,6.40,6.48,6.40,6.47,2571380,17125878.00
2022/12/27,6.50,6.55,6.47,6.53,3148765,21165916.00
2022/12/28,6.53,6.58,6.50,6.51,3399800,22941868.00
2022/12/29,6.49,6.63,6.47,6.59,5067200,34305352.00
2022/12/30,6.54,6.63,6.54,6.55,2446000,16575819.00
2023/01/03,6.56,6.64,6.52,6.61,3530700,23984994.00
2023/01/04,6.61,6.66,6.58,6.60,2729700,18643042.00
2023/01/05,6.60,6.63,6.57,6.61,2402220,16383605.00
2023/01/06,6.63,6.71,6.59,6.64,4707140,32255404.00
2023/01/09,6.65,6.77,6.65,6.73,5930920,41104944.00
2023/01/10,6.76,6.76,6.67,6.68,3649940,25219544.00
2023/01/11,6.69,6.73,6.62,6.63,3175927,21856278.00
2023/01/12,6.62,6.70,6.59,6.61,2989600,20459280.00
2023/01/13,6.62,6.66,6.57,6.62,3461300,23603852.00
2023/01/16,6.62,6.76,6.62,6.70,4474100,30932618.00
2023/01/17,6.71,6.76,6.67,6.71,3559900,24652796.00
2023/01/18,6.77,6.77,6.71,6.73,2784356,19335936.00
2023/01/19,6.71,6.77,6.70,6.76,3098200,21531888.00
2023/01/20,6.77,6.88,6.77,6.87,5226501,36878808.00
2023/01/30,6.92,6.98,6.86,6.90,8401800,59750128.00
2023/01/31,6.84,6.92,6.81,6.90,5170290,36667756.00
2023/02/01,6.90,7.04,6.89,7.01,10038300,72257680.00
2023/02/02,7.01,7.04,6.95,6.96,6749309,48522916.00
2023/02/03,6.95,6.96,6.81,6.90,6988900,49471196.00
2023/02/06,6.85,6.93,6.82,6.87,3930377,27838084.00
2023/02/07,6.87,6.93,6.84,6.93,5533283,39197220.00
2023/02/08,6.93,7.01,6.91,6.95,6266200,44904248.00
2023/02/09,6.93,6.98,6.88,6.96,4703805,33650972.00
2023/02/10,6.96,6.98,6.87,6.91,5661800,40429232.00
2023/02/13,6.94,6.96,6.90,6.94,6054200,43240588.00
2023/02/14,6.97,7.09,6.95,7.01,10290295,74451008.00
2023/02/15,7.01,7.05,6.96,6.98,6597536,47608500.00
2023/02/16,6.98,7.00,6.74,6.79,9805300,69484744.00
2023/02/17,6.79,6.86,6.74,6.77,6550700,45889680.00
2023/02/20,6.78,6.88,6.75,6.88,5410900,38069372.00
2023/02/21,6.89,7.01,6.86,6.99,8477991,60861080.00
2023/02/22,6.97,6.99,6.94,6.98,4783920,34333720.00
2023/02/23,6.98,7.00,6.89,6.94,4649300,33237128.00
2023/02/24,6.94,6.97,6.85,6.88,3470691,24654872.00
2023/02/27,6.88,6.90,6.81,6.82,4265300,30148618.00
2023/02/28,6.89,6.89,6.80,6.88,3765497,26564880.00
2023/03/01,6.88,6.91,6.85,6.89,5030800,35711408.00
2023/03/02,6.92,6.93,6.84,6.86,6780400,48040832.00
2023/03/03,6.87,6.89,6.84,6.86,4735460,33459884.00
2023/03/06,6.86,6.88,6.83,6.85,5690173,40196756.00
2023/03/07,6.86,6.88,6.74,6.75,7308400,51355324.00
2023/03/08,6.73,6.74,6.69,6.73,4596600,31824348.00
2023/03/09,6.75,6.76,6.70,6.72,3227300,22380536.00
2023/03/10,6.69,6.71,6.64,6.68,4665200,32082324.00
2023/03/13,6.65,6.68,6.58,6.65,4741900,32395916.00
2023/03/14,6.66,6.67,6.55,6.57,4806600,32775342.00
2023/03/15,6.60,6.67,6.60,6.64,3813449,26115040.00
2023/03/16,6.62,6.66,6.55,6.55,4610351,31362032.00
2023/03/17,6.57,6.62,6.54,6.56,5373900,36480744.00
2023/03/20,6.58,6.62,6.55,6.59,4086993,27759986.00
2023/03/21,6.62,6.69,6.59,6.67,4555000,31289048.00
2023/03/22,6.68,6.73,6.65,6.69,3494869,24127832.00
2023/03/23,6.68,6.72,6.67,6.70,3538875,24441804.00
2023/03/24,6.70,6.72,6.66,6.69,3956214,27272804.00
2023/03/27,6.69,6.69,6.59,6.65,3855974,26382884.00
2023/03/28,6.68,6.68,6.59,6.60,3000047,20531020.00
2023/03/29,6.60,6.63,6.51,6.52,4311513,29143216.00
2023/03/30,6.50,6.54,6.47,6.53,3716900,24935864.00
2023/03/31,6.53,6.58,6.51,6.55,3104993,21000172.00
2023/04/03,6.57,6.60,6.53,6.55,4618079,31231706.00
2023/04/04,6.53,6.55,6.47,6.49,4673567,31343280.00
2023/04/06,6.46,6.48,6.42,6.44,4499025,29908614.00
2023/04/07,6.45,6.47,6.42,6.47,3339391,22242848.00
2023/04/10,6.47,6.48,6.41,6.42,4839274,32187070.00
2023/04/11,6.41,6.53,6.37,6.52,6196800,41180648.00
2023/04/12,6.52,6.58,6.51,6.52,5326996,35992508.00
2023/04/13,6.51,6.56,6.46,6.49,4449800,29902220.00
2023/04/14,6.53,6.59,6.50,6.57,5534400,37475536.00
2023/04/17,6.58,6.61,6.52,6.61,6201000,42038740.00
2023/04/18,6.61,6.62,6.58,6.59,3670300,24973058.00
2023/04/19,6.59,6.62,6.55,6.59,4236900,28798174.00
2023/04/20,6.61,6.61,6.47,6.48,4341500,29106818.00
2023/04/21,6.50,6.50,6.37,6.37,5320100,35330348.00
2023/04/24,6.36,6.51,6.32,6.41,5595044,36984752.00
2023/04/25,6.43,6.47,6.32,6.37,4843502,31920800.00
2023/04/26,6.37,6.67,6.33,6.54,7640841,51423616.00
2023/04/27,6.56,6.56,6.48,6.54,3658781,24608502.00
2023/04/28,6.53,6.67,6.53,6.57,5573893,37995072.00
2023/05/04,6.53,6.62,6.51,6.58,5983624,40514516.00
2023/05/05,6.58,6.60,6.47,6.56,4955100,33395432.00
2023/05/08,6.58,6.63,6.55,6.56,5073081,34422724.00
2023/05/09,6.56,6.59,6.49,6.52,6924900,46707984.00
2023/05/10,6.50,6.64,6.50,6.64,6752675,45833400.00
2023/05/11,6.63,6.64,6.55,6.56,4947783,33578312.00
2023/05/12,6.54,6.55,6.44,6.46,5692590,38052304.00
2023/05/15,6.43,6.50,6.42,6.49,3393529,22660514.00
2023/05/16,6.48,6.51,6.45,6.47,3099529,20728888.00
2023/05/17,6.44,6.49,6.44,6.47,2000100,13349259.00
2023/05/18,6.48,6.49,6.44,6.46,2733748,18240408.00
2023/05/19,6.45,6.47,6.42,6.46,2421600,16123599.00
2023/05/22,6.45,6.49,6.44,6.48,2669705,17820854.00
2023/05/23,6.48,6.48,6.44,6.45,2419824,16125859.00
2023/05/24,6.42,6.45,6.37,6.39,3521212,23292448.00
2023/05/25,6.35,6.40,6.30,6.34,4543105,29742000.00
2023/05/26,6.33,6.40,6.29,6.38,3776700,24730272.00
2023/05/29,6.39,6.41,6.34,6.35,2490200,16376459.00
2023/05/30,6.35,6.40,6.34,6.40,2966370,19496864.00
2023/05/31,6.36,6.41,6.31,6.31,6653820,43494524.00
2023/06/01,6.34,6.34,6.27,6.29,6063105,39463188.00
2023/06/02,6.28,6.32,6.28,6.32,7523230,48980692.00
2023/06/05,6.32,6.32,6.27,6.30,3893501,25302700.00
2023/06/06,6.28,6.29,6.19,6.19,4710800,30410402.00
2023/06/07,6.19,6.23,6.19,6.20,2795051,17934208.00
2023/06/08,6.21,6.22,6.16,6.18,2842995,18164970.00
2023/06/09,6.18,6.21,6.15,6.16,2775953,17704436.00
2023/06/12,6.16,6.25,6.15,6.22,3514824,22548612.00
2023/06/13,6.25,6.25,6.20,6.23,2662019,17122420.00
2023/06/14,6.28,6.28,6.24,6.26,3359500,21414440.00
2023/06/15,6.25,6.29,6.21,6.29,2893725,18438590.00
2023/06/16,6.29,6.32,6.27,6.28,3486100,22351370.00
2023/06/19,6.29,6.29,6.23,6.23,3406300,21692362.00
2023/06/20,6.23,6.24,6.18,6.19,3150620,19922244.00
2023/06/21,6.18,6.22,6.16,6.17,2758988,17404832.00
2023/06/26,6.19,6.19,6.10,6.13,3351000,20986408.00
2023/06/27,6.21,6.24,6.14,6.22,2521418,15941256.00
2023/06/28,6.23,6.26,6.17,6.26,3034000,19215420.00
2023/06/29,6.26,6.29,6.23,6.26,2702862,17254772.00
2023/06/30,6.26,6.40,6.26,6.37,6254800,40522736.00
2023/07/03,6.39,6.44,6.36,6.42,5537500,36168948.00
2023/07/04,6.42,6.48,6.40,6.44,4918072,32279510.00
2023/07/05,6.46,6.55,6.43,6.52,7220250,47870464.00
2023/07/06,6.55,6.55,6.46,6.54,7198228,47779452.00
2023/07/07,6.51,6.57,6.46,6.55,5017700,33295552.00
2023/07/10,6.54,6.61,6.50,6.53,5093290,33941248.00
2023/07/11,6.56,6.57,6.51,6.56,3855100,25698036.00
2023/07/12,6.58,6.58,6.52,6.54,4149760,27684060.00
2023/07/13,6.54,6.61,6.53,6.58,4417901,29655760.00
2023/07/14,6.61,6.65,6.55,6.58,4444311,29935190.00
2023/07/17,6.58,6.63,6.50,6.58,4159997,27880996.00
2023/07/18,6.58,6.61,6.56,6.60,4373087,29329032.00
2023/07/19,6.59,6.65,6.58,6.63,3230301,21774964.00
2023/07/20,6.65,6.67,6.56,6.59,4744800,31910184.00
2023/07/21,6.60,6.62,6.57,6.60,2571200,17261770.00
2023/07/24,6.61,6.62,6.55,6.61,3432800,23062008.00
2023/07/25,6.62,6.65,6.61,6.63,4461099,30107912.00
2023/07/26,6.63,6.66,6.60,6.65,6760999,45640144.00
2023/07/27,6.64,6.67,6.61,6.65,12333870,83526656.00
2023/07/28,6.41,6.55,6.39,6.51,15967554,105340376.00
2023/07/31,6.51,6.66,6.49,6.59,10164818,68345712.00
2023/08/01,6.60,6.70,6.60,6.69,10348105,70190104.00
2023/08/02,6.73,6.75,6.63,6.71,6839169,46530880.00
2023/08/03,6.68,6.69,6.60,6.62,5305500,35789752.00
2023/08/04,6.65,6.71,6.61,6.64,5497928,37208416.00
2023/08/07,6.65,6.66,6.56,6.60,5073300,34065132.00
2023/08/08,6.59,6.64,6.54,6.62,4032950,27055640.00
2023/08/09,6.59,6.61,6.48,6.51,6410100,42596592.00
2023/08/10,6.48,6.54,6.47,6.50,2959300,19588424.00
2023/08/11,6.50,6.53,6.40,6.41,4061500,26709296.00
2023/08/14,6.39,6.45,6.33,6.41,5353771,34803104.00
2023/08/15,6.44,6.44,6.29,6.35,4614100,29839812.00
2023/08/16,6.31,6.37,6.30,6.32,3023800,19539144.00
2023/08/17,6.29,6.39,6.26,6.38,3668320,23658256.00
2023/08/18,6.36,6.39,6.31,6.31,3487979,22568782.00
2023/08/21,6.31,6.38,6.26,6.27,3526980,22708776.00
2023/08/22,6.37,6.52,6.34,6.45,11948825,78313760.00
2023/08/23,6.46,6.46,6.26,6.27,7610032,49165176.00
2023/08/24,6.26,6.38,6.26,6.34,5440132,35063676.00
2023/08/25,6.35,6.36,6.24,6.28,4402250,28216188.00
2023/08/28,6.54,6.54,6.35,6.37,14109675,92952896.00
2023/08/29,6.33,6.49,6.33,6.47,7786800,51001288.00
2023/08/30,6.46,6.55,6.44,6.46,6203349,41053244.00
2023/08/31,6.47,6.51,6.39,6.41,5125600,33555696.00
2023/09/01,6.45,6.58,6.41,6.55,9700020,64529964.00
2023/09/04,6.57,6.65,6.53,6.64,8502709,57263164.00
2023/09/05,6.62,6.65,6.57,6.64,6888700,46374172.00
2023/09/06,6.62,6.65,6.58,6.61,5380800,36273880.00
2023/09/07,6.63,6.65,6.55,6.55,6393013,42896036.00
2023/09/08,6.52,6.60,6.51,6.52,4446300,29633972.00
2023/09/11,6.53,6.66,6.51,6.62,7260100,48913724.00
2023/09/12,6.62,6.66,6.58,6.60,4756300,32063566.00
2023/09/13,6.59,6.65,6.57,6.60,5181700,34860992.00
2023/09/14,6.64,6.64,6.57,6.60,4535400,30493916.00
2023/09/15,6.65,6.68,6.62,6.66,6096084,41276740.00
2023/09/18,6.64,6.68,6.55,6.67,5752400,38882080.00
2023/09/19,6.63,6.66,6.62,6.65,4264567,28836040.00
2023/09/20,6.63,6.68,6.62,6.62,4345169,29414354.00
2023/09/21,6.65,6.65,6.58,6.58,3995700,26871104.00
2023/09/22,6.58,6.62,6.54,6.61,5218377,34996192.00
2023/09/25,6.59,6.63,6.57,6.58,4296700,28860802.00
2023/09/26,6.57,6.58,6.49,6.49,5859900,38913048.00
2023/09/27,6.48,6.54,6.45,6.48,3892662,25753708.00
2023/09/28,6.48,6.58,6.48,6.55,4756100,31650900.00
2023/10/09,6.52,6.60,6.49,6.57,4761700,31763752.00
2023/10/10,6.56,6.65,6.56,6.62,5760569,38806608.00
2023/10/11,6.58,6.63,6.54,6.55,4481000,30006600.00
2023/10/12,6.55,6.72,6.54,6.70,8607693,58274464.00
2023/10/13,6.66,6.71,6.62,6.70,6804300,46221156.00
2023/10/16,6.70,6.77,6.64,6.70,9188500,62685424.00
2023/10/17,6.70,6.70,6.60,6.62,5040900,34044880.00
2023/10/18,6.64,6.64,6.50,6.50,4068700,27140382.00
2023/10/19,6.50,6.61,6.49,6.55,9824100,65696264.00
2023/10/20,6.49,6.53,6.40,6.43,7719065,50823244.00
2023/10/23,6.41,6.43,6.18,6.22,7081600,45353860.00
2023/10/24,6.21,6.32,6.19,6.30,6127913,39055148.00
2023/10/25,6.34,6.56,6.33,6.48,8598813,56913564.00
2023/10/26,6.50,6.58,6.46,6.57,6967700,46439696.00
2023/10/27,6.54,6.69,6.54,6.65,7351580,49787832.00
2023/10/30,6.66,6.74,6.65,6.72,9832884,67249200.00
2023/10/31,6.74,6.78,6.70,6.74,7876800,54012344.00
2023/11/01,6.76,6.82,6.71,6.80,7500350,51766676.00
2023/11/02,6.75,6.85,6.75,6.78,8488600,58796864.00
2023/11/03,6.78,6.80,6.71,6.73,7472393,51281424.00
2023/11/06,6.81,6.84,6.71,6.72,10986855,75548208.00
2023/11/07,6.73,6.77,6.65,6.73,6520700,44570944.00
2023/11/08,6.71,6.78,6.65,6.68,5815000,39680512.00
2023/11/09,6.65,6.75,6.63,6.63,6409705,43582868.00
2023/11/10,6.61,6.70,6.60,6.62,7797508,52717428.00
2023/11/13,6.62,6.64,6.52,6.57,8488500,56695172.00
2023/11/14,6.57,6.61,6.55,6.60,5292800,35471636.00
2023/11/15,6.63,6.72,6.63,6.72,5712300,38928496.00
2023/11/16,6.71,6.73,6.67,6.68,4088097,27846336.00
2023/11/17,6.67,6.80,6.66,6.79,6289600,43166988.00
2023/11/20,6.79,6.91,6.78,6.83,10794200,75190864.00
2023/11/21,6.84,6.89,6.78,6.85,6867490,47911108.00
2023/11/22,6.81,6.85,6.75,6.75,5556800,38427228.00
2023/11/23,6.73,6.84,6.73,6.83,5074390,35051364.00
2023/11/24,6.80,6.87,6.78,6.82,5269750,36567464.00
2023/11/27,6.81,6.84,6.75,6.81,6175563,42695580.00
2023/11/28,6.82,6.85,6.78,6.84,4924800,34145656.00
2023/11/29,6.85,6.90,6.80,6.81,6798350,47396872.00
2023/11/30,6.79,6.82,6.72,6.78,5998500,41343864.00
2023/12/01,6.76,6.80,6.72,6.75,5670568,38910108.00
2023/12/04,6.75,6.83,6.75,6.78,6198550,42797876.00
2023/12/05,6.75,6.76,6.63,6.65,5795650,39426476.00
2023/12/06,6.62,6.77,6.62,6.71,6141482,42016916.00
2023/12/07,6.76,6.77,6.60,6.65,5744800,38864472.00
2023/12/08,6.66,6.72,6.61,6.62,6183634,41902716.00
2023/12/11,6.58,6.68,6.48,6.66,7003300,46968848.00
2023/12/12,6.65,6.65,6.57,6.61,4345500,29248008.00
2023/12/13,6.59,6.64,6.57,6.57,3545400,23862576.00
2023/12/14,6.60,6.64,6.53,6.54,5373400,36032816.00
2023/12/15,6.56,6.64,6.51,6.52,5571800,37199196.00
2023/12/18,6.49,6.54,6.39,6.42,5646500,37077688.00
2023/12/19,6.41,6.43,6.34,6.40,5739800,37350760.00
2023/12/20,6.40,6.47,6.36,6.36,4084493,26698636.00
2023/12/21,6.34,6.42,6.28,6.41,5749350,37218404.00
2023/12/22,6.42,6.50,6.32,6.45,7250800,47488032.00
2023/12/25,6.40,6.46,6.35,6.44,5967401,38914968.00
2023/12/26,6.41,6.48,6.35,6.37,4894200,31918860.00
2023/12/27,6.36,6.46,6.34,6.43,4618084,30118596.00
2023/12/28,6.47,6.58,6.41,6.55,6361100,42309224.00
2023/12/29,6.57,6.65,6.52,6.65,6215610,41731808.00
2024/01/02,6.65,6.77,6.62,6.73,9976900,68290192.00
2024/01/03,6.74,6.78,6.69,6.73,9641576,66174184.00
2024/01/04,6.74,6.76,6.68,6.73,6118300,41839816.00
2024/01/05,6.74,6.77,6.65,6.68,6968600,47651840.00
2024/01/08,6.68,6.69,6.53,6.54,6558800,44041196.00
2024/01/09,6.55,6.62,6.50,6.59,5278590,35272292.00
2024/01/10,6.59,6.64,6.52,6.52,4732200,31643844.00
2024/01/11,6.52,6.62,6.51,6.59,4825900,32273024.00
2024/01/12,6.58,6.67,6.57,6.58,4123500,27808842.00
2024/01/15,6.58,6.60,6.53,6.55,5172900,34578588.00
2024/01/16,6.54,6.63,6.43,6.52,5480401,36319044.00
2024/01/17,6.50,6.54,6.36,6.37,4914600,32295494.00
2024/01/18,6.38,6.39,6.01,6.14,14943600,93572960.00
2024/01/19,6.14,6.18,6.06,6.09,8280665,51632384.00
2024/01/22,6.04,6.11,5.62,5.64,14282133,85158488.00
2024/01/23,5.61,5.70,5.45,5.67,11717726,67050528.00
2024/01/24,5.71,5.78,5.52,5.78,9172094,53121624.00
2024/01/25,5.79,6.06,5.78,6.04,8831100,53448248.00
2024/01/26,6.04,6.16,6.01,6.12,6911582,43072892.00
2024/01/29,6.12,6.16,5.96,6.01,6717127,41478256.00
2024/01/30,5.99,6.04,5.82,5.86,6482900,39322520.00
2024/01/31,5.76,5.89,5.61,5.62,8711553,50804536.00
2024/02/01,5.53,5.64,5.38,5.51,11594646,65371924.00
2024/02/02,5.52,5.60,5.06,5.23,12168500,66475528.00
2024/02/05,5.16,5.16,4.70,4.81,18442854,92178680.00
2024/02/06,4.70,5.18,4.63,5.02,15261965,76019040.00
2024/02/07,5.01,5.42,5.01,5.33,19960077,108061936.00
2024/02/08,5.34,5.55,5.18,5.52,18667587,103172560.00
2024/02/19,5.53,5.66,5.37,5.48,15593997,87899296.00
2024/02/20,5.46,5.59,5.42,5.57,8976300,50685776.00
2024/02/21,5.53,5.78,5.50,5.61,8061488,46604312.00
2024/02/22,5.57,5.70,5.57,5.68,6652200,38318196.00
2024/02/23,5.69,5.72,5.60,5.72,6820326,39414928.00
2024/02/26,5.69,5.83,5.68,5.74,8762100,51462664.00
2024/02/27,5.73,5.79,5.66,5.79,7030300,41153008.00
2024/02/28,5.82,5.89,5.55,5.56,12319800,72207488.00
2024/02/29,5.54,5.77,5.53,5.76,8881200,51670072.00
2024/03/01,5.73,5.80,5.64,5.69,8913600,51768316.00
2024/03/04,5.69,5.71,5.53,5.60,8285000,47274256.00
2024/03/05,5.65,5.74,5.57,5.63,9287400,53568248.00
2024/03/06,5.59,5.68,5.54,5.61,6562200,37585956.00
2024/03/07,5.63,5.85,5.62,5.73,10961234,64371820.00
2024/03/08,5.77,5.84,5.65,5.73,7826000,45764628.00
2024/03/11,5.67,5.76,5.66,5.76,7303425,42702616.00
2024/03/12,5.74,5.77,5.63,5.69,8330100,48344044.00
2024/03/13,5.69,5.71,5.63,5.67,6397800,37055560.00
2024/03/14,5.78,5.91,5.68,5.72,14195400,84196432.00
2024/03/15,5.68,5.96,5.66,5.96,17742805,105725736.00
2024/03/18,6.05,6.17,5.89,5.99,15231621,92921760.00
2024/03/19,5.96,6.08,5.91,5.95,11778000,72056568.00
2024/03/20,5.95,6.03,5.90,5.98,9596874,58279992.00
2024/03/21,6.03,6.12,5.92,6.03,12805417,78621928.00
2024/03/22,6.02,6.04,5.86,5.97,12681417,77043288.00
2024/03/25,5.93,6.03,5.88,5.89,9306900,56459800.00
2024/03/26,5.82,5.89,5.76,5.87,9061049,53891656.00
2024/03/27,5.85,5.90,5.73,5.73,8101574,48218700.00
2024/03/28,5.69,5.95,5.69,5.92,9424952,56405536.00
2024/03/29,5.93,6.04,5.91,6.03,9215845,56481424.00
2024/04/01,6.10,6.24,6.08,6.16,13003833,81768168.00
2024/04/02,6.24,6.34,6.20,6.29,14234017,90930728.00
2024/04/03,6.31,6.43,6.27,6.41,19308011,125329728.00
2024/04/08,6.48,6.61,6.35,6.36,27718432,183086592.00
2024/04/09,6.28,6.56,6.19,6.50,19017839,125102272.00
2024/04/10,6.52,6.57,6.37,6.42,13737591,90272720.00
2024/04/11,6.38,6.57,6.34,6.47,12494623,82149752.00
2024/04/12,6.46,6.53,6.38,6.45,10199633,67153960.00
2024/04/15,6.44,6.46,6.21,6.37,15498177,100212824.00
2024/04/16,6.34,6.43,6.02,6.03,15112400,95308264.00
2024/04/17,6.08,6.24,6.07,6.23,10579522,66383324.00
2024/04/18,6.21,6.31,6.19,6.26,10376670,65949404.00
2024/04/19,6.27,6.45,6.23,6.29,11728741,75562616.00
2024/04/22,6.35,6.40,6.17,6.20,10093637,64399580.00
2024/04/23,6.35,6.35,6.07,6.11,13056700,82059032.00
2024/04/24,6.14,6.25,6.03,6.22,9576955,60122128.00
2024/04/25,6.30,6.45,6.21,6.40,13368800,86717696.00
2024/04/26,6.30,6.55,6.30,6.55,12769293,83907112.00
2024/04/29,6.43,6.52,6.18,6.43,21034785,135571552.00
2024/04/30,6.43,6.51,6.33,6.36,13116300,85698264.00
2024/05/06,6.40,6.48,6.33,6.43,14687300,96036200.00
2024/05/07,6.39,6.51,6.39,6.45,8579000,56348976.00
2024/05/08,6.41,6.48,6.38,6.39,7950700,52028856.00
2024/05/09,6.38,6.55,6.37,6.54,9844500,65136392.00
2024/05/10,6.57,6.64,6.48,6.61,11589500,77425712.00
2024/05/13,6.52,6.54,6.41,6.50,10400100,68640744.00
2024/05/14,6.53,6.61,6.52,6.57,8453462,56521224.00
2024/05/15,6.55,6.62,6.46,6.49,6932026,46062964.00
2024/05/16,6.50,6.61,6.38,6.40,10351693,68393832.00
2024/05/17,6.40,6.52,6.35,6.51,8187600,53551524.00
2024/05/20,6.60,6.83,6.58,6.79,20987432,143398784.00
2024/05/21,6.91,6.93,6.59,6.61,20072300,137607488.00
2024/05/22,6.64,6.68,6.43,6.47,12196500,81032160.00
2024/05/23,6.38,6.40,6.15,6.17,13479634,85778336.00
2024/05/24,6.26,6.33,6.20,6.26,8196400,52438236.00
2024/05/27,6.27,6.33,6.18,6.25,7521900,47824144.00
2024/05/28,6.32,6.43,6.26,6.34,9028600,58499880.00
2024/05/29,6.31,6.58,6.29,6.56,13356200,88571800.00
2024/05/30,6.56,6.61,6.30,6.31,11642700,76202488.00
2024/05/31,6.31,6.38,6.20,6.22,8533469,54417964.00
2024/06/03,6.23,6.26,5.98,6.03,10689229,66257112.00
2024/06/04,6.07,6.12,5.98,6.07,7697800,47413800.00
2024/06/05,5.98,6.03,5.88,5.88,8327262,50412576.00
2024/06/06,5.91,6.02,5.79,5.82,9586075,56577520.00
2024/06/07,5.86,5.93,5.79,5.90,7128386,41854272.00
2024/06/11,5.85,5.89,5.76,5.87,6538471,38059104.00
2024/06/12,5.90,5.92,5.83,5.86,7274200,42757864.00
2024/06/13,5.86,5.88,5.76,5.79,5995193,34748068.00
2024/06/14,5.76,5.91,5.75,5.89,6630823,38709896.00
2024/06/17,5.86,5.94,5.78,5.80,6495550,37950284.00
2024/06/18,5.80,5.94,5.79,5.92,7032000,41417856.00
2024/06/19,5.90,6.00,5.90,5.94,6139800,36556272.00
2024/06/20,5.94,5.99,5.77,5.79,6039670,35351404.00
2024/06/21,5.81,5.88,5.75,5.76,4928200,28666298.00
2024/06/24,5.76,5.76,5.51,5.57,7663545,42949284.00
2024/06/25,5.58,5.71,5.56,5.62,6960400,39246584.00
2024/06/26,5.58,5.80,5.56,5.78,7661463,43510640.00
2024/06/27,5.79,5.79,5.51,5.53,7717600,43301240.00
2024/06/28,5.56,5.75,5.51,5.66,8547034,48405032.00
2024/07/01,5.75,5.85,5.75,5.82,7551800,43814536.00
2024/07/02,5.80,5.84,5.74,5.77,5977700,34599216.00
2024/07/03,5.77,5.82,5.73,5.78,4380200,25318822.00
2024/07/04,5.79,5.84,5.60,5.64,5295114,30213928.00
2024/07/05,5.65,5.77,5.59,5.74,5388600,30643098.00
2024/07/08,5.79,5.79,5.60,5.62,5129400,29016664.00
2024/07/09,5.59,5.75,5.53,5.73,5839483,33054372.00
2024/07/10,5.73,5.76,5.60,5.62,4931700,27972216.00
2024/07/11,5.68,5.88,5.68,5.87,7394799,42996440.00
2024/07/12,5.87,5.91,5.78,5.80,4835500,28172656.00
2024/07/15,5.61,5.69,5.35,5.41,21484393,116640808.00
2024/07/16,5.41,5.55,5.39,5.45,11851910,64919248.00
2024/07/17,5.42,5.47,5.31,5.33,9563320,51156564.00
2024/07/18,5.31,5.39,5.25,5.36,7037500,37390328.00
2024/07/19,5.32,5.33,5.23,5.26,6009962,31685548.00
2024/07/22,5.25,5.27,5.16,5.20,5978848,31057904.00
2024/07/23,5.21,5.25,5.07,5.07,7564578,38749576.00
2024/07/24,5.08,5.17,5.04,5.13,7684264,39258820.00
2024/07/25,5.09,5.15,5.03,5.08,5622373,28553872.00
2024/07/26,5.11,5.22,5.08,5.19,5691313,29470444.00
2024/07/29,5.20,5.21,5.11,5.13,4495400,23122742.00
2024/07/30,5.13,5.14,5.05,5.12,3692353,18862612.00
2024/07/31,5.12,5.32,5.11,5.31,7431595,38905404.00
2024/08/01,5.30,5.41,5.22,5.26,5777829,30607228.00
2024/08/02,5.20,5.25,5.16,5.18,5716600,29734786.00
2024/08/05,5.15,5.20,5.06,5.07,6870700,35199768.00
2024/08/06,5.09,5.15,5.05,5.11,5765800,29355400.00
2024/08/07,5.10,5.13,5.05,5.09,6242074,31788860.00
2024/08/08,5.08,5.12,5.02,5.09,5218000,26475884.00
2024/08/09,5.10,5.17,5.08,5.08,6513550,33362886.00
2024/08/12,5.06,5.11,5.05,5.07,4709000,23896216.00
2024/08/13,5.07,5.11,5.03,5.09,4782500,24234054.00
2024/08/14,5.09,5.11,5.02,5.02,6204470,31364316.00
2024/08/15,5.02,5.10,4.98,5.06,6069370,30638104.00
2024/08/16,5.09,5.12,5.02,5.03,5120893,25890838.00
2024/08/19,5.03,5.13,5.02,5.07,6670600,33900892.00
2024/08/20,5.10,5.10,4.85,4.92,11553059,56911708.00
2024/08/21,4.92,4.97,4.88,4.92,5667079,27929418.00
2024/08/22,4.93,4.94,4.82,4.84,5014312,24370424.00
2024/08/23,4.81,4.87,4.80,4.85,4871170,23521446.00
2024/08/26,4.84,4.99,4.84,4.96,6403643,31650376.00
2024/08/27,4.96,4.99,4.88,4.90,3993597,19613444.00
2024/08/28,4.90,4.95,4.87,4.91,3687573,18135444.00
2024/08/29,4.88,5.01,4.86,4.98,5289943,26201670.00
2024/08/30,4.98,5.06,4.93,5.00,6101841,30567028.00
2024/09/02,4.98,5.00,4.86,4.86,5874973,28897492.00
2024/09/03,4.89,4.93,4.82,4.86,3824343,18634612.00
2024/09/04,4.82,4.86,4.76,4.77,6592678,31650996.00
2024/09/05,4.79,4.84,4.77,4.81,4524265,21709016.00
2024/09/06,4.82,4.82,4.73,4.74,4569400,21756218.00
2024/09/09,4.71,4.74,4.65,4.67,4635007,21676348.00
2024/09/10,4.71,4.76,4.62,4.70,4343450,20297240.00
2024/09/11,4.70,4.73,4.65,4.69,3261700,15293743.00
2024/09/12,4.71,4.79,4.70,4.72,3505686,16610593.00
2024/09/13,4.73,4.75,4.65,4.66,3116549,14612290.00
2024/09/18,4.67,4.69,4.57,4.67,3851162,17841566.00
2024/09/19,4.69,4.86,4.66,4.85,6966030,33397172.00
2024/09/20,4.86,4.89,4.81,4.88,6039214,29365512.00
2024/09/23,4.88,4.92,4.85,4.87,3984637,19432920.00
2024/09/24,4.91,5.08,4.90,5.08,8139562,40742676.00
2024/09/25,5.16,5.23,5.06,5.08,7511200,38671696.00
2024/09/26,5.08,5.22,5.04,5.22,6913425,35489168.00
2024/09/27,5.30,5.40,5.26,5.36,7986400,42549144.00
2024/09/30,5.55,5.87,5.45,5.85,20625360,117501112.00
2024/10/08,6.43,6.44,5.82,6.08,24690941,150948048.00
2024/10/09,5.91,5.95,5.48,5.49,18072564,102791392.00
2024/10/10,5.52,5.71,5.43,5.55,11788227,65932540.00
2024/10/11,5.58,5.59,5.33,5.38,10331622,56336848.00
2024/10/14,5.37,5.50,5.34,5.45,9993500,54273100.00
2024/10/15,5.44,5.44,5.26,5.26,10897700,58204416.00
2024/10/16,5.22,5.37,5.21,5.34,8362700,44404028.00
2024/10/17,5.38,5.41,5.21,5.21,7205700,38132164.00
2024/10/18,5.20,5.45,5.19,5.35,12829905,68068952.00
2024/10/21,5.37,5.43,5.31,5.32,10706633,57400736.00
2024/10/22,5.33,5.46,5.30,5.45,11919900,64029540.00
2024/10/23,5.46,5.50,5.39,5.45,10561400,57524448.00
2024/10/24,5.45,5.47,5.35,5.43,7413575,39983880.00
2024/10/25,5.49,5.60,5.48,5.56,11438127,63335132.00
2024/10/28,5.58,5.68,5.55,5.67,9927427,55771548.00
2024/10/29,5.78,5.92,5.61,5.63,18968593,109024176.00
2024/10/30,5.71,5.74,5.55,5.62,14069603,79172544.00
2024/10/31,5.58,5.70,5.57,5.69,11766594,66538512.00
2024/11/01,5.63,5.98,5.63,5.88,32279200,188568400.00
2024/11/04,6.06,6.07,5.76,5.91,25111660,147305616.00
2024/11/05,5.85,6.08,5.81,6.06,24824640,148484944.00
2024/11/06,6.06,6.11,5.97,6.03,20102693,121426664.00
2024/11/07,6.03,6.07,5.91,6.07,19316288,116231264.00
2024/11/08,6.18,6.18,5.91,5.96,19565266,117639120.00
2024/11/11,5.90,6.01,5.88,5.99,14354998,85446880.00
2024/11/12,5.99,6.04,5.86,5.90,15154933,90110104.00
2024/11/13,5.87,5.97,5.82,5.90,9398200,55265604.00
2024/11/14,5.89,5.91,5.75,5.76,11033400,64134192.00
2024/11/15,5.75,5.86,5.73,5.74,9728226,56351496.00
2024/11/18,5.73,5.81,5.67,5.70,11247529,64738784.00
2024/11/19,5.75,5.82,5.70,5.81,9576300,55112856.00
2024/11/20,5.81,5.85,5.77,5.82,9548700,55463084.00
2024/11/21,5.82,5.87,5.76,5.83,9801580,57007512.00
2024/11/22,5.83,5.87,5.64,5.65,11487400,66029184.00
数据来源:通达信
