601577 长沙银行 日线 前复权
      日期	    开盘	    最高	    最低	    收盘	    成交量	    成交额
2018/09/26,7.59,9.51,7.59,9.51,866034,9944051.00
2018/09/27,10.66,10.66,9.21,9.98,169198617,2008701696.00
2018/09/28,9.60,9.72,9.32,9.34,91617412,1055070144.00
2018/10/08,9.00,9.07,8.22,8.30,76031371,807128832.00
2018/10/09,8.28,8.34,7.93,8.21,60547423,613462784.00
2018/10/10,8.16,8.24,7.97,8.03,39525598,398399040.00
2018/10/11,7.59,7.73,7.03,7.06,63774926,597049472.00
2018/10/12,7.01,7.79,7.00,7.58,85263744,811218944.00
2018/10/15,7.41,7.48,7.16,7.25,49549652,460655360.00
2018/10/16,7.23,7.40,7.06,7.14,37252263,343148384.00
2018/10/17,7.29,7.34,6.78,7.00,47393609,428196640.00
2018/10/18,6.81,6.85,6.60,6.62,37093281,323164192.00
2018/10/19,6.43,6.88,6.39,6.83,44664833,387792288.00
2018/10/22,6.83,7.57,6.81,7.37,73275745,677798720.00
2018/10/23,7.30,7.30,6.97,6.99,49882361,454231520.00
2018/10/24,6.93,7.89,6.91,7.43,95510811,906289344.00
2018/10/25,7.04,7.72,7.02,7.60,69486568,647024704.00
2018/10/26,7.60,7.66,7.34,7.42,44683659,423313024.00
2018/10/29,7.40,7.51,7.00,7.09,40271983,369737504.00
2018/10/30,7.09,7.74,7.09,7.45,68508627,644784384.00
2018/10/31,7.45,8.28,7.31,7.86,92882503,910330368.00
2018/11/01,7.75,8.07,7.72,7.72,63568941,625747648.00
2018/11/02,7.95,8.12,7.71,7.92,68253216,676187648.00
2018/11/05,7.89,8.18,7.78,8.00,55532953,553506816.00
2018/11/06,7.91,7.98,7.65,7.80,42152812,411161696.00
2018/11/07,7.77,7.83,7.62,7.63,34951492,339455136.00
2018/11/08,7.72,7.82,7.58,7.61,31470906,305332512.00
2018/11/09,7.55,7.58,7.30,7.32,33598021,316040544.00
2018/11/12,7.33,7.42,7.26,7.41,22004058,205889648.00
2018/11/13,7.31,7.60,7.27,7.57,37204762,351694112.00
2018/11/14,7.52,7.59,7.37,7.40,31249305,296538048.00
2018/11/15,7.36,7.51,7.36,7.50,27880865,263757472.00
2018/11/16,7.50,7.79,7.44,7.66,49488954,475457536.00
2018/11/19,7.63,7.95,7.61,7.95,64541344,633417728.00
2018/11/20,7.84,7.90,7.52,7.54,42637357,414353664.00
2018/11/21,7.41,7.52,7.38,7.49,24218357,228850960.00
2018/11/22,7.48,7.50,7.37,7.37,18809158,177173872.00
2018/11/23,7.37,7.44,7.05,7.07,25409952,234293248.00
2018/11/26,7.11,7.18,7.05,7.09,14851002,135305216.00
2018/11/27,7.15,7.16,6.96,7.03,13371079,121271616.00
2018/11/28,7.01,7.12,6.94,7.11,16180967,146525136.00
2018/11/29,7.15,7.18,6.89,6.90,17995700,162304000.00
2018/11/30,6.86,6.95,6.80,6.91,11890600,105684512.00
2018/12/03,7.08,7.17,6.99,7.09,26626781,242017168.00
2018/12/04,7.05,7.09,6.99,7.06,16485081,149060768.00
2018/12/05,6.91,6.97,6.88,6.92,14608867,130332032.00
2018/12/06,6.88,6.92,6.84,6.85,11839158,105046880.00
2018/12/07,6.86,6.90,6.83,6.86,6411684,56814140.00
2018/12/10,6.80,6.83,6.69,6.71,10028400,87656384.00
2018/12/11,6.72,6.90,6.69,6.83,11863754,104441456.00
2018/12/12,6.83,6.93,6.82,6.83,8480009,75148288.00
2018/12/13,6.84,6.99,6.75,6.93,17406787,155132128.00
2018/12/14,6.87,6.90,6.74,6.75,12951379,114300320.00
2018/12/17,6.71,6.82,6.67,6.78,7941034,69369520.00
2018/12/18,6.74,6.78,6.66,6.70,8162711,71100144.00
2018/12/19,6.71,6.73,6.61,6.63,7038535,60931608.00
2018/12/20,6.61,6.64,6.53,6.62,11172779,95888024.00
2018/12/21,6.58,6.68,6.55,6.67,11477509,98903824.00
2018/12/24,6.60,6.70,6.59,6.68,8868369,76785184.00
2018/12/25,6.59,6.65,6.48,6.61,12687045,108437048.00
2018/12/26,6.57,6.65,6.54,6.57,7896122,67732640.00
2018/12/27,6.72,6.74,6.48,6.49,11353466,97897064.00
2018/12/28,6.49,6.65,6.49,6.52,10057896,86015448.00
2019/01/02,6.54,6.63,6.41,6.44,9103700,77048768.00
2019/01/03,6.47,6.64,6.43,6.48,11344842,96816912.00
2019/01/04,6.41,6.95,6.36,6.80,33437635,292029504.00
2019/01/07,6.89,6.96,6.77,6.90,29864485,264483008.00
2019/01/08,6.80,6.88,6.76,6.81,16970085,149459568.00
2019/01/09,6.82,6.93,6.80,6.81,29798182,264260464.00
2019/01/10,6.78,6.79,6.63,6.64,16954124,147261920.00
2019/01/11,6.64,6.72,6.60,6.71,15439121,133804624.00
2019/01/14,6.70,6.75,6.58,6.58,12266100,106108392.00
2019/01/15,6.58,6.74,6.56,6.70,14106542,121969672.00
2019/01/16,6.68,6.71,6.62,6.64,9421193,81527776.00
2019/01/17,6.66,6.73,6.62,6.62,11038503,95659320.00
2019/01/18,6.61,6.73,6.60,6.70,16155902,140322624.00
2019/01/21,6.68,6.71,6.64,6.66,12319366,106878920.00
2019/01/22,6.70,6.71,6.58,6.61,10719792,92638496.00
2019/01/23,6.59,6.64,6.56,6.58,7257463,62372096.00
2019/01/24,6.58,6.65,6.54,6.61,10221321,87907608.00
2019/01/25,6.62,6.76,6.60,6.67,16775531,145915296.00
2019/01/28,6.71,6.75,6.59,6.61,14526300,125963264.00
2019/01/29,6.56,6.58,6.36,6.47,16006573,135348320.00
2019/01/30,6.40,6.51,6.40,6.44,7272635,61519012.00
2019/01/31,6.45,6.60,6.43,6.46,14250284,121093256.00
2019/02/01,6.51,6.56,6.44,6.56,11459078,97403712.00
2019/02/11,6.55,6.66,6.52,6.65,14127568,121449536.00
2019/02/12,6.67,6.75,6.65,6.69,16794844,146015936.00
2019/02/13,6.70,6.90,6.65,6.86,30638283,269154112.00
2019/02/14,6.80,6.86,6.75,6.78,17237018,151437248.00
2019/02/15,6.77,6.77,6.68,6.69,14295052,124605184.00
2019/02/18,6.73,6.96,6.72,6.91,28022251,247576384.00
2019/02/19,6.89,7.15,6.86,6.93,39172393,351240864.00
2019/02/20,6.91,6.96,6.82,6.90,18462123,164210848.00
2019/02/21,6.88,6.98,6.82,6.85,22272322,197962528.00
2019/02/22,6.84,7.35,6.78,7.22,50350562,456447616.00
2019/02/25,7.45,8.14,7.28,8.14,112804893,1096824832.00
2019/02/26,8.30,8.32,7.77,7.79,89706135,896722496.00
2019/02/27,7.71,8.77,7.71,8.77,142768249,1499431040.00
2019/02/28,8.80,9.44,8.60,8.77,121344220,1329036160.00
2019/03/01,8.60,9.17,8.21,9.08,81871178,867980288.00
2019/03/04,9.08,10.18,8.90,9.39,117682036,1345286528.00
2019/03/05,9.07,9.43,9.02,9.28,60257363,676325888.00
2019/03/06,9.20,9.80,9.13,9.65,80835109,925665792.00
2019/03/07,9.55,10.82,9.50,10.82,108581526,1339734656.00
2019/03/08,10.16,10.69,9.54,9.67,92622352,1118254208.00
2019/03/11,9.70,9.88,9.12,9.80,44545658,513978816.00
2019/03/12,9.84,10.17,9.51,9.74,50786902,601522496.00
2019/03/13,9.63,9.65,8.98,9.17,42851496,482962944.00
2019/03/14,9.06,9.25,8.56,8.77,29534796,321417824.00
2019/03/15,8.83,9.09,8.76,8.82,32671476,356887488.00
2019/03/18,8.83,9.46,8.75,9.19,42979891,479060896.00
2019/03/19,9.26,9.41,8.96,9.07,36962766,413626944.00
2019/03/20,9.12,9.48,9.05,9.37,39889523,448946976.00
2019/03/21,9.40,9.54,9.23,9.28,43063019,489796480.00
2019/03/22,9.28,9.30,8.90,9.09,28009116,309632480.00
2019/03/25,8.80,8.88,8.65,8.66,25576665,275127136.00
2019/03/26,8.72,8.75,8.31,8.37,22029669,231446688.00
2019/03/27,8.45,8.65,8.33,8.53,20407070,214573872.00
2019/03/28,8.46,8.54,8.31,8.37,14389230,149908896.00
2019/03/29,8.42,9.11,8.38,8.95,39412763,425525952.00
2019/04/01,8.99,9.30,8.90,9.22,39073458,434938400.00
2019/04/02,9.25,9.30,9.03,9.10,35249204,393272992.00
2019/04/03,8.96,9.17,8.86,9.12,32930577,361446560.00
2019/04/04,9.21,9.73,9.16,9.48,55330969,634456960.00
2019/04/08,9.51,9.92,9.28,9.50,47995832,557045952.00
2019/04/09,9.40,9.46,9.10,9.26,21426862,241482208.00
2019/04/10,9.15,9.36,9.04,9.20,15713801,175435968.00
2019/04/11,9.19,9.25,8.82,8.85,21803103,240498736.00
2019/04/12,8.85,8.89,8.75,8.85,10336634,111780440.00
2019/04/15,9.00,9.16,8.79,8.80,17416476,192119488.00
2019/04/16,8.71,9.45,8.62,9.33,37884635,423089728.00
2019/04/17,9.33,9.50,9.21,9.23,25969925,294165056.00
2019/04/18,9.29,9.36,9.06,9.12,14524337,162386304.00
2019/04/19,9.07,9.27,9.03,9.18,14045712,156435840.00
2019/04/22,9.18,9.20,8.77,8.82,21311861,232782496.00
2019/04/23,8.80,8.90,8.70,8.79,11692734,126243376.00
2019/04/24,8.81,8.87,8.62,8.80,8869099,95427232.00
2019/04/25,8.75,8.97,8.53,8.55,15435001,165972416.00
2019/04/26,8.47,8.63,8.43,8.47,10323616,108332880.00
2019/04/29,8.52,8.75,8.36,8.49,15582660,164307648.00
2019/04/30,8.55,8.66,8.45,8.60,11400479,120397576.00
2019/05/06,8.28,8.60,7.90,8.13,23054787,235335056.00
2019/05/07,8.15,8.23,7.93,8.15,13610999,137307120.00
2019/05/08,7.95,8.06,7.87,7.88,11359871,113116400.00
2019/05/09,7.80,7.89,7.54,7.61,13157532,127658592.00
2019/05/10,7.69,7.85,7.47,7.80,32665472,316957888.00
2019/05/13,7.67,7.67,7.53,7.55,15108029,144862368.00
2019/05/14,7.45,7.65,7.41,7.51,10926619,103928816.00
2019/05/15,7.58,7.69,7.56,7.58,20619779,198254400.00
2019/05/16,7.59,7.62,7.55,7.60,11745304,112572920.00
2019/05/17,7.60,7.61,7.19,7.22,16419353,154208368.00
2019/05/20,7.19,7.22,7.08,7.20,9178767,84009536.00
2019/05/21,7.21,7.40,7.18,7.33,11269200,104974464.00
2019/05/22,7.34,7.40,7.20,7.26,8164637,75948288.00
2019/05/23,7.20,7.26,7.10,7.13,7183242,65780140.00
2019/05/24,7.10,7.46,7.10,7.27,14805523,137654960.00
2019/05/27,7.18,7.41,7.12,7.38,13511551,125551584.00
2019/05/28,7.34,7.42,7.28,7.31,9538400,89318864.00
2019/05/29,7.28,7.45,7.25,7.38,10810123,101139352.00
2019/05/30,7.32,7.34,7.22,7.28,6955800,64510540.00
2019/05/31,7.28,7.44,7.26,7.34,8174000,76295432.00
2019/06/03,7.33,7.41,7.22,7.25,7914900,73576264.00
2019/06/04,7.22,7.28,7.15,7.17,7031885,64624476.00
2019/06/05,7.25,7.33,7.20,7.21,6930652,64113284.00
2019/06/06,7.24,7.24,7.12,7.14,6693429,61370280.00
2019/06/10,7.18,7.34,7.16,7.30,9869114,91305568.00
2019/06/11,7.27,7.68,7.27,7.61,21040581,199973680.00
2019/06/12,7.52,7.57,7.44,7.45,11621900,110349896.00
2019/06/13,7.43,7.58,7.41,7.48,8280523,78639832.00
2019/06/14,7.48,7.53,7.26,7.26,12205700,115084016.00
2019/06/17,7.35,7.48,7.35,7.40,9490367,89461632.00
2019/06/18,7.41,7.48,7.36,7.45,6165437,58172260.00
2019/06/19,7.62,7.69,7.46,7.48,11526354,110330440.00
2019/06/20,7.47,7.99,7.45,7.85,26243420,256065056.00
2019/06/21,7.86,7.89,7.71,7.77,17143068,167943632.00
2019/06/24,7.74,7.78,7.66,7.69,7943728,77145064.00
2019/06/25,7.65,7.87,7.38,7.77,23571505,226390400.00
2019/06/26,7.65,7.83,7.55,7.69,12458145,120752800.00
2019/06/27,7.62,7.78,7.62,7.66,10987729,106449488.00
2019/06/28,7.70,7.70,7.51,7.54,7539029,72226656.00
2019/07/01,7.70,7.78,7.64,7.76,11744738,114078728.00
2019/07/02,7.76,7.78,7.66,7.74,9068313,88000408.00
2019/07/03,7.71,7.82,7.68,7.78,11493225,112018424.00
2019/07/04,7.62,7.78,7.62,7.67,10843300,101953584.00
2019/07/05,7.67,7.68,7.62,7.68,5763509,53985256.00
2019/07/08,7.62,7.63,7.39,7.42,9791909,90080384.00
2019/07/09,7.41,7.44,7.28,7.35,6864650,62288108.00
2019/07/10,7.36,7.38,7.29,7.31,4530000,40948800.00
2019/07/11,7.33,7.41,7.29,7.33,4834673,43834852.00
2019/07/12,7.33,7.50,7.31,7.46,7053323,64536604.00
2019/07/15,7.42,7.53,7.33,7.45,8240624,75369976.00
2019/07/16,7.44,7.49,7.41,7.45,4870802,44656772.00
2019/07/17,7.45,7.47,7.41,7.43,3068302,28097156.00
2019/07/18,7.40,7.41,7.31,7.32,4786935,43365216.00
2019/07/19,7.34,7.45,7.32,7.38,5810542,52914224.00
2019/07/22,7.41,7.41,7.25,7.28,6726011,60685216.00
2019/07/23,7.31,7.31,7.25,7.28,5292260,47607124.00
2019/07/24,7.31,7.39,7.29,7.33,6166200,55932788.00
2019/07/25,7.30,7.42,7.30,7.39,8772297,79705576.00
2019/07/26,7.35,7.39,7.33,7.36,7434114,67476920.00
2019/07/29,7.36,7.39,7.32,7.36,4716763,42788884.00
2019/07/30,7.36,7.48,7.35,7.41,12492870,114183192.00
2019/07/31,7.37,7.39,7.31,7.32,6404400,58009476.00
2019/08/01,7.30,7.33,7.20,7.23,7959272,71457344.00
2019/08/02,7.12,7.15,6.98,7.06,11449025,100712280.00
2019/08/05,7.00,7.04,6.86,6.87,10000039,86727352.00
2019/08/06,6.75,6.78,6.60,6.75,10278569,86594720.00
2019/08/07,6.76,6.81,6.71,6.75,5340624,45307184.00
2019/08/08,6.76,7.04,6.75,6.92,10976239,94822000.00
2019/08/09,6.91,6.93,6.78,6.79,6777615,58095440.00
2019/08/12,6.80,6.88,6.79,6.87,5056500,43221600.00
2019/08/13,6.79,6.80,6.74,6.75,4141882,35157244.00
2019/08/14,6.90,6.90,6.77,6.78,5560415,47546968.00
2019/08/15,6.65,6.77,6.61,6.75,5165590,43463608.00
2019/08/16,6.74,6.85,6.71,6.77,5912724,50265736.00
2019/08/19,6.81,6.97,6.74,6.96,17283014,148514144.00
2019/08/20,6.94,6.97,6.89,6.92,9388090,81183632.00
2019/08/21,6.91,6.94,6.86,6.91,5584177,48135972.00
2019/08/22,6.92,6.93,6.86,6.91,5459900,47026032.00
2019/08/23,6.89,6.99,6.89,6.93,7701058,66676832.00
2019/08/26,6.78,6.85,6.75,6.81,7393006,63003592.00
2019/08/27,6.85,7.00,6.84,6.93,10888700,94129832.00
2019/08/28,6.92,6.95,6.86,6.89,7643088,65832952.00
2019/08/29,6.91,6.92,6.82,6.83,6016988,51588856.00
2019/08/30,6.87,6.90,6.75,6.75,6844866,58397860.00
2019/09/02,6.78,6.92,6.76,6.90,8840154,75813304.00
2019/09/03,6.90,6.92,6.87,6.92,6310314,54351128.00
2019/09/04,6.89,7.21,6.88,7.09,20294936,178662320.00
2019/09/05,7.17,7.57,7.15,7.32,33385406,302438880.00
2019/09/06,7.33,7.36,7.23,7.33,16001117,144332992.00
2019/09/09,7.49,7.52,7.32,7.36,19784156,180096464.00
2019/09/10,7.36,7.36,7.23,7.32,13760560,123874112.00
2019/09/11,7.33,7.37,7.26,7.27,10166410,91732968.00
2019/09/12,7.30,7.32,7.24,7.30,7669712,69087008.00
2019/09/16,7.32,7.33,7.24,7.25,9417673,84725152.00
2019/09/17,7.25,7.25,7.07,7.11,11522385,102151520.00
2019/09/18,7.14,7.15,7.09,7.11,6413138,56672068.00
2019/09/19,7.12,7.16,7.08,7.16,6249701,55251096.00
2019/09/20,7.13,7.19,7.10,7.17,9461682,83958352.00
2019/09/23,7.17,7.18,6.98,7.00,8229291,72096824.00
2019/09/24,7.01,7.07,6.99,7.01,5417166,47345528.00
2019/09/25,6.93,7.06,6.90,6.93,7042096,61170536.00
2019/09/26,6.93,7.11,6.92,7.01,14931292,130624112.00
2019/09/27,6.99,7.11,6.99,7.02,9027601,79031184.00
2019/09/30,7.04,7.05,6.88,6.89,6620284,57543036.00
2019/10/08,6.88,7.03,6.83,6.94,9116403,78938584.00
2019/10/09,6.88,7.20,6.85,7.07,15860458,139273664.00
2019/10/10,7.12,7.12,7.02,7.08,8388421,73655872.00
2019/10/11,7.06,7.24,7.05,7.23,17934847,159572608.00
2019/10/14,7.30,7.75,7.27,7.53,44488692,410979296.00
2019/10/15,7.56,7.57,7.40,7.48,17518462,160974416.00
2019/10/16,7.50,7.60,7.30,7.34,23440082,214508512.00
2019/10/17,7.36,7.38,7.24,7.29,10077482,90918240.00
2019/10/18,7.31,7.35,7.08,7.11,15247147,135758640.00
2019/10/21,7.14,7.19,7.06,7.17,11196355,99075560.00
2019/10/22,7.16,7.17,7.08,7.15,7947993,70338920.00
2019/10/23,7.14,7.22,7.11,7.15,9520056,84578808.00
2019/10/24,7.17,7.39,7.15,7.38,21810186,197296896.00
2019/10/25,7.40,7.41,7.20,7.34,12654512,114209112.00
2019/10/28,7.27,7.34,7.23,7.33,13123982,118353424.00
2019/10/29,7.30,7.33,7.23,7.24,10280081,92470560.00
2019/10/30,7.21,7.29,7.21,7.26,8011334,71897008.00
2019/10/31,7.25,7.26,7.09,7.12,10068375,89324592.00
2019/11/01,7.11,7.34,7.09,7.31,14933334,134160928.00
2019/11/04,7.32,7.40,7.30,7.33,11799618,107025096.00
2019/11/05,7.31,7.52,7.31,7.46,24159650,221134240.00
2019/11/06,7.44,7.52,7.37,7.42,14362042,131548400.00
2019/11/07,7.45,7.55,7.42,7.53,14885380,137102688.00
2019/11/08,7.57,7.58,7.35,7.36,14623597,134168440.00
2019/11/11,7.33,7.33,7.13,7.15,13431918,119818024.00
2019/11/12,7.15,7.21,7.13,7.18,7826900,69572768.00
2019/11/13,7.17,7.17,7.04,7.08,9342890,82406176.00
2019/11/14,7.09,7.13,7.04,7.08,5788673,50972100.00
2019/11/15,7.08,7.11,7.00,7.02,6153889,53975644.00
2019/11/18,7.01,7.11,6.99,7.09,6232648,54759248.00
2019/11/19,7.07,7.14,7.07,7.13,5804412,51236400.00
2019/11/20,7.13,7.13,7.02,7.04,6021650,52912512.00
2019/11/21,7.02,7.03,6.93,6.96,8314454,72203408.00
2019/11/22,6.98,7.00,6.89,6.92,6876133,59567520.00
2019/11/25,6.93,7.05,6.91,7.04,9684550,84450560.00
2019/11/26,7.04,7.05,6.96,7.00,6981055,60819308.00
2019/11/27,7.00,7.00,6.90,6.92,5935099,51454176.00
2019/11/28,6.90,6.94,6.83,6.85,7449207,63994588.00
2019/11/29,6.87,6.90,6.82,6.84,5856183,50185552.00
2019/12/02,6.85,6.88,6.81,6.84,7827566,67099480.00
2019/12/03,6.83,6.87,6.79,6.87,4501415,38471548.00
2019/12/04,6.84,6.89,6.83,6.86,3826900,32836498.00
2019/12/05,6.88,6.91,6.86,6.91,6864990,59111088.00
2019/12/06,6.90,6.93,6.88,6.91,7633463,65819464.00
2019/12/09,6.92,6.94,6.88,6.90,8464282,72951592.00
2019/12/10,6.89,6.91,6.86,6.88,5912209,50870712.00
2019/12/11,6.89,6.99,6.86,6.97,11235901,97183000.00
2019/12/12,6.97,7.02,6.96,6.97,9934611,86557184.00
2019/12/13,7.02,7.14,7.02,7.08,19982011,175730256.00
2019/12/16,7.10,7.22,7.06,7.21,13855941,122845152.00
2019/12/17,7.19,7.56,7.16,7.39,28776553,261824784.00
2019/12/18,7.35,7.46,7.30,7.31,18678162,169746848.00
2019/12/19,7.30,7.43,7.28,7.33,13425691,121741592.00
2019/12/20,7.34,7.53,7.30,7.30,18296197,166792384.00
2019/12/23,7.32,7.34,7.11,7.13,15565362,139342320.00
2019/12/24,7.16,7.18,7.10,7.17,10664151,94463928.00
2019/12/25,7.15,7.21,7.10,7.16,9550416,84713312.00
2019/12/26,7.15,7.31,7.14,7.28,12528981,112205688.00
2019/12/27,7.31,7.40,7.23,7.24,16204687,146412224.00
2019/12/30,7.21,7.34,7.13,7.32,14574647,130828856.00
2019/12/31,7.30,7.36,7.27,7.35,10528468,95081280.00
2020/01/02,7.44,7.50,7.38,7.38,24011393,220007408.00
2020/01/03,7.38,7.44,7.35,7.38,12300316,112023672.00
2020/01/06,7.31,7.39,7.25,7.31,15617483,141522176.00
2020/01/07,7.34,7.41,7.31,7.39,13830532,125612448.00
2020/01/08,7.36,7.36,7.20,7.21,13573477,122097008.00
2020/01/09,7.27,7.32,7.23,7.28,8259976,74310360.00
2020/01/10,7.31,7.33,7.24,7.28,6687221,60191264.00
2020/01/13,7.28,7.34,7.20,7.33,9623308,86503152.00
2020/01/14,7.35,7.39,7.29,7.32,10518722,95281840.00
2020/01/15,7.30,7.32,7.23,7.24,6323445,56754116.00
2020/01/16,7.26,7.26,7.19,7.20,6392661,57150788.00
2020/01/17,7.22,7.27,7.17,7.17,7028843,62722792.00
2020/01/20,7.23,7.27,7.17,7.26,10849936,97177856.00
2020/01/21,7.23,7.25,7.11,7.14,12805646,113800632.00
2020/01/22,7.17,7.17,7.03,7.11,10609230,93505120.00
2020/01/23,7.08,7.11,6.89,6.92,16118989,140362544.00
2020/02/03,6.08,6.36,6.06,6.11,29970681,235288336.00
2020/02/04,6.11,6.42,6.11,6.36,22983885,183893984.00
2020/02/05,6.33,6.52,6.31,6.42,13688244,111334288.00
2020/02/06,6.44,6.54,6.32,6.49,15466979,126225672.00
2020/02/07,6.45,6.50,6.38,6.47,10944503,89181432.00
2020/02/10,6.43,6.50,6.39,6.48,9598822,78287904.00
2020/02/11,6.48,6.57,6.46,6.50,12568709,103624320.00
2020/02/12,6.48,6.58,6.46,6.55,10476153,86333472.00
2020/02/13,6.55,6.58,6.45,6.47,9177011,75528336.00
2020/02/14,6.47,6.54,6.44,6.49,7827694,64287804.00
2020/02/17,6.50,6.73,6.50,6.73,18077817,150272128.00
2020/02/18,6.68,6.70,6.59,6.68,12245733,102442744.00
2020/02/19,6.64,6.72,6.62,6.64,10476678,87812320.00
2020/02/20,6.63,6.89,6.61,6.85,20692213,175215760.00
2020/02/21,6.81,6.92,6.75,6.82,16894717,143979600.00
2020/02/24,6.80,6.83,6.70,6.76,12643949,107107208.00
2020/02/25,6.63,6.67,6.50,6.61,16578116,137760960.00
2020/02/26,6.52,6.78,6.49,6.65,22086885,185089216.00
2020/02/27,6.65,6.69,6.57,6.65,14612198,121929080.00
2020/02/28,6.55,6.60,6.40,6.43,17769813,145600304.00
2020/03/02,6.42,6.62,6.42,6.59,17350302,143335088.00
2020/03/03,6.62,6.70,6.55,6.58,18159243,151297424.00
2020/03/04,6.53,6.58,6.48,6.58,12315679,101659344.00
2020/03/05,6.63,6.87,6.59,6.82,32608495,276952832.00
2020/03/06,6.73,6.78,6.67,6.68,16113816,135848448.00
2020/03/09,6.58,6.58,6.42,6.43,20314905,166828352.00
2020/03/10,6.41,6.53,6.38,6.52,15926619,130464760.00
2020/03/11,6.54,6.60,6.49,6.49,13683854,112949648.00
2020/03/12,6.48,6.58,6.44,6.47,11691804,95962536.00
2020/03/13,6.27,6.61,6.16,6.59,24324722,197672032.00
2020/03/16,6.59,6.59,6.30,6.32,19968713,163047200.00
2020/03/17,6.32,6.42,6.25,6.34,13838262,111439488.00
2020/03/18,6.37,6.40,6.15,6.17,14070265,112644576.00
2020/03/19,6.17,6.20,5.94,6.08,17132742,133196664.00
2020/03/20,6.12,6.17,6.06,6.16,10859598,85146816.00
2020/03/23,6.00,6.05,5.91,5.94,10609927,81684216.00
2020/03/24,6.01,6.06,5.96,6.06,9715363,75175048.00
2020/03/25,6.14,6.19,6.09,6.15,12128886,95431352.00
2020/03/26,6.10,6.21,6.06,6.11,10058031,78935496.00
2020/03/27,6.15,6.20,6.11,6.13,8701475,68464024.00
2020/03/30,6.06,6.10,5.99,6.09,10771206,83561296.00
2020/03/31,6.12,6.14,6.00,6.01,7646600,59575640.00
2020/04/01,6.02,6.08,5.99,6.01,7645929,59282260.00
2020/04/02,5.98,6.04,5.93,6.04,9314800,71697320.00
2020/04/03,6.02,6.05,5.96,5.98,7185804,55458920.00
2020/04/07,6.07,6.11,6.04,6.08,10458083,81465080.00
2020/04/08,6.04,6.06,6.03,6.05,6044372,46936184.00
2020/04/09,6.07,6.10,6.05,6.08,7831532,61025496.00
2020/04/10,6.08,6.09,6.03,6.06,5891032,45793528.00
2020/04/13,6.02,6.05,5.98,6.01,3813009,29463472.00
2020/04/14,6.03,6.08,6.01,6.08,8367268,65070480.00
2020/04/15,6.07,6.09,6.04,6.05,8047019,62652440.00
2020/04/16,6.04,6.10,6.01,6.07,9921247,77049056.00
2020/04/17,6.08,6.11,6.05,6.08,12703642,99064440.00
2020/04/20,6.07,6.08,6.03,6.07,9258300,71949624.00
2020/04/21,6.06,6.08,6.01,6.04,9642316,74849064.00
2020/04/22,6.03,6.03,5.98,6.02,8780000,67774064.00
2020/04/23,6.02,6.03,6.00,6.01,6707291,51859672.00
2020/04/24,6.03,6.03,5.92,5.93,5842645,44906732.00
2020/04/27,5.94,6.11,5.92,6.00,12566812,97528144.00
2020/04/28,5.99,6.01,5.79,5.88,9538904,72671648.00
2020/04/29,5.89,6.07,5.86,6.06,12226658,94498632.00
2020/04/30,6.13,6.20,6.10,6.13,14693118,115549688.00
2020/05/06,6.08,6.15,6.02,6.13,11894355,92627736.00
2020/05/07,6.10,6.13,6.06,6.08,7070147,55189044.00
2020/05/08,6.12,6.19,6.09,6.17,10915977,85848640.00
2020/05/11,6.18,6.22,6.12,6.17,8582219,67666448.00
2020/05/12,6.14,6.17,6.07,6.11,5469465,42821840.00
2020/05/13,6.10,6.12,6.05,6.11,5643397,44031400.00
2020/05/14,6.07,6.07,5.99,6.00,5962886,46216024.00
2020/05/15,6.03,6.06,5.99,6.00,4642924,35959984.00
2020/05/18,5.99,6.10,5.98,6.04,5994218,46553176.00
2020/05/19,6.08,6.11,6.02,6.05,7070075,54981360.00
2020/05/20,6.05,6.10,5.99,6.04,6761280,52412792.00
2020/05/21,6.04,6.06,5.99,6.01,5334310,41314416.00
2020/05/22,5.99,6.01,5.91,5.91,6196879,47522104.00
2020/05/25,5.91,5.96,5.86,5.95,4779073,36500976.00
2020/05/26,5.95,5.99,5.93,5.99,6565587,50528236.00
2020/05/27,6.01,6.09,5.98,6.08,14556806,113313568.00
2020/05/28,6.08,6.17,6.06,6.11,11172898,87521664.00
2020/05/29,6.08,6.11,6.02,6.05,10342052,80418904.00
2020/06/01,6.08,6.14,6.06,6.14,10579036,82800328.00
2020/06/02,6.12,6.17,6.11,6.15,7202348,56646168.00
2020/06/03,6.15,6.24,6.11,6.11,11091211,87572432.00
2020/06/04,6.11,6.14,6.09,6.09,5215503,40848672.00
2020/06/05,6.09,6.12,6.08,6.11,4129416,32303596.00
2020/06/08,6.12,6.15,6.08,6.08,5253064,41089264.00
2020/06/09,6.10,6.12,6.07,6.09,4925100,38496912.00
2020/06/10,6.12,6.13,6.04,6.11,7038077,54910696.00
2020/06/11,6.10,6.11,6.03,6.09,8669987,67532256.00
2020/06/12,6.03,6.12,5.99,6.11,12393778,96371304.00
2020/06/15,6.07,6.14,6.06,6.08,7954713,62200800.00
2020/06/16,6.11,6.17,6.09,6.14,7600874,59609080.00
2020/06/17,6.16,6.22,6.13,6.21,8811901,69571928.00
2020/06/18,6.17,6.26,6.14,6.22,8673719,68726208.00
2020/06/19,6.22,6.25,6.18,6.19,8230644,65275680.00
2020/06/22,6.17,6.24,6.12,6.16,11469485,90497104.00
2020/06/23,6.15,6.15,6.10,6.14,6484344,50883096.00
2020/06/24,6.14,6.33,6.13,6.21,12798099,102032736.00
2020/06/29,6.27,6.30,6.14,6.16,7741218,61244864.00
2020/06/30,6.17,6.29,6.15,6.22,8175939,64886620.00
2020/07/01,6.21,6.35,6.19,6.32,12155890,97303168.00
2020/07/02,6.31,6.69,6.28,6.69,36418937,300431072.00
2020/07/03,6.76,7.00,6.67,6.85,36465546,311460256.00
2020/07/06,6.97,7.71,6.97,7.71,76268102,691572416.00
2020/07/07,7.86,8.04,7.41,7.41,64147832,602367616.00
2020/07/08,7.32,7.71,7.30,7.61,42812417,394463456.00
2020/07/09,7.61,7.73,7.43,7.63,39947395,370445152.00
2020/07/10,7.53,7.53,7.29,7.36,33604716,306213536.00
2020/07/13,7.26,7.49,7.19,7.40,28250455,256004176.00
2020/07/14,7.40,7.42,7.21,7.27,23456613,211395056.00
2020/07/15,7.29,7.33,7.11,7.15,19118299,164887920.00
2020/07/16,7.21,7.70,7.19,7.33,50858621,451435424.00
2020/07/17,7.50,7.58,7.05,7.52,47555829,417959808.00
2020/07/20,7.70,8.41,7.60,8.14,70659717,666233280.00
2020/07/21,7.96,8.00,7.72,7.88,37364734,345655776.00
2020/07/22,7.81,7.95,7.62,7.81,28179089,258311472.00
2020/07/23,7.69,7.79,7.43,7.53,25736476,230844224.00
2020/07/24,7.46,7.70,7.13,7.21,22864613,201606144.00
2020/07/27,7.21,7.29,6.93,7.05,14116827,119580880.00
2020/07/28,7.06,7.17,7.03,7.12,9569297,81346824.00
2020/07/29,7.09,7.34,7.02,7.27,13632409,117596280.00
2020/07/30,7.28,7.29,7.09,7.12,13078672,112152768.00
2020/07/31,7.13,7.28,7.05,7.14,12482608,106661432.00
2020/08/03,7.19,7.26,7.14,7.26,14853315,127666960.00
2020/08/04,7.28,7.95,7.19,7.66,42877639,387490240.00
2020/08/05,7.49,7.50,7.36,7.48,19871879,175449040.00
2020/08/06,7.47,7.65,7.42,7.63,21340353,191134240.00
2020/08/07,7.57,7.70,7.37,7.42,17153129,152775072.00
2020/08/10,7.45,7.62,7.29,7.50,14724467,130859560.00
2020/08/11,7.46,7.93,7.46,7.54,33345444,305089248.00
2020/08/12,7.49,7.88,7.48,7.83,35854743,327844320.00
2020/08/13,7.90,7.90,7.62,7.70,22844992,208274960.00
2020/08/14,7.60,7.88,7.57,7.83,25545236,233543680.00
2020/08/17,7.85,8.75,7.84,8.61,126124261,1256955264.00
2020/08/18,8.38,8.46,8.13,8.24,81693971,790937088.00
2020/08/19,8.17,8.27,7.98,8.01,43231123,412897312.00
2020/08/20,8.01,8.05,7.72,7.80,29390724,272700832.00
2020/08/21,7.89,7.91,7.76,7.82,24331004,224609488.00
2020/08/24,7.84,7.86,7.69,7.74,17772250,162613808.00
2020/08/25,7.75,7.85,7.70,7.73,17110177,156597776.00
2020/08/26,7.71,7.73,7.50,7.52,17831830,160693248.00
2020/08/27,7.54,7.59,7.43,7.56,12441900,110832168.00
2020/08/28,7.59,7.89,7.54,7.83,28101909,257954608.00
2020/08/31,7.80,8.00,7.76,7.77,24693704,229034192.00
2020/09/01,7.74,7.84,7.68,7.83,14726996,135007696.00
2020/09/02,7.83,7.91,7.65,7.71,11297250,103462000.00
2020/09/03,7.72,7.90,7.71,7.76,15655067,144160752.00
2020/09/04,7.65,7.70,7.54,7.63,10583138,95473936.00
2020/09/07,7.60,7.67,7.45,7.46,11792964,105804504.00
2020/09/08,7.51,7.72,7.50,7.70,15651073,141685968.00
2020/09/09,7.66,7.79,7.54,7.61,12748764,115708560.00
2020/09/10,7.71,7.74,7.56,7.61,15921005,143930512.00
2020/09/11,7.59,7.64,7.42,7.49,13631628,121386312.00
2020/09/14,7.45,7.56,7.41,7.53,10710031,94966496.00
2020/09/15,7.48,7.58,7.44,7.54,10470283,93553120.00
2020/09/16,7.57,7.66,7.51,7.55,8887620,79892368.00
2020/09/17,7.52,7.61,7.50,7.51,6191124,55375304.00
2020/09/18,7.51,7.85,7.50,7.80,20471679,186558112.00
2020/09/21,7.80,7.85,7.68,7.71,13323691,122016864.00
2020/09/22,7.66,7.87,7.60,7.65,12393877,112648784.00
2020/09/23,7.66,7.68,7.56,7.62,7342642,66217240.00
2020/09/24,7.56,7.59,7.44,7.44,8139538,72499520.00
2020/09/25,7.49,7.52,7.42,7.44,6367250,56463520.00
2020/09/28,7.46,7.50,7.39,7.42,4279404,37797860.00
2020/09/29,7.45,7.58,7.44,7.48,7857772,70065872.00
2020/09/30,7.45,7.56,7.39,7.42,6849246,60666320.00
2020/10/09,7.48,7.58,7.43,7.54,9269122,82609064.00
2020/10/12,7.55,7.78,7.49,7.73,13914203,126229840.00
2020/10/13,7.69,7.71,7.64,7.70,7146780,64824988.00
2020/10/14,7.70,7.76,7.65,7.74,6807942,61980700.00
2020/10/15,7.77,7.99,7.75,7.83,17641545,163687776.00
2020/10/16,7.79,8.14,7.79,8.03,25517748,240288016.00
2020/10/19,8.07,8.32,7.94,8.00,23592199,224930704.00
2020/10/20,8.00,8.10,7.93,7.98,12447882,116916832.00
2020/10/21,8.04,8.39,7.88,8.28,31026265,297123872.00
2020/10/22,8.23,8.33,8.08,8.23,17484472,167636896.00
2020/10/23,8.17,8.44,8.11,8.19,21175962,205280656.00
2020/10/26,8.20,8.26,7.88,7.94,20235228,191067424.00
2020/10/27,7.90,7.97,7.81,7.89,9688615,89964144.00
2020/10/28,7.87,7.96,7.73,7.81,10911230,100466792.00
2020/10/29,7.67,7.78,7.61,7.72,9935335,90306800.00
2020/10/30,7.81,7.94,7.58,7.61,10765139,98489256.00
2020/11/02,7.60,7.72,7.48,7.51,13316968,119287864.00
2020/11/03,7.55,7.75,7.54,7.62,10280560,92750880.00
2020/11/04,7.69,7.73,7.50,7.65,12171915,109872160.00
2020/11/05,7.73,7.74,7.55,7.60,14313340,128842312.00
2020/11/06,7.60,7.62,7.48,7.50,13117426,117034424.00
2020/11/09,7.52,7.67,7.50,7.63,13322809,119894736.00
2020/11/10,7.67,7.76,7.58,7.61,13818238,125216600.00
2020/11/11,7.58,7.65,7.53,7.59,9616796,86361840.00
2020/11/12,7.59,7.62,7.49,7.50,8779488,78366480.00
2020/11/13,7.46,7.48,7.35,7.40,10410698,91575712.00
2020/11/16,7.42,7.45,7.38,7.43,7446543,65627032.00
2020/11/17,7.44,7.56,7.41,7.55,13318323,118476048.00
2020/11/18,7.55,7.75,7.51,7.67,23272659,210995472.00
2020/11/19,7.68,7.82,7.63,7.80,23518330,215231248.00
2020/11/20,7.76,7.76,7.65,7.68,12495200,113743872.00
2020/11/23,7.68,7.89,7.62,7.84,16027590,147456128.00
2020/11/24,7.83,7.87,7.77,7.84,10791075,99563944.00
2020/11/25,7.88,8.03,7.80,7.80,12812063,119239376.00
2020/11/26,7.81,8.00,7.80,7.93,19348412,180337152.00
2020/11/27,7.94,8.14,7.92,8.12,31458484,297458368.00
2020/11/30,8.33,8.70,8.32,8.33,68843555,679854208.00
2020/12/01,8.35,8.87,8.18,8.78,60051331,597707008.00
2020/12/02,8.68,8.77,8.51,8.55,36088711,362009856.00
2020/12/03,8.55,9.48,8.52,9.08,71936368,747007680.00
2020/12/04,8.98,9.02,8.66,8.75,45642846,466415136.00
2020/12/07,8.78,8.85,8.45,8.55,30624419,306058048.00
2020/12/08,8.55,8.64,8.38,8.45,25340186,250258784.00
2020/12/09,8.45,8.58,8.22,8.23,19927002,195619488.00
2020/12/10,8.24,8.36,8.08,8.15,16811568,161166160.00
2020/12/11,8.10,8.17,7.88,7.99,19893135,186648448.00
2020/12/14,7.98,8.14,7.96,8.04,15363135,144867040.00
2020/12/15,8.03,8.04,7.86,7.95,12300764,114543624.00
2020/12/16,7.92,8.10,7.86,7.88,13839723,129471000.00
2020/12/17,7.87,8.03,7.75,7.99,14734756,137160448.00
2020/12/18,7.95,8.01,7.81,7.91,12329071,114398680.00
2020/12/21,7.85,7.92,7.76,7.85,14751673,136347344.00
2020/12/22,7.83,7.88,7.59,7.59,17637360,160960432.00
2020/12/23,7.59,7.66,7.52,7.60,11315211,101645704.00
2020/12/24,7.61,7.81,7.61,7.72,21344643,194798624.00
2020/12/25,7.72,7.76,7.64,7.73,12270790,111880064.00
2020/12/28,7.72,7.84,7.61,7.78,27786006,253752336.00
2020/12/29,7.83,7.95,7.77,7.85,18650627,172644192.00
2020/12/30,7.83,7.94,7.77,7.94,11367465,105125224.00
2020/12/31,7.95,8.24,7.93,8.12,20867251,197979680.00
2021/01/04,8.08,8.08,7.72,7.78,24773071,227648656.00
2021/01/05,7.75,7.77,7.56,7.71,17605193,159394496.00
2021/01/06,7.65,7.78,7.64,7.76,12428367,113294856.00
2021/01/07,7.76,7.83,7.55,7.65,16330856,147856144.00
2021/01/08,7.60,7.69,7.56,7.63,10117693,91268512.00
2021/01/11,7.64,7.79,7.59,7.67,16796829,153197104.00
2021/01/12,7.69,7.75,7.55,7.72,13288183,120099080.00
2021/01/13,7.72,7.74,7.55,7.61,14209328,128031624.00
2021/01/14,7.60,7.70,7.52,7.60,11335749,102173016.00
2021/01/15,7.69,8.09,7.68,7.93,35357440,329336448.00
2021/01/18,7.93,8.14,7.87,8.10,25132743,236696304.00
2021/01/19,8.04,8.52,7.98,8.35,36431665,353303328.00
2021/01/20,8.31,8.37,8.06,8.10,21570330,206397200.00
2021/01/21,8.09,8.22,7.97,8.05,15773648,149838128.00
2021/01/22,8.00,8.06,7.73,7.77,20964326,193531968.00
2021/01/25,7.71,7.84,7.59,7.76,13149673,119688488.00
2021/01/26,7.86,8.53,7.85,8.26,56622272,546650880.00
2021/01/27,8.27,8.70,8.26,8.42,43621904,431938624.00
2021/01/28,8.35,8.66,8.28,8.52,35754627,353598720.00
2021/01/29,8.52,8.83,8.35,8.61,42145585,422004640.00
2021/02/01,8.48,8.84,8.33,8.77,40730503,408608064.00
2021/02/02,8.69,8.80,8.51,8.61,25990494,260398176.00
2021/02/03,8.52,8.86,8.40,8.64,34508161,347902144.00
2021/02/04,8.58,9.05,8.57,8.72,34960274,356946176.00
2021/02/05,8.73,9.65,8.73,9.37,62605417,668081600.00
2021/02/08,9.38,9.53,9.03,9.35,42495110,453951488.00
2021/02/09,9.25,9.35,9.06,9.30,28185247,298590240.00
2021/02/10,9.28,9.54,8.90,9.02,34107417,359648384.00
2021/02/18,9.12,9.44,9.04,9.20,29846276,317035104.00
2021/02/19,9.11,9.72,9.07,9.47,33551680,365826144.00
2021/02/22,9.40,9.43,8.93,8.96,45082262,476943136.00
2021/02/23,8.94,9.41,8.85,9.16,39027632,413558208.00
2021/02/24,9.14,9.30,8.89,8.94,26842017,280776512.00
2021/02/25,9.05,9.18,8.84,9.05,22870347,238904672.00
2021/02/26,8.90,9.03,8.59,8.76,36455648,371165408.00
2021/03/01,8.76,8.88,8.67,8.78,16607948,168577808.00
2021/03/02,8.80,8.84,8.52,8.75,22438510,226782528.00
2021/03/03,8.71,9.28,8.66,9.21,36508121,382139552.00
2021/03/04,9.19,9.32,8.99,9.01,20207001,212850480.00
2021/03/05,8.96,9.18,8.73,9.06,23987816,248424048.00
2021/03/08,9.08,9.26,8.85,8.90,16643270,174179456.00
2021/03/09,8.96,9.05,8.51,8.52,22331753,226359136.00
2021/03/10,8.52,8.58,8.31,8.34,17168355,168688720.00
2021/03/11,8.41,9.12,8.40,9.05,54069848,555536896.00
2021/03/12,9.03,9.38,9.00,9.30,33820441,359554240.00
2021/03/15,9.28,9.45,9.16,9.21,21725505,232513168.00
2021/03/16,9.25,9.94,9.19,9.87,53691475,596178880.00
2021/03/17,9.77,9.92,9.66,9.72,22692416,252866064.00
2021/03/18,9.69,9.83,9.57,9.71,19792343,219490432.00
2021/03/19,9.68,9.87,9.44,9.49,34479417,379808928.00
2021/03/22,9.64,9.84,9.51,9.69,18754202,207879520.00
2021/03/23,9.65,9.83,9.51,9.58,14354208,158350048.00
2021/03/24,9.46,9.56,9.17,9.21,19886423,212784128.00
2021/03/25,9.20,9.35,9.04,9.08,11803335,124448216.00
2021/03/26,9.10,9.24,9.05,9.08,15239343,160179136.00
2021/03/29,9.10,9.15,8.96,9.10,12657017,132412408.00
2021/03/30,9.07,9.24,8.92,9.18,18852408,197455680.00
2021/03/31,9.10,9.18,8.95,9.05,13491941,140959648.00
2021/04/01,9.07,9.10,8.93,9.07,9771728,101910496.00
2021/04/02,8.95,9.06,8.78,8.81,17744795,181902880.00
2021/04/06,8.81,9.00,8.77,8.85,14360586,147299312.00
2021/04/07,8.82,8.90,8.67,8.75,16663269,169489760.00
2021/04/08,8.69,8.78,8.62,8.64,13366012,134673120.00
2021/04/09,8.64,8.71,8.53,8.67,11968147,119893880.00
2021/04/12,8.60,8.66,8.45,8.49,10767930,107139360.00
2021/04/13,8.50,8.57,8.39,8.42,10931899,107637304.00
2021/04/14,8.41,8.45,8.32,8.34,10130613,98970152.00
2021/04/15,8.33,8.34,8.16,8.22,10758600,103727936.00
2021/04/16,8.23,8.30,8.17,8.26,8213300,79253936.00
2021/04/19,8.22,8.46,8.18,8.40,15835577,154041552.00
2021/04/20,8.35,8.43,8.29,8.41,13222229,129174288.00
2021/04/21,8.39,8.63,8.36,8.56,20195037,200440928.00
2021/04/22,8.55,8.55,8.33,8.36,14132883,138434656.00
2021/04/23,8.33,8.43,8.29,8.34,7151341,69835336.00
2021/04/26,8.40,8.52,8.33,8.35,12471341,122565880.00
2021/04/27,8.32,8.38,8.24,8.31,10060671,97598016.00
2021/04/28,8.08,8.08,7.68,7.74,36566728,337580448.00
2021/04/29,7.73,8.03,7.69,7.75,35281601,325940832.00
2021/04/30,7.76,7.81,7.50,7.61,27104071,245354704.00
2021/05/06,7.62,7.77,7.60,7.69,17777352,161841088.00
2021/05/07,7.67,7.86,7.62,7.77,15285404,140351232.00
2021/05/10,7.76,7.81,7.65,7.80,11681162,106557728.00
2021/05/11,7.73,7.86,7.73,7.80,9400264,86335544.00
2021/05/12,7.79,7.88,7.75,7.80,12141962,111909896.00
2021/05/13,7.78,7.84,7.68,7.73,9658747,88284568.00
2021/05/14,7.76,7.93,7.69,7.93,16235046,149844352.00
2021/05/17,7.89,8.01,7.78,7.87,16166073,150024064.00
2021/05/18,7.82,7.86,7.78,7.78,7521338,69252976.00
2021/05/19,7.75,7.80,7.68,7.70,8449809,77007376.00
2021/05/20,7.62,7.78,7.62,7.76,9585125,87345592.00
2021/05/21,7.78,7.78,7.60,7.63,14619926,132455136.00
2021/05/24,7.61,7.70,7.61,7.63,8513411,77053560.00
2021/05/25,7.67,7.94,7.62,7.93,33058867,304796544.00
2021/05/26,7.95,8.27,7.87,8.17,34087806,323532096.00
2021/05/27,8.14,8.15,7.99,8.04,15274580,144412672.00
2021/05/28,8.03,8.15,7.99,8.10,14091581,133400512.00
2021/05/31,8.11,8.15,7.94,8.15,21012502,197991968.00
2021/06/01,8.05,8.18,8.00,8.12,13687983,130115208.00
2021/06/02,8.10,8.29,8.07,8.22,14372093,137701392.00
2021/06/03,8.24,8.30,8.13,8.15,12282500,117771936.00
2021/06/04,8.13,8.22,8.11,8.15,13823297,132199720.00
2021/06/07,8.15,8.35,8.12,8.28,13237596,127582208.00
2021/06/08,8.26,8.32,8.21,8.27,11274718,108883512.00
2021/06/09,8.26,8.28,8.14,8.18,11081415,106318832.00
2021/06/10,8.18,8.26,8.14,8.15,12324532,118244744.00
2021/06/11,8.10,8.15,7.85,8.03,25796688,242721328.00
2021/06/15,7.99,8.06,7.78,7.80,13024579,120776016.00
2021/06/16,7.79,7.97,7.75,7.90,12164020,113209816.00
2021/06/17,7.85,7.97,7.75,7.78,9195510,84967496.00
2021/06/18,7.81,7.83,7.65,7.75,11442935,104486296.00
2021/06/21,7.73,7.82,7.66,7.70,12963304,118317272.00
2021/06/22,7.74,7.82,7.63,7.69,14395316,131033328.00
2021/06/23,7.65,7.69,7.62,7.68,9642312,87270816.00
2021/06/24,7.66,7.72,7.63,7.68,8080528,73290752.00
2021/06/25,7.67,7.79,7.62,7.77,13819297,126043016.00
2021/06/28,7.76,7.77,7.55,7.59,17312805,156173424.00
2021/06/29,7.57,7.61,7.52,7.53,7576833,67794448.00
2021/06/30,7.52,7.57,7.50,7.54,7117830,63541468.00
2021/07/01,7.54,7.61,7.51,7.57,8452500,75760048.00
2021/07/02,7.52,7.62,7.47,7.49,12174762,108479472.00
2021/07/05,7.46,7.51,7.38,7.42,7974628,70563160.00
2021/07/06,7.49,7.63,7.47,7.59,11009459,98632584.00
2021/07/07,7.58,7.65,7.54,7.60,8560868,77046320.00
2021/07/08,7.65,7.65,7.43,7.46,9993919,88914736.00
2021/07/09,7.44,7.52,7.41,7.51,9129008,80951120.00
2021/07/12,7.62,7.62,7.44,7.45,11898584,102180232.00
2021/07/13,7.40,7.47,7.38,7.42,5978028,50823024.00
2021/07/14,7.44,7.44,7.19,7.22,12731863,106645208.00
2021/07/15,7.23,7.41,7.19,7.35,19971589,167902144.00
2021/07/16,7.33,7.50,7.24,7.43,9147012,77655488.00
2021/07/19,7.40,7.43,7.24,7.33,10283248,86340040.00
2021/07/20,7.28,7.37,7.14,7.16,16824902,139780080.00
2021/07/21,7.20,7.28,7.18,7.25,14697353,122328952.00
2021/07/22,7.27,7.38,7.22,7.30,8237461,69146632.00
2021/07/23,7.26,7.30,7.20,7.21,6633909,55097332.00
2021/07/26,7.17,7.22,6.90,6.96,13014351,105114960.00
2021/07/27,6.96,7.00,6.82,6.83,8899041,70957824.00
2021/07/28,6.83,6.95,6.79,6.83,9839380,78115760.00
2021/07/29,6.86,6.87,6.75,6.76,6675600,52553152.00
2021/07/30,6.75,6.78,6.62,6.76,7113874,55245816.00
2021/08/02,6.64,6.91,6.57,6.80,9150159,71859832.00
2021/08/03,6.80,6.81,6.69,6.73,6684094,52178408.00
2021/08/04,6.73,6.75,6.67,6.68,5698618,44323788.00
2021/08/05,6.68,6.83,6.67,6.71,5359878,41991972.00
2021/08/06,6.73,6.77,6.64,6.77,5464977,42614900.00
2021/08/09,6.76,7.00,6.75,6.93,10861198,86809984.00
2021/08/10,6.91,7.19,6.86,7.17,12861160,104257208.00
2021/08/11,7.13,7.29,7.05,7.08,11673100,96038656.00
2021/08/12,7.04,7.12,7.00,7.04,6000776,48756216.00
2021/08/13,7.03,7.07,6.97,7.02,4424988,35827436.00
2021/08/16,7.08,7.09,6.96,6.97,7424500,60029464.00
2021/08/17,6.96,7.10,6.94,7.00,8676114,70229760.00
2021/08/18,7.18,7.56,7.18,7.51,42531122,358868864.00
2021/08/19,7.50,7.82,7.43,7.70,43036815,375696736.00
2021/08/20,7.63,7.85,7.61,7.68,26625803,234545760.00
2021/08/23,7.65,7.75,7.58,7.68,16951728,148179376.00
2021/08/24,7.71,7.74,7.50,7.62,17376561,150930928.00
2021/08/25,7.62,7.72,7.53,7.64,11857140,103640112.00
2021/08/26,7.68,7.75,7.52,7.64,13643688,118570496.00
2021/08/27,7.60,7.64,7.45,7.50,10383100,89475016.00
2021/08/30,7.51,7.52,7.27,7.44,15324606,130131336.00
2021/08/31,7.44,7.60,7.36,7.59,12746547,109425384.00
2021/09/01,7.57,7.78,7.49,7.70,20056778,175260896.00
2021/09/02,7.66,7.70,7.55,7.65,12560353,109428848.00
2021/09/03,7.67,7.74,7.50,7.58,12968100,112816792.00
2021/09/06,7.60,7.68,7.53,7.54,12147772,105184248.00
2021/09/07,7.56,7.72,7.51,7.70,14885779,129506424.00
2021/09/08,7.69,7.79,7.66,7.68,13201477,116114320.00
2021/09/09,7.65,7.75,7.56,7.72,14533659,127135064.00
2021/09/10,7.69,8.04,7.69,7.81,32198965,288134912.00
2021/09/13,7.83,7.83,7.62,7.74,33289829,293636384.00
2021/09/14,7.74,7.76,7.44,7.46,22773382,197416192.00
2021/09/15,7.43,7.70,7.41,7.58,19804945,171289504.00
2021/09/16,7.64,7.84,7.45,7.45,26272157,230432800.00
2021/09/17,7.47,7.53,7.23,7.28,13847983,116832720.00
2021/09/22,7.12,7.12,6.87,6.97,22983465,184939840.00
2021/09/23,6.98,7.18,6.98,7.16,15511427,126904840.00
2021/09/24,7.16,7.35,7.07,7.27,19295925,160138576.00
2021/09/27,7.31,7.45,7.16,7.34,17781157,149191136.00
2021/09/28,7.29,7.46,7.22,7.35,11422050,96146000.00
2021/09/29,7.32,7.39,7.23,7.27,11213723,93885984.00
2021/09/30,7.27,7.31,7.15,7.20,11223916,93094240.00
2021/10/08,7.26,7.60,7.22,7.59,17025488,146216784.00
2021/10/11,7.63,7.78,7.54,7.67,23556311,206590176.00
2021/10/12,7.58,7.81,7.55,7.73,19785867,174214000.00
2021/10/13,7.71,7.77,7.58,7.65,9090200,79516000.00
2021/10/14,7.65,7.78,7.64,7.67,9874339,86831976.00
2021/10/15,7.67,7.82,7.63,7.72,12988249,114444968.00
2021/10/18,7.74,7.77,7.60,7.67,12452975,109057984.00
2021/10/19,7.65,7.75,7.64,7.68,12442774,109228072.00
2021/10/20,7.63,7.73,7.57,7.59,12452960,108483856.00
2021/10/21,7.66,7.92,7.60,7.88,22785741,202543696.00
2021/10/22,7.93,8.05,7.77,7.87,18173703,162620640.00
2021/10/25,7.81,7.86,7.67,7.80,15883906,140297744.00
2021/10/26,7.69,7.70,7.42,7.53,34903002,300532800.00
2021/10/27,7.49,7.49,7.12,7.15,30872975,257086032.00
2021/10/28,7.14,7.17,6.92,6.96,31770468,257251968.00
2021/10/29,6.99,7.03,6.93,6.97,20272678,163035968.00
2021/11/01,6.94,7.00,6.83,6.90,29667206,236811872.00
2021/11/02,6.92,6.98,6.66,6.72,35545718,280407968.00
2021/11/03,6.72,6.78,6.68,6.77,15316085,119731208.00
2021/11/04,6.78,6.78,6.68,6.73,15822034,123255432.00
2021/11/05,6.72,6.73,6.65,6.65,13937379,108146592.00
2021/11/08,6.65,6.71,6.61,6.69,12472638,96627344.00
2021/11/09,6.69,6.76,6.67,6.72,10417878,81264072.00
2021/11/10,6.72,6.74,6.65,6.71,10303140,79975472.00
2021/11/11,6.71,6.84,6.68,6.82,15312964,120304232.00
2021/11/12,6.87,6.87,6.75,6.78,13913213,109442552.00
2021/11/15,6.80,6.84,6.77,6.84,11313288,89289288.00
2021/11/16,6.86,6.88,6.79,6.82,9036966,71465272.00
2021/11/17,6.80,6.82,6.77,6.81,5716605,45045500.00
2021/11/18,6.80,6.85,6.76,6.79,8490520,66976800.00
2021/11/19,6.79,6.84,6.77,6.83,11750276,92597136.00
2021/11/22,6.83,6.83,6.74,6.75,10281375,80717552.00
2021/11/23,6.75,6.79,6.74,6.76,8126856,63808712.00
2021/11/24,6.78,6.81,6.74,6.79,7172491,56303824.00
2021/11/25,6.78,6.80,6.74,6.77,7435395,58393516.00
2021/11/26,6.78,6.78,6.74,6.78,7179720,56288196.00
2021/11/29,6.73,6.77,6.70,6.73,8010250,62590508.00
2021/11/30,6.74,6.77,6.71,6.74,20598840,161067792.00
2021/12/01,6.73,6.78,6.71,6.76,10465248,81953632.00
2021/12/02,6.75,6.80,6.72,6.79,11586876,90882272.00
2021/12/03,6.80,6.81,6.75,6.78,11856209,93135376.00
2021/12/06,6.81,6.87,6.75,6.76,18100956,142773840.00
2021/12/07,6.80,6.80,6.73,6.78,16768309,131711408.00
2021/12/08,6.79,6.79,6.73,6.77,13532537,106073576.00
2021/12/09,6.78,6.88,6.75,6.88,25524423,201743632.00
2021/12/10,6.83,6.87,6.80,6.82,16529060,130717208.00
2021/12/13,6.83,6.88,6.80,6.80,13624084,107901760.00
2021/12/14,6.81,6.81,6.75,6.76,11485712,90130784.00
2021/12/15,6.75,6.78,6.75,6.76,7266418,56966916.00
2021/12/16,6.75,6.78,6.75,6.77,13667900,107224256.00
2021/12/17,6.78,6.78,6.72,6.76,9125312,71481248.00
2021/12/20,6.74,6.75,6.70,6.73,10049155,78442896.00
2021/12/21,6.74,6.84,6.72,6.82,17231255,135814336.00
2021/12/22,6.83,6.83,6.77,6.82,12823788,101055504.00
2021/12/23,6.82,6.83,6.77,6.79,9915109,78121936.00
2021/12/24,6.78,6.79,6.73,6.76,9800529,76736136.00
2021/12/27,6.76,6.79,6.74,6.75,6952377,54519672.00
2021/12/28,6.75,6.77,6.73,6.76,8951078,70085080.00
2021/12/29,6.76,6.78,6.74,6.75,9667875,75771472.00
2021/12/30,6.76,6.77,6.72,6.74,11433856,89501104.00
2021/12/31,6.74,6.75,6.73,6.73,7336175,57376368.00
2022/01/04,6.73,6.79,6.72,6.79,12964666,101651432.00
2022/01/05,6.79,6.88,6.78,6.84,24372187,193164352.00
2022/01/06,6.83,6.86,6.81,6.81,10122354,80031056.00
2022/01/07,6.83,7.00,6.82,6.97,24863691,199071760.00
2022/01/10,7.05,7.10,6.94,7.00,19804036,159806784.00
2022/01/11,7.00,7.17,6.98,7.13,27764966,227087472.00
2022/01/12,7.14,7.18,7.04,7.09,17543834,143307472.00
2022/01/13,7.07,7.21,7.06,7.09,15868532,130281704.00
2022/01/14,7.08,7.13,6.92,6.93,17304295,139637072.00
2022/01/17,6.91,7.01,6.90,6.99,11940252,96150760.00
2022/01/18,6.99,7.09,6.97,7.07,15325340,124381928.00
2022/01/19,7.04,7.14,7.02,7.11,15646618,127861144.00
2022/01/20,7.14,7.19,7.05,7.12,25880226,212322784.00
2022/01/21,7.09,7.14,6.96,7.02,18363464,149043600.00
2022/01/24,6.98,7.16,6.93,7.03,21285066,172594736.00
2022/01/25,7.00,7.03,6.84,6.84,13748071,110159256.00
2022/01/26,6.87,6.93,6.84,6.87,10580797,84171000.00
2022/01/27,6.88,6.91,6.81,6.82,10821625,85792816.00
2022/01/28,6.83,6.85,6.77,6.77,12578462,99253992.00
2022/02/07,6.82,6.99,6.80,6.96,20800169,166172976.00
2022/02/08,6.95,7.20,6.95,7.14,23549450,192699904.00
2022/02/09,7.15,7.20,7.08,7.11,22092148,181306688.00
2022/02/10,7.12,7.16,7.08,7.14,13785098,113072960.00
2022/02/11,7.13,7.27,7.11,7.19,26794083,222002592.00
2022/02/14,7.17,7.19,7.02,7.03,23165527,189429088.00
2022/02/15,7.04,7.10,7.02,7.06,13297324,108296760.00
2022/02/16,7.09,7.16,7.06,7.09,12573695,102903416.00
2022/02/17,7.11,7.14,7.02,7.03,10291922,83768544.00
2022/02/18,7.00,7.18,6.99,7.18,15670619,128274760.00
2022/02/21,7.17,7.17,7.08,7.13,11385654,93289096.00
2022/02/22,7.08,7.11,7.04,7.09,10656746,86925040.00
2022/02/23,7.11,7.13,7.04,7.06,12555717,102198216.00
2022/02/24,7.04,7.05,6.84,6.90,19237413,154417344.00
2022/02/25,6.90,6.94,6.83,6.85,13199657,105046728.00
2022/02/28,6.85,6.87,6.78,6.86,9995707,78897624.00
2022/03/01,6.87,6.92,6.81,6.89,11833462,94005704.00
2022/03/02,6.85,6.92,6.82,6.87,8798865,70016896.00
2022/03/03,6.91,6.99,6.90,6.96,13092148,105114392.00
2022/03/04,6.94,6.94,6.83,6.90,10564926,84110160.00
2022/03/07,6.89,6.93,6.83,6.86,9964320,79257928.00
2022/03/08,6.85,6.86,6.59,6.60,20681445,161212608.00
2022/03/09,6.62,6.66,6.22,6.34,24775371,186426416.00
2022/03/10,6.47,6.50,6.39,6.42,12754909,96020552.00
2022/03/11,6.38,6.50,6.24,6.48,13393217,99655512.00
2022/03/14,6.40,6.49,6.34,6.34,12147797,91214792.00
2022/03/15,6.32,6.33,5.99,6.00,19629729,142367440.00
2022/03/16,6.05,6.27,5.94,6.22,16480810,118525488.00
2022/03/17,6.30,6.32,6.21,6.22,12022897,88302224.00
2022/03/18,6.20,6.39,6.18,6.37,11977300,88502376.00
2022/03/21,6.36,6.36,6.23,6.28,11438921,84380224.00
2022/03/22,6.25,6.45,6.24,6.36,10844483,80587744.00
2022/03/23,6.36,6.37,6.28,6.33,9065029,67167256.00
2022/03/24,6.29,6.35,6.25,6.26,9620700,70993024.00
2022/03/25,6.26,6.33,6.24,6.25,9421338,69297704.00
2022/03/28,6.21,6.43,6.14,6.35,14088812,104020816.00
2022/03/29,6.35,6.40,6.31,6.35,9068796,67407624.00
2022/03/30,6.37,6.45,6.33,6.44,11419059,85430312.00
2022/03/31,6.43,6.62,6.41,6.57,15659952,119437808.00
2022/04/01,6.47,6.76,6.43,6.74,25783334,199777168.00
2022/04/06,6.72,6.98,6.64,6.97,26897006,214020816.00
2022/04/07,6.94,7.04,6.77,6.79,23099825,184227696.00
2022/04/08,6.82,6.93,6.72,6.88,16507368,130607824.00
2022/04/11,6.86,6.86,6.66,6.67,16256979,127278640.00
2022/04/12,6.71,6.84,6.62,6.82,13436944,104895880.00
2022/04/13,6.80,6.84,6.71,6.74,11079809,86972440.00
2022/04/14,6.80,6.81,6.69,6.72,12559169,98052992.00
2022/04/15,6.67,6.87,6.66,6.85,15754321,123724616.00
2022/04/18,6.78,6.79,6.58,6.60,19040315,147191696.00
2022/04/19,6.62,6.81,6.56,6.78,17507653,136451776.00
2022/04/20,6.81,6.85,6.69,6.71,13195980,103292032.00
2022/04/21,6.70,6.78,6.52,6.54,14790158,114577032.00
2022/04/22,6.52,6.77,6.50,6.71,15781814,122495112.00
2022/04/25,6.63,6.72,6.30,6.35,21583041,164273120.00
2022/04/26,6.35,6.48,6.22,6.25,14202767,105721816.00
2022/04/27,6.21,6.29,6.07,6.28,19144372,139007168.00
2022/04/28,6.27,6.42,6.12,6.28,17357583,127565080.00
2022/04/29,6.27,6.41,6.16,6.35,21644018,159101776.00
2022/05/05,6.32,6.49,6.29,6.41,19096273,142865664.00
2022/05/06,6.32,6.36,6.22,6.23,12455609,91618864.00
2022/05/09,6.23,6.29,6.18,6.21,6371774,46534720.00
2022/05/10,6.16,6.28,6.09,6.24,12460139,90669192.00
2022/05/11,6.24,6.33,6.21,6.24,13153999,96787040.00
2022/05/12,6.23,6.28,6.19,6.23,8130819,59451868.00
2022/05/13,6.27,6.40,6.25,6.37,13918562,103560336.00
2022/05/16,6.41,6.42,6.31,6.41,10736278,79967168.00
2022/05/17,6.41,6.48,6.36,6.45,7986457,59916500.00
2022/05/18,6.46,6.47,6.37,6.38,8202898,61280296.00
2022/05/19,6.33,6.40,6.30,6.38,6951480,51700144.00
2022/05/20,6.38,6.50,6.37,6.46,7317874,55064096.00
2022/05/23,6.46,6.51,6.42,6.47,6609800,49821972.00
2022/05/24,6.47,6.48,6.24,6.27,12621325,93747680.00
2022/05/25,6.26,6.36,6.26,6.36,7486107,55386276.00
2022/05/26,6.37,6.45,6.32,6.44,8686552,64911600.00
2022/05/27,6.44,6.48,6.41,6.43,7629486,57372704.00
2022/05/30,6.46,6.51,6.43,6.51,9484621,71700568.00
2022/05/31,6.50,6.55,6.44,6.54,12373361,93869520.00
2022/06/01,6.54,6.55,6.48,6.53,7454940,56583224.00
2022/06/02,6.49,6.59,6.48,6.57,11294120,86079232.00
2022/06/06,6.56,6.65,6.54,6.62,14786751,113663368.00
2022/06/07,6.65,6.75,6.60,6.71,12154289,94386040.00
2022/06/08,6.73,6.74,6.66,6.72,7954417,61841304.00
2022/06/09,6.72,6.84,6.71,6.80,16129987,126750632.00
2022/06/10,6.78,6.92,6.73,6.87,28264625,224070944.00
2022/06/13,6.82,6.86,6.71,6.80,12390965,97322320.00
2022/06/14,6.75,6.96,6.73,6.94,15399234,121765200.00
2022/06/15,6.94,7.10,6.89,6.91,22907023,185051440.00
2022/06/16,6.96,6.97,6.88,6.89,12215426,97750848.00
2022/06/17,6.93,6.94,6.82,6.88,13856875,110268120.00
2022/06/20,6.89,6.90,6.72,6.76,12665991,99555360.00
2022/06/21,6.80,6.84,6.69,6.76,8171738,64092632.00
2022/06/22,6.78,6.78,6.66,6.69,6848220,53331208.00
2022/06/23,6.74,6.77,6.68,6.74,8633236,67415912.00
2022/06/24,6.78,6.79,6.67,6.73,11391654,88964552.00
2022/06/27,6.71,6.80,6.71,6.73,8313075,65166740.00
2022/06/28,6.74,6.87,6.72,6.85,8879550,70129464.00
2022/06/29,6.87,6.94,6.83,6.86,7528503,59905220.00
2022/06/30,6.86,6.90,6.79,6.85,7523623,59678264.00
2022/07/01,6.83,6.88,6.79,6.80,6716327,53051176.00
2022/07/04,6.81,6.81,6.73,6.75,7465197,58537348.00
2022/07/05,6.78,6.86,6.74,6.79,7251241,57151400.00
2022/07/06,6.77,6.79,6.67,6.69,7211198,56129644.00
2022/07/07,6.72,6.84,6.63,6.76,9429596,74213080.00
2022/07/08,6.82,6.83,6.75,6.76,6144401,48283496.00
2022/07/11,6.77,6.82,6.74,6.76,6895970,54147704.00
2022/07/12,6.76,6.89,6.75,6.81,9130275,72207664.00
2022/07/13,6.82,6.84,6.59,6.60,13731675,106249096.00
2022/07/14,6.56,6.61,6.43,6.47,11889954,89832632.00
2022/07/15,6.50,6.56,6.44,6.44,8223224,62369776.00
2022/07/18,6.45,6.64,6.44,6.58,9695038,74300784.00
2022/07/19,6.62,6.71,6.56,6.62,8820116,67988000.00
2022/07/20,6.65,6.68,6.58,6.62,6141760,47269628.00
2022/07/21,6.60,6.61,6.47,6.47,9783600,74189184.00
2022/07/22,6.50,6.56,6.44,6.48,7020316,53184360.00
2022/07/25,6.47,6.48,6.39,6.40,7566898,56821860.00
2022/07/26,6.40,6.45,6.37,6.43,11095251,83061952.00
2022/07/27,6.43,6.46,6.38,6.40,7572472,56670240.00
2022/07/28,6.41,6.46,6.39,6.40,7865978,59004076.00
2022/07/29,6.42,6.45,6.29,6.32,12683591,94335824.00
2022/08/01,6.30,6.36,6.27,6.35,13546198,100118264.00
2022/08/02,6.27,6.31,6.11,6.19,17133160,118634464.00
2022/08/03,6.16,6.27,6.05,6.07,9774549,67397304.00
2022/08/04,6.14,6.14,6.06,6.10,8900236,60682228.00
2022/08/05,6.10,6.18,6.07,6.17,9214006,63100664.00
2022/08/08,6.20,6.24,6.15,6.21,10287182,71402240.00
2022/08/09,6.20,6.26,6.15,6.23,8497858,59015728.00
2022/08/10,6.26,6.26,6.14,6.16,5775290,39928136.00
2022/08/11,6.17,6.26,6.16,6.26,7401585,51507060.00
2022/08/12,6.26,6.28,6.22,6.27,5031084,35126704.00
2022/08/15,6.25,6.30,6.22,6.23,7345274,51292544.00
2022/08/16,6.22,6.25,6.21,6.21,4765380,33137652.00
2022/08/17,6.22,6.27,6.19,6.26,6454304,44942976.00
2022/08/18,6.24,6.25,6.18,6.19,4781200,33163640.00
2022/08/19,6.17,6.23,6.17,6.19,6006135,41607332.00
2022/08/22,6.17,6.25,6.16,6.21,8261415,57362572.00
2022/08/23,6.18,6.21,6.14,6.20,6273388,43302436.00
2022/08/24,6.20,6.26,6.12,6.13,8392461,58023364.00
2022/08/25,6.17,6.20,6.13,6.19,5850037,40331004.00
2022/08/26,6.21,6.24,6.17,6.21,6518286,45247024.00
2022/08/29,6.17,6.26,6.13,6.21,9728618,67406184.00
2022/08/30,6.13,6.20,6.05,6.11,19779374,135209472.00
2022/08/31,6.11,6.15,6.08,6.09,18566915,127091472.00
2022/09/01,6.09,6.12,5.98,5.99,19993286,135812048.00
2022/09/02,6.00,6.03,5.96,5.98,14670667,98619624.00
2022/09/05,6.00,6.03,5.95,6.01,11759814,79027488.00
2022/09/06,6.01,6.09,6.00,6.04,11098651,75117968.00
2022/09/07,6.03,6.04,5.99,6.01,8415774,56719212.00
2022/09/08,6.03,6.06,6.00,6.05,9395485,63564528.00
2022/09/09,6.05,6.13,6.02,6.11,12749782,87126800.00
2022/09/13,6.11,6.15,6.08,6.09,9782733,66915168.00
2022/09/14,6.05,6.08,6.02,6.05,7395990,50151552.00
2022/09/15,6.09,6.18,6.08,6.11,20139552,138312320.00
2022/09/16,6.13,6.14,5.90,5.93,15699708,105873368.00
2022/09/19,5.93,5.96,5.85,5.87,10431237,69021880.00
2022/09/20,5.89,5.92,5.83,5.84,11790039,77709008.00
2022/09/21,5.83,5.92,5.77,5.91,8943036,58881676.00
2022/09/22,5.88,5.96,5.86,5.95,12455740,82903088.00
2022/09/23,5.93,6.18,5.92,6.17,25491061,173885104.00
2022/09/26,6.09,6.17,6.00,6.01,19805542,134582480.00
2022/09/27,6.01,6.06,5.94,6.01,11007744,73909632.00
2022/09/28,5.98,6.07,5.94,5.98,12521248,84169024.00
2022/09/29,6.01,6.05,5.88,5.93,9444039,63340288.00
2022/09/30,5.90,5.98,5.85,5.89,11311254,75070480.00
2022/10/10,5.88,5.98,5.85,5.86,11069482,73469288.00
2022/10/11,5.87,5.94,5.84,5.87,11667579,77090848.00
2022/10/12,5.88,6.02,5.84,6.00,11388092,75974128.00
2022/10/13,6.01,6.02,5.89,5.93,11986918,79797408.00
2022/10/14,5.97,6.03,5.95,5.99,10327506,69512368.00
2022/10/17,5.96,6.07,5.94,6.03,9553219,64495872.00
2022/10/18,6.06,6.10,6.01,6.03,9131705,61943516.00
2022/10/19,6.01,6.04,5.95,5.96,7009160,47044836.00
2022/10/20,5.94,5.98,5.90,5.92,6286143,41862724.00
2022/10/21,5.93,5.94,5.85,5.86,7423248,49194052.00
2022/10/24,5.87,5.92,5.68,5.69,15824245,102983200.00
2022/10/25,5.69,5.72,5.59,5.67,11094172,70665944.00
2022/10/26,5.65,5.75,5.63,5.64,7906524,50683440.00
2022/10/27,5.65,5.70,5.60,5.61,11194175,71447000.00
2022/10/28,5.60,5.64,5.50,5.50,10961590,68894128.00
2022/10/31,5.52,5.77,5.52,5.71,18938072,121145520.00
2022/11/01,5.67,5.89,5.67,5.86,15169165,98958096.00
2022/11/02,5.84,5.88,5.78,5.87,9640730,63242952.00
2022/11/03,5.82,5.86,5.73,5.76,9265695,60326228.00
2022/11/04,5.76,5.86,5.75,5.84,9923721,65004648.00
2022/11/07,5.78,5.85,5.77,5.81,9772983,63822092.00
2022/11/08,5.81,5.82,5.76,5.80,4568367,29756116.00
2022/11/09,5.80,5.86,5.79,5.80,6767629,44383184.00
2022/11/10,5.80,5.82,5.77,5.81,6014468,39254372.00
2022/11/11,5.90,6.00,5.83,5.93,25447257,168722464.00
2022/11/14,5.94,6.04,5.93,5.98,17535149,117755336.00
2022/11/15,5.95,6.04,5.93,6.00,12751306,85760704.00
2022/11/16,6.01,6.01,5.91,5.93,9710682,64749556.00
2022/11/17,5.93,5.94,5.88,5.92,5729858,38059360.00
2022/11/18,5.93,5.94,5.88,5.92,8194082,54399344.00
2022/11/21,5.88,5.89,5.80,5.87,10133659,66632952.00
2022/11/22,5.88,5.99,5.84,5.96,12888134,85808704.00
2022/11/23,5.96,6.10,5.93,6.01,20471752,138490864.00
2022/11/24,6.04,6.07,5.95,6.00,12750825,85750680.00
2022/11/25,5.99,6.16,5.99,6.15,22966866,157071104.00
2022/11/28,6.07,6.08,5.95,6.02,16624971,111805416.00
2022/11/29,6.03,6.27,6.02,6.20,31531532,217764704.00
2022/11/30,6.21,6.27,6.17,6.18,22893537,159133616.00
2022/12/01,6.22,6.29,6.14,6.14,15969737,110666120.00
2022/12/02,6.16,6.19,6.09,6.15,10099466,69308656.00
2022/12/05,6.17,6.29,6.17,6.28,18266441,127620800.00
2022/12/06,6.26,6.29,6.23,6.28,10916567,76354888.00
2022/12/07,6.27,6.32,6.17,6.21,14986133,104226664.00
2022/12/08,6.19,6.27,6.16,6.23,11115359,77304224.00
2022/12/09,6.22,6.32,6.21,6.24,16439994,114955760.00
2022/12/12,6.22,6.25,6.08,6.10,18631486,128009776.00
2022/12/13,6.10,6.19,6.10,6.17,10922195,75213864.00
2022/12/14,6.18,6.19,6.09,6.15,7787200,53455928.00
2022/12/15,6.12,6.14,6.03,6.03,10250392,69642912.00
2022/12/16,6.01,6.13,6.01,6.12,8262780,56376588.00
2022/12/19,6.12,6.14,5.94,5.97,8861524,59890132.00
2022/12/20,5.96,5.99,5.89,5.92,8162896,54437372.00
2022/12/21,5.93,5.99,5.89,5.95,7494077,50029860.00
2022/12/22,5.97,6.00,5.84,5.88,7291523,48510808.00
2022/12/23,5.83,5.92,5.82,5.85,6189114,40761212.00
2022/12/26,5.85,5.88,5.79,5.83,7317600,47999968.00
2022/12/27,5.85,5.93,5.85,5.89,9415140,62471160.00
2022/12/28,5.89,6.00,5.85,5.99,9900553,66204480.00
2022/12/29,5.97,6.05,5.90,6.02,9485056,63821240.00
2022/12/30,6.02,6.07,5.98,6.03,6417574,43381736.00
2023/01/03,6.02,6.03,5.96,6.02,11162710,75139944.00
2023/01/04,6.01,6.14,6.00,6.13,12792320,87363608.00
2023/01/05,6.14,6.21,6.12,6.14,9991142,68816736.00
2023/01/06,6.12,6.16,6.09,6.13,7617731,52220920.00
2023/01/09,6.16,6.18,6.11,6.12,7634884,52492056.00
2023/01/10,6.12,6.15,6.07,6.09,5990555,40988256.00
2023/01/11,6.10,6.15,6.07,6.12,6670416,45710832.00
2023/01/12,6.12,6.15,6.07,6.10,5776000,39490780.00
2023/01/13,6.12,6.19,6.09,6.19,8218200,56563928.00
2023/01/16,6.22,6.28,6.18,6.19,10902573,75921640.00
2023/01/17,6.21,6.21,6.13,6.16,7093719,48873636.00
2023/01/18,6.14,6.21,6.14,6.19,5316257,36699392.00
2023/01/19,6.17,6.22,6.13,6.21,5387444,37191616.00
2023/01/20,6.21,6.22,6.12,6.21,11307961,78073592.00
2023/01/30,6.25,6.27,6.16,6.17,11081756,77022680.00
2023/01/31,6.16,6.21,6.13,6.13,9179507,63243040.00
2023/02/01,6.15,6.17,6.11,6.15,10980791,75441808.00
2023/02/02,6.15,6.17,6.12,6.14,9554243,65693556.00
2023/02/03,6.13,6.14,6.08,6.11,8250136,56394952.00
2023/02/06,6.10,6.19,6.04,6.17,11100043,76178744.00
2023/02/07,6.18,6.18,6.10,6.14,10094252,69280048.00
2023/02/08,6.15,6.16,6.10,6.10,8274427,56652400.00
2023/02/09,6.10,6.22,6.08,6.21,16501006,114109832.00
2023/02/10,6.19,6.72,6.18,6.64,51126516,368056064.00
2023/02/13,6.69,6.70,6.47,6.53,34227903,249269088.00
2023/02/14,6.57,6.97,6.55,6.79,50386410,379944128.00
2023/02/15,6.79,6.96,6.74,6.88,32948441,250613008.00
2023/02/16,6.87,7.19,6.85,7.06,40162396,313921824.00
2023/02/17,6.95,7.17,6.92,7.09,32283925,253077072.00
2023/02/20,7.09,7.21,6.96,7.08,21755200,169571568.00
2023/02/21,7.05,7.33,7.03,7.28,28599462,227270224.00
2023/02/22,7.28,7.36,7.22,7.32,15635711,125798784.00
2023/02/23,7.30,7.65,7.29,7.40,25928591,212266992.00
2023/02/24,7.40,7.44,7.22,7.38,17446169,140337664.00
2023/02/27,7.35,7.53,7.28,7.38,12987180,105834264.00
2023/02/28,7.37,7.42,7.25,7.32,12191979,97960600.00
2023/03/01,7.32,7.39,7.27,7.33,14923116,120139120.00
2023/03/02,7.30,7.40,7.30,7.37,10391641,84021280.00
2023/03/03,7.37,7.44,7.31,7.41,14510837,117883688.00
2023/03/06,7.43,7.51,7.32,7.37,20034647,162940016.00
2023/03/07,7.39,7.52,7.27,7.29,11405827,92759616.00
2023/03/08,7.27,7.36,7.15,7.26,13969971,110987048.00
2023/03/09,7.26,7.32,7.20,7.21,9603349,76757088.00
2023/03/10,7.22,7.29,7.17,7.24,9321927,74165192.00
2023/03/13,7.20,7.23,7.07,7.17,12650977,99650872.00
2023/03/14,7.08,7.15,6.99,7.03,19700281,153385056.00
2023/03/15,7.11,7.32,7.07,7.29,19130241,152455680.00
2023/03/16,7.22,7.68,7.22,7.38,26702687,219188576.00
2023/03/17,7.35,7.43,7.23,7.25,23426148,188026272.00
2023/03/20,7.22,7.32,7.15,7.17,17993510,143048768.00
2023/03/21,7.21,7.38,7.14,7.33,14024880,112370888.00
2023/03/22,7.34,7.41,7.28,7.36,13930880,112736648.00
2023/03/23,7.36,7.42,7.28,7.37,13398139,108076504.00
2023/03/24,7.36,7.45,7.34,7.42,10917022,88870960.00
2023/03/27,7.41,7.44,7.23,7.33,17959526,144378880.00
2023/03/28,7.36,7.39,7.28,7.32,6211518,50106336.00
2023/03/29,7.30,7.37,7.29,7.29,6574502,52926688.00
2023/03/30,7.31,7.38,7.23,7.36,9265427,74442216.00
2023/03/31,7.39,7.39,7.17,7.18,8447848,67278160.00
2023/04/03,7.22,7.30,7.15,7.22,12904398,102871392.00
2023/04/04,7.23,7.27,7.13,7.17,7411508,58721136.00
2023/04/06,7.15,7.19,7.01,7.01,6872038,53637800.00
2023/04/07,7.04,7.04,6.89,6.93,8704400,66877092.00
2023/04/10,6.95,6.97,6.83,6.88,13598382,103707504.00
2023/04/11,6.90,6.92,6.78,6.82,12570054,94953216.00
2023/04/12,6.86,6.89,6.75,6.80,9795027,73727792.00
2023/04/13,6.81,6.90,6.75,6.83,15359327,115920984.00
2023/04/14,6.86,7.11,6.83,7.02,15390872,118943408.00
2023/04/17,6.98,7.35,6.97,7.29,18918806,149742176.00
2023/04/18,7.35,7.69,7.28,7.65,26918824,224344272.00
2023/04/19,7.65,7.67,7.50,7.55,16281736,134783232.00
2023/04/20,7.53,7.55,7.33,7.47,10453451,85318416.00
2023/04/21,7.47,7.51,7.30,7.33,13904000,112637720.00
2023/04/24,7.30,7.40,7.23,7.28,8861768,71175824.00
2023/04/25,7.19,7.75,7.19,7.70,36321916,302765696.00
2023/04/26,7.64,7.66,7.25,7.40,21750738,176040720.00
2023/04/27,7.46,7.71,7.39,7.63,22396687,185827936.00
2023/04/28,7.60,7.66,7.43,7.46,17542263,144418848.00
2023/05/04,7.39,7.67,7.36,7.65,16502477,137204720.00
2023/05/05,7.64,8.02,7.59,7.70,30959805,264592032.00
2023/05/08,7.70,7.99,7.53,7.82,35600400,304830304.00
2023/05/09,7.81,8.01,7.52,7.64,31471678,266706016.00
2023/05/10,7.57,7.70,7.37,7.48,19827800,163276688.00
2023/05/11,7.48,7.90,7.44,7.65,25195828,213292944.00
2023/05/12,7.58,7.84,7.54,7.61,15749009,132123752.00
2023/05/15,7.57,7.81,7.40,7.78,22442876,186881616.00
2023/05/16,7.77,8.20,7.73,7.83,30288032,262910272.00
2023/05/17,7.89,7.91,7.67,7.83,16479580,140269056.00
2023/05/18,7.84,8.17,7.79,7.96,23156568,202606800.00
2023/05/19,7.89,7.93,7.71,7.75,15744208,133919032.00
2023/05/22,7.72,7.91,7.68,7.77,12036937,102659400.00
2023/05/23,7.81,7.88,7.64,7.65,12730772,107722568.00
2023/05/24,7.71,7.71,7.34,7.38,14326533,117484232.00
2023/05/25,7.36,7.42,7.19,7.24,10131242,81138384.00
2023/05/26,7.24,7.32,7.14,7.29,9625006,76772208.00
2023/05/29,7.32,7.45,7.24,7.28,8455316,68219608.00
2023/05/30,7.31,7.41,7.22,7.38,7511883,60494532.00
2023/05/31,7.38,7.38,7.20,7.29,7715951,61710560.00
2023/06/01,7.24,7.32,7.14,7.19,11740154,93180320.00
2023/06/02,7.21,7.47,7.20,7.37,9813764,79440192.00
2023/06/05,7.37,7.52,7.34,7.41,5023984,41020540.00
2023/06/06,7.43,7.58,7.40,7.47,8219691,67671536.00
2023/06/07,7.52,7.62,7.45,7.56,6288716,52138668.00
2023/06/08,7.58,7.66,7.47,7.64,6775500,56275564.00
2023/06/09,7.66,7.80,7.57,7.76,13284246,112482944.00
2023/06/12,7.76,7.76,7.54,7.60,10060003,83798472.00
2023/06/13,7.61,7.70,7.57,7.59,5310599,44366976.00
2023/06/14,7.56,7.67,7.46,7.48,5278594,43650188.00
2023/06/15,7.52,7.56,7.40,7.45,4974631,40715212.00
2023/06/16,7.47,7.49,7.34,7.34,7273100,59153972.00
2023/06/19,7.33,7.35,7.13,7.13,11803995,93343256.00
2023/06/20,7.14,7.20,7.07,7.08,8220380,64483516.00
2023/06/21,7.08,7.10,6.98,7.00,9715700,75429536.00
2023/06/26,7.00,7.01,6.83,6.90,11980210,91364152.00
2023/06/27,6.91,6.99,6.87,6.96,9242780,70937064.00
2023/06/28,6.96,7.05,6.94,7.01,5955991,46013512.00
2023/06/29,7.02,7.03,6.89,6.96,4766173,36712856.00
2023/06/30,6.94,7.06,6.94,7.03,5207750,40336988.00
2023/07/03,7.02,7.25,7.02,7.23,9458562,74895232.00
2023/07/04,7.25,7.25,7.02,7.05,11205039,87695216.00
2023/07/05,7.06,7.09,6.97,6.98,7103400,54984928.00
2023/07/06,6.96,7.01,6.88,6.89,8157400,62404168.00
2023/07/07,6.89,6.97,6.87,6.92,4313123,33021224.00
2023/07/10,6.96,6.98,6.91,6.92,4917200,37757808.00
2023/07/11,6.94,6.99,6.90,6.95,5378000,41242996.00
2023/07/12,6.95,7.02,6.92,6.95,5217421,40202052.00
2023/07/13,6.97,7.11,6.97,7.09,7393200,57668408.00
2023/07/14,7.11,7.12,7.04,7.07,4432600,34638004.00
2023/07/17,7.07,7.17,7.05,7.16,6410769,50174236.00
2023/07/18,7.17,7.24,7.12,7.23,7171434,56826832.00
2023/07/19,7.23,7.25,7.17,7.22,5232346,41518776.00
2023/07/20,7.23,7.29,7.21,7.24,11187632,89263440.00
2023/07/21,7.21,7.27,7.10,7.23,8757341,66536988.00
2023/07/24,7.21,7.40,7.18,7.33,9336274,71760192.00
2023/07/25,7.40,7.52,7.36,7.51,9178650,72141072.00
2023/07/26,7.50,7.56,7.43,7.55,6639932,52280588.00
2023/07/27,7.54,7.58,7.46,7.50,11440318,90496328.00
2023/07/28,7.45,7.77,7.45,7.74,11331737,91117608.00
2023/07/31,7.74,7.87,7.73,7.84,14859170,121529280.00
2023/08/01,7.82,7.90,7.74,7.79,11785678,96411152.00
2023/08/02,7.77,7.77,7.65,7.69,12211347,98597992.00
2023/08/03,7.71,7.86,7.64,7.83,11480434,93407552.00
2023/08/04,7.90,8.07,7.84,7.95,18389403,153776256.00
2023/08/07,7.92,8.04,7.86,7.95,10281820,85590008.00
2023/08/08,7.89,7.97,7.82,7.94,8243200,68219616.00
2023/08/09,7.94,7.99,7.84,7.94,7182228,59680580.00
2023/08/10,7.93,7.93,7.82,7.86,6991494,57603744.00
2023/08/11,7.92,7.92,7.71,7.75,6460898,52807588.00
2023/08/14,7.69,7.74,7.63,7.65,8445602,68018208.00
2023/08/15,7.66,7.76,7.62,7.74,5277708,42607644.00
2023/08/16,7.74,7.90,7.66,7.88,8790612,72192512.00
2023/08/17,7.83,7.86,7.71,7.75,8723964,71072384.00
2023/08/18,7.73,7.97,7.73,7.89,13684771,113423408.00
2023/08/21,7.93,7.98,7.72,7.77,8854915,72642792.00
2023/08/22,7.81,7.96,7.81,7.90,8834499,73097696.00
2023/08/23,7.87,7.99,7.81,7.82,4494682,37156620.00
2023/08/24,7.82,7.91,7.76,7.80,8093992,66336688.00
2023/08/25,7.81,8.03,7.81,7.97,12420889,103513744.00
2023/08/28,8.60,8.60,7.95,8.00,17045860,145022640.00
2023/08/29,8.00,8.09,7.82,8.02,22102259,184095632.00
2023/08/30,8.02,8.03,7.81,7.81,17685160,146143984.00
2023/08/31,7.84,7.96,7.72,7.75,9248272,75551624.00
2023/09/01,7.84,7.87,7.75,7.82,6338335,52005104.00
2023/09/04,7.82,7.97,7.80,7.83,9161797,75791200.00
2023/09/05,7.83,7.86,7.75,7.75,7880737,64294568.00
2023/09/06,7.75,7.84,7.73,7.82,4774713,39038816.00
2023/09/07,7.83,7.90,7.79,7.84,5957127,49105328.00
2023/09/08,7.79,7.89,7.78,7.80,6248500,51285828.00
2023/09/11,7.82,7.91,7.79,7.80,8707300,71643688.00
2023/09/12,7.79,7.82,7.71,7.74,6417996,52101576.00
2023/09/13,7.76,7.83,7.72,7.80,6515747,53253380.00
2023/09/14,7.84,7.91,7.80,7.89,8918000,73690464.00
2023/09/15,7.90,7.97,7.81,7.85,7821464,64682556.00
2023/09/18,7.87,7.88,7.70,7.84,10326396,84199680.00
2023/09/19,7.80,7.85,7.61,7.68,15746669,126984416.00
2023/09/20,7.69,7.79,7.64,7.78,15484064,125535304.00
2023/09/21,7.79,7.88,7.73,7.82,11572246,94830128.00
2023/09/22,7.82,7.92,7.71,7.80,17861575,145556912.00
2023/09/25,7.80,7.85,7.71,7.79,15304335,125063752.00
2023/09/26,7.82,7.87,7.77,7.79,7599489,62283396.00
2023/09/27,7.84,7.94,7.77,7.81,14701665,120765760.00
2023/09/28,7.80,7.87,7.78,7.81,10513264,86226208.00
2023/10/09,7.76,7.80,7.67,7.71,11775452,95431120.00
2023/10/10,7.72,7.74,7.51,7.57,16111400,128441880.00
2023/10/11,7.54,7.75,7.54,7.69,13529549,109213800.00
2023/10/12,7.78,7.85,7.71,7.77,11711844,95430688.00
2023/10/13,7.71,7.78,7.63,7.74,7473016,60551264.00
2023/10/16,7.74,7.80,7.69,7.79,9022728,73270608.00
2023/10/17,7.81,7.82,7.75,7.78,7921082,64628148.00
2023/10/18,7.78,7.83,7.71,7.72,6063555,49443628.00
2023/10/19,7.75,7.75,7.59,7.64,7807912,62874088.00
2023/10/20,7.63,7.69,7.57,7.64,5989637,47948936.00
2023/10/23,7.61,7.64,7.42,7.44,8075200,63891656.00
2023/10/24,7.51,7.52,7.21,7.32,14272979,109801496.00
2023/10/25,7.34,7.40,7.27,7.29,9380994,72197960.00
2023/10/26,7.29,7.47,7.24,7.41,8806010,68472608.00
2023/10/27,7.38,7.43,7.09,7.17,22003780,166698400.00
2023/10/30,7.16,7.16,6.96,6.98,21017945,155439440.00
2023/10/31,6.99,7.01,6.86,6.97,14009728,102586544.00
2023/11/01,6.98,6.99,6.90,6.92,11035003,80721952.00
2023/11/02,6.92,7.02,6.90,6.98,12614400,92732536.00
2023/11/03,6.98,7.03,6.94,6.96,12680497,93316096.00
2023/11/06,6.97,6.99,6.89,6.95,17341958,126733096.00
2023/11/07,6.93,6.93,6.87,6.87,12279700,89205008.00
2023/11/08,6.88,6.88,6.82,6.85,9333200,67427192.00
2023/11/09,6.85,6.88,6.82,6.82,10984710,79288592.00
2023/11/10,6.83,6.83,6.68,6.71,14605628,103862192.00
2023/11/13,6.71,6.73,6.62,6.69,16999839,119729312.00
2023/11/14,6.66,6.73,6.66,6.71,9733566,68957464.00
2023/11/15,6.75,6.76,6.70,6.73,10918706,77637400.00
2023/11/16,6.73,6.74,6.67,6.68,8548300,60443872.00
2023/11/17,6.67,6.68,6.60,6.64,11053700,77468768.00
2023/11/20,6.64,6.66,6.57,6.61,20741718,144616384.00
2023/11/21,6.60,6.64,6.58,6.61,15900700,111330344.00
2023/11/22,6.60,6.67,6.59,6.61,14688240,103026840.00
2023/11/23,6.61,6.66,6.58,6.64,14733190,103006256.00
2023/11/24,6.63,6.66,6.61,6.65,11049900,77599808.00
2023/11/27,6.66,6.67,6.58,6.63,17508024,122547960.00
2023/11/28,6.62,6.64,6.51,6.52,19596496,136034576.00
2023/11/29,6.52,6.54,6.40,6.44,15438500,105452352.00
2023/11/30,6.44,6.48,6.39,6.41,14282671,97254192.00
2023/12/01,6.43,6.48,6.42,6.46,12465216,85216704.00
2023/12/04,6.45,6.51,6.45,6.49,10696817,73473104.00
2023/12/05,6.48,6.50,6.40,6.41,10055301,68682168.00
2023/12/06,6.40,6.45,6.28,6.38,14997880,101536688.00
2023/12/07,6.38,6.42,6.32,6.38,20222856,136628800.00
2023/12/08,6.38,6.40,6.32,6.33,25041458,168689328.00
2023/12/11,6.31,6.42,6.21,6.40,26463287,176961296.00
2023/12/12,6.39,6.45,6.35,6.45,10657300,72516016.00
2023/12/13,6.43,6.45,6.35,6.36,12885200,87280056.00
2023/12/14,6.37,6.40,6.33,6.33,8038600,54165912.00
2023/12/15,6.33,6.40,6.30,6.30,10211806,68657616.00
2023/12/18,6.29,6.33,6.22,6.24,12086003,80374464.00
2023/12/19,6.23,6.26,6.17,6.22,13080067,86122648.00
2023/12/20,6.22,6.24,6.18,6.20,12652500,83382120.00
2023/12/21,6.17,6.21,6.09,6.19,14736229,96321280.00
2023/12/22,6.21,6.26,6.18,6.21,14366000,94813584.00
2023/12/25,6.20,6.24,6.16,6.19,9304100,61193136.00
2023/12/26,6.17,6.22,6.16,6.18,7347400,48212908.00
2023/12/27,6.17,6.26,6.15,6.25,8571517,56386264.00
2023/12/28,6.23,6.43,6.22,6.38,18610900,125374456.00
2023/12/29,6.40,6.46,6.34,6.44,13926900,94512272.00
2024/01/02,6.43,6.47,6.38,6.38,11984316,81535472.00
2024/01/03,6.36,6.46,6.36,6.44,11162619,75875232.00
2024/01/04,6.44,6.48,6.39,6.44,10953400,74523864.00
2024/01/05,6.44,6.63,6.41,6.52,23421057,162201232.00
2024/01/08,6.50,6.54,6.42,6.43,14038200,96043776.00
2024/01/09,6.44,6.52,6.35,6.49,14042900,95948048.00
2024/01/10,6.48,6.51,6.44,6.49,9194532,63094032.00
2024/01/11,6.47,6.55,6.44,6.49,13883584,95560176.00
2024/01/12,6.49,6.62,6.47,6.56,14630924,101583744.00
2024/01/15,6.58,6.71,6.56,6.70,20862118,146756128.00
2024/01/16,6.69,6.87,6.67,6.80,26983000,193093808.00
2024/01/17,6.78,6.84,6.69,6.70,25026800,179143152.00
2024/01/18,6.63,6.68,6.48,6.67,24788386,172659776.00
2024/01/19,6.65,6.70,6.60,6.66,14560932,102357632.00
2024/01/22,6.71,6.83,6.52,6.56,27863242,197330672.00
2024/01/23,6.53,6.61,6.42,6.57,23380742,161490544.00
2024/01/24,6.60,6.72,6.53,6.70,19957893,140017792.00
2024/01/25,6.71,6.79,6.69,6.78,23642795,168300480.00
2024/01/26,6.78,6.99,6.77,6.93,27450553,199904768.00
2024/01/29,6.96,7.04,6.89,6.92,25053874,183904768.00
2024/01/30,6.89,6.93,6.76,6.78,21766592,157279056.00
2024/01/31,6.78,6.89,6.74,6.78,18424019,132524104.00
2024/02/01,6.77,6.88,6.73,6.78,19365683,139246192.00
2024/02/02,6.80,6.92,6.52,6.75,27292454,195501200.00
2024/02/05,6.72,6.86,6.58,6.76,38387153,273038176.00
2024/02/06,6.72,7.04,6.68,7.02,37842855,274160352.00
2024/02/07,6.97,7.47,6.96,7.41,54008458,409417568.00
2024/02/08,7.34,7.74,7.32,7.37,48048702,382397536.00
2024/02/19,7.44,7.44,7.20,7.26,38597701,294573728.00
2024/02/20,7.23,7.34,7.21,7.33,25483364,195136944.00
2024/02/21,7.28,7.66,7.26,7.47,31955889,251500432.00
2024/02/22,7.45,7.51,7.39,7.49,22526673,176237648.00
2024/02/23,7.46,7.62,7.44,7.47,21604212,169972784.00
2024/02/26,7.43,7.44,7.25,7.26,22990940,177127184.00
2024/02/27,7.24,7.33,7.21,7.32,15206398,116382864.00
2024/02/28,7.29,7.39,7.24,7.29,20137600,155044848.00
2024/02/29,7.29,7.41,7.26,7.41,19467100,150426800.00
2024/03/01,7.39,7.41,7.30,7.32,13130100,101408568.00
2024/03/04,7.30,7.33,7.15,7.18,17221406,130609896.00
2024/03/05,7.17,7.35,7.16,7.33,17701416,135784032.00
2024/03/06,7.32,7.38,7.26,7.27,13714301,105489112.00
2024/03/07,7.27,7.41,7.27,7.31,18668802,144309504.00
2024/03/08,7.29,7.39,7.27,7.38,18065997,139143696.00
2024/03/11,7.37,7.42,7.29,7.36,17545750,135396064.00
2024/03/12,7.35,7.35,7.23,7.26,18085263,138731936.00
2024/03/13,7.25,7.28,7.12,7.16,14703383,110946336.00
2024/03/14,7.13,7.25,7.13,7.17,18042836,136831232.00
2024/03/15,7.21,7.35,7.20,7.34,23022647,176564272.00
2024/03/18,7.31,7.35,7.26,7.33,14711282,112812640.00
2024/03/19,7.32,7.33,7.23,7.23,10759000,82249872.00
2024/03/20,7.26,7.31,7.20,7.29,11313250,86554640.00
2024/03/21,7.28,7.41,7.26,7.39,18619983,143907248.00
2024/03/22,7.37,7.39,7.24,7.28,18150721,139441920.00
2024/03/25,7.24,7.41,7.24,7.38,20085306,155021728.00
2024/03/26,7.38,7.46,7.35,7.45,20354318,158591712.00
2024/03/27,7.42,7.53,7.42,7.47,17911650,140835664.00
2024/03/28,7.45,7.46,7.30,7.33,22422834,173456288.00
2024/03/29,7.30,7.39,7.30,7.37,14653263,113445528.00
2024/04/01,7.40,7.47,7.38,7.45,15204319,118695312.00
2024/04/02,7.43,7.55,7.42,7.52,14266318,112593728.00
2024/04/03,7.56,7.57,7.44,7.51,13449534,106089424.00
2024/04/08,7.49,7.63,7.42,7.59,18940911,150326608.00
2024/04/09,7.58,7.66,7.54,7.55,10756945,85585424.00
2024/04/10,7.54,7.62,7.49,7.53,14174663,112567456.00
2024/04/11,7.48,7.55,7.43,7.51,15806200,124508960.00
2024/04/12,7.48,7.55,7.42,7.43,11540526,90615840.00
2024/04/15,7.43,7.61,7.40,7.59,20467847,162060704.00
2024/04/16,7.59,7.62,7.50,7.53,22646260,180217440.00
2024/04/17,7.56,7.73,7.46,7.73,25352574,202396704.00
2024/04/18,7.69,8.02,7.68,7.83,29911651,245978912.00
2024/04/19,7.83,7.91,7.77,7.80,20119736,165257440.00
2024/04/22,7.82,7.92,7.72,7.75,17982063,147038896.00
2024/04/23,7.76,7.82,7.72,7.73,16160600,131652312.00
2024/04/24,7.75,7.75,7.60,7.67,17880683,143451056.00
2024/04/25,7.62,7.84,7.60,7.83,21375696,173273648.00
2024/04/26,7.75,7.77,7.43,7.47,46684441,368504704.00
2024/04/29,7.39,7.69,7.38,7.66,36050765,287287520.00
2024/04/30,7.65,7.85,7.62,7.78,22673264,184704416.00
2024/05/06,7.85,7.90,7.75,7.81,23883686,196018640.00
2024/05/07,7.90,7.90,7.71,7.79,13372835,108873984.00
2024/05/08,7.77,7.82,7.73,7.74,13830164,112904088.00
2024/05/09,7.76,7.89,7.74,7.83,14782456,121355024.00
2024/05/10,7.84,7.91,7.80,7.89,13545490,111618320.00
2024/05/13,7.83,8.02,7.80,8.00,19216226,159363152.00
2024/05/14,7.97,8.04,7.92,7.94,17498828,145944928.00
2024/05/15,7.92,8.03,7.90,7.99,13561949,113340744.00
2024/05/16,7.99,8.19,7.97,8.13,23881597,203018928.00
2024/05/17,8.14,8.24,8.05,8.21,22262351,189402032.00
2024/05/20,8.20,8.25,8.10,8.11,24438121,208707120.00
2024/05/21,8.09,8.24,8.08,8.20,21403883,182894480.00
2024/05/22,8.21,8.37,8.19,8.25,23222600,200944096.00
2024/05/23,8.23,8.35,8.16,8.23,18022467,155684480.00
2024/05/24,8.20,8.42,8.18,8.21,22531690,195619856.00
2024/05/27,8.22,8.36,8.20,8.32,20620609,178770912.00
2024/05/28,8.32,8.36,8.19,8.26,16404000,141681312.00
2024/05/29,8.23,8.36,8.18,8.22,16177167,139851568.00
2024/05/30,8.23,8.39,8.18,8.24,24560139,212967984.00
2024/05/31,8.25,8.28,8.18,8.21,16284708,139965104.00
2024/06/03,8.18,8.23,7.95,8.06,23175200,194792448.00
2024/06/04,8.05,8.20,8.01,8.18,20757093,176086000.00
2024/06/05,8.20,8.20,7.85,7.94,26308800,219828976.00
2024/06/06,7.96,8.01,7.84,7.88,19568301,162321040.00
2024/06/07,7.91,7.97,7.87,7.95,14859616,123226528.00
2024/06/11,7.94,7.99,7.76,7.78,17503547,143691504.00
2024/06/12,7.78,7.80,7.62,7.75,15434710,124681512.00
2024/06/13,7.78,7.84,7.58,7.63,15852501,127632760.00
2024/06/14,7.66,7.78,7.55,7.73,22362771,179478240.00
2024/06/17,7.72,7.81,7.55,7.58,15852487,127462416.00
2024/06/18,7.60,7.65,7.52,7.59,11624436,92698016.00
2024/06/19,7.61,7.67,7.56,7.60,10785888,86285008.00
2024/06/20,7.62,7.64,7.47,7.48,14358322,113502640.00
2024/06/21,7.52,7.60,7.47,7.51,11609953,91981256.00
2024/06/24,7.56,7.56,7.37,7.45,13893200,108718848.00
2024/06/25,7.46,7.55,7.45,7.50,13644169,107578760.00
2024/06/26,7.48,7.53,7.43,7.48,11477000,90226760.00
2024/06/27,7.48,7.63,7.44,7.54,18520100,146597440.00
2024/06/28,7.53,7.88,7.51,7.80,25811737,209819552.00
2024/07/01,7.79,7.88,7.75,7.84,16898647,138550912.00
2024/07/02,7.82,7.93,7.82,7.91,21426982,176928480.00
2024/07/03,7.92,8.01,7.86,7.88,18873267,156747488.00
2024/07/04,7.87,7.99,7.77,7.78,15623670,128538912.00
2024/07/05,7.79,7.82,7.53,7.58,14753000,118216368.00
2024/07/08,7.56,7.64,7.49,7.52,13124100,104153248.00
2024/07/09,7.51,7.71,7.50,7.68,16586700,132405792.00
2024/07/10,7.68,7.75,7.63,7.64,11362810,91488464.00
2024/07/11,7.69,7.70,7.45,7.50,19911260,157904336.00
2024/07/12,7.50,7.66,7.49,7.63,18207319,145462352.00
2024/07/15,7.65,7.74,7.60,7.73,17677000,142582064.00
2024/07/16,7.78,7.84,7.62,7.67,23654710,182343120.00
2024/07/17,7.68,7.71,7.62,7.69,15340206,117565896.00
2024/07/18,7.68,7.77,7.56,7.74,18295150,140378048.00
2024/07/19,7.71,7.74,7.62,7.69,15436197,118288144.00
2024/07/22,7.73,7.73,7.54,7.58,13134434,99725472.00
2024/07/23,7.60,7.72,7.56,7.59,16027027,122707776.00
2024/07/24,7.60,7.71,7.56,7.64,17882390,136900032.00
2024/07/25,7.64,7.66,7.50,7.55,15771425,119122016.00
2024/07/26,7.54,7.56,7.37,7.44,19896379,148111888.00
2024/07/29,7.43,7.51,7.36,7.49,14411467,107370848.00
2024/07/30,7.47,7.53,7.39,7.43,11589347,86365600.00
2024/07/31,7.43,7.56,7.41,7.53,18214563,136273712.00
2024/08/01,7.52,7.57,7.46,7.50,15244086,114380632.00
2024/08/02,7.47,7.62,7.45,7.58,16987535,128112728.00
2024/08/05,7.55,7.66,7.45,7.47,13005398,98274968.00
2024/08/06,7.48,7.54,7.33,7.42,19613674,145405872.00
2024/08/07,7.42,7.49,7.38,7.40,11824480,87866248.00
2024/08/08,7.39,7.43,7.35,7.40,7908055,58455824.00
2024/08/09,7.39,7.50,7.39,7.45,11305100,84300272.00
2024/08/12,7.45,7.45,7.38,7.39,8579300,63496720.00
2024/08/13,7.41,7.56,7.39,7.56,15873218,119024960.00
2024/08/14,7.55,7.65,7.46,7.47,13403390,101044240.00
2024/08/15,7.46,7.60,7.44,7.58,14197977,107139864.00
2024/08/16,7.58,7.67,7.56,7.67,13039264,99558256.00
2024/08/19,7.67,7.89,7.66,7.88,19374112,151199152.00
2024/08/20,7.89,7.93,7.82,7.89,15289500,120305664.00
2024/08/21,7.84,7.86,7.76,7.85,13730011,107308528.00
2024/08/22,7.82,7.92,7.82,7.87,12878866,101538608.00
2024/08/23,7.90,7.90,7.78,7.84,12930150,101452216.00
2024/08/26,7.86,7.89,7.75,7.81,13382050,104402232.00
2024/08/27,7.80,7.89,7.78,7.84,11675184,91582648.00
2024/08/28,7.81,7.83,7.68,7.73,11891700,92097648.00
2024/08/29,7.69,7.71,7.43,7.44,20338600,153135296.00
2024/08/30,7.38,7.41,7.20,7.21,50166750,364050432.00
2024/09/02,7.18,7.23,7.12,7.12,33344105,239162304.00
2024/09/03,7.12,7.13,6.95,7.00,28103275,196655152.00
2024/09/04,6.98,7.09,6.95,7.05,21272749,149622208.00
2024/09/05,7.04,7.06,6.94,6.97,16318278,113935712.00
2024/09/06,6.97,7.04,6.91,6.94,17366481,121251760.00
2024/09/09,6.93,6.93,6.76,6.79,20479279,139331344.00
2024/09/10,6.80,6.83,6.72,6.79,18345400,124215600.00
2024/09/11,6.77,6.78,6.58,6.66,20188836,134341232.00
2024/09/12,6.64,6.72,6.61,6.66,15071981,100533032.00
2024/09/13,6.65,6.71,6.61,6.61,18031916,120066632.00
2024/09/18,6.62,6.64,6.52,6.64,17661700,116181464.00
2024/09/19,6.64,6.73,6.58,6.68,18470146,123126752.00
2024/09/20,6.67,6.75,6.65,6.73,16378920,109842880.00
2024/09/23,6.73,6.90,6.72,6.88,20200231,137861200.00
2024/09/24,6.91,7.17,6.90,7.17,29598962,208622976.00
2024/09/25,7.25,7.47,7.24,7.37,36437846,267637360.00
2024/09/26,7.34,7.79,7.32,7.79,37393063,282631296.00
2024/09/27,7.89,7.98,7.71,7.83,31928500,249431456.00
2024/09/30,7.97,8.38,7.89,8.37,61319124,499201216.00
2024/10/08,9.17,9.18,8.31,8.52,71866742,620072384.00
2024/10/09,8.40,8.40,7.82,7.84,62290827,503183232.00
2024/10/10,7.95,8.34,7.89,8.14,56411342,458656320.00
2024/10/11,8.14,8.23,7.91,8.00,25769055,207699168.00
2024/10/14,8.08,8.49,8.08,8.39,58682676,488023616.00
2024/10/15,8.30,8.65,8.24,8.26,40365100,341019744.00
2024/10/16,8.23,8.82,8.22,8.68,56260781,484073824.00
2024/10/17,8.69,8.77,8.51,8.53,32689372,281671936.00
2024/10/18,8.52,8.78,8.34,8.60,50206008,428714080.00
2024/10/21,8.60,8.63,8.35,8.60,29084282,247871600.00
2024/10/22,8.54,8.67,8.41,8.53,20422136,173647824.00
2024/10/23,8.54,8.60,8.46,8.50,20065875,171040064.00
2024/10/24,8.45,8.49,8.36,8.42,19901200,167571552.00
2024/10/25,8.40,8.45,8.21,8.31,23311678,193658512.00
2024/10/28,8.28,8.35,8.20,8.33,21830209,180555360.00
2024/10/29,8.33,8.43,8.26,8.29,17578954,146640608.00
2024/10/30,8.45,8.77,8.39,8.46,46087160,393590944.00
2024/10/31,8.56,8.70,8.45,8.52,27596400,235898592.00
2024/11/01,8.52,8.83,8.46,8.68,38666516,335099712.00
2024/11/04,8.66,8.82,8.53,8.82,28415980,247158384.00
2024/11/05,8.78,8.88,8.67,8.85,28131189,247118672.00
2024/11/06,8.81,8.85,8.61,8.66,34145347,297366784.00
2024/11/07,8.63,8.88,8.62,8.88,26056283,228482176.00
2024/11/08,8.89,8.94,8.73,8.81,25917317,228492960.00
2024/11/11,8.75,8.76,8.46,8.52,41693230,355980480.00
2024/11/12,8.50,8.62,8.39,8.44,26904669,228718880.00
2024/11/13,8.40,8.54,8.38,8.52,24503594,207803072.00
2024/11/14,8.51,8.62,8.44,8.46,24126043,205745984.00
2024/11/15,8.45,8.60,8.39,8.45,23027026,195654400.00
2024/11/18,8.57,8.89,8.57,8.68,51051297,446302016.00
2024/11/19,8.66,8.87,8.53,8.75,33369345,291911616.00
2024/11/20,8.70,8.79,8.58,8.63,22852078,197328544.00
2024/11/21,8.63,8.64,8.54,8.62,18967313,162742720.00
2024/11/22,8.60,8.67,8.26,8.27,33324992,280734464.00
数据来源:通达信
