688685 迈信林 日线 前复权
      日期	    开盘	    最高	    最低	    收盘	    成交量	    成交额
2021/05/13,21.33,27.63,21.33,23.30,19258476,611500736.00
2021/05/14,22.63,25.30,21.76,21.93,15481748,475674560.00
2021/05/17,20.46,20.63,18.46,18.76,10910949,278815168.00
2021/05/18,18.52,21.56,18.26,20.13,11366075,297553568.00
2021/05/19,19.33,19.60,18.79,19.00,6849533,172970560.00
2021/05/20,18.88,19.55,18.49,18.90,5437683,136322432.00
2021/05/21,18.94,18.98,17.93,18.12,5022210,121806288.00
2021/05/24,17.99,18.54,17.95,18.16,2567188,61720600.00
2021/05/25,18.26,19.02,17.62,18.40,5973971,145300912.00
2021/05/26,18.55,18.55,18.05,18.19,3709457,89539888.00
2021/05/27,18.21,18.55,18.06,18.43,3660874,88753648.00
2021/05/28,18.39,19.51,18.18,18.71,6155166,153713472.00
2021/05/31,18.89,21.20,18.54,20.68,8957361,233292400.00
2021/06/01,20.62,22.69,19.73,21.71,9677171,273564800.00
2021/06/02,21.93,23.46,21.10,22.62,9252559,272002816.00
2021/06/03,22.25,22.43,21.25,21.25,4496177,128346840.00
2021/06/04,21.63,21.78,20.40,21.06,5588812,154681392.00
2021/06/07,21.25,22.56,20.87,21.63,5773032,165334528.00
2021/06/08,21.70,22.25,20.86,22.01,5841567,165303600.00
2021/06/09,22.01,22.46,21.06,21.32,4375096,124231768.00
2021/06/10,21.32,21.36,20.49,20.65,3357798,91762888.00
2021/06/11,20.71,20.83,19.75,19.81,3314207,88431008.00
2021/06/15,19.66,20.83,19.37,20.24,2808089,74688464.00
2021/06/16,20.17,20.17,18.66,19.40,2941791,75540248.00
2021/06/17,19.25,19.60,18.90,19.59,2069974,52683396.00
2021/06/18,19.39,20.83,19.26,20.36,3470491,92998752.00
2021/06/21,20.06,21.25,19.94,21.21,4789935,131414168.00
2021/06/22,21.17,21.36,20.36,20.88,3872984,106376600.00
2021/06/23,20.79,20.90,20.33,20.51,2673238,72399792.00
2021/06/24,20.44,21.03,19.94,19.98,2292087,62057616.00
2021/06/25,20.08,20.08,19.49,19.81,1696482,44060468.00
2021/06/28,19.71,20.53,19.57,20.31,1856855,49459020.00
2021/06/29,20.17,20.41,19.06,19.11,2174887,56259832.00
2021/06/30,19.17,19.69,19.07,19.67,2065274,52761584.00
2021/07/01,19.76,19.76,18.76,18.83,1900341,48094076.00
2021/07/02,18.91,19.30,18.72,19.03,1472816,37000216.00
2021/07/05,19.16,19.59,19.14,19.31,1437561,36698744.00
2021/07/06,19.32,19.40,18.72,19.06,1513263,37988292.00
2021/07/07,18.86,19.83,18.79,19.51,2010255,51453192.00
2021/07/08,19.50,20.86,19.33,20.48,3818232,102410584.00
2021/07/09,20.33,20.33,19.77,20.01,2696495,71117208.00
2021/07/12,20.09,20.26,19.77,20.03,2256324,59467100.00
2021/07/13,20.16,20.23,19.84,20.13,1665312,43948044.00
2021/07/14,20.03,20.20,19.04,19.12,1953356,50448924.00
2021/07/15,18.99,19.39,18.79,19.14,1053536,26510074.00
2021/07/16,19.14,22.77,19.06,21.04,6297958,172873600.00
2021/07/19,21.06,22.15,21.00,21.68,5361512,152037168.00
2021/07/20,21.16,22.02,20.85,21.54,3375031,95337728.00
2021/07/21,21.81,22.40,21.40,21.64,3008702,86152904.00
2021/07/22,21.64,23.02,21.07,22.42,4803101,139189136.00
2021/07/23,22.87,26.96,22.87,26.96,8052321,264676912.00
2021/07/26,28.86,30.16,27.13,27.31,11155309,416968736.00
2021/07/27,27.79,28.09,24.71,24.94,8188820,279160864.00
2021/07/28,24.33,24.79,22.79,23.48,4934065,152240048.00
2021/07/29,23.54,25.43,23.54,24.76,4798491,153841632.00
2021/07/30,24.39,24.70,23.49,23.65,3497478,110383224.00
2021/08/02,23.94,26.94,23.65,26.43,5291382,177979344.00
2021/08/03,26.33,26.63,24.69,24.93,3519914,117786720.00
2021/08/04,25.16,26.03,24.62,24.94,3774654,125113800.00
2021/08/05,25.86,26.77,24.64,24.94,5173764,174752160.00
2021/08/06,24.71,24.75,23.75,24.27,3593876,113959488.00
2021/08/09,24.17,25.02,23.71,24.07,2673117,84945912.00
2021/08/10,23.87,25.76,23.87,24.84,4763382,156161120.00
2021/08/11,24.63,25.46,24.16,24.92,3247803,105697448.00
2021/08/12,24.79,25.01,23.60,23.65,4058606,128511280.00
2021/08/13,23.77,24.48,22.96,23.29,3289682,102443344.00
2021/08/16,23.16,23.78,22.79,23.71,1992633,61232384.00
2021/08/17,23.47,23.72,22.29,22.38,2999509,90643424.00
2021/08/18,22.22,23.04,21.93,22.69,2127040,63375292.00
2021/08/19,22.52,24.02,22.06,23.56,3095548,95124744.00
2021/08/20,21.99,25.86,20.63,24.33,6633047,200106144.00
2021/08/23,24.46,26.40,24.46,26.02,5449420,183417712.00
2021/08/24,25.52,27.40,25.09,26.83,4569280,159200016.00
2021/08/25,26.43,27.84,25.98,26.60,3776463,132192712.00
2021/08/26,26.35,29.16,26.35,28.52,4448403,164410752.00
2021/08/27,27.71,28.01,25.69,26.16,4583997,159907344.00
2021/08/30,26.46,28.13,26.21,26.81,3312615,118216368.00
2021/08/31,27.83,28.13,25.64,25.89,2525522,87386168.00
2021/09/01,26.48,26.48,23.94,24.61,2307282,74862720.00
2021/09/02,24.31,24.32,23.66,23.84,1433445,45186852.00
2021/09/03,23.83,24.24,23.29,23.59,1099255,34241520.00
2021/09/06,23.47,23.93,23.26,23.70,1070875,33259580.00
2021/09/07,23.67,24.44,23.45,23.86,1600201,50435524.00
2021/09/08,23.65,23.79,23.00,23.43,1363508,41994684.00
2021/09/09,23.24,23.53,22.78,23.38,1274601,38757380.00
2021/09/10,23.22,23.39,22.50,22.72,1119262,33651312.00
2021/09/13,22.63,22.69,21.76,21.83,1277758,37080556.00
2021/09/14,21.82,22.42,21.82,21.91,929800,27082320.00
2021/09/15,21.72,22.24,21.32,22.06,788861,22698816.00
2021/09/16,22.09,22.15,21.06,21.46,1174296,33453388.00
2021/09/17,21.41,21.57,20.53,20.71,977856,26922542.00
2021/09/22,20.48,20.99,20.23,20.90,563199,15421684.00
2021/09/23,20.71,21.36,20.71,21.32,725873,20178912.00
2021/09/24,21.36,21.60,20.49,20.49,689628,18932322.00
2021/09/27,20.56,20.64,19.34,19.63,995279,25994392.00
2021/09/28,19.39,19.86,19.36,19.69,598244,15492944.00
2021/09/29,19.49,19.83,18.85,18.93,687578,17412098.00
2021/09/30,18.95,19.40,18.95,19.05,407814,10327843.00
2021/10/08,18.93,19.62,18.93,19.16,399214,10127700.00
2021/10/11,19.29,20.59,19.02,19.79,1140763,29954148.00
2021/10/12,19.79,19.79,18.85,19.02,836548,21120282.00
2021/10/13,19.25,19.25,18.69,18.99,701085,17467356.00
2021/10/14,18.99,19.46,18.83,19.23,929597,23643896.00
2021/10/15,19.22,19.71,19.19,19.29,793149,20344784.00
2021/10/18,19.10,19.80,19.10,19.53,618893,15926620.00
2021/10/19,19.50,19.50,19.08,19.42,665228,16912000.00
2021/10/20,19.33,19.53,19.08,19.44,555156,14149303.00
2021/10/21,19.31,19.31,18.26,18.36,1316913,32410096.00
2021/10/22,18.38,18.53,18.02,18.02,799296,19288272.00
2021/10/25,18.02,18.25,17.63,18.16,710790,16832636.00
2021/10/26,18.23,18.33,17.86,18.30,442502,10564349.00
2021/10/27,18.46,18.71,17.23,17.40,1215061,28544538.00
2021/10/28,17.40,17.91,17.26,17.44,855455,19973094.00
2021/10/29,17.32,18.06,17.32,17.87,679688,15971503.00
2021/11/01,18.30,20.37,17.91,19.48,2591117,66345028.00
2021/11/02,19.32,21.12,19.24,20.13,3411634,91620776.00
2021/11/03,19.70,19.90,19.31,19.90,1765179,45567288.00
2021/11/04,20.00,20.52,19.50,20.34,1853166,49198956.00
2021/11/05,20.33,20.43,19.60,19.74,1588093,41858192.00
2021/11/08,19.70,20.06,19.29,19.83,1189996,30756312.00
2021/11/09,19.65,21.04,19.64,20.92,2279957,62022440.00
2021/11/10,21.15,21.40,20.56,20.84,1567564,43248232.00
2021/11/11,20.69,21.31,20.69,20.97,1415567,39218568.00
2021/11/12,21.01,22.69,20.97,22.06,2753762,78971296.00
2021/11/15,22.09,22.86,21.93,22.40,2969639,87644680.00
2021/11/16,22.41,22.63,21.44,21.55,2101205,60630312.00
2021/11/17,21.52,22.45,21.35,22.40,1245150,36081840.00
2021/11/18,22.26,24.24,22.26,23.15,2865658,87648216.00
2021/11/19,23.56,24.48,22.94,23.26,2428291,75341920.00
2021/11/22,23.10,23.78,22.82,23.46,2016215,62024448.00
2021/11/23,23.51,23.93,22.76,23.02,1643223,50115756.00
2021/11/24,22.91,23.76,22.86,23.33,1471505,45258468.00
2021/11/25,23.32,23.32,22.57,22.79,1478666,44425516.00
2021/11/26,22.69,23.34,22.69,22.81,857865,25996712.00
2021/11/29,22.40,23.77,22.09,23.48,1638239,50190636.00
2021/11/30,23.83,23.88,22.83,23.04,1465456,45029260.00
2021/12/01,23.26,23.43,22.53,22.92,1058412,31776584.00
2021/12/02,23.00,23.06,22.21,22.44,1139001,33634188.00
2021/12/03,22.29,23.56,22.19,22.92,1350605,40934960.00
2021/12/06,22.73,23.03,22.06,22.06,1185747,35102220.00
2021/12/07,22.85,22.85,21.12,21.26,1058832,29979248.00
2021/12/08,21.26,21.84,21.15,21.38,764480,21704416.00
2021/12/09,21.55,21.55,20.83,21.06,961838,26698806.00
2021/12/10,21.13,21.36,20.87,21.28,762096,21260096.00
2021/12/13,21.41,21.53,20.66,20.98,966361,26633928.00
2021/12/14,21.06,21.69,20.69,21.59,1208929,33967280.00
2021/12/15,21.56,21.76,20.76,21.04,1101195,30684382.00
2021/12/16,21.10,21.43,21.02,21.17,626968,17487648.00
2021/12/17,21.17,21.17,20.26,20.35,938037,25386748.00
2021/12/20,20.13,20.46,20.02,20.02,608695,16200812.00
2021/12/21,19.91,20.28,19.82,20.23,482820,12756396.00
2021/12/22,20.58,20.58,19.94,19.96,561698,14917532.00
2021/12/23,19.93,20.13,19.56,19.81,725337,18996466.00
2021/12/24,19.85,19.95,19.41,19.49,751823,19466832.00
2021/12/27,19.33,19.78,19.29,19.31,493657,12692910.00
2021/12/28,19.44,20.02,19.36,19.78,767318,19947104.00
2021/12/29,20.09,20.24,19.71,19.92,957361,25263844.00
2021/12/30,19.83,20.85,19.79,20.79,1465426,39501000.00
2021/12/31,21.04,21.13,20.48,20.71,1290165,35353408.00
2022/01/04,20.56,21.06,20.50,20.62,836431,22820394.00
2022/01/05,20.52,20.78,19.56,19.74,952617,25159056.00
2022/01/06,19.71,21.44,19.71,21.00,1809731,49384508.00
2022/01/07,21.19,21.33,20.69,20.72,1142043,31475680.00
2022/01/10,20.76,21.21,20.34,20.55,764505,20885740.00
2022/01/11,20.75,20.86,20.23,20.23,569328,15348499.00
2022/01/12,20.56,20.59,20.15,20.27,858372,22997884.00
2022/01/13,20.32,20.36,19.73,20.00,637380,16798344.00
2022/01/14,19.95,20.43,19.76,19.84,652436,17296426.00
2022/01/17,19.83,20.59,19.75,20.47,827910,22273756.00
2022/01/18,20.48,20.48,19.81,19.87,769070,20344186.00
2022/01/19,19.87,20.13,19.50,19.65,657396,17152626.00
2022/01/20,19.63,19.63,19.03,19.07,1027921,26032872.00
2022/01/21,19.02,19.52,18.51,18.59,694009,17141220.00
2022/01/24,18.56,19.11,18.41,18.87,477891,11936968.00
2022/01/25,18.94,20.02,18.87,18.97,1106315,28473272.00
2022/01/26,19.02,19.68,18.56,19.30,996961,25216918.00
2022/01/27,19.09,19.29,18.06,18.06,997887,24282918.00
2022/01/28,18.54,18.92,17.79,18.69,677913,16500938.00
2022/02/07,19.16,19.29,18.55,18.83,506618,12613088.00
2022/02/08,18.67,18.92,18.48,18.86,444567,10981729.00
2022/02/09,18.87,19.52,18.70,19.43,613720,15600446.00
2022/02/10,19.33,19.45,19.08,19.19,430275,10902812.00
2022/02/11,19.20,19.33,18.68,18.74,410247,10254528.00
2022/02/14,18.63,19.24,18.63,18.87,692690,17276590.00
2022/02/15,18.97,18.97,18.43,18.76,625211,15412855.00
2022/02/16,18.74,18.74,18.29,18.36,1045547,25422792.00
2022/02/17,18.32,18.71,18.17,18.44,883965,21513528.00
2022/02/18,18.17,18.56,17.97,18.23,620745,14882625.00
2022/02/21,17.80,18.55,17.80,18.37,466378,11315076.00
2022/02/22,18.52,18.73,18.04,18.14,695869,16790284.00
2022/02/23,18.09,18.90,18.05,18.82,1030309,25284628.00
2022/02/24,18.77,19.71,18.49,19.17,2031125,51285508.00
2022/02/25,18.86,19.06,18.59,18.65,1288381,31949274.00
2022/02/28,18.64,18.83,18.23,18.31,944138,23017332.00
2022/03/01,18.47,19.86,18.21,19.83,2725318,69415528.00
2022/03/02,19.56,19.87,19.33,19.34,1445296,37156824.00
2022/03/03,19.39,19.96,19.12,19.48,1464498,37643644.00
2022/03/04,19.71,19.71,18.94,18.95,957031,24299610.00
2022/03/07,18.96,19.23,18.56,18.84,598317,14856621.00
2022/03/08,18.56,18.78,17.55,17.65,1234571,29518748.00
2022/03/09,17.68,17.92,15.90,16.66,1535804,34230980.00
2022/03/10,16.92,17.30,16.71,16.92,906410,20429908.00
2022/03/11,16.53,17.09,16.33,16.96,715942,15886938.00
2022/03/14,16.92,17.20,16.53,16.68,727245,16147285.00
2022/03/15,16.27,16.73,15.86,15.86,752009,16197724.00
2022/03/16,15.94,16.21,15.53,16.09,671275,14194993.00
2022/03/17,16.09,16.96,16.09,16.60,830537,18307200.00
2022/03/18,16.61,16.86,16.41,16.63,355074,7821620.00
2022/03/21,16.78,17.01,16.29,16.54,512281,11243687.00
2022/03/22,16.48,17.31,16.45,16.62,598214,13233853.00
2022/03/23,16.56,17.12,16.42,16.76,707861,15720980.00
2022/03/24,16.64,16.74,16.33,16.38,483312,10542201.00
2022/03/25,16.38,16.94,16.28,16.30,450795,9899647.00
2022/03/28,15.87,16.19,15.68,15.79,556051,11639058.00
2022/03/29,15.98,16.19,15.43,15.44,476463,9969075.00
2022/03/30,15.59,15.83,15.56,15.74,454745,9456277.00
2022/03/31,15.84,15.84,15.27,15.27,600317,12314549.00
2022/04/01,15.18,15.49,15.07,15.33,336763,6829908.00
2022/04/06,15.33,15.50,14.99,15.46,458667,9323160.00
2022/04/07,15.34,15.57,15.09,15.29,443943,8991679.00
2022/04/08,15.29,15.29,14.79,14.96,555922,11020057.00
2022/04/11,14.95,15.07,14.26,14.36,479545,9210180.00
2022/04/12,14.26,14.65,14.07,14.63,358029,6821249.00
2022/04/13,14.48,14.64,14.04,14.06,443292,8373758.00
2022/04/14,14.10,14.33,14.06,14.27,301519,5677256.00
2022/04/15,14.22,14.22,13.73,14.03,450175,8325332.00
2022/04/18,14.25,14.49,13.76,14.48,340506,6460050.00
2022/04/19,14.48,14.52,14.15,14.39,298517,5668128.00
2022/04/20,14.55,14.55,14.09,14.19,286677,5439237.00
2022/04/21,14.18,14.45,13.46,13.59,586959,10756610.00
2022/04/22,13.17,13.82,13.17,13.42,372803,6689376.00
2022/04/25,12.96,13.25,12.07,12.19,720026,12030686.00
2022/04/26,12.53,13.33,12.14,12.27,744366,12599657.00
2022/04/27,12.27,12.84,12.03,12.71,509501,8435196.00
2022/04/28,12.46,13.29,12.46,12.62,552595,9443413.00
2022/04/29,12.63,13.16,12.63,13.06,648848,11158342.00
2022/05/05,13.01,14.13,12.94,13.67,907881,16470686.00
2022/05/06,13.33,13.76,13.24,13.63,532583,9594167.00
2022/05/09,13.89,14.00,13.64,13.85,440854,8108406.00
2022/05/10,13.85,14.15,13.56,13.89,973280,17895848.00
2022/05/11,14.17,14.57,13.96,14.02,846755,16079762.00
2022/05/12,14.02,14.46,13.92,14.24,384535,7267990.00
2022/05/13,14.33,14.39,13.95,14.30,450296,8457268.00
2022/05/16,14.48,14.70,14.03,14.23,548757,10390351.00
2022/05/17,13.53,13.93,13.49,13.71,1063964,19301608.00
2022/05/18,13.80,14.02,13.63,13.79,674609,12401912.00
2022/05/19,13.77,13.91,13.59,13.71,464833,8496351.00
2022/05/20,13.83,13.94,13.63,13.72,422677,7726137.00
2022/05/23,13.73,13.93,13.68,13.84,412219,7564534.00
2022/05/24,13.84,14.19,13.03,13.09,703835,12739935.00
2022/05/25,13.09,13.52,12.86,13.38,641434,11246428.00
2022/05/26,13.56,14.79,13.17,14.63,1965869,36987244.00
2022/05/27,14.71,14.75,13.93,14.16,1820400,34412920.00
2022/05/30,14.00,14.58,13.80,14.53,979006,18401320.00
2022/05/31,14.52,15.38,14.25,15.23,1568852,30990768.00
2022/06/01,15.09,16.07,14.86,15.63,1729774,35736752.00
2022/06/02,15.71,16.37,15.34,16.12,1514805,31827984.00
2022/06/06,15.99,17.07,15.99,16.45,1893032,41435968.00
2022/06/07,16.48,17.16,16.26,16.40,1350183,29753832.00
2022/06/08,16.45,16.59,15.52,15.86,1309543,27621648.00
2022/06/09,15.69,15.80,15.21,15.26,684590,13947617.00
2022/06/10,15.46,17.79,15.32,17.33,2425796,54247712.00
2022/06/13,17.44,18.01,16.87,17.79,2710034,62409024.00
2022/06/14,17.79,17.98,17.09,17.48,1694491,39227256.00
2022/06/15,17.40,17.75,17.10,17.33,1556540,35885404.00
2022/06/16,17.34,17.85,17.09,17.56,1408142,32708452.00
2022/06/17,17.56,19.16,17.41,18.65,2011157,49446944.00
2022/06/20,18.29,20.03,18.23,19.71,3155226,81157864.00
2022/06/21,19.71,20.08,19.06,19.13,1213945,31081936.00
2022/06/22,19.34,19.34,18.80,19.00,670566,16843892.00
2022/06/23,19.00,20.40,18.81,20.30,2410968,63329060.00
2022/06/24,20.48,20.66,20.03,20.54,1899797,50955316.00
2022/06/27,20.21,21.28,19.79,20.56,1596216,43291552.00
2022/06/28,20.35,21.25,20.33,21.14,1302632,35884016.00
2022/06/29,21.22,21.54,20.63,20.79,1268976,35333248.00
2022/06/30,21.11,21.76,20.54,21.71,1562392,43828116.00
2022/07/01,21.93,22.73,21.75,22.64,1902996,55828724.00
2022/07/04,22.53,23.99,22.22,23.35,2407585,73738104.00
2022/07/05,23.35,23.84,22.79,23.23,1402773,42940620.00
2022/07/06,23.33,24.49,22.69,22.75,2357853,72600928.00
2022/07/07,22.79,22.80,22.10,22.33,2647047,78267552.00
2022/07/08,22.13,22.98,21.63,22.02,3218535,93955936.00
2022/07/11,21.25,22.60,21.15,21.33,3605492,102924328.00
2022/07/12,21.57,21.62,19.89,20.09,2532041,69050656.00
2022/07/13,20.36,20.84,19.71,20.39,2147510,57644360.00
2022/07/14,20.50,20.92,20.02,20.19,1444703,38906856.00
2022/07/15,20.19,20.86,20.03,20.15,1266233,34182076.00
2022/07/18,20.43,20.67,20.15,20.35,1460261,39425376.00
2022/07/19,20.55,20.55,19.72,19.93,1385110,36610392.00
2022/07/20,19.76,20.73,19.68,20.49,1452074,38882424.00
2022/07/21,20.33,20.55,19.66,19.70,1308498,34556672.00
2022/07/22,20.07,20.23,19.26,19.43,1086064,28088624.00
2022/07/25,19.73,20.99,19.62,20.16,2256099,60427504.00
2022/07/26,20.40,20.48,19.63,20.32,1170976,31058312.00
2022/07/27,20.42,21.93,20.06,21.55,1950676,54953032.00
2022/07/28,21.71,22.93,21.26,22.69,2337164,69169600.00
2022/07/29,22.79,22.79,21.96,22.27,1454148,42738556.00
2022/08/01,22.27,22.52,21.46,21.90,1272874,36726336.00
2022/08/02,22.29,22.69,21.25,21.48,1359958,39043536.00
2022/08/03,21.44,22.86,21.13,22.27,2020921,59592384.00
2022/08/04,22.31,22.52,21.63,21.90,931903,26882828.00
2022/08/05,21.71,22.40,21.63,21.84,769932,22276468.00
2022/08/08,21.84,22.79,21.39,22.66,1020736,30186684.00
2022/08/09,22.66,23.15,22.36,22.76,902832,26977360.00
2022/08/10,22.76,23.09,22.26,22.49,846257,25325816.00
2022/08/11,22.74,22.76,21.93,21.93,819486,24020888.00
2022/08/12,22.30,22.39,21.06,21.15,882927,24892012.00
2022/08/15,21.11,21.61,21.02,21.37,562464,15819099.00
2022/08/16,21.41,22.47,21.38,21.46,720971,20730400.00
2022/08/17,21.46,21.88,20.86,21.49,557616,15771170.00
2022/08/18,21.28,22.18,21.25,22.06,686458,19705404.00
2022/08/19,22.03,22.19,20.73,20.99,799666,22485964.00
2022/08/22,21.00,21.46,20.22,21.19,629430,17325232.00
2022/08/23,20.97,21.39,20.37,20.52,782392,21333062.00
2022/08/24,20.33,20.80,19.02,19.18,1295484,33396892.00
2022/08/25,19.17,19.46,18.08,18.55,1574990,38387692.00
2022/08/26,17.98,19.13,17.98,18.42,649420,16027069.00
2022/08/29,18.16,19.23,17.86,18.95,712621,17728476.00
2022/08/30,18.73,19.32,18.56,18.87,763766,19006652.00
2022/08/31,18.81,19.19,18.17,18.63,958299,23385248.00
2022/09/01,18.49,19.07,18.21,18.45,710542,17460010.00
2022/09/02,18.21,18.79,18.15,18.64,314318,7667688.00
2022/09/05,18.39,18.79,18.33,18.41,399243,9771561.00
2022/09/06,18.25,18.83,18.15,18.53,681716,16714751.00
2022/09/07,18.56,18.94,18.27,18.84,540848,13401618.00
2022/09/08,18.84,19.06,18.56,18.59,579533,14372463.00
2022/09/09,18.62,18.71,18.12,18.13,435423,10524234.00
2022/09/13,18.23,19.09,18.22,18.89,727938,17963744.00
2022/09/14,18.76,19.30,18.48,19.14,509285,12798282.00
2022/09/15,19.15,19.15,17.79,18.13,713370,17203570.00
2022/09/16,18.08,18.90,18.08,18.25,631791,15469087.00
2022/09/19,18.56,18.56,17.17,17.53,997496,23268388.00
2022/09/20,17.35,17.73,17.03,17.21,669572,15318360.00
2022/09/21,17.21,17.31,16.72,17.06,839163,18785828.00
2022/09/22,16.91,18.34,16.91,17.91,1244267,29320168.00
2022/09/23,17.90,18.33,17.02,17.26,607496,14050920.00
2022/09/26,16.95,17.21,16.65,16.66,513489,11460274.00
2022/09/27,16.71,17.13,16.69,16.97,733288,16389896.00
2022/09/28,17.02,17.56,16.19,16.27,791080,17382424.00
2022/09/29,16.49,16.73,15.97,16.06,627986,13542223.00
2022/09/30,16.19,16.39,15.48,15.61,616315,12925124.00
2022/10/10,15.59,15.99,15.28,15.59,741633,15362714.00
2022/10/11,15.86,15.90,15.31,15.50,421069,8739776.00
2022/10/12,15.65,16.06,14.87,16.02,655243,13430347.00
2022/10/13,15.73,16.54,15.70,16.29,691028,14938604.00
2022/10/14,16.32,16.62,16.23,16.49,700008,15232643.00
2022/10/17,16.45,17.36,16.37,17.03,1199688,26881168.00
2022/10/18,17.13,17.54,16.77,17.36,1000777,22889224.00
2022/10/19,17.16,17.52,16.93,17.02,535097,12156016.00
2022/10/20,17.00,17.16,16.55,16.87,618705,13821206.00
2022/10/21,16.87,17.21,16.64,16.90,404297,9041415.00
2022/10/24,17.12,18.55,17.12,17.86,1704743,40356656.00
2022/10/25,18.29,18.29,17.41,17.69,1127811,26502138.00
2022/10/26,17.83,18.16,17.47,18.07,778209,18428506.00
2022/10/27,18.42,18.62,17.59,17.63,956735,22698204.00
2022/10/28,17.26,17.74,16.90,17.13,1047283,23907226.00
2022/10/31,17.13,17.97,16.91,17.72,1103584,25518560.00
2022/11/01,18.15,18.31,17.68,17.93,986128,23369554.00
2022/11/02,17.87,18.14,17.66,17.74,786716,18536632.00
2022/11/03,17.73,18.08,17.56,17.95,645609,15253370.00
2022/11/04,17.79,18.23,17.79,18.06,977279,23239674.00
2022/11/07,18.07,18.19,17.33,17.57,978250,22824588.00
2022/11/08,17.57,17.61,17.18,17.50,542169,12470543.00
2022/11/09,17.49,17.99,17.02,17.14,719921,16529145.00
2022/11/10,17.09,17.09,16.30,16.49,830986,18257060.00
2022/11/11,16.79,16.79,16.20,16.28,637267,13918249.00
2022/11/14,16.33,16.39,15.76,15.85,826993,17449980.00
2022/11/15,15.92,16.16,15.79,16.13,675654,14300392.00
2022/11/16,16.16,17.14,16.13,16.43,1665963,36640380.00
2022/11/17,16.23,16.60,15.89,16.46,1049989,22536532.00
2022/11/18,16.26,16.77,15.95,15.96,787123,16893314.00
2022/11/21,15.91,16.07,15.76,16.03,619620,13049165.00
2022/11/22,16.00,16.13,15.49,15.59,950093,19888932.00
2022/11/23,15.63,15.63,14.99,15.17,701519,14104078.00
2022/11/24,15.19,15.43,15.09,15.15,640971,12954174.00
2022/11/25,15.23,15.24,14.79,14.90,693048,13708948.00
2022/11/28,14.76,15.01,14.57,14.76,814869,15912288.00
2022/11/29,14.76,14.96,14.68,14.90,1014383,19912484.00
2022/11/30,14.98,14.98,14.52,14.57,1112980,21679040.00
2022/12/01,14.65,16.02,14.58,15.70,2634751,53467584.00
2022/12/02,15.76,16.46,15.56,15.79,2650461,55903576.00
2022/12/05,15.74,17.75,15.74,17.71,5055301,112655752.00
2022/12/06,17.40,18.15,16.99,17.18,3396545,78382384.00
2022/12/07,17.23,17.91,16.93,17.51,3382707,77589096.00
2022/12/08,17.46,17.71,16.81,17.09,2123156,48002736.00
2022/12/09,16.90,17.09,16.23,16.42,1872077,41140936.00
2022/12/12,16.42,16.86,16.13,16.86,1260532,27651252.00
2022/12/13,16.98,18.37,16.86,17.41,3557090,83581376.00
2022/12/14,17.38,18.02,17.29,17.65,1870691,43730928.00
2022/12/15,17.46,18.50,17.46,18.48,2062856,49554440.00
2022/12/16,18.26,18.48,17.79,17.99,1450522,34664280.00
2022/12/19,17.93,18.17,17.56,17.64,910850,21353428.00
2022/12/20,17.81,18.41,17.26,18.24,1485227,34998960.00
2022/12/21,18.36,18.55,17.32,17.40,1527297,36093260.00
2022/12/22,17.33,17.63,16.75,16.76,1297189,29312444.00
2022/12/23,16.53,17.51,16.26,16.59,1540870,34068836.00
2022/12/26,16.59,17.11,16.33,16.84,1104233,24620864.00
2022/12/27,16.85,18.09,16.47,17.69,2979940,68180272.00
2022/12/28,17.71,17.74,16.76,17.05,1524017,34731544.00
2022/12/29,17.02,18.13,16.81,17.91,1971843,46104964.00
2022/12/30,17.79,18.03,17.43,17.51,1253623,29244140.00
2023/01/03,17.55,18.33,17.08,18.06,2665973,62327040.00
2023/01/04,18.01,18.06,17.62,17.86,994552,23407556.00
2023/01/05,17.90,18.03,17.41,17.59,1646991,38325984.00
2023/01/06,17.41,17.73,17.02,17.25,1453865,33334672.00
2023/01/09,17.30,17.42,16.71,16.88,1371785,30903448.00
2023/01/10,16.89,16.96,16.22,16.26,1396506,30307702.00
2023/01/11,16.30,16.34,15.79,15.89,1218909,25925976.00
2023/01/12,16.15,17.39,16.03,16.69,3506742,77476024.00
2023/01/13,16.79,16.84,15.96,16.06,1814696,38936048.00
2023/01/16,16.06,16.38,15.98,16.16,1586779,33960956.00
2023/01/17,16.24,16.56,15.96,16.03,1194019,25585264.00
2023/01/18,15.93,16.22,15.92,16.06,727994,15518783.00
2023/01/19,16.06,16.51,15.86,16.35,1748817,37367452.00
2023/01/20,16.23,16.47,16.06,16.21,1351043,29037024.00
2023/01/30,16.37,18.67,16.37,18.26,5726697,134302736.00
2023/01/31,18.09,18.53,17.95,18.47,2542444,61207696.00
2023/02/01,18.43,18.53,18.19,18.49,1377008,33429368.00
2023/02/02,18.72,18.76,17.86,17.88,2026625,48557916.00
2023/02/03,18.07,18.33,17.79,18.16,1664645,39784000.00
2023/02/06,18.22,18.51,17.98,18.11,1194832,28647130.00
2023/02/07,18.17,18.47,18.02,18.16,1307932,31498580.00
2023/02/08,18.36,18.40,17.79,17.83,902219,21434038.00
2023/02/09,18.02,18.33,17.71,18.26,1187158,28413856.00
2023/02/10,18.26,18.26,17.61,17.67,2458910,58012536.00
2023/02/13,17.58,18.45,17.58,18.06,2017847,48181212.00
2023/02/14,18.34,18.34,17.64,18.05,1136095,26857252.00
2023/02/15,18.09,18.46,17.84,18.46,1896093,45644380.00
2023/02/16,18.49,18.52,17.01,17.16,3376353,78882976.00
2023/02/17,17.06,17.39,16.54,16.83,2886547,64383496.00
2023/02/20,16.67,16.80,16.26,16.73,1953910,42604444.00
2023/02/21,16.70,17.13,16.66,16.83,1367681,30467390.00
2023/02/22,16.69,17.09,16.69,16.91,1001068,22369132.00
2023/02/23,16.96,17.47,16.83,16.98,2087758,47294080.00
2023/02/24,16.93,17.58,16.93,17.33,1974312,45286000.00
2023/02/27,17.25,17.59,16.91,16.93,1776948,40401480.00
2023/02/28,17.19,17.19,16.66,16.84,1576272,35154960.00
2023/03/01,16.80,16.96,16.57,16.96,1551139,34338096.00
2023/03/02,16.93,17.16,16.58,16.59,1412045,31333268.00
2023/03/03,16.56,16.83,16.49,16.73,1315324,29003618.00
2023/03/06,16.85,16.97,16.58,16.87,1539721,34230720.00
2023/03/07,16.71,16.88,15.89,15.92,2165722,46739352.00
2023/03/08,15.84,16.46,15.81,16.37,1825327,39271544.00
2023/03/09,16.39,16.53,16.19,16.41,1032191,22381180.00
2023/03/10,16.30,16.50,15.96,16.03,1133269,24201288.00
2023/03/13,16.15,16.42,15.96,16.08,1340817,28645084.00
2023/03/14,16.10,16.23,15.69,15.96,1009511,21296612.00
2023/03/15,15.99,16.15,15.89,16.02,721783,15318134.00
2023/03/16,15.98,16.03,15.36,15.40,1196375,24743852.00
2023/03/17,15.60,15.66,15.11,15.26,1498598,30505452.00
2023/03/20,15.21,15.44,14.97,15.34,1171333,23597422.00
2023/03/21,15.59,15.78,15.49,15.69,1725250,35709460.00
2023/03/22,15.68,15.79,15.53,15.72,681370,14129040.00
2023/03/23,15.63,15.76,15.39,15.73,1094477,22659380.00
2023/03/24,15.86,15.93,15.63,15.66,926820,19313324.00
2023/03/27,15.69,15.69,15.23,15.36,1789304,36441044.00
2023/03/28,15.35,15.37,15.05,15.13,1283211,25712664.00
2023/03/29,15.10,15.20,14.94,14.97,1222437,24346552.00
2023/03/30,15.04,15.10,14.79,14.98,792659,15683015.00
2023/03/31,14.98,15.09,14.90,14.99,744692,14794435.00
2023/04/03,15.08,15.98,15.01,15.92,3214725,66665312.00
2023/04/04,16.01,16.06,15.55,15.62,1758836,36552820.00
2023/04/06,15.58,15.66,15.39,15.66,1439132,29652168.00
2023/04/07,15.63,15.66,15.36,15.51,1262536,25931096.00
2023/04/10,15.66,15.73,15.26,15.37,1591257,32620456.00
2023/04/11,15.36,15.62,15.13,15.36,986077,19981424.00
2023/04/12,15.26,15.43,15.21,15.36,637865,12931342.00
2023/04/13,15.40,15.40,14.98,14.99,1240827,24824064.00
2023/04/14,14.99,14.99,14.44,14.69,1939345,37774196.00
2023/04/17,14.70,14.76,14.49,14.59,1048442,20298244.00
2023/04/18,14.47,14.58,14.29,14.45,1035284,19755072.00
2023/04/19,14.34,14.90,14.28,14.57,1565225,30363982.00
2023/04/20,14.56,14.56,14.22,14.36,1386967,26381792.00
2023/04/21,14.38,14.77,14.26,14.34,1474654,28395640.00
2023/04/24,14.26,14.26,13.56,13.68,2269718,41421148.00
2023/04/25,13.78,13.78,13.34,13.58,779901,14046639.00
2023/04/26,13.50,14.05,13.50,13.65,859547,15758567.00
2023/04/27,13.76,14.33,13.53,14.08,1350747,25190428.00
2023/04/28,14.06,14.69,14.06,14.62,1276211,24409582.00
2023/05/04,14.61,14.71,14.32,14.69,1608165,31008724.00
2023/05/05,14.72,14.81,14.38,14.42,1199632,23104750.00
2023/05/08,14.53,14.69,14.36,14.59,986634,19050242.00
2023/05/09,14.58,14.58,14.15,14.21,852257,16218432.00
2023/05/10,14.16,14.43,14.09,14.29,488637,9248778.00
2023/05/11,14.36,14.50,14.11,14.46,743320,14136713.00
2023/05/12,14.34,14.58,14.20,14.24,511896,9715571.00
2023/05/15,14.26,14.49,14.08,14.49,1060380,20086390.00
2023/05/16,14.41,14.49,14.14,14.17,837929,15872573.00
2023/05/17,14.15,14.69,14.10,14.64,1439864,27666532.00
2023/05/18,14.65,14.94,14.60,14.73,1224484,23948570.00
2023/05/19,14.82,15.18,14.69,15.03,1808115,35967124.00
2023/05/22,15.01,15.29,14.79,15.13,1574976,31474516.00
2023/05/23,15.27,15.27,14.97,15.05,982648,19666244.00
2023/05/24,15.17,15.21,14.88,15.09,925756,18504828.00
2023/05/25,15.12,15.38,15.02,15.31,1306119,26328416.00
2023/05/26,15.26,15.33,15.03,15.23,843988,16965598.00
2023/05/29,15.61,15.80,15.26,15.40,1857996,38041580.00
2023/05/30,15.38,15.43,15.01,15.17,1362803,27467448.00
2023/05/31,15.23,15.41,15.11,15.15,973093,19654284.00
2023/06/01,15.15,15.53,15.02,15.26,1059868,21519612.00
2023/06/02,15.29,15.46,15.22,15.29,809051,16394802.00
2023/06/05,15.31,15.35,15.01,15.10,1078865,21671840.00
2023/06/06,15.03,15.17,14.55,14.55,1217223,23881092.00
2023/06/07,14.52,14.75,14.39,14.53,657187,12618927.00
2023/06/08,14.30,14.53,14.23,14.29,699209,13290439.00
2023/06/09,14.33,14.51,14.21,14.43,734809,14013133.00
2023/06/12,14.36,14.59,14.19,14.37,784793,15016242.00
2023/06/13,14.41,14.50,14.26,14.29,984654,18722934.00
2023/06/14,14.28,14.28,14.01,14.21,1023274,19166326.00
2023/06/15,14.22,14.46,14.09,14.35,838909,15948120.00
2023/06/16,14.39,14.62,14.35,14.55,699815,13480666.00
2023/06/19,14.39,14.97,14.39,14.86,1654320,32453432.00
2023/06/20,14.83,15.33,14.75,15.23,1777647,35649116.00
2023/06/21,15.23,15.40,15.10,15.26,1533817,31068640.00
2023/06/26,15.19,15.26,14.92,15.06,1217654,24270816.00
2023/06/27,15.06,16.12,14.88,15.75,2830788,58291536.00
2023/06/28,16.09,17.16,15.83,16.87,7715277,169345856.00
2023/06/29,16.99,17.13,16.07,16.25,5228823,114079568.00
2023/06/30,16.46,16.46,15.90,16.22,2774771,58409920.00
2023/07/03,16.12,16.45,15.87,16.26,2545364,53843068.00
2023/07/04,15.94,16.33,15.88,16.23,1671998,35227560.00
2023/07/05,16.13,16.29,15.94,15.96,1486976,31220808.00
2023/07/06,15.98,16.06,15.79,15.87,1156320,24021280.00
2023/07/07,15.73,15.98,15.45,15.69,1172328,23923912.00
2023/07/10,15.83,15.99,15.56,15.64,994784,20435036.00
2023/07/11,15.68,15.98,15.60,15.89,1089735,22498416.00
2023/07/12,15.93,15.93,15.52,15.57,966423,19735828.00
2023/07/13,15.61,15.69,15.46,15.57,810559,16446278.00
2023/07/14,15.57,15.65,15.36,15.49,863488,17439020.00
2023/07/17,15.41,15.73,15.23,15.59,1010725,20514020.00
2023/07/18,15.56,15.76,15.40,15.63,861526,17569060.00
2023/07/19,15.63,15.69,15.36,15.39,636842,12859609.00
2023/07/20,15.46,15.50,15.08,15.16,879128,17564336.00
2023/07/21,15.29,15.46,15.05,15.11,735872,14634086.00
2023/07/24,15.09,15.20,14.87,15.02,692702,13616292.00
2023/07/25,15.16,15.47,15.07,15.46,1020570,20383292.00
2023/07/26,15.52,15.52,15.09,15.12,701788,13950903.00
2023/07/27,15.12,15.34,14.98,15.00,749653,14813027.00
2023/07/28,14.93,15.12,14.77,14.96,826240,16126766.00
2023/07/31,15.04,15.16,14.86,14.88,748065,14612534.00
2023/08/01,14.96,14.96,14.80,14.83,615606,11949783.00
2023/08/02,14.88,14.92,14.66,14.73,582289,11207517.00
2023/08/03,14.77,14.77,14.56,14.61,702459,13403943.00
2023/08/04,14.72,14.78,14.49,14.55,748157,14249020.00
2023/08/07,14.56,14.76,14.43,14.61,853634,16316248.00
2023/08/08,14.57,14.76,14.46,14.75,658093,12560728.00
2023/08/09,14.73,14.73,14.46,14.52,937173,17776192.00
2023/08/10,14.46,14.63,14.40,14.48,513916,9722179.00
2023/08/11,14.47,14.59,14.27,14.29,899091,16940614.00
2023/08/14,14.18,14.44,14.14,14.43,747148,13934616.00
2023/08/15,14.46,14.67,14.36,14.50,732063,13870308.00
2023/08/16,14.40,14.68,14.33,14.45,777355,14716115.00
2023/08/17,14.33,15.17,14.33,15.01,2469593,48066452.00
2023/08/18,15.09,15.40,14.95,15.08,2155996,42743856.00
2023/08/21,15.22,15.36,14.88,14.94,1711316,33673792.00
2023/08/22,15.09,15.29,14.71,15.16,1727930,33800404.00
2023/08/23,15.29,15.29,14.50,14.55,1455189,27924638.00
2023/08/24,14.84,14.84,14.10,14.29,1134213,21227060.00
2023/08/25,14.29,14.68,14.18,14.36,1200232,22633396.00
2023/08/28,15.19,15.23,13.95,14.06,1524716,28946904.00
2023/08/29,14.08,15.13,14.08,15.08,2157144,41744620.00
2023/08/30,14.94,15.48,14.94,15.40,1530525,30660354.00
2023/08/31,15.49,15.49,15.19,15.29,966644,19290488.00
2023/09/01,15.34,15.41,15.06,15.35,1121060,22289188.00
2023/09/04,15.36,15.49,15.09,15.29,1060487,21109772.00
2023/09/05,15.29,15.76,15.18,15.44,1341609,27156314.00
2023/09/06,15.44,15.66,15.32,15.60,1191313,24185252.00
2023/09/07,15.67,16.00,15.33,15.40,1557841,31762132.00
2023/09/08,15.69,16.43,15.50,16.11,4951148,104024096.00
2023/09/11,16.03,16.48,15.83,16.47,3741202,78768968.00
2023/09/12,16.39,16.39,15.89,16.29,3350564,70244736.00
2023/09/13,16.13,16.29,15.58,15.94,2611019,54022628.00
2023/09/14,15.91,15.91,15.36,15.44,1760395,35666200.00
2023/09/15,15.44,15.52,15.16,15.29,1294649,25790064.00
2023/09/18,15.22,15.52,15.08,15.33,1037182,20781846.00
2023/09/19,15.37,15.37,15.02,15.21,878966,17410832.00
2023/09/20,15.11,15.29,14.76,14.86,923328,18105756.00
2023/09/21,14.94,15.20,14.71,15.12,1010714,19928418.00
2023/09/22,15.13,15.37,14.86,15.36,646761,12822109.00
2023/09/25,15.40,15.43,15.08,15.29,694750,13839714.00
2023/09/26,15.19,15.29,15.02,15.05,547295,10779326.00
2023/09/27,15.18,15.63,15.08,15.32,1046597,21033588.00
2023/09/28,15.44,15.79,15.17,15.58,964735,19638044.00
2023/10/09,15.58,16.38,15.58,15.81,1710496,35460916.00
2023/10/10,15.83,16.15,15.63,15.71,1235368,25605400.00
2023/10/11,15.57,16.01,15.57,15.78,1293584,26797236.00
2023/10/12,15.87,15.87,15.57,15.63,1243217,25400318.00
2023/10/13,15.89,15.89,15.15,15.32,1508887,30158374.00
2023/10/16,15.33,15.65,15.13,15.38,1140662,22822560.00
2023/10/17,15.36,15.63,15.14,15.58,878257,17595166.00
2023/10/18,15.63,15.63,15.12,15.14,804600,15989199.00
2023/10/19,15.56,15.70,15.14,15.38,1378339,27881636.00
2023/10/20,15.40,15.53,14.89,14.94,872272,17264182.00
2023/10/23,15.13,15.23,14.66,14.79,1322667,25616272.00
2023/10/24,15.16,15.65,14.56,15.58,1933962,38588944.00
2023/10/25,15.58,16.17,15.39,15.89,2023178,41934840.00
2023/10/26,15.86,16.18,15.79,16.02,1435881,29967832.00
2023/10/27,15.40,15.78,14.96,15.65,2367736,47484196.00
2023/10/30,15.63,15.63,15.27,15.33,1735842,34826604.00
2023/10/31,15.33,15.79,15.21,15.50,1540566,31216386.00
2023/11/01,15.62,15.75,15.39,15.49,1227970,24867606.00
2023/11/02,15.70,15.70,15.14,15.23,1067619,21366164.00
2023/11/03,15.26,15.62,15.18,15.44,921860,18584600.00
2023/11/06,15.47,15.70,15.43,15.63,3394490,69236968.00
2023/11/07,15.59,15.75,15.37,15.65,1599880,32472264.00
2023/11/08,15.61,16.09,15.41,16.00,2469909,51208192.00
2023/11/09,16.09,16.13,15.53,15.60,1682004,34570632.00
2023/11/10,15.65,15.70,15.44,15.57,991422,20130304.00
2023/11/13,15.52,16.50,15.52,16.49,3356544,70538736.00
2023/11/14,16.49,16.49,16.17,16.29,1805668,38387824.00
2023/11/15,16.30,16.55,16.25,16.38,2065913,44084632.00
2023/11/16,16.45,16.59,16.21,16.24,1235263,26399412.00
2023/11/17,16.24,16.66,16.06,16.60,2237996,47848644.00
2023/11/20,16.67,16.96,16.29,16.76,1851180,40179112.00
2023/11/21,16.87,16.97,16.59,16.66,1458270,31910724.00
2023/11/22,16.91,17.43,16.56,16.61,2551279,56594080.00
2023/11/23,16.59,16.85,16.44,16.59,1140507,24672952.00
2023/11/24,16.11,16.58,16.09,16.26,1267032,26935464.00
2023/11/27,16.24,16.54,16.08,16.49,1421151,30308452.00
2023/11/28,16.67,16.99,16.33,16.66,1352884,29481718.00
2023/11/29,16.75,17.85,16.51,17.71,4348137,98897904.00
2023/11/30,17.76,17.96,17.14,17.56,3092812,70168472.00
2023/12/01,17.62,17.62,16.75,17.03,2984310,66053660.00
2023/12/04,16.86,18.78,16.75,18.30,6603569,154507488.00
2023/12/05,18.22,18.22,17.54,17.59,3855495,89565448.00
2023/12/06,17.58,17.91,17.36,17.67,2249247,51776160.00
2023/12/07,17.59,19.43,17.53,18.40,4847099,118460320.00
2023/12/08,18.23,19.43,18.23,18.63,4260359,104569384.00
2023/12/11,18.30,18.79,17.79,18.45,3099737,73964088.00
2023/12/12,18.50,18.83,17.87,18.19,2649125,62929268.00
2023/12/13,18.19,18.48,17.86,17.99,1903795,44845952.00
2023/12/14,17.96,18.13,17.77,17.90,1348860,31532680.00
2023/12/15,17.83,18.01,17.46,17.59,2015032,46306432.00
2023/12/18,17.54,18.00,17.25,17.37,1519213,34929984.00
2023/12/19,17.46,17.63,17.23,17.53,962623,21869256.00
2023/12/20,17.79,17.79,17.19,17.26,1351132,30710068.00
2023/12/21,17.23,20.72,17.18,20.25,7909308,201077168.00
2023/12/22,19.63,20.00,18.76,18.91,6122985,155015968.00
2023/12/25,19.11,20.16,19.11,19.70,5896882,150651280.00
2023/12/26,19.77,19.77,19.08,19.51,3120315,78906056.00
2023/12/27,19.58,20.83,19.31,20.64,4386942,116769776.00
2023/12/28,20.79,22.11,20.53,21.47,4866999,135865952.00
2023/12/29,21.45,22.86,21.17,22.80,5038768,144484624.00
2024/01/02,22.57,22.57,20.66,21.59,6909355,192933728.00
2024/01/03,21.94,21.94,21.03,21.44,2914716,81215584.00
2024/01/04,21.26,21.86,20.98,21.73,3107795,87193816.00
2024/01/05,21.70,22.25,21.33,21.76,3112069,88488984.00
2024/01/08,21.78,21.78,21.17,21.35,1962670,54630248.00
2024/01/09,21.48,21.86,20.76,21.54,3067555,85656560.00
2024/01/10,21.63,22.29,20.69,21.04,4652865,130123648.00
2024/01/11,21.04,21.44,20.86,21.07,2989634,82263168.00
2024/01/12,21.09,24.00,21.09,22.86,7484852,221830928.00
2024/01/15,23.33,25.29,22.71,24.95,6957464,220072704.00
2024/01/16,24.69,25.43,24.17,24.73,5314725,171988560.00
2024/01/17,25.03,26.46,24.62,25.15,4743000,157218992.00
2024/01/18,25.15,25.45,23.79,24.86,4350577,138064928.00
2024/01/19,24.56,25.66,24.49,25.17,2786799,91417280.00
2024/01/22,25.36,26.11,24.34,24.75,4084986,135260880.00
2024/01/23,25.07,25.24,23.66,23.70,4013919,126025008.00
2024/01/24,23.67,26.76,21.86,26.71,6638784,209834816.00
2024/01/25,26.67,26.67,25.03,26.00,5210278,176107280.00
2024/01/26,26.09,27.13,24.11,24.45,3832021,126760056.00
2024/01/29,24.56,24.56,23.02,23.81,2188543,67826856.00
2024/01/30,23.52,23.79,22.52,22.63,1762324,52802036.00
2024/01/31,22.63,22.64,20.52,20.73,2941414,82082864.00
2024/02/01,20.69,21.85,19.39,20.96,2819332,75585984.00
2024/02/02,21.11,21.52,17.63,18.36,3123350,77819232.00
2024/02/05,18.40,18.96,15.81,16.03,3765946,84154096.00
2024/02/06,15.13,16.83,14.63,15.94,2617696,53117276.00
2024/02/07,16.36,16.61,14.94,16.12,2808002,58568100.00
2024/02/08,16.09,19.36,15.87,18.94,3243134,76396816.00
2024/02/19,19.31,22.36,18.33,21.56,2181834,58614144.00
2024/02/20,21.56,23.63,20.86,22.05,2224577,65004096.00
2024/02/21,21.83,23.49,21.59,22.69,2215381,65870440.00
2024/02/22,22.90,24.06,22.69,23.90,1907296,58218552.00
2024/02/23,24.19,27.63,23.93,25.99,4142035,139167456.00
2024/02/26,25.47,26.83,25.11,25.77,3577809,120914656.00
2024/02/27,25.33,26.60,25.32,25.82,2293321,77617976.00
2024/02/28,25.76,27.48,24.23,24.33,3782068,127508400.00
2024/02/29,24.33,25.02,24.09,24.67,1854078,59285096.00
2024/03/01,24.66,25.75,24.52,25.16,1831009,60018176.00
2024/03/04,24.59,26.20,24.59,25.49,2405372,79863344.00
2024/03/05,25.43,26.17,25.03,25.17,1867097,61829256.00
2024/03/06,25.13,25.92,24.79,25.91,1624122,53931472.00
2024/03/07,26.39,26.39,24.69,25.19,1575093,52345892.00
2024/03/08,25.00,27.77,25.00,27.65,4812902,168310592.00
2024/03/11,26.94,28.78,26.52,28.78,3797381,137077664.00
2024/03/12,28.99,30.19,28.83,29.86,3664047,140670080.00
2024/03/13,30.08,32.98,29.63,31.29,4308691,175086080.00
2024/03/14,31.09,32.33,30.98,32.26,2760472,113895488.00
2024/03/15,32.15,33.40,31.94,33.02,2979195,127226968.00
2024/03/18,33.03,33.60,30.42,31.82,4717068,195468816.00
2024/03/19,32.13,33.46,31.06,32.87,3043271,128915080.00
2024/03/20,32.63,34.17,32.55,33.16,3188877,138480048.00
2024/03/21,33.63,35.33,33.25,35.33,5275711,235524784.00
2024/03/22,35.90,38.46,34.79,37.89,6102031,289155840.00
2024/03/25,39.94,39.94,32.25,34.19,9774037,458874336.00
2024/03/26,33.00,36.48,31.65,34.76,6770913,300119488.00
2024/03/27,34.39,35.40,33.56,33.56,4702690,211187776.00
2024/03/28,34.23,38.40,33.96,36.66,7000730,328671744.00
2024/03/29,36.46,37.85,35.79,36.71,5155969,246808384.00
2024/04/01,36.20,37.53,35.94,36.71,4166887,199674176.00
2024/04/02,36.71,36.94,34.19,35.33,5205452,238727328.00
2024/04/03,34.63,35.04,31.16,33.03,5450421,234777136.00
2024/04/08,33.25,33.63,31.10,31.36,4726845,196947152.00
2024/04/09,31.39,31.39,29.48,30.33,5367810,212258080.00
2024/04/10,31.00,31.73,28.99,30.06,4922269,193864944.00
2024/04/11,29.58,31.03,29.49,30.19,2853526,112691688.00
2024/04/12,30.63,32.25,30.11,30.47,5419687,221072768.00
2024/04/15,29.94,30.17,24.36,24.36,8861098,314208160.00
2024/04/16,24.17,26.86,20.56,24.99,10835619,326877056.00
2024/04/17,24.62,26.32,24.62,26.11,5205028,174607120.00
2024/04/18,28.46,29.16,26.56,27.04,8520882,307689600.00
2024/04/19,26.77,27.78,26.02,26.26,3889319,135926672.00
2024/04/22,25.33,28.40,25.02,26.07,5867686,202671232.00
2024/04/23,25.86,26.06,24.39,24.79,3749186,123274704.00
2024/04/24,24.63,27.08,24.38,26.56,5813570,194059632.00
2024/04/25,26.16,27.17,25.68,26.17,3413113,117318768.00
2024/04/26,27.09,31.00,26.73,29.79,9016626,342289728.00
2024/04/29,29.56,30.23,29.11,29.86,4928843,190550592.00
2024/04/30,29.87,30.56,29.71,30.06,3330874,130962864.00
2024/05/06,30.53,31.34,30.02,30.86,2909020,116975216.00
2024/05/07,30.77,32.02,30.34,30.56,3297085,132886072.00
2024/05/08,30.67,31.26,29.62,30.94,2484209,99061008.00
2024/05/09,30.86,32.86,30.75,32.40,3894190,163505088.00
2024/05/10,32.11,32.42,31.40,31.63,2677384,110836952.00
2024/05/13,31.52,31.93,30.71,30.86,2398482,97256792.00
2024/05/14,30.86,32.09,30.54,31.90,2212403,90286112.00
2024/05/15,31.96,32.18,31.34,31.65,1540820,63550508.00
2024/05/16,31.86,33.46,31.56,32.71,2458448,103849344.00
2024/05/17,32.32,32.77,31.95,32.33,1839675,77403800.00
2024/05/20,32.09,32.09,28.83,30.59,4460495,175718240.00
2024/05/21,30.36,30.86,29.63,30.59,1614281,63800536.00
2024/05/22,30.71,31.98,30.31,31.26,2571959,104299296.00
2024/05/23,31.79,31.79,30.09,31.29,2601992,104602952.00
2024/05/24,31.28,31.83,30.87,31.38,1890808,77192896.00
2024/05/27,30.86,30.86,29.19,30.36,1736633,68201200.00
2024/05/28,30.36,31.36,30.13,30.95,1541283,62001156.00
2024/05/29,30.95,31.35,30.44,30.71,1469283,59105008.00
2024/05/30,30.66,30.82,28.14,28.63,3540684,134368704.00
2024/05/31,28.63,29.29,28.10,28.63,2513979,93601344.00
2024/06/03,28.43,28.94,27.80,28.35,2008778,74297664.00
2024/06/04,28.36,28.40,26.86,27.51,1928281,68982448.00
2024/06/05,27.71,28.29,27.33,27.63,1569261,56653736.00
2024/06/06,27.98,28.16,26.93,27.13,1583751,56628952.00
2024/06/07,27.13,27.62,26.71,26.83,1425235,50182280.00
2024/06/11,26.69,26.97,25.98,26.89,1369413,47200600.00
2024/06/12,26.88,27.83,26.88,27.60,1450438,51934144.00
2024/06/13,27.79,28.83,27.22,28.33,1987722,72904096.00
2024/06/14,28.23,28.23,27.33,27.80,2890168,103934352.00
2024/06/17,27.67,27.79,26.86,27.16,2089359,74073872.00
2024/06/18,27.16,27.16,26.44,27.03,2681236,93479984.00
2024/06/19,27.02,27.24,26.46,26.66,1073448,37428708.00
2024/06/20,26.70,26.71,24.79,24.79,3035170,77104912.00
2024/06/21,24.66,24.79,23.71,24.30,3295923,79811992.00
2024/06/24,24.16,24.16,21.76,21.94,5234021,118153168.00
2024/06/25,22.25,24.10,21.21,23.80,6968108,157885280.00
2024/06/26,23.60,24.28,23.03,24.17,3305507,78551888.00
2024/06/27,23.20,24.40,23.20,23.70,1994285,47740400.00
2024/06/28,24.06,24.68,23.48,24.45,2260064,54935880.00
2024/07/01,24.45,24.45,22.03,22.36,4997190,113960752.00
2024/07/02,22.30,22.52,21.92,22.33,2731762,60734832.00
2024/07/03,22.14,22.64,21.70,22.50,1773614,39395080.00
2024/07/04,22.93,22.93,21.53,21.75,2456133,53916008.00
2024/07/05,21.45,22.38,21.30,22.25,2379379,52031536.00
2024/07/08,22.49,23.09,22.25,22.57,2330627,52662084.00
2024/07/09,22.12,22.87,22.00,22.63,1953145,43800104.00
2024/07/10,22.64,23.55,22.22,23.16,2547547,58447316.00
2024/07/11,23.53,24.10,23.20,24.01,2883955,68549920.00
2024/07/12,24.07,24.56,23.13,23.45,2754717,65323464.00
2024/07/15,23.31,23.53,22.64,22.67,1573977,36002312.00
2024/07/16,23.11,23.11,22.02,22.58,1508738,33973220.00
2024/07/17,22.78,22.78,22.04,22.29,1411688,31516976.00
2024/07/18,22.00,23.10,21.65,23.03,1569197,35218880.00
2024/07/19,22.98,23.75,22.75,23.48,1308667,30722152.00
2024/07/22,23.60,23.60,23.10,23.39,970249,22584770.00
2024/07/23,23.18,23.30,22.30,22.34,1364636,31090370.00
2024/07/24,22.02,22.68,22.02,22.35,1250872,28034680.00
2024/07/25,22.10,22.78,22.07,22.35,721224,16183169.00
2024/07/26,22.36,22.98,22.21,22.69,982607,22325628.00
2024/07/29,22.77,22.80,22.15,22.42,882002,19733974.00
2024/07/30,22.25,22.96,22.22,22.45,1006264,22664564.00
2024/07/31,22.45,23.61,22.23,23.40,1678637,38439028.00
2024/08/01,23.80,23.93,23.40,23.68,1664648,39377988.00
2024/08/02,23.32,24.14,22.68,23.61,1447454,34394388.00
2024/08/05,23.87,24.20,22.22,22.57,2406658,55537024.00
2024/08/06,22.99,23.30,22.60,23.01,1437573,33014492.00
2024/08/07,23.03,24.70,22.58,24.48,2696005,64507696.00
2024/08/08,24.11,24.43,23.66,24.10,1630919,39275296.00
2024/08/09,23.58,24.01,23.08,23.13,1934170,45109572.00
2024/08/12,22.00,23.54,22.00,23.18,1115478,25858228.00
2024/08/13,22.90,23.77,22.90,23.68,843732,19777780.00
2024/08/14,23.38,24.43,23.08,24.14,1411561,34050912.00
2024/08/15,24.15,25.10,23.89,24.90,1716084,42175104.00
2024/08/16,24.84,25.14,23.84,23.96,2028336,49188136.00
2024/08/19,24.27,24.27,23.51,23.73,722591,17257078.00
2024/08/20,23.78,23.78,23.33,23.51,515779,12111208.00
2024/08/21,23.48,24.20,23.44,23.70,597535,14252484.00
2024/08/22,23.98,24.00,23.13,23.25,881498,20753652.00
2024/08/23,23.25,23.34,22.84,23.30,533853,12303175.00
2024/08/26,23.30,23.79,22.89,23.11,847137,19591898.00
2024/08/27,23.01,23.35,22.70,23.24,869896,20001216.00
2024/08/28,22.85,24.48,22.85,24.29,1220514,29255234.00
2024/08/29,24.88,24.99,23.50,24.47,2168874,52499956.00
2024/08/30,25.02,25.56,24.47,25.38,2157712,53921064.00
2024/09/02,25.40,26.59,25.01,25.96,3086788,79981456.00
2024/09/03,25.77,26.60,25.67,26.00,1319745,34534308.00
2024/09/04,25.59,26.50,25.59,26.14,1237169,32380268.00
2024/09/05,25.93,26.40,25.04,25.17,1773074,45468352.00
2024/09/06,25.50,26.61,25.11,26.26,2164050,56318952.00
2024/09/09,26.26,27.55,26.26,27.49,2496571,67661640.00
2024/09/10,27.23,27.83,26.72,27.27,1969283,53608248.00
2024/09/11,27.27,27.74,26.78,27.61,1437302,39126320.00
2024/09/12,27.60,27.70,27.39,27.44,1068590,29401140.00
2024/09/13,27.21,27.71,26.65,26.75,1350118,36613536.00
2024/09/18,26.75,27.09,26.38,27.02,1337859,35912096.00
2024/09/19,27.07,28.28,26.96,27.69,1906035,52660180.00
2024/09/20,27.20,28.48,27.10,28.08,1515705,42545424.00
2024/09/23,28.22,28.40,27.56,28.01,957390,26671846.00
2024/09/24,27.93,28.80,27.77,28.80,1230794,34935088.00
2024/09/25,28.78,30.15,28.60,29.71,2863149,84766808.00
2024/09/26,30.00,33.39,29.81,33.35,4674988,150197040.00
2024/09/27,33.43,34.49,32.72,34.30,2635419,88085672.00
2024/09/30,36.00,38.76,34.00,37.64,7207746,261182752.00
2024/10/08,44.00,44.00,37.12,39.99,7996561,318829472.00
2024/10/09,38.94,39.50,36.90,37.07,6578492,252037264.00
2024/10/10,37.90,37.90,35.56,35.89,3651572,133407480.00
2024/10/11,35.07,35.74,34.44,35.18,2741476,96382424.00
2024/10/14,35.42,39.30,34.80,38.70,5037755,187898864.00
2024/10/15,38.60,39.65,37.50,38.55,3750971,145686304.00
2024/10/16,39.11,39.11,37.61,37.76,2818756,107933800.00
2024/10/17,38.50,39.20,38.00,38.66,2996678,116250824.00
2024/10/18,38.93,39.55,38.00,38.97,4847516,187926048.00
2024/10/21,38.99,40.18,38.48,38.92,4326812,170260304.00
2024/10/22,38.95,39.22,37.53,38.40,4486800,170890128.00
2024/10/23,38.02,39.20,37.65,37.81,3357241,129486216.00
2024/10/24,37.61,38.80,37.21,37.48,2916830,110197600.00
2024/10/25,38.50,38.64,36.58,37.09,4421775,164392464.00
2024/10/28,36.99,37.69,36.38,36.76,3486248,128903464.00
2024/10/29,36.90,37.49,34.48,34.78,4810182,173127200.00
2024/10/30,34.36,35.76,34.36,34.95,2918767,101875536.00
2024/10/31,35.07,35.50,34.40,35.07,2810878,98652352.00
2024/11/01,35.07,35.39,33.50,33.86,3103348,107294432.00
2024/11/04,33.91,38.30,33.91,37.99,5025247,183452000.00
2024/11/05,38.71,41.82,37.80,40.61,6740598,270104480.00
2024/11/06,40.62,40.99,39.04,40.20,4182380,167896768.00
2024/11/07,40.15,40.17,38.51,39.62,3225086,126883496.00
2024/11/08,40.07,40.69,39.41,39.73,2800962,112076768.00
2024/11/11,39.60,41.61,39.53,41.40,4939634,202344000.00
2024/11/12,41.65,42.44,40.47,40.94,3018614,124912872.00
2024/11/13,40.80,41.93,40.07,41.14,2787306,114386424.00
2024/11/14,41.00,41.74,38.82,39.04,2942611,117486352.00
2024/11/15,38.70,39.77,37.24,37.53,2780683,107541520.00
2024/11/18,37.46,38.28,36.86,37.22,2328182,87301672.00
2024/11/19,37.46,37.99,36.49,37.97,3075553,114134760.00
2024/11/20,37.35,38.13,37.08,38.09,1680823,63399456.00
2024/11/21,38.12,38.37,37.08,38.25,1933621,73022336.00
2024/11/22,38.15,41.26,38.15,39.00,4995001,198618096.00
数据来源:通达信
