601019 山东出版 日线 前复权
      日期	    开盘	    最高	    最低	    收盘	    成交量	    成交额
2017/11/22,9.74,12.18,9.74,12.18,163243,2372385.00
2017/11/23,13.64,13.64,13.64,13.64,122589,1972457.00
2017/11/24,15.25,15.25,15.25,15.25,583725,10331933.00
2017/11/27,14.25,16.05,13.48,14.34,87854994,1481794560.00
2017/11/28,13.65,14.33,13.58,13.83,52039794,847366336.00
2017/11/29,13.76,13.80,12.67,13.06,53153991,823795072.00
2017/11/30,12.93,13.20,12.76,13.00,34926215,538791424.00
2017/12/01,12.86,13.04,12.56,12.57,29819942,453902048.00
2017/12/04,12.35,12.35,11.15,11.18,44579500,627732864.00
2017/12/05,10.95,11.39,10.62,10.78,27495645,368867456.00
2017/12/06,10.79,11.14,10.79,11.13,26889854,360766944.00
2017/12/07,11.01,11.01,10.68,10.72,20204308,268375008.00
2017/12/08,10.77,11.04,10.77,10.92,20412672,273083808.00
2017/12/11,10.85,10.97,10.78,10.92,16100711,214391520.00
2017/12/12,10.86,10.88,10.37,10.40,24879932,324332288.00
2017/12/13,10.38,10.45,10.26,10.42,12075961,154881440.00
2017/12/14,10.39,10.80,10.35,10.61,19277637,252124416.00
2017/12/15,10.56,10.56,10.33,10.40,13329991,171393456.00
2017/12/18,10.39,10.44,10.08,10.18,12122093,153772064.00
2017/12/19,10.18,10.32,10.07,10.23,9719830,123163152.00
2017/12/20,10.22,10.22,9.83,9.90,15158382,188588000.00
2017/12/21,9.86,9.88,9.58,9.80,15445209,188341392.00
2017/12/22,9.77,10.02,9.60,9.88,14070022,173838064.00
2017/12/25,9.89,10.02,9.62,10.01,16487548,201874288.00
2017/12/26,9.93,10.94,9.90,10.73,41256945,535712480.00
2017/12/27,10.55,10.70,10.38,10.39,27416933,355629280.00
2017/12/28,10.39,10.63,10.16,10.42,21528445,277264960.00
2017/12/29,10.36,10.50,10.24,10.42,14039212,179941360.00
2018/01/02,10.48,10.58,10.26,10.50,13257531,171115200.00
2018/01/03,10.47,10.47,10.28,10.37,14240511,182570512.00
2018/01/04,10.35,10.45,10.19,10.22,13472484,171952880.00
2018/01/05,10.22,10.27,10.10,10.11,13539768,170953248.00
2018/01/08,10.15,10.31,10.06,10.25,14318018,181135712.00
2018/01/09,10.23,10.32,10.20,10.24,11781808,149701024.00
2018/01/10,10.21,10.27,9.86,9.93,14615356,182254000.00
2018/01/11,9.87,10.20,9.86,10.07,11627316,145709792.00
2018/01/12,10.05,10.11,9.91,10.01,10170828,126802800.00
2018/01/15,9.99,10.02,9.61,9.64,12278081,150115872.00
2018/01/16,9.61,9.93,9.61,9.89,12781301,157182240.00
2018/01/17,9.91,10.43,9.87,10.23,25084988,316973120.00
2018/01/18,10.13,10.19,10.02,10.07,12677836,158959840.00
2018/01/19,10.10,10.19,9.89,9.91,12784595,159738848.00
2018/01/22,9.84,10.11,9.67,10.03,14002439,173156352.00
2018/01/23,9.95,10.01,9.87,9.93,8876370,109908296.00
2018/01/24,9.95,10.73,9.94,10.44,42441898,544898880.00
2018/01/25,10.36,10.73,10.27,10.28,32454716,419685728.00
2018/01/26,10.21,10.39,10.15,10.29,14788447,187987584.00
2018/01/29,10.26,10.39,10.05,10.08,14068456,178054592.00
2018/01/30,10.05,10.19,9.92,9.97,10184017,126873384.00
2018/01/31,9.96,9.97,9.66,9.71,12467727,152530944.00
2018/02/01,9.75,9.87,9.07,9.11,15787347,187718768.00
2018/02/02,9.00,9.21,8.67,9.05,9935550,113703984.00
2018/02/05,8.77,9.00,8.73,8.88,7644473,86818960.00
2018/02/06,8.70,8.75,8.07,8.08,14988187,163438800.00
2018/02/07,8.30,8.42,7.86,8.16,10334080,109908112.00
2018/02/08,8.11,8.33,8.11,8.25,7501452,80334864.00
2018/02/09,7.95,8.04,7.72,7.84,9652360,99847184.00
2018/02/12,7.92,8.11,7.92,8.03,6997459,73370264.00
2018/02/13,8.07,8.13,7.98,8.00,6863184,72030976.00
2018/02/14,8.04,8.05,7.93,7.96,3641976,38014624.00
2018/02/22,8.02,8.10,7.96,8.08,6036379,63443040.00
2018/02/23,8.08,8.29,8.03,8.21,8343989,88696112.00
2018/02/26,8.31,8.50,8.26,8.46,10564589,114712256.00
2018/02/27,8.38,8.44,8.30,8.37,9315897,100723096.00
2018/02/28,8.33,8.33,8.18,8.23,7501153,80227208.00
2018/03/01,8.15,8.27,8.11,8.25,6903606,73733920.00
2018/03/02,8.20,8.30,8.15,8.24,7858919,83821096.00
2018/03/05,8.21,8.25,8.12,8.20,6147928,65309860.00
2018/03/06,8.22,8.34,8.19,8.32,8673525,92922504.00
2018/03/07,8.38,8.38,8.17,8.18,7780962,83381712.00
2018/03/08,8.16,8.29,8.16,8.26,6428255,68683784.00
2018/03/09,8.28,8.50,8.24,8.48,15312513,166392256.00
2018/03/12,8.49,8.60,8.44,8.54,11488552,125993160.00
2018/03/13,8.51,8.63,8.38,8.46,11698001,128005848.00
2018/03/14,8.37,8.51,8.37,8.40,7588200,82541520.00
2018/03/15,8.35,8.38,7.99,8.07,12271766,130231896.00
2018/03/16,8.07,8.22,8.01,8.07,7381788,78050256.00
2018/03/19,8.06,8.12,7.95,8.09,5665762,59557760.00
2018/03/20,8.00,8.07,7.92,8.02,6853942,71568304.00
2018/03/21,8.01,8.20,7.95,7.98,7695083,81078648.00
2018/03/22,8.01,8.06,7.95,7.98,5937350,62051820.00
2018/03/23,7.75,7.81,7.02,7.20,14978533,149040800.00
2018/03/26,7.13,7.31,6.75,7.27,7419364,70419472.00
2018/03/27,7.33,8.24,7.32,8.13,32329590,336801568.00
2018/03/28,7.80,7.89,7.59,7.61,21277542,217019952.00
2018/03/29,7.67,7.78,7.66,7.70,8009170,81490696.00
2018/03/30,7.77,7.80,7.68,7.71,6770190,68883480.00
2018/04/02,7.71,7.78,7.66,7.69,6329106,64367480.00
2018/04/03,7.55,7.55,7.37,7.47,6574242,65231256.00
2018/04/04,7.47,7.62,7.47,7.50,6158115,61610836.00
2018/04/09,7.44,7.56,7.30,7.55,6940475,68581984.00
2018/04/10,7.56,7.95,7.52,7.80,12503977,127771928.00
2018/04/11,7.82,8.20,7.77,7.95,14236082,148439152.00
2018/04/12,8.00,8.38,7.99,8.20,21157992,225575072.00
2018/04/13,8.28,8.28,7.96,7.98,11771263,124025480.00
2018/04/16,7.98,8.12,7.81,7.88,7023382,73104688.00
2018/04/17,7.93,8.03,7.61,7.66,6668413,68513784.00
2018/04/18,7.76,7.89,7.57,7.82,6414229,65230624.00
2018/04/19,7.82,7.84,7.71,7.76,5427387,55474900.00
2018/04/20,7.75,7.75,7.45,7.47,6953998,69697632.00
2018/04/23,7.35,7.52,7.35,7.45,3886200,38392748.00
2018/04/24,7.43,7.72,7.43,7.68,5459984,55007216.00
2018/04/25,7.68,7.68,7.57,7.63,3464770,34874092.00
2018/04/26,7.62,7.63,7.35,7.37,5127403,50894536.00
2018/04/27,7.41,7.49,7.35,7.42,3296060,32493344.00
2018/05/02,7.43,7.46,7.28,7.35,3459848,33993072.00
2018/05/03,7.33,7.40,7.20,7.38,4544014,44333492.00
2018/05/04,7.37,7.38,7.30,7.32,3113713,30464546.00
2018/05/07,7.37,7.45,7.34,7.44,4281653,42206012.00
2018/05/08,7.44,7.62,7.42,7.56,6863581,68358576.00
2018/05/09,7.52,7.57,7.46,7.48,4096571,40727656.00
2018/05/10,7.48,7.83,7.47,7.66,9202820,92905776.00
2018/05/11,7.65,7.72,7.53,7.54,5369308,53851624.00
2018/05/14,7.70,7.80,7.57,7.63,6127779,62079236.00
2018/05/15,7.58,7.67,7.45,7.65,6606833,66201548.00
2018/05/16,7.60,7.60,7.49,7.50,4045000,40447616.00
2018/05/17,7.54,7.57,7.48,7.51,2795535,27864420.00
2018/05/18,7.51,7.64,7.48,7.61,5173277,51888800.00
2018/05/21,7.64,7.72,7.64,7.69,6964908,70610704.00
2018/05/22,7.68,7.82,7.68,7.81,8052976,82098640.00
2018/05/23,7.78,7.79,7.60,7.63,6567045,66694176.00
2018/05/24,7.65,7.70,7.60,7.65,3792659,38315724.00
2018/05/25,7.61,7.68,7.48,7.49,4807465,48299616.00
2018/05/28,7.50,7.55,7.36,7.37,5283673,52253564.00
2018/05/29,7.40,7.47,7.35,7.38,4132459,40684412.00
2018/05/30,7.25,7.25,6.87,6.93,6967860,66470112.00
2018/05/31,6.96,7.14,6.96,7.08,3771725,35869244.00
2018/06/01,7.08,7.10,6.93,6.99,3236399,30625980.00
2018/06/04,7.06,7.09,7.00,7.02,2091645,19850308.00
2018/06/05,7.03,7.18,7.01,7.15,2877185,27463744.00
2018/06/06,7.13,7.30,7.12,7.19,3901500,37728460.00
2018/06/07,7.13,7.20,7.06,7.09,2925815,28031076.00
2018/06/08,7.10,7.10,6.90,6.96,3259690,30738772.00
2018/06/11,6.92,7.03,6.92,6.99,2875652,27123332.00
2018/06/12,7.02,7.04,6.90,6.98,2234006,21056556.00
2018/06/13,6.98,6.98,6.77,6.78,3290233,30646166.00
2018/06/14,6.79,6.90,6.76,6.79,2587800,24024876.00
2018/06/15,6.76,6.87,6.56,6.63,3875700,35409112.00
2018/06/19,6.59,6.59,5.72,5.77,8514993,71221880.00
2018/06/20,5.72,5.91,5.70,5.85,4108314,33959228.00
2018/06/21,5.88,5.91,5.58,5.59,4964100,40741436.00
2018/06/22,5.59,5.73,5.47,5.72,3080443,24997676.00
2018/06/25,5.77,5.85,5.73,5.76,2981000,24549206.00
2018/06/26,5.73,5.79,5.57,5.76,3125748,24783912.00
2018/06/27,5.75,5.85,5.67,5.69,3123100,24894098.00
2018/06/28,5.74,5.74,5.59,5.60,2334081,18450956.00
2018/06/29,5.62,5.80,5.59,5.78,3362667,26733316.00
2018/07/02,5.80,5.80,5.62,5.67,3437587,27295216.00
2018/07/03,5.69,5.78,5.61,5.76,3402998,27013254.00
2018/07/04,5.74,5.75,5.64,5.65,2732106,21651072.00
2018/07/05,5.63,5.73,5.49,5.49,3075165,24124462.00
2018/07/06,5.51,5.59,5.30,5.53,3660013,28266654.00
2018/07/09,5.53,5.65,5.53,5.65,2447928,19180518.00
2018/07/10,5.65,5.72,5.61,5.68,2855586,22531460.00
2018/07/11,5.52,5.56,5.35,5.38,3642387,27990624.00
2018/07/12,5.32,5.63,5.32,5.61,4387076,34150312.00
2018/07/13,5.61,5.68,5.57,5.65,3119860,24496986.00
2018/07/16,5.68,5.70,5.62,5.66,2129721,16783492.00
2018/07/17,5.63,5.69,5.58,5.68,1994414,15692202.00
2018/07/18,5.66,5.87,5.64,5.70,4310231,34431256.00
2018/07/19,5.68,5.71,5.52,5.55,2800003,21913272.00
2018/07/20,5.52,5.70,5.44,5.68,3958307,30995872.00
2018/07/23,5.65,5.75,5.62,5.74,3290663,26081532.00
2018/07/24,5.76,5.87,5.72,5.86,5895256,47553140.00
2018/07/25,5.87,5.93,5.83,5.86,4399681,35644112.00
2018/07/26,5.85,5.92,5.82,5.90,4880177,39586168.00
2018/07/27,5.89,5.89,5.82,5.84,2778051,22453442.00
2018/07/30,5.82,5.85,5.71,5.74,2759400,22109016.00
2018/07/31,5.72,5.78,5.70,5.76,2288078,18229726.00
2018/08/01,5.76,5.82,5.60,5.61,3548500,28225102.00
2018/08/02,5.57,5.59,5.18,5.28,4692709,35588996.00
2018/08/03,5.28,5.35,5.23,5.24,2565849,19320462.00
2018/08/06,5.24,5.28,5.10,5.12,2619738,19421720.00
2018/08/07,5.13,5.29,5.10,5.28,2640300,19621072.00
2018/08/08,5.26,5.33,5.15,5.20,2234315,16726504.00
2018/08/09,5.17,5.36,5.15,5.32,2496039,18796584.00
2018/08/10,5.31,5.34,5.27,5.30,2037974,15350554.00
2018/08/13,5.22,5.29,5.16,5.27,2566525,19092268.00
2018/08/14,5.25,5.39,5.19,5.38,3715502,28016020.00
2018/08/15,5.35,5.36,5.20,5.22,2639003,19795656.00
2018/08/16,5.17,5.25,5.10,5.19,1909759,14150566.00
2018/08/17,5.24,5.24,5.01,5.02,2296043,16888892.00
2018/08/20,5.02,5.06,4.87,5.03,2750141,19785788.00
2018/08/21,5.01,5.06,4.96,5.05,2192064,15898179.00
2018/08/22,5.02,5.04,4.95,4.98,1600031,11557555.00
2018/08/23,5.00,5.05,4.97,5.01,1584669,11477521.00
2018/08/24,5.02,5.03,4.94,4.96,1959724,14117142.00
2018/08/27,4.96,5.09,4.96,5.07,2624266,19097240.00
2018/08/28,5.07,5.14,5.05,5.11,1974475,14453390.00
2018/08/29,5.18,5.21,5.09,5.12,2425150,17892540.00
2018/08/30,5.11,5.13,5.03,5.03,1664397,12150028.00
2018/08/31,5.05,5.13,4.98,5.09,2638427,19257062.00
2018/09/03,5.09,5.09,4.96,5.05,2718000,19690518.00
2018/09/04,5.05,5.21,5.03,5.19,3077416,22698252.00
2018/09/05,5.17,5.20,5.10,5.11,1973300,14557439.00
2018/09/06,5.12,5.15,5.08,5.09,1644948,12079047.00
2018/09/07,5.07,5.17,5.07,5.10,1856877,13641312.00
2018/09/10,5.12,5.13,4.98,4.98,1660100,12070349.00
2018/09/11,4.98,5.06,4.94,5.00,1476643,10691617.00
2018/09/12,4.99,5.09,4.99,5.07,1997866,14552287.00
2018/09/13,5.10,5.13,5.04,5.12,2113199,15472706.00
2018/09/14,5.11,5.13,5.05,5.07,1880503,13770651.00
2018/09/17,5.06,5.06,4.88,4.90,1967271,14160508.00
2018/09/18,4.90,5.11,4.88,5.10,3047303,22075326.00
2018/09/19,5.07,5.21,5.05,5.18,3650732,26948676.00
2018/09/20,5.17,5.29,5.15,5.28,5026479,37532944.00
2018/09/21,5.28,5.38,5.22,5.36,4740531,35776528.00
2018/09/25,5.31,5.56,5.30,5.41,4926178,37844108.00
2018/09/26,5.37,5.52,5.35,5.44,5299880,40722616.00
2018/09/27,5.50,5.51,5.33,5.34,3545825,27126896.00
2018/09/28,5.39,5.50,5.39,5.46,4072921,31299000.00
2018/10/08,5.35,5.42,5.26,5.27,3471458,26269154.00
2018/10/09,5.30,5.32,5.17,5.19,2962503,22128564.00
2018/10/10,5.20,5.44,5.20,5.43,4131408,31295716.00
2018/10/11,5.27,5.32,4.83,4.92,7688090,56441968.00
2018/10/12,4.87,4.94,4.47,4.81,5217918,36490120.00
2018/10/15,4.85,4.90,4.72,4.73,2207661,15559443.00
2018/10/16,4.73,4.81,4.50,4.55,2803931,19285546.00
2018/10/17,4.65,4.71,4.52,4.66,2306799,15789998.00
2018/10/18,4.63,4.67,4.44,4.46,2063706,13925333.00
2018/10/19,4.41,4.71,4.36,4.66,3648178,24637708.00
2018/10/22,4.67,5.07,4.67,4.97,5909006,42241128.00
2018/10/23,5.02,5.15,4.93,4.95,5332077,38618272.00
2018/10/24,4.95,5.07,4.93,5.01,3047630,22048386.00
2018/10/25,4.85,5.02,4.81,5.00,3336840,23885228.00
2018/10/26,5.06,5.12,5.00,5.06,2849755,20766274.00
2018/10/29,5.05,5.07,4.87,4.89,2290300,16444228.00
2018/10/30,4.89,5.17,4.87,5.15,6225841,45517424.00
2018/10/31,5.18,5.37,5.16,5.30,6002462,45136272.00
2018/11/01,5.32,5.41,5.26,5.28,4885417,37005984.00
2018/11/02,5.36,5.47,5.28,5.35,5193814,39368288.00
2018/11/05,5.35,5.41,5.25,5.31,4702054,35513884.00
2018/11/06,5.30,5.32,5.20,5.29,3205914,24004312.00
2018/11/07,5.32,5.38,5.26,5.35,3568110,26982908.00
2018/11/08,5.35,5.47,5.16,5.18,3523716,26395024.00
2018/11/09,5.22,5.22,5.08,5.17,2985882,22050172.00
2018/11/12,5.17,5.45,5.10,5.45,6717960,50751444.00
2018/11/13,5.37,5.84,5.33,5.71,11795009,92976416.00
2018/11/14,5.68,5.85,5.64,5.71,9389466,75035504.00
2018/11/15,5.72,5.99,5.72,5.91,9177598,74738952.00
2018/11/16,5.87,5.92,5.72,5.80,8221298,66208508.00
2018/11/19,5.77,5.83,5.67,5.72,5882778,46739276.00
2018/11/20,5.71,5.75,5.52,5.52,5956603,46789188.00
2018/11/21,5.47,5.58,5.40,5.51,5188470,40019388.00
2018/11/22,5.58,5.58,5.48,5.51,3406193,26421008.00
2018/11/23,5.48,5.51,5.18,5.19,6190034,46562744.00
2018/11/26,5.19,5.23,5.06,5.08,3563400,26206560.00
2018/11/27,5.12,5.18,5.08,5.11,2797265,20560742.00
2018/11/28,5.13,5.42,5.01,5.37,6988748,52393824.00
2018/11/29,5.43,5.44,5.22,5.23,4909679,37177672.00
2018/11/30,5.26,5.27,5.05,5.15,3051435,22539980.00
2018/12/03,5.29,5.46,5.25,5.42,6446386,49009256.00
2018/12/04,5.43,5.47,5.36,5.42,4304378,32916728.00
2018/12/05,5.30,5.59,5.29,5.49,5729306,44224932.00
2018/12/06,5.45,5.52,5.32,5.35,5140113,39244704.00
2018/12/07,5.39,5.44,5.35,5.41,2359349,18036876.00
2018/12/10,5.38,5.40,5.23,5.26,3107422,23398932.00
2018/12/11,5.34,5.38,5.27,5.38,2635121,19972100.00
2018/12/12,5.39,5.51,5.38,5.44,4745042,36474452.00
2018/12/13,5.46,5.52,5.42,5.48,3786121,29190502.00
2018/12/14,5.49,5.51,5.30,5.32,3502506,26720734.00
2018/12/17,5.30,5.34,5.20,5.31,3434990,25785320.00
2018/12/18,5.27,5.31,5.01,5.10,6191801,45545484.00
2018/12/19,5.11,5.16,5.07,5.08,3244325,23845536.00
2018/12/20,5.08,5.13,5.00,5.03,3515278,25596988.00
2018/12/21,5.02,5.05,4.91,4.97,3771747,27217740.00
2018/12/24,4.99,5.12,4.97,5.09,3824152,27758006.00
2018/12/25,5.00,5.06,4.80,4.92,5935266,42246644.00
2018/12/26,4.93,5.25,4.90,5.20,8735248,64357412.00
2018/12/27,5.26,5.70,5.26,5.45,16316607,126455432.00
2018/12/28,5.51,5.65,5.40,5.59,9890448,77111712.00
2019/01/02,5.64,5.95,5.64,5.67,17208096,138193456.00
2019/01/03,5.74,5.92,5.60,5.63,10282489,82042664.00
2019/01/04,5.71,5.98,5.61,5.83,13897008,111709856.00
2019/01/07,5.83,5.95,5.78,5.88,9227974,74763384.00
2019/01/08,5.87,5.88,5.75,5.80,5812206,46726512.00
2019/01/09,5.87,6.14,5.79,6.01,13657183,112739232.00
2019/01/10,6.04,6.30,5.99,6.20,11747428,98815904.00
2019/01/11,6.17,6.25,6.08,6.16,4950753,41457084.00
2019/01/14,6.16,6.16,5.93,6.01,6129030,50487168.00
2019/01/15,6.06,6.15,5.97,6.07,4665500,38723856.00
2019/01/16,6.06,6.28,6.03,6.21,5719111,48162740.00
2019/01/17,6.17,6.22,5.92,6.03,5060877,41961884.00
2019/01/18,6.03,6.18,5.88,6.05,5084921,42022064.00
2019/01/21,6.05,6.27,5.95,6.19,6594017,55065044.00
2019/01/22,6.15,6.18,5.97,6.02,7025434,58282516.00
2019/01/23,6.07,6.17,5.98,6.14,3777135,31328604.00
2019/01/24,6.12,6.16,6.01,6.09,3319567,27657680.00
2019/01/25,6.07,6.23,6.02,6.06,2913402,24255102.00
2019/01/28,6.08,6.25,6.00,6.14,6354306,52954720.00
2019/01/29,6.08,6.22,5.88,6.15,6878012,57057416.00
2019/01/30,6.09,6.15,5.72,5.78,6722997,54442304.00
2019/01/31,5.78,5.96,5.75,5.78,5943276,47987332.00
2019/02/01,5.81,6.05,5.72,6.00,6516015,52769852.00
2019/02/11,6.00,6.23,5.96,6.17,5300427,44060144.00
2019/02/12,6.20,6.55,6.13,6.37,7571097,64988448.00
2019/02/13,6.38,6.54,6.33,6.50,7572021,65825280.00
2019/02/14,6.50,6.52,6.37,6.42,4283907,37140216.00
2019/02/15,6.44,6.50,6.32,6.35,3252493,28090044.00
2019/02/18,6.39,6.49,6.37,6.47,5101873,44195696.00
2019/02/19,6.47,6.49,6.23,6.36,6970430,59834236.00
2019/02/20,6.37,6.38,6.25,6.28,5375263,45886988.00
2019/02/21,6.29,6.35,6.19,6.21,5817493,49504432.00
2019/02/22,6.24,6.43,6.20,6.39,5030185,43075520.00
2019/02/25,6.45,6.70,6.45,6.69,10744526,94657032.00
2019/02/26,6.67,6.87,6.50,6.70,13920849,124452312.00
2019/02/27,6.65,6.75,6.46,6.52,10276136,90857256.00
2019/02/28,6.53,6.67,6.45,6.57,5577257,49020120.00
2019/03/01,6.58,6.62,6.39,6.47,8408995,73027760.00
2019/03/04,6.50,6.68,6.47,6.57,12869950,113400096.00
2019/03/05,6.57,6.65,6.50,6.65,9813053,86211640.00
2019/03/06,6.65,6.91,6.64,6.91,17089394,154072608.00
2019/03/07,6.85,7.02,6.75,6.83,15503397,140742032.00
2019/03/08,6.68,6.75,6.40,6.41,11419958,100902256.00
2019/03/11,6.45,6.59,6.38,6.59,9125475,79711448.00
2019/03/12,6.62,7.01,6.61,6.96,23540747,213777872.00
2019/03/13,6.93,7.05,6.69,6.71,13086954,119160848.00
2019/03/14,6.69,6.80,6.48,6.59,8595094,75953712.00
2019/03/15,6.65,6.74,6.57,6.61,6445751,57169704.00
2019/03/18,6.65,6.77,6.53,6.77,7440668,66065844.00
2019/03/19,6.82,6.84,6.68,6.75,6186028,55571320.00
2019/03/20,6.75,6.79,6.53,6.71,6498712,57878136.00
2019/03/21,6.69,7.02,6.66,6.89,15199939,138556672.00
2019/03/22,6.86,6.94,6.71,6.87,6918366,62619736.00
2019/03/25,6.77,6.84,6.64,6.65,7902831,70757544.00
2019/03/26,6.68,6.74,6.26,6.33,15781820,136723888.00
2019/03/27,6.35,6.40,6.21,6.32,6267597,53384516.00
2019/03/28,6.30,6.34,6.17,6.17,4873339,41340616.00
2019/03/29,6.21,6.44,6.14,6.41,5648949,48390736.00
2019/04/01,6.49,6.66,6.46,6.60,8988610,79070520.00
2019/04/02,6.64,6.72,6.60,6.62,8144838,72374080.00
2019/04/03,6.57,6.72,6.56,6.67,7057883,62644932.00
2019/04/04,6.68,6.72,6.62,6.70,8274700,73662928.00
2019/04/08,6.72,6.79,6.51,6.61,7785139,69122768.00
2019/04/09,6.61,6.73,6.53,6.69,5828286,51893084.00
2019/04/10,6.67,6.67,6.52,6.59,6528847,57501556.00
2019/04/11,6.63,6.63,6.46,6.49,7615025,66574732.00
2019/04/12,6.45,6.66,6.44,6.66,9208887,81031048.00
2019/04/15,6.74,6.83,6.56,6.61,23222210,207228032.00
2019/04/16,6.53,7.23,6.42,7.22,37050619,340770496.00
2019/04/17,7.17,7.54,6.87,6.94,31398159,295031456.00
2019/04/18,6.89,7.01,6.74,6.77,19907466,180848112.00
2019/04/19,6.72,6.80,6.62,6.72,10471121,93485760.00
2019/04/22,6.76,6.80,6.59,6.61,7512330,66752632.00
2019/04/23,6.62,6.66,6.42,6.42,7677189,67287936.00
2019/04/24,6.42,6.52,6.34,6.49,4986935,43251728.00
2019/04/25,6.49,6.55,6.19,6.21,6675214,57641512.00
2019/04/26,6.28,6.32,6.17,6.19,4320656,36562920.00
2019/04/29,6.15,6.25,5.98,6.02,5542781,46313768.00
2019/04/30,6.02,6.19,6.00,6.04,4613529,38304420.00
2019/05/06,5.85,5.85,5.43,5.48,8566211,67155552.00
2019/05/07,5.55,5.63,5.47,5.55,6042935,46968784.00
2019/05/08,5.47,5.62,5.40,5.53,3518070,27346944.00
2019/05/09,5.45,5.53,5.42,5.46,2413500,18597376.00
2019/05/10,5.48,5.62,5.42,5.60,4772502,37135816.00
2019/05/13,5.54,5.57,5.47,5.50,4511100,34926392.00
2019/05/14,5.42,5.52,5.41,5.43,3902832,30076396.00
2019/05/15,5.47,5.59,5.47,5.56,3354341,26058016.00
2019/05/16,5.56,5.70,5.54,5.66,4501353,35503424.00
2019/05/17,5.65,5.65,5.42,5.43,4022915,31163840.00
2019/05/20,5.43,5.49,5.33,5.45,2501912,19090214.00
2019/05/21,5.45,5.57,5.43,5.53,1964215,15233035.00
2019/05/22,5.54,5.60,5.51,5.56,2725100,21228072.00
2019/05/23,5.55,5.57,5.46,5.48,1429200,11062326.00
2019/05/24,5.47,5.57,5.45,5.53,2123306,16462338.00
2019/05/27,5.54,5.69,5.51,5.68,3379021,26556796.00
2019/05/28,5.63,5.70,5.62,5.63,2047400,16162749.00
2019/05/29,5.62,5.65,5.59,5.60,1659394,13021140.00
2019/05/30,5.61,5.61,5.47,5.52,2159900,16704336.00
2019/05/31,5.51,5.58,5.50,5.54,1344218,10445576.00
2019/06/03,5.54,5.57,5.46,5.54,3793158,29383638.00
2019/06/04,5.55,5.56,5.41,5.42,2163960,16702784.00
2019/06/05,5.50,5.55,5.47,5.48,1950668,15111513.00
2019/06/06,5.46,5.50,5.40,5.42,1632259,12514229.00
2019/06/10,5.45,5.55,5.38,5.53,1758511,13600320.00
2019/06/11,5.50,5.74,5.49,5.72,3327371,26237696.00
2019/06/12,5.75,5.77,5.67,5.73,3248723,25856756.00
2019/06/13,5.75,5.82,5.68,5.79,2790423,21484692.00
2019/06/14,5.75,5.94,5.72,5.75,5808668,45216212.00
2019/06/17,5.78,5.88,5.74,5.83,3960500,30804488.00
2019/06/18,5.81,5.89,5.80,5.88,2859926,22306616.00
2019/06/19,5.93,6.00,5.89,5.91,4204650,33186130.00
2019/06/20,5.94,6.02,5.85,5.97,3481917,27526904.00
2019/06/21,5.96,6.13,5.96,6.10,4637706,37250600.00
2019/06/24,6.11,6.12,6.02,6.06,2638000,21098442.00
2019/06/25,6.06,6.11,5.93,6.00,2366475,18755158.00
2019/06/26,5.95,6.03,5.94,5.96,1543000,12228200.00
2019/06/27,6.04,6.06,5.95,5.98,2308538,18330624.00
2019/06/28,6.01,6.01,5.83,5.84,3351856,26309224.00
2019/07/01,5.92,6.01,5.92,5.97,3028366,23942492.00
2019/07/02,5.98,5.98,5.85,5.88,3424975,26778148.00
2019/07/03,5.83,5.89,5.82,5.87,1855500,14454314.00
2019/07/04,5.90,5.91,5.77,5.79,2832410,21990950.00
2019/07/05,5.79,5.82,5.76,5.79,1840500,14228872.00
2019/07/08,5.77,5.83,5.50,5.57,4252500,32321924.00
2019/07/09,5.60,5.61,5.55,5.57,1780808,13399084.00
2019/07/10,5.58,5.61,5.47,5.48,1911709,14279844.00
2019/07/11,5.49,5.60,5.48,5.52,1462322,10929335.00
2019/07/12,5.49,5.56,5.48,5.52,1164465,8685631.00
2019/07/15,5.53,5.61,5.41,5.61,2785994,20841572.00
2019/07/16,5.61,5.66,5.57,5.65,1598700,12074661.00
2019/07/17,5.62,5.64,5.57,5.58,1562811,11795752.00
2019/07/18,5.59,5.60,5.48,5.51,1346365,10025881.00
2019/07/19,5.50,5.61,5.50,5.51,1560175,11690954.00
2019/07/22,5.55,5.56,5.37,5.38,2258715,16646288.00
2019/07/23,5.42,5.46,5.38,5.46,1095876,8085427.00
2019/07/24,5.44,5.55,5.39,5.44,2991536,22203766.00
2019/07/25,5.45,5.45,5.37,5.40,2037433,14962465.00
2019/07/26,5.40,5.43,5.30,5.36,3386370,24708542.00
2019/07/29,5.36,5.38,5.26,5.34,2578900,18694090.00
2019/07/30,5.36,5.42,5.34,5.37,2451396,17962586.00
2019/07/31,5.40,5.47,5.37,5.44,3610253,26578922.00
2019/08/01,5.39,5.47,5.38,5.44,2858719,21084132.00
2019/08/02,5.36,5.39,5.30,5.34,2046550,14924904.00
2019/08/05,5.32,5.41,5.28,5.33,2114085,15417167.00
2019/08/06,5.25,5.32,5.02,5.07,3787600,26783444.00
2019/08/07,5.10,5.16,4.99,5.00,2314400,16147740.00
2019/08/08,5.03,5.07,4.97,4.97,2126522,14768651.00
2019/08/09,5.02,5.02,4.86,4.86,1833700,12616199.00
2019/08/12,4.92,4.93,4.86,4.91,1902390,13007470.00
2019/08/13,4.88,4.96,4.88,4.91,1205952,8262935.00
2019/08/14,4.98,5.02,4.95,4.97,1416500,9804889.00
2019/08/15,4.91,4.99,4.82,4.98,1681600,11537665.00
2019/08/16,4.94,5.04,4.94,4.99,1723706,11965439.00
2019/08/19,4.99,5.15,4.99,5.15,3322471,23414700.00
2019/08/20,5.14,5.21,5.12,5.14,2599500,18485006.00
2019/08/21,5.18,5.18,5.09,5.13,2552300,18034160.00
2019/08/22,5.10,5.16,5.08,5.12,1579507,11133753.00
2019/08/23,5.13,5.14,5.08,5.13,1538448,10850851.00
2019/08/26,5.07,5.11,4.97,5.06,2267576,15846788.00
2019/08/27,5.08,5.22,5.08,5.18,2428605,17289192.00
2019/08/28,5.18,5.21,5.14,5.15,2042900,14506876.00
2019/08/29,5.16,5.26,5.13,5.23,3462780,24764192.00
2019/08/30,5.24,5.30,5.14,5.18,2842731,20326248.00
2019/09/02,5.13,5.35,5.11,5.34,5005219,36149992.00
2019/09/03,5.34,5.55,5.31,5.51,8143705,60332460.00
2019/09/04,5.50,5.66,5.47,5.66,6928530,52237436.00
2019/09/05,5.67,5.74,5.60,5.63,5344460,40699444.00
2019/09/06,5.64,5.71,5.61,5.66,2994760,22800996.00
2019/09/09,5.73,5.74,5.67,5.70,3674000,28077064.00
2019/09/10,5.72,5.72,5.57,5.66,4782811,36215096.00
2019/09/11,5.66,5.84,5.65,5.73,6090807,46887960.00
2019/09/12,5.70,5.75,5.62,5.67,3780338,28744388.00
2019/09/16,5.73,5.74,5.59,5.60,2973877,22554296.00
2019/09/17,5.63,5.65,5.42,5.46,3965200,29562248.00
2019/09/18,5.46,5.53,5.46,5.50,2424509,18025936.00
2019/09/19,5.52,5.57,5.47,5.55,1747030,13035338.00
2019/09/20,5.53,5.58,5.44,5.47,2952799,21944856.00
2019/09/23,5.52,5.52,5.30,5.38,4349515,31663418.00
2019/09/24,5.33,5.44,5.33,5.39,3836790,28134972.00
2019/09/25,5.38,5.38,5.22,5.26,3737830,27028856.00
2019/09/26,5.30,5.35,5.20,5.21,4277841,30875200.00
2019/09/27,5.20,5.36,5.20,5.32,2799341,20344708.00
2019/09/30,5.38,5.38,5.19,5.21,2324151,16719389.00
2019/10/08,5.22,5.33,5.14,5.15,3396715,24389580.00
2019/10/09,5.21,5.28,5.14,5.25,2536432,18091554.00
2019/10/10,5.32,5.32,5.21,5.28,2415408,17388032.00
2019/10/11,5.26,5.31,5.22,5.28,2363506,17030872.00
2019/10/14,5.32,5.43,5.31,5.39,4042467,29596974.00
2019/10/15,5.38,5.40,5.30,5.33,2601400,18966566.00
2019/10/16,5.37,5.39,5.20,5.24,3306747,23863692.00
2019/10/17,5.26,5.28,5.18,5.21,1962990,14090377.00
2019/10/18,5.25,5.31,5.10,5.10,5096033,36339492.00
2019/10/21,5.14,5.25,5.11,5.23,4680239,33321516.00
2019/10/22,5.23,5.26,5.16,5.24,2579017,18454104.00
2019/10/23,5.24,5.24,5.15,5.19,2123916,15123877.00
2019/10/24,5.21,5.25,5.12,5.24,2717674,19385836.00
2019/10/25,5.20,5.29,5.17,5.27,2626518,18838708.00
2019/10/28,5.27,5.34,5.27,5.33,4095280,29690412.00
2019/10/29,5.33,5.33,5.21,5.23,2862708,20600920.00
2019/10/30,5.24,5.25,5.10,5.15,3272216,23178316.00
2019/10/31,5.17,5.17,5.02,5.05,3390100,23754096.00
2019/11/01,5.02,5.06,4.90,4.97,5509220,37956760.00
2019/11/04,4.97,5.02,4.91,4.94,4056561,27985792.00
2019/11/05,4.94,5.02,4.88,4.99,3927700,27085046.00
2019/11/06,4.97,5.00,4.88,4.88,2616100,17956908.00
2019/11/07,4.91,4.98,4.89,4.95,2200477,15151988.00
2019/11/08,4.98,5.02,4.94,4.96,2239528,15493420.00
2019/11/11,4.91,4.94,4.73,4.75,4033377,27215706.00
2019/11/12,4.80,4.80,4.73,4.76,1896802,12693968.00
2019/11/13,4.75,4.77,4.70,4.72,1885819,12577172.00
2019/11/14,4.72,4.76,4.70,4.73,1282386,8557090.00
2019/11/15,4.71,4.75,4.66,4.66,1913900,12688182.00
2019/11/18,4.67,4.70,4.59,4.67,2161300,14241186.00
2019/11/19,4.64,4.81,4.64,4.79,2604433,17442552.00
2019/11/20,4.84,4.85,4.72,4.73,1657700,11129339.00
2019/11/21,4.73,4.89,4.71,4.88,3670140,24883498.00
2019/11/22,4.85,4.94,4.78,4.78,2289723,15549747.00
2019/11/25,4.78,4.82,4.73,4.82,2065600,13888673.00
2019/11/26,4.82,4.84,4.70,4.72,2477019,16573016.00
2019/11/27,4.72,4.78,4.69,4.74,1560161,10423331.00
2019/11/28,4.73,4.75,4.70,4.70,1923206,12812525.00
2019/11/29,4.74,4.75,4.68,4.75,2013531,13390355.00
2019/12/02,4.75,4.80,4.66,4.70,3401805,22687694.00
2019/12/03,4.68,4.68,4.63,4.67,2796403,18431038.00
2019/12/04,4.67,4.70,4.63,4.65,2171483,14323999.00
2019/12/05,4.67,4.70,4.65,4.69,3134480,20734938.00
2019/12/06,4.68,4.75,4.66,4.75,2944196,19552130.00
2019/12/09,4.75,4.80,4.73,4.77,3837897,25742064.00
2019/12/10,4.78,4.83,4.74,4.82,3652790,24581328.00
2019/12/11,4.81,4.90,4.81,4.82,4161811,28247088.00
2019/12/12,4.85,4.85,4.74,4.76,3718316,24960220.00
2019/12/13,4.77,4.85,4.76,4.83,4464809,30077302.00
2019/12/16,4.83,4.94,4.79,4.91,4818993,32689608.00
2019/12/17,4.90,5.09,4.86,5.03,9380470,64804616.00
2019/12/18,5.00,5.05,4.99,5.00,3599621,25032204.00
2019/12/19,5.03,5.13,5.01,5.10,5400426,37917092.00
2019/12/20,5.11,5.13,5.03,5.05,3876433,27190932.00
2019/12/23,5.05,5.06,4.81,4.90,5069162,34981432.00
2019/12/24,4.89,4.93,4.84,4.91,3029498,20677214.00
2019/12/25,4.89,4.94,4.84,4.88,3007777,20534964.00
2019/12/26,4.88,4.94,4.84,4.92,2896842,19778052.00
2019/12/27,4.92,5.03,4.90,4.91,4939165,34097816.00
2019/12/30,4.89,5.02,4.82,4.98,6807480,46921172.00
2019/12/31,4.97,5.07,4.91,5.01,6557951,45403048.00
2020/01/02,5.04,5.14,5.03,5.11,6821396,48007720.00
2020/01/03,5.12,5.18,5.09,5.14,6006675,42504924.00
2020/01/06,5.12,5.21,5.06,5.17,6179432,43820892.00
2020/01/07,5.17,5.34,5.17,5.30,8406570,60535384.00
2020/01/08,5.30,5.30,5.17,5.22,6816553,48884532.00
2020/01/09,5.27,5.31,5.21,5.24,5396038,38801484.00
2020/01/10,5.25,5.28,5.14,5.16,4785229,34088408.00
2020/01/13,5.15,5.28,5.12,5.24,6506788,46587424.00
2020/01/14,5.26,5.30,5.24,5.25,5669479,40854100.00
2020/01/15,5.25,5.26,5.16,5.18,4235429,30232654.00
2020/01/16,5.19,5.22,5.04,5.06,6934432,48809460.00
2020/01/17,5.05,5.11,5.05,5.08,2996116,21027052.00
2020/01/20,5.06,5.10,5.03,5.08,4319452,30272420.00
2020/01/21,5.06,5.07,4.94,4.95,4961800,34334968.00
2020/01/22,4.93,5.01,4.82,4.97,4552012,31143244.00
2020/01/23,4.94,5.01,4.79,4.84,5449517,37227308.00
2020/02/03,4.16,4.26,4.16,4.16,8117400,49690652.00
2020/02/04,4.07,4.35,4.07,4.26,6506014,40390304.00
2020/02/05,4.26,4.43,4.24,4.38,6235369,39230248.00
2020/02/06,4.46,4.75,4.37,4.64,9899295,64463424.00
2020/02/07,4.63,4.80,4.55,4.65,8197263,54049856.00
2020/02/10,4.66,4.72,4.58,4.63,6357412,41874036.00
2020/02/11,4.65,4.66,4.56,4.60,4578200,30002192.00
2020/02/12,4.61,4.65,4.53,4.63,4216300,27535460.00
2020/02/13,4.62,4.64,4.53,4.56,3923400,25589046.00
2020/02/14,4.55,4.58,4.49,4.53,3960874,25654586.00
2020/02/17,4.55,4.67,4.53,4.67,4726569,31075564.00
2020/02/18,4.68,4.69,4.57,4.64,6417864,42091656.00
2020/02/19,4.61,4.64,4.57,4.61,4823206,31524288.00
2020/02/20,4.59,4.70,4.59,4.68,5508762,36298472.00
2020/02/21,4.67,4.80,4.65,4.74,6847772,45676784.00
2020/02/24,4.74,4.78,4.65,4.69,5369914,35616560.00
2020/02/25,4.61,4.63,4.49,4.59,10631726,69153176.00
2020/02/26,4.54,4.68,4.50,4.59,10056892,65784168.00
2020/02/27,4.61,4.82,4.60,4.76,10157602,67798032.00
2020/02/28,4.66,4.81,4.62,4.65,9605360,63810876.00
2020/03/02,4.71,4.91,4.69,4.87,8234945,55821528.00
2020/03/03,4.93,4.93,4.78,4.83,7316821,49705720.00
2020/03/04,4.82,4.86,4.76,4.85,4745992,31993110.00
2020/03/05,4.86,4.93,4.84,4.92,7227966,49338988.00
2020/03/06,4.92,4.92,4.83,4.88,6740778,45830728.00
2020/03/09,4.76,4.83,4.71,4.74,5053746,33836664.00
2020/03/10,4.70,4.87,4.66,4.85,6031476,40595568.00
2020/03/11,4.86,4.89,4.82,4.82,5514040,37491732.00
2020/03/12,4.78,4.80,4.62,4.65,4066926,27021492.00
2020/03/13,4.46,4.74,4.36,4.69,6391351,41537976.00
2020/03/16,4.74,4.78,4.59,4.60,5029600,33330516.00
2020/03/17,4.59,4.70,4.47,4.53,4253750,27674476.00
2020/03/18,4.54,4.63,4.44,4.45,4034293,26095020.00
2020/03/19,4.44,4.57,4.43,4.54,5710209,36759748.00
2020/03/20,4.59,4.63,4.53,4.62,2959626,19291952.00
2020/03/23,4.55,4.63,4.45,4.46,3450871,22294364.00
2020/03/24,4.52,4.63,4.49,4.62,3088876,20172776.00
2020/03/25,4.68,4.72,4.62,4.65,3487700,22989578.00
2020/03/26,4.64,4.66,4.58,4.61,1980634,13005357.00
2020/03/27,4.66,4.77,4.60,4.60,3772700,24955956.00
2020/03/30,4.60,4.60,4.47,4.51,2706819,17499544.00
2020/03/31,4.57,4.61,4.51,4.53,2068119,13458170.00
2020/04/01,4.53,4.59,4.46,4.51,2793025,18051360.00
2020/04/02,4.49,4.57,4.42,4.55,2488000,16066677.00
2020/04/03,4.60,4.60,4.51,4.55,2017803,13065867.00
2020/04/07,4.56,4.66,4.56,4.66,4497800,29540260.00
2020/04/08,4.65,4.65,4.60,4.61,4935598,32363330.00
2020/04/09,4.65,4.68,4.59,4.61,3278200,21523540.00
2020/04/10,4.63,4.63,4.47,4.49,3018227,19579728.00
2020/04/13,4.49,4.53,4.44,4.46,2124000,13659522.00
2020/04/14,4.54,4.55,4.46,4.55,1908568,12327993.00
2020/04/15,4.51,4.57,4.48,4.49,2653700,17155056.00
2020/04/16,4.49,4.55,4.46,4.52,2501602,16141463.00
2020/04/17,4.53,4.57,4.48,4.49,2987285,19323436.00
2020/04/20,4.50,4.52,4.46,4.49,2741406,17633536.00
2020/04/21,4.46,4.49,4.34,4.34,4200069,26568942.00
2020/04/22,4.33,4.39,4.31,4.39,2608975,16418582.00
2020/04/23,4.38,4.41,4.32,4.33,2028232,12750408.00
2020/04/24,4.34,4.34,4.26,4.28,2274087,14188584.00
2020/04/27,4.27,4.33,4.21,4.26,3485118,21642884.00
2020/04/28,4.25,4.27,4.09,4.16,3928618,23938130.00
2020/04/29,4.14,4.19,4.11,4.19,2043065,12473057.00
2020/04/30,4.23,4.34,4.23,4.34,2984729,18608148.00
2020/05/06,4.29,4.41,4.27,4.38,4869810,30741728.00
2020/05/07,4.36,4.42,4.28,4.30,3550279,22238982.00
2020/05/08,4.33,4.35,4.30,4.35,3369753,21113040.00
2020/05/11,4.36,4.39,4.31,4.33,4072077,25585908.00
2020/05/12,4.33,4.36,4.28,4.33,3791059,23704680.00
2020/05/13,4.32,4.42,4.32,4.41,4555910,28743426.00
2020/05/14,4.40,4.40,4.29,4.31,3744700,23483044.00
2020/05/15,4.32,4.36,4.30,4.34,3146100,19743626.00
2020/05/18,4.36,4.37,4.30,4.35,3255200,20446340.00
2020/05/19,4.36,4.37,4.34,4.36,2078853,13081028.00
2020/05/20,4.38,4.59,4.36,4.54,9816083,63495712.00
2020/05/21,4.53,4.58,4.48,4.53,4199230,27192698.00
2020/05/22,4.53,4.53,4.43,4.46,2842700,18223324.00
2020/05/25,4.45,4.52,4.42,4.44,2435433,15608757.00
2020/05/26,4.45,4.49,4.43,4.47,2452671,15708751.00
2020/05/27,4.48,4.48,4.40,4.43,2182506,13913893.00
2020/05/28,4.44,4.54,4.44,4.48,2884805,18546578.00
2020/05/29,4.52,4.57,4.48,4.49,3281225,21171712.00
2020/06/01,4.50,4.63,4.50,4.62,5402962,35310088.00
2020/06/02,4.66,4.68,4.60,4.65,4083522,26861292.00
2020/06/03,4.63,4.68,4.59,4.61,3124500,20538264.00
2020/06/04,4.61,4.65,4.58,4.62,2792206,18287760.00
2020/06/05,4.68,4.68,4.58,4.63,3141900,20640618.00
2020/06/08,4.63,4.66,4.59,4.64,4118104,27002488.00
2020/06/09,4.64,4.72,4.60,4.67,4836991,31911660.00
2020/06/10,4.67,4.67,4.59,4.61,3217004,21097402.00
2020/06/11,4.61,4.64,4.53,4.53,5014927,32632320.00
2020/06/12,4.46,4.56,4.43,4.49,6691686,40912176.00
2020/06/15,4.48,4.71,4.46,4.57,7135360,44487084.00
2020/06/16,4.62,4.62,4.52,4.55,4775322,29442116.00
2020/06/17,4.56,4.60,4.52,4.59,4017200,24814364.00
2020/06/18,4.58,4.61,4.53,4.60,4599490,28479116.00
2020/06/19,4.58,4.63,4.56,4.62,5628796,34971656.00
2020/06/22,4.59,4.62,4.54,4.56,3816600,23664544.00
2020/06/23,4.58,4.58,4.52,4.53,2463600,15175124.00
2020/06/24,4.53,4.63,4.52,4.61,4764724,29621992.00
2020/06/29,4.60,4.68,4.56,4.58,3681420,22889596.00
2020/06/30,4.59,4.67,4.59,4.63,2915859,18242484.00
2020/07/01,4.66,4.81,4.61,4.75,8256533,52339520.00
2020/07/02,4.70,4.81,4.66,4.80,6605961,42149472.00
2020/07/03,4.81,4.85,4.77,4.81,5912295,38010764.00
2020/07/06,4.87,5.14,4.84,5.10,11235232,74516656.00
2020/07/07,5.16,5.20,5.08,5.09,8810206,59392832.00
2020/07/08,5.10,5.15,5.03,5.13,6855042,46079916.00
2020/07/09,5.12,5.52,5.10,5.45,13504026,94203704.00
2020/07/10,5.38,5.46,5.26,5.28,7697937,53768056.00
2020/07/13,5.30,5.47,5.30,5.44,7011369,49311980.00
2020/07/14,5.47,5.48,5.18,5.34,8992087,62530120.00
2020/07/15,5.35,5.39,5.12,5.20,6662942,45708420.00
2020/07/16,5.21,5.33,5.03,5.04,7124729,48553784.00
2020/07/17,5.08,5.13,4.98,5.04,5969594,39801996.00
2020/07/20,5.05,5.31,5.05,5.27,7445305,50976608.00
2020/07/21,5.28,5.35,5.26,5.32,6093617,42143384.00
2020/07/22,5.32,5.38,5.26,5.29,6115133,42409060.00
2020/07/23,5.26,5.26,5.04,5.19,6233162,42182580.00
2020/07/24,5.15,5.22,4.96,4.97,5649762,37829540.00
2020/07/27,4.98,5.04,4.90,4.96,3179500,20909224.00
2020/07/28,5.00,5.11,4.92,4.99,3100790,20599456.00
2020/07/29,4.98,5.11,4.93,5.10,3156600,21052232.00
2020/07/30,5.11,5.16,5.05,5.12,3074149,20689000.00
2020/07/31,5.11,5.20,5.07,5.16,5147044,34768300.00
2020/08/03,5.21,5.30,5.17,5.20,7704428,52705180.00
2020/08/04,5.23,5.24,5.09,5.17,6231848,42162900.00
2020/08/05,5.17,5.18,5.08,5.15,4762290,32149402.00
2020/08/06,5.14,5.17,5.05,5.12,4963184,33337576.00
2020/08/07,5.10,5.12,4.94,5.01,5722628,38004248.00
2020/08/10,5.00,5.11,4.95,5.08,6582489,43985208.00
2020/08/11,5.11,5.15,4.98,4.98,5372000,35954216.00
2020/08/12,4.99,5.01,4.88,4.99,5236700,34371012.00
2020/08/13,5.00,5.12,5.00,5.08,6082084,40706292.00
2020/08/14,5.12,5.14,5.03,5.10,3925215,26289224.00
2020/08/17,5.15,5.21,5.14,5.17,7740763,52607500.00
2020/08/18,5.20,5.20,5.10,5.17,6129100,41582844.00
2020/08/19,5.18,5.21,5.09,5.12,5587051,37834352.00
2020/08/20,5.08,5.13,5.02,5.03,4581735,30664764.00
2020/08/21,5.04,5.15,5.04,5.10,4241400,28510956.00
2020/08/24,5.12,5.18,5.08,5.17,6372661,43180964.00
2020/08/25,5.18,5.20,5.10,5.14,5881442,39861300.00
2020/08/26,5.11,5.21,5.07,5.08,5853400,39634032.00
2020/08/27,5.09,5.17,5.03,5.16,3913100,26355152.00
2020/08/28,5.14,5.31,5.13,5.31,11128440,76441792.00
2020/08/31,5.18,5.26,5.08,5.09,14996783,101909392.00
2020/09/01,5.04,5.06,4.86,4.90,13026006,85432176.00
2020/09/02,4.91,4.93,4.80,4.83,7632500,49348772.00
2020/09/03,4.85,4.88,4.80,4.82,5564600,35966936.00
2020/09/04,4.77,4.83,4.73,4.82,4493338,28732316.00
2020/09/07,4.78,4.86,4.73,4.78,4490307,28793704.00
2020/09/08,4.79,4.87,4.74,4.86,3381968,21765004.00
2020/09/09,4.83,4.86,4.78,4.82,4492377,28927368.00
2020/09/10,4.83,4.85,4.68,4.68,5551560,35384280.00
2020/09/11,4.67,4.72,4.66,4.68,2766997,17451240.00
2020/09/14,4.69,4.74,4.66,4.70,2328561,14693815.00
2020/09/15,4.70,4.71,4.64,4.68,2245705,14127171.00
2020/09/16,4.67,4.69,4.63,4.65,2368900,14861419.00
2020/09/17,4.67,4.70,4.64,4.67,2294506,14419891.00
2020/09/18,4.69,4.76,4.65,4.76,3556689,22506174.00
2020/09/21,4.76,4.77,4.69,4.70,3315664,20999720.00
2020/09/22,4.67,4.70,4.62,4.62,2883837,18101518.00
2020/09/23,4.64,4.66,4.61,4.62,1925500,12029859.00
2020/09/24,4.59,4.62,4.54,4.56,2949187,18242928.00
2020/09/25,4.54,4.59,4.51,4.56,1907305,11763177.00
2020/09/28,4.56,4.63,4.54,4.58,2439588,15135027.00
2020/09/29,4.56,4.63,4.56,4.58,2182059,13570269.00
2020/09/30,4.58,4.61,4.50,4.55,2681036,16537714.00
2020/10/09,4.58,4.68,4.58,4.64,2541973,15913194.00
2020/10/12,4.65,4.73,4.64,4.72,3172135,20054178.00
2020/10/13,4.72,4.72,4.64,4.66,2236653,14056845.00
2020/10/14,4.66,4.66,4.60,4.61,2300793,14366278.00
2020/10/15,4.59,4.66,4.59,4.60,1942926,12132094.00
2020/10/16,4.59,4.64,4.56,4.59,2115866,13157277.00
2020/10/19,4.60,4.65,4.56,4.57,2438845,15160914.00
2020/10/20,4.57,4.60,4.55,4.59,1221354,7569778.00
2020/10/21,4.61,4.61,4.53,4.55,2026818,12510915.00
2020/10/22,4.55,4.56,4.50,4.55,2912956,17938872.00
2020/10/23,4.54,4.57,4.53,4.55,1553287,9579867.00
2020/10/26,4.57,4.57,4.50,4.55,1393608,8569316.00
2020/10/27,4.54,4.56,4.51,4.53,1126831,6928376.00
2020/10/28,4.52,4.58,4.50,4.58,1860688,11467743.00
2020/10/29,4.53,4.60,4.52,4.58,2373665,14695546.00
2020/10/30,4.61,4.61,4.45,4.45,2860344,17543506.00
2020/11/02,4.44,4.56,4.44,4.53,3307544,20292282.00
2020/11/03,4.53,4.58,4.51,4.57,2310874,14276829.00
2020/11/04,4.58,4.60,4.52,4.55,1909381,11781173.00
2020/11/05,4.58,4.60,4.54,4.58,2166181,13414266.00
2020/11/06,4.61,4.61,4.54,4.59,1892727,11725659.00
2020/11/09,4.58,4.68,4.58,4.63,5023061,31519584.00
2020/11/10,4.67,4.67,4.57,4.60,3927411,24504060.00
2020/11/11,4.57,4.62,4.56,4.58,2216606,13760675.00
2020/11/12,4.56,4.60,4.55,4.55,1687949,10441035.00
2020/11/13,4.54,4.56,4.48,4.51,2760700,16911788.00
2020/11/16,4.53,4.63,4.51,4.61,3248183,20127832.00
2020/11/17,4.63,4.67,4.57,4.63,3296501,20522140.00
2020/11/18,4.63,4.68,4.60,4.66,3709137,23251676.00
2020/11/19,4.65,4.68,4.62,4.67,2469400,15488771.00
2020/11/20,4.68,4.80,4.65,4.78,7792008,49580924.00
2020/11/23,4.78,4.82,4.74,4.78,4736148,30324728.00
2020/11/24,4.78,4.81,4.74,4.74,2756249,17610068.00
2020/11/25,4.76,4.78,4.69,4.70,3424810,21747500.00
2020/11/26,4.68,4.78,4.67,4.76,3105877,19740756.00
2020/11/27,4.77,4.78,4.68,4.77,2823445,17938090.00
2020/11/30,4.78,4.82,4.70,4.71,5392000,34450068.00
2020/12/01,4.73,4.79,4.70,4.75,4198949,26756348.00
2020/12/02,4.75,4.78,4.69,4.70,4067641,25787492.00
2020/12/03,4.72,4.72,4.65,4.65,4052015,25480044.00
2020/12/04,4.65,4.68,4.54,4.56,8986539,55852536.00
2020/12/07,4.56,4.56,4.49,4.50,6280147,38592248.00
2020/12/08,4.50,4.54,4.45,4.46,6956009,42459368.00
2020/12/09,4.47,4.48,4.40,4.41,5481102,33190488.00
2020/12/10,4.39,4.44,4.38,4.41,4730600,28500524.00
2020/12/11,4.41,4.42,4.26,4.31,10126438,60036020.00
2020/12/14,4.31,4.32,4.24,4.27,5177007,30471660.00
2020/12/15,4.26,4.33,4.24,4.32,4042836,23891690.00
2020/12/16,4.32,4.32,4.26,4.26,2419100,14269511.00
2020/12/17,4.27,4.30,4.20,4.28,4470000,26255816.00
2020/12/18,4.28,4.31,4.25,4.25,3053629,18009002.00
2020/12/21,4.25,4.32,4.22,4.29,2333536,13783545.00
2020/12/22,4.28,4.28,4.18,4.19,4409856,25796964.00
2020/12/23,4.19,4.22,4.09,4.12,4896946,28252104.00
2020/12/24,4.12,4.12,3.89,3.91,6917793,38741240.00
2020/12/25,3.92,4.01,3.91,3.97,3260889,18237768.00
2020/12/28,3.98,3.99,3.93,3.95,3274100,18241496.00
2020/12/29,3.93,4.05,3.92,4.00,3385654,19051698.00
2020/12/30,3.96,4.00,3.95,3.97,2569661,14371937.00
2020/12/31,4.01,4.05,3.98,4.03,2882903,16256449.00
2021/01/04,4.03,4.08,3.99,4.06,2925089,16562541.00
2021/01/05,4.04,4.11,4.00,4.10,3239558,18423664.00
2021/01/06,4.08,4.10,4.04,4.07,2683600,15234499.00
2021/01/07,4.07,4.08,3.93,3.96,2731785,15308700.00
2021/01/08,3.96,4.04,3.88,4.00,2730184,15292305.00
2021/01/11,3.98,4.08,3.98,4.02,3624700,20499266.00
2021/01/12,4.01,4.09,3.99,4.07,2571079,14572321.00
2021/01/13,4.06,4.08,3.98,4.03,2298991,12991288.00
2021/01/14,4.03,4.20,3.98,4.19,5306423,30505456.00
2021/01/15,4.19,4.19,4.10,4.12,3726262,21454080.00
2021/01/18,4.11,4.17,4.08,4.11,2573315,14742211.00
2021/01/19,4.11,4.16,4.07,4.13,2812491,16127386.00
2021/01/20,4.14,4.14,4.05,4.08,2229934,12732656.00
2021/01/21,4.07,4.14,4.06,4.06,2181600,12466712.00
2021/01/22,4.06,4.08,3.96,3.99,3205800,18023216.00
2021/01/25,3.98,4.00,3.91,3.92,2829915,15731771.00
2021/01/26,3.92,3.98,3.88,3.94,2077709,11548573.00
2021/01/27,3.90,4.02,3.90,4.00,1860733,10426061.00
2021/01/28,3.96,4.07,3.95,4.01,3371947,18979712.00
2021/01/29,4.02,4.08,3.93,4.03,3552700,20010208.00
2021/02/01,4.05,4.09,4.00,4.09,3611964,20450034.00
2021/02/02,4.09,4.12,4.00,4.06,2404301,13650166.00
2021/02/03,4.03,4.05,3.93,3.94,2621530,14672027.00
2021/02/04,3.94,3.94,3.74,3.80,4501781,24534222.00
2021/02/05,3.81,3.87,3.77,3.79,1767481,9586230.00
2021/02/08,3.79,3.90,3.79,3.87,2280200,12476434.00
2021/02/09,3.87,3.91,3.84,3.90,1553800,8535023.00
2021/02/10,3.89,3.94,3.87,3.92,1753917,9706175.00
2021/02/18,3.94,3.98,3.93,3.97,2736293,15268414.00
2021/02/19,3.97,4.14,3.95,4.13,6390294,36285520.00
2021/02/22,4.11,4.22,4.10,4.15,5557005,32184316.00
2021/02/23,4.16,4.17,4.09,4.13,2166100,12442040.00
2021/02/24,4.13,4.21,4.12,4.20,4659841,26987012.00
2021/02/25,4.19,4.21,4.17,4.17,2136600,12399120.00
2021/02/26,4.13,4.18,4.08,4.14,2229512,12846898.00
2021/03/01,4.14,4.22,4.13,4.22,3508700,20416412.00
2021/03/02,4.24,4.24,4.13,4.18,2417100,14031583.00
2021/03/03,4.18,4.23,4.14,4.22,2571105,14973467.00
2021/03/04,4.22,4.26,4.16,4.18,3459841,20193860.00
2021/03/05,4.12,4.24,4.12,4.22,2874120,16750282.00
2021/03/08,4.23,4.28,4.21,4.21,3131100,18363828.00
2021/03/09,4.19,4.30,4.11,4.20,4196375,24449134.00
2021/03/10,4.21,4.22,4.09,4.12,2619151,15080658.00
2021/03/11,4.13,4.17,4.07,4.17,2625800,15112739.00
2021/03/12,4.15,4.25,4.07,4.24,5167129,29996502.00
2021/03/15,4.23,4.32,4.21,4.30,3873160,22829808.00
2021/03/16,4.28,4.33,4.24,4.30,2335102,13778852.00
2021/03/17,4.26,4.30,4.24,4.25,2040929,11991173.00
2021/03/18,4.25,4.27,4.20,4.26,2676985,15708366.00
2021/03/19,4.27,4.27,4.19,4.19,2448127,14301208.00
2021/03/22,4.18,4.27,4.17,4.27,2114700,12376024.00
2021/03/23,4.27,4.37,4.24,4.35,6354974,37861144.00
2021/03/24,4.38,4.39,4.33,4.39,4447201,26675356.00
2021/03/25,4.42,4.43,4.36,4.38,3117000,18717748.00
2021/03/26,4.38,4.40,4.34,4.35,2408302,14424624.00
2021/03/29,4.36,4.37,4.31,4.34,1894700,11297634.00
2021/03/30,4.36,4.36,4.28,4.28,1680900,9960149.00
2021/03/31,4.28,4.34,4.26,4.33,1567562,9290340.00
2021/04/01,4.32,4.36,4.29,4.31,878922,5226487.50
2021/04/02,4.31,4.34,4.30,4.33,1085968,6445242.00
2021/04/06,4.32,4.32,4.24,4.25,2309200,13583241.00
2021/04/07,4.25,4.31,4.23,4.29,2439820,14367185.00
2021/04/08,4.27,4.29,4.23,4.23,1392368,8176527.50
2021/04/09,4.25,4.26,4.22,4.23,958453,5610444.50
2021/04/12,4.23,4.28,4.22,4.27,1872200,10993440.00
2021/04/13,4.24,4.27,4.21,4.23,1331909,7795781.50
2021/04/14,4.28,4.61,4.28,4.59,16675105,102402136.00
2021/04/15,4.58,4.76,4.52,4.65,9733467,60888068.00
2021/04/16,4.62,4.72,4.58,4.67,6433604,40428744.00
2021/04/19,4.62,4.69,4.61,4.67,3709648,23257144.00
2021/04/20,4.68,4.81,4.66,4.75,7223506,46059168.00
2021/04/21,4.71,4.90,4.70,4.82,7210649,46552448.00
2021/04/22,4.79,4.93,4.77,4.84,5695906,36909464.00
2021/04/23,4.83,4.84,4.70,4.80,8599885,54893916.00
2021/04/26,4.76,4.88,4.69,4.74,4904321,31453266.00
2021/04/27,4.74,4.83,4.71,4.74,4176025,26645928.00
2021/04/28,4.74,4.74,4.57,4.61,8232088,51434060.00
2021/04/29,4.57,4.61,4.51,4.54,8979804,55410668.00
2021/04/30,4.53,4.57,4.47,4.53,3738200,22930236.00
2021/05/06,4.53,4.59,4.50,4.53,2644400,16311667.00
2021/05/07,4.52,4.57,4.44,4.52,3817336,23445604.00
2021/05/10,4.51,4.56,4.43,4.52,4351098,26637998.00
2021/05/11,4.52,4.63,4.49,4.56,3972384,24595830.00
2021/05/12,4.56,4.73,4.53,4.71,4626349,29009618.00
2021/05/13,4.68,4.69,4.59,4.61,3986200,24923538.00
2021/05/14,4.60,4.70,4.60,4.64,4543761,28462300.00
2021/05/17,4.63,4.74,4.61,4.65,4310557,27135836.00
2021/05/18,4.63,4.64,4.56,4.57,3023500,18821484.00
2021/05/19,4.56,4.59,4.47,4.48,3108526,19066736.00
2021/05/20,4.53,4.55,4.49,4.53,1796287,11025009.00
2021/05/21,4.55,4.62,4.52,4.55,2614600,16206943.00
2021/05/24,4.54,4.57,4.50,4.51,2213338,13592872.00
2021/05/25,4.51,4.56,4.48,4.54,2364207,14512806.00
2021/05/26,4.54,4.62,4.53,4.55,2493118,15400418.00
2021/05/27,4.56,4.57,4.51,4.51,2561167,15751787.00
2021/05/28,4.51,4.60,4.50,4.52,2614637,16092847.00
2021/05/31,4.49,4.51,4.45,4.48,2796882,17058180.00
2021/06/01,4.47,4.53,4.46,4.52,1861736,11413826.00
2021/06/02,4.49,4.53,4.40,4.42,3901206,23665346.00
2021/06/03,4.42,4.49,4.42,4.48,2213800,13489859.00
2021/06/04,4.47,4.49,4.44,4.46,1378493,8382418.50
2021/06/07,4.48,4.50,4.41,4.44,1838685,11151214.00
2021/06/08,4.42,4.46,4.40,4.42,1937408,11707258.00
2021/06/09,4.45,4.45,4.41,4.43,1600617,9677000.00
2021/06/10,4.44,4.47,4.41,4.46,2365462,14334476.00
2021/06/11,4.47,4.47,4.42,4.47,2786114,16917888.00
2021/06/15,4.45,4.47,4.38,4.38,2007944,12087369.00
2021/06/16,4.37,4.40,4.35,4.40,1666620,9996662.00
2021/06/17,4.40,4.43,4.37,4.41,1034800,6239655.00
2021/06/18,4.45,4.52,4.41,4.51,2866146,17458798.00
2021/06/21,4.52,4.54,4.48,4.52,3045058,18680460.00
2021/06/22,4.53,4.56,4.50,4.52,2157714,13263891.00
2021/06/23,4.51,4.54,4.46,4.52,3127700,19084732.00
2021/06/24,4.50,4.51,4.46,4.50,3075600,18780984.00
2021/06/25,4.58,4.60,4.50,4.50,4387516,25616728.00
2021/06/28,4.48,4.51,4.46,4.49,1632808,9439958.00
2021/06/29,4.49,4.49,4.43,4.45,1652600,9527014.00
2021/06/30,4.42,4.47,4.41,4.44,1025900,5878312.00
2021/07/01,4.42,4.45,4.37,4.37,1894600,10809341.00
2021/07/02,4.37,4.41,4.32,4.32,1582243,8949954.00
2021/07/05,4.32,4.35,4.30,4.34,1253200,7042245.00
2021/07/06,4.36,4.36,4.31,4.34,1258858,7088519.00
2021/07/07,4.33,4.33,4.29,4.32,1497606,8395219.00
2021/07/08,4.29,4.34,4.25,4.27,2040682,11402970.00
2021/07/09,4.26,4.31,4.23,4.29,1677482,9341771.00
2021/07/12,4.30,4.34,4.28,4.32,1459906,8199548.50
2021/07/13,4.31,4.34,4.28,4.34,1094379,6151339.00
2021/07/14,4.33,4.33,4.27,4.30,1355763,7588880.50
2021/07/15,4.31,4.31,4.22,4.26,1675620,9290896.00
2021/07/16,4.27,4.30,4.24,4.26,897809,4993508.00
2021/07/19,4.27,4.27,4.18,4.20,1802885,9913528.00
2021/07/20,4.19,4.19,4.13,4.18,1313071,7179608.50
2021/07/21,4.20,4.27,4.18,4.24,1835836,10146311.00
2021/07/22,4.24,4.29,4.23,4.25,1533309,8527663.00
2021/07/23,4.31,4.31,4.20,4.22,2252305,12480349.00
2021/07/26,4.22,4.25,4.11,4.12,2849322,15540084.00
2021/07/27,4.14,4.14,3.99,4.01,4171680,22323828.00
2021/07/28,4.01,4.02,3.90,3.90,3715814,19449814.00
2021/07/29,3.92,3.98,3.88,3.92,3063006,15984160.00
2021/07/30,3.91,4.02,3.88,3.95,2811958,14709266.00
2021/08/02,3.92,3.99,3.90,3.97,3346417,17587032.00
2021/08/03,3.98,4.01,3.90,3.99,2824835,14904405.00
2021/08/04,3.99,3.99,3.96,3.98,1608003,8474398.00
2021/08/05,3.96,3.96,3.91,3.93,2631317,13773726.00
2021/08/06,3.93,3.93,3.89,3.92,2311000,12028875.00
2021/08/09,3.91,4.00,3.90,3.99,2708934,14282573.00
2021/08/10,3.99,4.00,3.95,3.99,1691400,8929604.00
2021/08/11,3.98,4.00,3.96,3.99,2301557,12147331.00
2021/08/12,3.99,4.06,3.97,4.02,3182100,16921886.00
2021/08/13,4.01,4.02,3.97,4.01,2192314,11609387.00
2021/08/16,3.99,4.03,3.98,4.01,3058800,16233207.00
2021/08/17,4.01,4.02,3.92,3.92,4509779,23762426.00
2021/08/18,3.93,3.96,3.90,3.95,2647003,13841891.00
2021/08/19,3.94,4.01,3.93,3.99,3108800,16398757.00
2021/08/20,3.99,3.99,3.92,3.96,2681600,14064062.00
2021/08/23,3.96,4.03,3.96,4.01,3907003,20707790.00
2021/08/24,4.02,4.02,3.97,4.00,3312400,17522528.00
2021/08/25,4.02,4.05,4.00,4.04,3209000,17106832.00
2021/08/26,4.03,4.09,4.00,4.07,3430393,18379052.00
2021/08/27,4.08,4.08,4.04,4.07,2939300,15750341.00
2021/08/30,4.18,4.35,4.16,4.28,14426969,80396744.00
2021/08/31,4.24,4.32,4.23,4.29,9283362,51735344.00
2021/09/01,4.30,4.50,4.27,4.49,17188942,98271320.00
2021/09/02,4.50,4.53,4.46,4.52,7375779,42797524.00
2021/09/03,4.54,4.66,4.52,4.59,8955312,52779928.00
2021/09/06,4.59,4.83,4.55,4.77,12739997,76913832.00
2021/09/07,4.78,5.11,4.77,5.06,20579951,128483272.00
2021/09/08,5.12,5.13,4.99,5.08,10451215,66441340.00
2021/09/09,5.05,5.23,5.03,5.15,10874082,70061688.00
2021/09/10,5.12,5.31,5.12,5.16,11647608,75908976.00
2021/09/13,5.18,5.33,5.13,5.29,11028873,72426176.00
2021/09/14,5.34,5.37,5.07,5.10,13417704,87148248.00
2021/09/15,5.10,5.27,5.09,5.17,7067968,45965316.00
2021/09/16,5.27,5.31,5.09,5.09,9083249,58919120.00
2021/09/17,5.15,5.15,4.95,5.04,8773427,55648040.00
2021/09/22,4.99,5.09,4.95,5.06,4947568,31376648.00
2021/09/23,5.15,5.18,5.05,5.09,7366654,47212432.00
2021/09/24,5.04,5.20,5.00,5.03,6854178,43750488.00
2021/09/27,5.00,5.06,4.87,4.91,9837971,61352728.00
2021/09/28,4.93,4.95,4.81,4.82,6974270,42910296.00
2021/09/29,4.82,4.91,4.76,4.80,8460900,51880200.00
2021/09/30,4.78,4.84,4.67,4.80,8768806,53077584.00
2021/10/08,4.85,5.07,4.80,5.04,7859087,49445288.00
2021/10/11,5.05,5.19,4.96,4.99,5655715,35879820.00
2021/10/12,5.02,5.08,4.94,5.02,5806208,36617992.00
2021/10/13,5.02,5.02,4.84,4.92,3705900,23105054.00
2021/10/14,4.90,5.06,4.83,5.02,3992267,24980414.00
2021/10/15,5.04,5.04,4.95,4.95,6119463,38511820.00
2021/10/18,4.97,5.15,4.95,5.11,6087922,38940252.00
2021/10/19,5.11,5.20,5.05,5.06,5030130,32258122.00
2021/10/20,5.07,5.14,5.04,5.07,4406464,28160944.00
2021/10/21,5.06,5.20,5.06,5.16,5923467,38251312.00
2021/10/22,5.16,5.23,4.92,4.97,7076767,44881444.00
2021/10/25,4.93,5.03,4.87,4.98,5157929,32230676.00
2021/10/26,4.98,5.00,4.82,4.85,4132068,25512152.00
2021/10/27,4.83,5.15,4.82,4.88,8352908,52375896.00
2021/10/28,4.90,5.00,4.80,4.94,5284832,32818026.00
2021/10/29,4.96,5.01,4.70,4.83,7671845,46845520.00
2021/11/01,4.72,4.72,4.36,4.39,18009760,103251080.00
2021/11/02,4.35,4.37,4.15,4.20,14895220,82182808.00
2021/11/03,4.20,4.28,4.15,4.23,7960636,44060072.00
2021/11/04,4.26,4.26,4.18,4.23,6259796,34540464.00
2021/11/05,4.23,4.26,4.19,4.20,5064400,27944450.00
2021/11/08,4.19,4.26,4.18,4.26,4701421,25935482.00
2021/11/09,4.24,4.25,4.19,4.24,3754564,20726976.00
2021/11/10,4.21,4.26,4.18,4.25,4380064,24151828.00
2021/11/11,4.24,4.34,4.22,4.32,5880427,32916692.00
2021/11/12,4.32,4.34,4.25,4.29,3871212,21630912.00
2021/11/15,4.29,4.41,4.27,4.36,5158000,29139358.00
2021/11/16,4.38,4.41,4.35,4.37,4334800,24619868.00
2021/11/17,4.38,4.39,4.33,4.37,3077232,17418056.00
2021/11/18,4.36,4.40,4.34,4.35,2878007,16310543.00
2021/11/19,4.36,4.41,4.33,4.41,2972634,16869332.00
2021/11/22,4.40,4.40,4.33,4.35,3098200,17519032.00
2021/11/23,4.33,4.35,4.28,4.29,5183144,29044076.00
2021/11/24,4.29,4.45,4.25,4.42,6312730,35791988.00
2021/11/25,4.43,4.45,4.39,4.42,2859200,16342580.00
2021/11/26,4.40,4.41,4.33,4.36,3215200,18190112.00
2021/11/29,4.31,4.34,4.29,4.33,2916800,16389962.00
2021/11/30,4.34,4.41,4.32,4.38,4552463,25827516.00
2021/12/01,4.34,4.49,4.34,4.46,5989374,34198040.00
2021/12/02,4.45,4.52,4.44,4.44,4617369,26655548.00
2021/12/03,4.47,4.50,4.45,4.50,3739931,21628980.00
2021/12/06,4.48,4.53,4.43,4.44,3400675,19693196.00
2021/12/07,4.45,4.50,4.44,4.47,3100420,17871136.00
2021/12/08,4.48,4.56,4.45,4.55,4205044,24427604.00
2021/12/09,4.55,4.56,4.50,4.54,3632295,21199500.00
2021/12/10,4.52,4.56,4.50,4.51,3119361,18189208.00
2021/12/13,4.54,4.59,4.51,4.57,3813228,22365568.00
2021/12/14,4.57,4.68,4.52,4.66,6718882,39872556.00
2021/12/15,4.63,4.67,4.61,4.66,5359416,31789188.00
2021/12/16,4.66,4.82,4.61,4.82,6646019,40182140.00
2021/12/17,4.81,4.81,4.71,4.72,5893164,35581632.00
2021/12/20,4.72,4.79,4.70,4.70,5379395,32508806.00
2021/12/21,4.72,4.82,4.71,4.82,6139100,37334120.00
2021/12/22,4.85,4.87,4.80,4.82,3901516,23913962.00
2021/12/23,4.82,4.85,4.74,4.76,4087800,24833388.00
2021/12/24,4.76,4.80,4.67,4.73,4127255,24871566.00
2021/12/27,4.74,4.74,4.64,4.69,3263502,19518370.00
2021/12/28,4.70,4.75,4.67,4.73,3974316,23933024.00
2021/12/29,4.70,4.72,4.64,4.66,2825316,16845148.00
2021/12/30,4.66,4.78,4.65,4.75,6675500,40333324.00
2021/12/31,4.77,4.88,4.74,4.85,7332716,44809616.00
2022/01/04,4.88,5.07,4.83,5.03,9993793,62954992.00
2022/01/05,5.03,5.10,4.90,5.00,8137715,51115368.00
2022/01/06,4.99,5.06,4.93,5.02,5271473,33248588.00
2022/01/07,5.04,5.24,5.02,5.07,11783359,75954040.00
2022/01/10,5.03,5.15,4.98,5.13,6524900,41540440.00
2022/01/11,5.12,5.18,5.03,5.07,5655006,36193900.00
2022/01/12,5.07,5.09,4.98,5.05,4506500,28568564.00
2022/01/13,5.05,5.12,5.02,5.04,4996300,31852592.00
2022/01/14,5.04,5.06,4.92,4.94,5246501,32986588.00
2022/01/17,4.95,5.09,4.94,5.08,4935800,31331292.00
2022/01/18,5.09,5.13,4.97,5.02,4707745,29843656.00
2022/01/19,4.98,5.09,4.97,5.06,4262400,27052230.00
2022/01/20,5.06,5.10,4.89,4.90,6278543,39270960.00
2022/01/21,4.88,4.96,4.78,4.80,6657249,40918948.00
2022/01/24,4.78,4.83,4.70,4.80,4103106,24955152.00
2022/01/25,4.76,4.80,4.62,4.62,5768544,34514688.00
2022/01/26,4.64,4.71,4.59,4.66,4779792,28442044.00
2022/01/27,4.63,4.68,4.52,4.53,5058700,29727264.00
2022/01/28,4.55,4.67,4.54,4.61,4058400,24007306.00
2022/02/07,4.65,4.83,4.64,4.82,5075746,30713956.00
2022/02/08,4.78,4.98,4.77,4.98,6085209,37870640.00
2022/02/09,4.98,5.13,4.95,5.11,8304081,52939172.00
2022/02/10,5.11,5.16,5.06,5.15,5822386,37390788.00
2022/02/11,5.16,5.21,5.12,5.15,5916100,38289600.00
2022/02/14,5.13,5.16,5.06,5.07,4106299,26254562.00
2022/02/15,5.09,5.10,4.97,5.03,3837931,24307160.00
2022/02/16,5.03,5.15,5.03,5.07,4534739,29005766.00
2022/02/17,5.10,5.17,5.06,5.08,4106700,26323472.00
2022/02/18,5.04,5.15,5.03,5.15,3048924,19518534.00
2022/02/21,5.12,5.21,5.11,5.19,3973764,25734496.00
2022/02/22,5.16,5.25,5.07,5.19,6445905,41590640.00
2022/02/23,5.20,5.20,5.11,5.12,4016900,25896720.00
2022/02/24,5.13,5.68,5.13,5.30,31057567,208301840.00
2022/02/25,5.32,5.48,5.15,5.17,17204611,114067080.00
2022/02/28,5.21,5.23,5.01,5.10,8064603,51497820.00
2022/03/01,5.14,5.14,4.98,5.09,8699272,55200088.00
2022/03/02,5.07,5.23,5.07,5.14,6422906,41394400.00
2022/03/03,5.14,5.21,5.12,5.19,5880676,38023604.00
2022/03/04,5.18,5.19,5.00,5.12,9767684,62216056.00
2022/03/07,5.12,5.26,5.08,5.12,8329222,53940028.00
2022/03/08,5.14,5.17,4.92,4.96,8509506,53812280.00
2022/03/09,5.01,5.07,4.68,4.89,8621357,53411204.00
2022/03/10,4.99,5.18,4.94,5.01,14825356,94571120.00
2022/03/11,4.98,5.05,4.85,5.04,6363643,39843376.00
2022/03/14,4.97,5.36,4.97,5.05,12847100,83313384.00
2022/03/15,5.05,5.07,4.63,4.64,12205449,74832416.00
2022/03/16,4.71,4.80,4.49,4.80,9789629,58369092.00
2022/03/17,4.85,4.92,4.78,4.80,6074600,37409480.00
2022/03/18,4.80,5.04,4.74,5.03,10065234,62946164.00
2022/03/21,5.01,5.02,4.86,4.92,6816794,42413648.00
2022/03/22,4.90,5.03,4.86,4.98,4237871,26449008.00
2022/03/23,4.98,5.04,4.93,4.95,3778330,23711444.00
2022/03/24,4.94,4.94,4.83,4.84,4117309,25417452.00
2022/03/25,4.87,4.96,4.83,4.87,3923655,24338102.00
2022/03/28,4.87,5.00,4.83,4.93,3553645,22149504.00
2022/03/29,4.93,4.97,4.89,4.93,3897562,24294888.00
2022/03/30,4.95,5.07,4.91,5.07,5525756,34917044.00
2022/03/31,5.06,5.24,5.02,5.17,9915842,64082048.00
2022/04/01,5.16,5.28,5.11,5.27,11277942,73690944.00
2022/04/06,5.27,5.46,5.27,5.46,12999317,87288200.00
2022/04/07,5.48,5.48,5.31,5.32,8755480,58447364.00
2022/04/08,5.34,5.35,5.17,5.27,9057704,59203652.00
2022/04/11,5.30,5.34,5.15,5.16,9368700,61241608.00
2022/04/12,5.20,5.25,5.09,5.24,8919684,57782000.00
2022/04/13,5.20,5.23,5.06,5.07,5654000,36269700.00
2022/04/14,5.07,5.15,5.07,5.11,4069100,26105116.00
2022/04/15,5.07,5.11,4.98,5.02,6475000,41062712.00
2022/04/18,5.00,5.02,4.86,4.90,5717525,35483896.00
2022/04/19,4.87,4.99,4.86,4.98,4362964,27232814.00
2022/04/20,5.00,5.20,4.96,5.04,9819963,62990980.00
2022/04/21,5.06,5.07,4.83,4.84,8708000,54233104.00
2022/04/22,4.85,4.95,4.78,4.90,6436000,39608736.00
2022/04/25,4.85,4.85,4.53,4.54,11871927,71280208.00
2022/04/26,4.55,4.62,4.39,4.40,7837412,45340364.00
2022/04/27,4.35,4.51,4.26,4.49,6322399,35968680.00
2022/04/28,4.48,4.58,4.39,4.49,5502100,31838956.00
2022/04/29,4.51,4.70,4.51,4.64,7506614,44430968.00
2022/05/05,4.63,4.81,4.60,4.78,5678883,34296984.00
2022/05/06,4.69,4.85,4.63,4.76,5116154,31058176.00
2022/05/09,4.79,4.87,4.75,4.83,6622925,40494808.00
2022/05/10,4.78,4.89,4.75,4.88,8119808,49770872.00
2022/05/11,4.89,5.07,4.87,4.92,7392981,46348564.00
2022/05/12,4.88,4.94,4.77,4.86,6330818,38904384.00
2022/05/13,4.85,4.97,4.84,4.97,4697540,29234380.00
2022/05/16,4.97,5.09,4.92,5.06,6032782,38211716.00
2022/05/17,5.07,5.08,4.90,4.98,5158245,32278110.00
2022/05/18,4.98,5.02,4.88,4.89,3428700,21360878.00
2022/05/19,4.85,5.17,4.83,5.14,10718471,68184424.00
2022/05/20,5.13,5.17,5.04,5.14,7729842,49551320.00
2022/05/23,5.20,5.32,5.19,5.23,8623422,56404056.00
2022/05/24,5.17,5.23,5.03,5.04,6609916,42521316.00
2022/05/25,5.04,5.21,5.01,5.20,6281541,40177288.00
2022/05/26,5.22,5.24,5.10,5.23,4834237,31296764.00
2022/05/27,5.23,5.35,5.15,5.32,11610086,76282376.00
2022/05/30,5.33,5.35,5.22,5.28,7555260,49619264.00
2022/05/31,5.26,5.38,5.20,5.27,6844700,44980984.00
2022/06/01,5.26,5.37,5.17,5.31,9774937,64592784.00
2022/06/02,5.30,5.30,5.15,5.21,6788705,44129704.00
2022/06/06,5.21,5.26,5.14,5.19,6482600,42056888.00
2022/06/07,5.18,5.39,5.17,5.28,11458803,75534456.00
2022/06/08,5.28,5.28,5.04,5.19,9702443,62637956.00
2022/06/09,5.21,5.21,5.11,5.18,5079913,32849794.00
2022/06/10,5.18,5.37,5.13,5.37,11896100,78781424.00
2022/06/13,5.35,5.46,5.24,5.29,11645425,77238872.00
2022/06/14,5.21,5.30,5.11,5.30,7164098,46676240.00
2022/06/15,5.31,5.45,5.28,5.35,11559889,77434592.00
2022/06/16,5.36,5.49,5.32,5.45,11690687,78607536.00
2022/06/17,5.45,5.45,5.22,5.31,11868929,78243904.00
2022/06/20,5.28,5.38,5.23,5.28,6624725,43717184.00
2022/06/21,5.29,5.32,5.17,5.23,5933317,38715496.00
2022/06/22,5.24,5.32,5.12,5.14,5139417,33456744.00
2022/06/23,5.12,5.25,5.12,5.24,6107359,39687816.00
2022/06/24,5.23,5.27,5.14,5.22,6511879,42357228.00
2022/06/27,5.21,5.26,5.17,5.21,3859828,25146252.00
2022/06/28,5.23,5.42,5.18,5.39,9577278,63647316.00
2022/06/29,5.41,5.41,5.21,5.21,8401968,55384936.00
2022/06/30,5.21,5.27,5.18,5.19,4865600,31726222.00
2022/07/01,5.19,5.40,5.18,5.39,9953291,66051148.00
2022/07/04,5.38,5.38,5.21,5.27,9626906,63124524.00
2022/07/05,5.32,5.45,5.27,5.32,8151072,54148544.00
2022/07/06,5.33,5.34,5.03,5.05,12525063,80518240.00
2022/07/07,5.05,5.09,4.96,4.97,9076772,57149260.00
2022/07/08,4.97,5.03,4.95,4.98,6450929,40551524.00
2022/07/11,4.98,5.06,4.95,4.98,5024279,29934060.00
2022/07/12,5.01,5.03,4.93,4.93,4448600,26336592.00
2022/07/13,4.93,5.02,4.92,4.98,3331700,19756602.00
2022/07/14,4.95,5.02,4.94,4.98,3691600,21910906.00
2022/07/15,4.99,5.00,4.89,4.90,3405913,20065668.00
2022/07/18,4.90,5.02,4.88,4.97,4507300,26644728.00
2022/07/19,4.97,5.06,4.95,5.05,3592400,21459756.00
2022/07/20,5.05,5.10,5.01,5.09,3250100,19560540.00
2022/07/21,5.09,5.17,5.06,5.08,3788840,22942296.00
2022/07/22,5.08,5.11,5.03,5.09,2857358,17208808.00
2022/07/25,5.09,5.13,5.05,5.05,2301500,13886386.00
2022/07/26,5.10,5.15,5.07,5.14,2611000,15844082.00
2022/07/27,5.15,5.15,5.07,5.10,2068513,12531331.00
2022/07/28,5.14,5.15,5.08,5.11,2755700,16689001.00
2022/07/29,5.08,5.12,5.00,5.01,3691100,22132432.00
2022/08/01,5.00,5.04,4.95,5.00,3413273,20273182.00
2022/08/02,4.95,4.99,4.71,4.84,6460687,37257592.00
2022/08/03,4.86,4.89,4.76,4.76,3131598,18073356.00
2022/08/04,4.77,4.81,4.71,4.80,2294600,13128901.00
2022/08/05,4.81,4.92,4.77,4.91,2776064,16129012.00
2022/08/08,4.92,4.96,4.84,4.94,2102800,12330629.00
2022/08/09,4.96,4.96,4.85,4.88,2124060,12385901.00
2022/08/10,4.88,4.91,4.85,4.88,1622800,9441151.00
2022/08/11,4.90,4.96,4.88,4.95,3345600,19680290.00
2022/08/12,4.95,4.99,4.92,4.96,1954500,11566724.00
2022/08/15,4.97,5.03,4.91,5.00,2830358,16748896.00
2022/08/16,5.00,5.03,4.95,4.97,2081900,12356532.00
2022/08/17,4.96,5.00,4.94,4.98,1896300,11228934.00
2022/08/18,4.97,5.02,4.91,4.98,5331648,31441598.00
2022/08/19,4.96,5.12,4.94,5.07,6139273,37002192.00
2022/08/22,5.05,5.17,5.02,5.13,3153556,19091252.00
2022/08/23,5.14,5.19,5.09,5.16,2972378,18107408.00
2022/08/24,5.16,5.29,5.14,5.21,7814461,48285584.00
2022/08/25,5.29,5.40,5.22,5.35,12102359,75945224.00
2022/08/26,5.33,5.75,5.30,5.58,28764589,188295856.00
2022/08/29,5.50,5.75,5.46,5.73,19090630,126180656.00
2022/08/30,5.70,5.91,5.69,5.85,15703843,106483200.00
2022/08/31,5.87,5.91,5.69,5.73,15835184,106438456.00
2022/09/01,5.77,5.78,5.69,5.72,10643520,71060368.00
2022/09/02,5.75,5.86,5.69,5.84,8589701,58095704.00
2022/09/05,5.85,5.85,5.71,5.80,6216862,41721120.00
2022/09/06,5.85,5.85,5.74,5.81,4858900,32720456.00
2022/09/07,5.83,5.83,5.64,5.68,8669800,57564464.00
2022/09/08,5.68,5.71,5.63,5.67,4341444,28720834.00
2022/09/09,5.67,5.72,5.63,5.66,4231227,27978924.00
2022/09/13,5.69,5.72,5.58,5.60,4455900,29348944.00
2022/09/14,5.56,5.60,5.50,5.53,5357700,34765036.00
2022/09/15,5.56,5.61,5.45,5.50,5201716,33660804.00
2022/09/16,5.50,5.65,5.42,5.44,7400344,47945776.00
2022/09/19,5.45,5.49,5.36,5.44,4404400,28094538.00
2022/09/20,5.48,5.54,5.42,5.45,3765205,24134988.00
2022/09/21,5.43,5.62,5.34,5.57,5773850,37277664.00
2022/09/22,5.54,5.59,5.44,5.45,2939200,18970548.00
2022/09/23,5.44,5.48,5.36,5.40,3788500,24170552.00
2022/09/26,5.39,5.42,5.21,5.23,3838170,23980492.00
2022/09/27,5.24,5.42,5.24,5.41,3987912,25114248.00
2022/09/28,5.39,5.40,5.27,5.27,3481168,21890522.00
2022/09/29,5.37,5.39,5.17,5.22,3679500,22869884.00
2022/09/30,5.19,5.26,5.14,5.16,3575350,21985318.00
2022/10/10,5.20,5.27,5.09,5.10,4182691,25636324.00
2022/10/11,5.16,5.18,5.03,5.15,4203912,25450078.00
2022/10/12,5.16,5.26,5.12,5.25,3482869,21418872.00
2022/10/13,5.22,5.29,5.20,5.20,3623738,22429004.00
2022/10/14,5.24,5.33,5.24,5.27,4200774,26208150.00
2022/10/17,5.27,5.33,5.23,5.28,4578251,28493860.00
2022/10/18,5.28,5.32,5.21,5.22,4879700,30222172.00
2022/10/19,5.23,5.25,5.15,5.17,3648600,22404948.00
2022/10/20,5.20,5.27,5.16,5.21,4162236,25632850.00
2022/10/21,5.20,5.34,5.19,5.29,4428297,27609932.00
2022/10/24,5.30,5.31,5.06,5.07,7851578,47960320.00
2022/10/25,5.05,5.14,5.01,5.09,4329413,26056672.00
2022/10/26,5.10,5.18,5.07,5.08,3924993,23863644.00
2022/10/27,5.12,5.21,5.07,5.20,3984800,24387578.00
2022/10/28,5.17,5.21,5.06,5.06,4336960,26322996.00
2022/10/31,5.06,5.09,4.91,4.98,7077599,41970060.00
2022/11/01,4.98,5.05,4.92,5.04,5603081,33199460.00
2022/11/02,5.00,5.16,5.00,5.09,4990306,30216082.00
2022/11/03,5.05,5.09,5.02,5.05,3123500,18742356.00
2022/11/04,5.03,5.15,5.03,5.13,5462940,33040354.00
2022/11/07,5.13,5.28,5.11,5.27,6861097,42306248.00
2022/11/08,5.28,5.30,5.20,5.26,3445000,21322876.00
2022/11/09,5.28,5.29,5.20,5.23,2806139,17377780.00
2022/11/10,5.24,5.29,5.18,5.29,4254695,26379942.00
2022/11/11,5.35,5.41,5.26,5.26,5368525,33596068.00
2022/11/14,5.29,5.37,5.25,5.30,4735410,29663112.00
2022/11/15,5.33,5.34,5.23,5.26,6424012,39927744.00
2022/11/16,5.28,5.38,5.28,5.32,7601451,47785216.00
2022/11/17,5.34,5.42,5.31,5.42,7035700,44459328.00
2022/11/18,5.45,5.52,5.39,5.41,6447400,41321120.00
2022/11/21,5.43,5.45,5.29,5.31,6127801,38599980.00
2022/11/22,5.31,5.42,5.30,5.36,5454680,34365744.00
2022/11/23,5.36,5.44,5.34,5.42,6328862,40155232.00
2022/11/24,5.42,5.44,5.34,5.36,5166450,32715412.00
2022/11/25,5.40,5.54,5.33,5.52,9057656,58362456.00
2022/11/28,5.46,5.54,5.38,5.52,10034387,64352020.00
2022/11/29,5.53,5.56,5.47,5.54,10423279,67393944.00
2022/11/30,5.53,5.58,5.46,5.52,7818600,50560556.00
2022/12/01,5.54,5.58,5.49,5.51,9189867,59589812.00
2022/12/02,5.52,5.57,5.46,5.47,5803679,37439436.00
2022/12/05,5.50,5.64,5.48,5.63,9424100,61622032.00
2022/12/06,5.62,5.63,5.56,5.58,6217600,40678800.00
2022/12/07,5.60,5.63,5.51,5.58,5160093,33596088.00
2022/12/08,5.56,5.61,5.53,5.59,4329098,28224484.00
2022/12/09,5.62,5.62,5.49,5.57,6135706,39852652.00
2022/12/12,5.54,5.57,5.39,5.40,6432900,41303576.00
2022/12/13,5.41,5.52,5.40,5.45,4406000,28240068.00
2022/12/14,5.49,5.54,5.42,5.47,4287156,27527720.00
2022/12/15,5.47,5.50,5.34,5.35,4894800,31050174.00
2022/12/16,5.32,5.40,5.31,5.31,5216369,32816648.00
2022/12/19,5.34,5.34,5.19,5.20,5910239,36668896.00
2022/12/20,5.22,5.25,5.15,5.16,5581932,34249520.00
2022/12/21,5.19,5.23,5.15,5.15,3308772,20307080.00
2022/12/22,5.21,5.30,5.16,5.20,4645199,28727760.00
2022/12/23,5.17,5.30,5.17,5.22,2969414,18359536.00
2022/12/26,5.24,5.30,5.20,5.26,4745777,29429240.00
2022/12/27,5.28,5.29,5.22,5.25,3287550,20348696.00
2022/12/28,5.24,5.32,5.21,5.29,4998734,31125840.00
2022/12/29,5.29,5.29,5.21,5.23,3569281,22092444.00
2022/12/30,5.23,5.33,5.23,5.33,4545400,28352156.00
2023/01/03,5.31,5.44,5.30,5.39,4623155,29248066.00
2023/01/04,5.39,5.49,5.37,5.40,7775556,49575276.00
2023/01/05,5.43,5.45,5.39,5.40,4629574,29473718.00
2023/01/06,5.44,5.44,5.32,5.33,4624596,29242088.00
2023/01/09,5.34,5.40,5.33,5.35,3214902,20282410.00
2023/01/10,5.39,5.41,5.30,5.41,4637666,29304036.00
2023/01/11,5.41,5.43,5.32,5.32,3699000,23352372.00
2023/01/12,5.32,5.34,5.28,5.32,3016300,18875376.00
2023/01/13,5.32,5.38,5.29,5.38,2776825,17499140.00
2023/01/16,5.39,5.44,5.35,5.38,3789060,24037948.00
2023/01/17,5.39,5.40,5.33,5.35,2578280,16264696.00
2023/01/18,5.34,5.47,5.34,5.42,4920736,31366100.00
2023/01/19,5.39,5.45,5.39,5.45,2660791,16968956.00
2023/01/20,5.45,5.50,5.43,5.48,3913750,25149888.00
2023/01/30,5.51,5.53,5.45,5.47,7149242,45985956.00
2023/01/31,5.46,5.49,5.42,5.46,4156747,26593868.00
2023/02/01,5.47,5.51,5.44,5.50,5319885,34182604.00
2023/02/02,5.51,5.56,5.49,5.53,6672100,43229376.00
2023/02/03,5.53,5.59,5.50,5.55,5847477,37986304.00
2023/02/06,5.53,5.58,5.47,5.49,5087947,32899908.00
2023/02/07,5.54,5.61,5.52,5.61,7856314,51311728.00
2023/02/08,5.64,5.65,5.53,5.55,5191700,33896232.00
2023/02/09,5.54,5.58,5.51,5.58,3494212,22715072.00
2023/02/10,5.58,5.70,5.56,5.64,7622441,50296184.00
2023/02/13,5.65,5.67,5.60,5.65,4601002,30285228.00
2023/02/14,5.65,5.72,5.63,5.65,3777450,24985984.00
2023/02/15,5.66,5.69,5.63,5.67,4432537,29316548.00
2023/02/16,5.68,5.79,5.58,5.61,9684458,64490676.00
2023/02/17,5.65,5.71,5.58,5.58,5856068,38551144.00
2023/02/20,5.57,5.72,5.57,5.70,5074968,33515944.00
2023/02/21,5.72,5.77,5.66,5.70,4240176,28226908.00
2023/02/22,5.67,5.75,5.66,5.72,3862700,25726868.00
2023/02/23,5.73,5.76,5.66,5.69,3560250,23693192.00
2023/02/24,5.68,5.72,5.65,5.71,3937550,26116132.00
2023/02/27,5.70,5.73,5.61,5.63,5355547,35392732.00
2023/02/28,5.69,5.70,5.60,5.67,4404651,29066524.00
2023/03/01,5.67,5.78,5.65,5.78,5444612,36433672.00
2023/03/02,5.78,5.84,5.74,5.83,4989946,33658232.00
2023/03/03,5.80,5.94,5.79,5.94,8593701,58823704.00
2023/03/06,5.90,6.12,5.90,6.05,10613780,74003344.00
2023/03/07,6.03,6.13,5.99,6.01,9921190,69419232.00
2023/03/08,5.98,6.04,5.96,6.02,4515210,31367660.00
2023/03/09,6.03,6.14,6.01,6.13,7187395,50677500.00
2023/03/10,6.08,6.09,5.96,5.98,8957723,62438832.00
2023/03/13,5.97,6.10,5.92,6.09,8119636,56647088.00
2023/03/14,6.06,6.21,6.06,6.09,9282486,65883704.00
2023/03/15,6.09,6.21,6.05,6.20,6004447,42719252.00
2023/03/16,6.16,6.30,6.11,6.21,9315510,66881800.00
2023/03/17,6.21,6.48,6.20,6.42,14956485,109965704.00
2023/03/20,6.51,6.52,6.38,6.45,11943752,88260784.00
2023/03/21,6.44,6.51,6.36,6.50,9045788,66952400.00
2023/03/22,6.52,6.63,6.46,6.63,7837104,58909672.00
2023/03/23,6.64,6.70,6.54,6.69,10829468,82138280.00
2023/03/24,6.69,6.77,6.64,6.68,7545983,57658748.00
2023/03/27,6.70,6.73,6.60,6.70,12519413,95500704.00
2023/03/28,6.69,7.17,6.63,6.89,25600117,201927344.00
2023/03/29,6.86,6.99,6.78,6.90,15079500,118080840.00
2023/03/30,6.94,6.94,6.70,6.75,10110214,78323280.00
2023/03/31,6.77,7.01,6.70,6.95,9832453,76723384.00
2023/04/03,7.04,7.18,6.90,7.08,18650489,149023488.00
2023/04/04,7.08,7.14,6.92,6.99,9513873,75737088.00
2023/04/06,6.95,7.04,6.71,6.79,12297059,95915720.00
2023/04/07,6.80,6.89,6.67,6.76,12218617,94259176.00
2023/04/10,6.78,7.01,6.71,6.75,9096153,70747688.00
2023/04/11,6.78,7.12,6.71,7.05,12959279,102709408.00
2023/04/12,7.05,7.35,7.02,7.26,12689655,103511592.00
2023/04/13,7.26,7.85,7.26,7.53,31399955,267316288.00
2023/04/14,7.44,7.49,7.11,7.22,20190600,165701792.00
2023/04/17,7.23,7.42,7.16,7.26,17312663,142753040.00
2023/04/18,7.23,7.57,7.21,7.51,22449826,188311056.00
2023/04/19,7.46,7.76,7.40,7.67,18788276,161441280.00
2023/04/20,7.61,7.87,7.60,7.86,18205732,158332608.00
2023/04/21,7.95,8.14,7.76,7.81,22286235,197745152.00
2023/04/24,7.82,8.30,7.81,8.19,26610676,240785696.00
2023/04/25,8.06,8.35,7.89,8.30,28717943,260457088.00
2023/04/26,8.05,9.23,8.01,9.23,67540390,658906688.00
2023/04/27,9.82,10.25,9.12,9.58,104887278,1143460224.00
2023/04/28,9.10,10.63,8.81,10.63,98350064,1084133120.00
2023/05/04,10.61,11.79,10.41,11.79,79860099,986246400.00
2023/05/05,11.96,12.56,11.15,11.50,76618415,970181184.00
2023/05/08,11.18,11.69,10.60,10.91,68167197,817188736.00
2023/05/09,10.73,11.15,10.36,10.42,52137402,604146880.00
2023/05/10,10.26,11.12,10.12,10.63,54479498,630813888.00
2023/05/11,10.18,10.78,10.05,10.28,38471071,435996224.00
2023/05/12,10.20,10.41,9.55,9.65,45219143,490035072.00
2023/05/15,9.77,9.92,9.19,9.49,31343744,326300032.00
2023/05/16,9.50,9.51,9.03,9.09,18568797,188761328.00
2023/05/17,8.98,9.34,8.88,9.03,18092940,181021728.00
2023/05/18,9.00,9.28,8.91,9.20,23212400,234817200.00
2023/05/19,9.25,9.34,8.89,8.95,16966796,169425024.00
2023/05/22,8.87,9.00,8.66,8.89,18101407,176735232.00
2023/05/23,8.96,8.99,8.65,8.65,9309573,90559184.00
2023/05/24,8.65,8.90,8.58,8.76,12876728,124931272.00
2023/05/25,8.67,8.87,8.37,8.55,16457317,156267376.00
2023/05/26,8.56,8.99,8.56,8.84,12558663,122679888.00
2023/05/29,8.77,8.98,8.73,8.91,16099790,158380368.00
2023/05/30,8.80,9.21,8.57,9.15,22240797,221831968.00
2023/05/31,9.08,9.44,9.05,9.12,18967048,192598528.00
2023/06/01,9.13,9.78,9.06,9.54,38158244,399116128.00
2023/06/02,9.59,9.84,9.21,9.29,23392192,242928576.00
2023/06/05,9.35,9.83,9.22,9.69,23186557,244864816.00
2023/06/06,9.69,10.04,9.55,9.59,29829176,321064864.00
2023/06/07,9.69,10.09,9.35,10.03,35325770,380839200.00
2023/06/08,9.99,10.03,9.48,9.69,25580423,271430272.00
2023/06/09,9.67,10.03,9.58,9.84,31585060,340492224.00
2023/06/12,9.77,10.28,9.77,9.94,27573220,302122752.00
2023/06/13,9.75,10.31,9.72,9.99,25577626,281559552.00
2023/06/14,10.00,10.30,9.68,9.77,24343552,264995744.00
2023/06/15,9.87,9.97,9.56,9.68,20609443,220872192.00
2023/06/16,9.65,9.84,9.36,9.50,19265053,202618320.00
2023/06/19,9.53,9.58,9.18,9.25,19437812,199492304.00
2023/06/20,9.27,9.50,9.17,9.22,11012357,112757968.00
2023/06/21,9.22,9.24,8.62,8.66,16401555,160686992.00
2023/06/26,8.66,8.72,8.02,8.09,23738514,218791120.00
2023/06/27,8.09,8.23,8.00,8.19,14416788,131169224.00
2023/06/28,8.18,8.18,7.80,8.03,13551671,120620296.00
2023/06/29,8.07,8.35,8.02,8.23,12088000,110673504.00
2023/06/30,8.26,8.34,8.11,8.22,10250142,94276032.00
2023/07/03,8.28,8.34,7.96,8.17,9946672,90387536.00
2023/07/04,8.20,8.30,8.05,8.11,7009565,63684680.00
2023/07/05,8.11,8.26,8.06,8.14,7235165,66053192.00
2023/07/06,8.08,8.26,8.05,8.06,10244700,93037240.00
2023/07/07,8.14,8.37,8.02,8.26,12245834,107530944.00
2023/07/10,8.28,8.68,8.25,8.56,15976040,144375104.00
2023/07/11,8.56,8.61,8.31,8.39,9963612,89475040.00
2023/07/12,8.43,8.48,8.17,8.20,6538529,57914160.00
2023/07/13,8.23,8.48,8.14,8.42,9620143,85431888.00
2023/07/14,8.43,8.70,8.42,8.52,8832903,80676832.00
2023/07/17,8.52,8.68,8.39,8.50,5358200,48586360.00
2023/07/18,8.55,8.56,8.40,8.46,6149066,55570716.00
2023/07/19,8.49,8.80,8.44,8.64,8312274,76504432.00
2023/07/20,8.74,8.75,8.43,8.46,6177565,56230156.00
2023/07/21,8.38,8.57,8.35,8.49,6109088,55024256.00
2023/07/24,8.43,8.64,8.39,8.51,5353288,48698512.00
2023/07/25,8.56,8.60,8.43,8.53,5115896,46502336.00
2023/07/26,8.55,8.55,8.31,8.35,6684228,59736372.00
2023/07/27,8.43,8.46,8.19,8.23,5431151,48106592.00
2023/07/28,8.22,8.25,8.11,8.15,5432450,47481376.00
2023/07/31,8.11,8.33,8.07,8.28,6988042,61428608.00
2023/08/01,8.36,8.38,8.10,8.31,6412558,56509792.00
2023/08/02,8.30,8.33,8.14,8.20,4669432,40960512.00
2023/08/03,8.15,8.30,8.15,8.18,5273500,46275436.00
2023/08/04,8.23,8.56,8.22,8.48,10827182,97452312.00
2023/08/07,8.50,8.65,8.37,8.63,10653057,97117632.00
2023/08/08,8.58,8.82,8.54,8.75,11046009,102664472.00
2023/08/09,8.70,8.74,8.54,8.59,7810344,71616904.00
2023/08/10,8.57,8.65,8.44,8.46,6410900,58222876.00
2023/08/11,8.45,8.52,8.29,8.30,5678732,50783704.00
2023/08/14,8.28,8.47,8.18,8.44,5178238,46046644.00
2023/08/15,8.43,8.51,8.32,8.37,4646800,41641388.00
2023/08/16,8.34,8.39,8.13,8.19,4085426,35866480.00
2023/08/17,8.15,8.22,8.09,8.17,3429200,29892120.00
2023/08/18,8.10,8.20,7.96,7.99,6429600,55500480.00
2023/08/21,7.94,8.24,7.93,8.07,5579696,48537904.00
2023/08/22,8.07,8.52,8.07,8.49,10542774,93777856.00
2023/08/23,8.45,8.74,8.44,8.64,9579808,88293464.00
2023/08/24,8.64,8.88,8.63,8.76,12454144,116252232.00
2023/08/25,8.73,8.77,8.41,8.47,9276108,84601304.00
2023/08/28,8.84,8.92,8.27,8.30,15079265,135637728.00
2023/08/29,8.28,8.62,8.24,8.60,10089823,91505752.00
2023/08/30,8.75,9.37,8.75,9.19,28215412,273270592.00
2023/08/31,9.09,9.12,8.89,8.95,14770276,140926432.00
2023/09/01,8.94,9.02,8.84,8.89,7727918,73127072.00
2023/09/04,8.89,8.97,8.82,8.84,9354327,88204544.00
2023/09/05,8.81,8.88,8.43,8.45,11964009,109226800.00
2023/09/06,8.44,8.46,8.25,8.34,8727986,77791736.00
2023/09/07,8.34,8.40,8.28,8.30,8674996,77213832.00
2023/09/08,8.27,8.30,8.02,8.03,8481545,73455344.00
2023/09/11,8.04,8.39,8.04,8.33,10365366,91632024.00
2023/09/12,8.28,8.34,8.10,8.12,6528038,56981952.00
2023/09/13,8.10,8.20,8.07,8.12,4979819,43250188.00
2023/09/14,8.09,8.29,8.07,8.25,6650845,58291144.00
2023/09/15,8.20,8.67,8.20,8.24,12676254,114155288.00
2023/09/18,8.24,8.46,8.09,8.41,10411666,92360680.00
2023/09/19,8.41,8.57,8.32,8.38,8079824,72357632.00
2023/09/20,8.38,8.64,8.33,8.48,8763380,79664864.00
2023/09/21,8.48,8.49,8.22,8.29,6523399,57984208.00
2023/09/22,8.26,8.62,8.25,8.59,7762035,70349584.00
2023/09/25,8.60,8.86,8.56,8.58,8433075,77469296.00
2023/09/26,8.61,8.73,8.57,8.67,4831200,44568512.00
2023/09/27,8.64,8.74,8.56,8.65,6203487,57170760.00
2023/09/28,8.65,8.71,8.58,8.61,5666990,52069816.00
2023/10/09,8.53,8.64,8.44,8.58,8295430,75677352.00
2023/10/10,8.59,8.72,8.52,8.57,6477900,59434352.00
2023/10/11,8.62,8.78,8.57,8.62,6863733,63508884.00
2023/10/12,8.68,8.71,8.32,8.35,10654776,95804624.00
2023/10/13,8.40,8.45,8.32,8.33,5894994,52643748.00
2023/10/16,8.40,8.46,8.28,8.40,6529320,58481408.00
2023/10/17,8.42,8.43,8.30,8.33,2944800,26243576.00
2023/10/18,8.28,8.37,8.11,8.19,4596022,40470056.00
2023/10/19,8.24,8.28,8.15,8.19,4204360,36897488.00
2023/10/20,8.19,8.25,7.97,7.99,5570006,47969972.00
2023/10/23,8.00,8.03,7.67,7.73,5696000,47686712.00
2023/10/24,7.69,8.10,7.69,8.05,8625400,73716624.00
2023/10/25,8.13,8.14,7.91,8.01,5088400,43595416.00
2023/10/26,8.01,8.12,7.95,8.05,4063700,35018516.00
2023/10/27,8.07,8.14,7.98,8.12,3703240,32079504.00
2023/10/30,8.12,8.22,7.93,7.98,9016483,77387976.00
2023/10/31,8.04,8.05,7.60,7.70,13499503,112291168.00
2023/11/01,7.63,7.92,7.61,7.69,11700515,97264232.00
2023/11/02,7.73,8.28,7.70,8.11,17540183,151205904.00
2023/11/03,8.04,8.25,7.90,8.01,10898212,94298136.00
2023/11/06,8.08,8.34,7.99,8.31,10508497,92450288.00
2023/11/07,8.39,8.42,8.26,8.37,8135900,72475544.00
2023/11/08,8.41,8.76,8.35,8.66,10799132,99306288.00
2023/11/09,8.57,8.91,8.57,8.62,7760688,71715032.00
2023/11/10,8.59,8.62,8.35,8.41,7381263,66604264.00
2023/11/13,8.41,8.52,8.34,8.47,6461398,58196992.00
2023/11/14,8.39,8.48,8.27,8.32,5811800,51764028.00
2023/11/15,8.36,8.44,8.25,8.28,6409376,56812536.00
2023/11/16,8.25,8.60,8.22,8.41,9541360,86065496.00
2023/11/17,8.40,8.53,8.34,8.49,6456738,58285656.00
2023/11/20,8.53,8.60,8.36,8.53,6383021,57766516.00
2023/11/21,8.54,8.69,8.48,8.60,8001715,73391376.00
2023/11/22,8.59,8.77,8.52,8.69,7411996,68646432.00
2023/11/23,8.68,8.68,8.49,8.61,6751306,61756028.00
2023/11/24,8.62,8.72,8.51,8.55,6211400,56856780.00
2023/11/27,8.54,8.54,8.37,8.47,7714566,69463672.00
2023/11/28,8.44,8.46,8.28,8.42,6924000,61852216.00
2023/11/29,8.47,8.47,8.30,8.36,6063400,54180592.00
2023/11/30,8.42,8.54,8.37,8.46,7138143,64488816.00
2023/12/01,8.44,8.68,8.44,8.67,9012460,82602832.00
2023/12/04,8.70,8.87,8.63,8.82,9532703,89109928.00
2023/12/05,8.79,8.88,8.63,8.66,6708668,62337712.00
2023/12/06,8.61,8.83,8.32,8.71,9484215,86843688.00
2023/12/07,8.71,8.99,8.64,8.91,12155700,114361344.00
2023/12/08,8.92,8.94,8.59,8.59,18658927,173215680.00
2023/12/11,8.60,9.51,8.60,9.51,20383195,196273712.00
2023/12/12,9.84,9.92,9.45,9.67,39575252,404416000.00
2023/12/13,9.65,10.20,9.61,9.81,27631990,288308192.00
2023/12/14,9.71,10.29,9.71,10.00,27281514,289159776.00
2023/12/15,9.97,10.27,9.84,10.10,26171619,278151808.00
2023/12/18,10.08,10.12,9.75,9.80,25132187,262426560.00
2023/12/19,9.83,9.87,9.69,9.83,11651807,120587384.00
2023/12/20,9.80,9.87,9.63,9.66,11754091,120774928.00
2023/12/21,9.57,9.69,9.43,9.58,11084443,112106912.00
2023/12/22,9.58,9.60,8.98,9.03,17711932,172573952.00
2023/12/25,9.04,9.08,8.74,8.97,11034903,104710712.00
2023/12/26,9.04,9.10,8.73,8.78,6509413,61152212.00
2023/12/27,8.72,8.84,8.64,8.69,7092489,65789408.00
2023/12/28,8.69,8.69,8.49,8.52,9394900,85554800.00
2023/12/29,8.53,8.94,8.53,8.82,11777533,110326152.00
2024/01/02,8.87,9.06,8.82,8.93,10062448,95626760.00
2024/01/03,8.96,9.23,8.75,9.10,12751806,122941104.00
2024/01/04,9.09,9.20,8.94,9.09,7743400,74775664.00
2024/01/05,9.11,9.21,8.94,9.01,8195467,78915160.00
2024/01/08,9.01,9.04,8.87,8.96,6925882,65854784.00
2024/01/09,8.91,9.02,8.78,8.88,6146766,57985908.00
2024/01/10,8.84,8.85,8.65,8.71,4668727,43277456.00
2024/01/11,8.66,8.91,8.64,8.82,6552673,61476836.00
2024/01/12,8.80,8.87,8.66,8.71,4539300,42254672.00
2024/01/15,8.65,8.76,8.59,8.66,6293600,58155436.00
2024/01/16,8.66,8.72,8.52,8.63,5515100,50612472.00
2024/01/17,8.62,8.68,8.46,8.46,3693538,33732420.00
2024/01/18,8.44,8.51,8.08,8.34,8784171,77465976.00
2024/01/19,8.37,8.62,8.34,8.45,5832618,52784572.00
2024/01/22,8.40,8.57,7.66,7.71,10031581,86849728.00
2024/01/23,7.71,7.91,7.57,7.87,10838212,89864776.00
2024/01/24,7.82,8.05,7.63,7.92,9159414,76871832.00
2024/01/25,7.97,8.61,7.86,8.59,11968863,106858128.00
2024/01/26,9.10,9.51,9.02,9.23,27899291,274601056.00
2024/01/29,9.07,9.26,9.05,9.15,23687577,230463968.00
2024/01/30,9.03,9.29,8.90,8.97,13999600,135173056.00
2024/01/31,8.94,9.40,8.85,9.14,19762905,192285696.00
2024/02/01,9.07,9.07,8.70,8.84,16527689,156201424.00
2024/02/02,8.79,9.08,8.27,8.64,15045796,140580928.00
2024/02/05,8.54,8.64,7.88,8.31,20211592,179701152.00
2024/02/06,8.06,8.96,7.96,8.70,18729788,169474896.00
2024/02/07,8.64,8.99,8.56,8.83,15273200,142570480.00
2024/02/08,8.83,9.52,8.83,9.21,18459542,180702496.00
2024/02/19,9.26,9.52,9.20,9.38,15240567,151090496.00
2024/02/20,9.29,9.69,9.15,9.54,12627166,126968936.00
2024/02/21,9.46,9.69,9.27,9.40,11481350,115266360.00
2024/02/22,9.41,9.60,9.34,9.57,8064850,81029496.00
2024/02/23,9.58,10.58,9.49,10.58,19735493,208991168.00
2024/02/26,11.02,11.02,10.05,10.25,32344546,349471840.00
2024/02/27,10.11,10.32,10.01,10.14,24923372,266752512.00
2024/02/28,10.06,10.35,9.78,9.80,20854342,222315136.00
2024/02/29,9.77,10.01,9.67,10.00,13759016,144077408.00
2024/03/01,10.00,10.14,9.82,10.04,13958002,147412800.00
2024/03/04,10.04,10.14,9.91,10.11,13958334,148225072.00
2024/03/05,10.12,10.15,9.91,9.99,14855995,157582400.00
2024/03/06,9.99,10.19,9.91,10.07,12847330,136864656.00
2024/03/07,10.15,10.54,10.04,10.28,15720015,171304672.00
2024/03/08,10.21,10.68,10.21,10.57,15547835,171761328.00
2024/03/11,10.59,10.68,10.44,10.67,10716811,119307224.00
2024/03/12,10.60,10.66,10.35,10.56,13190925,146083248.00
2024/03/13,10.63,11.09,10.39,10.89,13428325,152518160.00
2024/03/14,10.78,10.82,10.50,10.62,8911995,99689872.00
2024/03/15,10.53,10.69,10.42,10.60,6751170,74953904.00
2024/03/18,10.60,10.96,10.58,10.82,10190714,115275000.00
2024/03/19,10.76,10.95,10.49,10.52,11035312,124154200.00
2024/03/20,10.52,10.85,10.50,10.69,10136904,113653984.00
2024/03/21,10.74,11.04,10.68,10.72,10085607,114810448.00
2024/03/22,10.74,10.92,10.57,10.82,12444741,141165600.00
2024/03/25,10.91,11.07,10.55,10.55,16466667,188129360.00
2024/03/26,10.54,10.78,10.47,10.53,11315650,126320712.00
2024/03/27,10.49,10.63,10.24,10.32,10377136,113661256.00
2024/03/28,10.27,10.54,10.27,10.40,7764833,85295112.00
2024/03/29,10.48,10.48,10.24,10.42,7079422,77263536.00
2024/04/01,10.46,10.85,10.44,10.75,11862800,133451600.00
2024/04/02,10.63,10.70,10.14,10.23,12874700,139769712.00
2024/04/03,10.22,10.28,10.04,10.16,8800637,94172264.00
2024/04/08,10.22,10.32,10.06,10.21,7374304,79412848.00
2024/04/09,10.17,10.26,10.04,10.06,5440800,58135716.00
2024/04/10,10.07,10.11,9.77,9.86,7728400,80984904.00
2024/04/11,9.89,10.33,9.87,10.19,9520338,102129664.00
2024/04/12,10.16,10.30,10.05,10.14,6957900,74567680.00
2024/04/15,10.18,10.45,10.07,10.39,9778500,106107352.00
2024/04/16,10.34,10.63,10.18,10.21,13171973,144342128.00
2024/04/17,10.17,10.46,10.15,10.42,10403260,113457160.00
2024/04/18,10.35,10.48,10.12,10.18,10400731,112408456.00
2024/04/19,10.32,10.45,10.16,10.28,17851238,194646176.00
2024/04/22,10.39,10.39,9.85,9.87,18811225,198324880.00
2024/04/23,9.87,10.11,9.66,9.77,9905170,103121344.00
2024/04/24,9.72,9.89,9.40,9.82,11827670,121095296.00
2024/04/25,9.77,9.78,9.47,9.50,10664800,107857160.00
2024/04/26,9.49,9.71,9.45,9.47,13418307,135519264.00
2024/04/29,9.40,9.65,9.40,9.48,14691975,148405200.00
2024/04/30,9.46,9.87,9.09,9.65,29666541,298582080.00
2024/05/06,9.66,10.15,9.65,10.11,26461437,277720960.00
2024/05/07,10.13,10.51,10.09,10.46,18188680,197767040.00
2024/05/08,10.46,10.66,10.23,10.56,16625421,183145888.00
2024/05/09,10.58,10.83,10.33,10.78,16447211,183480928.00
2024/05/10,10.83,11.10,10.60,11.05,15035413,171778144.00
2024/05/13,10.94,10.99,10.46,10.55,16784168,188377648.00
2024/05/14,10.63,11.25,10.62,11.23,16563016,191209200.00
2024/05/15,11.18,11.30,10.96,11.20,11183911,130792544.00
2024/05/16,11.13,11.49,11.04,11.33,13246321,157311312.00
2024/05/17,11.30,11.37,11.09,11.31,14148122,166535088.00
2024/05/20,11.26,11.75,11.09,11.65,13813700,166794800.00
2024/05/21,11.59,11.86,11.55,11.74,12331324,151613360.00
2024/05/22,11.67,11.89,11.55,11.78,9313863,114660120.00
2024/05/23,11.78,11.87,11.33,11.40,8196100,99073424.00
2024/05/24,11.43,11.84,11.43,11.59,8881700,108853840.00
2024/05/27,11.65,11.92,11.55,11.76,7001248,86069272.00
2024/05/28,11.73,11.91,11.62,11.72,8521026,105219184.00
2024/05/29,11.68,11.98,11.64,11.89,7728091,95705016.00
2024/05/30,11.81,11.99,11.67,11.75,7118100,88389320.00
2024/05/31,11.77,12.18,11.77,12.01,8093150,101483456.00
2024/06/03,12.12,12.94,11.95,12.75,21099266,278680512.00
2024/06/04,12.67,12.93,12.58,12.90,12736184,169832880.00
2024/06/05,12.92,12.99,12.44,12.48,9289719,122532784.00
2024/06/06,12.46,12.75,12.37,12.53,10271400,135155952.00
2024/06/07,12.65,12.89,12.55,12.81,9509871,126622008.00
2024/06/11,12.74,12.93,12.56,12.89,8484575,113290328.00
2024/06/12,12.83,13.36,12.79,13.14,9282187,127501744.00
2024/06/13,13.10,13.34,12.89,13.14,10314616,141195712.00
2024/06/14,13.21,13.42,12.36,12.90,30025666,386272128.00
2024/06/17,12.58,13.14,12.30,12.79,19240458,247101200.00
2024/06/18,12.90,12.95,12.36,12.44,15117797,188990176.00
2024/06/19,12.48,12.60,12.25,12.32,10471901,129912128.00
2024/06/20,12.33,12.41,12.21,12.28,7294118,89660256.00
2024/06/21,12.08,12.46,11.98,12.41,8513570,105186392.00
2024/06/24,12.47,12.47,12.03,12.07,7240000,88022384.00
2024/06/25,12.18,12.24,11.87,11.95,8192830,98320992.00
2024/06/26,11.86,12.23,11.79,11.84,8977651,106996328.00
2024/06/27,11.80,12.11,11.73,11.79,12212400,145047616.00
2024/06/28,11.89,12.08,11.70,11.82,11958236,141858048.00
2024/07/01,11.73,12.44,11.71,12.37,10669000,129609632.00
2024/07/02,12.37,12.45,11.62,11.74,12540123,148125344.00
2024/07/03,11.72,12.06,11.66,11.72,11333923,134451328.00
2024/07/04,11.68,11.91,11.65,11.70,7281300,85673112.00
2024/07/05,11.50,11.87,11.50,11.79,5706005,66943136.00
2024/07/08,11.84,11.95,11.50,11.60,8591900,100702616.00
2024/07/09,11.59,12.00,11.51,11.85,9616100,113339568.00
2024/07/10,11.80,11.93,11.32,11.37,10750806,123610088.00
2024/07/11,11.48,11.48,10.93,11.02,12064300,133217040.00
2024/07/12,11.00,11.08,10.85,10.86,9767100,106739112.00
2024/07/15,10.93,11.39,10.69,11.09,13658924,151829232.00
2024/07/16,11.11,11.14,10.80,11.06,10155051,111570176.00
2024/07/17,10.95,11.07,10.81,11.01,9848384,107827712.00
2024/07/18,11.01,11.01,10.73,10.93,6775200,73526976.00
2024/07/19,10.92,11.12,10.80,10.85,8357800,91302912.00
2024/07/22,10.86,10.90,10.65,10.74,8377717,89847432.00
2024/07/23,10.80,10.80,10.43,10.44,6972107,73606504.00
2024/07/24,10.45,10.84,10.42,10.72,11997502,128259416.00
2024/07/25,10.69,11.06,10.62,11.01,11260581,122965552.00
2024/07/26,10.94,11.13,10.84,10.98,7466100,82038904.00
2024/07/29,10.88,11.00,10.73,10.88,6340113,68620240.00
2024/07/30,10.84,10.98,10.66,10.78,5236500,56431832.00
2024/07/31,10.79,11.09,10.71,10.87,8710500,94965720.00
2024/08/01,10.90,11.19,10.87,10.93,8631033,94995904.00
2024/08/02,10.88,11.27,10.78,11.18,9810413,109308216.00
2024/08/05,11.19,11.45,10.98,11.03,9168057,102730512.00
2024/08/06,11.15,11.18,10.60,10.76,8081400,87223328.00
2024/08/07,10.69,11.14,10.65,10.99,7414620,81189392.00
2024/08/08,10.91,11.20,10.70,11.10,9238524,101137112.00
2024/08/09,11.06,11.13,10.54,10.68,11577464,124330048.00
2024/08/12,10.68,11.75,10.63,11.75,19517241,224082352.00
2024/08/13,11.75,11.86,11.38,11.49,24092794,277951392.00
2024/08/14,11.50,12.42,11.50,12.25,29687808,358917824.00
2024/08/15,12.19,12.45,12.02,12.38,18021486,221304672.00
2024/08/16,12.40,12.49,12.16,12.46,9579247,118422464.00
2024/08/19,12.43,12.72,12.30,12.65,10529900,132032056.00
2024/08/20,12.68,12.78,12.49,12.77,9757739,123275016.00
2024/08/21,12.68,12.80,12.34,12.39,14091500,176193120.00
2024/08/22,12.40,12.54,12.26,12.32,6017327,74426272.00
2024/08/23,12.26,12.37,12.17,12.28,4996575,61216296.00
2024/08/26,12.18,12.32,11.82,12.32,9685600,117597536.00
2024/08/27,12.21,12.32,12.14,12.23,5222714,63761464.00
2024/08/28,12.23,12.70,12.16,12.41,7170200,89433280.00
2024/08/29,12.37,12.45,12.11,12.16,6792694,83092640.00
2024/08/30,12.22,12.23,11.50,11.87,16350232,192708304.00
2024/09/02,11.70,12.07,11.51,11.98,12455600,147855568.00
2024/09/03,11.93,12.12,11.88,12.10,9256100,111296432.00
2024/09/04,12.07,12.50,11.91,12.38,6875368,84575392.00
2024/09/05,12.40,12.61,12.26,12.53,5220900,65153128.00
2024/09/06,12.48,12.88,12.42,12.65,6054698,76787720.00
2024/09/09,12.65,12.72,12.37,12.50,5972356,74728088.00
2024/09/10,12.39,12.86,12.39,12.82,7447663,94162152.00
2024/09/11,12.85,12.91,12.48,12.70,10363029,131213168.00
2024/09/12,12.50,12.69,12.38,12.62,7445158,93329808.00
2024/09/13,12.61,12.76,12.20,12.46,9098302,113048464.00
2024/09/18,12.44,12.60,12.00,12.14,7518164,91739744.00
2024/09/19,12.19,12.21,11.73,11.87,9332788,111101184.00
2024/09/20,11.94,11.94,11.61,11.77,8203865,96462144.00
2024/09/23,11.77,12.01,11.54,11.57,6940300,81668408.00
2024/09/24,11.63,11.91,11.42,11.90,8777638,102553520.00
2024/09/25,11.93,12.42,11.82,11.87,9250400,111970336.00
2024/09/26,11.90,11.97,11.57,11.94,8934400,104939272.00
2024/09/27,12.06,12.25,11.84,12.19,6546254,78905048.00
2024/09/30,12.40,13.18,11.85,12.94,23669598,296683136.00
2024/10/08,14.10,14.20,12.50,12.95,37839958,494298272.00
2024/10/09,12.76,12.76,11.66,11.66,24884057,295891328.00
2024/10/10,11.62,12.44,11.62,12.05,20121501,242319104.00
2024/10/11,11.93,12.22,11.64,11.76,13716185,163891568.00
2024/10/14,11.75,12.08,11.52,11.97,11915000,140968992.00
2024/10/15,11.90,12.01,11.57,11.58,7939121,93639304.00
2024/10/16,11.56,11.98,11.48,11.87,8605025,101540800.00
2024/10/17,11.87,12.04,11.41,11.45,10346800,120547048.00
2024/10/18,11.45,11.70,11.32,11.47,13122134,150925952.00
2024/10/21,11.50,11.59,11.14,11.39,16704633,190311424.00
2024/10/22,11.39,11.90,11.32,11.43,15342421,177636624.00
2024/10/23,11.43,11.52,11.27,11.41,10623648,121228424.00
2024/10/24,11.33,11.40,11.18,11.33,7526400,85115080.00
2024/10/25,11.31,11.44,11.27,11.33,6262100,71066368.00
2024/10/28,11.37,11.82,11.28,11.57,13029137,150667040.00
2024/10/29,11.61,11.71,11.33,11.45,9298861,106722392.00
2024/10/30,11.46,11.56,11.24,11.34,8461000,96241240.00
2024/10/31,11.27,11.30,10.55,10.67,14063324,150683360.00
2024/11/01,10.65,10.79,10.44,10.64,11954643,126879960.00
2024/11/04,10.66,10.76,10.50,10.76,7370400,78268848.00
2024/11/05,10.71,10.80,10.57,10.75,8209214,87979056.00
2024/11/06,10.69,10.82,10.61,10.78,8779297,93911776.00
2024/11/07,10.70,10.88,10.66,10.87,7448886,80615784.00
2024/11/08,10.90,10.96,10.60,10.66,11601500,124699608.00
2024/11/11,10.61,10.90,10.57,10.82,10577337,113812128.00
2024/11/12,10.82,10.88,10.56,10.63,9933180,106372176.00
2024/11/13,10.59,10.90,10.55,10.86,12690300,137109248.00
2024/11/14,10.86,11.00,10.66,10.70,10456897,113233272.00
2024/11/15,10.66,10.97,10.65,10.79,10569640,114739504.00
2024/11/18,10.83,10.89,10.47,10.71,10516554,112324000.00
2024/11/19,10.70,10.74,10.45,10.63,7806836,82659120.00
2024/11/20,10.62,10.75,10.55,10.73,8529337,90895552.00
2024/11/21,10.68,10.73,10.61,10.67,4440600,47317464.00
2024/11/22,10.63,10.72,10.35,10.35,7989894,84264560.00
数据来源:通达信
