688468 科美诊断 日线 前复权
      日期	    开盘	    最高	    最低	    收盘	    成交量	    成交额
2021/04/09,19.36,31.13,17.87,24.30,26591938,552372160.00
2021/04/12,19.56,20.35,17.63,17.76,17267801,339026272.00
2021/04/13,17.38,18.73,17.24,17.34,7610112,141036368.00
2021/04/14,17.62,18.01,17.04,17.16,5452048,98638672.00
2021/04/15,17.12,19.04,16.26,17.59,9402773,170420640.00
2021/04/16,17.32,21.24,17.06,21.24,11409136,226351840.00
2021/04/19,22.24,25.62,20.86,25.62,20525625,498755360.00
2021/04/20,25.43,25.43,21.26,21.44,16440299,385545408.00
2021/04/21,21.07,22.66,19.92,20.95,12516304,275751200.00
2021/04/22,20.61,21.21,20.03,20.51,7636907,161286736.00
2021/04/23,20.31,23.71,20.31,22.68,14447292,330921056.00
2021/04/26,22.81,24.92,21.66,23.49,14345140,350374688.00
2021/04/27,23.14,27.86,22.16,26.44,14853986,375898880.00
2021/04/28,25.36,30.16,24.87,25.96,16192381,450836128.00
2021/04/29,26.32,27.64,24.64,25.26,11164037,296327200.00
2021/04/30,24.97,26.86,23.96,26.56,10697142,283111488.00
2021/05/06,26.57,26.57,24.26,24.44,9125570,235274352.00
2021/05/07,24.23,24.92,21.48,21.90,6981163,162754400.00
2021/05/10,21.89,23.12,21.89,22.65,4847339,112971312.00
2021/05/11,22.43,23.15,21.08,21.31,5551606,124132392.00
2021/05/12,21.24,22.64,21.02,22.50,5295156,120023848.00
2021/05/13,22.36,23.43,21.54,21.66,5242693,120908152.00
2021/05/14,21.88,23.34,21.76,22.56,5745086,134306096.00
2021/05/17,22.86,26.34,22.66,25.48,9623753,244410512.00
2021/05/18,24.86,25.75,24.37,25.01,6781657,172605984.00
2021/05/19,24.96,26.70,24.93,26.04,8671947,230178864.00
2021/05/20,25.58,26.86,24.63,25.94,7511421,197046368.00
2021/05/21,25.74,25.76,23.93,24.12,6600563,166617664.00
2021/05/24,24.53,24.76,23.24,24.54,4466708,110795568.00
2021/05/25,24.26,26.24,24.26,25.49,6710713,175764080.00
2021/05/26,25.56,25.98,24.67,25.98,5998765,155756496.00
2021/05/27,25.81,27.46,25.37,27.16,8387048,227880864.00
2021/05/28,27.04,28.66,25.98,26.26,7472850,205819744.00
2021/05/31,26.03,29.16,26.01,29.16,9750693,276897792.00
2021/06/01,29.76,29.76,27.88,28.46,7916623,231238144.00
2021/06/02,28.11,29.05,27.36,27.51,6675079,191743440.00
2021/06/03,27.31,28.23,26.47,26.67,5076549,141562880.00
2021/06/04,26.34,27.49,25.92,26.61,4125543,112788584.00
2021/06/07,26.51,26.79,25.67,26.02,3924488,104976624.00
2021/06/08,25.86,26.93,25.61,26.31,4344269,117072208.00
2021/06/09,26.15,26.26,23.46,23.66,6512355,166004736.00
2021/06/10,23.72,23.85,22.62,23.25,5605921,132822536.00
2021/06/11,23.22,23.66,22.87,23.38,3122318,74886808.00
2021/06/15,23.34,23.71,22.25,22.56,2685449,62831312.00
2021/06/16,22.56,23.13,21.94,22.54,2868766,66213140.00
2021/06/17,22.52,22.83,22.07,22.48,2134743,49227872.00
2021/06/18,22.48,23.61,22.37,23.39,3221671,76920344.00
2021/06/21,23.56,24.84,23.24,24.33,4124950,102231472.00
2021/06/22,24.26,24.53,23.33,23.48,3427736,83341736.00
2021/06/23,23.51,23.71,22.78,22.98,2607731,61755780.00
2021/06/24,22.98,22.98,21.36,21.38,4394349,98998056.00
2021/06/25,21.38,21.93,21.26,21.68,2006523,44661488.00
2021/06/28,21.68,22.21,21.68,21.95,1608067,36302884.00
2021/06/29,22.02,22.80,21.04,22.33,4040870,91717248.00
2021/06/30,21.96,22.04,21.45,21.67,2811177,62713300.00
2021/07/01,21.64,22.35,21.40,21.75,2335125,52801108.00
2021/07/02,21.72,22.18,21.48,21.76,1560194,34947884.00
2021/07/05,21.76,21.82,20.81,21.04,2352605,51247512.00
2021/07/06,20.88,21.16,19.96,20.35,2665666,55942448.00
2021/07/07,20.27,20.61,20.08,20.48,1416487,29863426.00
2021/07/08,20.49,20.51,19.77,19.84,1964581,40495440.00
2021/07/09,19.93,20.33,19.54,20.15,1690236,34857624.00
2021/07/12,20.17,20.65,20.02,20.42,1528456,32148912.00
2021/07/13,20.36,20.48,19.91,20.17,1576302,32714920.00
2021/07/14,20.16,21.42,19.98,20.73,3293930,70838504.00
2021/07/15,20.73,20.82,19.70,19.96,1977446,41009124.00
2021/07/16,19.96,20.17,19.66,19.80,1351990,27702374.00
2021/07/19,19.80,20.01,19.60,19.78,863617,17657258.00
2021/07/20,19.66,20.65,19.66,20.06,1662517,34770568.00
2021/07/21,20.17,21.19,20.17,20.92,2796283,60300036.00
2021/07/22,20.68,21.23,20.30,20.57,1981123,41820680.00
2021/07/23,20.46,20.46,19.08,19.27,3054997,61609764.00
2021/07/26,18.84,19.31,17.96,17.97,2268061,43256240.00
2021/07/27,18.00,18.63,17.91,18.06,1605111,30425332.00
2021/07/28,17.86,19.86,17.18,19.46,3833596,74151680.00
2021/07/29,19.24,19.76,18.95,19.55,2524625,50561516.00
2021/07/30,19.46,21.32,18.86,20.75,5039572,105224336.00
2021/08/02,20.79,21.79,20.46,20.88,4205160,91212504.00
2021/08/03,20.52,22.11,20.51,22.11,6105776,135637280.00
2021/08/04,21.66,21.88,20.84,21.59,4570053,100065704.00
2021/08/05,21.46,21.92,20.56,20.56,3387415,73497608.00
2021/08/06,20.97,21.04,20.19,20.65,2524919,53684652.00
2021/08/09,20.54,20.76,20.04,20.24,1913120,40060220.00
2021/08/10,20.34,20.34,19.89,20.21,1752043,36313836.00
2021/08/11,20.24,20.30,19.56,19.61,2102767,43233080.00
2021/08/12,19.61,20.16,19.60,19.72,1487691,30490984.00
2021/08/13,19.88,19.88,19.06,19.12,1810664,36114016.00
2021/08/16,19.34,19.74,18.97,19.24,1594228,32029416.00
2021/08/17,19.21,19.81,18.96,19.30,1708526,34116620.00
2021/08/18,19.16,19.33,18.64,18.74,1744658,34076900.00
2021/08/19,18.71,18.90,18.55,18.84,709851,13775400.00
2021/08/20,18.84,18.85,17.94,18.20,1463022,27657660.00
2021/08/23,18.14,18.48,18.09,18.34,1225046,23198686.00
2021/08/24,18.34,18.71,18.21,18.57,1285169,24589562.00
2021/08/25,18.56,18.82,18.42,18.65,1184125,22777020.00
2021/08/26,18.81,18.86,17.74,17.74,2011521,37587968.00
2021/08/27,17.71,18.10,17.64,18.06,1154837,21382800.00
2021/08/30,17.86,18.23,17.58,17.78,1174858,21813920.00
2021/08/31,17.61,17.86,17.26,17.38,1165959,21088092.00
2021/09/01,17.39,17.91,17.21,17.70,1216472,22182636.00
2021/09/02,17.70,17.83,17.32,17.47,995188,18051280.00
2021/09/03,17.41,17.91,17.38,17.79,973400,17856824.00
2021/09/06,17.80,18.33,17.62,18.16,1526789,28644320.00
2021/09/07,18.24,18.32,17.97,18.11,1154585,21664514.00
2021/09/08,18.04,18.21,17.92,18.13,896455,16755033.00
2021/09/09,18.09,18.15,17.76,17.83,1008904,18716616.00
2021/09/10,17.91,17.91,17.44,17.48,991900,18056324.00
2021/09/13,17.61,17.84,17.56,17.74,764278,14020603.00
2021/09/14,17.76,18.56,17.57,18.19,2063816,38711424.00
2021/09/15,17.99,18.14,17.79,17.83,1034920,19211448.00
2021/09/16,17.66,18.16,17.66,17.94,1138074,21150916.00
2021/09/17,17.76,18.14,17.24,17.84,1543473,28328386.00
2021/09/22,17.65,18.14,17.47,17.55,872793,16055528.00
2021/09/23,17.66,17.79,17.41,17.53,765846,13966601.00
2021/09/24,17.53,17.53,17.25,17.30,789172,14217469.00
2021/09/27,17.28,17.34,16.47,16.57,926995,16143951.00
2021/09/28,16.51,16.68,16.36,16.51,438299,7508145.00
2021/09/29,16.58,16.58,15.67,15.74,912447,15188130.00
2021/09/30,15.89,16.10,15.74,15.84,319469,5283361.00
2021/10/08,15.77,16.20,15.77,16.05,479478,8018646.00
2021/10/11,15.93,16.67,15.81,16.28,1271024,21294480.00
2021/10/12,16.07,16.23,15.61,15.77,881585,14524065.00
2021/10/13,15.78,16.28,15.68,16.08,705855,11781747.00
2021/10/14,16.08,16.16,15.88,16.08,483247,8038566.00
2021/10/15,16.05,16.09,15.83,15.94,419442,6957027.00
2021/10/18,15.89,15.90,15.52,15.65,592611,9632886.00
2021/10/19,15.56,16.12,15.54,15.97,612062,10105104.00
2021/10/20,15.87,15.87,15.61,15.66,516453,8428674.00
2021/10/21,15.61,16.26,15.56,16.23,1345914,22430710.00
2021/10/22,16.45,16.63,15.91,16.11,977409,16485931.00
2021/10/25,16.24,16.34,15.86,16.06,532649,8858371.00
2021/10/26,15.96,16.07,15.76,15.84,473410,7819175.00
2021/10/27,15.77,15.78,15.54,15.69,471907,7680333.00
2021/10/28,15.78,15.78,15.54,15.62,385528,6257770.00
2021/10/29,15.67,15.86,15.27,15.46,750605,12195798.00
2021/11/01,15.21,15.63,15.16,15.46,436011,7030730.00
2021/11/02,15.38,15.75,14.96,15.04,895736,14247090.00
2021/11/03,15.14,15.97,15.10,15.78,1299963,21304420.00
2021/11/04,15.79,15.79,15.54,15.59,703628,11462256.00
2021/11/05,15.70,16.02,15.57,15.87,1135578,18718360.00
2021/11/08,15.87,16.15,15.37,15.53,886600,14325437.00
2021/11/09,15.57,15.86,15.57,15.68,675100,11055716.00
2021/11/10,15.68,16.22,15.68,16.04,1329901,22149946.00
2021/11/11,16.06,16.76,15.96,16.54,1755646,30127180.00
2021/11/12,16.56,16.66,16.27,16.54,963177,16441799.00
2021/11/15,16.52,17.08,16.52,16.83,1442308,25265336.00
2021/11/16,16.88,16.92,16.39,16.41,1123604,19346588.00
2021/11/17,16.41,16.93,16.33,16.76,1180107,20489876.00
2021/11/18,16.89,16.90,16.32,16.38,799246,13692092.00
2021/11/19,16.35,16.55,16.24,16.38,586343,9997339.00
2021/11/22,16.41,16.59,16.29,16.57,770360,13197354.00
2021/11/23,16.57,17.48,16.53,17.46,2783228,49281932.00
2021/11/24,17.41,17.61,17.03,17.47,2384530,43015864.00
2021/11/25,17.38,18.47,17.22,18.16,4389120,81420320.00
2021/11/26,19.26,19.81,17.98,18.05,4785441,93018464.00
2021/11/29,18.41,18.93,17.51,18.27,4251053,80424552.00
2021/11/30,18.42,21.35,17.63,20.57,8557377,170651504.00
2021/12/01,19.68,20.29,19.04,19.14,6065318,123043552.00
2021/12/02,19.05,20.13,18.82,19.15,4832297,97348584.00
2021/12/03,18.86,19.11,18.16,18.29,3282243,62615392.00
2021/12/06,18.16,18.16,17.48,17.48,2076983,38163240.00
2021/12/07,17.45,17.74,16.95,17.08,1604915,28764500.00
2021/12/08,17.05,17.65,17.01,17.25,861727,15415317.00
2021/12/09,17.22,17.79,17.22,17.45,1214279,22068594.00
2021/12/10,17.59,17.61,17.25,17.34,903925,16302478.00
2021/12/13,17.51,17.51,17.12,17.12,1066248,19018146.00
2021/12/14,17.30,17.83,17.21,17.75,2029892,37128852.00
2021/12/15,17.87,17.88,17.38,17.44,1489516,27156368.00
2021/12/16,17.44,17.54,17.34,17.46,815628,14737766.00
2021/12/17,17.48,17.62,16.97,17.15,1264975,22640296.00
2021/12/20,17.11,17.80,16.99,17.42,1641665,29880234.00
2021/12/21,17.47,17.66,17.14,17.32,938362,16841020.00
2021/12/22,17.36,17.44,17.15,17.17,818030,14638533.00
2021/12/23,17.17,17.20,16.47,16.60,1452184,25189326.00
2021/12/24,16.56,16.70,16.14,16.14,915321,15596696.00
2021/12/27,16.16,16.55,16.16,16.49,698474,11904367.00
2021/12/28,16.60,16.71,16.26,16.52,741962,12708207.00
2021/12/29,16.47,17.21,16.41,16.93,1650150,29068096.00
2021/12/30,17.14,17.64,16.93,17.43,2217509,39911652.00
2021/12/31,17.33,17.58,17.21,17.28,1379441,24856388.00
2022/01/04,17.30,17.46,17.19,17.30,983450,17645364.00
2022/01/05,17.26,17.44,16.70,16.95,1236759,21751044.00
2022/01/06,16.95,17.66,16.80,17.63,1659932,29961284.00
2022/01/07,17.68,18.47,17.47,17.78,2449907,45705224.00
2022/01/10,18.16,18.94,18.16,18.58,4086067,78554240.00
2022/01/11,18.61,22.42,17.96,22.42,12769271,276992640.00
2022/01/12,21.50,23.03,20.66,21.75,15468006,346663456.00
2022/01/13,21.31,22.76,20.71,22.48,13011117,291749984.00
2022/01/14,21.84,24.20,21.48,23.21,13669104,323013312.00
2022/01/17,22.87,23.15,20.79,21.33,9064182,201643776.00
2022/01/18,21.05,21.16,18.98,19.16,7505643,152750304.00
2022/01/19,19.32,19.54,18.86,19.01,3412718,67367120.00
2022/01/20,19.34,19.66,18.22,18.35,5305079,103757048.00
2022/01/21,18.48,18.51,17.42,17.45,3649211,67203768.00
2022/01/24,17.29,17.70,17.07,17.32,2110819,38010412.00
2022/01/25,17.36,17.45,16.06,16.06,2972879,51244928.00
2022/01/26,16.05,16.36,15.75,15.89,1606228,26743312.00
2022/01/27,16.03,16.21,15.39,15.43,1883639,30740786.00
2022/01/28,15.71,15.91,15.26,15.58,1774415,28806670.00
2022/02/07,15.79,16.05,15.36,15.68,1466025,23899354.00
2022/02/08,15.71,16.01,15.50,15.96,1486336,24436876.00
2022/02/09,15.96,16.15,15.72,16.11,1813217,30113932.00
2022/02/10,16.11,16.21,15.61,15.75,2362894,38947828.00
2022/02/11,15.66,15.66,14.67,14.69,3245091,50671656.00
2022/02/14,14.64,14.99,14.55,14.78,1197069,18470556.00
2022/02/15,14.79,15.00,14.44,14.93,1076845,16645904.00
2022/02/16,15.02,15.91,14.86,15.59,2380219,38215068.00
2022/02/17,15.59,15.85,15.27,15.42,1581562,25495120.00
2022/02/18,15.36,15.80,15.23,15.49,1295864,20916418.00
2022/02/21,15.52,15.83,15.39,15.72,1546205,25182964.00
2022/02/22,15.58,15.67,15.12,15.27,1652745,26379422.00
2022/02/23,15.41,15.63,15.38,15.55,1303208,21066608.00
2022/02/24,15.55,15.95,14.96,15.10,2226965,35878024.00
2022/02/25,15.32,15.96,14.96,15.64,2381632,38902620.00
2022/02/28,15.89,16.33,15.60,16.07,3194649,53203704.00
2022/03/01,16.05,16.11,15.69,15.90,1449036,23946604.00
2022/03/02,15.86,16.22,15.57,16.06,1562143,25913860.00
2022/03/03,16.14,16.24,15.87,15.98,1626072,27170936.00
2022/03/04,15.96,16.80,15.88,16.39,2818643,48203664.00
2022/03/07,17.10,17.32,16.28,16.50,3426613,59889324.00
2022/03/08,16.46,16.50,14.90,15.02,3159022,50963808.00
2022/03/09,15.02,15.16,13.87,14.31,2615082,39482884.00
2022/03/10,14.57,15.45,14.57,15.37,2671542,42152636.00
2022/03/11,15.35,16.75,15.16,16.44,4539282,76148448.00
2022/03/14,17.06,17.06,16.04,16.07,4242433,73043936.00
2022/03/15,15.98,16.31,15.25,15.27,2649234,43635904.00
2022/03/16,15.59,15.59,14.17,14.84,2825866,43472952.00
2022/03/17,14.94,16.28,14.78,15.72,3084931,50560400.00
2022/03/18,15.82,15.92,15.44,15.57,2090802,34084420.00
2022/03/21,15.57,15.94,15.39,15.85,2155047,35157128.00
2022/03/22,15.67,15.67,14.76,15.02,2176244,34210448.00
2022/03/23,15.04,15.14,14.67,14.73,1483714,22991864.00
2022/03/24,14.73,14.84,14.28,14.47,1696615,25710304.00
2022/03/25,14.44,14.58,14.01,14.05,1587265,23682250.00
2022/03/28,14.05,14.09,13.51,13.68,1581177,22733700.00
2022/03/29,13.78,14.28,13.60,13.79,2013873,29474200.00
2022/03/30,13.84,14.03,13.26,13.59,1575913,22379600.00
2022/03/31,13.62,13.88,13.27,13.33,1965249,27856336.00
2022/04/01,13.29,13.36,12.76,12.77,1925029,26046206.00
2022/04/06,13.00,13.46,12.90,13.08,1817599,25067524.00
2022/04/07,12.99,13.26,12.64,12.64,1096708,14749300.00
2022/04/08,12.65,12.92,11.96,12.05,1634230,21138388.00
2022/04/11,11.86,12.50,11.86,12.17,1392992,17908848.00
2022/04/12,12.17,12.34,11.44,11.74,2616204,32478420.00
2022/04/13,11.66,11.69,11.38,11.38,1498769,18216236.00
2022/04/14,11.40,12.56,11.40,12.31,2463484,31306008.00
2022/04/15,11.99,12.29,11.96,12.08,1420235,18056418.00
2022/04/18,11.86,12.02,11.59,11.86,707427,8826822.00
2022/04/19,11.96,12.02,11.41,11.49,999803,12262258.00
2022/04/20,11.51,11.63,11.27,11.32,814225,9837447.00
2022/04/21,11.45,11.45,10.66,10.67,1330382,15435849.00
2022/04/22,10.67,10.89,10.46,10.48,1199806,13468314.00
2022/04/25,10.33,10.33,9.42,9.49,1347724,14260647.00
2022/04/26,9.71,9.92,9.37,9.43,1192054,12267119.00
2022/04/27,9.36,9.81,9.20,9.74,1067629,10806196.00
2022/04/28,9.86,9.86,9.40,9.41,756944,7783254.00
2022/04/29,9.39,9.95,9.39,9.92,1079318,11283492.00
2022/05/05,10.11,10.53,9.81,10.30,1315082,14327861.00
2022/05/06,9.96,10.62,9.82,10.43,1199844,13244150.00
2022/05/09,10.43,10.76,10.43,10.54,704772,7927273.00
2022/05/10,10.47,10.65,10.45,10.64,711500,7971076.00
2022/05/11,10.73,11.24,10.56,10.60,1419175,16388620.00
2022/05/12,10.58,11.01,10.37,10.81,1577158,18039208.00
2022/05/13,10.91,11.09,10.60,10.63,1090120,12375044.00
2022/05/16,10.84,10.84,10.36,10.43,1064643,11899730.00
2022/05/17,10.70,10.84,10.35,10.53,1755770,19662156.00
2022/05/18,10.64,10.64,10.41,10.47,1186970,13230531.00
2022/05/19,10.47,10.51,10.27,10.45,945009,10433590.00
2022/05/20,10.43,10.84,10.38,10.73,1945448,21901928.00
2022/05/23,10.75,11.21,10.73,11.11,2447972,28553552.00
2022/05/24,11.11,11.15,10.28,10.30,2186767,24740760.00
2022/05/25,10.30,10.50,10.24,10.45,833560,9179422.00
2022/05/26,10.49,10.59,10.28,10.47,1346010,14901891.00
2022/05/27,10.69,10.79,10.41,10.69,1506137,16949338.00
2022/05/30,10.69,11.01,10.56,10.90,1804075,20737288.00
2022/05/31,11.07,11.14,10.75,11.01,1637404,18999974.00
2022/06/01,10.96,11.50,10.96,11.49,2515487,30094456.00
2022/06/02,11.29,12.25,11.27,12.02,2798616,34864040.00
2022/06/06,11.91,12.39,11.72,12.37,2664985,34194540.00
2022/06/07,12.35,12.38,11.96,12.13,2021426,25771542.00
2022/06/08,12.13,12.33,12.06,12.15,1366228,17297038.00
2022/06/09,12.15,12.39,11.84,11.93,1419587,17692646.00
2022/06/10,11.73,12.16,11.73,12.11,783838,9776269.00
2022/06/13,11.93,12.19,11.93,12.05,794330,9960793.00
2022/06/14,11.93,11.99,11.60,11.84,964869,11784439.00
2022/06/15,11.89,12.08,11.86,11.96,705887,8774275.00
2022/06/16,12.07,12.40,11.91,12.33,1378835,17475978.00
2022/06/17,12.28,12.59,11.94,12.53,1371674,17502374.00
2022/06/20,12.53,12.70,12.30,12.38,891882,11493893.00
2022/06/21,12.30,12.46,12.03,12.16,688643,8733380.00
2022/06/22,12.04,12.30,11.85,11.91,478947,5994965.00
2022/06/23,11.93,12.13,11.78,12.11,474330,5891342.00
2022/06/24,12.09,12.35,12.01,12.12,471194,5952483.00
2022/06/27,12.25,12.41,11.98,12.11,619711,7799970.00
2022/06/28,12.11,12.31,11.94,12.21,988684,12492811.00
2022/06/29,12.27,12.27,11.89,12.03,909297,11403282.00
2022/06/30,11.98,12.09,11.79,11.86,979970,12166088.00
2022/07/01,11.79,11.86,11.62,11.78,664073,8110244.00
2022/07/04,11.86,11.95,11.73,11.90,1141975,14094747.00
2022/07/05,11.88,11.97,11.57,11.66,723934,8821618.00
2022/07/06,11.67,11.75,11.32,11.42,591142,7064880.00
2022/07/07,11.59,11.60,11.31,11.36,781467,9281663.00
2022/07/08,11.52,11.53,11.33,11.42,497111,5907105.00
2022/07/11,11.42,11.58,11.26,11.42,503456,5980437.00
2022/07/12,11.33,11.33,11.04,11.09,513561,5970649.00
2022/07/13,11.35,11.35,10.97,10.97,359215,4139652.00
2022/07/14,10.94,11.25,10.94,11.12,566207,6569122.00
2022/07/15,11.30,11.30,10.67,10.78,612511,6986661.00
2022/07/18,10.95,11.08,10.76,11.02,437812,5016777.00
2022/07/19,11.10,11.14,10.98,11.14,475058,5476382.00
2022/07/20,11.16,11.38,10.98,11.25,1134249,13283608.00
2022/07/21,11.25,11.25,10.96,11.11,890458,10290036.00
2022/07/22,10.99,11.20,10.80,10.89,811640,9265861.00
2022/07/25,10.94,11.02,10.81,10.87,423354,4809380.00
2022/07/26,10.96,10.96,10.67,10.92,550386,6204480.00
2022/07/27,10.93,11.00,10.75,10.87,882998,10025155.00
2022/07/28,10.91,10.98,10.80,10.87,707712,8049977.00
2022/07/29,10.93,10.93,10.63,10.67,853468,9575547.00
2022/08/01,10.67,10.78,10.59,10.73,371582,4151955.00
2022/08/02,10.69,10.69,9.84,10.04,1150743,12217113.00
2022/08/03,10.26,10.33,9.88,10.14,783116,8347838.00
2022/08/04,10.14,10.28,10.00,10.28,563108,5984656.00
2022/08/05,10.31,10.51,10.26,10.49,970825,10562837.00
2022/08/08,10.53,10.90,10.38,10.76,1373518,15405320.00
2022/08/09,10.69,10.89,10.59,10.70,848040,9475525.00
2022/08/10,10.75,10.81,10.63,10.79,550512,6167404.00
2022/08/11,10.69,11.09,10.69,11.00,1587897,18122812.00
2022/08/12,11.02,11.17,10.91,10.97,792761,9092314.00
2022/08/15,11.01,11.01,10.79,10.96,595931,6782179.00
2022/08/16,10.98,11.13,10.90,11.00,592283,6799963.00
2022/08/17,11.09,11.21,10.95,10.96,611652,7038488.00
2022/08/18,10.96,10.98,10.73,10.88,970531,10957155.00
2022/08/19,10.88,10.99,10.75,10.77,663215,7505353.00
2022/08/22,10.71,11.19,10.62,10.90,1345988,15464198.00
2022/08/23,10.90,10.90,10.71,10.75,605597,6813286.00
2022/08/24,10.75,10.82,10.49,10.60,1222924,13541947.00
2022/08/25,10.60,10.63,10.27,10.38,593828,6443857.00
2022/08/26,10.38,10.59,10.34,10.38,384567,4196450.00
2022/08/29,10.37,10.37,10.11,10.28,372179,3979818.00
2022/08/30,10.24,10.54,10.24,10.51,481142,5237300.00
2022/08/31,10.43,10.81,10.23,10.30,962807,10539008.00
2022/09/01,10.23,10.55,10.12,10.17,721384,7798325.00
2022/09/02,10.19,10.51,10.16,10.27,662153,7158113.00
2022/09/05,10.31,10.53,10.25,10.38,558792,6048391.00
2022/09/06,10.36,10.36,10.20,10.30,537254,5767943.00
2022/09/07,10.30,10.39,10.23,10.30,579301,6238394.00
2022/09/08,10.33,10.33,9.98,10.12,853458,9025675.00
2022/09/09,10.07,10.17,10.02,10.10,380492,4023528.00
2022/09/13,10.14,10.37,10.04,10.15,599348,6400350.00
2022/09/14,10.03,10.09,9.88,10.03,673229,7029183.00
2022/09/15,10.10,10.16,9.71,9.78,733243,7628328.00
2022/09/16,9.85,9.92,9.64,9.72,577401,5923006.00
2022/09/19,9.68,9.72,9.25,9.30,893755,8843695.00
2022/09/20,9.30,9.43,9.26,9.34,352387,3453013.00
2022/09/21,9.33,9.45,9.08,9.35,443751,4330168.00
2022/09/22,9.35,9.50,9.27,9.33,374399,3695729.00
2022/09/23,9.43,9.43,9.09,9.10,404296,3909304.00
2022/09/26,9.10,9.12,8.74,8.77,573138,5377865.00
2022/09/27,8.78,9.49,8.78,9.44,964037,9274929.00
2022/09/28,9.36,9.66,9.29,9.29,812517,8048624.00
2022/09/29,9.29,9.56,9.28,9.36,636609,6300102.00
2022/09/30,9.31,9.57,9.28,9.32,443957,4389709.00
2022/10/10,9.48,9.60,9.11,9.23,653761,6409926.00
2022/10/11,9.16,9.26,8.90,9.03,360310,3411360.00
2022/10/12,9.05,9.12,8.76,9.10,610332,5758895.00
2022/10/13,9.14,9.47,8.96,9.33,790458,7718322.00
2022/10/14,9.50,10.73,9.36,10.39,3217141,34484480.00
2022/10/17,10.68,10.85,10.41,10.74,3575679,39663036.00
2022/10/18,10.79,11.31,10.43,11.11,3567189,40870196.00
2022/10/19,11.12,13.01,10.98,12.33,8896662,111427056.00
2022/10/20,12.29,12.61,12.09,12.34,4516333,57872756.00
2022/10/21,12.51,12.51,11.77,12.22,3992902,50197256.00
2022/10/24,12.50,12.51,11.21,11.36,3757882,45518224.00
2022/10/25,11.24,11.38,10.76,11.05,2832501,32405920.00
2022/10/26,11.14,12.32,11.13,12.25,3857491,48030944.00
2022/10/27,11.84,12.93,11.84,12.93,5722956,74138200.00
2022/10/28,12.70,13.06,12.04,12.11,4731976,61727684.00
2022/10/31,12.35,13.20,12.19,12.80,4998209,66331792.00
2022/11/01,12.82,13.29,12.30,12.80,5001747,66505772.00
2022/11/02,12.64,12.90,12.40,12.48,4757365,61960096.00
2022/11/03,12.58,12.84,12.33,12.56,3932357,51300088.00
2022/11/04,12.58,12.66,12.08,12.41,3977823,50853000.00
2022/11/07,12.33,12.36,11.92,12.06,2863402,35886704.00
2022/11/08,12.11,12.17,11.83,11.93,2479005,30903932.00
2022/11/09,12.10,12.16,11.83,12.02,2398108,29959118.00
2022/11/10,11.83,12.19,11.75,11.80,2712882,33708788.00
2022/11/11,12.04,12.18,11.39,11.42,3677173,45215428.00
2022/11/14,11.37,11.94,11.15,11.86,4527294,55282572.00
2022/11/15,11.96,12.19,11.64,12.10,3016538,37367100.00
2022/11/16,12.21,12.37,11.91,12.11,2159381,27191088.00
2022/11/17,11.95,12.26,11.90,11.93,1900643,23776884.00
2022/11/18,11.94,12.30,11.88,11.91,2590249,32450296.00
2022/11/21,11.88,12.22,11.69,12.03,3302859,41271492.00
2022/11/22,12.03,12.10,11.33,11.44,3733442,45424752.00
2022/11/23,11.46,11.58,10.87,11.03,2576004,29841168.00
2022/11/24,11.03,11.20,10.95,11.03,1691285,19509780.00
2022/11/25,10.91,11.03,10.70,10.70,2375989,26860352.00
2022/11/28,10.70,11.03,10.59,10.63,1757169,19702116.00
2022/11/29,10.59,11.06,10.59,10.68,3473380,39154892.00
2022/11/30,10.62,10.79,10.41,10.44,3382992,37433624.00
2022/12/01,10.59,10.66,10.32,10.33,2829356,30796096.00
2022/12/02,10.29,10.68,10.29,10.59,3532291,39036044.00
2022/12/05,10.51,10.71,10.10,10.20,4520761,48705316.00
2022/12/06,10.29,10.29,9.83,9.91,4568947,47821072.00
2022/12/07,9.98,10.17,9.81,10.08,3671709,38560304.00
2022/12/08,10.01,10.19,9.96,9.97,2663221,28014108.00
2022/12/09,10.18,10.49,9.90,10.36,6272764,67331688.00
2022/12/12,10.63,11.09,10.57,10.72,8530375,96667072.00
2022/12/13,10.64,10.88,10.40,10.75,6339672,70523600.00
2022/12/14,10.65,10.84,10.23,10.23,4551830,49727672.00
2022/12/15,10.25,10.57,10.23,10.29,2661825,28786516.00
2022/12/16,10.19,10.43,10.08,10.09,2502372,26710054.00
2022/12/19,10.09,10.16,9.59,9.65,3375884,34467208.00
2022/12/20,9.60,9.70,9.38,9.54,2017377,20119272.00
2022/12/21,9.43,9.60,9.27,9.34,2029286,19999322.00
2022/12/22,9.30,9.46,9.18,9.23,1384640,13545379.00
2022/12/23,9.08,9.35,9.08,9.33,1866880,18081900.00
2022/12/26,9.32,9.41,9.11,9.19,1930828,18704938.00
2022/12/27,9.18,9.19,8.99,9.13,1506873,14385802.00
2022/12/28,9.12,9.26,9.08,9.13,1461924,14063738.00
2022/12/29,9.05,9.22,8.99,9.12,2196229,20998818.00
2022/12/30,9.17,9.17,8.98,9.00,1529934,14557206.00
2023/01/03,9.02,10.28,8.98,10.03,8195671,83561216.00
2023/01/04,10.26,10.52,9.62,9.69,9124571,95482944.00
2023/01/05,9.80,10.11,9.64,9.94,5092074,52940748.00
2023/01/06,9.98,10.06,9.69,9.69,2976660,30644884.00
2023/01/09,9.80,11.26,9.80,10.95,11986142,133662208.00
2023/01/10,11.06,11.77,10.56,11.13,14778339,171489728.00
2023/01/11,11.49,11.72,10.94,11.03,6581709,77010960.00
2023/01/12,11.12,11.28,10.87,10.99,5208669,60131468.00
2023/01/13,11.10,11.49,10.98,11.22,4744531,55495132.00
2023/01/16,11.35,11.73,11.23,11.43,7386720,88498488.00
2023/01/17,11.40,11.61,11.28,11.39,3189683,37900652.00
2023/01/18,11.35,11.83,11.33,11.51,3749157,44999360.00
2023/01/19,11.35,11.78,11.35,11.66,3602290,43527140.00
2023/01/20,11.61,11.99,11.61,11.85,3202403,39399672.00
2023/01/30,12.01,12.06,11.33,11.45,6136913,73891944.00
2023/01/31,11.50,11.51,11.28,11.41,2566029,30411548.00
2023/02/01,11.38,12.49,11.38,12.43,5860712,73145904.00
2023/02/02,12.49,13.12,12.41,12.88,7264280,96136912.00
2023/02/03,13.07,13.08,12.44,12.60,4940159,64922604.00
2023/02/06,12.65,12.72,12.46,12.49,2669304,34760440.00
2023/02/07,12.57,12.79,12.28,12.31,2410548,31016418.00
2023/02/08,12.31,12.58,12.26,12.28,2923162,37624496.00
2023/02/09,12.27,12.58,12.26,12.55,3103843,39979848.00
2023/02/10,12.49,12.98,12.47,12.83,4245827,56029544.00
2023/02/13,12.85,13.72,12.74,13.53,5030482,69465984.00
2023/02/14,13.52,14.21,13.38,14.06,4652593,66944172.00
2023/02/15,13.93,14.01,13.61,13.71,3362536,47896748.00
2023/02/16,13.69,13.91,13.24,13.30,3216707,45147360.00
2023/02/17,13.31,13.78,13.16,13.48,2766604,38675400.00
2023/02/20,13.32,13.68,13.16,13.63,2818385,39217280.00
2023/02/21,13.49,13.66,13.34,13.49,1444553,20188334.00
2023/02/22,13.43,13.73,13.29,13.55,3062537,42946912.00
2023/02/23,13.66,13.96,13.28,13.37,2588906,36467884.00
2023/02/24,13.31,13.41,12.91,12.96,4068409,55195480.00
2023/02/27,13.01,13.34,12.82,13.12,3883537,52610592.00
2023/02/28,13.02,13.23,12.84,13.03,1913639,25769824.00
2023/03/01,13.03,13.24,12.82,12.83,2137444,28830728.00
2023/03/02,12.83,12.95,12.72,12.76,2027259,26946010.00
2023/03/03,12.76,12.81,12.69,12.73,1140448,15088130.00
2023/03/06,12.71,13.11,12.51,12.81,2287190,30429786.00
2023/03/07,12.81,13.04,12.33,12.36,3746164,48976600.00
2023/03/08,12.52,13.81,12.37,13.25,5270111,72584624.00
2023/03/09,13.33,13.49,13.05,13.42,4125487,56795840.00
2023/03/10,13.23,13.46,13.04,13.21,2457525,33712704.00
2023/03/13,13.07,13.43,12.98,13.24,2966595,40647916.00
2023/03/14,13.27,13.37,13.13,13.27,2282244,31366766.00
2023/03/15,13.35,13.78,13.15,13.51,3850530,53565616.00
2023/03/16,13.66,13.66,12.68,12.86,2861760,38686524.00
2023/03/17,12.78,13.06,12.61,12.64,2100162,27856472.00
2023/03/20,12.67,12.91,12.37,12.71,1868857,24517156.00
2023/03/21,12.66,12.89,12.52,12.71,1607892,21154986.00
2023/03/22,12.70,12.95,12.49,12.52,1990068,26075588.00
2023/03/23,12.55,12.82,12.35,12.75,1747040,22834176.00
2023/03/24,12.79,12.91,12.41,12.45,1465409,19164518.00
2023/03/27,12.58,12.65,12.25,12.32,1775864,22840378.00
2023/03/28,12.45,12.65,12.16,12.36,2360726,30384116.00
2023/03/29,12.26,12.60,12.10,12.19,1621227,20522328.00
2023/03/30,12.20,12.67,12.20,12.35,1922015,24746356.00
2023/03/31,12.38,12.51,12.15,12.30,1021210,13028422.00
2023/04/03,12.24,12.58,12.21,12.55,1772079,22843984.00
2023/04/04,12.61,12.61,12.11,12.42,1832249,23427876.00
2023/04/06,12.41,12.79,12.05,12.77,2959581,38092880.00
2023/04/07,12.71,13.21,12.53,12.66,3434950,45945904.00
2023/04/10,12.75,12.91,12.31,12.84,3431460,44909640.00
2023/04/11,12.79,12.83,11.13,11.37,8242934,100614968.00
2023/04/12,11.31,11.77,11.26,11.59,4452704,53532676.00
2023/04/13,11.68,11.68,11.14,11.23,4598625,54306648.00
2023/04/14,11.28,11.72,10.98,11.06,5068158,59345624.00
2023/04/17,11.07,11.15,10.81,10.93,5907199,67715440.00
2023/04/18,11.02,11.03,10.76,10.95,2724862,30928896.00
2023/04/19,10.77,11.03,10.63,10.85,2144240,24146816.00
2023/04/20,10.84,10.89,10.66,10.75,1607297,18054828.00
2023/04/21,10.85,10.93,10.52,10.61,2487859,27797538.00
2023/04/24,10.60,10.61,10.29,10.60,2437453,26576856.00
2023/04/25,10.44,10.51,9.88,10.48,4373711,46485072.00
2023/04/26,10.34,10.38,9.85,9.91,4917164,51643048.00
2023/04/27,9.96,10.20,9.85,10.08,3921453,41408328.00
2023/04/28,10.03,10.58,9.88,10.35,3363826,35981896.00
2023/05/04,10.51,10.51,10.13,10.31,2666433,28678492.00
2023/05/05,10.36,10.36,10.05,10.22,1916116,20429254.00
2023/05/08,10.11,10.22,9.80,9.95,3106201,32353762.00
2023/05/09,9.86,9.98,9.57,9.61,3095663,31395288.00
2023/05/10,9.54,9.75,9.54,9.72,1772786,17969068.00
2023/05/11,9.75,9.80,9.56,9.72,1877520,19075788.00
2023/05/12,9.73,9.83,9.63,9.68,1282945,13096299.00
2023/05/15,9.61,9.98,9.61,9.96,1632811,16761655.00
2023/05/16,9.93,10.02,9.76,9.82,2456721,25360352.00
2023/05/17,9.83,9.92,9.71,9.90,1788159,18386288.00
2023/05/18,9.91,9.97,9.70,9.81,2491838,25621404.00
2023/05/19,9.81,10.18,9.78,10.09,3581290,37596604.00
2023/05/22,9.99,10.35,9.99,10.22,2713299,28981444.00
2023/05/23,10.26,10.42,10.22,10.25,2008839,21686478.00
2023/05/24,10.25,10.36,10.13,10.19,1491715,15943891.00
2023/05/25,10.19,10.20,9.90,10.03,1517722,15927901.00
2023/05/26,10.12,10.36,10.04,10.27,1971129,21025656.00
2023/05/29,10.32,10.43,9.94,10.04,2774175,29372180.00
2023/05/30,9.97,10.82,9.97,10.43,8947318,97965408.00
2023/05/31,10.40,11.89,10.40,11.54,16143997,190051488.00
2023/06/01,11.38,11.41,10.85,11.07,8160582,94056424.00
2023/06/02,11.12,11.17,10.76,10.77,4493696,49400072.00
2023/06/05,10.74,11.00,10.64,10.88,5228942,57246952.00
2023/06/06,10.88,10.88,10.30,10.38,4280081,45755880.00
2023/06/07,10.06,10.07,8.96,9.72,16275623,155472528.00
2023/06/08,9.68,9.99,9.41,9.45,6597058,64492476.00
2023/06/09,9.46,10.13,9.39,9.82,6679889,66553152.00
2023/06/12,9.87,9.88,9.54,9.57,4152687,40745392.00
2023/06/13,9.57,9.67,9.38,9.39,4225204,40660680.00
2023/06/14,9.40,9.58,9.30,9.46,3438162,32900264.00
2023/06/15,9.39,9.49,9.28,9.42,2564669,24370368.00
2023/06/16,9.41,9.53,9.39,9.46,2688927,25730556.00
2023/06/19,9.46,9.57,9.19,9.28,5300863,50247256.00
2023/06/20,9.28,9.35,9.18,9.18,2499911,23426492.00
2023/06/21,9.18,9.23,8.98,8.98,3864899,35499136.00
2023/06/26,8.98,9.13,8.86,8.99,3137682,28546666.00
2023/06/27,9.01,9.16,8.99,9.10,1583298,14607467.00
2023/06/28,9.13,9.19,8.96,9.10,1525668,13979891.00
2023/06/29,9.12,9.24,9.08,9.20,1530809,14254523.00
2023/06/30,9.18,9.46,9.17,9.38,2262888,21428524.00
2023/07/03,9.39,9.56,9.38,9.42,2620816,25063256.00
2023/07/04,9.40,9.56,9.40,9.50,1920645,18426756.00
2023/07/05,9.50,9.52,9.39,9.43,1463896,14006317.00
2023/07/06,9.42,9.42,9.30,9.37,1897904,17968050.00
2023/07/07,9.39,9.46,9.26,9.33,1158062,10964734.00
2023/07/10,9.40,9.46,9.31,9.31,1398360,13304207.00
2023/07/11,9.32,9.44,9.30,9.43,1403711,13335341.00
2023/07/12,9.47,9.47,9.23,9.26,2191692,20670922.00
2023/07/13,9.31,9.38,9.21,9.33,1836556,17308884.00
2023/07/14,9.38,9.38,9.23,9.24,2276286,21421736.00
2023/07/17,9.24,9.26,9.08,9.21,1826684,16943912.00
2023/07/18,9.21,9.26,9.14,9.17,923873,8585459.00
2023/07/19,9.14,9.23,9.14,9.17,1184318,11006117.00
2023/07/20,9.21,9.28,9.15,9.18,1449257,13502023.00
2023/07/21,9.18,9.36,9.13,9.25,2149989,20129812.00
2023/07/24,9.26,9.40,9.20,9.35,2340270,22133592.00
2023/07/25,9.45,9.52,9.36,9.51,2293524,21918680.00
2023/07/26,9.55,9.82,9.45,9.74,4159994,40894200.00
2023/07/27,9.73,9.79,9.52,9.54,1930406,18778554.00
2023/07/28,9.53,9.78,9.43,9.70,2817114,27485378.00
2023/07/31,9.70,9.82,9.65,9.71,2711945,26670364.00
2023/08/01,9.73,9.91,9.62,9.68,2957455,29134884.00
2023/08/02,9.75,9.75,9.51,9.54,1807551,17535888.00
2023/08/03,9.60,9.68,9.51,9.61,1496174,14536191.00
2023/08/04,9.73,9.73,9.42,9.44,2503627,24141052.00
2023/08/07,9.45,9.45,9.05,9.09,2863757,26498592.00
2023/08/08,9.15,9.15,8.94,9.07,2059214,18868730.00
2023/08/09,9.11,9.34,9.02,9.22,2241932,20941100.00
2023/08/10,9.23,9.35,9.18,9.29,1540769,14482818.00
2023/08/11,9.34,9.47,9.23,9.24,2200644,20831960.00
2023/08/14,9.24,9.31,9.03,9.24,1820021,16859112.00
2023/08/15,9.28,9.33,9.10,9.31,1490335,13950150.00
2023/08/16,9.22,9.62,9.22,9.25,3104524,29610380.00
2023/08/17,9.21,9.30,9.08,9.27,1778738,16550632.00
2023/08/18,9.29,9.34,9.11,9.14,2015904,18851404.00
2023/08/21,9.14,9.23,9.04,9.05,1667617,15386240.00
2023/08/22,9.06,9.11,8.58,8.89,4294086,38301064.00
2023/08/23,8.83,8.88,8.64,8.64,1461507,12945355.00
2023/08/24,8.63,8.79,8.47,8.68,2031001,17733192.00
2023/08/25,8.68,8.80,8.45,8.49,2154072,18787464.00
2023/08/28,8.96,9.04,8.65,8.68,2831037,25384040.00
2023/08/29,8.71,9.21,8.70,9.19,4273275,38980220.00
2023/08/30,9.32,9.93,9.28,9.72,6769288,66423108.00
2023/08/31,9.69,9.83,9.63,9.79,3766021,37133216.00
2023/09/01,9.86,9.86,9.66,9.82,2617888,25889862.00
2023/09/04,9.82,9.85,9.56,9.69,3368807,32939980.00
2023/09/05,9.64,9.72,9.62,9.69,2369484,23208332.00
2023/09/06,9.69,9.73,9.52,9.67,2368621,23121814.00
2023/09/07,9.67,9.79,9.60,9.70,3482498,34128420.00
2023/09/08,9.56,9.72,9.53,9.68,2184392,21292836.00
2023/09/11,9.66,9.96,9.59,9.87,3397644,33885952.00
2023/09/12,9.89,9.90,9.68,9.72,2091208,20682618.00
2023/09/13,9.72,9.75,9.56,9.64,2145079,20942716.00
2023/09/14,9.67,9.74,9.62,9.66,1626392,15927327.00
2023/09/15,9.73,9.96,9.59,9.79,2529980,25087646.00
2023/09/18,9.82,10.04,9.75,10.00,3691910,37171312.00
2023/09/19,10.01,10.12,9.89,10.01,3143487,31841622.00
2023/09/20,10.21,10.71,10.03,10.18,7931043,83246648.00
2023/09/21,10.10,10.37,9.98,10.08,5120555,52460712.00
2023/09/22,10.17,10.28,9.92,10.22,3650011,37319288.00
2023/09/25,10.23,10.33,10.06,10.28,3027116,31245658.00
2023/09/26,10.19,10.33,10.18,10.20,2516116,26099136.00
2023/09/27,10.20,10.42,10.19,10.33,2256903,23551708.00
2023/09/28,10.35,10.48,10.24,10.36,2171357,22799040.00
2023/10/09,10.36,10.47,10.19,10.30,3413881,35639672.00
2023/10/10,10.40,10.45,10.12,10.17,2450869,25271308.00
2023/10/11,10.19,10.35,10.08,10.17,2064387,21344852.00
2023/10/12,10.27,10.36,10.21,10.30,2640406,27507958.00
2023/10/13,10.37,10.40,10.23,10.26,1548826,16130453.00
2023/10/16,10.28,10.47,10.17,10.40,4671283,48966156.00
2023/10/17,10.34,10.37,10.04,10.15,2650668,27197800.00
2023/10/18,10.09,10.10,9.84,9.86,2494473,25098408.00
2023/10/19,9.82,10.03,9.71,9.77,2299499,22958884.00
2023/10/20,9.83,9.85,9.65,9.68,1107431,10897818.00
2023/10/23,9.64,9.67,9.31,9.37,2828377,27045776.00
2023/10/24,9.55,9.81,9.28,9.72,2541617,24720500.00
2023/10/25,9.76,9.90,9.66,9.73,1968196,19478328.00
2023/10/26,9.69,9.81,9.63,9.81,1562918,15377185.00
2023/10/27,9.79,10.27,9.62,10.21,2801547,28399096.00
2023/10/30,10.21,10.46,10.12,10.38,2574422,27037000.00
2023/10/31,10.56,10.80,10.28,10.75,5027203,54079544.00
2023/11/01,10.76,10.76,10.42,10.70,5194121,55710384.00
2023/11/02,10.70,10.73,10.44,10.44,2973813,31742196.00
2023/11/03,10.48,10.74,10.40,10.41,3101940,33005522.00
2023/11/06,10.45,10.61,10.38,10.56,2964081,31548806.00
2023/11/07,10.57,11.13,10.45,11.06,8053186,89000064.00
2023/11/08,11.04,12.82,10.70,12.19,17394232,206147232.00
2023/11/09,12.01,12.05,11.27,11.28,16412237,192141728.00
2023/11/10,11.30,11.65,11.14,11.43,7861112,90725224.00
2023/11/13,11.47,11.55,10.99,11.09,7576702,85205704.00
2023/11/14,11.09,11.22,11.04,11.20,6132671,69047528.00
2023/11/15,11.32,11.54,11.18,11.29,4652879,53142744.00
2023/11/16,11.27,11.44,11.14,11.14,2952783,33569752.00
2023/11/17,11.19,11.23,11.01,11.10,4976874,55893276.00
2023/11/20,11.07,11.19,10.91,11.15,3968382,44373720.00
2023/11/21,11.08,11.25,10.97,11.08,3510315,39474324.00
2023/11/22,10.98,11.20,10.98,11.03,2507826,28138256.00
2023/11/23,11.03,11.42,11.03,11.22,5234857,59466004.00
2023/11/24,11.17,11.35,11.12,11.27,4001566,45401928.00
2023/11/27,11.30,11.34,11.08,11.11,2464469,27813792.00
2023/11/28,11.24,11.40,10.96,11.28,3537656,40191224.00
2023/11/29,11.25,11.53,11.19,11.26,3118396,35693276.00
2023/11/30,11.28,11.66,11.22,11.58,6211232,72093168.00
2023/12/01,11.50,11.99,11.50,11.75,11917351,142247248.00
2023/12/04,11.81,11.81,11.42,11.60,5869066,68856048.00
2023/12/05,11.57,11.70,11.28,11.34,3840267,44297044.00
2023/12/06,11.34,11.45,11.21,11.33,3756898,43006428.00
2023/12/07,11.34,11.44,11.09,11.11,3765876,42935080.00
2023/12/08,11.21,11.82,11.01,11.38,8107699,93640616.00
2023/12/11,11.18,11.29,10.84,11.14,8845993,98592232.00
2023/12/12,11.17,11.31,10.86,11.16,6423608,72090704.00
2023/12/13,11.15,11.31,10.98,11.18,4132977,46604348.00
2023/12/14,11.08,11.37,11.07,11.20,3447103,39121068.00
2023/12/15,11.13,11.30,10.73,10.84,2898950,31991856.00
2023/12/18,10.79,11.03,10.74,10.81,3630062,39972900.00
2023/12/19,10.81,10.94,10.64,10.88,2458991,26858144.00
2023/12/20,10.94,10.95,10.56,10.64,3644778,39520672.00
2023/12/21,10.55,10.73,10.33,10.52,4474795,47612664.00
2023/12/22,10.48,10.61,10.38,10.44,3079562,32620812.00
2023/12/25,10.41,10.57,10.28,10.40,1964442,20644854.00
2023/12/26,10.38,10.44,10.16,10.22,1281704,13289992.00
2023/12/27,10.35,10.43,10.11,10.42,2116432,22041520.00
2023/12/28,10.43,10.63,10.26,10.45,4014744,42590344.00
2023/12/29,10.46,10.84,10.45,10.67,3650231,39327756.00
2024/01/02,10.70,10.78,10.45,10.59,2900187,31015240.00
2024/01/03,10.62,10.68,10.35,10.46,2821582,29989020.00
2024/01/04,10.53,10.53,10.33,10.47,2225317,23527272.00
2024/01/05,10.46,10.46,10.10,10.16,2121028,22038940.00
2024/01/08,10.11,10.26,9.98,10.05,2744334,28074412.00
2024/01/09,10.11,10.18,9.98,10.06,2703160,27544108.00
2024/01/10,10.15,10.15,9.90,10.01,1913602,19445064.00
2024/01/11,9.88,10.18,9.88,10.11,1496427,15271153.00
2024/01/12,10.01,10.16,9.94,9.95,1638809,16637998.00
2024/01/15,9.85,10.06,9.77,9.82,3134456,31332696.00
2024/01/16,9.75,9.87,9.59,9.68,2861374,28053580.00
2024/01/17,9.74,9.83,9.49,9.49,2176804,21281868.00
2024/01/18,9.43,9.51,9.02,9.29,3270437,30611992.00
2024/01/19,9.31,9.47,9.20,9.25,3498789,33092150.00
2024/01/22,9.33,9.33,8.63,8.70,3655986,33027444.00
2024/01/23,8.50,8.76,8.45,8.52,4343376,37698456.00
2024/01/24,8.60,8.65,8.20,8.38,4531542,38422216.00
2024/01/25,8.41,8.83,8.32,8.79,4429008,38683796.00
2024/01/26,8.75,8.92,8.59,8.64,3256044,28859884.00
2024/01/29,8.85,8.85,8.34,8.39,3198379,27520184.00
2024/01/30,8.39,8.39,7.89,7.92,6083652,50292732.00
2024/01/31,7.92,8.01,7.48,7.53,5344138,41695236.00
2024/02/01,7.58,7.68,7.29,7.49,4201126,32012632.00
2024/02/02,7.49,7.65,6.76,6.96,5808810,42092552.00
2024/02/05,6.98,7.00,5.96,6.20,8223752,52903560.00
2024/02/06,6.22,6.50,5.68,6.35,9653973,59816228.00
2024/02/07,6.33,6.33,5.82,5.93,9535940,58579672.00
2024/02/08,5.89,7.13,5.70,7.03,14461933,93068640.00
2024/02/19,6.92,7.45,6.89,7.02,10728326,77239248.00
2024/02/20,6.95,7.15,6.92,7.07,5242243,37546600.00
2024/02/21,7.00,7.76,6.97,7.41,6615956,49786740.00
2024/02/22,7.45,7.46,7.22,7.45,5425853,40576848.00
2024/02/23,7.44,7.79,7.38,7.72,4876656,37510488.00
2024/02/26,7.72,8.09,7.72,7.87,6126248,48938032.00
2024/02/27,7.84,8.09,7.79,8.09,3466991,28033656.00
2024/02/28,8.12,8.33,7.33,7.34,7241689,57525648.00
2024/02/29,7.28,7.66,7.28,7.65,6296602,48001944.00
2024/03/01,7.73,7.75,7.54,7.68,4310116,33446896.00
2024/03/04,7.68,7.85,7.58,7.70,4220134,32955392.00
2024/03/05,7.73,7.73,7.42,7.44,3858974,29453192.00
2024/03/06,7.41,7.65,7.38,7.51,2976512,22658256.00
2024/03/07,7.48,7.56,7.33,7.37,3585811,27184684.00
2024/03/08,7.35,7.47,7.33,7.40,1908057,14351503.00
2024/03/11,7.39,7.56,7.36,7.56,3539606,26854360.00
2024/03/12,7.61,7.81,7.56,7.75,3745436,29328448.00
2024/03/13,7.76,7.78,7.65,7.73,2603588,20396896.00
2024/03/14,7.74,7.92,7.59,7.71,3133840,24749110.00
2024/03/15,7.60,7.76,7.55,7.73,4035327,31394920.00
2024/03/18,7.79,7.96,7.73,7.95,3645713,29056500.00
2024/03/19,7.97,8.00,7.86,7.91,3183654,25645168.00
2024/03/20,7.92,8.07,7.85,8.01,4477788,36194832.00
2024/03/21,8.04,8.08,7.81,7.94,4061764,32702464.00
2024/03/22,7.89,7.91,7.61,7.64,4211674,32989684.00
2024/03/25,7.67,7.73,7.38,7.38,3789906,29012020.00
2024/03/26,7.43,7.44,7.10,7.26,2984718,22037116.00
2024/03/27,7.26,7.37,7.06,7.06,3178399,23325088.00
2024/03/28,7.14,7.26,7.00,7.15,3590653,26162606.00
2024/03/29,7.17,7.25,7.07,7.18,2503090,18173464.00
2024/04/01,7.19,7.45,7.19,7.41,4623475,34501800.00
2024/04/02,7.42,7.42,7.28,7.37,3304257,24660032.00
2024/04/03,7.38,7.40,7.25,7.36,2911843,21688722.00
2024/04/08,7.33,7.38,6.81,6.81,7419160,52671548.00
2024/04/09,6.82,7.11,6.81,7.11,5874004,41684040.00
2024/04/10,7.07,7.08,6.81,6.87,4252264,29953024.00
2024/04/11,6.88,6.99,6.79,6.86,2779569,19518040.00
2024/04/12,6.91,6.94,6.77,6.79,2491389,17360452.00
2024/04/15,6.82,6.88,6.26,6.37,9717081,63792496.00
2024/04/16,6.37,6.37,6.00,6.03,7585840,47229904.00
2024/04/17,6.11,6.56,6.11,6.49,8125639,52836272.00
2024/04/18,6.51,6.62,6.36,6.40,4715472,31021324.00
2024/04/19,6.37,6.43,6.28,6.38,3612950,23372642.00
2024/04/22,6.40,6.51,6.25,6.42,2888883,18871348.00
2024/04/23,6.43,6.65,6.43,6.58,4501886,30020432.00
2024/04/24,6.63,6.71,6.57,6.63,3506623,23692384.00
2024/04/25,6.66,6.78,6.64,6.70,3363896,22985408.00
2024/04/26,6.73,6.86,6.65,6.85,3002319,20688940.00
2024/04/29,6.78,7.24,6.75,7.19,6699887,48199936.00
2024/04/30,7.23,7.39,7.19,7.31,6089005,45095664.00
2024/05/06,7.43,7.87,7.43,7.78,6980163,54690000.00
2024/05/07,7.77,7.78,7.58,7.76,4128281,32222104.00
2024/05/08,7.78,7.85,7.61,7.72,3484409,27285142.00
2024/05/09,7.78,7.95,7.74,7.83,4021255,32115836.00
2024/05/10,7.87,7.88,7.58,7.60,3595699,28019584.00
2024/05/13,7.58,7.63,7.43,7.57,4126262,31624728.00
2024/05/14,7.61,7.63,7.44,7.49,3124964,23842100.00
2024/05/15,7.51,7.55,7.40,7.41,2820077,21383480.00
2024/05/16,7.47,7.56,7.41,7.45,2838284,21655102.00
2024/05/17,7.47,7.63,7.43,7.55,2343606,17862472.00
2024/05/20,7.56,7.62,7.44,7.48,3270016,24988564.00
2024/05/21,7.47,7.48,7.26,7.33,4147603,30921120.00
2024/05/22,7.38,7.44,7.35,7.38,2348175,17639204.00
2024/05/23,7.40,7.40,7.13,7.18,2622467,19272636.00
2024/05/24,7.14,7.25,7.06,7.06,1909337,13863561.00
2024/05/27,7.07,7.21,6.98,7.20,2871752,20696032.00
2024/05/28,7.17,7.23,7.06,7.14,2176223,15826233.00
2024/05/29,7.10,7.19,7.04,7.09,2122817,15380677.00
2024/05/30,7.08,7.20,7.06,7.13,1974806,14313417.00
2024/05/31,7.18,7.22,7.07,7.17,2030763,14769562.00
2024/06/03,7.20,7.20,6.88,6.92,3147173,22514060.00
2024/06/04,6.89,6.92,6.69,6.77,3403348,23495436.00
2024/06/05,6.70,6.77,6.61,6.62,2816051,19168370.00
2024/06/06,6.60,6.63,6.16,6.21,6231000,40081204.00
2024/06/07,6.33,6.50,6.27,6.45,4229075,27632724.00
2024/06/11,6.47,6.56,6.26,6.51,3492383,22823216.00
2024/06/12,6.55,6.66,6.44,6.59,3068262,20594990.00
2024/06/13,6.59,6.72,6.53,6.64,3175547,21406300.00
2024/06/14,6.64,6.74,6.55,6.70,3542430,23585994.00
2024/06/17,6.66,6.67,6.50,6.53,2906231,19052308.00
2024/06/18,6.52,6.59,6.48,6.51,2654634,17347340.00
2024/06/19,6.51,6.59,6.48,6.54,2157918,14123944.00
2024/06/20,6.55,6.67,6.48,6.55,3647463,24020590.00
2024/06/21,6.57,6.73,6.47,6.59,3229279,21279686.00
2024/06/24,6.59,6.59,6.15,6.17,4821482,30350184.00
2024/06/25,6.24,6.28,6.09,6.14,3686723,22781564.00
2024/06/26,6.16,6.48,6.14,6.48,3829729,24169404.00
2024/06/27,6.48,6.53,6.33,6.33,2901211,18596174.00
2024/06/28,6.35,6.47,6.27,6.33,2603347,16614945.00
2024/07/01,6.34,6.35,6.09,6.24,4669697,28861610.00
2024/07/02,6.26,6.35,6.18,6.26,3077703,19335580.00
2024/07/03,6.26,6.35,6.16,6.20,2206500,13711540.00
2024/07/04,6.20,6.23,5.94,5.96,3190982,19270576.00
2024/07/05,5.95,6.20,5.89,6.19,3327087,20176750.00
2024/07/08,6.21,6.24,5.87,5.90,3908821,23295034.00
2024/07/09,5.94,6.02,5.81,6.01,3458186,20511426.00
2024/07/10,5.98,6.10,5.94,5.97,2351349,14112091.00
2024/07/11,6.05,6.29,6.05,6.28,3548158,22052240.00
2024/07/12,6.26,6.35,6.21,6.26,2456283,15424407.00
2024/07/15,6.28,6.28,6.08,6.10,2561831,15718387.00
2024/07/16,6.14,6.14,6.02,6.08,1837649,11133525.00
2024/07/17,6.02,6.14,6.01,6.05,2270373,13762916.00
2024/07/18,6.02,6.05,5.90,6.03,2436008,14570576.00
2024/07/19,5.98,6.15,5.98,6.10,1949027,11852510.00
2024/07/22,6.14,6.22,6.07,6.17,2322093,14274036.00
2024/07/23,6.17,6.20,5.99,6.00,2230237,13587033.00
2024/07/24,5.96,6.04,5.84,5.86,2849647,16874396.00
2024/07/25,5.89,5.97,5.81,5.88,2050521,12070179.00
2024/07/26,5.90,5.98,5.90,5.95,1880986,11183793.00
2024/07/29,5.97,5.97,5.86,5.92,1765744,10456996.00
2024/07/30,5.88,6.02,5.88,5.97,1751005,10426456.00
2024/07/31,5.98,6.21,5.93,6.21,3027084,18485042.00
2024/08/01,6.23,6.30,6.18,6.22,3078069,19194708.00
2024/08/02,6.18,6.36,6.16,6.23,3658035,23057496.00
2024/08/05,6.20,6.33,6.12,6.12,3992818,24852948.00
2024/08/06,6.20,6.32,6.15,6.32,3147914,19709768.00
2024/08/07,6.32,6.38,6.22,6.31,2902071,18326512.00
2024/08/08,6.31,6.46,6.26,6.40,2976046,18974636.00
2024/08/09,6.38,6.44,6.24,6.24,1964635,12428184.00
2024/08/12,6.28,6.44,6.26,6.34,2783106,17670068.00
2024/08/13,6.37,6.37,6.19,6.27,2002406,12505799.00
2024/08/14,6.24,6.30,6.20,6.22,1711336,10675679.00
2024/08/15,6.20,6.28,6.10,6.18,3734242,23077328.00
2024/08/16,6.18,6.35,6.15,6.31,4227589,26423548.00
2024/08/19,6.30,6.37,6.17,6.17,3662687,22905536.00
2024/08/20,6.17,6.20,5.93,5.98,3108670,18751746.00
2024/08/21,5.93,6.00,5.84,5.87,2463138,14557875.00
2024/08/22,5.89,5.95,5.75,5.77,2351378,13749885.00
2024/08/23,5.77,5.77,5.67,5.70,2697280,15411071.00
2024/08/26,5.75,5.80,5.67,5.75,2453873,14105928.00
2024/08/27,5.79,5.88,5.72,5.78,2696049,15656199.00
2024/08/28,5.77,5.91,5.72,5.86,1870192,10916472.00
2024/08/29,5.84,5.99,5.81,5.97,2186005,12962251.00
2024/08/30,6.00,6.21,5.96,6.16,3040506,18607488.00
2024/09/02,6.14,6.17,5.92,5.93,4437913,26777704.00
2024/09/03,5.89,6.00,5.86,5.88,3171521,18762652.00
2024/09/04,5.87,5.92,5.80,5.81,2880577,16887900.00
2024/09/05,5.81,5.90,5.80,5.84,3430712,20062692.00
2024/09/06,5.83,5.87,5.69,5.70,3206703,18437380.00
2024/09/09,5.69,5.78,5.63,5.68,3074610,17556836.00
2024/09/10,5.70,5.71,5.57,5.66,3261216,18351424.00
2024/09/11,5.63,5.67,5.59,5.62,1727282,9720027.00
2024/09/12,5.64,5.75,5.63,5.63,2417514,13750881.00
2024/09/13,5.70,5.70,5.52,5.52,2357895,13134103.00
2024/09/18,5.52,5.56,5.28,5.31,4009387,21433232.00
2024/09/19,5.31,5.50,5.31,5.43,4062279,22019654.00
2024/09/20,5.41,5.46,5.36,5.40,1950205,10543214.00
2024/09/23,5.38,5.47,5.38,5.41,1694352,9180435.00
2024/09/24,5.41,5.62,5.40,5.62,3962887,21915884.00
2024/09/25,5.65,5.79,5.65,5.71,6961522,39870808.00
2024/09/26,5.69,5.95,5.67,5.95,5948953,34537924.00
2024/09/27,5.99,6.22,5.97,6.21,4872743,29642840.00
2024/09/30,6.50,7.10,6.33,6.98,16804684,112237072.00
2024/10/08,8.20,8.20,7.20,7.78,19994072,154076704.00
2024/10/09,7.55,7.55,6.76,6.87,15102122,107879680.00
2024/10/10,6.98,7.12,6.75,6.89,7445801,51727972.00
2024/10/11,6.92,6.92,6.48,6.53,7476116,49534648.00
2024/10/14,6.46,6.63,6.39,6.60,6313503,41165888.00
2024/10/15,6.55,6.65,6.48,6.48,5233939,34405152.00
2024/10/16,6.38,6.56,6.37,6.46,4550628,29407200.00
2024/10/17,6.52,6.59,6.40,6.45,4678552,30428912.00
2024/10/18,6.45,6.78,6.40,6.64,7067253,46557636.00
2024/10/21,6.65,6.84,6.62,6.73,8150202,54705824.00
2024/10/22,6.67,6.88,6.65,6.86,6376567,43356020.00
2024/10/23,6.90,6.90,6.79,6.81,5690284,38901080.00
2024/10/24,6.79,6.88,6.73,6.85,4150589,28380166.00
2024/10/25,6.83,7.03,6.81,6.98,6528164,45196284.00
2024/10/28,6.98,7.22,6.96,7.21,6543357,46610372.00
2024/10/29,7.35,7.48,6.96,7.00,9670379,69595904.00
2024/10/30,6.92,6.99,6.75,6.82,7384009,50708776.00
2024/10/31,6.81,6.94,6.77,6.86,6720023,46119472.00
2024/11/01,6.80,6.94,6.60,6.61,7104589,47934524.00
2024/11/04,6.68,6.77,6.60,6.76,5279974,35450752.00
2024/11/05,6.74,7.04,6.73,7.02,8449311,58280712.00
2024/11/06,7.10,7.15,6.97,7.03,9283827,65526168.00
2024/11/07,6.98,7.27,6.96,7.26,9035578,64600104.00
2024/11/08,7.33,7.40,7.22,7.29,10306913,75251648.00
2024/11/11,7.28,7.66,7.24,7.63,12588474,94395832.00
2024/11/12,7.63,7.89,7.53,7.63,14276979,110084768.00
2024/11/13,7.59,7.69,7.34,7.55,10499665,78736568.00
2024/11/14,7.52,7.53,7.28,7.30,8604130,63510944.00
2024/11/15,7.29,7.34,7.10,7.11,8094179,58566728.00
2024/11/18,7.11,7.16,6.87,6.91,8731692,61259096.00
2024/11/19,6.96,7.10,6.92,7.09,6917259,48605704.00
2024/11/20,7.10,7.30,7.03,7.26,7229030,51949228.00
2024/11/21,7.24,7.34,7.18,7.30,6527982,47450176.00
2024/11/22,7.26,7.30,6.95,6.98,7565384,54037232.00
数据来源:通达信
