605567 春雪食品 日线 前复权
      日期	    开盘	    最高	    最低	    收盘	    成交量	    成交额
2021/10/13,13.91,16.74,13.91,16.74,1112759,18863280.00
2021/10/14,18.44,18.44,18.44,18.44,1017570,19018384.00
2021/10/15,20.31,20.31,18.44,19.85,32872844,662807232.00
2021/10/18,17.84,17.84,17.84,17.84,1794200,32457078.00
2021/10/19,16.25,18.02,16.25,16.87,23044521,395591936.00
2021/10/20,16.20,16.41,15.66,15.84,19279698,312673728.00
2021/10/21,15.63,16.30,15.48,16.05,16734316,270316544.00
2021/10/22,15.79,16.71,15.63,15.92,15572257,254917936.00
2021/10/25,16.21,16.43,15.65,15.97,14011083,228181168.00
2021/10/26,15.77,16.15,15.27,15.27,13315207,213417904.00
2021/10/27,14.91,15.02,14.21,14.28,12716100,188061152.00
2021/10/28,14.06,14.95,13.97,14.49,12006187,176522704.00
2021/10/29,14.27,15.21,14.16,14.60,12253689,183313248.00
2021/11/01,14.41,14.92,14.16,14.60,9853737,146353264.00
2021/11/02,14.74,15.51,14.59,15.15,15649145,238981792.00
2021/11/03,14.93,15.49,14.77,15.03,13404832,205856224.00
2021/11/04,14.88,16.08,14.88,15.68,16868617,266294336.00
2021/11/05,15.51,16.06,15.35,15.75,14487919,230446912.00
2021/11/08,15.51,15.56,14.83,15.03,10930071,167967952.00
2021/11/09,14.96,16.50,14.95,15.63,11306723,179690160.00
2021/11/10,15.52,15.85,15.27,15.68,7586944,119665000.00
2021/11/11,15.70,15.75,15.30,15.36,6793744,106734544.00
2021/11/12,15.75,16.72,15.58,15.63,12271683,198012864.00
2021/11/15,15.47,16.15,15.47,15.99,13217977,213048064.00
2021/11/16,15.87,16.65,15.78,16.11,13254917,216545088.00
2021/11/17,15.86,16.00,15.57,15.84,8729859,139741760.00
2021/11/18,15.89,15.98,15.36,15.36,7858223,124944224.00
2021/11/19,15.25,15.43,14.89,15.25,7147931,110177648.00
2021/11/22,15.33,15.61,15.18,15.40,5709316,89323600.00
2021/11/23,15.39,15.50,15.10,15.16,5034028,77790488.00
2021/11/24,15.21,15.43,15.03,15.40,5811462,90178560.00
2021/11/25,15.40,15.72,15.36,15.53,6384021,100642024.00
2021/11/26,15.46,15.48,14.95,14.96,6608423,101832824.00
2021/11/29,14.73,15.14,14.61,14.97,3680439,55729172.00
2021/11/30,15.00,15.10,14.60,14.69,5031245,75726392.00
2021/12/01,14.70,14.85,14.62,14.83,2925336,43897996.00
2021/12/02,14.75,14.97,14.68,14.73,3837322,57890852.00
2021/12/03,14.68,14.83,14.67,14.80,2677319,40216872.00
2021/12/06,14.83,16.31,14.65,15.31,7678429,118062048.00
2021/12/07,15.35,16.87,15.15,16.87,16494234,270632448.00
2021/12/08,16.87,17.35,16.44,16.63,19599559,335430016.00
2021/12/09,16.25,17.00,16.19,16.35,14768516,247928496.00
2021/12/10,16.27,16.98,16.18,16.75,13019155,220002752.00
2021/12/13,16.75,16.78,16.25,16.45,9246648,154479536.00
2021/12/14,16.31,17.97,16.18,17.26,17580530,306438144.00
2021/12/15,16.96,17.11,16.55,16.81,10294271,175149104.00
2021/12/16,16.60,17.10,15.75,16.63,9777058,164290080.00
2021/12/17,16.55,16.74,15.98,15.98,8535167,140165376.00
2021/12/20,15.77,16.21,15.77,16.05,5039003,82165792.00
2021/12/21,15.91,16.37,15.91,16.32,5793103,95065944.00
2021/12/22,16.30,16.59,16.10,16.31,6157025,102011328.00
2021/12/23,16.17,16.95,16.17,16.38,10260620,172334976.00
2021/12/24,16.24,17.75,16.15,16.85,17628648,301690144.00
2021/12/27,16.76,18.24,16.30,17.72,19524142,339079168.00
2021/12/28,17.32,17.45,16.93,17.05,12897076,224104144.00
2021/12/29,17.17,18.10,17.14,17.35,15327152,272674400.00
2021/12/30,17.25,19.11,16.94,19.11,18230267,335236256.00
2021/12/31,19.11,21.05,18.46,21.05,19498890,390003392.00
2022/01/04,21.25,23.18,20.49,23.18,20456004,461555584.00
2022/01/05,25.45,25.52,20.92,22.55,40713043,998957440.00
2022/01/06,20.27,20.27,20.27,20.27,2741500,56255580.00
2022/01/07,18.59,20.04,18.43,18.96,28914350,555898048.00
2022/01/10,18.54,20.25,18.37,19.38,21765108,427942400.00
2022/01/11,19.87,19.95,18.66,18.84,16079027,309780256.00
2022/01/12,18.85,20.75,18.85,20.75,19688256,396951456.00
2022/01/13,21.75,22.85,21.45,22.85,22885283,515567296.00
2022/01/14,23.75,25.16,22.30,22.62,37293261,910290944.00
2022/01/17,21.78,24.73,21.30,23.55,28079324,645227584.00
2022/01/18,22.50,22.73,21.17,21.17,13480052,292363200.00
2022/01/19,19.95,21.14,19.57,20.18,19579740,400807392.00
2022/01/20,20.35,21.11,20.05,20.48,16572307,344098240.00
2022/01/21,19.86,19.88,18.42,18.73,14807696,284567872.00
2022/01/24,18.46,19.07,17.90,18.38,10426323,195332224.00
2022/01/25,18.11,18.35,17.05,17.27,10128597,180973264.00
2022/01/26,17.36,17.69,16.54,16.69,7186165,122987344.00
2022/01/27,15.95,16.43,15.71,15.78,7230474,117648888.00
2022/01/28,16.02,16.28,15.80,15.80,5889998,95772616.00
2022/02/07,15.81,16.12,15.40,15.75,5534017,88469120.00
2022/02/08,15.82,16.11,15.56,15.97,5800060,93458752.00
2022/02/09,16.15,16.41,15.88,16.30,10355371,169936416.00
2022/02/10,16.13,16.93,16.07,16.87,14018006,234127328.00
2022/02/11,16.59,16.62,15.64,15.74,11482308,187385104.00
2022/02/14,15.26,15.93,15.25,15.49,6898045,108997152.00
2022/02/15,15.49,15.80,15.05,15.53,7725901,120821888.00
2022/02/16,15.51,15.72,15.36,15.65,5906009,93412040.00
2022/02/17,15.69,15.81,15.37,15.48,5790555,91523288.00
2022/02/18,15.37,15.62,15.28,15.48,4290276,67422232.00
2022/02/21,15.48,15.78,15.38,15.71,5263387,83567072.00
2022/02/22,15.54,15.71,15.18,15.30,5944144,92976184.00
2022/02/23,15.35,15.51,15.22,15.44,4787639,74833904.00
2022/02/24,15.31,15.61,14.66,14.96,8203198,126071064.00
2022/02/25,15.03,15.50,14.96,15.17,6170898,95832832.00
2022/02/28,15.24,15.59,14.73,15.43,5479386,84476488.00
2022/03/01,15.34,15.81,15.32,15.76,8030925,127596576.00
2022/03/02,15.63,16.01,15.55,15.93,7907000,127350224.00
2022/03/03,15.94,16.00,15.69,15.81,5568129,89414384.00
2022/03/04,15.75,15.96,15.60,15.72,5557957,89020560.00
2022/03/07,15.67,15.93,15.27,15.80,6157629,98384408.00
2022/03/08,15.82,15.90,14.88,14.94,7800994,121432936.00
2022/03/09,15.00,15.02,13.75,14.35,7073276,103603504.00
2022/03/10,14.55,15.43,14.45,15.02,9313902,142049520.00
2022/03/11,14.84,15.84,14.63,15.81,11997522,188365344.00
2022/03/14,15.96,16.46,15.73,15.92,13876129,225953360.00
2022/03/15,15.60,16.13,14.82,14.92,11010817,175197104.00
2022/03/16,15.13,15.25,13.75,14.51,11570529,168865472.00
2022/03/17,14.57,15.99,14.51,15.99,6720200,106460840.00
2022/03/18,16.01,16.75,15.75,16.24,18146529,300319360.00
2022/03/21,16.20,17.89,15.93,17.69,21846058,380954592.00
2022/03/22,17.10,17.20,16.45,16.66,15167710,259067936.00
2022/03/23,16.79,16.95,16.25,16.42,9201535,154095840.00
2022/03/24,16.35,17.42,16.25,16.77,13005952,221947648.00
2022/03/25,16.61,18.47,16.36,17.66,18164295,318738880.00
2022/03/28,17.61,19.30,17.00,18.55,20886982,378975424.00
2022/03/29,18.10,18.73,17.62,17.74,16542934,305417696.00
2022/03/30,17.36,17.67,16.85,17.40,11885348,206909952.00
2022/03/31,17.19,17.31,16.51,16.70,10075063,172693616.00
2022/04/01,16.56,17.03,16.37,16.60,7306537,123716464.00
2022/04/06,16.86,18.29,16.74,17.75,14666375,262559264.00
2022/04/07,17.55,17.94,16.65,16.74,11262381,196672448.00
2022/04/08,16.79,16.92,15.26,15.44,11662490,187290672.00
2022/04/11,15.57,16.62,15.44,15.92,10652239,174157424.00
2022/04/12,15.93,16.10,15.29,16.05,7436625,117804952.00
2022/04/13,16.07,16.69,15.47,16.05,9808528,160156304.00
2022/04/14,15.85,16.55,15.45,16.35,8714086,142612128.00
2022/04/15,16.05,17.45,15.94,17.30,16090203,276334208.00
2022/04/18,17.31,18.65,17.31,17.36,18813308,340487904.00
2022/04/19,17.24,18.23,16.96,17.75,14866340,266582464.00
2022/04/20,17.39,19.20,17.34,18.54,21748681,403662880.00
2022/04/21,18.02,19.54,17.35,18.76,23901849,446350432.00
2022/04/22,18.05,18.33,16.86,16.86,16444194,293901120.00
2022/04/25,16.18,16.18,15.15,15.15,13079729,205474016.00
2022/04/26,14.95,15.13,13.82,14.27,10330000,152824736.00
2022/04/27,13.92,14.34,13.17,14.24,10716823,149900128.00
2022/04/28,13.90,14.21,12.89,13.15,9742994,133011576.00
2022/04/29,13.11,13.94,13.07,13.81,8466416,118103744.00
2022/05/05,13.83,14.85,13.83,14.51,7516700,109981184.00
2022/05/06,14.11,15.05,14.06,14.71,8288009,123818728.00
2022/05/09,14.70,15.00,14.45,14.70,5725358,85451248.00
2022/05/10,14.44,14.84,14.23,14.75,5271358,78174464.00
2022/05/11,14.71,14.95,14.47,14.59,6339958,94853376.00
2022/05/12,14.38,14.74,14.13,14.50,5023723,73710408.00
2022/05/13,14.46,14.65,14.13,14.29,3657900,53301744.00
2022/05/16,14.28,14.73,14.28,14.44,5648362,83362560.00
2022/05/17,14.44,14.47,13.95,14.10,4717078,67651072.00
2022/05/18,14.09,14.32,14.03,14.15,3808803,55041908.00
2022/05/19,14.13,14.20,13.82,14.06,4442600,63161832.00
2022/05/20,14.08,14.33,14.02,14.12,4191481,60316360.00
2022/05/23,14.18,14.57,14.13,14.53,7244159,106125304.00
2022/05/24,14.55,16.01,13.96,15.46,18755719,285087040.00
2022/05/25,14.95,15.75,14.57,15.32,15107699,234296352.00
2022/05/26,15.31,15.32,14.85,14.98,8069159,122964520.00
2022/05/27,14.99,15.06,14.52,14.79,7363584,110528168.00
2022/05/30,14.75,14.97,14.70,14.84,4867304,73364928.00
2022/05/31,14.75,15.24,14.68,15.04,7434884,113657112.00
2022/06/01,14.93,15.31,14.69,14.84,6487219,98804176.00
2022/06/02,14.86,14.90,14.48,14.85,5535263,82784696.00
2022/06/06,14.78,15.03,14.78,15.00,4638700,70364320.00
2022/06/07,14.94,15.27,14.67,15.05,7461122,113778624.00
2022/06/08,15.05,15.05,14.53,14.71,6376148,95780096.00
2022/06/09,14.68,14.84,14.33,14.46,4922078,72949152.00
2022/06/10,14.40,14.60,14.26,14.47,3532609,51993152.00
2022/06/13,14.30,14.69,14.30,14.61,3776400,55981368.00
2022/06/14,14.69,15.25,14.57,15.01,8350881,126908128.00
2022/06/15,14.84,15.10,14.80,14.83,6526523,98856744.00
2022/06/16,14.82,15.46,14.75,15.33,10994713,170115376.00
2022/06/17,15.29,15.52,14.97,15.17,7000881,107949480.00
2022/06/20,15.05,15.23,14.94,15.13,5479386,84069872.00
2022/06/21,15.01,15.13,14.65,14.84,5302944,80126928.00
2022/06/22,14.84,14.97,14.71,14.74,3334781,50205720.00
2022/06/23,14.65,14.80,14.47,14.72,4146200,61716024.00
2022/06/24,14.69,15.10,14.66,15.05,6824039,103587376.00
2022/06/27,15.22,15.56,15.02,15.37,9219813,143520624.00
2022/06/28,15.30,15.40,15.03,15.11,5983028,92018200.00
2022/06/29,15.12,15.43,14.75,14.77,6772338,103717168.00
2022/06/30,14.76,15.52,14.76,15.41,12157107,188755392.00
2022/07/01,15.53,15.63,15.08,15.35,7406384,115637888.00
2022/07/04,15.44,15.72,15.25,15.61,7873920,124233456.00
2022/07/05,15.53,15.63,15.00,15.15,6552787,101271200.00
2022/07/06,15.15,15.15,14.62,14.70,5314089,80121800.00
2022/07/07,14.70,14.87,14.53,14.80,3964753,59299136.00
2022/07/08,14.78,14.91,14.68,14.72,3463773,52060600.00
2022/07/11,14.72,15.07,14.50,14.80,4129784,62255624.00
2022/07/12,14.73,14.91,14.21,14.21,5398658,78899880.00
2022/07/13,14.18,14.38,14.07,14.31,2550694,36732440.00
2022/07/14,14.25,14.30,14.10,14.23,2052329,29452352.00
2022/07/15,14.23,14.23,13.75,13.79,3531728,49669496.00
2022/07/18,13.88,14.24,13.88,14.14,2817700,40086464.00
2022/07/19,14.13,14.31,14.05,14.23,2596729,37245864.00
2022/07/20,14.23,14.31,14.14,14.23,2145429,30818498.00
2022/07/21,14.28,14.28,14.02,14.04,2590900,37011912.00
2022/07/22,14.08,14.13,13.82,13.97,2437194,34394344.00
2022/07/25,13.98,14.03,13.88,13.95,1540700,21704588.00
2022/07/26,14.02,14.07,13.82,14.07,2025200,28587240.00
2022/07/27,14.02,14.10,13.97,14.03,1393797,19743188.00
2022/07/28,14.16,14.16,14.02,14.03,2103800,29969444.00
2022/07/29,14.15,14.15,13.91,14.04,2096158,29669764.00
2022/08/01,13.98,15.46,13.89,15.46,14817273,223803360.00
2022/08/02,15.36,15.38,14.67,14.85,12778178,192893024.00
2022/08/03,14.89,15.04,14.64,14.76,9264538,138955152.00
2022/08/04,14.78,15.05,14.55,14.85,7446498,111140976.00
2022/08/05,14.65,14.81,14.60,14.67,4616687,68511888.00
2022/08/08,14.68,14.91,14.57,14.70,4250761,63122968.00
2022/08/09,14.57,14.60,14.36,14.58,3509727,51370884.00
2022/08/10,14.55,14.78,14.42,14.64,4360729,64173996.00
2022/08/11,14.66,15.05,14.58,14.98,8235298,123837832.00
2022/08/12,14.89,14.99,14.67,14.92,4663981,69726624.00
2022/08/15,14.93,14.94,14.68,14.76,3251829,48494344.00
2022/08/16,14.76,15.05,14.68,14.91,5720029,86009504.00
2022/08/17,14.87,14.92,14.70,14.74,4027858,60047976.00
2022/08/18,14.71,14.71,14.50,14.51,3439707,50585328.00
2022/08/19,14.52,14.90,14.51,14.77,5363371,80003416.00
2022/08/22,14.85,15.02,14.65,14.92,5249379,78768600.00
2022/08/23,14.92,16.27,14.89,15.30,12572413,195824064.00
2022/08/24,15.41,15.84,15.11,15.36,12524508,195946672.00
2022/08/25,15.35,16.25,15.22,16.14,14012727,223976240.00
2022/08/26,16.00,16.15,15.57,15.77,9016219,144399824.00
2022/08/29,15.54,16.12,15.40,15.89,8581500,137505248.00
2022/08/30,15.81,16.82,15.51,16.44,11848268,192636704.00
2022/08/31,16.16,17.26,15.96,16.81,17329549,291315616.00
2022/09/01,16.65,17.02,16.11,16.28,11548887,192455728.00
2022/09/02,16.09,16.25,15.54,15.69,8605300,136911536.00
2022/09/05,15.62,15.73,15.06,15.30,7094400,109457480.00
2022/09/06,15.15,15.42,15.06,15.35,5118321,78646320.00
2022/09/07,15.22,15.63,14.96,15.36,6290592,97057208.00
2022/09/08,15.23,15.56,15.05,15.05,5198000,80088144.00
2022/09/09,15.05,15.30,14.76,15.18,3931494,59840288.00
2022/09/13,15.15,15.51,15.02,15.46,5341729,82897552.00
2022/09/14,15.26,15.40,15.10,15.20,3404200,52366280.00
2022/09/15,15.16,15.26,14.53,14.68,5089094,76536176.00
2022/09/16,14.55,14.80,13.98,14.03,4425858,64172520.00
2022/09/19,13.95,14.19,13.77,14.09,2450073,34745248.00
2022/09/20,14.09,14.29,14.06,14.18,2224658,31876768.00
2022/09/21,14.06,14.27,13.93,14.21,2082878,29768426.00
2022/09/22,14.02,14.21,14.00,14.06,2377345,33818456.00
2022/09/23,14.03,14.08,13.40,13.56,3537029,48913608.00
2022/09/26,13.38,13.53,13.10,13.13,2731345,36827500.00
2022/09/27,13.13,13.67,13.13,13.65,3249816,44333828.00
2022/09/28,13.64,14.01,13.47,13.49,3657058,50906192.00
2022/09/29,13.79,13.84,13.16,13.22,2749568,37270552.00
2022/09/30,13.15,13.31,12.91,12.97,2457099,32484650.00
2022/10/10,13.23,14.25,13.18,13.65,5970965,82486248.00
2022/10/11,13.44,13.80,13.15,13.44,4192561,56754440.00
2022/10/12,13.28,13.70,13.26,13.53,3721222,50706912.00
2022/10/13,13.48,13.94,13.38,13.79,5353564,74273552.00
2022/10/14,13.77,13.99,13.66,13.88,4082164,57224208.00
2022/10/17,13.78,14.04,13.72,13.99,3497412,49320564.00
2022/10/18,14.04,14.32,13.85,13.93,4737200,67405296.00
2022/10/19,14.05,14.33,13.85,14.00,4155224,58902952.00
2022/10/20,13.88,14.01,13.72,13.75,3892821,54420076.00
2022/10/21,13.67,13.85,13.54,13.56,2278721,31511964.00
2022/10/24,13.60,13.69,13.29,13.41,2688125,36630536.00
2022/10/25,13.38,13.51,13.05,13.42,2182687,29323674.00
2022/10/26,13.47,13.72,13.40,13.59,2562723,35066624.00
2022/10/27,13.55,13.93,13.51,13.86,3377796,46965664.00
2022/10/28,13.65,13.70,13.10,13.16,4281415,57559412.00
2022/10/31,13.15,13.39,13.06,13.25,3138285,42144440.00
2022/11/01,13.25,13.64,13.25,13.63,3499848,47822292.00
2022/11/02,13.61,13.96,13.58,13.83,4487350,62760360.00
2022/11/03,13.81,14.05,13.70,13.95,3381929,47556352.00
2022/11/04,13.98,14.24,13.98,14.03,3925730,55902288.00
2022/11/07,14.16,14.26,14.00,14.22,4374258,62564920.00
2022/11/08,14.29,14.51,14.09,14.25,4745568,68252440.00
2022/11/09,14.24,14.53,14.16,14.33,4038394,58494256.00
2022/11/10,14.24,14.49,14.14,14.38,3322700,48263808.00
2022/11/11,14.46,14.75,14.41,14.41,4150729,61079780.00
2022/11/14,14.50,14.85,14.35,14.67,5362900,79579200.00
2022/11/15,14.63,14.77,14.46,14.55,4604200,67789352.00
2022/11/16,14.57,14.76,14.37,14.60,3732552,55061916.00
2022/11/17,14.44,14.74,14.41,14.68,2800300,41454056.00
2022/11/18,14.65,14.73,14.48,14.52,2561276,37745636.00
2022/11/21,14.37,14.55,14.16,14.48,3372007,49107160.00
2022/11/22,14.53,14.60,14.21,14.28,3101335,45113576.00
2022/11/23,14.26,14.30,13.91,14.05,2716200,38623076.00
2022/11/24,14.05,14.26,14.03,14.06,1899500,27088018.00
2022/11/25,14.17,14.20,14.00,14.15,1890200,26951490.00
2022/11/28,14.12,14.15,13.80,14.15,2204229,31174004.00
2022/11/29,14.25,14.73,14.12,14.61,4693329,68781176.00
2022/11/30,14.61,14.82,14.47,14.63,3572628,52960604.00
2022/12/01,14.78,15.15,14.72,14.96,5250729,79382336.00
2022/12/02,14.89,15.29,14.86,15.14,5234245,79875400.00
2022/12/05,15.24,15.35,14.99,15.05,4710798,71950056.00
2022/12/06,15.07,15.30,15.01,15.06,4298300,65643544.00
2022/12/07,14.98,15.44,14.98,15.35,5576490,86065992.00
2022/12/08,15.31,15.31,15.03,15.10,3851923,58918224.00
2022/12/09,15.10,15.30,14.81,15.21,3636508,55295312.00
2022/12/12,15.29,15.54,15.09,15.28,3767900,58298384.00
2022/12/13,15.27,16.01,15.09,15.79,7285242,115312232.00
2022/12/14,15.55,15.90,15.50,15.87,5936894,94362768.00
2022/12/15,15.83,15.85,15.30,15.35,4416000,69138072.00
2022/12/16,15.34,15.49,15.20,15.24,3607306,55730192.00
2022/12/19,15.37,15.63,15.06,15.34,5520558,85528256.00
2022/12/20,15.18,15.30,14.86,14.88,4047509,61404760.00
2022/12/21,14.90,16.00,14.90,15.58,7822006,122926728.00
2022/12/22,15.58,15.89,15.31,15.40,6142650,97012080.00
2022/12/23,15.39,15.85,15.32,15.60,5915657,92992736.00
2022/12/26,15.62,15.94,15.43,15.58,7639047,120835648.00
2022/12/27,15.18,15.62,14.77,15.60,8357846,128753112.00
2022/12/28,15.48,15.54,14.95,15.01,4279200,65769052.00
2022/12/29,15.06,15.28,14.55,14.97,3835279,58111244.00
2022/12/30,14.98,15.30,14.71,15.28,4486925,68207400.00
2023/01/03,15.23,15.41,14.81,14.90,4655541,70403424.00
2023/01/04,14.91,15.39,14.78,15.09,5799229,87991112.00
2023/01/05,15.03,15.03,14.71,14.84,4417429,66233828.00
2023/01/06,14.80,14.83,14.51,14.56,4464988,66034488.00
2023/01/09,14.54,14.99,14.53,14.89,4220800,63101624.00
2023/01/10,14.76,14.93,14.62,14.82,2772612,41274556.00
2023/01/11,14.68,14.79,14.56,14.59,2225160,32937616.00
2023/01/12,14.53,14.60,14.12,14.20,3424950,49537664.00
2023/01/13,14.19,14.54,14.18,14.34,2628200,38252792.00
2023/01/16,14.37,14.75,14.29,14.60,3062603,45163648.00
2023/01/17,14.53,14.62,14.28,14.32,2262097,32854812.00
2023/01/18,14.40,14.48,14.19,14.24,1934600,27848768.00
2023/01/19,14.21,14.26,13.97,14.02,2792100,39663900.00
2023/01/20,14.03,14.13,13.99,14.12,1995400,28363456.00
2023/01/30,14.30,14.38,14.20,14.33,3249900,46986420.00
2023/01/31,14.08,14.46,14.05,14.30,2653194,38367544.00
2023/02/01,14.25,14.57,14.25,14.55,3559987,52085616.00
2023/02/02,14.53,14.78,14.47,14.76,3444787,51035520.00
2023/02/03,14.70,14.84,14.55,14.66,2612200,38714304.00
2023/02/06,14.65,14.70,14.47,14.65,1686850,24883776.00
2023/02/07,14.65,14.65,14.46,14.59,2085600,30611576.00
2023/02/08,14.59,14.72,14.51,14.52,2354000,34729488.00
2023/02/09,14.53,14.64,14.49,14.62,1804403,26605496.00
2023/02/10,14.60,14.87,14.55,14.78,2878150,42845872.00
2023/02/13,14.82,15.00,14.78,14.91,3457650,52017036.00
2023/02/14,14.99,15.11,14.82,14.95,3210500,48439480.00
2023/02/15,15.00,15.08,14.85,14.89,2369394,35785552.00
2023/02/16,14.95,15.09,14.54,14.64,4072892,61287632.00
2023/02/17,14.63,15.02,14.63,14.84,4146682,62337328.00
2023/02/20,15.03,15.03,14.77,14.95,3709267,55740716.00
2023/02/21,14.95,15.05,14.85,14.99,2800606,42362952.00
2023/02/22,14.94,15.18,14.87,15.06,3176387,48318976.00
2023/02/23,15.19,15.27,14.98,15.05,2938000,44927092.00
2023/02/24,15.05,15.22,14.95,15.09,2634300,40106452.00
2023/02/27,15.10,15.34,14.97,14.99,2537600,38596368.00
2023/02/28,15.03,15.08,14.96,15.05,1987674,30142600.00
2023/03/01,15.05,15.09,14.97,15.08,1718600,26070108.00
2023/03/02,15.09,15.11,14.91,14.94,1899229,28714072.00
2023/03/03,14.97,15.04,14.79,14.92,2106000,31691672.00
2023/03/06,14.93,15.19,14.76,15.13,3034300,46070168.00
2023/03/07,15.08,15.24,14.83,14.84,2483600,37763528.00
2023/03/08,14.78,14.83,14.60,14.68,2109229,31316552.00
2023/03/09,14.68,14.78,14.63,14.72,1440561,21382296.00
2023/03/10,14.67,14.70,14.51,14.56,1897800,27965384.00
2023/03/13,14.56,14.60,14.36,14.56,1479274,21634328.00
2023/03/14,14.54,14.70,14.24,14.34,2432600,35473432.00
2023/03/15,14.42,14.64,14.38,14.52,1939936,28507292.00
2023/03/16,14.35,14.53,14.20,14.23,2126836,30774236.00
2023/03/17,14.43,14.43,14.18,14.24,1565800,22590144.00
2023/03/20,14.14,14.35,14.12,14.16,1751300,25118816.00
2023/03/21,14.13,14.34,14.08,14.34,1533100,22035424.00
2023/03/22,14.35,14.55,14.29,14.43,1835829,26776392.00
2023/03/23,14.35,14.54,14.35,14.40,1309826,19088594.00
2023/03/24,14.41,14.49,14.34,14.35,1411088,20540016.00
2023/03/27,14.59,14.63,14.34,14.52,2536388,37178488.00
2023/03/28,14.60,15.93,14.47,15.48,9213582,142147120.00
2023/03/29,15.34,15.93,15.15,15.43,6413200,100018200.00
2023/03/30,15.57,15.58,15.06,15.31,3825500,58980852.00
2023/03/31,15.31,15.74,15.31,15.51,3680803,57702648.00
2023/04/03,15.39,15.60,15.21,15.29,3866580,60092708.00
2023/04/04,15.36,15.64,15.18,15.21,2944351,45595672.00
2023/04/06,15.21,15.30,14.93,15.08,2569400,39070804.00
2023/04/07,15.08,15.12,14.86,14.94,2346800,35361960.00
2023/04/10,14.95,15.02,14.30,14.40,5520100,80931248.00
2023/04/11,14.35,14.35,14.01,14.13,4187506,59786428.00
2023/04/12,14.05,14.19,13.97,14.03,3431000,48711488.00
2023/04/13,13.97,14.12,13.90,14.08,2540358,36038536.00
2023/04/14,14.05,14.16,13.88,13.95,3410800,48172384.00
2023/04/17,13.95,14.30,13.85,14.25,4039612,57502848.00
2023/04/18,14.18,14.18,13.85,13.98,4079412,57668992.00
2023/04/19,14.02,14.07,13.89,14.05,2381600,33655228.00
2023/04/20,13.91,14.03,13.78,13.89,2755204,38655696.00
2023/04/21,13.80,14.03,13.80,13.90,2821800,39767080.00
2023/04/24,13.92,13.99,13.59,13.77,2631100,36620932.00
2023/04/25,13.64,13.81,13.45,13.66,2451200,33681004.00
2023/04/26,13.68,13.96,13.45,13.95,2090400,29147902.00
2023/04/27,13.64,13.90,13.11,13.25,5135429,68956640.00
2023/04/28,13.25,13.58,13.22,13.53,2823625,38297480.00
2023/05/04,13.54,13.71,13.41,13.61,1929388,26581200.00
2023/05/05,13.50,13.64,13.39,13.59,1713746,23417628.00
2023/05/08,13.33,13.38,12.94,13.23,3784785,50219848.00
2023/05/09,13.18,13.18,12.99,13.04,2112200,27913448.00
2023/05/10,13.10,13.14,13.00,13.12,1297132,17144528.00
2023/05/11,13.15,13.32,13.06,13.25,1170506,15646014.00
2023/05/12,13.26,13.55,13.21,13.26,1471100,19858672.00
2023/05/15,13.27,13.34,13.11,13.28,816394,10912531.00
2023/05/16,13.41,13.42,13.16,13.27,1062894,14233944.00
2023/05/17,13.16,13.34,13.16,13.31,983300,13205990.00
2023/05/18,13.36,13.45,13.31,13.42,1270094,17184596.00
2023/05/19,13.40,13.49,13.30,13.46,1191129,16183573.00
2023/05/22,13.46,13.65,13.40,13.64,1683026,23086788.00
2023/05/23,13.67,13.80,13.60,13.77,1930558,26772564.00
2023/05/24,13.75,13.75,13.52,13.55,1629500,22366420.00
2023/05/25,13.47,13.55,13.30,13.46,1515329,20550228.00
2023/05/26,13.55,13.55,13.32,13.41,684100,9260635.00
2023/05/29,13.41,13.41,13.26,13.32,1422694,19147716.00
2023/05/30,13.26,13.36,13.17,13.27,942400,12643905.00
2023/05/31,13.27,13.39,13.16,13.22,940500,12619304.00
2023/06/01,13.18,13.34,13.17,13.29,983100,13216984.00
2023/06/02,13.33,13.38,13.26,13.34,1107200,14932723.00
2023/06/05,13.34,13.38,13.20,13.37,1234300,16595605.00
2023/06/06,13.29,13.36,13.18,13.21,1197700,16066578.00
2023/06/07,13.20,13.25,13.16,13.25,732800,9784813.00
2023/06/08,13.21,13.39,13.17,13.32,1272628,17158112.00
2023/06/09,13.30,13.36,13.24,13.36,945694,12743488.00
2023/06/12,13.36,13.36,13.11,13.32,1512094,20256136.00
2023/06/13,13.32,13.36,13.24,13.26,881000,11835765.00
2023/06/14,13.23,13.42,13.17,13.38,1963223,26480844.00
2023/06/15,13.35,13.35,13.11,13.21,2155758,28750752.00
2023/06/16,13.20,13.25,13.15,13.19,1341123,17906934.00
2023/06/19,13.25,13.25,13.00,13.03,1808323,23892760.00
2023/06/20,12.99,13.00,12.92,12.95,1459482,19104748.00
2023/06/21,12.94,12.97,12.82,12.83,1372806,17851426.00
2023/06/26,12.76,12.76,12.45,12.50,1435600,18035392.00
2023/06/27,12.47,12.63,12.38,12.61,1495552,18784892.00
2023/06/28,12.61,12.68,12.48,12.67,1214581,15285957.00
2023/06/29,12.67,12.76,12.57,12.70,1094610,13885212.00
2023/06/30,12.63,12.85,12.61,12.83,1258808,16078892.00
2023/07/03,12.83,12.93,12.82,12.90,1219329,15709158.00
2023/07/04,12.93,12.93,12.78,12.88,978779,12580076.00
2023/07/05,12.92,12.95,12.78,12.86,1121289,14412990.00
2023/07/06,12.86,12.91,12.77,12.83,790700,10140752.00
2023/07/07,12.83,12.87,12.77,12.84,791929,10162431.00
2023/07/10,12.81,12.92,12.81,12.85,819700,10548073.00
2023/07/11,12.85,13.06,12.82,12.97,1667909,21562220.00
2023/07/12,12.95,13.01,12.90,12.92,856800,11093907.00
2023/07/13,12.94,13.02,12.86,12.93,1154629,14925529.00
2023/07/14,12.94,12.94,12.86,12.88,1115998,14368315.00
2023/07/17,12.60,12.82,12.41,12.76,1983353,25022324.00
2023/07/18,12.80,12.81,12.66,12.77,872358,11119440.00
2023/07/19,12.79,12.82,12.69,12.77,805229,10272044.00
2023/07/20,12.78,12.88,12.77,12.83,1378129,17673140.00
2023/07/21,12.83,13.01,12.77,12.90,1808923,23385682.00
2023/07/24,12.89,12.98,12.74,12.86,1499194,19319768.00
2023/07/25,12.92,13.03,12.91,13.00,1704400,22102660.00
2023/07/26,12.95,13.10,12.93,13.09,1671900,21823920.00
2023/07/27,13.09,13.17,13.00,13.05,1381197,18093560.00
2023/07/28,13.03,13.30,13.02,13.26,2064669,27287028.00
2023/07/31,13.49,13.49,13.17,13.38,2737800,36443540.00
2023/08/01,13.38,13.54,13.29,13.34,2626692,35192808.00
2023/08/02,13.27,13.40,13.16,13.40,2138174,28422738.00
2023/08/03,13.41,13.61,13.24,13.53,6232000,84372624.00
2023/08/04,13.28,13.39,13.07,13.11,5599752,73751968.00
2023/08/07,13.15,13.15,12.96,13.02,2358578,30740942.00
2023/08/08,13.02,13.14,12.84,13.12,2367200,30827796.00
2023/08/09,13.13,13.13,12.95,12.95,1397600,18178948.00
2023/08/10,13.01,13.15,12.93,13.10,1478100,19289580.00
2023/08/11,13.11,13.15,12.89,12.90,1756352,22845836.00
2023/08/14,12.88,12.92,12.68,12.76,1589300,20281268.00
2023/08/15,12.83,12.83,12.64,12.68,953000,12108674.00
2023/08/16,12.68,12.79,12.60,12.70,1097926,13956007.00
2023/08/17,12.70,12.82,12.54,12.75,1564194,19887172.00
2023/08/18,12.75,12.77,12.61,12.61,1759200,22306668.00
2023/08/21,12.56,12.79,12.55,12.61,1596900,20217068.00
2023/08/22,12.66,12.74,12.33,12.47,2144521,26715574.00
2023/08/23,12.48,12.53,12.35,12.38,1192185,14796236.00
2023/08/24,12.35,12.58,12.27,12.54,1817400,22563856.00
2023/08/25,12.52,13.03,12.45,12.64,3350433,42851540.00
2023/08/28,13.03,13.10,12.37,12.49,3606326,45963144.00
2023/08/29,12.39,12.76,12.38,12.75,2359800,29771182.00
2023/08/30,12.75,12.79,12.60,12.65,1305993,16573163.00
2023/08/31,12.65,12.67,12.48,12.63,1459522,18342936.00
2023/09/01,12.62,12.95,12.58,12.76,2465964,31491368.00
2023/09/04,12.80,12.86,12.65,12.85,1821200,23308324.00
2023/09/05,12.80,12.86,12.73,12.79,1546200,19741228.00
2023/09/06,12.80,12.82,12.66,12.74,1162900,14837451.00
2023/09/07,12.76,12.81,12.66,12.66,1580429,20108100.00
2023/09/08,12.67,12.80,12.62,12.78,1167629,14858876.00
2023/09/11,12.78,12.91,12.68,12.89,2067600,26581974.00
2023/09/12,12.91,13.10,12.86,13.09,2140800,27917140.00
2023/09/13,13.10,13.13,12.98,13.05,2022140,26378108.00
2023/09/14,13.11,13.11,12.95,13.00,1422900,18491340.00
2023/09/15,13.05,13.09,12.96,12.98,993700,12916538.00
2023/09/18,12.98,13.10,12.87,13.07,1464649,19076468.00
2023/09/19,13.07,13.12,12.95,13.10,1444275,18823370.00
2023/09/20,13.01,13.23,13.01,13.07,1881149,24712340.00
2023/09/21,13.00,13.08,12.88,12.90,1510849,19553092.00
2023/09/22,12.90,13.02,12.81,12.98,1068229,13830575.00
2023/09/25,12.98,12.99,12.87,12.94,1022729,13233814.00
2023/09/26,12.86,12.97,12.84,12.89,958800,12360147.00
2023/09/27,12.85,12.95,12.81,12.88,1152881,14838027.00
2023/09/28,12.93,12.95,12.85,12.88,1132081,14595276.00
2023/10/09,12.87,12.88,12.51,12.55,2014300,25403952.00
2023/10/10,12.59,12.77,12.55,12.56,827700,10449629.00
2023/10/11,12.56,12.68,12.53,12.60,952700,11988258.00
2023/10/12,12.50,12.75,12.50,12.70,1171440,14865975.00
2023/10/13,12.70,12.71,12.37,12.50,2149160,26826180.00
2023/10/16,12.49,12.56,12.29,12.55,1619900,20143276.00
2023/10/17,12.53,12.60,12.41,12.60,1014800,12701119.00
2023/10/18,12.54,12.54,12.36,12.42,1004200,12484507.00
2023/10/19,12.41,12.47,12.25,12.28,908600,11217650.00
2023/10/20,12.30,12.34,12.20,12.25,956800,11727812.00
2023/10/23,12.27,12.36,12.14,12.18,1217400,14899405.00
2023/10/24,12.25,12.75,12.18,12.66,2649381,33363036.00
2023/10/25,12.68,12.76,12.51,12.51,912104,11498717.00
2023/10/26,12.50,12.56,12.37,12.49,1030061,12812345.00
2023/10/27,12.45,12.80,12.45,12.70,1445738,18377522.00
2023/10/30,12.65,12.77,12.48,12.62,1891028,23894644.00
2023/10/31,12.62,12.67,12.51,12.63,854900,10783521.00
2023/11/01,12.66,12.80,12.59,12.79,1535900,19532896.00
2023/11/02,12.76,12.87,12.63,12.73,1048100,13368823.00
2023/11/03,12.66,12.85,12.65,12.83,1090500,13968547.00
2023/11/06,12.84,12.95,12.73,12.78,1237300,15804785.00
2023/11/07,12.77,12.79,12.67,12.72,1230100,15665664.00
2023/11/08,12.73,12.83,12.63,12.68,1345400,17097596.00
2023/11/09,12.66,12.75,12.60,12.65,1211800,15330880.00
2023/11/10,12.63,12.67,12.55,12.65,819200,10340650.00
2023/11/13,12.64,12.75,12.64,12.75,1145100,14554576.00
2023/11/14,12.80,12.80,12.59,12.66,1109300,14028539.00
2023/11/15,12.66,12.73,12.61,12.65,1316929,16688793.00
2023/11/16,12.63,12.69,12.56,12.56,800500,10102269.00
2023/11/17,12.56,12.62,12.52,12.62,777100,9774488.00
2023/11/20,12.64,12.76,12.58,12.76,1542900,19624066.00
2023/11/21,12.73,12.79,12.68,12.76,1274829,16246309.00
2023/11/22,12.69,12.81,12.68,12.74,1147700,14658583.00
2023/11/23,12.75,12.80,12.63,12.79,1248100,15886324.00
2023/11/24,12.76,13.88,12.76,13.12,10356500,137050048.00
2023/11/27,13.00,13.37,12.93,13.33,11494135,152126288.00
2023/11/28,13.25,13.33,13.00,13.18,6708728,88404544.00
2023/11/29,13.22,13.49,12.96,13.31,8105944,107574784.00
2023/11/30,13.03,13.68,13.02,13.59,14394603,193955680.00
2023/12/01,13.43,13.88,13.24,13.38,13436177,181542800.00
2023/12/04,13.19,13.53,13.15,13.34,9074739,120742328.00
2023/12/05,13.25,14.67,13.25,14.67,23842445,339290240.00
2023/12/06,14.69,16.14,14.27,14.91,40841975,618916800.00
2023/12/07,14.35,14.40,13.42,14.04,28066025,390441344.00
2023/12/08,13.77,14.44,13.63,13.83,20173708,281490912.00
2023/12/11,13.33,13.57,13.04,13.48,17672266,234526480.00
2023/12/12,13.46,13.77,13.36,13.70,15379160,209534144.00
2023/12/13,13.61,13.65,13.14,13.22,13484450,180218112.00
2023/12/14,13.24,13.34,12.83,12.84,13554800,176698832.00
2023/12/15,12.84,12.90,12.55,12.60,8359145,105780528.00
2023/12/18,12.60,12.62,12.30,12.34,6038629,75088568.00
2023/12/19,12.29,12.45,12.25,12.43,4658600,57651912.00
2023/12/20,12.35,12.48,12.27,12.30,4629145,57166452.00
2023/12/21,12.24,12.34,11.98,12.32,6029500,73409272.00
2023/12/22,12.25,12.29,11.98,12.02,6004834,72810048.00
2023/12/25,11.99,11.99,11.79,11.96,3063840,36485552.00
2023/12/26,11.97,12.12,11.90,11.92,3234588,38774428.00
2023/12/27,11.88,12.92,11.83,12.51,13784438,171749920.00
2023/12/28,12.42,12.67,12.38,12.55,7216200,90347992.00
2023/12/29,12.48,12.62,12.43,12.61,5276656,66216104.00
2024/01/02,13.00,13.44,12.95,13.08,14553929,191299744.00
2024/01/03,13.08,13.21,12.89,13.13,8536806,111458504.00
2024/01/04,13.06,13.06,12.57,12.60,9622245,122473296.00
2024/01/05,12.60,12.71,12.16,12.23,6776400,83738512.00
2024/01/08,12.20,12.31,12.02,12.05,4119800,50050836.00
2024/01/09,12.10,12.25,12.01,12.16,3774400,45728808.00
2024/01/10,12.06,12.46,11.94,12.37,6818194,83560744.00
2024/01/11,12.59,12.90,12.35,12.55,10305400,130051232.00
2024/01/12,12.64,12.73,12.40,12.45,6626500,83214320.00
2024/01/15,12.30,12.53,12.20,12.35,3866900,47926624.00
2024/01/16,12.33,12.47,12.17,12.38,3972729,48870768.00
2024/01/17,12.30,12.33,11.83,11.84,6348100,76384304.00
2024/01/18,11.84,11.84,11.25,11.57,5692600,65064744.00
2024/01/19,11.54,11.60,11.37,11.43,2754600,31593228.00
2024/01/22,11.32,11.39,10.50,10.57,5095493,55701848.00
2024/01/23,10.50,10.53,10.27,10.44,3448000,35817120.00
2024/01/24,10.47,10.69,10.18,10.63,4261000,44566976.00
2024/01/25,10.60,10.94,10.54,10.91,4423288,47834236.00
2024/01/26,10.90,11.17,10.83,10.97,3265000,36031460.00
2024/01/29,11.01,11.13,10.68,10.72,2970400,32075216.00
2024/01/30,10.48,10.66,10.21,10.24,3467999,36082328.00
2024/01/31,10.17,10.23,9.70,9.80,4654239,46374604.00
2024/02/01,9.73,9.82,9.42,9.50,3001158,28775900.00
2024/02/02,9.51,9.73,9.00,9.29,4173958,39023248.00
2024/02/05,9.18,9.21,8.36,8.36,4919787,42166036.00
2024/02/06,8.30,8.51,7.73,8.24,4669839,37364648.00
2024/02/07,8.27,8.27,7.80,7.99,3749797,29962272.00
2024/02/08,7.85,8.64,7.84,8.60,4275593,35408896.00
2024/02/19,8.65,9.15,8.65,8.84,3158094,27983466.00
2024/02/20,8.84,8.94,8.70,8.91,2089607,18521630.00
2024/02/21,8.86,9.28,8.74,9.02,5006999,45778964.00
2024/02/22,9.02,9.21,8.92,9.20,3332300,30282038.00
2024/02/23,9.23,9.30,9.08,9.30,4336100,40029364.00
2024/02/26,9.33,9.56,9.22,9.42,5273600,49495544.00
2024/02/27,9.39,9.63,9.29,9.63,4108700,39198096.00
2024/02/28,9.65,9.87,8.95,8.98,8034500,75256632.00
2024/02/29,8.88,9.22,8.78,9.20,4885300,44309520.00
2024/03/01,9.19,9.29,9.04,9.15,2951800,26982016.00
2024/03/04,9.12,9.22,9.00,9.04,2659300,24067416.00
2024/03/05,9.04,9.10,8.81,8.82,2406000,21426500.00
2024/03/06,8.78,8.99,8.74,8.92,2197228,19475828.00
2024/03/07,8.90,9.11,8.88,8.89,3133740,28272260.00
2024/03/08,8.95,8.99,8.79,8.88,2211800,19607238.00
2024/03/11,8.91,9.61,8.89,9.28,5952800,54754904.00
2024/03/12,9.47,9.48,9.23,9.37,5099300,47599488.00
2024/03/13,9.43,9.43,9.17,9.25,3077000,28464328.00
2024/03/14,9.21,9.35,9.07,9.26,2912500,26938068.00
2024/03/15,9.21,9.40,9.18,9.40,2715200,25292500.00
2024/03/18,9.43,9.53,9.31,9.52,3391263,31965024.00
2024/03/19,9.50,9.83,9.47,9.66,4656610,45116288.00
2024/03/20,9.62,9.75,9.59,9.70,3051814,29498280.00
2024/03/21,9.72,9.90,9.59,9.88,4941000,48310256.00
2024/03/22,9.88,10.06,9.59,9.62,4717063,46071888.00
2024/03/25,9.56,9.65,9.32,9.33,3478007,32883568.00
2024/03/26,9.30,9.52,9.27,9.40,2434700,22891172.00
2024/03/27,9.41,9.64,9.28,9.30,3881600,36721580.00
2024/03/28,9.23,9.55,9.09,9.40,2919488,27198146.00
2024/03/29,9.36,9.59,9.36,9.52,3251900,30827702.00
2024/04/01,9.54,9.74,9.48,9.73,3893800,37512916.00
2024/04/02,9.73,9.80,9.59,9.75,3229825,31330974.00
2024/04/03,9.74,9.89,9.64,9.89,4110900,40305140.00
2024/04/08,9.71,10.19,9.49,10.04,9817595,96743328.00
2024/04/09,9.81,9.86,9.50,9.75,7573729,73242080.00
2024/04/10,9.69,9.74,9.30,9.43,4692700,44562804.00
2024/04/11,9.35,9.51,9.24,9.34,2702300,25315948.00
2024/04/12,9.34,9.43,9.11,9.15,3426500,31599762.00
2024/04/15,9.00,9.15,8.33,8.46,5052600,43644072.00
2024/04/16,8.42,8.46,7.95,7.96,5302800,42857660.00
2024/04/17,7.98,8.48,7.98,8.47,4636962,38715192.00
2024/04/18,8.53,8.53,8.22,8.33,2691400,22501832.00
2024/04/19,8.31,8.42,8.16,8.27,1943500,16063315.00
2024/04/22,8.32,8.47,8.10,8.38,3153200,26245704.00
2024/04/23,8.34,8.45,8.27,8.41,2518000,21118812.00
2024/04/24,8.41,8.55,8.40,8.50,1798200,15247644.00
2024/04/25,8.50,8.63,8.45,8.58,1674500,14338565.00
2024/04/26,8.58,8.65,8.43,8.61,2375200,20354612.00
2024/04/29,8.55,8.83,8.55,8.79,3563300,31168894.00
2024/04/30,8.81,8.88,8.67,8.76,3305800,29066548.00
2024/05/06,8.88,9.11,8.85,9.10,3736929,33624036.00
2024/05/07,9.11,9.13,8.99,9.10,2159563,19555286.00
2024/05/08,9.09,9.16,8.99,9.06,3093700,28083868.00
2024/05/09,9.07,9.22,9.03,9.21,3784900,34669760.00
2024/05/10,9.20,9.62,9.14,9.40,7477700,69993152.00
2024/05/13,9.30,9.45,8.87,9.03,6682500,61126000.00
2024/05/14,9.13,9.21,8.88,9.02,5230462,47258228.00
2024/05/15,9.01,9.22,8.94,9.10,4190929,38100016.00
2024/05/16,9.11,9.30,9.08,9.22,2969600,27365828.00
2024/05/17,9.23,9.38,9.14,9.21,2646000,24480052.00
2024/05/20,9.22,10.13,9.22,10.13,6135100,60781504.00
2024/05/21,10.13,10.40,9.69,9.74,18179562,180800976.00
2024/05/22,9.69,9.95,9.52,9.87,13080506,127036856.00
2024/05/23,9.64,10.28,9.62,9.98,13647184,134821216.00
2024/05/24,9.85,10.24,9.70,9.96,13290484,133104264.00
2024/05/27,9.80,9.82,9.22,9.49,9694542,92760192.00
2024/05/28,9.46,9.49,9.03,9.18,7663600,70541816.00
2024/05/29,9.12,9.21,8.92,9.03,4972200,44931744.00
2024/05/30,8.90,8.93,8.68,8.69,4695600,41147920.00
2024/05/31,8.70,8.78,8.58,8.69,3076800,26678930.00
2024/06/03,8.71,8.81,8.40,8.62,3678600,31810298.00
2024/06/04,8.54,8.56,8.37,8.46,2641100,22310604.00
2024/06/05,8.43,8.47,8.23,8.23,2548100,21219572.00
2024/06/06,8.23,8.30,7.93,8.03,3055900,24758504.00
2024/06/07,8.09,8.30,8.08,8.28,2422900,19895104.00
2024/06/11,8.23,8.35,8.13,8.29,1646994,13549962.00
2024/06/12,8.35,8.42,8.29,8.37,1555500,13012929.00
2024/06/13,8.38,8.40,8.18,8.21,1756400,14499999.00
2024/06/14,8.26,8.28,8.10,8.27,1283700,10520377.00
2024/06/17,8.19,8.20,8.08,8.14,1333900,10865250.00
2024/06/18,8.15,8.32,8.15,8.17,1257900,10329913.00
2024/06/19,8.18,8.21,8.10,8.18,1283000,10474959.00
2024/06/20,8.16,8.18,8.00,8.00,1751700,14089276.00
2024/06/21,8.01,8.07,7.91,8.00,1022100,8172410.00
2024/06/24,7.96,8.03,7.60,7.65,2639880,20409740.00
2024/06/25,7.65,7.78,7.62,7.70,1612600,12442139.00
2024/06/26,7.75,7.85,7.58,7.82,2190700,16978308.00
2024/06/27,7.79,7.86,7.67,7.69,1618000,12546010.00
2024/06/28,7.70,7.77,7.63,7.66,1390300,10728817.00
2024/07/01,7.64,7.75,7.59,7.73,1342200,10288138.00
2024/07/02,7.75,7.84,7.67,7.79,1335300,10402037.00
2024/07/03,7.84,7.98,7.77,7.79,1887700,14820306.00
2024/07/04,7.79,7.80,7.45,7.46,2749982,20797440.00
2024/07/05,7.50,7.59,7.34,7.58,1266900,9524075.00
2024/07/08,7.58,7.58,7.35,7.39,1493500,11109241.00
2024/07/09,7.39,7.44,7.20,7.39,1490800,10937671.00
2024/07/10,7.39,7.41,7.22,7.33,1005800,7376600.00
2024/07/11,7.45,7.59,7.45,7.52,2146500,16158276.00
2024/07/12,7.55,7.75,7.51,7.55,2820958,21463510.00
2024/07/15,7.50,7.64,7.46,7.58,2255900,17024180.00
2024/07/16,7.57,7.66,7.43,7.51,2536600,19082428.00
2024/07/17,7.48,7.59,7.46,7.51,1241100,9344673.00
2024/07/18,7.49,7.49,7.30,7.44,1540800,11376270.00
2024/07/19,7.43,7.74,7.31,7.56,2691600,20261040.00
2024/07/22,7.50,7.70,7.44,7.53,1937500,14569264.00
2024/07/23,7.62,7.62,7.35,7.38,1583100,11821589.00
2024/07/24,7.34,7.37,7.23,7.24,1666000,12126742.00
2024/07/25,7.24,7.40,7.15,7.33,1582900,11558633.00
2024/07/26,7.29,7.44,7.29,7.38,1495958,11035882.00
2024/07/29,7.36,7.42,7.31,7.34,1400929,10305655.00
2024/07/30,7.34,7.46,7.33,7.45,1239300,9190720.00
2024/07/31,7.45,7.65,7.43,7.65,1880129,14252367.00
2024/08/01,7.65,7.80,7.58,7.61,1545200,11788647.00
2024/08/02,7.59,7.71,7.55,7.60,1515100,11567412.00
2024/08/05,7.58,7.72,7.48,7.50,2212858,16829512.00
2024/08/06,7.54,7.70,7.52,7.68,1638600,12456494.00
2024/08/07,7.70,7.74,7.60,7.65,918100,7019716.00
2024/08/08,7.66,8.42,7.57,8.06,8087463,65237776.00
2024/08/09,7.99,8.03,7.77,7.77,5545600,43556456.00
2024/08/12,7.76,7.83,7.67,7.81,2639663,20495316.00
2024/08/13,7.78,7.80,7.66,7.75,2158800,16659671.00
2024/08/14,7.74,7.76,7.64,7.69,1480600,11384222.00
2024/08/15,7.64,7.74,7.62,7.67,1844500,14153623.00
2024/08/16,7.66,7.78,7.58,7.64,2059974,15732514.00
2024/08/19,7.60,7.62,7.48,7.50,1902500,14339143.00
2024/08/20,7.46,7.51,7.40,7.41,1388000,10321585.00
2024/08/21,7.41,7.41,7.32,7.35,1143900,8424126.00
2024/08/22,7.35,7.56,7.30,7.30,1767800,13061426.00
2024/08/23,7.28,7.31,7.20,7.24,1225400,8871065.00
2024/08/26,7.25,7.48,7.25,7.42,1475800,10906083.00
2024/08/27,7.40,7.50,7.32,7.35,1086100,8058978.00
2024/08/28,7.54,7.54,7.22,7.41,947700,7004071.00
2024/08/29,7.35,7.44,7.35,7.42,904500,6688003.00
2024/08/30,7.40,7.69,7.36,7.54,1983600,14947370.00
2024/09/02,7.56,7.69,7.54,7.58,1877400,14273971.00
2024/09/03,7.55,7.68,7.51,7.66,1358200,10347299.00
2024/09/04,7.61,7.71,7.60,7.62,1333300,10204929.00
2024/09/05,7.64,7.72,7.60,7.72,1323300,10169742.00
2024/09/06,7.72,7.76,7.55,7.56,1456000,11068522.00
2024/09/09,7.50,7.70,7.42,7.69,1646600,12540955.00
2024/09/10,7.67,7.79,7.65,7.75,1419600,10947609.00
2024/09/11,7.75,7.77,7.60,7.64,1008700,7745897.00
2024/09/12,7.65,7.71,7.58,7.60,787700,6029375.00
2024/09/13,7.66,7.66,7.47,7.47,1070500,8064221.00
2024/09/18,7.52,7.52,7.25,7.37,1545400,11332377.00
2024/09/19,7.39,7.72,7.35,7.69,2579200,19574480.00
2024/09/20,7.69,7.69,7.57,7.61,921699,7016937.00
2024/09/23,7.60,7.68,7.56,7.60,1101129,8376363.00
2024/09/24,7.65,7.77,7.64,7.77,1446500,11171922.00
2024/09/25,7.83,7.93,7.74,7.76,3184100,24961804.00
2024/09/26,7.77,8.05,7.75,8.05,4386600,34800456.00
2024/09/27,8.11,8.28,8.04,8.28,3039500,24863218.00
2024/09/30,8.65,8.94,8.35,8.89,8549500,74158568.00
2024/10/08,9.70,9.77,8.75,9.25,10979001,101794488.00
2024/10/09,9.00,9.18,8.33,8.33,6000586,52174880.00
2024/10/10,8.35,8.62,8.35,8.45,4549800,38702600.00
2024/10/11,8.46,8.51,8.04,8.12,4014200,33165924.00
2024/10/14,8.25,8.31,8.03,8.26,3067300,25193392.00
2024/10/15,8.25,8.36,8.12,8.13,2617400,21566366.00
2024/10/16,8.09,8.22,8.05,8.15,3062075,24955184.00
2024/10/17,8.19,8.23,8.06,8.08,3026475,24670588.00
2024/10/18,8.13,8.26,8.03,8.19,3555229,29021646.00
2024/10/21,8.23,8.25,8.17,8.24,3109386,25528892.00
2024/10/22,8.24,8.55,8.20,8.49,5454300,45559412.00
2024/10/23,8.40,8.41,8.30,8.35,4645800,38778108.00
2024/10/24,8.31,8.36,8.27,8.34,2291301,19069864.00
2024/10/25,8.33,8.52,8.33,8.49,3521227,29708680.00
2024/10/28,8.54,8.82,8.50,8.82,4438500,38650432.00
2024/10/29,8.79,8.88,8.54,8.59,3899800,33772148.00
2024/10/30,8.58,8.73,8.52,8.60,3158750,27206468.00
2024/10/31,8.58,8.70,8.54,8.70,2905050,25097168.00
2024/11/01,8.71,8.85,8.55,8.59,4466400,38789312.00
2024/11/04,8.63,8.80,8.54,8.78,3467537,30210000.00
2024/11/05,8.76,8.82,8.68,8.81,4591698,40277844.00
2024/11/06,8.82,8.89,8.71,8.82,4042300,35647292.00
2024/11/07,8.83,9.17,8.81,9.13,7408122,67273280.00
2024/11/08,9.10,9.22,8.89,8.96,5561400,50065608.00
2024/11/11,8.88,9.01,8.81,8.99,4170300,37084456.00
2024/11/12,9.01,9.20,8.99,9.06,5375629,48875116.00
2024/11/13,8.99,9.06,8.80,9.03,3199800,28585256.00
2024/11/14,9.02,9.03,8.84,8.87,2787500,24905190.00
2024/11/15,8.87,8.98,8.76,8.77,3042900,27028302.00
2024/11/18,8.83,8.90,8.51,8.61,3306700,28725960.00
2024/11/19,8.60,8.77,8.55,8.76,2919600,25227716.00
2024/11/20,8.72,8.95,8.71,8.95,2989400,26539110.00
2024/11/21,8.93,9.00,8.89,8.97,2788600,24980996.00
2024/11/22,8.96,9.04,8.65,8.65,3061300,27035812.00
数据来源:通达信
