688103 国力股份 日线 前复权
      日期	    开盘	    最高	    最低	    收盘	    成交量	    成交额
2021/09/10,61.18,78.46,61.18,73.38,17172481,1204436096.00
2021/09/13,74.68,82.00,73.99,79.17,10622542,833536576.00
2021/09/14,78.06,78.06,67.18,71.03,8110875,584061760.00
2021/09/15,69.18,72.33,64.18,70.98,5690954,391950592.00
2021/09/16,69.74,75.72,67.40,71.83,5162542,375317376.00
2021/09/17,71.06,71.83,64.73,68.66,3324861,226663424.00
2021/09/22,66.24,68.06,61.26,66.45,3693869,241449344.00
2021/09/23,65.68,67.68,62.41,67.34,2201397,144570000.00
2021/09/24,66.68,66.94,62.19,62.28,1553329,101326304.00
2021/09/27,61.29,61.87,51.28,51.28,3042081,170636672.00
2021/09/28,51.17,56.42,50.73,54.74,2837566,154224896.00
2021/09/29,54.18,59.36,53.28,53.80,2697710,155808576.00
2021/09/30,53.80,61.84,50.68,61.58,2250400,128401456.00
2021/10/08,60.41,61.06,55.73,57.18,806293,47260016.00
2021/10/11,56.68,56.68,53.33,53.73,849505,47081504.00
2021/10/12,54.20,57.97,52.93,54.43,1327998,74803504.00
2021/10/13,53.28,64.67,52.26,61.78,2250221,130292648.00
2021/10/14,61.85,67.18,60.34,64.85,2252848,147373232.00
2021/10/15,64.79,69.18,64.18,64.26,1951799,131158264.00
2021/10/18,64.67,69.18,63.33,68.14,1416341,95265464.00
2021/10/19,69.28,70.76,65.19,68.08,1712945,116892272.00
2021/10/20,67.31,69.68,64.48,66.67,945153,64009532.00
2021/10/21,66.67,67.86,64.36,66.68,982705,65517232.00
2021/10/22,66.45,66.45,63.25,64.27,752535,49085868.00
2021/10/25,63.18,69.16,63.18,66.06,1045629,70771544.00
2021/10/26,67.83,68.18,62.87,63.03,843611,55076700.00
2021/10/27,62.93,64.83,61.51,61.75,426413,27067490.00
2021/10/28,61.95,62.98,58.03,59.28,571018,34819144.00
2021/10/29,59.91,63.78,59.23,60.24,449656,27531632.00
2021/11/01,59.68,64.18,58.26,61.04,953123,59649756.00
2021/11/02,60.18,62.06,58.36,59.23,780411,47160116.00
2021/11/03,58.88,60.85,56.06,60.76,615634,36392980.00
2021/11/04,60.26,65.84,59.68,64.98,982327,62652424.00
2021/11/05,63.68,69.43,63.39,66.88,1091586,74088424.00
2021/11/08,66.89,69.13,65.30,67.73,913875,62342356.00
2021/11/09,67.73,74.09,66.98,73.68,1279348,93347432.00
2021/11/10,73.68,74.18,70.18,71.11,791355,57434696.00
2021/11/11,70.88,73.46,69.18,71.30,679771,48688272.00
2021/11/12,70.44,77.18,70.44,74.80,1765418,132609280.00
2021/11/15,75.87,77.68,71.81,72.67,1331005,100615656.00
2021/11/16,72.58,75.16,71.29,72.08,678110,50083412.00
2021/11/17,71.68,76.02,71.68,75.76,825692,62227344.00
2021/11/18,75.68,79.07,73.38,75.84,1096113,83060728.00
2021/11/19,76.19,78.06,74.35,76.05,634402,48632084.00
2021/11/22,75.68,81.68,75.33,79.08,972208,77134328.00
2021/11/23,79.08,80.36,77.41,78.30,692163,54843864.00
2021/11/24,78.09,82.27,75.18,76.30,1137362,88974360.00
2021/11/25,76.96,76.96,72.32,74.68,886911,67429304.00
2021/11/26,75.31,78.34,74.67,76.98,581148,45165608.00
2021/11/29,76.97,80.68,75.93,80.30,654920,51907812.00
2021/11/30,80.42,83.17,78.18,80.06,648081,52963140.00
2021/12/01,81.10,81.10,75.68,76.87,667377,52133204.00
2021/12/02,76.76,77.62,73.07,73.83,820265,61607688.00
2021/12/03,74.17,75.23,71.18,71.63,740138,54534488.00
2021/12/06,71.19,72.18,69.71,70.83,560601,40235632.00
2021/12/07,71.34,71.67,67.21,67.43,733673,50973036.00
2021/12/08,67.53,70.18,67.29,69.25,553634,38560416.00
2021/12/09,69.14,69.46,66.24,67.94,872473,59746000.00
2021/12/10,67.78,69.77,66.52,69.13,410409,28393478.00
2021/12/13,68.18,71.17,66.63,69.97,997517,69102120.00
2021/12/14,69.36,69.88,68.46,69.84,348762,24420952.00
2021/12/15,69.84,72.51,68.98,72.14,578075,41924940.00
2021/12/16,71.98,72.63,70.46,71.68,302353,21854740.00
2021/12/17,70.56,71.15,66.38,66.38,729894,49961936.00
2021/12/20,65.96,68.37,63.98,65.72,729330,48924696.00
2021/12/21,65.64,69.95,64.37,69.14,525171,35906432.00
2021/12/22,69.14,70.18,67.51,67.64,170152,11747090.00
2021/12/23,67.48,70.98,67.12,69.38,417100,29270936.00
2021/12/24,68.38,70.38,64.63,66.18,780235,52599012.00
2021/12/27,66.35,68.16,64.68,65.25,252737,16954896.00
2021/12/28,66.17,67.68,64.37,66.92,414035,27574876.00
2021/12/29,66.92,67.20,63.05,66.38,739574,48795336.00
2021/12/30,66.95,68.73,66.18,68.41,423963,29018084.00
2021/12/31,68.46,69.78,67.20,68.85,344349,23968196.00
2022/01/04,66.29,68.70,66.29,67.76,205717,14056130.00
2022/01/05,67.42,67.42,64.78,64.78,187716,12457444.00
2022/01/06,63.97,66.65,62.06,63.88,554099,35810824.00
2022/01/07,63.87,64.15,60.70,61.18,549424,34608848.00
2022/01/10,60.68,62.78,59.71,61.84,197625,12384394.00
2022/01/11,61.97,62.60,60.89,61.98,82009,5112681.00
2022/01/12,61.80,62.53,60.70,62.29,114712,7164771.00
2022/01/13,62.37,62.37,59.68,60.06,255976,15647882.00
2022/01/14,59.22,60.68,58.68,59.01,337630,20294546.00
2022/01/17,59.02,61.47,59.02,60.07,395173,24147912.00
2022/01/18,60.41,62.17,58.76,60.18,429673,26415578.00
2022/01/19,59.75,62.05,57.20,61.02,730652,44082220.00
2022/01/20,60.68,60.77,57.28,57.30,330522,19684874.00
2022/01/21,57.18,57.23,55.78,55.87,133788,7652575.00
2022/01/24,56.18,58.65,56.18,56.99,162180,9406545.00
2022/01/25,58.11,58.43,55.71,56.43,222434,12868684.00
2022/01/26,57.17,58.39,53.26,55.67,199719,11224543.00
2022/01/27,55.08,55.52,53.18,53.37,148028,8115806.00
2022/01/28,55.18,55.18,52.34,52.68,122546,6657641.00
2022/02/07,53.68,54.60,51.23,52.68,129556,6919240.00
2022/02/08,52.68,53.16,48.19,50.18,1152809,58767896.00
2022/02/09,50.18,50.95,48.46,48.99,911686,45558324.00
2022/02/10,49.17,49.18,47.18,48.18,347266,16952040.00
2022/02/11,47.98,48.37,45.66,46.20,531304,25417418.00
2022/02/14,46.01,47.06,44.39,45.81,451529,20970546.00
2022/02/15,45.29,48.05,44.83,47.97,375300,17792116.00
2022/02/16,48.02,48.04,46.23,46.54,289678,13825580.00
2022/02/17,46.04,48.53,45.83,47.43,221924,10698173.00
2022/02/18,47.43,47.43,46.22,46.50,190912,9050625.00
2022/02/21,45.76,47.34,45.72,45.97,226634,10663777.00
2022/02/22,45.70,45.89,44.28,45.17,240924,11060977.00
2022/02/23,45.17,52.51,45.15,52.01,1149949,58441456.00
2022/02/24,52.18,52.18,47.84,51.15,963644,49028404.00
2022/02/25,50.18,51.15,49.18,49.36,390097,19853656.00
2022/02/28,49.88,50.24,48.07,48.18,570414,28226560.00
2022/03/01,48.78,50.35,48.08,49.17,234611,11704198.00
2022/03/02,48.88,49.50,48.06,49.03,218027,10771505.00
2022/03/03,49.03,49.03,45.50,46.09,795125,37685868.00
2022/03/04,45.53,46.56,45.14,45.68,449640,20892288.00
2022/03/07,45.54,45.55,42.41,43.96,567116,25372864.00
2022/03/08,43.76,44.83,41.66,41.88,669585,28978246.00
2022/03/09,43.51,44.03,39.20,40.72,527863,21872684.00
2022/03/10,41.14,42.58,39.79,39.94,982276,40891912.00
2022/03/11,39.88,40.31,37.88,40.18,804001,31988334.00
2022/03/14,39.48,40.66,38.51,39.08,370054,14815019.00
2022/03/15,39.28,39.28,36.64,38.03,494419,18951846.00
2022/03/16,38.19,38.38,35.68,37.61,609812,23153416.00
2022/03/17,37.68,40.40,37.68,39.55,631933,25490088.00
2022/03/18,40.28,40.28,37.71,38.10,1112393,44187836.00
2022/03/21,37.78,39.49,37.69,39.20,644663,25571388.00
2022/03/22,39.30,43.30,38.68,43.06,1389701,59147676.00
2022/03/23,42.91,45.04,42.25,43.78,853844,38261876.00
2022/03/24,41.45,44.38,41.29,42.94,488968,21181100.00
2022/03/25,42.94,44.57,42.51,43.99,528282,23389428.00
2022/03/28,43.99,44.20,40.81,40.91,720329,30758994.00
2022/03/29,41.29,41.68,39.78,40.45,281745,11615193.00
2022/03/30,41.04,41.05,39.86,40.49,197488,8153400.00
2022/03/31,40.50,40.74,39.22,40.09,263910,10784279.00
2022/04/01,40.08,40.86,38.77,40.59,264305,10731832.00
2022/04/06,40.59,40.86,38.28,39.02,463685,18448694.00
2022/04/07,38.38,38.49,36.86,38.05,417319,16009209.00
2022/04/08,37.57,37.88,36.48,37.25,269802,10199514.00
2022/04/11,36.28,37.17,35.18,35.18,317594,11587078.00
2022/04/12,35.48,36.18,34.58,36.13,220400,7965535.00
2022/04/13,35.54,35.86,33.88,34.48,518225,18278672.00
2022/04/14,34.53,35.08,33.43,33.54,184249,6408575.00
2022/04/15,33.48,33.48,31.35,31.68,317172,10428961.00
2022/04/18,31.90,33.86,30.95,33.78,340062,11408920.00
2022/04/19,34.17,34.58,32.18,33.12,342084,11494108.00
2022/04/20,32.68,32.68,31.18,32.12,490563,16039246.00
2022/04/21,32.18,32.65,30.25,31.07,555831,17780372.00
2022/04/22,31.07,31.30,30.08,30.18,363191,11359086.00
2022/04/25,29.84,30.08,26.54,27.36,539027,15773878.00
2022/04/26,27.36,28.95,25.46,25.93,389207,10651085.00
2022/04/27,25.53,28.72,24.87,28.08,704787,19794816.00
2022/04/28,28.98,30.39,27.35,28.89,939488,28145506.00
2022/04/29,29.97,29.97,28.31,29.36,430257,12865405.00
2022/05/05,29.18,30.19,28.48,30.05,408824,12452145.00
2022/05/06,29.18,30.59,28.28,29.96,288441,8874493.00
2022/05/09,29.48,30.41,28.86,29.38,325926,9900348.00
2022/05/10,28.47,31.94,27.41,30.95,768947,24386788.00
2022/05/11,32.18,32.46,30.39,31.17,500140,16146749.00
2022/05/12,31.09,31.54,30.72,31.28,213157,6813936.00
2022/05/13,31.28,32.21,30.76,31.67,293192,9443015.00
2022/05/16,32.06,33.65,31.53,32.32,441632,14733770.00
2022/05/17,32.28,33.12,31.78,32.93,457423,15297443.00
2022/05/18,33.18,34.58,33.18,34.14,487316,16934068.00
2022/05/19,33.97,37.68,33.20,37.43,1254444,45893664.00
2022/05/20,37.62,38.18,35.35,37.79,1081613,40895088.00
2022/05/23,37.66,39.67,36.87,39.12,1446083,56887468.00
2022/05/24,38.71,38.91,36.63,37.68,1639819,63439064.00
2022/05/25,37.30,38.26,36.78,37.93,565763,21703054.00
2022/05/26,38.38,39.77,37.30,39.18,954503,37899360.00
2022/05/27,40.68,41.83,39.19,41.06,1480987,61571128.00
2022/05/30,40.88,44.98,40.01,44.93,2013405,89500632.00
2022/05/31,44.55,45.37,43.50,45.04,1154636,52147980.00
2022/06/01,44.31,46.08,43.18,44.29,981944,44337244.00
2022/06/02,44.06,48.05,42.18,46.71,1188996,54182984.00
2022/06/06,46.29,51.93,45.19,51.53,2679016,134583440.00
2022/06/07,52.18,52.18,46.64,48.27,1918289,95166464.00
2022/06/08,49.18,49.40,46.34,48.36,789843,38313952.00
2022/06/09,48.16,50.84,46.84,49.58,947291,47076712.00
2022/06/10,47.40,51.06,47.40,49.70,699400,35257008.00
2022/06/13,48.51,50.18,47.40,48.96,749852,36992952.00
2022/06/14,47.46,48.67,45.68,46.95,777603,36860040.00
2022/06/15,45.18,47.93,45.18,45.79,421505,19778682.00
2022/06/16,44.90,47.53,44.90,46.48,299940,14235271.00
2022/06/17,46.12,50.66,46.08,50.40,683984,33972752.00
2022/06/20,50.26,51.49,47.64,48.68,662975,33272484.00
2022/06/21,48.19,48.46,46.18,46.54,442261,21262446.00
2022/06/22,46.07,47.49,45.03,45.38,609394,28504918.00
2022/06/23,44.18,47.33,44.18,47.11,499806,23404652.00
2022/06/24,47.19,49.05,46.83,48.63,597200,29322988.00
2022/06/27,48.50,48.91,45.83,46.43,677590,31929916.00
2022/06/28,45.50,53.19,45.50,53.19,1640932,83042144.00
2022/06/29,52.50,53.01,48.10,48.17,1269376,64237716.00
2022/06/30,47.50,50.94,47.09,50.62,850048,42294784.00
2022/07/01,51.10,51.13,47.70,47.95,658528,32242360.00
2022/07/04,48.07,52.85,47.50,52.28,901518,46621312.00
2022/07/05,53.00,53.80,49.45,49.50,823606,42301476.00
2022/07/06,50.50,51.00,47.44,49.70,533400,26336128.00
2022/07/07,49.51,52.38,48.09,50.46,528422,27054228.00
2022/07/08,50.70,53.00,49.10,49.10,500702,25699282.00
2022/07/11,49.08,51.17,47.71,51.17,471783,23743214.00
2022/07/12,50.50,51.69,47.09,49.61,851981,42280476.00
2022/07/13,49.11,51.16,47.53,49.50,574965,28686908.00
2022/07/14,48.59,52.28,48.59,49.70,695975,35651980.00
2022/07/15,48.30,51.68,48.30,51.10,775436,39261544.00
2022/07/18,51.00,61.42,51.00,61.42,2336691,136215584.00
2022/07/19,61.50,64.09,59.50,60.80,1613206,100242752.00
2022/07/20,62.63,62.63,58.50,59.90,692871,41692272.00
2022/07/21,59.61,60.76,56.82,56.96,859178,50641964.00
2022/07/22,56.78,61.49,55.08,61.28,1201260,70802896.00
2022/07/25,59.50,62.88,59.00,59.90,757104,46413648.00
2022/07/26,59.50,61.98,58.00,59.10,722692,43385312.00
2022/07/27,59.37,60.97,58.03,59.95,571570,34213292.00
2022/07/28,59.26,62.20,58.08,58.11,540643,32431904.00
2022/07/29,58.43,58.65,56.10,56.80,972952,55984892.00
2022/08/01,57.30,58.22,55.31,58.09,465937,26848722.00
2022/08/02,56.39,60.04,55.63,59.58,864101,50840832.00
2022/08/03,59.50,62.68,57.48,60.30,865087,53285412.00
2022/08/04,61.60,61.89,57.06,59.59,664974,39509528.00
2022/08/05,58.50,60.71,57.50,59.20,627255,37187764.00
2022/08/08,59.68,60.27,57.71,60.05,612613,36242552.00
2022/08/09,60.04,64.47,59.51,62.36,745319,46498560.00
2022/08/10,61.30,63.30,60.60,63.30,547660,34330972.00
2022/08/11,62.58,67.50,61.76,66.38,709582,46514064.00
2022/08/12,66.50,67.50,59.69,60.49,1071704,68340616.00
2022/08/15,59.50,60.97,58.03,59.34,772301,46108708.00
2022/08/16,59.34,60.48,58.10,58.85,641283,38360424.00
2022/08/17,58.00,59.48,57.50,58.20,298603,17564526.00
2022/08/18,57.93,61.50,57.75,59.43,534938,32486112.00
2022/08/19,59.43,61.26,58.50,58.79,478864,28990908.00
2022/08/22,58.72,59.40,57.13,58.50,301342,17634716.00
2022/08/23,57.10,60.41,55.02,57.12,898677,51848564.00
2022/08/24,56.16,58.16,54.50,54.90,419714,23705810.00
2022/08/25,54.90,54.91,50.40,51.01,1217666,63178312.00
2022/08/26,52.00,54.30,51.50,53.30,1202861,64425264.00
2022/08/29,52.92,58.50,51.78,56.29,814148,46002592.00
2022/08/30,58.25,58.25,54.75,55.21,604949,34222960.00
2022/08/31,55.21,55.29,51.60,52.37,477803,25395140.00
2022/09/01,52.20,53.35,51.50,51.50,398173,20991672.00
2022/09/02,51.05,52.50,49.52,49.65,560581,28670622.00
2022/09/05,49.65,51.01,48.61,50.11,571022,28545888.00
2022/09/06,50.49,51.05,49.16,49.70,537126,27085764.00
2022/09/07,50.47,52.69,49.45,52.20,737608,38240260.00
2022/09/08,52.20,55.19,51.83,53.23,949182,51449520.00
2022/09/09,53.50,54.85,49.00,49.68,598982,30865696.00
2022/09/13,45.30,55.00,45.06,54.70,3199269,167003088.00
2022/09/14,53.90,60.50,52.04,58.89,1997172,113618360.00
2022/09/15,59.22,60.56,54.91,57.63,2294597,135181232.00
2022/09/16,58.15,60.98,58.15,59.57,1379445,83846056.00
2022/09/19,60.25,63.30,58.50,59.55,1552794,95214368.00
2022/09/20,59.61,61.86,56.51,61.08,1402988,84146104.00
2022/09/21,61.20,61.86,57.53,60.50,943091,57133832.00
2022/09/22,61.23,61.39,58.87,59.92,532341,32363628.00
2022/09/23,60.49,60.60,58.70,59.43,527523,31680904.00
2022/09/26,58.50,59.76,57.55,58.80,826856,49220812.00
2022/09/27,58.90,59.50,57.71,58.79,513008,30381300.00
2022/09/28,58.50,58.98,55.97,56.58,722138,41669908.00
2022/09/29,56.85,58.39,55.31,57.40,441611,25481216.00
2022/09/30,57.44,57.80,54.91,56.06,374760,21238168.00
2022/10/10,56.06,56.06,52.50,53.10,719624,38984528.00
2022/10/11,53.49,56.41,51.67,54.98,1131400,62519472.00
2022/10/12,55.71,57.98,54.15,57.98,1517345,85581072.00
2022/10/13,57.98,63.00,57.98,59.49,2425364,149652848.00
2022/10/14,61.19,63.50,59.80,62.86,2761164,173351024.00
2022/10/17,63.50,65.73,62.03,64.69,1307600,84798136.00
2022/10/18,65.16,66.48,64.05,64.58,825318,54372932.00
2022/10/19,64.10,65.50,62.00,62.60,883141,56542856.00
2022/10/20,62.97,64.94,60.13,63.69,1169088,73704888.00
2022/10/21,63.78,65.79,61.81,65.57,899970,57961940.00
2022/10/24,66.08,68.41,64.54,66.24,1831128,122916504.00
2022/10/25,67.39,68.30,63.02,63.05,1086695,70346528.00
2022/10/26,64.32,65.55,61.24,65.50,1517143,98003768.00
2022/10/27,65.03,65.03,62.00,62.50,1562595,99944760.00
2022/10/28,62.79,65.02,61.15,61.50,858030,54675916.00
2022/10/31,61.76,62.84,59.71,62.10,1177926,72776392.00
2022/11/01,61.60,63.05,59.50,60.26,1055745,64781960.00
2022/11/02,60.14,63.98,58.83,63.00,1597648,99919760.00
2022/11/03,63.00,65.50,62.41,64.10,1116257,72500384.00
2022/11/04,64.73,73.50,62.42,71.45,4860239,337817024.00
2022/11/07,72.80,78.00,72.80,76.62,2724238,207724896.00
2022/11/08,76.62,76.62,70.01,74.95,1965426,146732176.00
2022/11/09,75.43,77.19,74.50,75.95,998900,76269184.00
2022/11/10,75.68,78.00,74.50,76.80,1085112,83323968.00
2022/11/11,78.50,79.47,74.00,76.60,1771333,136445504.00
2022/11/14,74.83,78.79,73.79,75.90,1117888,86260136.00
2022/11/15,76.50,77.27,73.81,75.42,1271527,96680560.00
2022/11/16,75.10,76.50,73.00,74.70,926010,69365784.00
2022/11/17,74.19,75.61,72.30,74.36,711907,52830844.00
2022/11/18,73.66,75.94,72.40,72.51,595043,44355584.00
2022/11/21,72.18,74.08,71.50,72.05,640926,46594944.00
2022/11/22,72.07,72.98,70.50,71.05,903728,64957224.00
2022/11/23,70.66,72.55,68.78,71.30,819084,58172464.00
2022/11/24,71.30,73.35,69.25,71.38,1067416,76815808.00
2022/11/25,71.18,71.18,67.08,67.61,1382548,95410056.00
2022/11/28,67.30,69.57,66.77,67.30,849282,58250080.00
2022/11/29,67.58,67.87,65.90,66.24,706993,47456384.00
2022/11/30,67.05,67.05,64.82,65.51,798709,53208660.00
2022/12/01,65.30,68.32,64.70,65.53,934956,62401192.00
2022/12/02,65.54,71.00,65.38,71.00,1779562,123402264.00
2022/12/05,71.38,71.38,68.08,68.32,739056,51189664.00
2022/12/06,67.36,74.50,67.00,73.52,1333823,96189464.00
2022/12/07,73.84,74.34,71.66,72.48,543023,39631660.00
2022/12/08,70.85,74.29,70.85,71.51,659075,47943636.00
2022/12/09,71.06,73.48,69.67,69.67,579072,41713864.00
2022/12/12,69.68,72.00,68.00,70.17,512358,36340860.00
2022/12/13,70.17,70.17,67.14,67.43,403242,27639980.00
2022/12/14,67.43,69.48,67.43,68.36,284255,19711928.00
2022/12/15,68.88,70.01,67.80,68.38,300234,20801974.00
2022/12/16,67.80,68.05,66.02,66.33,339859,22890756.00
2022/12/19,66.00,66.02,63.90,64.18,373937,24456996.00
2022/12/20,64.00,64.39,61.90,63.26,753023,47898608.00
2022/12/21,63.26,64.20,61.53,62.15,344088,21749868.00
2022/12/22,61.00,62.28,59.70,60.46,529228,32505304.00
2022/12/23,60.40,61.50,59.00,59.60,477544,28827804.00
2022/12/26,60.43,64.80,59.82,63.90,474785,30164886.00
2022/12/27,63.90,65.67,62.95,63.88,389617,25029396.00
2022/12/28,63.70,63.70,61.45,63.00,288635,18090206.00
2022/12/29,62.62,63.20,60.81,62.15,584547,36589804.00
2022/12/30,63.20,65.50,61.29,63.84,482389,30880424.00
2023/01/03,63.86,67.25,62.50,64.87,809890,53101780.00
2023/01/04,65.29,65.29,62.21,62.90,396959,25248080.00
2023/01/05,62.92,64.10,62.00,62.78,617458,39147216.00
2023/01/06,62.78,67.13,62.51,63.32,784829,51010424.00
2023/01/09,64.48,65.97,62.82,64.45,512800,33358484.00
2023/01/10,64.44,65.80,63.20,64.72,268772,17536794.00
2023/01/11,65.09,65.09,63.16,63.57,388499,24963912.00
2023/01/12,64.41,64.41,62.20,62.65,411616,26092410.00
2023/01/13,63.00,63.00,57.50,58.30,1392678,83300456.00
2023/01/16,57.85,60.95,57.85,59.20,1191105,71278640.00
2023/01/17,60.50,60.50,58.79,59.11,389704,23337000.00
2023/01/18,59.50,61.27,58.21,61.06,628306,37891840.00
2023/01/19,61.06,61.29,58.27,59.46,1219908,72789848.00
2023/01/20,59.68,60.32,58.50,59.46,567920,33845984.00
2023/01/30,60.80,61.70,58.85,59.49,1425425,86489168.00
2023/01/31,59.50,61.65,59.33,60.93,836604,51325748.00
2023/02/01,61.07,63.02,60.80,61.60,965166,59886704.00
2023/02/02,61.76,64.39,61.50,63.59,978650,62394460.00
2023/02/03,62.51,64.50,61.73,62.40,591048,37319856.00
2023/02/06,62.42,64.23,61.64,62.46,1065847,67310864.00
2023/02/07,62.88,69.50,62.30,68.70,2197583,145954560.00
2023/02/08,67.67,69.34,66.22,67.36,922759,62439956.00
2023/02/09,68.50,68.50,65.14,66.08,801937,53255572.00
2023/02/10,65.49,66.28,63.49,63.74,749571,48639224.00
2023/02/13,64.20,67.05,64.20,66.50,1342725,89348208.00
2023/02/14,66.80,66.80,63.91,64.58,648954,42356308.00
2023/02/15,63.33,66.06,63.08,65.26,1010403,66158940.00
2023/02/16,66.06,66.06,63.49,64.02,587874,38395632.00
2023/02/17,64.05,64.89,63.20,63.80,385921,24854786.00
2023/02/20,63.85,63.86,61.50,61.86,592216,37131192.00
2023/02/21,61.83,63.15,61.06,61.54,486837,30324132.00
2023/02/22,61.20,62.49,61.11,62.09,415271,25829118.00
2023/02/23,61.75,62.70,60.80,62.55,658695,40910728.00
2023/02/24,62.53,63.35,60.58,60.74,541703,33583940.00
2023/02/27,60.88,61.71,59.14,60.00,563408,34268928.00
2023/02/28,60.18,60.90,58.12,59.04,823711,49063516.00
2023/03/01,58.41,59.40,56.91,57.35,1715100,99354000.00
2023/03/02,57.50,58.35,54.50,56.35,1493303,84486688.00
2023/03/03,56.50,60.27,56.02,59.38,1382565,82116576.00
2023/03/06,58.50,61.83,58.32,59.92,1159483,70385792.00
2023/03/07,59.70,60.04,56.95,57.00,1115085,64998032.00
2023/03/08,56.65,60.50,56.65,60.48,1459571,87404288.00
2023/03/09,60.48,64.10,59.43,63.30,2485132,156587120.00
2023/03/10,62.22,63.40,61.27,62.49,997993,62876564.00
2023/03/13,61.50,62.90,59.73,59.89,1579341,96836688.00
2023/03/14,59.79,63.28,59.36,62.79,1333657,82350864.00
2023/03/15,63.50,67.40,62.48,65.00,2163226,143195968.00
2023/03/16,63.00,65.39,61.80,62.30,1316893,83639728.00
2023/03/17,62.65,65.35,61.68,63.65,1056898,67342160.00
2023/03/20,62.38,62.38,60.11,60.35,1426156,87755576.00
2023/03/21,59.90,61.17,59.31,60.89,650115,39596676.00
2023/03/22,60.90,62.36,60.79,61.72,578112,35865444.00
2023/03/23,61.18,61.40,58.60,59.00,880305,52862116.00
2023/03/24,58.71,61.15,57.52,59.45,875262,52600584.00
2023/03/27,59.35,61.35,58.01,61.05,889756,53692020.00
2023/03/28,60.90,61.89,59.50,61.76,889188,54856808.00
2023/03/29,61.68,62.22,60.30,60.50,436296,26922752.00
2023/03/30,60.50,61.05,59.72,61.05,584044,35506888.00
2023/03/31,60.77,61.44,59.18,59.95,921361,55873736.00
2023/04/03,59.60,60.03,56.91,57.30,1875891,109807472.00
2023/04/04,57.84,58.19,55.20,55.68,1525487,86369632.00
2023/04/06,55.20,60.10,53.81,59.59,2494350,142818720.00
2023/04/07,60.76,67.70,60.50,67.48,3976902,260596752.00
2023/04/10,67.71,72.70,67.03,69.70,3638157,256186320.00
2023/04/11,69.41,74.00,69.30,70.71,2297193,165295088.00
2023/04/12,69.99,72.39,68.00,68.50,3343385,235755616.00
2023/04/13,67.72,69.20,65.16,66.23,2445720,165055120.00
2023/04/14,66.32,73.00,66.23,71.50,3778738,266224640.00
2023/04/17,71.21,74.90,66.97,68.51,3892023,275411584.00
2023/04/18,69.47,69.47,65.50,66.50,2595337,173830784.00
2023/04/19,66.50,68.09,65.40,66.56,2291678,154087424.00
2023/04/20,66.70,68.10,65.49,67.30,2496266,168222736.00
2023/04/21,66.80,69.30,65.50,67.26,2571407,175026608.00
2023/04/24,67.99,72.83,65.50,66.81,3606945,250289792.00
2023/04/25,66.70,66.70,63.16,63.50,2538629,164681728.00
2023/04/26,64.65,65.45,61.68,62.00,1245251,79105096.00
2023/04/27,61.99,64.59,60.78,61.79,1868887,117911752.00
2023/04/28,62.00,66.00,61.50,63.92,2330624,149940224.00
2023/05/04,63.77,63.97,59.50,59.68,2004246,123290144.00
2023/05/05,59.50,59.60,57.10,58.50,1632087,95712080.00
2023/05/08,58.80,59.66,56.25,56.49,1268131,72837784.00
2023/05/09,56.40,56.47,53.44,54.10,2220479,122253720.00
2023/05/10,54.08,55.61,52.00,52.81,2217303,119361008.00
2023/05/11,52.90,55.81,52.74,54.17,1881433,103364952.00
2023/05/12,54.72,56.44,53.91,54.21,1461611,80554848.00
2023/05/15,54.21,55.72,53.01,55.23,849206,46781008.00
2023/05/16,54.50,56.00,53.82,54.50,2222226,122886072.00
2023/05/17,54.50,58.69,54.30,57.05,2129151,122481888.00
2023/05/18,56.28,60.07,55.87,57.73,2154685,125290840.00
2023/05/19,59.08,60.22,57.72,59.34,1811762,107703112.00
2023/05/22,60.77,62.75,58.77,60.01,1872843,113081880.00
2023/05/23,59.97,63.71,58.98,61.37,2043535,127535424.00
2023/05/24,61.37,65.06,60.27,63.16,2704559,172456192.00
2023/05/25,62.77,63.16,60.26,61.57,2206581,136626832.00
2023/05/26,60.97,62.36,60.77,61.39,974887,60350520.00
2023/05/29,61.16,62.32,60.35,60.97,1836782,112920488.00
2023/05/30,60.92,61.38,59.57,60.27,1099675,66483044.00
2023/05/31,60.72,60.72,58.88,59.90,1147670,68767056.00
2023/06/01,60.37,62.26,56.99,59.31,2287326,135422400.00
2023/06/02,59.36,60.54,57.34,58.48,1272294,74705696.00
2023/06/05,58.56,63.58,58.44,62.71,2340160,144531088.00
2023/06/06,62.58,62.73,59.98,60.28,1166063,71477112.00
2023/06/07,59.77,64.10,59.16,64.07,2608718,164341024.00
2023/06/08,65.77,67.76,64.30,67.32,3768458,252073184.00
2023/06/09,66.58,66.58,63.93,64.04,2197944,142909584.00
2023/06/12,63.08,64.61,61.97,63.00,1401699,89035944.00
2023/06/13,62.76,64.26,61.00,62.77,1624247,101604696.00
2023/06/14,62.77,63.75,60.77,61.28,1563627,96871184.00
2023/06/15,61.04,63.47,60.79,61.50,1394111,86717048.00
2023/06/16,61.12,64.37,60.84,62.51,1364019,86151824.00
2023/06/19,62.17,62.37,60.27,61.48,1574820,96930512.00
2023/06/20,61.73,63.43,60.80,61.87,1390813,86442696.00
2023/06/21,61.37,63.47,60.98,62.21,1388117,86815392.00
2023/06/26,62.17,62.17,59.05,59.48,1233100,74993456.00
2023/06/27,59.37,61.86,59.37,61.77,1085176,66617880.00
2023/06/28,61.37,61.97,59.55,61.22,1296126,79047848.00
2023/06/29,60.57,61.77,58.79,59.27,1228011,73994568.00
2023/06/30,59.30,60.17,58.65,59.68,1000852,59663960.00
2023/07/03,60.46,61.13,59.05,59.52,852290,51480836.00
2023/07/04,59.47,60.77,58.79,59.06,913561,54645508.00
2023/07/05,59.06,59.16,56.77,57.81,2073918,119842056.00
2023/07/06,56.94,58.33,55.48,56.87,1393630,79259936.00
2023/07/07,57.04,63.76,55.78,61.88,3564299,217890896.00
2023/07/10,61.88,64.41,61.03,61.89,2736284,172354688.00
2023/07/11,61.89,67.44,61.27,67.13,3587334,234406912.00
2023/07/12,67.72,67.72,65.36,66.07,2306486,154605728.00
2023/07/13,66.54,68.27,65.17,68.08,1853933,125178056.00
2023/07/14,68.58,70.97,66.77,69.15,2121404,147727760.00
2023/07/17,68.54,69.24,66.57,66.85,1490874,100744880.00
2023/07/18,67.37,67.74,65.33,65.97,1346476,89524968.00
2023/07/19,66.03,66.87,63.25,64.03,1975956,127579944.00
2023/07/20,64.25,64.26,61.64,61.80,1165517,73259160.00
2023/07/21,61.87,62.42,60.34,61.02,1481641,91198384.00
2023/07/24,61.02,62.25,59.84,60.98,1137723,69971704.00
2023/07/25,61.33,63.65,60.32,62.67,1705113,105503016.00
2023/07/26,62.07,62.93,60.77,61.97,827936,51539360.00
2023/07/27,61.77,62.59,60.38,60.50,883973,54057636.00
2023/07/28,60.47,60.97,59.57,60.43,738359,44706744.00
2023/07/31,60.89,65.56,60.27,65.46,2464461,157825632.00
2023/08/01,65.21,66.54,63.98,66.27,1316624,86507024.00
2023/08/02,66.75,66.75,64.05,65.16,1054040,68745736.00
2023/08/03,64.28,65.57,64.07,65.19,496545,32446122.00
2023/08/04,65.63,65.76,63.87,64.34,665019,43055644.00
2023/08/07,64.47,65.24,62.57,63.05,598507,37972540.00
2023/08/08,63.39,63.39,61.96,62.32,406541,25496652.00
2023/08/09,62.60,63.21,61.95,62.61,346866,21749772.00
2023/08/10,62.26,63.76,62.05,63.13,519091,32801184.00
2023/08/11,62.45,63.48,62.43,62.47,557248,35220488.00
2023/08/14,62.27,62.43,59.86,61.56,762954,46749880.00
2023/08/15,62.57,62.57,60.11,60.94,456357,27927076.00
2023/08/16,60.67,61.21,59.04,59.09,586942,35238480.00
2023/08/17,59.13,61.71,58.46,59.59,883516,52891272.00
2023/08/18,60.77,62.53,59.57,59.60,990361,60708272.00
2023/08/21,59.67,60.49,57.68,57.75,935677,54972852.00
2023/08/22,58.14,58.76,56.09,57.77,946591,54663048.00
2023/08/23,57.35,57.42,55.47,55.68,536027,30342048.00
2023/08/24,55.68,56.47,53.78,55.60,1284478,70911528.00
2023/08/25,55.66,56.28,53.85,54.19,993799,54751456.00
2023/08/28,59.36,59.52,52.53,52.88,1218976,67146792.00
2023/08/29,52.94,58.57,52.63,57.56,1432650,81821432.00
2023/08/30,57.56,59.51,57.56,58.68,1051367,62012100.00
2023/08/31,58.03,58.56,57.09,57.76,577218,33449056.00
2023/09/01,57.77,58.77,56.37,57.04,469835,26900118.00
2023/09/04,57.04,57.75,54.48,55.74,859754,48132948.00
2023/09/05,56.35,57.87,56.10,56.69,942189,53712592.00
2023/09/06,56.08,60.62,55.80,59.92,1808155,106716576.00
2023/09/07,60.82,60.82,57.87,58.57,1163151,68542888.00
2023/09/08,58.76,61.68,56.77,60.04,1458693,87999936.00
2023/09/11,61.17,61.17,59.03,60.25,980354,59098140.00
2023/09/12,60.27,60.59,58.57,59.37,581197,34749308.00
2023/09/13,59.41,60.63,58.57,60.23,600040,35854040.00
2023/09/14,60.75,60.75,58.27,58.42,540635,31847902.00
2023/09/15,58.57,64.77,57.29,61.57,2208601,135139776.00
2023/09/18,60.18,60.51,57.37,57.41,2217572,130368368.00
2023/09/19,57.44,57.44,54.97,56.18,1559236,87367872.00
2023/09/20,56.17,56.18,53.58,53.79,1295441,71129520.00
2023/09/21,53.79,53.79,52.11,53.08,995822,52851552.00
2023/09/22,53.50,54.76,52.40,53.77,766922,41275384.00
2023/09/25,53.47,54.37,52.77,53.10,565940,30404236.00
2023/09/26,52.99,53.52,51.67,51.95,910034,47806600.00
2023/09/27,51.89,53.27,51.70,51.94,892080,46922024.00
2023/09/28,51.77,53.67,51.77,52.95,594242,31508892.00
2023/10/09,52.08,53.16,51.15,51.53,1026322,53444796.00
2023/10/10,52.46,52.46,49.77,49.77,989413,50385460.00
2023/10/11,50.17,51.04,49.35,50.55,1675819,84461272.00
2023/10/12,51.15,51.50,49.94,50.30,1051825,53307580.00
2023/10/13,50.27,50.37,48.79,48.95,1106208,54847544.00
2023/10/16,49.24,49.24,47.88,48.42,675046,32769856.00
2023/10/17,48.62,48.65,46.93,47.22,695217,33095132.00
2023/10/18,47.22,47.59,45.79,46.84,559370,26143780.00
2023/10/19,46.74,47.88,46.24,46.38,606496,28552504.00
2023/10/20,46.33,47.07,45.58,46.46,561526,26078640.00
2023/10/23,46.19,46.19,44.32,44.55,580772,26112224.00
2023/10/24,44.55,46.38,44.14,45.73,864503,39204828.00
2023/10/25,45.70,46.47,44.66,46.07,1171736,53623572.00
2023/10/26,45.95,47.24,45.11,47.01,1043796,48596752.00
2023/10/27,48.40,51.57,46.53,50.57,1847721,92338048.00
2023/10/30,51.27,52.23,49.79,51.60,1514440,78058864.00
2023/10/31,51.60,52.28,49.97,52.27,1047908,53753688.00
2023/11/01,52.07,53.77,50.95,53.38,902823,47775292.00
2023/11/02,52.65,53.24,51.78,52.16,947795,49939760.00
2023/11/03,52.26,52.77,51.09,52.17,1199468,62282000.00
2023/11/06,52.60,53.13,51.08,52.18,1221460,64057884.00
2023/11/07,52.29,53.27,51.28,52.84,988313,52244764.00
2023/11/08,52.92,55.21,51.86,53.76,1459716,79072288.00
2023/11/09,53.87,54.37,53.15,53.96,510342,27595022.00
2023/11/10,53.97,54.96,53.38,54.50,453075,24693282.00
2023/11/13,55.02,55.21,53.87,54.82,469405,25691632.00
2023/11/14,54.77,57.35,54.29,56.24,1125008,63810376.00
2023/11/15,56.77,56.77,54.27,54.53,901375,49823456.00
2023/11/16,55.08,57.04,54.27,54.69,778862,43441056.00
2023/11/17,54.69,56.46,54.22,55.52,893906,49560336.00
2023/11/20,55.27,55.27,53.76,54.61,1152491,62938868.00
2023/11/21,54.80,55.12,52.77,54.88,1135948,61915460.00
2023/11/22,54.67,54.77,52.77,53.22,927731,49844624.00
2023/11/23,53.36,53.92,52.27,53.62,594803,31757824.00
2023/11/24,53.44,54.17,52.37,52.78,1209705,64741356.00
2023/11/27,52.73,53.72,51.74,52.94,1276792,67285048.00
2023/11/28,52.84,53.97,52.44,53.46,600486,32168388.00
2023/11/29,53.43,54.19,52.66,53.02,718519,38430624.00
2023/11/30,53.02,53.51,51.92,52.50,470772,24768252.00
2023/12/01,52.33,52.70,51.62,52.21,473105,24673592.00
2023/12/04,52.17,52.75,51.51,51.62,1330033,69318808.00
2023/12/05,51.73,51.73,50.57,50.66,501455,25718464.00
2023/12/06,50.66,51.77,50.50,51.20,377939,19400552.00
2023/12/07,51.07,51.71,50.40,51.40,572724,29389324.00
2023/12/08,51.27,52.15,50.31,50.51,1883287,96156584.00
2023/12/11,50.77,51.65,49.97,51.57,934713,47563100.00
2023/12/12,51.57,52.07,50.74,51.57,870335,44968360.00
2023/12/13,51.57,51.57,50.49,50.57,364083,18584120.00
2023/12/14,50.82,50.86,49.96,50.08,338245,17131412.00
2023/12/15,49.99,50.74,49.23,49.55,775830,38751064.00
2023/12/18,49.43,49.55,48.12,48.26,1128854,55272376.00
2023/12/19,49.02,49.25,48.00,48.77,575653,28110260.00
2023/12/20,48.37,48.97,48.03,48.23,641202,31169160.00
2023/12/21,48.10,48.47,46.86,47.27,820943,39300904.00
2023/12/22,47.17,48.57,46.70,47.55,694715,33262460.00
2023/12/25,48.27,48.86,46.62,47.03,603582,28774978.00
2023/12/26,47.08,47.32,45.78,45.94,415993,19359680.00
2023/12/27,45.99,46.66,45.39,46.00,716526,33240494.00
2023/12/28,45.97,48.52,45.58,48.17,692845,33279428.00
2023/12/29,48.22,49.56,47.42,49.15,1157631,56951612.00
2024/01/02,49.10,49.14,47.07,47.74,849244,40814528.00
2024/01/03,47.76,47.93,46.27,46.44,641694,30339836.00
2024/01/04,46.61,47.17,44.77,45.10,871164,39763156.00
2024/01/05,45.09,45.73,44.36,44.46,743787,33612536.00
2024/01/08,44.42,44.72,42.84,42.85,728216,31875656.00
2024/01/09,42.95,43.93,42.64,43.10,446142,19370250.00
2024/01/10,43.51,44.03,42.27,42.44,625010,27107256.00
2024/01/11,42.58,44.16,42.32,44.01,766340,33446268.00
2024/01/12,43.87,44.68,43.38,43.39,475341,20960540.00
2024/01/15,43.15,43.68,42.37,43.02,468845,20340924.00
2024/01/16,42.88,43.15,41.45,42.77,1080385,45803896.00
2024/01/17,42.78,42.78,40.18,40.18,950479,39207732.00
2024/01/18,40.18,40.40,38.96,39.88,1652256,65602220.00
2024/01/19,39.88,40.56,39.27,39.78,851196,34193160.00
2024/01/22,39.65,39.65,36.95,37.06,976459,37550404.00
2024/01/23,37.12,38.30,35.78,37.87,1380556,51648584.00
2024/01/24,38.07,38.57,36.02,36.72,1247092,46402284.00
2024/01/25,36.78,37.72,36.15,36.87,1107596,41181360.00
2024/01/26,36.87,37.35,34.77,35.51,1258157,45740844.00
2024/01/29,35.51,35.87,34.34,34.34,992531,34945748.00
2024/01/30,34.27,35.00,33.16,33.41,1162389,40067960.00
2024/01/31,34.60,34.77,31.59,31.77,1117450,36775008.00
2024/02/01,31.87,31.94,30.47,31.16,1150593,36242092.00
2024/02/02,31.86,31.86,28.17,29.18,1441270,43284224.00
2024/02/05,28.77,29.26,25.76,27.27,2482777,67756488.00
2024/02/06,27.34,28.56,25.10,28.27,1733445,46854624.00
2024/02/07,28.92,29.76,26.08,28.04,1691833,47915816.00
2024/02/08,27.75,33.69,27.43,32.77,3101160,97657936.00
2024/02/19,33.27,36.48,32.20,33.96,1996160,68211056.00
2024/02/20,33.96,34.04,32.66,32.95,771888,25585380.00
2024/02/21,32.88,34.99,32.01,33.94,1198223,40565660.00
2024/02/22,33.60,34.36,33.42,34.02,1186906,40494032.00
2024/02/23,34.02,36.56,33.47,35.77,1621987,57929640.00
2024/02/26,35.77,38.02,35.77,37.02,1237573,46034552.00
2024/02/27,37.02,37.62,36.08,37.52,778762,28804674.00
2024/02/28,37.07,37.98,33.77,33.85,1511161,54254332.00
2024/02/29,33.78,35.64,33.24,35.08,1171798,40963844.00
2024/03/01,34.97,35.75,34.36,34.84,1233969,43365592.00
2024/03/04,34.84,35.74,33.79,34.34,780465,27172852.00
2024/03/05,34.44,34.61,33.27,33.30,626315,21224478.00
2024/03/06,33.30,34.13,32.15,33.21,943909,31420508.00
2024/03/07,33.22,33.65,31.85,31.85,902240,29656140.00
2024/03/08,31.86,32.76,31.77,32.18,564065,18291984.00
2024/03/11,32.18,33.02,31.96,32.97,1133452,37221448.00
2024/03/12,32.70,34.12,32.64,33.37,918966,30809106.00
2024/03/13,33.34,35.76,32.87,34.76,1538153,53224396.00
2024/03/14,34.76,34.92,32.81,33.36,1301463,44196312.00
2024/03/15,32.79,33.36,32.58,33.33,594784,19753560.00
2024/03/18,33.46,33.98,32.80,33.94,1474828,49547392.00
2024/03/19,33.98,34.22,33.43,33.57,672469,22926722.00
2024/03/20,33.86,34.04,33.00,33.60,1209541,40616728.00
2024/03/21,34.27,40.37,34.27,40.37,4917837,184949600.00
2024/03/22,39.15,40.23,37.43,37.88,4885475,189359808.00
2024/03/25,38.03,38.27,36.25,36.28,2560388,94846720.00
2024/03/26,36.47,37.94,36.09,36.97,3037238,112813448.00
2024/03/27,36.75,37.05,35.31,35.35,1651627,59856788.00
2024/03/28,35.27,37.53,34.85,36.46,1975127,72962096.00
2024/03/29,36.75,38.26,36.29,36.91,2468838,92107736.00
2024/04/01,36.91,39.16,36.89,38.83,2475140,95080024.00
2024/04/02,38.77,41.57,37.39,41.42,4736416,187883456.00
2024/04/03,40.17,40.41,38.68,38.68,2829437,112054712.00
2024/04/08,38.37,38.38,36.02,36.07,2169359,80055072.00
2024/04/09,35.98,38.23,35.98,37.77,1648726,62007612.00
2024/04/10,37.27,37.95,33.68,34.99,2767997,98038952.00
2024/04/11,34.97,35.32,33.12,33.55,1955521,66641776.00
2024/04/12,33.52,34.14,32.80,33.49,935986,31645076.00
2024/04/15,33.45,33.83,30.35,31.10,1874789,59941576.00
2024/04/16,30.78,32.26,28.29,30.89,2207314,67263504.00
2024/04/17,30.89,32.36,30.85,31.89,1574187,50330472.00
2024/04/18,32.01,32.27,31.01,31.77,1028083,32988528.00
2024/04/19,31.76,31.97,30.49,30.71,1012574,31569498.00
2024/04/22,30.75,31.37,29.77,30.07,893115,27359380.00
2024/04/23,30.91,30.91,29.15,29.97,518328,15767132.00
2024/04/24,30.27,31.56,29.43,31.36,1079778,33590708.00
2024/04/25,31.18,32.62,30.93,32.46,974714,31321156.00
2024/04/26,32.07,32.99,32.00,32.39,721869,23667916.00
2024/04/29,32.02,34.04,31.93,33.81,1070495,35990068.00
2024/04/30,33.78,34.22,33.07,33.81,1066018,36048124.00
2024/05/06,34.32,34.75,33.58,33.87,920236,31496020.00
2024/05/07,34.24,35.27,33.47,34.69,1708562,59488936.00
2024/05/08,34.27,35.12,33.07,33.59,1160776,39703508.00
2024/05/09,33.57,34.25,33.37,33.58,935088,31820074.00
2024/05/10,33.80,33.94,32.06,32.36,1298328,42732120.00
2024/05/13,32.09,32.09,30.28,30.53,1411797,44053012.00
2024/05/14,30.54,31.29,29.98,30.27,1295082,39702344.00
2024/05/15,30.15,31.77,29.97,30.27,1728822,53732184.00
2024/05/16,30.57,31.22,30.33,30.57,1304641,40348404.00
2024/05/17,31.14,31.14,29.59,30.07,1746077,52649884.00
2024/05/20,29.97,31.68,29.83,29.87,1947630,59936184.00
2024/05/21,30.07,30.25,28.76,28.83,1594809,46957156.00
2024/05/22,29.09,30.57,28.62,30.47,2271619,67213168.00
2024/05/23,30.47,30.65,28.86,29.06,1874760,55632984.00
2024/05/24,29.22,29.71,28.05,28.17,1694140,49117776.00
2024/05/27,28.42,28.42,26.91,27.99,1679130,46425424.00
2024/05/28,28.31,28.62,27.60,28.00,1451720,41189712.00
2024/05/29,28.00,28.32,27.48,27.77,833310,23350526.00
2024/05/30,28.02,28.80,27.30,28.13,1250201,35591320.00
2024/05/31,28.00,28.89,27.98,28.65,856749,24637440.00
2024/06/03,28.39,28.70,27.43,27.81,1264226,35203428.00
2024/06/04,27.94,27.94,26.79,27.01,1242720,33623448.00
2024/06/05,26.64,27.65,26.64,27.23,1174136,32158386.00
2024/06/06,27.25,28.02,26.11,26.30,1527128,40812656.00
2024/06/07,26.61,26.80,25.86,26.45,700313,18394398.00
2024/06/11,26.01,27.48,25.80,27.40,897147,23984424.00
2024/06/12,27.87,29.34,27.39,29.32,1795918,51358500.00
2024/06/13,29.01,31.88,28.83,30.56,3235019,99435880.00
2024/06/14,30.30,31.38,29.70,31.17,2796752,85834632.00
2024/06/17,30.81,32.09,30.61,31.98,1937235,61218040.00
2024/06/18,31.97,32.16,31.01,31.27,1521910,47844940.00
2024/06/19,31.10,32.20,30.00,31.69,2017534,62938980.00
2024/06/20,32.39,34.34,31.86,32.85,2713888,90370264.00
2024/06/21,32.63,34.14,32.34,33.36,2092840,70136048.00
2024/06/24,33.99,33.99,31.42,31.55,1620298,52648708.00
2024/06/25,31.49,32.87,31.03,32.50,1727182,55929468.00
2024/06/26,32.20,33.70,31.83,33.69,1328853,43711920.00
2024/06/27,33.30,34.29,32.50,32.79,1362715,45664540.00
2024/06/28,32.81,36.00,32.32,34.76,2932930,101716936.00
2024/07/01,35.20,35.20,33.18,34.13,1847480,62415176.00
2024/07/02,34.30,34.30,32.83,33.18,1307061,43836552.00
2024/07/03,33.20,33.20,31.80,31.92,1618411,52140188.00
2024/07/04,32.10,33.80,31.93,32.55,1648102,54457868.00
2024/07/05,32.28,34.97,31.60,34.39,1990104,66742768.00
2024/07/08,34.70,35.56,34.00,34.50,2085192,72608520.00
2024/07/09,34.30,36.06,33.61,35.44,2171178,75657240.00
2024/07/10,35.45,35.70,34.40,35.43,1424231,50002532.00
2024/07/11,35.00,38.36,35.00,37.46,3314464,122537864.00
2024/07/12,37.51,39.20,37.23,38.47,2990872,114923776.00
2024/07/15,38.15,38.59,37.45,38.21,1591124,60244852.00
2024/07/16,39.05,39.06,36.33,36.90,2168033,80472800.00
2024/07/17,36.51,37.50,36.38,36.56,1000494,36861320.00
2024/07/18,35.96,36.49,35.46,36.24,1496244,53745728.00
2024/07/19,36.31,37.80,35.64,36.61,1257355,46250824.00
2024/07/22,36.90,37.28,35.51,35.75,981133,35251704.00
2024/07/23,35.58,36.09,35.01,35.04,1019168,36064560.00
2024/07/24,35.00,35.88,33.68,33.86,1382828,47329564.00
2024/07/25,34.33,34.60,33.22,33.74,709089,24052344.00
2024/07/26,33.80,34.97,33.56,34.01,1148021,39151572.00
2024/07/29,33.01,34.15,33.01,33.41,839553,28203192.00
2024/07/30,33.36,34.10,32.53,33.90,1134252,37906560.00
2024/07/31,33.57,35.47,33.04,34.75,1860313,64071784.00
2024/08/01,34.60,36.57,34.60,35.60,2356429,84685096.00
2024/08/02,35.09,36.67,35.09,35.56,1514166,54506976.00
2024/08/05,35.03,35.90,34.35,34.35,1464425,51306908.00
2024/08/06,34.72,35.50,33.81,34.31,1848514,64003160.00
2024/08/07,34.68,34.68,33.66,33.78,984673,33377566.00
2024/08/08,33.53,34.24,33.20,33.31,590433,19840310.00
2024/08/09,33.32,34.07,33.32,33.56,823714,27710340.00
2024/08/12,33.50,33.50,31.38,31.44,1702962,54633228.00
2024/08/13,31.29,31.88,30.85,31.53,919788,28813410.00
2024/08/14,31.78,31.78,30.97,31.54,726253,22756028.00
2024/08/15,31.25,31.65,30.81,31.50,978573,30604418.00
2024/08/16,31.52,31.80,31.03,31.03,865666,27215450.00
2024/08/19,30.58,31.36,30.46,31.18,996017,30819452.00
2024/08/20,30.79,30.99,30.00,30.88,633608,19284212.00
2024/08/21,30.56,30.69,29.74,30.05,440246,13313392.00
2024/08/22,29.99,30.36,29.30,29.50,1110923,32965776.00
2024/08/23,29.20,29.60,28.71,29.22,839513,24459380.00
2024/08/26,29.13,30.29,28.79,29.73,626683,18610168.00
2024/08/27,29.88,29.88,28.79,29.16,832154,24180484.00
2024/08/28,29.01,30.28,28.81,30.24,1193067,35537440.00
2024/08/29,29.12,30.35,29.12,30.18,1184290,35472600.00
2024/08/30,30.18,31.98,30.06,30.90,1123469,35015376.00
2024/09/02,30.90,31.97,30.50,30.69,1224248,38207256.00
2024/09/03,30.21,31.16,30.03,30.14,1045521,31887772.00
2024/09/04,30.09,30.87,29.76,30.15,969031,29313206.00
2024/09/05,30.12,30.91,30.09,30.42,573108,17449504.00
2024/09/06,30.60,30.60,29.60,29.60,781250,23378004.00
2024/09/09,29.30,29.88,29.00,29.53,653371,19239560.00
2024/09/10,29.84,29.97,28.75,29.40,1171708,34087848.00
2024/09/11,29.10,29.93,28.60,28.80,879703,25659452.00
2024/09/12,29.09,29.60,28.73,28.97,687333,19988032.00
2024/09/13,28.78,29.07,28.18,28.31,824588,23407468.00
2024/09/18,28.80,28.80,27.68,27.97,567823,15896880.00
2024/09/19,28.00,28.58,27.77,27.97,1036141,29110404.00
2024/09/20,28.48,28.48,27.46,27.47,583558,16161098.00
2024/09/23,27.58,28.13,27.43,27.60,504020,13957067.00
2024/09/24,27.66,28.87,27.64,28.76,855653,24198260.00
2024/09/25,28.85,30.15,28.44,28.44,1647455,48632208.00
2024/09/26,28.50,30.20,28.34,30.17,1261423,37216684.00
2024/09/27,30.99,32.55,30.99,32.20,1362508,43305352.00
2024/09/30,33.20,36.69,33.20,36.40,2919257,102596064.00
2024/10/08,43.63,43.63,38.15,41.42,4817856,195543568.00
2024/10/09,39.99,40.49,37.61,38.04,3250501,127553624.00
2024/10/10,38.79,39.21,37.02,37.38,1945784,73843536.00
2024/10/11,36.89,39.57,36.00,37.24,2533666,95693424.00
2024/10/14,37.56,39.68,37.50,39.63,2720813,105195776.00
2024/10/15,39.91,40.00,38.20,38.20,1512767,58869636.00
2024/10/16,37.99,38.67,37.51,38.13,998967,38024912.00
2024/10/17,38.04,40.91,38.04,39.84,2497161,99043320.00
2024/10/18,39.63,42.00,39.38,41.30,2908629,119174792.00
2024/10/21,42.60,46.88,41.80,45.40,4276438,189890336.00
2024/10/22,45.60,47.80,44.18,46.36,2853020,132713216.00
2024/10/23,46.38,47.33,45.78,46.20,2534310,118005536.00
2024/10/24,46.00,46.30,43.51,43.76,2303821,101900128.00
2024/10/25,44.00,44.49,43.00,43.64,1482281,64483168.00
2024/10/28,43.63,45.40,43.24,44.99,1667287,74428616.00
2024/10/29,45.68,46.40,42.89,43.15,2626146,116888192.00
2024/10/30,43.12,44.14,42.01,42.70,1436642,61839800.00
2024/10/31,42.64,44.22,42.14,43.71,1586968,68586568.00
2024/11/01,43.71,44.95,41.90,42.00,2223830,95842584.00
2024/11/04,41.91,44.79,41.52,43.98,1483218,64369860.00
2024/11/05,44.44,47.44,43.80,46.48,2854118,132542208.00
2024/11/06,47.00,49.78,46.53,48.13,3813707,185186288.00
2024/11/07,48.90,48.99,46.53,46.96,1976327,93511256.00
2024/11/08,47.32,50.12,46.70,49.70,2663982,131035752.00
2024/11/11,50.00,51.97,49.10,51.27,2695454,136951664.00
2024/11/12,51.50,51.50,47.00,47.50,4007787,194893088.00
2024/11/13,47.00,48.16,46.33,47.92,1542435,72823512.00
2024/11/14,47.40,48.63,46.57,46.78,1339616,63246848.00
2024/11/15,46.50,47.08,43.50,43.58,2230558,100861088.00
2024/11/18,43.81,44.09,41.64,42.31,2069364,87748160.00
2024/11/19,43.24,45.62,42.04,45.62,2295411,99967448.00
2024/11/20,45.12,45.50,43.77,44.84,2300484,102392464.00
2024/11/21,44.60,47.50,44.60,45.19,2632895,121444944.00
2024/11/22,45.59,46.50,42.24,42.24,2198171,96440744.00
数据来源:通达信
