603903 中持股份 日线 前复权
      日期	    开盘	    最高	    最低	    收盘	    成交量	    成交额
2017/03/14,6.44,6.44,6.44,6.44,13057,185801.00
2017/03/15,7.16,7.16,7.16,7.16,4100,64165.00
2017/03/16,7.96,7.96,7.96,7.96,3900,67158.00
2017/03/17,8.84,8.84,8.84,8.84,4731,89605.00
2017/03/20,9.81,9.81,9.81,9.81,16188,337196.00
2017/03/21,10.87,10.87,10.87,10.87,5731,131297.00
2017/03/22,12.03,12.03,12.03,12.03,8800,221760.00
2017/03/23,13.32,13.32,13.32,13.32,13157,364712.00
2017/03/24,14.73,14.73,14.73,14.73,34057,1038398.00
2017/03/27,16.29,16.29,16.29,16.29,29300,982722.00
2017/03/28,18.00,18.00,18.00,18.00,30359,1119944.00
2017/03/29,19.88,19.88,19.88,19.88,103445,4197798.00
2017/03/30,21.95,21.95,21.95,21.95,894827,39945076.00
2017/03/31,22.14,24.17,21.88,22.30,15267823,711358976.00
2017/04/05,24.61,24.61,22.68,24.61,10348336,508441024.00
2017/04/06,27.16,27.16,27.16,27.16,412973,22647440.00
2017/04/07,29.95,29.95,29.95,29.95,780856,47101232.00
2017/04/10,33.03,33.03,33.03,33.03,190516,12640737.00
2017/04/11,36.42,36.42,34.91,36.42,4783079,348663904.00
2017/04/12,36.17,36.17,32.69,32.69,12793757,886558272.00
2017/04/13,29.71,33.51,29.71,30.51,13867324,865248576.00
2017/04/14,31.42,33.16,29.08,29.45,10112171,637723520.00
2017/04/17,26.42,26.42,26.42,26.42,989800,52855320.00
2017/04/18,23.70,26.53,23.70,24.03,10735587,536130560.00
2017/04/19,24.44,26.52,24.44,26.52,10736241,555751936.00
2017/04/20,27.26,27.56,25.01,25.78,11456961,611001856.00
2017/04/21,24.44,25.45,23.12,23.20,8811461,434378720.00
2017/04/24,22.91,25.61,22.91,25.61,11582616,584080768.00
2017/04/25,26.16,28.25,25.22,27.33,14037604,766114944.00
2017/04/26,26.12,30.15,25.78,30.15,13937952,793060352.00
2017/04/27,30.25,32.44,28.72,29.36,15475711,952106112.00
2017/04/28,28.82,30.53,28.77,30.09,9659393,578262656.00
2017/05/02,29.94,31.45,28.72,30.76,10753013,656608448.00
2017/05/03,29.81,30.30,28.20,28.69,9279918,544535744.00
2017/05/04,27.78,30.71,27.78,28.75,9444027,559256320.00
2017/05/05,28.25,28.71,26.37,26.41,7742146,430889440.00
2017/05/08,26.92,27.19,24.74,25.00,4801481,251078672.00
2017/05/09,24.94,27.59,24.76,27.59,10751489,587626176.00
2017/05/10,27.75,28.65,26.66,27.16,11096114,618468032.00
2017/05/11,25.98,29.95,25.66,29.95,12875632,731674176.00
2017/05/12,30.64,33.03,30.51,32.12,16348028,1045567808.00
2017/05/15,32.29,33.16,30.83,32.21,15382014,999813440.00
2017/05/16,30.85,33.00,30.56,32.74,11899742,763733184.00
2017/05/17,31.39,32.51,30.63,30.69,9123454,579014016.00
2017/05/18,29.79,33.10,29.78,31.16,11500320,736428800.00
2017/05/19,30.29,30.75,29.02,30.35,8114460,488992032.00
2017/05/22,29.79,33.36,29.37,30.90,11905728,755813696.00
2017/05/23,29.46,29.53,27.73,27.73,8707006,494105728.00
2017/05/24,26.32,29.41,26.00,28.34,8109580,459425184.00
2017/05/25,28.09,28.68,26.08,27.81,8624766,478070688.00
2017/05/26,28.08,30.43,28.08,28.90,9845666,579759488.00
2017/05/31,30.07,30.33,28.79,28.98,8457049,503398720.00
2017/06/01,27.77,28.18,26.25,26.34,7242628,396426496.00
2017/06/02,25.78,27.44,25.78,26.87,4876978,263399760.00
2017/06/05,27.15,27.77,26.60,26.67,4848586,265755584.00
2017/06/06,26.45,26.97,24.65,25.50,6286844,325739904.00
2017/06/07,25.51,27.12,25.27,26.79,6469675,342915232.00
2017/06/08,26.75,26.75,25.74,25.90,5456893,289222656.00
2017/06/09,25.58,25.89,24.66,25.72,4796866,245097392.00
2017/06/12,25.28,25.58,24.65,24.82,3809912,193110000.00
2017/06/13,24.82,25.68,24.79,25.66,4000719,203831072.00
2017/06/14,25.58,25.58,24.97,25.09,3077571,156841040.00
2017/06/15,25.22,26.52,25.11,25.81,6051152,318114880.00
2017/06/16,25.74,27.03,25.23,26.48,7257007,388901088.00
2017/06/19,26.14,26.34,25.20,25.71,4559281,236306224.00
2017/06/20,25.73,26.59,25.68,26.05,4850383,255885824.00
2017/06/21,25.82,26.04,25.34,25.82,3145538,163123904.00
2017/06/22,26.74,28.37,25.86,25.94,8088790,442537728.00
2017/06/23,24.71,24.96,23.29,24.86,7010648,345003616.00
2017/06/26,24.31,26.02,23.95,24.89,4508963,227521552.00
2017/06/27,24.90,25.99,24.90,25.16,4663861,240216400.00
2017/06/28,24.72,24.85,24.02,24.19,3855233,189477728.00
2017/06/29,24.25,24.61,23.95,24.09,2724804,133746856.00
2017/06/30,24.08,24.08,23.44,23.59,2739627,131198848.00
2017/07/03,23.46,24.04,23.45,23.74,1841440,88770024.00
2017/07/04,23.87,24.14,23.72,23.92,2112827,102392440.00
2017/07/05,23.87,24.14,23.60,24.10,2676218,129434416.00
2017/07/06,24.10,24.19,23.69,23.79,2026534,98174056.00
2017/07/07,23.70,24.81,23.63,24.26,3835745,189164384.00
2017/07/10,23.84,24.04,23.54,23.65,2678602,128816656.00
2017/07/11,23.57,23.94,22.33,22.42,2851206,133526032.00
2017/07/12,22.42,22.67,20.64,22.53,4506159,198090144.00
2017/07/13,22.11,22.26,21.33,21.54,2390551,105406184.00
2017/07/14,21.51,21.80,20.84,20.99,2033283,87931120.00
2017/07/17,20.65,20.66,18.82,18.82,3146479,123236984.00
2017/07/18,18.09,19.36,17.75,19.02,2555445,98766888.00
2017/07/19,19.19,19.40,18.49,18.94,2141656,82797080.00
2017/07/20,18.85,19.08,18.64,18.93,1946702,75217504.00
2017/07/21,18.93,19.44,18.20,18.87,2845432,109745784.00
2017/07/24,18.64,19.87,18.31,19.65,4423403,173866832.00
2017/07/25,19.41,19.42,18.87,19.16,2635292,102885920.00
2017/07/26,19.09,19.16,18.50,18.65,1980757,76100120.00
2017/07/27,18.61,19.09,18.49,19.01,2527468,97388272.00
2017/07/28,18.96,18.96,18.49,18.50,1967788,75176400.00
2017/07/31,18.50,18.64,18.09,18.18,1703668,63670472.00
2017/08/01,18.23,19.09,18.08,18.86,3565021,136470464.00
2017/08/02,18.86,19.56,18.34,19.26,4744858,183717312.00
2017/08/03,19.27,21.26,19.19,21.26,3703448,156300640.00
2017/08/04,21.80,22.92,20.80,21.07,8664073,385588000.00
2017/08/07,20.39,22.76,20.39,21.94,6759254,299094560.00
2017/08/08,21.95,22.84,21.28,21.46,4846661,214844224.00
2017/08/09,20.84,22.16,20.69,21.02,4410093,192262688.00
2017/08/10,20.95,21.13,19.90,20.12,4182971,173708096.00
2017/08/11,20.33,21.34,19.87,20.51,4960230,207530464.00
2017/08/14,20.87,22.14,20.63,22.02,5858121,255611248.00
2017/08/15,22.42,22.42,21.41,21.60,4565224,201982592.00
2017/08/16,21.40,22.16,21.24,21.73,3938049,173429584.00
2017/08/17,21.46,22.14,21.31,22.04,4250755,188103120.00
2017/08/18,22.26,23.95,22.18,22.49,7462552,347693312.00
2017/08/21,21.85,22.25,21.43,22.20,4484770,199460384.00
2017/08/22,21.94,22.14,21.35,21.56,3675808,162013184.00
2017/08/23,21.21,21.86,20.98,21.20,2911035,126859104.00
2017/08/24,21.07,21.91,21.07,21.28,3205758,140088544.00
2017/08/25,20.76,21.60,20.76,21.44,3213308,138214896.00
2017/08/28,21.07,22.62,21.00,22.57,5504863,243614448.00
2017/08/29,22.62,22.92,22.26,22.48,5866039,269186528.00
2017/08/30,22.34,23.64,22.07,22.85,7090943,329687264.00
2017/08/31,22.53,23.27,22.39,22.98,4899140,227006176.00
2017/09/01,22.81,24.71,22.75,23.40,6793152,326305216.00
2017/09/04,23.19,24.04,22.61,23.42,5196449,245534096.00
2017/09/05,23.24,23.24,22.57,22.69,3870062,178802448.00
2017/09/06,22.71,22.91,22.17,22.39,2563854,116665528.00
2017/09/07,22.61,23.94,22.37,23.23,7027318,331594208.00
2017/09/08,22.82,23.08,22.47,22.60,3541062,163068848.00
2017/09/11,22.49,22.96,22.29,22.75,2196823,101064000.00
2017/09/12,22.97,23.68,22.79,23.15,5159237,243626064.00
2017/09/13,23.03,24.39,22.74,24.28,7115093,342040640.00
2017/09/14,24.21,24.22,23.38,23.57,4754532,228344576.00
2017/09/15,23.61,24.09,23.19,23.56,3264682,156400080.00
2017/09/18,23.59,23.83,22.80,23.18,2435475,114304816.00
2017/09/19,23.39,23.57,22.83,23.35,2823344,132810296.00
2017/09/20,23.18,23.85,23.03,23.80,3987920,190209344.00
2017/09/21,23.75,23.79,21.91,21.93,4857029,224840864.00
2017/09/22,21.92,21.92,21.04,21.20,3131895,135980720.00
2017/09/25,21.28,21.74,21.13,21.16,1723612,75072624.00
2017/09/26,21.24,21.36,20.38,20.81,2039031,86108080.00
2017/09/27,20.89,21.09,20.68,20.90,1053156,44807560.00
2017/09/28,21.03,21.57,20.94,21.02,1679976,72675920.00
2017/09/29,21.29,21.55,21.13,21.50,1840288,79965408.00
2017/10/09,21.65,21.95,21.37,21.63,1505830,66044632.00
2017/10/10,21.78,22.06,21.65,21.85,1770225,78616744.00
2017/10/11,21.78,22.12,21.19,21.21,1714402,75084296.00
2017/10/12,21.04,21.54,20.96,21.16,1219159,52618148.00
2017/10/13,21.04,23.36,21.04,23.36,4553404,209032688.00
2017/10/16,24.70,25.63,23.64,24.01,11630316,573681856.00
2017/10/17,22.72,23.16,22.28,22.76,5731747,263627280.00
2017/10/18,22.57,24.10,22.37,23.10,5983018,284914240.00
2017/10/19,22.06,22.83,21.69,22.46,3868941,174886336.00
2017/10/20,22.81,22.81,21.91,22.17,2428660,109546448.00
2017/10/23,22.17,23.52,21.83,23.06,4441788,206322976.00
2017/10/24,22.80,22.87,22.06,22.52,3002112,136383296.00
2017/10/25,22.61,23.34,22.42,22.67,2979738,138135392.00
2017/10/26,22.52,22.87,22.07,22.84,3054410,139184576.00
2017/10/27,22.80,22.85,22.16,22.17,2271300,103433728.00
2017/10/30,21.91,22.06,20.07,20.63,3490219,148474800.00
2017/10/31,20.79,21.00,20.48,20.74,1695031,71517080.00
2017/11/01,20.77,20.88,20.12,20.75,1595825,67117136.00
2017/11/02,20.64,21.23,20.38,20.82,2056407,86761968.00
2017/11/03,20.72,20.91,20.38,20.47,1523767,64002728.00
2017/11/06,20.69,21.04,20.50,20.84,1604875,67847864.00
2017/11/07,20.83,21.09,20.56,20.96,1731443,73395424.00
2017/11/08,21.03,21.27,20.79,21.01,1907599,81701800.00
2017/11/09,20.93,21.21,20.88,21.12,1611131,69103016.00
2017/11/10,21.24,21.29,20.79,20.87,1547800,66213224.00
2017/11/13,20.98,21.20,20.76,21.00,1163800,49629824.00
2017/11/14,21.03,21.88,20.90,21.25,2589414,112632776.00
2017/11/15,21.10,21.25,20.53,20.69,1638731,69455360.00
2017/11/16,20.48,20.86,19.61,19.64,1963100,80820864.00
2017/11/17,19.79,19.96,18.26,18.58,2184888,84343016.00
2017/11/20,18.57,18.87,17.75,18.70,1127413,42534928.00
2017/11/21,18.70,18.79,18.13,18.44,931788,35274440.00
2017/11/22,18.52,18.68,18.09,18.17,1165200,43595064.00
2017/11/23,18.17,18.97,17.79,18.23,1868485,70455384.00
2017/11/24,18.23,18.74,18.23,18.60,1292379,48995624.00
2017/11/27,18.44,19.40,18.44,18.82,2177153,84466544.00
2017/11/28,18.47,18.94,18.47,18.81,1122557,42895232.00
2017/11/29,19.04,20.43,19.04,19.41,2865881,114601352.00
2017/11/30,19.40,19.40,18.89,18.94,1468671,57065688.00
2017/12/01,19.02,19.15,18.70,18.77,1184621,45696992.00
2017/12/04,18.71,18.71,17.83,17.94,1391619,51790344.00
2017/12/05,17.98,18.18,17.06,17.23,1536202,55209120.00
2017/12/06,17.06,17.81,17.06,17.48,927502,33017258.00
2017/12/07,17.49,17.72,17.06,17.34,624014,22308160.00
2017/12/08,17.35,18.07,17.35,17.71,1105300,40049608.00
2017/12/11,17.77,18.03,17.60,17.86,912233,33307208.00
2017/12/12,17.83,17.88,17.29,17.31,767700,27656708.00
2017/12/13,17.36,17.98,17.31,17.68,1108562,40200920.00
2017/12/14,17.52,17.89,17.52,17.81,1112188,40405164.00
2017/12/15,18.08,18.41,17.68,18.20,2024318,74815168.00
2017/12/18,17.94,18.08,17.57,17.58,1044731,38045840.00
2017/12/19,17.72,17.99,17.57,17.81,626331,22790776.00
2017/12/20,17.80,18.08,17.38,17.42,906300,32780924.00
2017/12/21,17.43,17.95,17.42,17.71,1117031,40672252.00
2017/12/22,17.58,17.88,17.57,17.76,899156,32634954.00
2017/12/25,17.77,17.80,17.47,17.48,701631,25284088.00
2017/12/26,17.37,18.13,17.36,18.08,1678644,61566212.00
2017/12/27,17.95,19.97,17.90,19.97,5868657,234330272.00
2017/12/28,19.46,19.56,19.04,19.31,3709071,145948304.00
2017/12/29,19.05,19.43,18.73,18.82,2148188,83327728.00
2018/01/02,18.78,19.07,18.74,18.91,1387100,53538948.00
2018/01/03,19.27,20.76,19.11,20.30,5585403,229067728.00
2018/01/04,19.72,20.12,19.39,19.42,3956654,158869184.00
2018/01/05,19.11,19.34,18.85,19.15,1996013,77853136.00
2018/01/08,19.41,19.41,18.87,19.06,1300457,50524516.00
2018/01/09,18.93,19.60,18.93,19.46,1449184,56804140.00
2018/01/10,19.46,20.02,19.04,19.15,1965388,78347424.00
2018/01/11,18.74,18.90,18.41,18.85,1629762,62231980.00
2018/01/12,18.85,19.36,18.63,19.06,1636500,63486560.00
2018/01/15,18.95,18.95,18.31,18.34,1339865,50867904.00
2018/01/16,18.12,18.67,18.11,18.39,939800,35388232.00
2018/01/17,18.52,18.93,18.23,18.77,1616388,61454836.00
2018/01/18,18.59,18.68,18.24,18.32,1151400,43278728.00
2018/01/19,18.23,18.71,18.03,18.68,1361596,51225968.00
2018/01/22,18.83,18.93,18.47,18.56,1331427,50839968.00
2018/01/23,18.41,18.59,18.27,18.51,960787,36181328.00
2018/01/24,18.68,18.90,18.41,18.67,1247600,47624632.00
2018/01/25,18.43,18.94,18.42,18.51,1305731,49958260.00
2018/01/26,18.59,18.84,18.35,18.44,735257,27807924.00
2018/01/29,18.37,18.40,17.06,17.29,2132851,76327104.00
2018/01/30,17.25,17.29,16.75,16.97,1171083,40737948.00
2018/01/31,16.96,16.96,15.77,16.04,1208800,40573916.00
2018/02/01,16.10,16.23,15.08,15.17,905224,29224972.00
2018/02/02,15.63,15.63,14.61,14.91,748488,23064196.00
2018/02/05,14.75,15.17,14.51,14.78,457888,14067435.00
2018/02/06,14.56,14.63,13.22,13.22,1184694,33960408.00
2018/02/07,13.70,13.79,12.00,13.12,1344496,36300772.00
2018/02/08,13.06,13.33,12.50,13.22,649700,17803932.00
2018/02/09,12.78,12.97,12.02,12.26,772298,20154844.00
2018/02/12,12.47,12.80,12.28,12.70,668900,17569772.00
2018/02/13,12.70,14.05,12.70,14.05,1858746,53788408.00
2018/02/14,14.06,14.26,12.57,13.19,2027481,57163156.00
2018/02/22,13.74,14.59,13.30,14.59,2179454,63456304.00
2018/02/23,15.08,15.93,14.82,14.91,3561199,112919704.00
2018/02/26,14.92,15.59,14.52,15.56,2900895,89979080.00
2018/02/27,15.12,15.83,15.05,15.43,2739428,86963360.00
2018/02/28,15.02,15.61,14.53,15.03,1751403,54660256.00
2018/03/01,14.71,15.25,14.61,15.22,1262079,39078284.00
2018/03/02,14.92,15.27,14.89,15.00,1024193,31880116.00
2018/03/05,14.89,15.38,14.89,15.33,1451524,45515036.00
2018/03/06,15.18,16.09,15.06,15.94,2448118,78976336.00
2018/03/07,15.76,16.01,15.53,15.62,1756400,56824880.00
2018/03/08,14.51,17.06,14.51,16.58,4301470,140505600.00
2018/03/09,16.18,17.17,16.05,16.69,4446638,152540848.00
2018/03/12,16.35,16.59,15.84,16.37,2716480,90875632.00
2018/03/13,16.39,16.85,15.92,15.99,2514757,84963712.00
2018/03/14,15.63,16.01,15.63,15.69,1560400,50639632.00
2018/03/15,15.86,16.04,14.96,15.39,1501914,48031848.00
2018/03/16,15.39,15.78,15.27,15.73,1102000,35515480.00
2018/03/19,15.76,16.53,15.76,16.10,1451400,48179576.00
2018/03/20,15.56,16.13,15.52,15.78,1586100,51474716.00
2018/03/21,15.62,15.99,15.62,15.69,1175500,38238776.00
2018/03/22,15.66,15.80,15.42,15.43,850300,27315966.00
2018/03/23,15.32,15.32,13.84,13.90,1421131,42355644.00
2018/03/26,13.49,14.56,13.02,14.38,1113195,32008008.00
2018/03/27,14.59,14.93,14.40,14.68,1048430,31846428.00
2018/03/28,14.00,16.23,14.00,15.93,3371723,108972440.00
2018/03/29,15.59,17.57,15.23,16.06,3711023,121881384.00
2018/03/30,16.09,17.06,16.09,16.49,3444230,117143792.00
2018/04/02,16.14,16.48,15.94,15.98,2741493,91164448.00
2018/04/03,15.67,16.42,15.45,15.93,1912992,62789428.00
2018/04/04,16.04,16.23,15.72,15.90,1715699,56397508.00
2018/04/09,16.00,16.39,15.78,15.82,2030931,67293344.00
2018/04/10,15.73,16.15,15.73,16.07,1429831,46981848.00
2018/04/11,16.08,16.82,15.94,16.81,3287891,111274728.00
2018/04/12,16.68,16.95,16.22,16.32,2266388,77167192.00
2018/04/13,15.53,15.68,14.94,15.38,2707841,85897600.00
2018/04/16,15.10,15.37,14.84,14.96,1125363,34864520.00
2018/04/17,15.16,15.16,14.51,14.57,830961,25460976.00
2018/04/18,14.84,14.97,14.52,14.92,644268,19628884.00
2018/04/19,14.94,15.48,14.84,15.14,1061888,33339064.00
2018/04/20,15.02,15.40,14.86,15.24,1308957,40876384.00
2018/04/23,15.56,15.77,15.02,15.29,1037758,32890108.00
2018/04/24,15.29,15.58,15.02,15.53,1028302,32622826.00
2018/04/25,15.53,15.67,15.22,15.45,871195,27681376.00
2018/04/26,15.38,15.52,14.96,15.01,871965,27228540.00
2018/04/27,15.01,15.32,15.01,15.17,533700,16716421.00
2018/05/02,15.12,15.76,15.12,15.72,1628115,52331972.00
2018/05/03,15.64,15.97,15.56,15.84,1243620,40378216.00
2018/05/04,15.85,15.85,15.43,15.59,816481,26324092.00
2018/05/07,15.78,16.04,15.61,15.93,887757,29135036.00
2018/05/08,15.76,16.28,15.76,15.99,839000,27664144.00
2018/05/09,15.88,16.78,15.88,16.37,1847200,62159344.00
2018/05/10,16.23,16.84,16.23,16.32,1586681,53715780.00
2018/05/11,16.35,16.45,16.04,16.11,1225577,40784148.00
2018/05/14,15.91,16.11,15.84,16.03,741077,24345648.00
2018/05/15,15.98,16.28,15.97,16.25,684581,22715236.00
2018/05/16,16.22,16.65,15.98,15.98,1033693,34560916.00
2018/05/17,15.78,16.47,15.78,15.92,1303808,43057592.00
2018/05/18,15.89,16.59,15.84,16.54,2515525,84631144.00
2018/05/21,17.16,18.27,17.15,18.27,6879010,253966848.00
2018/05/22,18.08,20.10,17.70,19.02,8961909,342429408.00
2018/05/23,18.34,18.44,17.60,17.83,5069799,186351776.00
2018/05/24,17.63,17.85,17.31,17.56,2697799,97224160.00
2018/05/25,17.61,17.62,16.95,16.97,2342699,82400832.00
2018/05/28,17.11,17.45,16.70,17.43,2339700,82485936.00
2018/05/29,17.32,17.39,16.58,16.60,1975134,68682528.00
2018/05/30,16.11,16.11,14.87,14.87,2672998,84806936.00
2018/05/31,15.10,15.27,14.62,14.96,1606674,49487744.00
2018/06/01,15.02,15.20,14.59,14.61,1101100,33632148.00
2018/06/04,14.61,15.03,14.61,14.83,659367,20103790.00
2018/06/05,14.74,15.27,14.74,15.25,872333,26966916.00
2018/06/06,15.31,15.31,15.10,15.17,758108,23625984.00
2018/06/07,15.27,15.31,14.71,14.75,887833,27308252.00
2018/06/08,14.75,14.86,14.10,14.43,1023900,30540224.00
2018/06/11,14.21,14.54,14.21,14.35,582830,17320608.00
2018/06/12,14.40,15.01,14.40,14.90,1161400,35451596.00
2018/06/13,14.82,14.88,14.46,14.56,921300,27892828.00
2018/06/14,14.76,14.96,14.66,14.72,876400,26700882.00
2018/06/15,14.57,14.84,13.54,13.98,1166624,34118200.00
2018/06/19,13.84,13.97,12.51,12.74,1372400,37306172.00
2018/06/20,12.75,13.28,12.69,13.13,894992,24009722.00
2018/06/21,13.12,13.30,12.58,12.60,582057,15623981.00
2018/06/22,12.61,12.89,12.21,12.71,728200,19030864.00
2018/06/25,13.17,13.17,12.47,12.61,473600,12624535.00
2018/06/26,12.35,12.88,12.35,12.73,573000,15104252.00
2018/06/27,12.83,12.90,12.67,12.73,532900,14145201.00
2018/06/28,12.89,12.89,12.57,12.62,437657,11582783.00
2018/06/29,13.03,13.87,12.92,13.53,1261591,35064316.00
2018/07/02,13.28,13.62,13.17,13.42,1158934,32184388.00
2018/07/03,13.29,13.64,13.29,13.61,958547,26831180.00
2018/07/04,13.68,14.10,13.47,14.04,1372132,39150268.00
2018/07/05,13.79,13.99,13.39,13.39,984832,27803156.00
2018/07/06,13.39,13.77,13.18,13.54,683432,19131746.00
2018/07/09,13.79,14.03,13.69,13.81,993677,28420120.00
2018/07/10,13.71,13.95,13.54,13.79,889700,25295224.00
2018/07/11,13.67,13.67,12.93,13.21,722100,19903292.00
2018/07/12,13.23,13.80,13.23,13.69,1057845,29812710.00
2018/07/13,13.54,14.04,13.54,14.03,1199476,34360884.00
2018/07/16,14.03,14.06,13.77,13.89,700557,20078836.00
2018/07/17,13.89,14.25,13.86,14.01,802500,23215066.00
2018/07/18,14.00,14.44,13.90,14.05,1318300,38712728.00
2018/07/19,13.58,14.09,13.58,13.69,690398,19643648.00
2018/07/20,13.60,14.71,13.60,14.39,1280964,37547252.00
2018/07/23,14.26,14.82,14.16,14.71,1564684,46922772.00
2018/07/24,14.70,15.07,14.56,14.98,2007509,61362456.00
2018/07/25,16.09,16.56,15.39,15.58,4332840,142148960.00
2018/07/26,15.39,15.73,14.94,15.00,2450930,76494592.00
2018/07/27,15.00,15.06,14.59,14.65,1471500,44822800.00
2018/07/30,14.48,14.75,14.27,14.37,1079110,32160036.00
2018/07/31,14.28,14.66,14.25,14.41,1063900,31814064.00
2018/08/01,14.35,14.53,13.85,13.88,1200393,35090600.00
2018/08/02,13.44,13.89,12.96,13.14,1070057,29393948.00
2018/08/03,13.04,13.31,13.04,13.09,625157,17079636.00
2018/08/06,13.14,13.23,12.60,12.77,629531,16740518.00
2018/08/07,12.93,13.08,12.26,13.06,718931,19196212.00
2018/08/08,13.09,13.28,12.70,12.77,916200,24768540.00
2018/08/09,12.58,13.10,12.58,12.99,898529,24123196.00
2018/08/10,13.08,13.17,12.91,13.05,664200,17944612.00
2018/08/13,12.92,13.07,12.79,13.02,508257,13605504.00
2018/08/14,13.03,13.46,12.91,13.41,1316826,36230908.00
2018/08/15,13.39,13.39,12.95,12.97,953926,25934444.00
2018/08/16,12.55,12.92,12.55,12.71,609900,16114682.00
2018/08/17,12.82,12.88,12.26,12.32,759700,19707060.00
2018/08/20,12.33,12.69,12.28,12.50,428700,11093567.00
2018/08/21,12.39,12.66,12.39,12.52,454324,11836972.00
2018/08/22,12.53,13.44,12.53,12.86,1478124,39894024.00
2018/08/23,12.89,12.95,12.68,12.87,782024,20800980.00
2018/08/24,12.88,12.91,12.67,12.74,479200,12694929.00
2018/08/27,12.74,13.02,12.74,13.01,619300,16568821.00
2018/08/28,13.01,13.18,12.93,12.94,651800,17610442.00
2018/08/29,12.91,13.18,12.84,12.98,765500,20637670.00
2018/08/30,12.88,13.09,12.73,12.75,625400,16707906.00
2018/08/31,12.68,12.93,12.48,12.48,584700,15370984.00
2018/09/03,12.16,12.51,12.14,12.51,509900,13139625.00
2018/09/04,12.42,12.67,12.42,12.65,517400,13506829.00
2018/09/05,12.65,12.65,12.36,12.41,551200,14297134.00
2018/09/06,12.32,12.55,12.30,12.36,280888,7241978.00
2018/09/07,12.36,12.57,12.30,12.52,471500,12199617.00
2018/09/10,12.50,12.50,12.14,12.14,493300,12553755.00
2018/09/11,12.11,12.39,12.11,12.34,417600,10654516.00
2018/09/12,12.33,12.41,12.25,12.35,280000,7185040.00
2018/09/13,12.51,12.51,12.28,12.35,305845,7860471.00
2018/09/14,12.35,13.01,12.35,12.48,651900,17091792.00
2018/09/17,12.45,12.45,12.19,12.20,397900,10123650.00
2018/09/18,12.21,12.45,12.16,12.41,435300,11131418.00
2018/09/19,12.27,12.54,12.19,12.45,594500,15322191.00
2018/09/20,12.42,12.43,12.27,12.32,346100,8877559.00
2018/09/21,12.37,12.54,12.17,12.43,631699,16222171.00
2018/09/25,12.36,12.51,12.32,12.50,391699,10135267.00
2018/09/26,12.49,12.56,12.39,12.51,466900,12104720.00
2018/09/27,12.54,12.97,12.42,12.57,945600,24936994.00
2018/09/28,12.47,12.67,12.42,12.61,546799,14242655.00
2018/10/08,12.47,12.50,12.12,12.21,581800,14952606.00
2018/10/09,12.32,12.41,12.20,12.29,471500,12049377.00
2018/10/10,12.29,12.77,12.29,12.61,958671,25065182.00
2018/10/11,12.26,12.29,11.27,11.27,1220701,29679672.00
2018/10/12,11.24,11.24,10.07,10.47,1476226,32401568.00
2018/10/15,10.43,10.77,10.28,10.46,672600,14833374.00
2018/10/16,10.34,10.62,9.46,9.64,1276900,26816466.00
2018/10/17,9.82,9.92,9.32,9.55,888700,17966880.00
2018/10/18,9.47,9.48,8.86,9.00,1093200,21145604.00
2018/10/19,8.83,9.28,8.52,9.26,1015600,19477802.00
2018/10/22,9.40,9.86,9.40,9.70,1666100,34043736.00
2018/10/23,9.51,10.15,9.51,9.54,1657945,34465304.00
2018/10/24,9.54,9.94,9.54,9.78,1440599,29639332.00
2018/10/25,9.41,9.70,9.28,9.69,1185600,23649730.00
2018/10/26,9.56,9.58,9.36,9.41,1263700,25259362.00
2018/10/29,9.36,9.41,9.07,9.11,882300,17190644.00
2018/10/30,9.14,9.33,8.92,9.22,1069523,20801884.00
2018/10/31,9.23,9.47,9.23,9.41,945100,18807788.00
2018/11/01,9.46,9.66,9.36,9.48,1190831,24038184.00
2018/11/02,9.64,9.95,9.61,9.86,1307299,27029724.00
2018/11/05,9.84,10.11,9.72,9.95,1327887,27717864.00
2018/11/06,9.98,9.98,9.46,9.71,1020099,20813560.00
2018/11/07,9.53,9.73,9.47,9.57,966530,19614100.00
2018/11/08,9.71,9.71,9.51,9.53,691298,14054035.00
2018/11/09,9.51,9.61,9.25,9.46,558200,11223711.00
2018/11/12,9.46,9.88,9.45,9.84,1055600,21651072.00
2018/11/13,9.73,10.06,9.61,9.89,1392839,28892782.00
2018/11/14,9.91,10.90,9.78,10.50,2508395,54078988.00
2018/11/15,10.34,10.88,10.33,10.77,2747167,61136376.00
2018/11/16,10.48,10.78,10.48,10.59,2692394,59674704.00
2018/11/19,10.58,11.72,10.40,11.72,4188144,97167344.00
2018/11/20,11.35,11.63,10.74,10.78,4054799,94815456.00
2018/11/21,10.53,10.89,10.35,10.74,1992300,44410536.00
2018/11/22,10.68,11.28,10.66,10.94,2610500,60073100.00
2018/11/23,10.94,10.98,10.28,10.42,1965700,43975136.00
2018/11/26,10.28,10.97,10.28,10.52,1159599,25848384.00
2018/11/27,10.77,10.78,10.42,10.48,823099,18168408.00
2018/11/28,10.43,10.54,10.08,10.40,967399,20996902.00
2018/11/29,10.46,10.58,10.02,10.02,971000,21109106.00
2018/11/30,10.02,10.07,9.55,9.92,1173157,24306768.00
2018/12/03,10.17,10.34,10.10,10.21,1099300,23650438.00
2018/12/04,10.24,10.56,10.21,10.44,1463350,31908658.00
2018/12/05,10.11,10.86,9.99,10.56,2247240,49340660.00
2018/12/06,10.48,10.58,10.12,10.22,1774236,38356256.00
2018/12/07,10.31,10.81,10.13,10.69,2940901,65062896.00
2018/12/10,10.69,10.93,10.51,10.75,3256557,73374224.00
2018/12/11,10.69,10.74,10.51,10.63,1911349,42528324.00
2018/12/12,10.72,10.95,10.48,10.51,2043723,45961124.00
2018/12/13,10.35,10.35,9.71,10.02,3209044,67754224.00
2018/12/14,9.98,11.10,9.93,10.77,7411402,166957264.00
2018/12/17,10.63,11.03,9.95,11.01,6284591,137794208.00
2018/12/18,10.74,10.92,10.63,10.66,3503800,78842960.00
2018/12/19,10.59,10.61,10.03,10.12,2617970,56544384.00
2018/12/20,10.07,10.19,9.87,9.98,2185563,46135108.00
2018/12/21,9.94,9.94,9.63,9.75,1660479,34213052.00
2018/12/24,9.74,9.92,9.57,9.88,1234527,25542608.00
2018/12/25,9.71,9.71,9.36,9.66,1622288,32711092.00
2018/12/26,9.58,9.87,9.53,9.76,1370700,28166652.00
2018/12/27,9.88,9.96,9.45,9.45,1285100,26315136.00
2018/12/28,9.47,9.56,9.20,9.48,873600,17412048.00
2019/01/02,9.89,10.22,9.52,9.53,1865700,38567792.00
2019/01/03,9.42,9.53,9.31,9.38,1117300,22226164.00
2019/01/04,9.20,9.56,9.01,9.50,1313088,26038452.00
2019/01/07,9.52,9.68,9.51,9.62,1198488,24321264.00
2019/01/08,9.58,9.64,9.42,9.50,1023063,20587048.00
2019/01/09,9.50,9.63,9.47,9.54,1160100,23489552.00
2019/01/10,9.51,9.81,9.40,9.70,1739188,35468880.00
2019/01/11,9.62,9.71,9.51,9.69,1453488,29506420.00
2019/01/14,9.69,9.73,9.46,9.50,1010704,20428680.00
2019/01/15,9.51,9.71,9.36,9.66,1492000,30117944.00
2019/01/16,9.65,9.99,9.47,9.71,2244304,46051192.00
2019/01/17,9.62,9.64,9.42,9.44,1334904,26845068.00
2019/01/18,9.42,9.56,9.41,9.50,820700,16455493.00
2019/01/21,9.52,9.61,9.51,9.54,860737,17358580.00
2019/01/22,9.51,9.63,9.44,9.52,762000,15356406.00
2019/01/23,9.56,9.57,9.46,9.57,681137,13711895.00
2019/01/24,9.60,9.64,9.48,9.61,1025171,20764214.00
2019/01/25,9.72,10.61,9.71,10.11,4554904,97003448.00
2019/01/28,10.25,10.25,9.74,9.84,2115788,44237256.00
2019/01/29,9.71,9.95,9.41,9.71,1689000,34454512.00
2019/01/30,9.63,9.65,9.20,9.21,1644588,32751256.00
2019/01/31,9.36,9.53,9.10,9.21,1218700,24090838.00
2019/02/01,9.26,9.48,9.26,9.41,845888,16839952.00
2019/02/11,9.43,9.70,9.42,9.68,1158400,23527800.00
2019/02/12,9.68,9.85,9.66,9.78,1455600,29962086.00
2019/02/13,9.74,10.00,9.69,9.94,2069916,43067848.00
2019/02/14,9.93,10.11,9.86,9.93,1629527,34179368.00
2019/02/15,9.93,10.04,9.89,9.91,1444700,30303456.00
2019/02/18,9.96,10.23,9.92,10.21,2289249,48789412.00
2019/02/19,10.26,10.52,10.16,10.36,2655408,57606932.00
2019/02/20,10.33,10.33,10.02,10.21,1929257,41274136.00
2019/02/21,10.18,10.35,10.07,10.09,1886900,40580648.00
2019/02/22,10.09,10.29,10.06,10.29,1690557,36189360.00
2019/02/25,10.34,10.97,10.34,10.86,3613631,80795216.00
2019/02/26,10.88,11.20,10.70,10.91,3671125,84038848.00
2019/02/27,10.94,11.17,10.78,11.14,3185594,72990872.00
2019/02/28,11.07,11.22,10.89,10.98,2329612,53846392.00
2019/03/01,11.02,11.13,10.82,10.97,1739657,39894948.00
2019/03/04,11.00,11.44,11.00,11.11,3736965,87748960.00
2019/03/05,11.11,11.28,11.04,11.26,2584936,60318444.00
2019/03/06,11.27,11.41,11.14,11.40,3180536,75056816.00
2019/03/07,11.35,11.66,11.17,11.58,4357702,104154888.00
2019/03/08,11.34,11.38,10.73,10.76,3767588,87699712.00
2019/03/11,10.76,11.13,10.76,11.09,2629927,60505312.00
2019/03/12,11.19,11.42,11.09,11.32,3435210,81031520.00
2019/03/13,11.43,11.64,11.08,11.09,4003908,95263032.00
2019/03/14,11.16,11.27,10.62,10.73,3102184,70646584.00
2019/03/15,10.75,11.23,10.75,10.88,2188437,50076660.00
2019/03/18,10.90,11.11,10.81,11.11,2276404,52250768.00
2019/03/19,11.11,11.42,11.11,11.36,2964710,69798392.00
2019/03/20,11.30,11.43,11.03,11.41,2330768,54647796.00
2019/03/21,11.61,11.95,11.44,11.57,4791412,116773120.00
2019/03/22,11.65,12.51,11.58,12.26,6067384,152498736.00
2019/03/25,11.91,12.04,11.78,11.83,3870150,95955640.00
2019/03/26,11.76,11.91,10.99,11.50,2759557,66110676.00
2019/03/27,11.50,11.52,11.25,11.40,1537400,36512504.00
2019/03/28,11.35,11.55,11.29,11.39,1540900,36863288.00
2019/03/29,11.42,11.90,11.12,11.85,3170864,76595176.00
2019/04/01,11.83,12.23,11.78,12.11,3539577,88616064.00
2019/04/02,12.11,12.13,11.84,11.92,3396761,84530088.00
2019/04/03,11.83,12.21,11.73,12.18,2807604,70544688.00
2019/04/04,12.32,12.51,12.11,12.36,3759704,96095672.00
2019/04/08,12.45,12.46,11.91,12.07,2605304,65942764.00
2019/04/09,12.10,12.16,11.94,12.07,1715100,42955664.00
2019/04/10,12.03,12.10,11.91,11.95,1599854,39874968.00
2019/04/11,11.97,12.09,11.62,11.66,1731500,42630400.00
2019/04/12,11.68,11.89,11.57,11.85,1086100,26594500.00
2019/04/15,12.01,12.06,11.71,11.71,1323400,32846312.00
2019/04/16,11.60,11.93,11.52,11.92,1491861,36424392.00
2019/04/17,11.87,12.98,11.84,12.70,6418240,168167424.00
2019/04/18,12.66,12.66,12.42,12.55,3372010,87515920.00
2019/04/19,12.52,12.53,11.98,12.21,3459524,87722288.00
2019/04/22,12.16,12.18,11.81,11.82,2310535,57519696.00
2019/04/23,11.82,11.93,11.55,11.58,1630306,39922072.00
2019/04/24,11.60,12.82,11.60,12.18,3645302,91638656.00
2019/04/25,12.06,12.09,11.24,11.43,2540403,61961632.00
2019/04/26,11.27,11.58,11.27,11.43,1140968,27241850.00
2019/04/29,11.40,11.52,10.59,10.64,2523466,58075968.00
2019/04/30,10.73,10.85,10.64,10.75,703266,15844865.00
2019/05/06,10.43,10.43,9.62,9.72,1537250,32384036.00
2019/05/07,9.76,10.03,9.66,9.86,829282,17232308.00
2019/05/08,9.72,9.94,9.47,9.80,931794,19202316.00
2019/05/09,9.77,9.95,9.62,9.77,978500,20244224.00
2019/05/10,9.88,10.13,9.62,10.09,1347979,28270536.00
2019/05/13,10.06,10.42,9.97,10.11,1015813,21750964.00
2019/05/14,9.98,10.11,9.87,9.89,1132100,23731020.00
2019/05/15,10.04,10.11,9.92,10.06,1028913,21663088.00
2019/05/16,10.07,10.12,9.97,10.07,909019,19199548.00
2019/05/17,10.07,10.07,9.53,9.71,1460837,30125190.00
2019/05/20,9.58,9.71,9.46,9.69,671997,13618317.00
2019/05/21,9.71,9.84,9.61,9.79,697474,14379623.00
2019/05/22,9.79,9.87,9.64,9.70,694860,14284883.00
2019/05/23,9.67,9.67,9.44,9.46,796152,16024332.00
2019/05/24,9.45,9.55,9.36,9.40,471860,9404100.00
2019/05/27,9.41,9.65,9.36,9.65,620952,12521930.00
2019/05/28,9.64,9.77,9.60,9.65,689400,14113824.00
2019/05/29,9.65,9.85,9.60,9.70,776089,15942596.00
2019/05/30,9.63,9.69,9.48,9.55,942292,18984654.00
2019/05/31,9.52,9.71,9.52,9.58,986525,20017008.00
2019/06/03,9.40,9.41,8.75,8.91,2516325,48092668.00
2019/06/04,8.91,8.94,8.67,8.74,1113900,20854580.00
2019/06/05,8.82,8.95,8.74,8.74,1116200,20938292.00
2019/06/06,8.84,8.87,8.57,8.59,970765,17949166.00
2019/06/10,8.79,8.79,8.58,8.64,829500,15292058.00
2019/06/11,8.69,8.97,8.64,8.97,1439700,27012744.00
2019/06/12,8.94,9.09,8.85,8.91,1202088,22843296.00
2019/06/13,8.85,9.03,8.84,9.01,994700,18854448.00
2019/06/14,9.01,9.04,8.73,8.74,1192725,22418978.00
2019/06/17,8.74,8.81,8.66,8.75,627121,11653854.00
2019/06/18,8.75,8.88,8.70,8.87,750652,14075142.00
2019/06/19,8.97,9.17,8.97,9.02,1381392,26492272.00
2019/06/20,9.02,9.45,9.02,9.45,2755499,54324664.00
2019/06/21,9.48,10.04,9.48,9.76,3439103,70534368.00
2019/06/24,10.01,10.01,9.54,9.68,2314800,47283200.00
2019/06/25,9.68,9.71,9.44,9.59,1617457,32664848.00
2019/06/26,9.60,10.22,9.51,9.91,2830388,59113232.00
2019/06/27,9.95,9.95,9.63,9.81,1939957,40024712.00
2019/06/28,9.91,10.86,9.66,10.86,2620400,40827336.00
2019/07/01,12.01,12.01,11.86,12.01,18102844,322119072.00
2019/07/02,11.87,11.87,10.88,11.37,16537308,277821760.00
2019/07/03,11.02,11.51,10.78,11.07,9580438,158206272.00
2019/07/04,10.87,11.42,10.87,11.34,9380309,156223296.00
2019/07/05,11.33,11.33,10.80,10.87,5998050,97921680.00
2019/07/08,10.76,10.77,10.17,10.41,5316930,82773824.00
2019/07/09,10.37,10.41,10.03,10.26,3614295,54860252.00
2019/07/10,10.16,10.42,10.09,10.16,2689340,41112912.00
2019/07/11,10.26,10.36,9.94,9.98,2795480,42446144.00
2019/07/12,10.04,10.10,9.87,9.91,2310034,34629056.00
2019/07/15,9.91,10.32,9.75,10.25,3595671,53908264.00
2019/07/16,10.25,10.26,10.01,10.06,2298997,34768716.00
2019/07/17,10.02,10.09,9.86,9.91,1968477,29331920.00
2019/07/18,9.99,10.11,9.91,9.94,2346800,35140176.00
2019/07/19,9.95,10.09,9.92,9.99,1695120,25397824.00
2019/07/22,10.21,10.21,9.30,9.41,1824683,26141486.00
2019/07/23,9.39,9.49,9.37,9.41,1352580,19164524.00
2019/07/24,9.44,9.55,9.36,9.39,2116260,30068304.00
2019/07/25,9.38,9.44,9.31,9.37,1533920,21581684.00
2019/07/26,9.30,9.43,9.22,9.29,1608623,22494932.00
2019/07/29,9.29,9.35,9.23,9.24,1067300,14906415.00
2019/07/30,9.29,9.36,9.25,9.34,1369420,19204820.00
2019/07/31,9.34,9.35,9.06,9.13,1917538,26376254.00
2019/08/01,9.05,9.14,9.01,9.06,1026043,14031768.00
2019/08/02,8.73,8.91,8.73,8.87,1830460,24399936.00
2019/08/05,8.89,8.93,8.75,8.81,1435758,19096244.00
2019/08/06,8.60,8.62,8.07,8.28,2428912,30593068.00
2019/08/07,8.38,8.47,8.24,8.32,1346540,17079932.00
2019/08/08,8.41,8.66,8.24,8.61,2103338,27027484.00
2019/08/09,8.66,9.19,8.66,9.08,4935368,66807496.00
2019/08/12,8.94,9.05,8.75,8.91,2339447,31241684.00
2019/08/13,8.76,8.81,8.59,8.69,1815597,23795064.00
2019/08/14,8.81,8.81,8.62,8.69,1362204,17995684.00
2019/08/15,8.45,8.64,8.34,8.59,1513615,19431036.00
2019/08/16,8.61,8.82,8.61,8.67,1533052,20174128.00
2019/08/19,8.74,9.04,8.73,8.99,2662840,35738512.00
2019/08/20,8.94,8.99,8.85,8.87,1797220,24171932.00
2019/08/21,8.93,9.14,8.91,9.01,2216980,30127824.00
2019/08/22,9.03,9.12,8.91,8.96,1188700,16086756.00
2019/08/23,8.99,9.08,8.89,9.05,1706160,23124016.00
2019/08/26,8.68,8.83,8.52,8.76,1648960,21775022.00
2019/08/27,8.79,8.98,8.74,8.89,1664940,22388522.00
2019/08/28,8.93,9.01,8.84,8.90,1398820,18841416.00
2019/08/29,8.97,8.97,8.83,8.85,1358324,18222540.00
2019/08/30,8.86,8.91,8.57,8.59,2037944,26854776.00
2019/09/02,8.61,8.84,8.59,8.78,1695380,22380760.00
2019/09/03,8.81,8.86,8.69,8.81,1523720,20235212.00
2019/09/04,8.81,8.98,8.73,8.96,2565804,34459076.00
2019/09/05,8.99,9.19,8.91,9.04,3636334,49651544.00
2019/09/06,9.06,9.62,9.06,9.52,6070846,85423024.00
2019/09/09,9.62,9.66,9.35,9.49,3896414,55356092.00
2019/09/10,9.49,9.61,9.36,9.54,3031966,43163996.00
2019/09/11,10.51,10.56,9.88,9.89,11031983,169576832.00
2019/09/12,9.71,9.85,9.61,9.76,4411506,64452572.00
2019/09/16,9.75,9.78,9.59,9.59,3050583,44225520.00
2019/09/17,9.60,9.62,9.26,9.33,2451418,34677544.00
2019/09/18,9.41,9.44,9.30,9.34,1948218,27494516.00
2019/09/19,10.34,10.34,10.34,10.34,3205360,49554864.00
2019/09/20,10.56,10.87,10.09,10.13,13677639,214889600.00
2019/09/23,9.77,9.86,9.60,9.79,6240758,91137064.00
2019/09/24,9.71,9.78,9.55,9.61,3504560,50814316.00
2019/09/25,9.61,9.77,9.51,9.63,3459840,50180744.00
2019/09/26,9.54,9.70,9.10,9.24,3577620,50520424.00
2019/09/27,9.21,9.51,9.21,9.34,1882580,26476388.00
2019/09/30,9.34,9.35,9.16,9.18,1542260,21472720.00
2019/10/08,9.19,9.45,9.18,9.34,1909020,26910058.00
2019/10/09,9.34,9.36,9.17,9.35,1292840,18037938.00
2019/10/10,9.34,9.44,9.30,9.41,1848760,26087548.00
2019/10/11,9.46,9.84,9.41,9.73,4454160,64798336.00
2019/10/14,9.66,9.81,9.66,9.74,3420919,50004652.00
2019/10/15,9.74,9.75,9.42,9.49,2681420,38446672.00
2019/10/16,9.49,9.96,9.44,9.86,4676159,68432616.00
2019/10/17,9.73,9.84,9.61,9.79,2876260,41965476.00
2019/10/18,9.74,10.17,9.64,10.16,7500035,112397256.00
2019/10/21,10.01,10.09,9.81,10.06,4199760,62567368.00
2019/10/22,10.04,10.06,9.81,9.96,3275140,48660892.00
2019/10/23,9.95,9.96,9.61,9.63,3378500,49459192.00
2019/10/24,9.64,9.69,9.41,9.54,2565960,36613860.00
2019/10/25,9.56,9.56,9.32,9.46,2034500,28848136.00
2019/10/28,9.45,9.64,9.38,9.64,2130220,30536536.00
2019/10/29,9.62,9.62,9.34,9.36,2226280,31612896.00
2019/10/30,9.34,9.45,9.33,9.39,1162080,16398008.00
2019/10/31,9.34,9.41,9.01,9.05,2041240,28289456.00
2019/11/01,9.06,9.20,9.06,9.15,1182775,16324949.00
2019/11/04,9.15,9.32,9.13,9.32,1370815,19109072.00
2019/11/05,9.41,9.41,9.17,9.31,943500,13187394.00
2019/11/06,9.31,9.34,9.12,9.19,1085880,15051945.00
2019/11/07,9.16,9.31,9.16,9.28,865195,12076287.00
2019/11/08,9.36,9.41,9.19,9.20,1012000,14149522.00
2019/11/11,9.15,9.20,8.92,8.97,1330400,18088722.00
2019/11/12,9.09,9.09,8.81,8.97,999760,13456213.00
2019/11/13,8.98,8.98,8.84,8.89,785340,10556814.00
2019/11/14,8.85,9.00,8.84,8.88,741240,9983935.00
2019/11/15,8.89,8.97,8.58,8.59,1357543,17875390.00
2019/11/18,8.59,8.76,8.52,8.69,1163920,15294938.00
2019/11/19,8.73,8.89,8.62,8.86,958880,12733956.00
2019/11/20,8.86,8.89,8.67,8.70,804780,10680763.00
2019/11/21,8.70,8.76,8.61,8.66,740060,9694353.00
2019/11/22,8.70,8.76,8.59,8.65,880598,11533425.00
2019/11/25,8.65,8.71,8.54,8.57,877720,11410195.00
2019/11/26,8.66,8.84,8.65,8.69,1169280,15434499.00
2019/11/27,8.69,8.72,8.53,8.57,829660,10785670.00
2019/11/28,8.57,8.83,8.54,8.74,1694783,22309192.00
2019/11/29,8.69,8.74,8.60,8.68,899523,11776086.00
2019/12/02,8.72,8.72,8.61,8.64,718760,9402647.00
2019/12/03,8.62,8.67,8.54,8.67,736040,9588307.00
2019/12/04,8.71,8.87,8.68,8.83,1785104,23699586.00
2019/12/05,8.85,8.86,8.71,8.82,1167803,15517568.00
2019/12/06,8.81,8.84,8.74,8.83,1124980,14944587.00
2019/12/09,8.85,8.86,8.75,8.83,1121563,14948385.00
2019/12/10,8.84,8.86,8.77,8.82,929280,12385128.00
2019/12/11,8.80,8.80,8.69,8.71,1117258,14763735.00
2019/12/12,8.69,8.71,8.63,8.69,855760,11226110.00
2019/12/13,8.70,8.84,8.70,8.81,1249100,16574100.00
2019/12/16,8.86,8.96,8.81,8.94,1556724,20907816.00
2019/12/17,8.96,9.05,8.88,9.00,1783524,24142652.00
2019/12/18,8.93,9.27,8.91,9.12,2094224,28807740.00
2019/12/19,9.14,9.19,9.06,9.17,1146260,15762961.00
2019/12/20,9.19,9.30,9.13,9.16,1842684,25556410.00
2019/12/23,9.11,9.15,8.92,8.93,1530494,20790532.00
2019/12/24,8.92,9.24,8.86,9.19,1777314,24425916.00
2019/12/25,9.12,9.26,9.12,9.21,1117500,15485360.00
2019/12/26,9.26,9.33,9.17,9.31,1613720,22522608.00
2019/12/27,9.26,9.37,9.11,9.14,1412220,19663730.00
2019/12/30,9.13,9.25,8.88,9.21,1188658,16318720.00
2019/12/31,9.23,9.26,9.14,9.21,944860,13108501.00
2020/01/02,9.31,9.49,9.24,9.39,2098978,29517690.00
2020/01/03,9.39,9.48,9.27,9.41,1693360,23882004.00
2020/01/06,9.36,9.48,9.34,9.45,1829080,25943668.00
2020/01/07,9.47,9.51,9.43,9.49,1708380,24338700.00
2020/01/08,9.46,9.56,9.20,9.29,2708543,38174260.00
2020/01/09,9.29,9.55,9.29,9.49,2355760,33532452.00
2020/01/10,9.53,9.57,9.37,9.41,1482200,21032420.00
2020/01/13,9.36,9.49,9.31,9.46,3134520,44402224.00
2020/01/14,9.47,9.98,9.47,9.82,6171536,90066120.00
2020/01/15,9.82,9.82,9.50,9.56,3288078,47343916.00
2020/01/16,9.56,9.59,9.36,9.39,2223108,31543840.00
2020/01/17,9.41,9.49,9.26,9.34,1907728,26874148.00
2020/01/20,9.34,9.42,9.34,9.41,1268723,17904814.00
2020/01/21,9.38,9.38,9.13,9.14,1961623,27226652.00
2020/01/22,9.09,9.27,9.01,9.20,1341520,18508980.00
2020/01/23,9.09,9.22,8.76,8.91,1716040,23332132.00
2020/02/03,7.95,7.95,7.95,7.95,664400,8045884.00
2020/02/04,7.09,7.69,7.09,7.61,2584691,29699584.00
2020/02/05,7.64,7.84,7.57,7.71,1680829,19855724.00
2020/02/06,7.73,8.13,7.72,8.04,2436343,29495560.00
2020/02/07,8.09,8.56,7.95,8.50,3043123,37996684.00
2020/02/10,8.42,8.70,8.36,8.51,2744514,35381768.00
2020/02/11,8.51,8.53,8.31,8.33,1840400,23439302.00
2020/02/12,8.37,8.48,8.32,8.43,1229972,15684731.00
2020/02/13,8.48,8.57,8.18,8.29,1764820,22278980.00
2020/02/14,8.25,8.37,8.21,8.27,1102972,13884704.00
2020/02/17,8.28,8.49,8.28,8.47,1775720,22678888.00
2020/02/18,8.47,8.57,8.41,8.52,2022354,26061724.00
2020/02/19,8.56,8.85,8.49,8.59,2496408,32663082.00
2020/02/20,8.53,8.68,8.46,8.64,2348586,30547546.00
2020/02/21,8.66,8.71,8.59,8.64,2275312,29764062.00
2020/02/24,8.60,8.81,8.56,8.77,2854954,37492264.00
2020/02/25,8.51,8.72,8.34,8.60,2763274,35766780.00
2020/02/26,8.48,8.74,8.44,8.54,2248440,29392560.00
2020/02/27,8.59,9.01,8.56,8.94,4522686,60433972.00
2020/02/28,8.63,8.76,8.37,8.37,3672532,47663296.00
2020/03/02,8.29,8.75,8.29,8.68,2713910,35465884.00
2020/03/03,8.79,9.07,8.70,8.75,3822898,51148728.00
2020/03/04,8.84,9.01,8.80,9.00,3340200,44989460.00
2020/03/05,9.04,9.37,8.95,9.14,4322903,59646504.00
2020/03/06,9.05,9.43,8.89,9.27,4259217,58599436.00
2020/03/09,9.07,9.29,8.99,9.04,3229351,44185656.00
2020/03/10,8.86,9.21,8.69,9.15,2831149,38345304.00
2020/03/11,9.15,9.23,8.98,8.98,2342754,32225224.00
2020/03/12,8.80,9.04,8.80,8.87,1866680,25077380.00
2020/03/13,8.41,8.70,8.25,8.53,2578372,32990272.00
2020/03/16,8.58,8.77,8.24,8.25,2319589,30057108.00
2020/03/17,8.27,8.39,7.76,8.18,1910120,23556992.00
2020/03/18,8.29,8.40,8.03,8.03,1650860,20657348.00
2020/03/19,8.01,8.16,7.79,8.06,2012457,24351568.00
2020/03/20,8.06,8.34,8.06,8.27,1842860,22940710.00
2020/03/23,8.15,8.44,8.06,8.08,1667460,20806468.00
2020/03/24,8.21,8.25,7.99,8.19,1355360,16771944.00
2020/03/25,8.36,8.44,8.26,8.34,1391520,17641290.00
2020/03/26,8.34,8.53,8.29,8.34,1405498,17910890.00
2020/03/27,8.40,8.52,8.31,8.43,1418520,18072412.00
2020/03/30,8.22,8.31,8.09,8.20,1392940,17344476.00
2020/03/31,8.25,8.39,8.17,8.21,936335,11754510.00
2020/04/01,8.19,8.27,8.04,8.09,1072307,13308322.00
2020/04/02,8.09,8.21,8.05,8.18,863680,10651733.00
2020/04/03,8.16,8.26,8.06,8.08,843709,10444664.00
2020/04/07,8.19,8.37,8.16,8.34,1240140,15631214.00
2020/04/08,8.30,8.45,8.27,8.39,1205160,15325066.00
2020/04/09,8.43,8.56,8.39,8.45,1287060,16531072.00
2020/04/10,8.46,8.54,8.09,8.30,1271260,16100859.00
2020/04/13,8.30,8.36,8.15,8.18,1506280,18808652.00
2020/04/14,8.18,8.37,8.18,8.36,1196260,15091882.00
2020/04/15,8.36,8.44,8.26,8.27,1460240,18446100.00
2020/04/16,8.25,8.71,8.16,8.56,2542620,32619220.00
2020/04/17,8.80,9.14,8.68,8.89,6029080,81344896.00
2020/04/20,8.79,9.29,8.78,9.19,4950440,68268816.00
2020/04/21,9.18,9.45,9.09,9.39,5132723,71524496.00
2020/04/22,9.30,9.40,9.19,9.31,4093040,57344632.00
2020/04/23,9.31,9.63,9.23,9.37,4096431,58112064.00
2020/04/24,9.36,9.56,9.31,9.36,3681720,52253472.00
2020/04/27,9.59,9.80,9.26,9.39,4506840,64373916.00
2020/04/28,9.30,9.43,8.93,9.21,4784440,66262080.00
2020/04/29,9.27,9.56,9.18,9.32,4182251,58665564.00
2020/04/30,9.80,10.29,9.52,10.12,10866839,162394784.00
2020/05/06,10.01,10.73,9.99,10.43,9247601,144869520.00
2020/05/07,10.49,10.64,10.34,10.51,6778605,106338656.00
2020/05/08,10.63,11.06,10.47,10.96,6939400,111064744.00
2020/05/11,10.94,11.23,10.84,11.16,5452920,89664624.00
2020/05/12,11.14,11.36,10.82,10.98,5103893,83630792.00
2020/05/13,11.01,11.10,10.87,11.00,3176216,51933144.00
2020/05/14,10.97,11.20,10.79,11.03,3291773,53941456.00
2020/05/15,10.86,12.14,10.86,11.96,7597074,132204928.00
2020/05/18,11.87,12.29,11.75,11.88,5663960,100443168.00
2020/05/19,12.05,12.07,11.69,11.74,3192460,55949060.00
2020/05/20,11.81,12.23,11.59,12.01,5087400,90041616.00
2020/05/21,12.22,12.26,11.39,11.39,4879140,84460000.00
2020/05/22,11.19,11.79,11.10,11.19,5048474,85896608.00
2020/05/25,11.30,11.81,11.04,11.26,5063580,86189096.00
2020/05/26,11.32,11.69,11.19,11.57,4338280,73395840.00
2020/05/27,11.50,11.50,11.16,11.21,2819580,47235008.00
2020/05/28,11.10,11.41,11.03,11.30,2901455,48504408.00
2020/05/29,11.29,11.64,11.20,11.46,2887860,49178200.00
2020/06/01,11.47,11.87,11.47,11.80,3835320,66460640.00
2020/06/02,11.73,11.93,11.46,11.49,4165833,71693368.00
2020/06/03,11.49,11.52,11.19,11.33,3447960,58145336.00
2020/06/04,11.37,11.43,11.21,11.22,1848580,30968578.00
2020/06/05,11.16,11.31,11.02,11.31,3015020,50134352.00
2020/06/08,11.30,11.34,10.76,10.94,4260220,69949536.00
2020/06/09,10.94,11.27,10.84,11.21,3021620,49813392.00
2020/06/10,11.16,11.25,10.99,11.01,2155037,35625804.00
2020/06/11,11.12,12.15,11.09,11.58,7590334,132154032.00
2020/06/12,11.44,11.71,11.14,11.18,5167189,87208864.00
2020/06/15,11.15,11.16,10.73,10.79,4615144,75063712.00
2020/06/16,10.96,10.99,10.73,10.93,2718620,44124180.00
2020/06/17,10.94,11.29,10.89,11.21,3212040,53016736.00
2020/06/18,11.16,12.40,11.09,12.40,12386493,223217424.00
2020/06/19,12.50,13.35,12.46,13.24,14294300,271795104.00
2020/06/22,12.95,12.97,11.98,12.12,12541380,227066960.00
2020/06/23,11.98,12.26,11.81,12.05,6378390,113812728.00
2020/06/24,12.03,12.14,11.79,11.94,3451163,61058872.00
2020/06/29,11.95,12.51,11.79,12.26,5105814,92003568.00
2020/06/30,12.51,12.51,12.16,12.28,3893858,70850376.00
2020/07/01,12.38,12.44,11.74,11.91,5158920,91925560.00
2020/07/02,11.89,12.06,11.76,12.00,3678477,65019100.00
2020/07/03,12.01,12.32,11.87,12.30,3919778,70034816.00
2020/07/06,12.47,12.93,12.46,12.86,6310288,118489848.00
2020/07/07,13.01,13.43,12.54,13.19,7194565,137406816.00
2020/07/08,13.14,13.16,12.80,12.96,5789365,110423408.00
2020/07/09,12.96,13.15,12.86,13.02,5987235,114763384.00
2020/07/10,12.99,14.14,12.91,13.76,9076900,182494272.00
2020/07/13,13.83,14.13,13.56,14.00,8185700,118212240.00
2020/07/14,13.78,13.78,12.85,13.04,13989846,194561264.00
2020/07/15,13.14,13.26,12.37,12.46,9526278,127444736.00
2020/07/16,12.47,12.86,12.17,12.27,8014888,106004728.00
2020/07/17,12.36,12.91,12.31,12.80,7527088,100324728.00
2020/07/20,12.86,13.24,12.66,12.92,9967934,135359872.00
2020/07/21,12.86,12.92,12.54,12.66,5667866,75520200.00
2020/07/22,12.67,12.78,12.54,12.61,5841976,77591432.00
2020/07/23,12.50,12.51,11.87,12.23,7249956,93060640.00
2020/07/24,12.11,12.43,11.59,11.61,5834838,73598576.00
2020/07/27,11.57,11.72,11.16,11.47,3443468,41439664.00
2020/07/28,11.54,11.75,11.46,11.59,2902556,35407828.00
2020/07/29,11.50,11.90,11.34,11.89,3497875,43142536.00
2020/07/30,11.84,12.10,11.76,11.82,3357951,42128056.00
2020/07/31,11.78,12.01,11.70,11.88,2697764,33706004.00
2020/08/03,11.96,12.74,11.96,12.69,7506676,97985360.00
2020/08/04,12.70,12.78,12.51,12.57,4710342,62311424.00
2020/08/05,12.57,13.01,12.38,12.80,6295599,84348232.00
2020/08/06,12.70,12.77,12.49,12.70,3992852,53072224.00
2020/08/07,12.66,12.80,12.24,12.43,4066810,53355736.00
2020/08/10,12.46,12.80,12.40,12.65,4548830,60449344.00
2020/08/11,12.63,12.75,12.38,12.42,4195334,55400228.00
2020/08/12,12.37,12.38,11.74,11.98,4981884,62884312.00
2020/08/13,11.94,12.05,11.84,11.89,2755452,34672908.00
2020/08/14,11.88,12.07,11.58,12.06,3571869,44478396.00
2020/08/17,12.06,12.27,11.99,12.22,3717605,47545560.00
2020/08/18,12.16,12.36,12.14,12.24,3056212,39398264.00
2020/08/19,12.29,12.30,12.02,12.02,2719047,34698680.00
2020/08/20,12.02,12.03,11.80,11.84,1929940,24163644.00
2020/08/21,11.88,12.07,11.80,11.90,1909968,24024848.00
2020/08/24,11.90,12.02,11.78,11.97,1507292,18929740.00
2020/08/25,11.97,12.28,11.93,12.28,2760119,35210864.00
2020/08/26,12.24,12.78,12.11,12.56,7433978,97874624.00
2020/08/27,12.45,12.86,12.38,12.83,6018836,79988096.00
2020/08/28,12.81,12.82,12.31,12.50,6258413,81897672.00
2020/08/31,12.45,12.53,12.32,12.36,4057365,52989980.00
2020/09/01,12.34,12.34,12.08,12.24,2821281,36210852.00
2020/09/02,12.27,12.34,12.19,12.32,2530750,32677678.00
2020/09/03,12.29,12.32,11.97,11.98,3039716,38803656.00
2020/09/04,11.82,11.98,11.59,11.95,2364417,29441108.00
2020/09/07,11.92,12.09,11.73,11.81,2443288,30737400.00
2020/09/08,11.78,11.90,11.65,11.81,2063072,25619852.00
2020/09/09,11.67,11.76,11.40,11.40,3020940,36848940.00
2020/09/10,11.43,11.49,10.81,10.81,3455046,40691084.00
2020/09/11,10.86,11.00,10.68,10.94,1846402,21223298.00
2020/09/14,10.95,11.14,10.95,11.11,1763395,20649888.00
2020/09/15,11.14,11.16,10.91,11.01,1549026,18025964.00
2020/09/16,11.16,11.16,10.99,11.04,1056921,12347289.00
2020/09/17,11.03,11.14,10.88,11.06,1225300,14280906.00
2020/09/18,11.04,11.23,10.99,11.23,1560763,18345376.00
2020/09/21,11.23,11.28,11.11,11.18,1152888,13609188.00
2020/09/22,11.14,11.15,10.80,10.89,1592964,18500220.00
2020/09/23,10.90,11.00,10.85,10.94,794672,9191752.00
2020/09/24,10.86,10.90,10.49,10.57,1750788,19762888.00
2020/09/25,10.57,10.68,10.45,10.68,1453496,16261527.00
2020/09/28,10.61,10.77,10.58,10.70,988420,11195937.00
2020/09/29,10.71,10.99,10.67,10.92,1185273,13629566.00
2020/09/30,11.04,11.04,10.87,10.93,813321,9431326.00
2020/10/09,11.02,11.11,11.01,11.05,1174096,13741024.00
2020/10/12,11.06,11.49,11.06,11.42,2481377,29570440.00
2020/10/13,11.49,11.49,11.27,11.34,1529953,18324780.00
2020/10/14,11.34,11.36,11.08,11.12,1244180,14701323.00
2020/10/15,11.11,11.14,10.98,11.03,1461337,17081330.00
2020/10/16,11.03,11.05,10.92,10.98,959100,11149436.00
2020/10/19,10.92,11.03,10.72,10.74,1640420,18872248.00
2020/10/20,10.81,10.86,10.67,10.86,998600,11393392.00
2020/10/21,10.86,10.88,10.56,10.57,2069229,23363628.00
2020/10/22,10.61,10.76,10.49,10.69,1032648,11658299.00
2020/10/23,10.70,10.82,10.53,10.56,1112668,12581882.00
2020/10/26,10.56,10.64,10.46,10.55,821028,9189172.00
2020/10/27,10.55,10.61,10.48,10.56,682192,7627452.00
2020/10/28,10.59,10.72,10.46,10.69,1110768,12472316.00
2020/10/29,10.52,10.65,10.50,10.62,1136192,12753230.00
2020/10/30,10.65,10.71,10.30,10.32,1988668,22217352.00
2020/11/02,10.27,10.39,10.10,10.39,1529493,16669144.00
2020/11/03,10.39,10.65,10.27,10.63,1289576,14426334.00
2020/11/04,10.63,10.68,10.55,10.56,853200,9598852.00
2020/11/05,10.65,10.66,10.50,10.64,1318915,14821861.00
2020/11/06,10.64,10.64,10.40,10.54,1220592,13619983.00
2020/11/09,10.57,10.73,10.57,10.67,1931008,21835430.00
2020/11/10,10.71,10.82,10.63,10.80,2164340,24662012.00
2020/11/11,10.77,10.79,10.64,10.65,1481008,16776140.00
2020/11/12,10.67,11.21,10.58,11.04,3561602,41236900.00
2020/11/13,10.91,11.32,10.85,11.19,4184115,49368428.00
2020/11/16,11.14,11.43,11.07,11.24,3099360,36914384.00
2020/11/17,11.23,11.23,10.91,10.96,2342038,27301616.00
2020/11/18,11.01,11.12,10.85,10.94,1399770,16311026.00
2020/11/19,10.94,11.00,10.83,10.93,1743016,20097080.00
2020/11/20,10.89,10.99,10.84,10.98,1570776,18171968.00
2020/11/23,10.95,11.05,10.84,10.95,1633591,18888286.00
2020/11/24,10.95,11.21,10.89,11.19,2842077,33458088.00
2020/11/25,11.18,11.44,11.12,11.13,3066646,36634200.00
2020/11/26,11.15,11.21,10.89,11.05,1444122,16840486.00
2020/11/27,11.06,11.15,10.87,10.92,1944936,22592644.00
2020/11/30,10.94,11.59,10.87,11.41,5322330,63742180.00
2020/12/01,11.41,11.44,11.26,11.42,2746596,32982670.00
2020/12/02,11.40,11.43,11.29,11.41,1538735,18474884.00
2020/12/03,11.46,11.80,11.45,11.70,4951844,60920640.00
2020/12/04,11.73,11.74,11.55,11.65,1994867,24460156.00
2020/12/07,11.63,11.76,11.14,11.17,4189932,50291484.00
2020/12/08,11.16,11.16,11.00,11.01,2223776,26002100.00
2020/12/09,11.06,11.06,10.65,10.70,2611004,29996134.00
2020/12/10,10.66,10.79,10.59,10.69,1056620,11992399.00
2020/12/11,10.74,10.78,10.52,10.62,1632140,18321056.00
2020/12/14,10.66,10.74,10.57,10.72,790756,8936283.00
2020/12/15,10.67,10.82,10.56,10.72,1131600,12826662.00
2020/12/16,10.71,10.71,10.56,10.58,804740,9055188.00
2020/12/17,10.58,10.61,9.47,10.50,2213608,24147396.00
2020/12/18,10.53,10.58,10.17,10.21,1721900,18885856.00
2020/12/21,10.16,10.42,10.16,10.35,1268680,13926705.00
2020/12/22,10.34,10.34,9.99,9.99,1920228,20671776.00
2020/12/23,9.61,9.85,9.46,9.47,3059568,31306402.00
2020/12/24,9.54,9.54,9.08,9.11,2321288,22884190.00
2020/12/25,9.06,9.76,9.06,9.63,2367940,24031924.00
2020/12/30,10.36,10.66,10.16,10.66,2818476,31637908.00
2020/12/31,10.86,11.06,10.19,10.36,5639441,63103876.00
2021/01/04,10.18,10.31,10.05,10.25,3381708,36555532.00
2021/01/05,10.11,10.17,9.86,9.89,2713228,28763118.00
2021/01/06,9.78,10.00,9.72,9.88,1873052,19657888.00
2021/01/07,9.71,9.78,9.40,9.43,2149548,21925686.00
2021/01/08,9.40,9.61,9.19,9.55,1416816,14280013.00
2021/01/11,9.52,9.53,9.26,9.32,1488436,14826283.00
2021/01/12,9.31,10.06,9.31,9.89,2895812,30305760.00
2021/01/13,9.89,10.16,9.76,9.82,2522450,26666110.00
2021/01/14,10.06,10.11,9.82,9.92,1640054,17368660.00
2021/01/15,9.93,10.05,9.81,9.95,1656850,17523568.00
2021/01/18,9.95,10.35,9.95,10.16,2187373,23692686.00
2021/01/19,10.09,10.36,10.09,10.17,1419462,15389185.00
2021/01/20,10.29,10.31,10.00,10.12,1326792,14266410.00
2021/01/21,10.13,10.19,9.97,10.09,1506472,16151917.00
2021/01/22,10.20,10.20,9.92,9.92,1179174,12535091.00
2021/01/25,9.65,9.85,9.49,9.57,1372468,14066932.00
2021/01/26,9.46,9.68,9.40,9.47,926396,9419900.00
2021/01/27,9.47,9.55,9.41,9.50,864740,8747302.00
2021/01/28,9.49,9.49,9.37,9.38,810152,8148625.00
2021/01/29,9.38,9.46,9.26,9.37,1046320,10418126.00
2021/02/01,9.37,9.44,9.30,9.41,659868,6609796.00
2021/02/02,9.41,9.50,9.31,9.39,886780,8901895.00
2021/02/03,9.37,9.40,9.07,9.14,1360564,13371771.00
2021/02/04,9.12,9.26,8.91,9.00,1089884,10545098.00
2021/02/05,9.01,9.14,8.95,8.99,798276,7722227.00
2021/02/08,8.99,9.11,8.92,8.97,605524,5843577.50
2021/02/09,9.01,9.11,8.92,9.08,640492,6213822.00
2021/02/10,9.08,9.64,9.04,9.36,1655257,16656852.00
2021/02/18,9.41,9.59,9.41,9.54,1174008,11923252.00
2021/02/19,9.73,9.99,9.53,9.91,1589472,16623611.00
2021/02/22,9.91,10.16,9.84,9.87,1684325,17942560.00
2021/02/23,9.90,9.99,9.71,9.75,1176693,12263727.00
2021/02/24,9.65,9.91,9.65,9.81,985812,10313259.00
2021/02/25,9.91,9.93,9.76,9.78,800848,8375800.00
2021/02/26,9.74,10.03,9.36,9.96,1768996,18574400.00
2021/03/01,10.14,10.29,10.03,10.20,1819028,19669186.00
2021/03/02,10.30,10.72,10.25,10.49,4336215,48317004.00
2021/03/03,10.46,10.46,10.14,10.36,2443358,26632836.00
2021/03/04,10.24,10.36,10.18,10.23,1545732,16826310.00
2021/03/05,10.22,10.37,10.18,10.25,1201527,13107285.00
2021/03/08,10.32,10.34,10.18,10.18,1581736,17243466.00
2021/03/09,10.18,10.30,9.88,9.99,1926895,20618634.00
2021/03/10,10.08,10.14,9.93,9.98,771212,8215988.00
2021/03/11,10.01,10.13,9.88,10.09,1373786,14660228.00
2021/03/12,10.18,10.26,9.97,10.14,1583008,17024792.00
2021/03/15,10.21,10.51,10.12,10.37,2257233,24789884.00
2021/03/16,10.54,10.69,10.34,10.66,3928875,43933924.00
2021/03/17,10.51,10.57,10.42,10.42,1893534,21041088.00
2021/03/18,10.42,10.65,10.41,10.55,1523161,17018440.00
2021/03/19,10.46,10.76,10.39,10.54,2090746,23548654.00
2021/03/22,10.58,10.90,10.58,10.83,2796517,31861742.00
2021/03/23,10.89,11.11,10.64,10.92,3487274,40131720.00
2021/03/24,10.92,11.21,10.73,11.15,4020147,46978528.00
2021/03/25,11.18,11.19,10.51,10.53,3860227,43877284.00
2021/03/26,10.46,11.65,10.44,11.05,10122445,121727344.00
2021/03/29,10.86,10.96,10.63,10.77,6459330,73774320.00
2021/03/30,10.67,10.81,10.54,10.66,3027128,34158852.00
2021/03/31,10.66,11.76,10.53,11.48,9645240,115750976.00
2021/04/01,11.44,11.45,11.02,11.06,6339801,74768800.00
2021/04/02,11.05,11.16,10.87,11.01,3835615,44576656.00
2021/04/06,11.01,11.08,10.82,10.99,2220497,25802986.00
2021/04/07,10.99,11.09,10.86,10.92,2036306,23594916.00
2021/04/08,10.92,10.99,10.57,10.60,3310999,37519992.00
2021/04/09,10.66,10.71,10.55,10.58,1882669,21191870.00
2021/04/12,10.57,10.71,10.44,10.56,1871149,20924072.00
2021/04/13,10.56,10.66,10.40,10.62,1990328,22251128.00
2021/04/14,10.66,10.66,10.44,10.52,1936564,21598078.00
2021/04/15,10.52,10.58,10.46,10.50,1315714,14664841.00
2021/04/16,10.55,10.64,10.44,10.60,1659151,18583072.00
2021/04/19,10.60,10.76,10.55,10.66,2104308,23844458.00
2021/04/20,10.62,10.74,10.55,10.55,1326268,14942240.00
2021/04/21,10.48,10.55,10.40,10.49,1285520,14278366.00
2021/04/22,10.48,10.52,10.43,10.45,1222653,13571028.00
2021/04/23,10.46,10.51,10.14,10.18,2491856,27089766.00
2021/04/26,10.33,10.38,10.23,10.23,1054556,11541010.00
2021/04/27,10.17,10.20,10.04,10.04,1134276,12166902.00
2021/04/28,10.03,10.11,9.93,9.98,1208056,12872120.00
2021/04/29,9.87,10.06,9.87,10.01,814084,8662621.00
2021/04/30,9.94,10.06,9.70,9.74,1752896,18266282.00
2021/05/06,9.74,9.75,9.46,9.58,1746877,17823504.00
2021/05/07,9.58,9.69,9.48,9.51,1179436,12019899.00
2021/05/10,9.49,9.74,9.49,9.57,1277734,13089161.00
2021/05/11,9.57,9.71,9.53,9.71,1033632,10606531.00
2021/05/12,9.67,10.01,9.62,10.00,1577040,16538682.00
2021/05/13,9.94,10.04,9.77,9.80,1330872,13971249.00
2021/05/14,9.80,10.11,9.80,10.05,1889872,20155442.00
2021/05/17,9.99,10.06,9.78,9.79,1380904,14539734.00
2021/05/18,9.93,9.93,9.73,9.79,651920,6794424.50
2021/05/19,9.80,9.97,9.73,9.85,920753,9664753.00
2021/05/20,9.85,9.85,9.57,9.63,1308996,13534201.00
2021/05/21,9.64,9.70,9.58,9.60,673233,6904706.50
2021/05/24,9.65,9.72,9.60,9.63,694572,7148339.50
2021/05/25,9.69,9.69,9.58,9.64,1130567,11608040.00
2021/05/26,9.72,9.73,9.63,9.68,1009874,10405817.00
2021/05/27,9.66,9.84,9.66,9.84,1294687,13481988.00
2021/05/28,9.84,9.87,9.62,9.63,1321488,13721339.00
2021/05/31,9.68,9.84,9.60,9.81,1139389,11840532.00
2021/06/01,9.81,9.83,9.72,9.80,1029508,10718213.00
2021/06/02,9.84,9.84,9.72,9.73,672556,6993953.50
2021/06/03,9.71,9.85,9.71,9.75,809832,8445382.00
2021/06/04,9.73,9.75,9.63,9.67,895512,9247464.00
2021/06/07,9.66,9.71,9.61,9.69,544034,5610002.50
2021/06/08,9.53,9.60,9.13,9.28,4415842,43726696.00
2021/06/09,9.26,9.32,9.16,9.25,1091988,10814798.00
2021/06/10,9.30,9.33,9.25,9.29,872743,8658068.00
2021/06/11,9.30,9.40,9.26,9.36,1317909,13163447.00
2021/06/15,9.42,9.42,9.14,9.18,1229767,12106360.00
2021/06/16,9.21,9.24,9.12,9.18,685176,6723122.50
2021/06/17,9.18,9.33,9.18,9.23,715910,7083517.00
2021/06/18,9.24,9.28,9.17,9.26,960780,9486988.00
2021/06/21,9.26,9.30,9.18,9.29,742943,7359461.50
2021/06/22,9.26,9.38,9.25,9.36,897708,8955083.00
2021/06/23,9.40,9.53,9.37,9.48,1194717,12080816.00
2021/06/24,9.48,9.48,9.33,9.36,939962,9417923.00
2021/06/25,9.37,9.41,9.31,9.35,853852,8529023.00
2021/06/28,9.38,9.41,9.25,9.26,1099393,10907153.00
2021/06/29,9.34,9.36,9.22,9.22,1014832,9994655.00
2021/06/30,9.23,9.40,9.15,9.36,976152,9670227.00
2021/07/01,9.41,9.48,9.29,9.44,1179642,11799890.00
2021/07/02,9.52,9.52,9.32,9.33,938876,9336394.00
2021/07/05,9.42,9.48,9.34,9.48,943844,9452931.00
2021/07/06,9.40,9.52,9.40,9.51,791620,7951205.00
2021/07/07,9.44,9.59,9.44,9.58,1139964,11550165.00
2021/07/08,9.58,9.64,9.45,9.45,1022396,10313295.00
2021/07/09,9.37,9.53,9.37,9.51,1393060,13980558.00
2021/07/12,9.56,9.70,9.51,9.56,1066276,10818459.00
2021/07/13,9.54,9.68,9.52,9.65,1485108,15147762.00
2021/07/14,9.57,9.71,9.53,9.57,1191476,12111805.00
2021/07/15,9.67,9.67,9.47,9.52,938882,9487086.00
2021/07/16,9.57,9.57,9.37,9.39,1128274,11305897.00
2021/07/19,9.45,9.45,9.29,9.35,883620,8762040.00
2021/07/20,9.29,9.49,9.28,9.45,756516,7545009.00
2021/07/21,9.52,9.67,9.48,9.64,1786366,18198330.00
2021/07/22,9.64,9.64,9.52,9.60,891176,9037667.00
2021/07/23,9.57,9.61,9.45,9.45,998100,10044176.00
2021/07/26,9.44,9.57,9.29,9.46,1014328,10128057.00
2021/07/27,9.38,9.50,9.29,9.31,1035616,10312477.00
2021/07/28,9.25,9.32,8.87,9.08,1362755,13118826.00
2021/07/29,9.06,9.19,9.06,9.09,938944,9093857.00
2021/07/30,9.03,9.12,8.95,9.02,906174,8693634.00
2021/08/02,9.03,9.22,8.95,9.16,1338316,12957152.00
2021/08/03,9.28,9.32,9.16,9.19,918284,9003218.00
2021/08/04,9.13,9.24,9.13,9.17,842696,8217108.00
2021/08/05,9.18,9.20,9.08,9.10,820416,7954927.00
2021/08/06,9.09,9.14,8.97,9.04,919119,8823810.00
2021/08/09,8.98,9.18,8.98,9.16,799468,7755944.00
2021/08/10,9.16,9.30,9.15,9.30,1174928,11507750.00
2021/08/11,9.40,9.62,9.39,9.49,2547306,25608858.00
2021/08/12,9.55,9.58,9.44,9.51,1353783,13653761.00
2021/08/13,9.45,9.54,9.25,9.32,2380880,23604868.00
2021/08/16,9.31,9.55,9.24,9.53,1376744,13819319.00
2021/08/17,9.53,9.60,9.33,9.38,2260483,22652404.00
2021/08/18,9.38,9.53,9.36,9.53,1537160,15430751.00
2021/08/19,9.53,9.62,9.46,9.49,1239644,12542527.00
2021/08/20,9.39,9.57,9.33,9.45,1794954,17997346.00
2021/08/23,9.44,9.65,9.44,9.59,1283354,13035410.00
2021/08/24,9.62,9.69,9.57,9.65,1564727,15950289.00
2021/08/25,9.68,9.86,9.56,9.83,2778544,28675492.00
2021/08/26,9.93,9.94,9.75,9.81,2161004,22470104.00
2021/08/27,9.91,9.91,9.75,9.83,1691647,17614788.00
2021/08/30,9.83,9.87,9.69,9.75,1692120,17484994.00
2021/08/31,9.91,10.11,9.83,10.03,3373965,35588900.00
2021/09/01,10.06,10.18,9.92,10.10,3118046,33227740.00
2021/09/02,10.06,10.12,9.96,10.02,1886860,19986516.00
2021/09/03,10.02,10.21,9.99,10.07,1577068,16812244.00
2021/09/06,10.02,10.18,9.95,10.05,1217536,12906458.00
2021/09/07,10.02,10.19,10.00,10.11,1923543,20570882.00
2021/09/08,10.18,10.18,10.08,10.16,1300976,13923520.00
2021/09/09,10.14,10.25,10.12,10.23,1341284,14438762.00
2021/09/10,10.26,10.32,10.00,10.00,1990380,21278480.00
2021/09/13,10.07,10.43,10.00,10.39,3228080,35182296.00
2021/09/14,10.29,10.40,10.04,10.04,2584592,27810628.00
2021/09/15,10.04,10.19,9.93,10.11,2221929,23609072.00
2021/09/16,10.16,10.28,10.02,10.04,1384900,14829866.00
2021/09/17,9.98,10.12,9.84,9.95,1588127,16712107.00
2021/09/22,9.81,10.00,9.81,9.99,1541316,16198591.00
2021/09/23,10.00,10.93,10.00,10.76,9373175,104687944.00
2021/09/24,10.70,10.76,10.34,10.45,4248791,46995564.00
2021/09/27,10.45,10.63,10.06,10.16,3318048,36069224.00
2021/09/28,10.13,10.45,10.07,10.39,2545236,27661460.00
2021/09/29,10.26,10.33,9.93,9.93,2840052,30280990.00
2021/09/30,9.94,10.13,9.94,10.01,1645129,17437812.00
2021/10/08,10.14,10.53,10.14,10.32,3381487,36990684.00
2021/10/11,10.26,10.36,9.98,10.08,2625512,28025196.00
2021/10/12,10.00,10.09,9.68,9.81,2413632,25067360.00
2021/10/13,9.82,9.86,9.57,9.68,1795328,18399836.00
2021/10/14,9.68,9.83,9.52,9.73,1393733,14285290.00
2021/10/15,9.76,9.79,9.53,9.56,1687564,17161380.00
2021/10/18,9.53,9.56,9.36,9.51,1117337,11187927.00
2021/10/19,9.45,9.55,9.41,9.54,913532,9190808.00
2021/10/20,9.54,9.58,9.39,9.42,1306140,13078843.00
2021/10/21,9.50,9.50,9.36,9.47,847314,8471723.00
2021/10/22,9.40,9.44,9.21,9.21,1872784,18438824.00
2021/10/25,9.32,9.35,9.18,9.23,1136756,11169277.00
2021/10/26,9.16,9.30,9.10,9.27,1893460,18453346.00
2021/10/27,9.19,9.21,8.88,8.93,3299438,31367888.00
2021/10/28,8.76,9.01,8.76,8.84,1647167,15597594.00
2021/10/29,8.91,9.00,8.84,8.92,858248,8155197.00
2021/11/01,8.93,9.05,8.93,8.96,1139508,10885847.00
2021/11/02,9.01,9.01,8.69,8.78,1435132,13509021.00
2021/11/03,8.78,8.93,8.78,8.87,919912,8668725.00
2021/11/04,8.93,8.98,8.87,8.98,696296,6611637.00
2021/11/05,8.96,9.06,8.93,8.98,818440,7818523.00
2021/11/08,9.01,9.52,9.01,9.30,2568993,25440406.00
2021/11/09,9.34,9.42,9.23,9.23,1612667,15898911.00
2021/11/10,9.21,9.33,9.17,9.32,1421164,13950904.00
2021/11/11,9.53,10.31,9.44,10.31,6702404,72637728.00
2021/11/12,9.84,10.25,9.74,10.11,9048359,95089776.00
2021/11/15,9.89,10.26,9.85,10.24,5518740,58718376.00
2021/11/16,10.26,10.26,10.00,10.13,3685560,39374872.00
2021/11/17,10.01,10.21,9.92,10.14,3238472,34440424.00
2021/11/18,10.12,10.23,9.95,9.98,2483803,26381008.00
2021/11/19,9.99,10.05,9.87,9.99,2034996,21415924.00
2021/11/22,10.00,10.02,9.84,9.98,1686108,17705078.00
2021/11/23,9.99,10.22,9.83,10.11,3022100,31992808.00
2021/11/24,10.20,10.20,9.88,9.97,2253539,23784196.00
2021/11/25,9.91,10.34,9.90,10.30,4213006,45222148.00
2021/11/26,10.20,10.37,10.08,10.34,3133591,33857768.00
2021/11/29,10.21,10.34,10.04,10.20,1995230,21439464.00
2021/11/30,10.32,10.63,10.24,10.61,5706132,63113932.00
2021/12/01,10.60,10.70,10.45,10.62,3269872,36498508.00
2021/12/02,10.53,10.61,10.31,10.50,3433002,37701256.00
2021/12/03,10.53,10.55,10.29,10.30,1950584,21319930.00
2021/12/06,10.31,10.37,10.03,10.08,2166764,23288730.00
2021/12/07,10.08,10.28,9.99,10.11,2590748,27644924.00
2021/12/08,10.16,10.20,10.02,10.05,1101292,11736094.00
2021/12/09,10.11,10.25,10.06,10.11,1604300,17178884.00
2021/12/10,10.05,10.16,10.03,10.16,1286790,13696989.00
2021/12/13,10.16,10.24,10.12,10.16,1368100,14704091.00
2021/12/14,10.16,10.33,10.04,10.28,2137776,22994560.00
2021/12/15,10.24,10.37,10.20,10.26,1827388,19801292.00
2021/12/16,10.26,10.68,10.24,10.55,3881824,42979704.00
2021/12/17,10.53,10.79,10.36,10.61,3800120,42384656.00
2021/12/20,10.61,11.22,10.50,11.17,9505284,109919064.00
2021/12/21,11.06,11.09,10.73,10.84,5971516,68235920.00
2021/12/22,10.85,10.86,10.65,10.68,3322057,37557280.00
2021/12/23,10.63,10.74,10.52,10.62,2462500,27614246.00
2021/12/24,10.64,10.83,10.39,10.39,3292375,36852928.00
2021/12/27,10.36,10.85,10.30,10.78,4136610,46588768.00
2021/12/28,10.88,10.93,10.53,10.60,2551904,28558888.00
2021/12/29,10.53,10.66,10.47,10.53,1451027,16147677.00
2021/12/30,10.63,10.70,10.48,10.63,1529453,17124108.00
2021/12/31,10.65,10.78,10.57,10.73,1603799,18073654.00
2022/01/04,10.82,11.03,10.73,11.00,3480907,40007412.00
2022/01/05,11.06,11.11,10.73,10.83,2308408,26367132.00
2022/01/06,10.81,11.22,10.71,11.06,3726361,43425360.00
2022/01/07,11.16,11.27,10.95,11.00,3619637,42315696.00
2022/01/10,11.13,12.16,11.13,11.82,13549091,169094928.00
2022/01/11,11.74,11.98,11.59,11.73,7495548,92410440.00
2022/01/12,11.66,11.89,11.63,11.74,4377491,53804496.00
2022/01/13,11.64,12.15,11.57,11.63,4068542,50262188.00
2022/01/14,11.59,11.73,11.25,11.28,5336273,63929688.00
2022/01/17,11.33,11.68,11.25,11.49,3481884,41972552.00
2022/01/18,11.66,11.73,11.12,11.20,3725365,44261772.00
2022/01/19,11.26,11.61,11.23,11.45,3136737,37552216.00
2022/01/20,11.35,11.77,11.27,11.45,5512488,66625692.00
2022/01/21,11.47,11.57,11.08,11.50,3312272,39350612.00
2022/01/24,11.49,11.51,10.99,11.28,3423587,40106380.00
2022/01/25,11.14,11.18,10.47,10.47,3603360,40729108.00
2022/01/26,10.53,11.07,10.47,10.97,3672220,41857176.00
2022/01/27,11.05,11.05,10.37,10.44,2908216,32338608.00
2022/01/28,10.49,10.90,10.41,10.57,2143698,24017804.00
2022/02/07,10.79,11.38,10.64,11.14,3384076,39363676.00
2022/02/08,11.15,12.31,11.08,11.86,8518043,105285672.00
2022/02/09,11.86,12.53,11.71,12.17,7571630,96735248.00
2022/02/10,12.41,12.57,11.92,12.07,8472028,108193800.00
2022/02/11,12.12,12.14,11.73,11.79,5056113,63078796.00
2022/02/14,11.93,12.25,11.82,12.00,5868280,74092000.00
2022/02/15,12.14,12.54,11.87,12.28,6769843,87047696.00
2022/02/16,12.33,12.39,11.94,12.14,4535848,57397176.00
2022/02/17,12.25,12.72,12.12,12.33,7417180,96619696.00
2022/02/18,12.08,12.52,12.01,12.50,4643563,60074108.00
2022/02/21,12.41,12.45,12.19,12.36,3700404,47575216.00
2022/02/22,12.19,12.24,11.84,11.91,5459327,68492840.00
2022/02/23,11.99,12.10,11.72,11.97,3724621,46407216.00
2022/02/24,12.12,12.36,11.42,11.52,6948312,86374904.00
2022/02/25,11.60,11.89,11.53,11.79,4383644,53956052.00
2022/02/28,11.90,11.91,11.35,11.70,2797679,33950572.00
2022/03/01,11.75,11.87,11.63,11.79,2181360,26925402.00
2022/03/02,11.79,12.16,11.55,12.12,3367676,41890580.00
2022/03/03,12.06,12.18,11.93,12.07,2606380,32833568.00
2022/03/04,12.05,12.05,11.80,11.84,1937504,24136290.00
2022/03/07,11.77,11.96,11.44,11.55,2866164,35001136.00
2022/03/08,11.45,11.67,11.32,11.42,2282200,27563056.00
2022/03/09,11.47,11.58,10.75,11.24,3693792,43436496.00
2022/03/10,11.34,11.85,11.28,11.66,4220623,51581860.00
2022/03/11,11.58,11.58,10.94,11.21,3956988,46320508.00
2022/03/14,11.13,11.13,10.56,10.58,3339192,37839784.00
2022/03/15,10.48,10.65,9.77,9.80,3289632,35221824.00
2022/03/16,9.93,10.10,9.46,9.91,3125952,32429816.00
2022/03/17,10.01,10.16,9.84,9.99,3007068,31860736.00
2022/03/18,9.88,10.28,9.87,10.19,2045196,21946720.00
2022/03/21,10.19,10.40,10.15,10.36,2064860,22402924.00
2022/03/22,10.45,10.47,10.21,10.38,1880200,20497380.00
2022/03/23,10.40,10.43,10.21,10.24,1366020,14830482.00
2022/03/24,10.21,10.25,10.03,10.03,1201960,12854650.00
2022/03/25,10.03,10.31,10.00,10.11,1595500,17164532.00
2022/03/28,10.19,10.42,9.93,10.24,1792460,19305294.00
2022/03/29,10.35,10.39,9.93,9.97,1901340,20225404.00
2022/03/30,10.03,10.25,10.03,10.25,1508168,16142967.00
2022/03/31,10.24,10.42,10.18,10.31,1868912,20345278.00
2022/04/01,10.39,10.39,10.17,10.33,1956696,21191352.00
2022/04/06,10.23,10.63,10.18,10.61,2304292,25393820.00
2022/04/07,10.55,10.58,10.26,10.28,1542496,16886754.00
2022/04/08,10.35,10.37,10.05,10.09,1348072,14422223.00
2022/04/11,10.04,10.15,9.72,9.73,1588552,16658915.00
2022/04/12,9.76,10.03,9.65,9.99,1295746,13505977.00
2022/04/13,10.00,10.01,9.77,9.82,1354920,14100151.00
2022/04/14,9.82,10.01,9.82,9.95,1076352,11309784.00
2022/04/15,9.94,9.95,9.56,9.56,1404344,14442172.00
2022/04/18,9.53,9.73,9.38,9.71,958296,9720520.00
2022/04/19,9.64,9.88,9.63,9.78,822820,8471467.00
2022/04/20,9.83,9.86,9.57,9.64,951404,9782273.00
2022/04/21,9.64,9.66,9.23,9.31,1226096,12217533.00
2022/04/22,9.23,9.37,9.09,9.20,1189724,11647398.00
2022/04/25,9.08,9.28,8.39,8.40,2384276,22150328.00
2022/04/26,8.63,8.63,8.03,8.07,1601936,14271006.00
2022/04/27,7.91,8.88,7.91,8.77,2921504,26188606.00
2022/04/28,8.77,8.94,8.53,8.60,1841236,17072444.00
2022/04/29,8.44,8.60,8.26,8.54,3792386,34146208.00
2022/05/05,8.52,8.57,8.31,8.43,1962616,17710848.00
2022/05/06,8.20,8.31,8.10,8.23,1738600,15272484.00
2022/05/09,8.28,8.67,8.14,8.62,2052200,18746188.00
2022/05/10,8.52,8.67,8.39,8.67,1837724,16755995.00
2022/05/11,8.71,8.81,8.59,8.60,2172577,20213164.00
2022/05/12,8.43,8.77,8.43,8.70,1273080,11780876.00
2022/05/13,8.71,8.91,8.65,8.72,1078292,10003848.00
2022/05/16,8.71,8.88,8.64,8.73,1100340,10258094.00
2022/05/17,8.72,8.82,8.53,8.67,1171100,10784848.00
2022/05/18,8.72,8.91,8.44,8.80,1395872,13094947.00
2022/05/19,8.68,8.87,8.63,8.84,949460,8898965.00
2022/05/20,8.91,9.02,8.82,8.93,975653,9237517.00
2022/05/23,8.97,9.21,8.91,9.17,1323991,12771133.00
2022/05/24,9.18,9.28,8.85,8.86,3565161,34333584.00
2022/05/25,8.89,9.06,8.88,8.96,1309496,12478328.00
2022/05/26,8.96,9.06,8.86,9.05,1113556,10636103.00
2022/05/27,9.31,9.66,9.07,9.14,2960228,29178780.00
2022/05/30,9.24,9.45,9.16,9.45,2413133,23906476.00
2022/05/31,9.35,9.45,9.29,9.36,1353185,13427777.00
2022/06/01,9.26,9.44,9.26,9.42,1706418,16915098.00
2022/06/02,9.46,9.51,9.26,9.35,1056380,10484313.00
2022/06/06,9.37,9.47,9.34,9.41,1422910,14181379.00
2022/06/07,9.41,9.51,9.26,9.32,1331760,13199197.00
2022/06/08,9.35,9.43,9.11,9.22,2017096,19842778.00
2022/06/09,9.17,9.30,8.99,9.04,1254635,12151645.00
2022/06/10,8.99,9.17,8.96,9.13,809196,7838619.00
2022/06/13,9.04,9.12,8.93,9.02,1182326,11342796.00
2022/06/14,8.93,8.97,8.63,8.92,1963528,18392648.00
2022/06/15,8.82,9.03,8.78,8.89,1788992,16992700.00
2022/06/16,8.91,8.99,8.85,8.90,1082481,10254248.00
2022/06/17,8.91,8.91,8.57,8.71,2651536,24595320.00
2022/06/20,8.74,8.84,8.65,8.81,1485184,13877165.00
2022/06/21,8.81,8.86,8.69,8.81,1387488,12978270.00
2022/06/22,8.81,8.82,8.61,8.62,1148364,10658927.00
2022/06/23,8.65,8.76,8.57,8.73,908324,8392539.00
2022/06/24,8.75,8.92,8.73,8.79,1131312,10605314.00
2022/06/27,8.87,8.93,8.78,8.93,1479776,13944548.00
2022/06/28,8.92,9.10,8.88,9.08,2196204,21089248.00
2022/06/29,9.08,9.40,9.04,9.20,3158316,30942928.00
2022/06/30,9.20,9.39,9.17,9.25,2336157,22979428.00
2022/07/01,9.29,9.47,9.20,9.29,1560732,15474200.00
2022/07/04,9.36,9.41,9.18,9.32,1357108,13348389.00
2022/07/05,9.36,9.40,9.20,9.33,1333448,13127007.00
2022/07/06,9.32,9.35,9.20,9.25,1438016,14141978.00
2022/07/07,9.25,9.42,9.24,9.26,1423321,13790034.00
2022/07/08,9.31,9.36,9.24,9.32,1212104,11724195.00
2022/07/11,9.35,9.87,9.14,9.45,3060131,30033472.00
2022/07/12,9.37,9.42,9.19,9.28,2482466,24019040.00
2022/07/13,9.26,9.45,9.23,9.44,1649218,16068288.00
2022/07/14,9.45,9.85,9.37,9.73,3244876,32494560.00
2022/07/15,9.63,9.75,9.41,9.42,2761940,27367090.00
2022/07/18,9.32,9.97,9.32,9.83,4695144,47931596.00
2022/07/19,9.98,10.32,9.76,10.20,7234980,75679920.00
2022/07/20,10.20,10.20,9.96,10.02,3650744,38017996.00
2022/07/21,10.03,10.11,9.75,9.82,2969615,30413350.00
2022/07/22,9.78,10.37,9.77,10.34,6463215,68245984.00
2022/07/25,10.34,10.45,9.96,9.98,4218856,44391484.00
2022/07/26,9.99,10.18,9.92,10.10,2746044,28635380.00
2022/07/27,10.12,10.27,9.99,10.05,2634111,27509788.00
2022/07/28,10.08,10.11,9.94,9.99,2168616,22519112.00
2022/07/29,9.97,10.04,9.82,9.89,2225301,22901870.00
2022/08/01,9.95,10.22,9.82,10.22,3019149,31426036.00
2022/08/02,10.05,10.10,9.44,10.09,3670483,37010636.00
2022/08/03,9.73,9.97,9.62,9.95,2102156,21503096.00
2022/08/04,9.80,9.92,9.72,9.92,1489517,15177515.00
2022/08/05,9.92,9.93,9.69,9.84,1192782,12146689.00
2022/08/08,9.83,9.86,9.72,9.84,985056,10024850.00
2022/08/09,9.80,10.09,9.80,9.96,1484979,15359459.00
2022/08/10,9.95,9.97,9.85,9.90,888540,9125570.00
2022/08/11,9.92,9.99,9.82,9.98,1911160,19705088.00
2022/08/12,10.00,10.20,9.93,10.17,2273104,23833616.00
2022/08/15,10.19,10.25,10.06,10.17,1846908,19479066.00
2022/08/16,10.10,10.24,10.00,10.10,2216208,23214168.00
2022/08/17,10.17,10.19,9.93,9.94,1844046,19125432.00
2022/08/18,9.92,9.93,9.77,9.82,1666852,17000358.00
2022/08/19,9.84,9.91,9.72,9.77,1687572,17151724.00
2022/08/22,9.72,9.85,9.70,9.78,1289372,13074002.00
2022/08/23,9.81,9.81,9.67,9.78,1313933,13296026.00
2022/08/24,9.72,9.88,9.50,9.51,1892488,18949574.00
2022/08/25,9.52,9.57,9.31,9.38,1355480,13266289.00
2022/08/26,9.43,9.57,9.37,9.40,831700,8182609.00
2022/08/29,9.29,9.55,9.24,9.54,1355764,13332033.00
2022/08/30,9.55,9.64,9.41,9.48,995684,9838748.00
2022/08/31,9.49,9.49,9.21,9.24,2059376,19927340.00
2022/09/01,9.23,9.37,9.13,9.17,896196,8617515.00
2022/09/02,9.17,9.30,9.17,9.28,643472,6184929.00
2022/09/05,9.28,9.42,9.22,9.42,1232612,11954761.00
2022/09/06,9.42,9.51,9.35,9.48,959904,9431603.00
2022/09/07,9.49,9.53,9.38,9.47,642363,6319155.00
2022/09/08,9.47,9.48,9.31,9.31,658216,6421579.00
2022/09/09,9.31,9.44,9.25,9.42,1180232,11485268.00
2022/09/13,9.43,9.44,9.34,9.40,808636,7903809.00
2022/09/14,9.24,9.35,9.24,9.32,629620,6087006.00
2022/09/15,9.35,9.40,9.07,9.12,1356240,12973319.00
2022/09/16,9.11,9.11,8.86,8.94,1002600,9396870.00
2022/09/19,8.95,8.96,8.67,8.73,1087110,9992206.00
2022/09/20,8.75,8.99,8.75,8.88,621128,5735395.00
2022/09/21,8.79,9.01,8.72,8.95,556788,5170040.00
2022/09/22,8.91,8.99,8.81,8.81,565200,5239595.00
2022/09/23,8.80,8.86,8.62,8.72,949976,8658957.00
2022/09/26,8.72,8.78,8.53,8.56,606592,5447098.00
2022/09/27,8.56,8.74,8.55,8.74,535400,4834403.00
2022/09/28,8.76,8.77,8.57,8.60,759100,6859738.00
2022/09/29,8.64,8.72,8.38,8.45,988404,8792124.00
2022/09/30,8.46,8.54,8.39,8.40,691768,6108809.00
2022/10/10,8.43,8.50,8.15,8.20,697884,6050733.00
2022/10/11,8.25,8.35,8.13,8.27,603736,5209177.00
2022/10/12,8.27,8.40,8.18,8.39,670976,5830821.00
2022/10/13,8.43,8.56,8.36,8.51,674060,5972931.00
2022/10/14,8.61,8.67,8.48,8.60,673200,6051218.00
2022/10/17,8.61,8.83,8.53,8.82,974812,8891099.00
2022/10/18,8.93,8.93,8.71,8.74,738575,6759820.00
2022/10/19,8.73,8.93,8.69,8.70,835520,7642981.00
2022/10/20,8.71,8.80,8.62,8.67,472265,4283739.00
2022/10/21,8.67,8.76,8.63,8.67,672740,6106254.00
2022/10/24,8.73,8.82,8.49,8.54,691920,6246180.00
2022/10/25,8.54,8.57,8.32,8.49,967808,8540644.00
2022/10/26,8.49,8.66,8.47,8.61,804528,7222207.00
2022/10/27,8.60,8.82,8.60,8.62,759772,6885912.00
2022/10/28,8.67,8.67,8.24,8.28,1152500,10122797.00
2022/10/31,8.32,8.66,8.29,8.56,1033720,9184814.00
2022/11/01,8.56,8.74,8.52,8.72,829900,7539580.00
2022/11/02,8.72,8.82,8.68,8.80,1090272,9967496.00
2022/11/03,8.79,8.87,8.63,8.84,1083472,9951384.00
2022/11/04,8.92,9.04,8.92,8.95,1327696,12425124.00
2022/11/07,8.92,9.09,8.92,9.04,1153880,10867221.00
2022/11/08,9.09,9.09,8.98,9.04,979708,9212815.00
2022/11/09,9.04,9.08,9.00,9.02,782634,7363210.00
2022/11/10,9.00,9.12,8.95,9.08,998980,9434436.00
2022/11/11,9.18,9.44,9.06,9.28,3166298,30640640.00
2022/11/14,9.31,9.34,9.15,9.16,2048650,19694682.00
2022/11/15,9.16,9.26,9.14,9.18,1365840,13053648.00
2022/11/16,9.23,9.27,9.15,9.18,1418340,13592334.00
2022/11/17,9.18,9.23,9.12,9.20,1196340,11426887.00
2022/11/18,9.22,9.35,9.17,9.28,1847216,17799564.00
2022/11/21,9.22,9.30,9.07,9.13,1549716,14767683.00
2022/11/22,9.13,9.30,9.08,9.09,1455684,13955107.00
2022/11/23,9.09,9.22,9.05,9.09,1653776,15751072.00
2022/11/24,9.24,9.24,9.12,9.23,1405688,13463327.00
2022/11/25,9.23,9.25,9.10,9.13,1086396,10381909.00
2022/11/28,9.13,9.13,8.98,9.06,1363910,12874259.00
2022/11/29,9.06,9.27,9.04,9.24,1668100,16013055.00
2022/11/30,9.25,9.28,9.18,9.20,977000,9388568.00
2022/12/01,9.28,9.38,9.18,9.20,1079712,10380096.00
2022/12/02,9.19,9.36,9.13,9.32,1371776,13264255.00
2022/12/05,9.36,9.50,9.35,9.49,1790732,17576616.00
2022/12/06,9.49,9.49,9.33,9.39,1246196,12170541.00
2022/12/07,9.37,9.49,9.36,9.44,1242261,12162000.00
2022/12/08,9.39,9.45,9.35,9.35,1104759,10791850.00
2022/12/09,9.40,9.41,9.23,9.30,1216428,11764691.00
2022/12/12,9.31,9.31,9.18,9.26,966733,9286996.00
2022/12/13,9.26,9.26,9.08,9.18,1416264,13510735.00
2022/12/14,9.19,9.23,9.08,9.09,1360636,12997626.00
2022/12/15,9.11,9.18,9.04,9.11,799576,7588263.00
2022/12/16,9.09,9.17,9.01,9.01,937772,8855536.00
2022/12/19,9.00,9.05,8.76,8.80,1183193,10952835.00
2022/12/20,8.81,8.90,8.75,8.81,821500,7553999.00
2022/12/21,8.87,8.87,8.61,8.68,1439295,13051893.00
2022/12/22,8.74,8.76,8.46,8.48,1191135,10662991.00
2022/12/23,8.53,8.75,8.48,8.62,1085876,9776840.00
2022/12/26,8.65,8.73,8.53,8.60,1461896,13122326.00
2022/12/27,8.60,8.72,8.55,8.64,930696,8386734.00
2022/12/28,8.62,8.63,8.46,8.51,722020,6443876.00
2022/12/29,8.52,8.62,8.46,8.49,777920,6934914.00
2022/12/30,8.42,8.69,8.42,8.66,1168980,10485545.00
2023/01/03,8.80,8.80,8.58,8.74,1658641,15051569.00
2023/01/04,8.66,8.84,8.65,8.80,1300904,11914759.00
2023/01/05,8.79,8.84,8.72,8.82,1031743,9449750.00
2023/01/06,8.83,8.87,8.75,8.75,831952,7647454.00
2023/01/09,8.79,8.84,8.73,8.79,1215140,11133346.00
2023/01/10,8.74,8.85,8.71,8.74,1005560,9179361.00
2023/01/11,8.75,8.78,8.62,8.64,1114104,10109219.00
2023/01/12,8.57,8.70,8.56,8.57,1186500,10664592.00
2023/01/13,8.58,8.62,8.50,8.53,1040636,9294025.00
2023/01/16,8.57,8.68,8.52,8.66,1465536,13179227.00
2023/01/17,8.70,8.73,8.64,8.70,1061400,9617339.00
2023/01/18,8.70,8.75,8.63,8.74,1047860,9523820.00
2023/01/19,8.72,8.79,8.67,8.77,1236900,11288155.00
2023/01/20,8.76,8.90,8.75,8.90,1485656,13684119.00
2023/01/30,8.90,9.00,8.90,8.94,1651750,15389416.00
2023/01/31,8.91,9.02,8.86,8.97,1360490,12694766.00
2023/02/01,8.98,9.12,8.94,9.10,2308280,21755108.00
2023/02/02,9.11,9.16,9.08,9.08,1832480,17400514.00
2023/02/03,9.06,9.24,9.02,9.15,1906384,18106716.00
2023/02/06,9.16,9.28,9.08,9.19,1282900,12295630.00
2023/02/07,9.19,9.27,9.13,9.24,1315640,12599850.00
2023/02/08,9.26,9.28,9.20,9.22,911900,8775883.00
2023/02/09,9.20,9.32,9.19,9.30,1222948,11798032.00
2023/02/10,9.29,9.36,9.25,9.36,1123992,10899339.00
2023/02/13,9.36,9.41,9.29,9.36,1222059,11912132.00
2023/02/14,9.37,9.52,9.37,9.47,1829476,17997684.00
2023/02/15,9.42,9.49,9.40,9.45,1396356,13723126.00
2023/02/16,9.47,9.66,9.33,9.37,3949324,39160248.00
2023/02/17,9.42,9.52,9.34,9.37,2058920,20194638.00
2023/02/20,9.41,9.43,9.25,9.37,1403516,13631656.00
2023/02/21,9.38,9.44,9.32,9.38,921256,8993169.00
2023/02/22,9.33,9.45,9.32,9.43,1043684,10183820.00
2023/02/23,9.35,9.46,9.35,9.39,896584,8764741.00
2023/02/24,9.43,9.46,9.33,9.41,938940,9176080.00
2023/02/27,9.39,9.39,9.21,9.28,1070244,10357368.00
2023/02/28,9.29,9.40,9.24,9.39,817072,7928663.00
2023/03/01,9.37,9.51,9.29,9.47,1532744,14978738.00
2023/03/02,9.53,9.54,9.42,9.48,1067076,10512010.00
2023/03/03,9.45,9.50,9.38,9.46,1000972,9838949.00
2023/03/06,9.45,9.60,9.41,9.46,3461740,34271880.00
2023/03/07,9.52,9.54,9.24,9.24,2582715,25174536.00
2023/03/08,9.20,9.41,9.20,9.41,1485095,14422097.00
2023/03/09,9.45,9.59,9.39,9.57,2024583,20037510.00
2023/03/10,9.53,9.61,9.40,9.45,1561176,15435789.00
2023/03/13,9.43,9.45,9.24,9.38,1364812,13251706.00
2023/03/14,9.36,9.42,9.12,9.16,1932844,18549008.00
2023/03/15,9.14,9.46,9.14,9.45,1794572,17515706.00
2023/03/16,9.45,9.45,9.24,9.28,1241300,12042463.00
2023/03/17,9.27,9.44,9.27,9.29,1255900,12211788.00
2023/03/20,9.30,9.37,9.22,9.25,1174400,11363528.00
2023/03/21,9.19,9.41,9.19,9.40,1433368,13890274.00
2023/03/22,9.42,9.50,9.36,9.47,1649288,16205965.00
2023/03/23,9.48,9.51,9.40,9.50,1451284,14299959.00
2023/03/24,9.48,9.56,9.42,9.49,2516222,24816296.00
2023/03/27,9.49,9.52,9.26,9.35,2077524,20207436.00
2023/03/28,9.37,9.40,9.22,9.30,1342812,13015830.00
2023/03/29,9.28,9.30,9.17,9.18,1492892,14310995.00
2023/03/30,9.18,9.19,8.97,8.98,2006700,18911300.00
2023/03/31,9.00,9.06,8.98,8.99,1793847,16848790.00
2023/04/03,9.00,9.05,8.87,8.99,2636644,24619832.00
2023/04/04,8.99,9.03,8.86,8.87,1850400,17182806.00
2023/04/06,8.89,8.90,8.78,8.82,1657116,15238460.00
2023/04/07,8.85,8.91,8.78,8.89,1720568,15899847.00
2023/04/10,8.89,8.97,8.77,8.83,2330308,21545660.00
2023/04/11,8.82,9.32,8.71,9.23,6743580,63939432.00
2023/04/12,9.22,9.34,9.18,9.28,3271412,31489028.00
2023/04/13,9.28,9.36,9.18,9.33,2333164,22519662.00
2023/04/14,9.33,9.39,9.19,9.29,1915783,18516656.00
2023/04/17,9.25,9.28,9.15,9.19,1452236,13906886.00
2023/04/18,9.30,9.30,9.10,9.16,1729236,16520088.00
2023/04/19,9.18,9.18,9.03,9.07,1618256,15310235.00
2023/04/20,9.05,9.07,8.87,8.95,1637716,15241988.00
2023/04/21,8.94,8.97,8.74,8.78,1963040,18076724.00
2023/04/24,8.74,8.81,8.52,8.74,1875967,17003760.00
2023/04/25,8.72,8.81,8.48,8.56,1740172,15665547.00
2023/04/26,8.62,8.79,8.58,8.76,879548,7992082.00
2023/04/27,8.74,8.80,8.68,8.71,1016408,9266985.00
2023/04/28,8.71,9.00,8.71,9.00,1345264,12481561.00
2023/05/04,8.73,9.05,8.68,9.01,1851330,17259504.00
2023/05/05,9.01,9.02,8.84,8.92,1021936,9505160.00
2023/05/08,8.95,9.03,8.88,8.96,1093952,10224329.00
2023/05/09,9.01,9.19,8.89,8.98,2336284,22060940.00
2023/05/10,8.95,9.09,8.94,9.03,1368652,12869875.00
2023/05/11,9.09,9.21,9.07,9.09,1594715,15158051.00
2023/05/12,9.04,9.19,9.03,9.08,1585908,15029377.00
2023/05/15,9.15,9.15,8.99,9.12,1295436,12242876.00
2023/05/16,9.17,9.17,8.99,9.03,1815872,17136356.00
2023/05/17,9.08,9.17,9.01,9.14,1762816,16726797.00
2023/05/18,9.15,9.15,9.07,9.12,1140239,10818239.00
2023/05/19,9.11,9.15,9.00,9.03,897200,8461331.00
2023/05/22,9.09,9.13,8.98,9.09,1079088,10204091.00
2023/05/23,9.10,9.13,8.89,8.90,2765580,25868036.00
2023/05/24,8.90,8.94,8.78,8.79,1632307,15076337.00
2023/05/25,8.83,8.87,8.69,8.80,1457760,13321443.00
2023/05/26,8.90,9.01,8.75,8.87,1726060,15978939.00
2023/05/29,8.86,9.01,8.79,8.82,1464592,13575846.00
2023/05/30,8.78,8.86,8.73,8.85,1119600,10281326.00
2023/05/31,8.91,8.91,8.74,8.76,1159244,10630595.00
2023/06/01,8.73,8.81,8.69,8.72,1297520,11829113.00
2023/06/02,8.75,8.87,8.72,8.77,1237780,11346846.00
2023/06/05,8.83,8.83,8.74,8.79,1088200,9969853.00
2023/06/06,8.84,8.86,8.58,8.59,1448624,13137592.00
2023/06/07,8.61,8.67,8.57,8.61,713224,6421682.00
2023/06/08,8.62,8.68,8.56,8.66,1011028,9125419.00
2023/06/09,8.71,8.71,8.57,8.62,1233560,11095192.00
2023/06/12,8.62,8.67,8.53,8.65,1135848,10186287.00
2023/06/13,8.71,8.73,8.57,8.59,1183000,10647219.00
2023/06/14,8.61,8.62,8.51,8.54,1276320,11395034.00
2023/06/15,8.55,8.59,8.46,8.58,1385288,12331978.00
2023/06/16,8.57,8.66,8.56,8.61,1498076,13486673.00
2023/06/19,8.61,8.65,8.47,8.49,1519345,13520443.00
2023/06/20,8.50,8.55,8.40,8.45,1265376,11193852.00
2023/06/21,8.47,8.51,8.36,8.37,987564,8706676.00
2023/06/26,8.37,8.37,8.22,8.22,1301584,11264325.00
2023/06/27,8.31,8.45,8.23,8.45,1165796,10207412.00
2023/06/28,8.49,8.50,8.35,8.48,882724,7789538.00
2023/06/29,8.48,8.62,8.47,8.55,1515072,13570240.00
2023/06/30,8.51,8.64,8.51,8.56,1129950,10146635.00
2023/07/03,8.61,8.71,8.58,8.65,1366124,12322037.00
2023/07/04,8.66,8.70,8.60,8.66,833064,7517933.00
2023/07/05,8.66,8.74,8.62,8.67,1103364,9996868.00
2023/07/06,8.66,8.70,8.64,8.67,924576,8367344.00
2023/07/07,8.66,8.75,8.64,8.72,1469344,13346706.00
2023/07/10,8.72,8.85,8.69,8.72,1193978,10887041.00
2023/07/11,8.76,8.83,8.73,8.81,1336648,11990009.00
2023/07/12,8.81,8.90,8.77,8.80,1223036,11030529.00
2023/07/13,8.82,8.94,8.72,8.91,1309156,11886696.00
2023/07/14,8.97,8.97,8.84,8.86,1116520,10114634.00
2023/07/17,8.88,9.01,8.71,8.92,2032768,18482642.00
2023/07/18,8.88,8.98,8.88,8.92,1132840,10341720.00
2023/07/19,8.92,9.06,8.92,9.03,2079130,19137768.00
2023/07/20,9.09,9.09,8.93,8.96,1193170,10967663.00
2023/07/21,9.01,9.04,8.88,8.91,1289852,11779766.00
2023/07/24,8.92,9.01,8.87,8.97,1433000,13101782.00
2023/07/25,9.03,9.07,8.96,9.05,1441039,13270309.00
2023/07/26,9.06,9.27,9.03,9.23,2929568,27489264.00
2023/07/27,9.17,9.28,9.11,9.14,2712908,25431632.00
2023/07/28,9.12,9.18,9.10,9.16,1789211,16715376.00
2023/07/31,9.16,9.18,9.09,9.13,1390200,12959990.00
2023/08/01,9.19,9.20,9.10,9.15,1556171,14516979.00
2023/08/02,9.15,9.20,9.12,9.14,1124075,10499198.00
2023/08/03,9.14,9.19,9.07,9.16,1145240,10658699.00
2023/08/04,9.16,9.20,9.04,9.05,1395224,12938566.00
2023/08/07,9.17,9.17,8.90,8.96,1614872,14765243.00
2023/08/08,8.98,9.02,8.86,8.95,1034168,9431404.00
2023/08/09,8.97,8.99,8.86,8.90,1374700,12506300.00
2023/08/10,8.92,8.98,8.84,8.94,813832,7425240.00
2023/08/11,8.99,8.99,8.81,8.83,1307748,11876716.00
2023/08/14,8.77,8.89,8.71,8.89,1405988,12650445.00
2023/08/15,8.88,8.90,8.75,8.87,848660,7655939.00
2023/08/16,8.82,8.92,8.77,8.83,1299160,11743328.00
2023/08/17,8.81,8.99,8.76,8.99,1511180,13735050.00
2023/08/18,9.01,9.21,8.98,9.13,2743824,25610488.00
2023/08/21,9.12,9.31,9.08,9.24,2787772,26295988.00
2023/08/22,9.27,9.31,8.98,9.11,2301728,21412476.00
2023/08/23,9.12,9.26,9.04,9.17,1918736,17990664.00
2023/08/24,9.15,9.18,8.95,9.08,1751700,16192641.00
2023/08/25,9.08,9.38,9.08,9.21,4336031,41039832.00
2023/08/28,9.49,9.57,9.24,9.27,4478104,42923216.00
2023/08/29,9.27,9.45,9.18,9.37,3721304,35424812.00
2023/08/30,9.49,9.86,9.45,9.47,9314518,91431744.00
2023/08/31,9.52,9.86,9.52,9.62,8334468,82093736.00
2023/09/01,9.60,9.62,9.39,9.53,4747241,46019248.00
2023/09/04,9.52,9.74,9.52,9.71,3952829,38955964.00
2023/09/05,9.61,9.65,9.36,9.43,4234874,40822692.00
2023/09/06,9.40,9.59,9.37,9.46,3643112,35343916.00
2023/09/07,9.46,9.51,9.31,9.33,2089480,20048632.00
2023/09/08,9.38,9.46,9.27,9.38,2274580,21768172.00
2023/09/11,9.31,9.50,9.31,9.41,2462600,23660118.00
2023/09/12,9.46,9.52,9.34,9.41,2268312,21885572.00
2023/09/13,9.46,9.57,9.44,9.54,2387900,23138636.00
2023/09/14,9.51,9.56,9.41,9.43,2568896,24830752.00
2023/09/15,9.43,9.57,9.41,9.53,1939577,18836674.00
2023/09/18,9.49,9.59,9.47,9.57,1589288,15470325.00
2023/09/19,9.61,9.84,9.60,9.65,3012374,29777164.00
2023/09/20,9.61,9.72,9.52,9.62,2244184,22085236.00
2023/09/21,9.58,9.80,9.57,9.75,3351384,33278508.00
2023/09/22,9.79,9.79,9.47,9.57,3994156,38894936.00
2023/09/25,9.55,9.66,9.49,9.54,1887080,18423712.00
2023/09/26,9.56,9.60,9.45,9.50,1940100,18807056.00
2023/09/27,9.58,9.58,9.39,9.47,1928004,18605908.00
2023/09/28,9.54,9.60,9.45,9.51,1597724,15495845.00
2023/10/09,9.50,9.60,9.27,9.32,3000416,28626924.00
2023/10/10,9.39,9.46,9.32,9.38,2504140,23982896.00
2023/10/11,9.40,9.50,9.28,9.40,1872188,17902430.00
2023/10/12,9.45,9.45,9.24,9.37,1992980,18945744.00
2023/10/13,9.37,9.41,9.16,9.21,2093000,19684966.00
2023/10/16,9.22,9.42,9.19,9.33,2835636,27019644.00
2023/10/17,9.40,9.45,9.24,9.29,1803832,17187982.00
2023/10/18,9.34,9.34,9.13,9.17,1315837,12334573.00
2023/10/19,9.13,9.32,9.02,9.15,1427144,13388851.00
2023/10/20,9.11,9.30,9.06,9.12,1565160,14690825.00
2023/10/23,9.15,9.16,8.81,8.85,2264980,20719000.00
2023/10/24,8.88,9.33,8.82,9.31,2599873,24416094.00
2023/10/25,9.49,10.16,9.42,9.80,7829631,78592000.00
2023/10/26,9.81,9.87,9.65,9.84,5766908,57609256.00
2023/10/27,9.75,10.09,9.75,9.88,4646640,46998920.00
2023/10/30,9.81,9.93,9.62,9.66,3500567,34692464.00
2023/10/31,9.67,9.67,9.33,9.41,7184232,69044648.00
2023/11/01,9.39,9.53,9.32,9.48,4640116,44678588.00
2023/11/02,9.51,9.58,9.43,9.50,3961903,38422440.00
2023/11/03,9.55,9.66,9.48,9.55,2670344,26074988.00
2023/11/06,9.51,9.66,9.51,9.56,2523100,24615848.00
2023/11/07,9.52,9.66,9.49,9.61,2334600,22849296.00
2023/11/08,9.63,9.66,9.54,9.62,1963496,19186676.00
2023/11/09,9.61,9.71,9.56,9.62,2331520,22862536.00
2023/11/10,9.64,9.67,9.54,9.65,2595392,25470052.00
2023/11/13,9.61,9.71,9.61,9.71,2565940,25281412.00
2023/11/14,9.71,9.75,9.60,9.62,2333900,22925164.00
2023/11/15,9.68,9.68,9.60,9.65,2269700,22326998.00
2023/11/16,9.66,9.66,9.59,9.59,1766472,17345952.00
2023/11/17,9.63,9.73,9.58,9.71,2358669,23251996.00
2023/11/20,9.71,9.75,9.68,9.71,2126100,21055928.00
2023/11/21,9.71,9.79,9.67,9.68,2093424,20763892.00
2023/11/22,9.67,9.78,9.64,9.72,2419492,23999314.00
2023/11/23,9.69,9.72,9.64,9.72,2375500,23462320.00
2023/11/24,9.72,10.31,9.65,9.94,11491393,116705392.00
2023/11/27,9.76,10.48,9.52,10.31,18507588,191301216.00
2023/11/28,10.07,10.25,9.94,10.17,12754000,130683344.00
2023/11/29,10.17,11.21,9.97,11.21,22489739,249659328.00
2023/11/30,11.78,12.35,10.82,10.91,48732199,575045440.00
2023/12/01,10.61,10.87,10.38,10.43,31121406,333411200.00
2023/12/04,10.43,10.62,10.38,10.38,16970295,180637568.00
2023/12/05,10.37,11.17,10.26,10.73,29735170,322385024.00
2023/12/06,10.52,10.99,10.52,10.87,22382374,245841920.00
2023/12/07,10.96,10.96,10.56,10.69,14746024,159791120.00
2023/12/08,10.61,11.78,10.43,11.78,31420211,358802592.00
2023/12/11,11.61,12.26,11.15,11.40,35508076,416197856.00
2023/12/12,11.24,11.76,11.07,11.42,25234724,291128640.00
2023/12/13,11.32,11.71,11.18,11.18,21103462,244987552.00
2023/12/14,11.06,11.29,10.99,11.01,16596992,187399168.00
2023/12/15,10.96,11.07,10.72,10.85,13067840,144181440.00
2023/12/18,10.85,10.87,10.33,10.41,11778352,126431784.00
2023/12/19,10.50,10.56,10.35,10.51,8137688,86613464.00
2023/12/20,10.51,10.51,10.15,10.21,8064060,84470872.00
2023/12/21,10.14,10.25,9.94,10.20,7088424,73014304.00
2023/12/22,10.17,10.29,10.01,10.09,6246800,64762552.00
2023/12/25,9.96,10.16,9.82,9.91,5150256,51971368.00
2023/12/26,9.80,9.87,9.23,9.41,11644076,112241984.00
2023/12/27,9.36,9.48,9.35,9.43,6893134,66261952.00
2023/12/28,9.43,9.57,9.31,9.51,6989788,67529120.00
2023/12/29,9.50,9.74,9.44,9.69,6752000,66406392.00
2024/01/02,9.69,10.25,9.68,10.17,10827240,111542072.00
2024/01/03,10.14,10.27,10.02,10.18,6136100,63350112.00
2024/01/04,10.18,10.31,10.11,10.20,4695600,48780540.00
2024/01/05,10.14,10.31,9.98,10.02,4684944,48334592.00
2024/01/08,10.10,10.11,9.78,9.78,5440360,54966792.00
2024/01/09,9.85,9.96,9.68,9.79,5105200,51138980.00
2024/01/10,9.83,9.84,9.60,9.65,5082336,50269568.00
2024/01/11,9.70,9.89,9.66,9.86,4253252,42451148.00
2024/01/12,9.96,10.25,9.91,9.91,5927720,60875296.00
2024/01/15,9.88,9.90,9.62,9.74,4675624,46559044.00
2024/01/16,9.76,9.85,9.51,9.68,4336328,42648116.00
2024/01/17,9.65,9.70,9.39,9.42,2680696,26096486.00
2024/01/18,9.47,9.47,8.97,9.14,5326020,49754676.00
2024/01/19,9.17,9.20,8.95,9.03,3389360,31278076.00
2024/01/22,8.87,9.07,8.49,8.56,6414304,57401472.00
2024/01/23,8.56,8.58,8.32,8.52,6788200,58738916.00
2024/01/24,8.54,8.77,8.36,8.76,5555436,48733128.00
2024/01/25,8.81,9.31,8.73,9.26,6654815,61846724.00
2024/01/26,9.31,9.53,9.23,9.38,4797830,46070004.00
2024/01/29,9.36,9.39,9.03,9.04,4083200,38228440.00
2024/01/30,9.69,9.96,9.17,9.36,19376005,189463808.00
2024/01/31,9.15,9.80,9.15,9.37,18224917,175920096.00
2024/02/01,9.07,9.46,8.63,8.82,15769128,143582160.00
2024/02/02,8.77,8.98,7.99,8.31,11837676,102540536.00
2024/02/05,8.04,8.08,7.46,7.46,8100216,62706912.00
2024/02/06,7.01,7.38,6.70,6.96,12380068,87318664.00
2024/02/07,7.05,7.06,6.25,6.40,15495392,104165016.00
2024/02/08,6.40,7.06,6.32,7.06,13147712,90624776.00
2024/02/19,7.17,7.47,7.10,7.40,9519785,71516256.00
2024/02/20,7.40,7.53,7.20,7.47,6075100,46054600.00
2024/02/21,7.44,7.89,7.34,7.56,6594618,51813928.00
2024/02/22,7.61,7.85,7.55,7.84,5869780,46512492.00
2024/02/23,7.85,8.05,7.73,8.01,5653739,45635552.00
2024/02/26,8.06,8.30,7.96,8.10,7267755,60343500.00
2024/02/27,8.07,8.30,8.02,8.25,4803683,40338824.00
2024/02/28,8.26,8.44,7.57,7.58,11606608,94778528.00
2024/02/29,7.53,7.96,7.46,7.96,8068253,64008684.00
2024/03/01,7.96,8.10,7.81,7.95,5772905,46829244.00
2024/03/04,7.91,8.00,7.66,7.87,4669316,37389676.00
2024/03/05,7.86,7.86,7.61,7.64,4397748,34630128.00
2024/03/06,7.60,7.79,7.54,7.71,3499940,27595512.00
2024/03/07,7.75,7.89,7.71,7.75,3986328,31829800.00
2024/03/08,7.79,7.91,7.72,7.88,5056420,40705332.00
2024/03/11,7.87,7.99,7.81,7.96,3847288,31083958.00
2024/03/12,7.99,8.07,7.89,8.06,4057284,33144516.00
2024/03/13,8.06,8.13,7.92,8.06,4376492,35976968.00
2024/03/14,8.00,8.16,8.00,8.12,4982560,41266236.00
2024/03/15,8.09,8.35,8.04,8.32,5853824,49188704.00
2024/03/18,8.81,8.81,8.33,8.43,9666468,83744296.00
2024/03/19,8.36,8.49,8.28,8.37,5943248,51002096.00
2024/03/20,8.37,8.45,8.31,8.44,4768052,40882664.00
2024/03/21,8.46,8.54,8.38,8.52,4848556,42043340.00
2024/03/22,8.49,8.53,8.26,8.36,4300880,36733792.00
2024/03/25,8.33,8.37,8.17,8.18,3899800,32998982.00
2024/03/26,8.14,8.28,8.08,8.25,3459720,28938028.00
2024/03/27,8.23,8.30,8.04,8.07,3903364,32719500.00
2024/03/28,8.07,8.29,8.00,8.15,3883476,32456328.00
2024/03/29,8.21,8.51,8.15,8.48,5849268,50023168.00
2024/04/01,8.47,8.65,8.39,8.63,5319556,46322436.00
2024/04/02,8.63,8.88,8.55,8.74,5656064,50370640.00
2024/04/03,8.74,8.82,8.54,8.78,4441743,39463460.00
2024/04/08,8.79,8.80,8.49,8.49,4045260,35621956.00
2024/04/09,8.49,8.71,8.45,8.69,3043067,26847836.00
2024/04/10,8.62,8.68,8.37,8.46,3134700,27208092.00
2024/04/11,8.45,8.71,8.34,8.60,3407963,29899844.00
2024/04/12,8.55,8.75,8.47,8.50,3181600,27882396.00
2024/04/15,8.44,8.51,7.78,7.89,7841423,64452672.00
2024/04/16,7.80,7.82,7.19,7.20,6693500,50870916.00
2024/04/17,7.36,7.94,7.36,7.94,6408988,51000316.00
2024/04/18,8.00,8.11,7.73,7.76,5206445,42018936.00
2024/04/19,7.74,7.87,7.65,7.80,3432280,27270160.00
2024/04/22,7.80,7.80,7.52,7.73,4253320,33376116.00
2024/04/23,7.70,7.91,7.65,7.88,4442020,35651496.00
2024/04/24,7.94,7.94,7.72,7.89,4712707,37711312.00
2024/04/25,7.84,8.00,7.84,7.94,3608447,29327952.00
2024/04/26,7.83,8.05,7.80,8.03,5163200,42002684.00
2024/04/29,8.07,8.44,8.02,8.38,6250444,53012236.00
2024/04/30,8.42,8.58,8.16,8.21,8643932,73015000.00
2024/05/06,8.24,8.40,8.24,8.39,6980429,59399644.00
2024/05/07,8.38,8.43,8.27,8.37,4517224,38542084.00
2024/05/08,8.37,8.50,8.30,8.38,5719508,49059928.00
2024/05/09,8.38,8.50,8.34,8.45,4142100,35779784.00
2024/05/10,8.44,8.48,8.33,8.34,3668860,31462112.00
2024/05/13,8.32,8.40,8.23,8.25,4333241,36862808.00
2024/05/14,8.22,8.35,8.21,8.30,3132096,26608026.00
2024/05/15,8.29,8.36,8.17,8.25,3358552,28447620.00
2024/05/16,8.30,8.48,8.26,8.42,4530067,38862032.00
2024/05/17,8.42,8.51,8.31,8.42,3338712,28619688.00
2024/05/20,8.42,8.46,8.32,8.37,3599879,30831020.00
2024/05/21,8.32,8.35,8.19,8.21,2597924,21914604.00
2024/05/22,8.20,8.31,8.19,8.22,2310499,19470540.00
2024/05/23,8.20,8.20,7.89,7.90,4395140,35927100.00
2024/05/24,7.94,8.11,7.91,7.97,2410476,19776476.00
2024/05/27,7.96,8.02,7.78,7.93,3334952,26852800.00
2024/05/28,7.97,7.97,7.76,7.80,2853022,22958820.00
2024/05/29,7.79,7.91,7.72,7.86,1916735,15404420.00
2024/05/30,7.87,7.95,7.79,7.83,2330296,18755600.00
2024/05/31,7.83,7.93,7.77,7.88,2353996,18930792.00
2024/06/03,7.91,7.95,7.55,7.66,3427896,26414780.00
2024/06/04,7.62,7.66,7.42,7.50,2821200,21133810.00
2024/06/05,7.49,7.49,7.31,7.33,2612280,19277660.00
2024/06/06,7.36,7.37,6.88,6.92,5260450,37082928.00
2024/06/07,7.00,7.32,6.95,7.30,4428719,31883470.00
2024/06/11,7.29,7.33,7.07,7.24,2705972,19438382.00
2024/06/12,7.25,7.35,7.16,7.33,1872600,13688086.00
2024/06/13,7.33,7.42,7.20,7.25,2418784,17601480.00
2024/06/14,7.24,7.30,7.18,7.25,1463600,10597154.00
2024/06/17,7.23,7.28,7.09,7.13,2005359,14376624.00
2024/06/18,7.17,7.32,7.09,7.23,2140900,15447788.00
2024/06/19,7.22,7.31,7.20,7.25,1598200,11623900.00
2024/06/20,7.23,7.27,7.01,7.06,2187692,15585493.00
2024/06/21,7.04,7.17,6.97,7.11,1855156,13164905.00
2024/06/24,7.08,7.08,6.79,6.81,3568045,24525684.00
2024/06/25,6.82,6.97,6.82,6.90,2117808,14628773.00
2024/06/26,6.92,7.11,6.84,7.09,2171508,15175855.00
2024/06/27,7.12,7.19,6.99,7.01,1641250,11632637.00
2024/06/28,7.00,7.13,6.98,7.01,1935388,13656713.00
2024/07/01,7.01,7.13,6.97,7.12,1859648,13137455.00
2024/07/02,7.18,7.24,7.08,7.16,2319896,16658705.00
2024/07/03,7.20,7.23,7.10,7.13,1861290,13345043.00
2024/07/04,7.14,7.19,6.85,6.86,2965240,20651504.00
2024/07/05,6.85,6.94,6.78,6.94,2191348,15054211.00
2024/07/08,6.88,6.92,6.60,6.66,3442100,23074298.00
2024/07/09,6.66,6.76,6.46,6.75,3326008,22013714.00
2024/07/10,6.08,6.21,6.08,6.08,7974273,48550084.00
2024/07/11,5.98,6.08,5.91,6.06,10709424,64440312.00
2024/07/12,6.03,6.17,6.02,6.09,7251422,44253924.00
2024/07/15,6.11,6.11,5.91,5.98,4183600,24950812.00
2024/07/16,5.97,5.97,5.81,5.83,4795300,28092638.00
2024/07/17,5.83,5.86,5.72,5.85,4300235,24937952.00
2024/07/18,5.79,5.82,5.64,5.79,3626465,20755496.00
2024/07/19,5.76,5.86,5.72,5.82,3162196,18354734.00
2024/07/22,5.85,5.90,5.77,5.89,2783820,16288108.00
2024/07/23,5.99,6.06,5.82,5.83,3936553,23339126.00
2024/07/24,5.72,5.85,5.66,5.75,2647504,15258203.00
2024/07/25,5.74,5.90,5.67,5.88,2293500,13340820.00
2024/07/26,5.87,5.96,5.82,5.94,2423140,14335348.00
2024/07/29,5.93,5.98,5.86,5.93,2150800,12765910.00
2024/07/30,5.93,5.99,5.90,5.98,1936393,11545885.00
2024/07/31,5.99,6.17,5.97,6.16,3718174,22644956.00
2024/08/01,6.18,6.21,6.11,6.15,2967206,18241176.00
2024/08/02,6.10,6.17,6.01,6.07,2534900,15452956.00
2024/08/05,6.03,6.16,5.92,5.92,2820000,17023598.00
2024/08/06,5.97,6.05,5.93,6.05,2807575,16841884.00
2024/08/07,6.05,6.09,5.99,6.00,2260322,13616730.00
2024/08/08,6.00,6.11,5.95,6.08,2758330,16665560.00
2024/08/09,6.10,6.15,6.04,6.06,1806700,11015384.00
2024/08/12,6.10,6.22,6.07,6.13,3318660,20373764.00
2024/08/13,6.12,6.18,5.96,6.18,3495152,21260372.00
2024/08/14,6.17,6.57,6.13,6.27,10965106,69327736.00
2024/08/15,6.30,6.35,6.12,6.14,7629229,47274788.00
2024/08/16,6.16,6.18,6.00,6.03,4919770,29844944.00
2024/08/19,6.03,6.05,5.91,5.98,2548248,15247718.00
2024/08/20,5.98,6.03,5.81,5.83,2810842,16522900.00
2024/08/21,5.82,5.84,5.74,5.78,2613000,15101581.00
2024/08/22,5.78,5.84,5.68,5.68,1931836,11069576.00
2024/08/23,5.65,5.73,5.57,5.62,2513900,14174458.00
2024/08/26,5.62,5.78,5.51,5.77,2724300,15457492.00
2024/08/27,5.80,5.80,5.69,5.71,1791500,10265447.00
2024/08/28,5.72,5.85,5.64,5.75,1812401,10435485.00
2024/08/29,5.75,5.84,5.72,5.82,2191600,12665629.00
2024/08/30,5.79,5.93,5.71,5.82,5408160,31451064.00
2024/09/02,5.79,5.81,5.57,5.59,5184784,29464104.00
2024/09/03,5.58,5.61,5.47,5.55,3680093,20378216.00
2024/09/04,5.53,5.55,5.47,5.52,3172984,17477306.00
2024/09/05,5.52,5.59,5.50,5.59,2179188,12098214.00
2024/09/06,5.57,5.62,5.47,5.48,2352692,12994256.00
2024/09/09,5.45,5.55,5.38,5.54,2475408,13604716.00
2024/09/10,5.54,5.59,5.45,5.55,1905732,10515750.00
2024/09/11,5.50,5.56,5.48,5.52,1534440,8458353.00
2024/09/12,5.52,5.57,5.51,5.52,1714092,9497444.00
2024/09/13,5.54,5.54,5.44,5.44,1539384,8439570.00
2024/09/18,5.42,5.48,5.26,5.36,2205184,11756797.00
2024/09/19,5.39,5.56,5.39,5.53,2585632,14219770.00
2024/09/20,5.57,5.57,5.43,5.48,1639220,9007450.00
2024/09/23,5.48,5.53,5.45,5.52,1128876,6211894.00
2024/09/24,5.51,5.71,5.51,5.69,3070576,17328528.00
2024/09/25,5.75,5.86,5.69,5.76,3816714,22153346.00
2024/09/26,5.78,5.94,5.71,5.94,3495344,20457040.00
2024/09/27,6.03,6.18,6.00,6.18,3970864,24152548.00
2024/09/30,6.31,6.79,6.28,6.69,12525212,81322344.00
2024/10/08,7.35,7.35,6.75,7.00,10585673,74153672.00
2024/10/09,6.97,6.97,6.40,6.41,7652533,50623656.00
2024/10/10,6.41,6.64,6.29,6.49,5433108,35232020.00
2024/10/11,6.53,6.53,6.23,6.27,4193592,26597228.00
2024/10/14,6.38,6.45,6.26,6.44,4657120,29697276.00
2024/10/15,6.45,6.66,6.32,6.39,6549272,42249856.00
2024/10/16,6.35,6.43,6.22,6.37,4506752,28625672.00
2024/10/17,6.42,6.44,6.25,6.27,4425032,28053056.00
2024/10/18,6.29,6.44,6.19,6.35,5479631,34545820.00
2024/10/21,6.37,6.44,6.32,6.37,4513096,28749828.00
2024/10/22,6.36,6.49,6.33,6.46,4112181,26462458.00
2024/10/23,6.48,6.53,6.43,6.47,4482312,29076688.00
2024/10/24,6.35,6.47,6.29,6.46,4977880,31816972.00
2024/10/25,6.43,6.59,6.42,6.55,4874436,31854536.00
2024/10/28,6.56,6.82,6.56,6.78,5675052,38242912.00
2024/10/29,6.79,6.88,6.55,6.57,5502184,36714468.00
2024/10/30,6.51,7.23,6.50,6.88,12894544,88758320.00
2024/10/31,6.67,6.90,6.67,6.80,11488429,77792680.00
2024/11/01,6.77,6.93,6.48,6.49,8384350,55659040.00
2024/11/04,6.45,6.61,6.31,6.60,4773157,31039032.00
2024/11/05,6.63,6.74,6.60,6.74,4980412,33294700.00
2024/11/06,6.74,6.85,6.66,6.82,6099304,41268592.00
2024/11/07,6.82,7.15,6.72,7.07,8506020,59593848.00
2024/11/08,7.10,7.16,6.89,6.97,5470724,38146124.00
2024/11/11,6.96,7.24,6.95,7.13,6452484,45563700.00
2024/11/12,7.13,7.27,7.03,7.14,7355549,52479016.00
2024/11/13,7.15,7.22,6.98,7.13,4792853,34053404.00
2024/11/14,7.13,7.15,6.87,6.89,4229720,29539462.00
2024/11/15,6.88,7.02,6.77,6.77,5659894,39099892.00
2024/11/18,6.81,6.89,6.63,6.71,4582941,31062688.00
2024/11/19,6.73,6.80,6.64,6.80,3448250,23220916.00
2024/11/20,6.80,7.05,6.77,7.01,4644504,32179004.00
2024/11/21,7.01,7.24,6.93,7.16,7023591,49967896.00
2024/11/22,7.16,7.24,6.86,6.89,5868056,41351200.00
数据来源:通达信
