600032 浙江新能 日线 前复权
      日期	    开盘	    最高	    最低	    收盘	    成交量	    成交额
2021/05/25,3.97,4.81,3.97,4.81,1339017,6742716.00
2021/05/26,5.32,5.32,5.32,5.32,284787,1583415.75
2021/05/27,5.88,5.88,5.88,5.88,213725,1307997.00
2021/05/28,6.49,6.49,6.49,6.49,822564,5535855.50
2021/05/31,7.16,7.16,7.16,7.16,1366354,10111020.00
2021/06/01,7.90,7.90,7.90,7.90,790431,6434108.50
2021/06/02,8.71,8.71,8.71,8.71,1116150,9989542.00
2021/06/03,9.61,9.61,9.61,9.61,683764,6735075.50
2021/06/04,10.60,10.60,10.60,10.60,2209389,23949776.00
2021/06/07,11.68,11.68,11.68,11.68,3036504,36195128.00
2021/06/08,12.87,12.87,12.47,12.87,103532570,1354206848.00
2021/06/09,12.87,14.14,12.02,13.21,154724372,2043551104.00
2021/06/10,12.60,14.11,12.44,13.36,113424978,1545338624.00
2021/06/11,14.26,14.56,13.01,13.79,120808196,1701685888.00
2021/06/15,13.26,13.27,12.39,12.39,85476954,1100128256.00
2021/06/16,11.96,11.96,11.13,11.32,69718294,814298112.00
2021/06/17,11.38,12.33,10.95,12.06,71174620,852511488.00
2021/06/18,11.82,12.84,11.44,12.84,78198118,971694528.00
2021/06/21,12.76,13.31,12.49,12.64,77551571,1016920832.00
2021/06/22,12.74,13.93,12.74,13.93,108550518,1491787776.00
2021/06/23,13.76,15.35,13.56,15.35,121902531,1802974720.00
2021/06/24,15.87,16.42,13.79,13.80,97166785,1450443520.00
2021/06/25,13.39,13.65,12.57,12.70,73070618,959703232.00
2021/06/28,12.56,12.87,12.32,12.71,44140008,568976512.00
2021/06/29,12.69,13.08,12.31,12.82,43838251,571372608.00
2021/06/30,12.64,12.65,11.58,11.92,47908859,588593856.00
2021/07/01,11.78,12.13,11.26,11.26,35855708,426392128.00
2021/07/02,11.27,11.35,10.53,10.56,34511419,378835456.00
2021/07/05,10.56,10.60,10.12,10.39,29845124,314120800.00
2021/07/06,10.38,11.45,10.26,11.45,53351298,597068352.00
2021/07/07,11.16,11.45,10.77,11.08,43357060,490492128.00
2021/07/08,11.26,11.76,11.21,11.45,44696692,525693152.00
2021/07/09,11.17,11.66,11.03,11.34,35210577,408009984.00
2021/07/12,11.19,11.20,10.92,10.98,29204109,329284000.00
2021/07/13,10.95,11.98,10.70,11.59,49440391,573099584.00
2021/07/14,11.57,11.83,11.22,11.26,35579708,415868544.00
2021/07/15,10.92,10.96,10.54,10.88,27112580,298983424.00
2021/07/16,10.91,11.10,10.66,10.68,21061932,233931856.00
2021/07/19,10.36,10.56,10.22,10.24,19544848,206248064.00
2021/07/20,10.06,10.28,9.85,10.22,14540896,149694160.00
2021/07/21,10.17,10.30,10.03,10.16,14454324,150093680.00
2021/07/22,10.14,10.36,10.12,10.16,14754635,154106160.00
2021/07/23,10.13,10.13,9.76,9.78,20477492,206877760.00
2021/07/26,9.75,9.75,9.04,9.39,18743986,181541472.00
2021/07/27,9.31,9.76,9.11,9.50,22401792,217230080.00
2021/07/28,9.32,9.41,8.76,8.80,17710299,162853184.00
2021/07/29,8.86,9.07,8.82,8.87,13356976,122433080.00
2021/07/30,8.92,9.78,8.85,9.78,33231032,324659488.00
2021/08/02,9.79,9.81,9.51,9.74,24342491,240531840.00
2021/08/03,9.77,10.17,9.41,9.58,21559936,215604304.00
2021/08/04,9.45,9.72,9.32,9.65,13771688,134833792.00
2021/08/05,9.58,9.92,9.48,9.80,16667055,165989584.00
2021/08/06,9.79,9.86,9.53,9.55,12990448,128282248.00
2021/08/09,9.56,9.69,9.42,9.45,11593174,112952880.00
2021/08/10,9.41,9.53,9.26,9.37,11210766,108003280.00
2021/08/11,9.44,10.33,9.38,10.33,28232844,289311168.00
2021/08/12,10.91,11.39,10.66,11.39,54478960,627664192.00
2021/08/13,11.76,12.55,11.64,12.55,100071304,1249424896.00
2021/08/16,12.73,13.83,12.73,13.83,39514533,540147264.00
2021/08/17,14.86,15.13,12.42,13.17,116264928,1606609408.00
2021/08/18,11.84,13.61,11.84,12.37,78860970,1008834752.00
2021/08/19,12.00,12.18,11.11,11.13,65892621,766801600.00
2021/08/20,10.84,11.51,10.58,11.17,46097095,519778304.00
2021/08/23,11.09,11.53,10.92,11.31,42131216,484780000.00
2021/08/24,11.25,11.60,11.00,11.04,39841926,457231584.00
2021/08/25,10.96,12.17,10.77,12.17,57706282,683003456.00
2021/08/26,12.67,12.67,11.71,11.86,64358911,791073280.00
2021/08/27,11.68,12.33,11.68,12.02,47646346,584162688.00
2021/08/30,12.05,12.81,11.31,12.81,63844238,804402304.00
2021/08/31,12.64,12.80,12.21,12.29,44174900,557215680.00
2021/09/01,12.13,12.68,11.74,11.85,39039798,484764448.00
2021/09/02,11.61,13.06,11.36,12.75,74631911,961184064.00
2021/09/03,12.63,14.05,12.32,13.73,89538341,1200581760.00
2021/09/06,13.56,13.58,12.47,12.99,56116194,743399616.00
2021/09/07,12.97,13.34,12.78,13.14,41625197,554656896.00
2021/09/08,13.33,13.86,13.24,13.26,55532855,765601856.00
2021/09/09,12.88,13.49,12.44,12.98,44274580,582842880.00
2021/09/10,12.77,12.85,12.12,12.23,43357333,548180480.00
2021/09/13,12.09,12.51,12.04,12.38,22137374,277875328.00
2021/09/14,12.44,12.54,11.82,11.99,21937241,270423584.00
2021/09/15,11.94,12.76,11.87,12.60,32490274,411469056.00
2021/09/16,12.52,12.68,11.98,11.99,25171844,315869440.00
2021/09/17,12.36,13.21,12.13,13.21,23383447,312121344.00
2021/09/22,14.56,14.56,14.56,14.56,7320904,108349376.00
2021/09/23,16.04,16.04,16.04,16.04,4479794,72931048.00
2021/09/24,17.67,17.67,17.67,17.67,10914468,195478128.00
2021/09/27,19.46,19.46,16.96,17.08,149746274,2824075520.00
2021/09/28,15.35,18.36,15.35,17.72,129158073,2174067968.00
2021/09/29,16.06,16.71,15.92,15.92,71962271,1177769344.00
2021/09/30,15.16,16.64,14.82,16.06,74351911,1175774464.00
2021/10/08,16.00,16.09,14.48,14.67,53174999,810419968.00
2021/10/11,14.84,15.44,13.99,14.96,50854140,760088192.00
2021/10/12,14.58,15.63,14.14,15.55,58973619,893658624.00
2021/10/13,15.06,15.13,14.54,14.63,39006800,586070656.00
2021/10/14,14.36,15.53,14.28,14.97,46632846,714508032.00
2021/10/15,14.86,16.08,14.56,15.68,62411384,973882816.00
2021/10/18,15.64,16.34,15.41,15.98,59559370,969299584.00
2021/10/19,15.83,16.67,15.46,16.13,58203184,949620224.00
2021/10/20,15.79,17.09,15.60,16.64,66549159,1104669824.00
2021/10/21,16.65,16.66,15.84,16.03,49326896,808187136.00
2021/10/22,15.88,16.08,14.86,14.88,41697626,649520064.00
2021/10/25,14.88,15.73,14.88,15.49,32739134,513905088.00
2021/10/26,15.36,16.26,15.26,15.80,48053846,778432768.00
2021/10/27,15.80,17.12,15.48,16.41,63170477,1049413248.00
2021/10/28,16.16,16.62,15.61,15.65,42810700,694895168.00
2021/10/29,15.71,15.98,14.67,15.27,34039845,523690240.00
2021/11/01,15.28,16.44,14.92,16.26,45819707,740500608.00
2021/11/02,16.16,16.51,15.43,15.61,44664555,725326912.00
2021/11/03,15.62,16.95,14.96,16.46,46210300,744409792.00
2021/11/04,16.35,17.84,16.20,17.21,59023918,1029667264.00
2021/11/05,17.21,17.25,15.87,15.95,47715600,799634304.00
2021/11/08,15.95,16.26,15.65,16.20,27862908,453047104.00
2021/11/09,16.61,16.83,15.96,16.27,35230642,586984896.00
2021/11/10,15.78,15.98,15.27,15.59,34488014,544953472.00
2021/11/11,15.59,15.59,14.90,15.15,31210351,479255712.00
2021/11/12,14.99,15.30,14.91,15.16,19057577,293302880.00
2021/11/15,15.07,15.35,14.77,15.17,21027811,322085024.00
2021/11/16,15.36,15.65,15.19,15.50,24032670,376432032.00
2021/11/17,15.49,15.78,15.36,15.54,20909318,330635168.00
2021/11/18,15.59,16.58,15.48,16.06,39760447,648081664.00
2021/11/19,15.91,16.77,15.43,16.53,45047056,737091584.00
2021/11/22,16.44,16.73,16.07,16.45,35311355,587466368.00
2021/11/23,16.36,16.55,15.80,15.88,31549747,514043744.00
2021/11/24,16.06,16.95,15.57,16.38,44258239,732533376.00
2021/11/25,16.64,16.92,16.06,16.18,33632218,560279488.00
2021/11/26,15.92,16.08,15.66,15.81,20503886,330212096.00
2021/11/29,15.42,16.08,15.26,15.86,16412671,262855248.00
2021/11/30,15.91,16.14,15.61,15.71,18643145,300206848.00
2021/12/01,15.65,16.08,15.56,16.01,18744606,301824832.00
2021/12/02,15.99,16.08,15.67,15.68,14533560,232952928.00
2021/12/03,15.63,16.26,15.48,16.11,30989532,502691200.00
2021/12/06,16.16,16.50,15.91,15.98,25427946,417510208.00
2021/12/07,16.01,16.87,15.58,16.54,38962098,640509504.00
2021/12/08,16.54,17.11,16.33,16.39,32889775,553409024.00
2021/12/09,16.36,16.76,16.14,16.56,28334699,472636320.00
2021/12/10,16.36,16.73,16.16,16.27,21318259,354280640.00
2021/12/13,16.27,17.26,16.24,16.76,43884226,747021632.00
2021/12/14,16.60,16.96,16.37,16.64,24056904,404671744.00
2021/12/15,16.63,17.98,16.26,17.31,56685962,986454656.00
2021/12/16,17.31,17.46,16.93,17.07,30499245,530213952.00
2021/12/17,17.08,17.76,16.89,16.94,36275866,637542208.00
2021/12/20,16.77,16.82,15.86,15.92,31127333,512126912.00
2021/12/21,15.82,16.01,15.43,15.81,20042399,319619936.00
2021/12/22,15.82,15.95,15.59,15.69,11895600,190067984.00
2021/12/23,15.70,16.25,15.59,16.19,23969977,390977472.00
2021/12/24,16.19,16.48,15.76,15.86,22243898,364287552.00
2021/12/27,15.74,16.02,15.47,15.51,16874059,268590624.00
2021/12/28,15.41,15.45,14.81,15.11,21882102,333629632.00
2021/12/29,15.06,15.26,14.83,15.16,11618899,177774256.00
2021/12/30,15.09,15.33,15.03,15.05,11675100,179870144.00
2021/12/31,15.06,15.36,15.06,15.22,10076690,155737232.00
2022/01/04,15.29,15.35,14.96,15.01,9990373,152994608.00
2022/01/05,14.96,15.01,14.19,14.22,17409076,254636432.00
2022/01/06,14.20,14.36,13.97,14.25,8463197,122266424.00
2022/01/07,14.19,14.29,13.64,13.66,14065000,198654768.00
2022/01/10,13.59,13.66,13.14,13.56,9406408,128485568.00
2022/01/11,13.56,13.89,13.51,13.60,8411200,117146520.00
2022/01/12,13.61,13.90,13.61,13.87,7369759,103253120.00
2022/01/13,13.89,13.90,13.56,13.58,7180390,99801832.00
2022/01/14,13.55,13.66,13.26,13.30,7134400,97747216.00
2022/01/17,13.41,13.54,13.31,13.42,6599201,90136736.00
2022/01/18,13.50,13.75,13.35,13.66,9174159,126859792.00
2022/01/19,13.56,13.58,13.26,13.31,6632488,90471176.00
2022/01/20,13.29,13.40,12.71,12.96,10494048,139025824.00
2022/01/21,12.96,13.21,12.78,12.89,6805760,89840184.00
2022/01/24,12.72,13.02,12.42,12.99,8554055,110847768.00
2022/01/25,12.91,12.92,12.14,12.16,9488017,120788216.00
2022/01/26,12.34,12.69,12.14,12.38,7744815,98109728.00
2022/01/27,12.37,12.48,12.14,12.15,6094500,76346400.00
2022/01/28,12.16,12.48,11.92,12.25,7356959,91428512.00
2022/02/07,12.52,12.95,12.38,12.84,8804944,113791336.00
2022/02/08,12.85,12.99,12.71,12.99,7475475,97918440.00
2022/02/09,12.95,13.21,12.84,13.05,7934559,105411512.00
2022/02/10,13.06,13.30,12.91,13.12,8632874,114977520.00
2022/02/11,13.18,13.18,12.76,12.77,6676690,87643488.00
2022/02/14,12.69,12.86,12.52,12.63,4776100,61754776.00
2022/02/15,12.58,13.54,12.57,13.25,12646109,168879984.00
2022/02/16,13.22,13.54,13.09,13.38,11226423,151803600.00
2022/02/17,13.76,14.04,13.48,13.51,15472000,215708672.00
2022/02/18,13.31,13.51,13.19,13.47,9100454,124033856.00
2022/02/21,13.44,13.59,13.32,13.49,8054250,110169304.00
2022/02/22,13.49,13.84,13.18,13.45,12269400,168585376.00
2022/02/23,13.50,13.64,13.38,13.58,8436914,115838928.00
2022/02/24,13.56,13.99,13.01,13.30,17464359,241350368.00
2022/02/25,13.27,13.86,13.26,13.77,16677500,231483920.00
2022/02/28,13.76,13.94,13.28,13.77,15208748,210118336.00
2022/03/01,13.77,14.05,13.74,13.90,14147915,200316544.00
2022/03/02,13.86,13.88,13.62,13.73,8338467,116456184.00
2022/03/03,13.87,14.03,13.74,13.83,10085673,142147360.00
2022/03/04,13.85,14.01,13.46,13.70,10808459,150717904.00
2022/03/07,13.69,13.74,13.28,13.43,8208859,112690488.00
2022/03/08,13.42,13.45,12.80,12.94,8895500,118564696.00
2022/03/09,12.97,13.36,12.42,13.15,11369406,150575376.00
2022/03/10,13.36,13.70,13.15,13.50,11770354,161055824.00
2022/03/11,13.25,13.30,12.80,13.11,9712861,129118504.00
2022/03/14,13.03,13.03,12.36,12.37,9620072,124100176.00
2022/03/15,12.17,12.36,11.55,11.57,9807072,118932312.00
2022/03/16,11.76,11.91,11.19,11.87,9111659,108162792.00
2022/03/17,12.14,12.58,12.06,12.31,11296140,141823440.00
2022/03/18,12.46,12.94,12.20,12.86,13509364,175245776.00
2022/03/21,12.83,13.58,12.83,13.14,19198364,257803168.00
2022/03/22,13.25,13.32,12.81,12.85,10878776,143389392.00
2022/03/23,13.45,14.16,13.26,14.16,19248824,269563104.00
2022/03/24,15.60,15.60,14.26,14.29,70155407,1073551104.00
2022/03/25,13.46,13.96,13.29,13.35,38798745,534665920.00
2022/03/28,13.02,13.22,12.63,12.74,23399749,305993088.00
2022/03/29,13.19,14.04,13.19,14.04,33892683,478082816.00
2022/03/30,14.32,14.85,13.79,14.27,51234479,745333760.00
2022/03/31,14.25,14.27,13.74,13.84,31376646,444097216.00
2022/04/01,13.58,14.04,13.42,13.82,21331135,299651040.00
2022/04/06,13.83,13.88,13.36,13.86,19063700,263830576.00
2022/04/07,13.61,13.66,13.16,13.16,16706175,227435648.00
2022/04/08,12.99,13.30,12.80,13.08,12660101,168253856.00
2022/04/11,13.00,13.01,12.06,12.24,15075158,191469360.00
2022/04/12,12.16,12.35,11.91,12.34,9355459,115856504.00
2022/04/13,12.36,12.36,11.93,11.94,8760400,107456264.00
2022/04/14,12.04,12.21,11.81,11.89,8076100,98441304.00
2022/04/15,11.84,12.33,11.67,12.28,14796877,183279328.00
2022/04/18,12.23,12.27,11.79,12.16,8698759,106769296.00
2022/04/19,12.09,12.43,11.96,12.22,8051045,100317136.00
2022/04/20,12.22,12.63,12.05,12.18,11939971,150070064.00
2022/04/21,12.14,12.14,11.54,11.62,10771552,129495344.00
2022/04/22,11.56,12.76,11.31,12.35,16278197,200565504.00
2022/04/25,12.21,12.51,11.57,11.63,13208959,161019232.00
2022/04/26,11.62,11.96,10.96,11.05,11420900,134181912.00
2022/04/27,11.05,11.58,10.64,11.57,12381608,140356640.00
2022/04/28,11.49,11.72,11.11,11.29,10034161,116743216.00
2022/04/29,11.76,11.93,11.46,11.75,13910859,166730368.00
2022/05/05,11.61,12.21,11.58,11.98,12296807,150412128.00
2022/05/06,11.66,11.95,11.61,11.74,8186759,97979152.00
2022/05/09,11.71,11.95,11.56,11.80,7273466,87313824.00
2022/05/10,11.66,12.16,11.54,12.05,12242492,148806912.00
2022/05/11,12.12,12.70,12.01,12.22,21840122,274347776.00
2022/05/12,12.39,12.83,12.18,12.52,20620210,262999472.00
2022/05/13,12.51,12.61,12.17,12.29,12178461,153048544.00
2022/05/16,12.29,12.40,11.97,12.09,9593900,118284504.00
2022/05/17,12.15,12.16,11.79,12.13,9553200,116639200.00
2022/05/18,12.12,12.31,12.02,12.15,9511400,117957312.00
2022/05/19,11.96,12.52,11.81,12.39,16761391,208770624.00
2022/05/20,12.40,12.55,12.24,12.36,11883784,149743216.00
2022/05/23,12.36,12.41,12.11,12.24,8666378,108133376.00
2022/05/24,12.61,12.64,11.59,11.62,16606470,204990496.00
2022/05/25,11.56,12.28,11.51,12.20,15910605,194313728.00
2022/05/26,12.32,12.54,12.09,12.41,16529022,208671536.00
2022/05/27,12.43,12.56,12.28,12.39,11299568,143112848.00
2022/05/30,12.43,12.66,12.21,12.64,13289225,168987568.00
2022/05/31,12.86,13.26,12.47,12.97,28362526,371638048.00
2022/06/01,12.70,12.89,12.47,12.84,18561875,240041072.00
2022/06/02,12.67,13.58,12.57,13.24,26236426,351853024.00
2022/06/06,13.22,13.36,13.00,13.29,20240162,271777056.00
2022/06/07,13.31,13.40,12.91,13.05,16466400,220214832.00
2022/06/08,13.05,13.20,12.70,12.99,14632820,193042128.00
2022/06/09,12.94,13.09,12.61,12.74,10866045,141987200.00
2022/06/10,12.83,13.16,12.59,13.15,17201000,228113184.00
2022/06/13,13.12,13.25,12.84,12.99,12626786,167829168.00
2022/06/14,12.84,13.03,12.46,12.95,12513800,162787408.00
2022/06/15,12.81,13.03,12.73,12.80,12931677,169544064.00
2022/06/16,12.80,13.10,12.74,12.90,11987665,157646512.00
2022/06/17,12.76,13.14,12.73,12.84,12315465,161831520.00
2022/06/20,12.82,13.55,12.82,13.42,27289926,369819744.00
2022/06/21,13.63,13.63,13.04,13.21,19120453,257772352.00
2022/06/22,13.35,13.36,12.91,12.94,13837700,185140016.00
2022/06/23,12.89,13.09,12.75,13.08,11936594,157068400.00
2022/06/24,13.09,13.36,12.99,13.13,12595080,169246016.00
2022/06/27,13.26,13.38,13.03,13.16,12944256,173792784.00
2022/06/28,13.36,13.57,13.27,13.57,22575895,308608320.00
2022/06/29,13.41,13.48,13.04,13.08,15973970,215403120.00
2022/06/30,13.09,14.41,13.09,14.41,33875992,483124736.00
2022/07/01,14.99,15.88,14.76,14.94,80820610,1261576064.00
2022/07/04,14.48,15.26,14.08,14.83,48686244,731358656.00
2022/07/05,15.06,15.62,14.74,14.84,44966372,692396608.00
2022/07/06,14.76,15.32,14.29,14.47,34378879,514414368.00
2022/07/07,14.51,14.76,14.27,14.49,23424802,344489440.00
2022/07/08,14.62,15.00,14.44,14.60,24003757,356443648.00
2022/07/11,14.63,15.25,14.61,15.12,37803231,575875584.00
2022/07/12,15.14,15.26,14.25,14.26,30574900,456350272.00
2022/07/13,14.26,14.99,13.96,14.80,28745704,428241056.00
2022/07/14,14.72,15.28,14.43,15.01,29431644,442795296.00
2022/07/15,14.93,15.03,14.48,14.53,22605618,337184960.00
2022/07/18,14.96,15.42,14.88,15.35,38278325,590708032.00
2022/07/19,15.43,15.55,14.94,15.10,27742570,424083616.00
2022/07/20,15.10,15.14,14.77,14.98,18504991,279538624.00
2022/07/21,14.93,14.96,14.58,14.69,14914956,222642384.00
2022/07/22,14.68,14.91,14.48,14.76,14696890,218843456.00
2022/07/25,14.71,14.76,14.08,14.08,15843690,228850688.00
2022/07/26,13.99,14.15,13.71,14.11,10960834,155448224.00
2022/07/27,13.98,14.25,13.94,14.16,8810409,126333920.00
2022/07/28,14.17,14.49,13.98,14.00,12308750,176790576.00
2022/07/29,13.95,14.43,13.94,14.13,14238404,205738016.00
2022/08/01,14.01,14.13,13.67,14.12,12531659,176265584.00
2022/08/02,13.82,13.90,12.96,13.16,18739757,253219616.00
2022/08/03,13.08,13.43,12.81,12.84,11159514,148536608.00
2022/08/04,12.93,13.19,12.85,13.08,7405600,97897976.00
2022/08/05,13.09,13.14,12.86,13.11,7885560,104100256.00
2022/08/08,13.14,13.32,12.97,13.31,8173940,109596624.00
2022/08/09,13.22,13.56,13.17,13.28,9841414,133808952.00
2022/08/10,13.21,13.45,13.08,13.20,7412053,99238864.00
2022/08/11,13.26,13.34,13.17,13.33,7115437,95890488.00
2022/08/12,13.33,13.66,13.30,13.53,11183678,153316960.00
2022/08/15,13.55,13.75,13.41,13.72,11097308,153323424.00
2022/08/16,13.73,14.00,13.71,13.95,15448135,217504192.00
2022/08/17,14.11,14.60,14.07,14.28,24364235,354614400.00
2022/08/18,14.16,14.36,13.87,14.00,15510723,220912736.00
2022/08/19,14.08,14.75,13.80,14.61,29987009,436966496.00
2022/08/22,14.63,14.78,14.27,14.38,18253881,266713984.00
2022/08/23,14.29,14.42,14.10,14.28,12237945,176694640.00
2022/08/24,14.11,14.27,13.80,13.80,13625652,193044080.00
2022/08/25,13.99,14.25,13.76,14.09,13505267,191882656.00
2022/08/26,14.18,14.33,13.88,13.91,10637513,151826528.00
2022/08/29,13.63,14.10,13.60,14.05,8632013,122113696.00
2022/08/30,14.04,14.29,13.45,13.70,11666763,162736640.00
2022/08/31,13.71,13.76,13.02,13.10,11040517,148333616.00
2022/09/01,13.10,13.19,12.73,12.80,9857117,129182568.00
2022/09/02,12.80,13.04,12.74,12.90,6402700,83752848.00
2022/09/05,12.87,13.17,12.86,13.08,6117300,80938560.00
2022/09/06,13.14,13.37,12.99,13.36,7397751,99393656.00
2022/09/07,13.44,13.59,13.27,13.54,8487543,115986880.00
2022/09/08,13.60,14.12,13.49,13.58,14100796,197337536.00
2022/09/09,13.60,13.73,13.28,13.46,6828728,93217568.00
2022/09/13,13.48,13.59,13.11,13.19,7170042,96194128.00
2022/09/14,12.98,13.04,12.80,12.87,6619900,86736496.00
2022/09/15,12.94,12.94,12.12,12.38,10634186,135153152.00
2022/09/16,12.35,12.37,11.82,11.85,7689088,93982984.00
2022/09/19,11.82,11.90,11.53,11.90,4796000,57392760.00
2022/09/20,11.92,12.14,11.90,12.02,4892530,59736064.00
2022/09/21,12.07,12.09,11.77,12.02,3627900,44142204.00
2022/09/22,11.91,12.04,11.86,11.90,2850937,34600512.00
2022/09/23,11.88,11.99,11.57,11.67,4606612,54957456.00
2022/09/26,11.55,11.68,11.32,11.35,4790737,56043048.00
2022/09/27,11.42,11.65,11.40,11.65,4498600,52754500.00
2022/09/28,11.63,11.80,11.25,11.27,5929601,68997640.00
2022/09/29,11.33,11.46,11.11,11.16,4223659,48377468.00
2022/09/30,11.18,11.26,11.07,11.14,3095400,35207796.00
2022/10/10,11.18,11.28,10.73,10.82,5315962,59266828.00
2022/10/11,10.85,11.10,10.80,11.09,4608660,51552040.00
2022/10/12,11.00,11.50,10.98,11.49,5432302,61993376.00
2022/10/13,11.35,11.77,11.30,11.64,6028454,71119944.00
2022/10/14,11.64,11.85,11.60,11.75,5520273,65895804.00
2022/10/17,11.61,11.87,11.54,11.78,4833288,57619632.00
2022/10/18,11.86,11.94,11.71,11.84,4321402,51967168.00
2022/10/19,11.84,11.90,11.69,11.70,3992822,47808872.00
2022/10/20,11.68,11.82,11.55,11.60,3964751,47047104.00
2022/10/21,11.65,11.92,11.62,11.81,6120071,73612472.00
2022/10/24,11.81,11.94,11.53,11.60,5159900,61560008.00
2022/10/25,11.60,11.74,11.47,11.73,4126799,48811164.00
2022/10/26,11.79,11.95,11.70,11.90,5343018,64441592.00
2022/10/27,11.93,11.97,11.78,11.79,5102881,61610912.00
2022/10/28,11.79,11.85,11.10,11.17,7727496,89357624.00
2022/10/31,11.13,11.20,10.81,11.09,5072737,56859780.00
2022/11/01,11.22,11.46,11.09,11.46,5525100,63632784.00
2022/11/02,11.46,11.60,11.43,11.53,4732241,55416248.00
2022/11/03,11.51,11.63,11.47,11.53,4219787,49645216.00
2022/11/04,11.50,11.80,11.50,11.77,5584587,66630372.00
2022/11/07,11.77,11.95,11.70,11.86,5643000,67926392.00
2022/11/08,11.85,11.89,11.66,11.75,4897994,58538316.00
2022/11/09,11.77,11.81,11.61,11.70,4030744,47880184.00
2022/11/10,11.65,11.75,11.54,11.70,3576944,42480968.00
2022/11/11,11.75,12.03,11.72,11.78,5844201,70131696.00
2022/11/14,11.77,11.85,11.69,11.73,5374902,64391568.00
2022/11/15,11.76,12.10,11.71,12.05,8578495,103999184.00
2022/11/16,12.18,12.78,12.17,12.34,17264587,217931456.00
2022/11/17,12.12,12.35,12.02,12.26,7500584,92761104.00
2022/11/18,12.20,12.28,11.97,12.02,6434069,79255512.00
2022/11/21,11.97,12.13,11.82,12.05,4384839,53413792.00
2022/11/22,12.05,12.05,11.82,11.86,4719585,57141392.00
2022/11/23,11.80,12.01,11.76,11.98,5011108,60617652.00
2022/11/24,12.02,12.08,11.88,11.89,3591139,43610592.00
2022/11/25,11.89,12.01,11.80,11.92,3743807,45331608.00
2022/11/28,11.79,12.17,11.65,12.16,9068472,110869328.00
2022/11/29,12.16,12.28,12.00,12.27,9100025,112565592.00
2022/11/30,12.20,12.37,12.11,12.21,5506255,68409016.00
2022/12/01,12.29,12.31,12.16,12.30,6572131,81659424.00
2022/12/02,12.20,12.48,12.11,12.38,9585336,119606376.00
2022/12/05,12.38,12.52,12.31,12.45,10086614,127255104.00
2022/12/06,12.45,12.45,12.22,12.23,6154429,76962728.00
2022/12/07,12.20,12.37,12.16,12.23,5280300,65752812.00
2022/12/08,12.26,12.30,12.11,12.11,4723240,58480484.00
2022/12/09,12.12,12.19,11.98,12.10,6986955,85541064.00
2022/12/12,12.02,12.02,11.55,11.65,9307010,110802368.00
2022/12/13,11.64,11.88,11.57,11.73,5137226,61315044.00
2022/12/14,11.78,11.84,11.70,11.75,2499479,29871412.00
2022/12/15,11.70,11.79,11.66,11.75,2003567,23892416.00
2022/12/16,11.71,11.72,11.61,11.67,2551400,30254464.00
2022/12/19,11.67,11.73,11.30,11.34,3576436,41680792.00
2022/12/20,11.38,11.51,11.23,11.41,2082119,24114120.00
2022/12/21,11.51,11.51,11.13,11.23,2514400,28842296.00
2022/12/22,11.23,11.31,10.90,10.97,2944151,33211532.00
2022/12/23,10.87,11.05,10.87,10.98,2086200,23323442.00
2022/12/26,11.10,11.18,10.99,11.17,2535841,28646552.00
2022/12/27,11.20,11.27,11.14,11.18,1809959,20618378.00
2022/12/28,11.10,11.73,11.10,11.50,8452510,98991928.00
2022/12/29,11.31,11.40,11.13,11.17,4310267,49296552.00
2022/12/30,11.15,11.32,11.15,11.29,2944607,33660560.00
2023/01/03,11.28,11.60,11.20,11.58,5114760,59872128.00
2023/01/04,11.58,11.69,11.52,11.60,3760800,44404892.00
2023/01/05,11.64,11.69,11.49,11.60,3414844,40212432.00
2023/01/06,11.59,11.91,11.59,11.80,7009167,84142792.00
2023/01/09,11.84,11.93,11.71,11.88,5755697,69374792.00
2023/01/10,11.85,11.95,11.74,11.76,3895319,46815292.00
2023/01/11,11.75,11.85,11.64,11.68,3533745,42224956.00
2023/01/12,11.65,11.79,11.62,11.63,2444545,29049408.00
2023/01/13,11.67,11.70,11.50,11.56,2612300,30713948.00
2023/01/16,11.55,11.83,11.55,11.75,3931302,46921776.00
2023/01/17,11.83,11.85,11.69,11.75,3090632,36910336.00
2023/01/18,11.80,11.80,11.71,11.76,2418800,28908676.00
2023/01/19,11.80,11.80,11.64,11.75,2452787,29228574.00
2023/01/20,11.78,11.93,11.73,11.90,5655233,68000496.00
2023/01/30,11.91,12.02,11.87,11.87,6253914,75877792.00
2023/01/31,11.87,12.07,11.80,11.91,4438000,53818460.00
2023/02/01,11.91,11.95,11.87,11.95,6574515,79653840.00
2023/02/02,11.94,12.25,11.86,12.06,10087487,123506096.00
2023/02/03,12.05,12.05,11.86,11.96,4823132,58422020.00
2023/02/06,11.91,12.00,11.82,11.88,3167805,38373856.00
2023/02/07,11.94,11.95,11.81,11.88,4082105,49311356.00
2023/02/08,11.94,11.97,11.87,11.87,3346569,40514520.00
2023/02/09,11.85,11.92,11.82,11.90,3484074,42129056.00
2023/02/10,11.90,12.08,11.87,11.99,5236655,63758756.00
2023/02/13,11.99,12.19,11.98,12.09,6882900,84695504.00
2023/02/14,12.16,12.20,12.03,12.13,4732546,58279636.00
2023/02/15,12.17,12.17,11.95,11.98,4045196,49405816.00
2023/02/16,11.97,12.01,11.52,11.66,7345913,88259200.00
2023/02/17,11.66,11.74,11.57,11.58,3899838,46144936.00
2023/02/20,11.56,11.69,11.46,11.66,2907524,34277572.00
2023/02/21,11.68,11.74,11.62,11.72,3579300,42610360.00
2023/02/22,11.65,11.74,11.62,11.68,2112000,25111496.00
2023/02/23,11.67,11.70,11.61,11.67,2401612,28472808.00
2023/02/24,11.68,11.69,11.54,11.54,2810600,33135358.00
2023/02/27,11.50,11.61,11.49,11.51,2004677,23525336.00
2023/02/28,11.53,11.57,11.46,11.55,2578575,30205876.00
2023/03/01,11.60,11.60,11.52,11.58,2146952,25251308.00
2023/03/02,11.55,11.64,11.54,11.57,2695165,31753012.00
2023/03/03,11.59,11.69,11.57,11.68,4092091,48525424.00
2023/03/06,11.68,11.72,11.59,11.71,3589783,42540680.00
2023/03/07,11.72,11.73,11.48,11.49,3509251,41376704.00
2023/03/08,11.48,11.53,11.39,11.44,2791817,32487658.00
2023/03/09,11.47,11.48,11.34,11.38,2536803,29358096.00
2023/03/10,11.31,11.36,11.17,11.32,2978500,34170544.00
2023/03/13,11.30,11.40,11.24,11.29,2214552,25480528.00
2023/03/14,11.26,11.38,11.16,11.31,2867580,32898616.00
2023/03/15,11.31,11.40,11.31,11.37,2447573,28299010.00
2023/03/16,11.31,11.35,11.13,11.16,2645400,30204624.00
2023/03/17,11.17,11.24,11.15,11.17,2358641,26896888.00
2023/03/20,11.19,11.27,11.17,11.21,1848700,21106612.00
2023/03/21,11.20,11.24,11.15,11.23,2377048,27106704.00
2023/03/22,11.20,11.29,11.18,11.26,2436580,27896504.00
2023/03/23,11.22,11.34,11.20,11.30,2675099,30695880.00
2023/03/24,11.30,11.47,11.29,11.38,2961925,34309332.00
2023/03/27,11.39,11.39,11.19,11.25,2830700,32402204.00
2023/03/28,11.26,11.28,11.14,11.15,2187101,24909948.00
2023/03/29,11.15,11.20,11.05,11.07,2144887,24226440.00
2023/03/30,11.05,11.14,11.00,11.14,1758642,19802968.00
2023/03/31,11.15,11.22,11.13,11.17,1598800,18200124.00
2023/04/03,11.17,11.90,11.17,11.66,9355016,110033728.00
2023/04/04,11.70,11.73,11.46,11.59,4463163,52482988.00
2023/04/06,11.56,11.73,11.50,11.58,3592312,42469820.00
2023/04/07,11.59,11.67,11.45,11.51,3435265,40329068.00
2023/04/10,11.51,11.55,11.43,11.55,3035200,35579184.00
2023/04/11,11.55,11.61,11.30,11.32,4757349,55131920.00
2023/04/12,11.39,11.39,11.25,11.26,2633884,30270760.00
2023/04/13,11.30,11.54,11.28,11.37,4703151,54602784.00
2023/04/14,11.40,11.43,11.23,11.38,3680600,42436608.00
2023/04/17,11.36,11.51,11.35,11.41,3910445,45487080.00
2023/04/18,11.48,11.48,11.28,11.29,2713307,31262820.00
2023/04/19,11.32,11.35,11.23,11.23,2537645,29140392.00
2023/04/20,11.19,11.26,11.10,11.15,2774500,31437928.00
2023/04/21,11.15,11.23,11.03,11.03,2836798,32120860.00
2023/04/24,11.14,11.18,10.95,11.06,2027100,22810800.00
2023/04/25,11.03,11.12,10.80,10.87,3063198,34106100.00
2023/04/26,10.90,11.65,10.83,11.20,5041700,57534280.00
2023/04/27,11.25,11.25,11.11,11.17,2190700,24890476.00
2023/04/28,11.05,11.17,10.94,11.10,3857440,43290216.00
2023/05/04,11.17,11.22,11.08,11.11,2749799,31198784.00
2023/05/05,11.08,11.13,10.89,10.98,3259452,36339312.00
2023/05/08,10.98,11.13,10.97,11.04,2550552,28704164.00
2023/05/09,11.00,11.08,10.87,10.92,3115658,34747588.00
2023/05/10,10.89,10.99,10.86,10.94,2071323,23066944.00
2023/05/11,11.00,11.13,10.92,11.09,2962480,33313248.00
2023/05/12,11.08,11.21,11.01,11.10,2731362,30867838.00
2023/05/15,11.11,11.30,11.11,11.22,4546756,51870336.00
2023/05/16,11.20,11.28,11.08,11.20,3616701,41161680.00
2023/05/17,11.10,11.33,11.09,11.30,5002162,57150012.00
2023/05/18,11.28,11.28,11.07,11.13,3852000,43707792.00
2023/05/19,11.14,11.15,10.98,11.00,2948600,33105916.00
2023/05/22,11.05,12.12,11.01,12.12,33748980,405086528.00
2023/05/23,11.93,12.09,11.68,11.70,21581682,259263392.00
2023/05/24,11.64,12.79,11.64,12.26,32589197,407623008.00
2023/05/25,12.27,13.45,12.05,13.27,49219596,649023744.00
2023/05/26,13.03,13.03,12.09,12.43,34940625,444148128.00
2023/05/29,12.25,12.79,11.80,12.51,25041738,315021728.00
2023/05/30,12.35,12.80,12.28,12.48,21876783,278118240.00
2023/05/31,12.31,12.31,11.92,11.99,17332198,211991856.00
2023/06/01,11.98,12.15,11.80,11.90,12684729,153816704.00
2023/06/02,11.88,12.08,11.88,11.93,10361029,125781312.00
2023/06/05,11.94,12.27,11.90,12.19,15135507,186293776.00
2023/06/06,12.11,12.11,11.63,11.66,13695096,164555632.00
2023/06/07,11.69,11.72,11.51,11.59,6854080,80932840.00
2023/06/08,11.59,11.78,11.54,11.76,6985119,82959176.00
2023/06/09,11.76,11.88,11.64,11.78,7426975,88841072.00
2023/06/12,11.75,11.87,11.65,11.67,6741310,80365248.00
2023/06/13,11.65,11.78,11.63,11.76,6361374,75810624.00
2023/06/14,11.75,11.81,11.50,11.55,6966400,82230472.00
2023/06/15,11.49,11.68,11.49,11.65,6263623,74002256.00
2023/06/16,11.67,12.36,11.60,12.09,14561377,176956384.00
2023/06/19,11.96,12.25,11.88,12.18,12358874,151827376.00
2023/06/20,12.10,12.19,11.94,11.96,7382439,90367248.00
2023/06/21,11.96,13.05,11.96,12.50,25700409,326698976.00
2023/06/26,12.46,13.16,12.38,12.96,32031652,415946624.00
2023/06/27,12.77,12.77,12.30,12.51,20214052,256740608.00
2023/06/28,12.37,12.95,12.32,12.49,17830688,228938384.00
2023/06/29,12.56,12.64,12.16,12.19,15248886,189575472.00
2023/06/30,12.15,12.70,12.04,12.36,15337115,191854720.00
2023/07/03,12.31,12.52,12.24,12.51,12250105,154118512.00
2023/07/04,12.39,12.56,12.35,12.47,8262500,104459088.00
2023/07/05,12.49,12.75,12.39,12.42,10674861,136170320.00
2023/07/06,12.43,12.51,12.18,12.31,7117400,88364408.00
2023/07/07,12.24,12.46,12.24,12.38,7516189,93959680.00
2023/07/10,12.38,12.68,12.25,12.35,8275552,103915464.00
2023/07/11,12.37,12.41,11.92,12.31,9513354,116614040.00
2023/07/12,12.31,12.32,12.04,12.05,6748969,82735856.00
2023/07/13,12.06,12.16,11.99,12.01,5240011,63817744.00
2023/07/14,11.84,11.84,11.41,11.55,13168555,153990608.00
2023/07/17,11.43,11.57,11.30,11.46,6312458,72928560.00
2023/07/18,11.46,11.47,11.26,11.32,4031656,46149328.00
2023/07/19,11.32,11.42,11.26,11.42,3826619,43874836.00
2023/07/20,11.43,11.46,11.13,11.16,6715413,76605064.00
2023/07/21,11.17,11.25,11.15,11.22,3325540,37677656.00
2023/07/24,11.23,11.32,11.13,11.30,2995800,34076244.00
2023/07/25,11.40,11.40,11.26,11.35,4034979,46181044.00
2023/07/26,11.30,11.33,11.20,11.29,2660125,30289312.00
2023/07/27,11.29,11.35,11.22,11.22,2641986,30113486.00
2023/07/28,11.17,11.31,11.07,11.25,4030120,45579104.00
2023/07/31,11.25,11.51,11.20,11.48,7279510,84025760.00
2023/08/01,11.46,11.57,11.41,11.51,5091626,59198604.00
2023/08/02,11.51,11.51,11.34,11.38,3619200,41645928.00
2023/08/03,11.37,11.43,11.28,11.37,2660100,30508284.00
2023/08/04,11.49,11.49,11.33,11.33,3047700,35084280.00
2023/08/07,11.33,11.34,11.22,11.25,2918832,33264780.00
2023/08/08,11.28,11.32,11.18,11.27,2923493,33218400.00
2023/08/09,11.28,11.29,11.15,11.20,2368200,26846148.00
2023/08/10,11.20,11.25,11.16,11.22,2110900,23910034.00
2023/08/11,11.22,11.25,11.02,11.03,3560216,39956112.00
2023/08/14,11.03,11.08,10.94,11.08,2764875,30782668.00
2023/08/15,11.09,11.14,10.97,11.04,1863336,20842656.00
2023/08/16,11.02,11.02,10.87,10.89,2468800,27314032.00
2023/08/17,10.85,11.00,10.70,10.98,2388300,26247420.00
2023/08/18,10.98,11.03,10.87,10.88,2354055,26114960.00
2023/08/21,10.92,10.92,10.70,10.71,2872100,31399904.00
2023/08/22,10.74,10.79,10.32,10.49,4555799,48353544.00
2023/08/23,10.46,10.49,10.22,10.24,2939527,30717016.00
2023/08/24,10.32,10.32,10.12,10.22,2088700,21588164.00
2023/08/25,10.17,10.26,10.02,10.02,2509800,25727984.00
2023/08/28,10.37,10.49,10.08,10.12,4636900,48328120.00
2023/08/29,10.12,10.36,10.09,10.31,3677483,38149708.00
2023/08/30,10.31,10.37,10.12,10.18,4579100,47431680.00
2023/08/31,10.23,10.24,10.04,10.10,2826200,28918344.00
2023/09/01,10.11,10.16,10.02,10.10,2782900,28330076.00
2023/09/04,10.14,10.20,10.07,10.19,6114900,62859008.00
2023/09/05,10.15,10.32,10.13,10.30,5257400,54659888.00
2023/09/06,10.29,10.29,10.18,10.23,3917889,40516824.00
2023/09/07,10.22,10.23,10.03,10.05,3605400,36870640.00
2023/09/08,10.06,10.14,9.98,10.14,3207262,32680148.00
2023/09/11,10.14,10.56,10.05,10.55,6250862,65252096.00
2023/09/12,10.39,10.49,10.31,10.41,4631300,48742652.00
2023/09/13,10.41,10.46,10.25,10.31,2800800,29320662.00
2023/09/14,10.33,10.38,10.28,10.37,2306402,24126488.00
2023/09/15,10.32,10.41,10.22,10.26,2409446,25051128.00
2023/09/18,10.23,10.29,10.16,10.23,1643000,17008356.00
2023/09/19,10.25,10.29,10.18,10.21,1500655,15550078.00
2023/09/20,10.16,10.21,10.06,10.08,1508000,15443914.00
2023/09/21,10.07,10.07,9.86,9.86,2979890,30013772.00
2023/09/22,9.83,10.06,9.57,10.04,4407692,43869056.00
2023/09/25,10.03,10.03,9.88,9.94,1853920,18661810.00
2023/09/26,9.89,10.07,9.85,9.98,2270612,22892024.00
2023/09/27,9.99,10.05,9.94,10.00,2121200,21524046.00
2023/09/28,10.00,10.07,9.98,10.05,1638200,16639467.00
2023/10/09,10.05,10.05,9.87,9.95,2394000,24124700.00
2023/10/10,9.95,9.99,9.80,9.82,1998100,20004866.00
2023/10/11,9.84,9.85,9.72,9.73,2470100,24483008.00
2023/10/12,9.82,9.86,9.74,9.85,1959400,19470764.00
2023/10/13,9.82,9.86,9.52,9.57,3824500,37359424.00
2023/10/16,9.55,9.55,9.37,9.39,2696300,25757824.00
2023/10/17,9.38,9.52,9.38,9.42,1618800,15486094.00
2023/10/18,9.45,9.48,9.23,9.23,2058100,19432500.00
2023/10/19,9.21,9.44,9.19,9.26,2858083,27023116.00
2023/10/20,9.21,9.35,9.17,9.25,1865459,17548342.00
2023/10/23,9.19,9.19,8.86,8.88,3151300,28778632.00
2023/10/24,8.92,9.17,8.85,9.14,3712827,34100768.00
2023/10/25,9.14,9.36,9.14,9.25,2976500,28046608.00
2023/10/26,8.90,9.04,8.31,8.31,25890071,219835312.00
2023/10/27,8.17,8.40,8.05,8.38,22236290,186730848.00
2023/10/30,8.30,8.41,8.20,8.27,13551282,113903664.00
2023/10/31,8.25,8.28,8.13,8.16,9447152,78529496.00
2023/11/01,8.18,8.25,8.14,8.22,8386883,69849680.00
2023/11/02,8.22,8.25,8.08,8.08,9521009,78745912.00
2023/11/03,8.10,8.32,8.09,8.20,14329406,119948728.00
2023/11/06,8.23,8.36,8.23,8.33,10483245,88400120.00
2023/11/07,8.31,8.49,8.27,8.46,12787641,109133144.00
2023/11/08,8.46,8.47,8.31,8.35,9609275,81650512.00
2023/11/09,8.35,8.45,8.30,8.36,8932802,76033208.00
2023/11/10,8.37,8.39,8.22,8.37,10303029,86709512.00
2023/11/13,8.37,8.45,8.24,8.40,10512710,89011232.00
2023/11/14,8.37,8.49,8.35,8.43,9622235,82184336.00
2023/11/15,8.44,8.54,8.41,8.49,11260608,97000400.00
2023/11/16,8.51,8.51,8.32,8.32,11313112,96055808.00
2023/11/17,8.31,8.37,8.27,8.33,8913531,75404912.00
2023/11/20,8.38,8.43,8.31,8.34,11149879,94479984.00
2023/11/21,8.37,8.38,8.28,8.29,8117168,68715232.00
2023/11/22,8.28,8.31,8.20,8.21,7028700,58894740.00
2023/11/23,8.21,8.26,8.16,8.24,7867947,65720128.00
2023/11/24,8.22,8.22,8.07,8.10,7663099,63297132.00
2023/11/27,8.10,8.23,8.04,8.17,7543617,62394936.00
2023/11/28,8.14,8.22,8.09,8.21,5893585,48910476.00
2023/11/29,8.20,8.23,8.07,8.09,5102300,42087444.00
2023/11/30,8.10,8.12,8.02,8.05,5112901,41892108.00
2023/12/01,8.06,8.06,7.95,8.02,5264036,42718980.00
2023/12/04,8.02,8.02,7.92,7.98,6741400,54503856.00
2023/12/05,7.94,8.04,7.87,7.89,5659000,45775932.00
2023/12/06,7.90,7.95,7.80,7.90,4849524,38900600.00
2023/12/07,7.90,7.90,7.72,7.81,7935900,62832532.00
2023/12/08,7.83,7.99,7.82,7.93,8832009,71110088.00
2023/12/11,7.88,7.99,7.74,7.99,7967925,63718160.00
2023/12/12,7.97,8.01,7.94,7.96,4133933,33448804.00
2023/12/13,7.96,8.09,7.93,7.96,6853572,55829080.00
2023/12/14,8.01,8.05,7.94,8.00,6408419,52186832.00
2023/12/15,8.00,8.19,7.93,7.95,14125490,115208296.00
2023/12/18,7.86,8.00,7.71,7.74,10447971,82905328.00
2023/12/19,7.71,7.72,7.61,7.67,7352500,57202896.00
2023/12/20,7.67,7.84,7.65,7.67,6177304,48621432.00
2023/12/21,7.61,7.80,7.52,7.77,6447028,50279440.00
2023/12/22,7.73,7.81,7.63,7.73,6150400,48327884.00
2023/12/25,7.67,7.80,7.67,7.79,4783128,37705048.00
2023/12/26,7.79,7.81,7.72,7.74,3702900,29214532.00
2023/12/27,7.76,7.77,7.64,7.70,3856600,30143852.00
2023/12/28,7.70,7.95,7.66,7.94,8908293,71142752.00
2023/12/29,7.90,7.96,7.87,7.93,5751574,46319380.00
2024/01/02,7.92,8.08,7.88,8.04,7872580,64173160.00
2024/01/03,8.01,8.11,7.99,8.10,6310072,51683912.00
2024/01/04,8.13,8.16,7.97,8.01,5809226,47466292.00
2024/01/05,7.98,8.07,7.84,7.91,5675300,45941376.00
2024/01/08,7.87,7.91,7.69,7.70,4905400,38795260.00
2024/01/09,7.70,7.76,7.59,7.68,5470371,42677256.00
2024/01/10,7.67,7.80,7.59,7.75,4939059,38728900.00
2024/01/11,7.72,7.83,7.69,7.78,4712009,37173852.00
2024/01/12,7.78,8.00,7.76,7.90,7262100,58284516.00
2024/01/15,7.87,7.95,7.79,7.80,4509800,35950728.00
2024/01/16,7.79,7.84,7.64,7.74,5104900,40084952.00
2024/01/17,7.75,7.75,7.53,7.54,5152900,40075124.00
2024/01/18,7.54,7.54,7.14,7.39,10536600,78086208.00
2024/01/19,7.37,7.43,7.24,7.32,5639306,42151968.00
2024/01/22,7.31,7.31,6.83,6.89,6859515,49394820.00
2024/01/23,6.88,7.10,6.79,7.08,9447450,67308176.00
2024/01/24,7.05,7.16,6.85,7.15,7107124,50990432.00
2024/01/25,7.16,7.53,7.15,7.52,8883328,66679500.00
2024/01/26,7.55,7.75,7.47,7.63,7681500,59668624.00
2024/01/29,7.63,7.68,7.43,7.46,6380864,48912052.00
2024/01/30,7.45,7.51,7.17,7.22,6702380,50213896.00
2024/01/31,7.22,7.39,6.99,7.02,7467800,54322968.00
2024/02/01,6.98,7.09,6.83,6.86,8652300,61155600.00
2024/02/02,6.88,6.97,6.32,6.48,11219330,75659704.00
2024/02/05,6.51,6.55,5.87,6.01,12920853,80742984.00
2024/02/06,5.95,6.54,5.88,6.51,13473202,85592760.00
2024/02/07,6.53,6.88,6.43,6.84,15806145,108740864.00
2024/02/08,6.86,7.28,6.86,7.15,17659681,128252648.00
2024/02/19,7.28,7.32,7.06,7.16,10504796,76666152.00
2024/02/20,7.16,7.16,7.02,7.06,9290472,66972476.00
2024/02/21,7.06,7.32,6.97,7.15,9712619,71053672.00
2024/02/22,7.15,7.27,7.10,7.22,6996203,51283080.00
2024/02/23,7.21,7.32,7.16,7.26,7679600,56519972.00
2024/02/26,7.24,7.36,7.17,7.23,8459619,62385620.00
2024/02/27,7.17,7.34,7.13,7.33,7041389,51986540.00
2024/02/28,7.41,7.65,7.19,7.19,14524253,110155664.00
2024/02/29,7.16,7.50,7.11,7.50,11601696,87062480.00
2024/03/01,7.59,7.70,7.39,7.48,11540400,88047208.00
2024/03/04,7.48,7.51,7.27,7.38,8140337,60981004.00
2024/03/05,7.37,7.42,7.27,7.29,6614000,49291568.00
2024/03/06,7.31,7.55,7.29,7.50,10016868,75887888.00
2024/03/07,7.50,7.56,7.33,7.36,7651025,57820796.00
2024/03/08,7.42,7.49,7.34,7.44,5749500,43337200.00
2024/03/11,7.45,7.63,7.45,7.63,10626700,81759904.00
2024/03/12,7.70,7.70,7.46,7.51,11386893,87088320.00
2024/03/13,7.51,7.58,7.45,7.54,6692600,51162000.00
2024/03/14,7.54,7.55,7.39,7.45,5922146,45030200.00
2024/03/15,7.44,7.52,7.39,7.49,6442809,48893572.00
2024/03/18,7.48,7.62,7.48,7.61,10072691,77465760.00
2024/03/19,7.61,7.65,7.52,7.54,6683579,51488844.00
2024/03/20,7.54,7.57,7.46,7.52,6749146,51544236.00
2024/03/21,7.56,7.56,7.34,7.42,8980825,67806104.00
2024/03/22,7.40,7.44,7.21,7.24,8487100,62894432.00
2024/03/25,7.19,7.27,7.11,7.11,6856772,50153344.00
2024/03/26,7.14,7.25,7.09,7.24,6156500,44905788.00
2024/03/27,7.26,7.30,6.96,6.96,6769800,49055292.00
2024/03/28,6.91,7.12,6.91,7.03,6371779,45559500.00
2024/03/29,7.03,7.16,7.02,7.10,4935803,35509936.00
2024/04/01,7.12,7.24,7.12,7.19,5731300,41935356.00
2024/04/02,7.21,7.27,7.18,7.23,5303643,38985276.00
2024/04/03,7.29,7.29,7.14,7.21,4695800,34391664.00
2024/04/08,7.21,7.29,7.13,7.22,7795875,57377956.00
2024/04/09,7.17,7.32,7.10,7.31,6998800,51655848.00
2024/04/10,7.22,7.39,7.22,7.25,9320901,69382976.00
2024/04/11,7.15,7.42,7.11,7.38,11857435,88603600.00
2024/04/12,7.37,7.38,7.11,7.14,10440300,76582576.00
2024/04/15,7.13,7.24,6.95,7.10,9844600,71067720.00
2024/04/16,6.99,7.09,6.69,6.72,14541786,100884240.00
2024/04/17,6.77,7.22,6.75,7.21,13489800,96693424.00
2024/04/18,7.29,7.29,6.98,7.00,11978900,86049128.00
2024/04/19,6.94,7.09,6.88,6.92,7683938,54437488.00
2024/04/22,6.88,7.00,6.84,6.91,6447150,45382108.00
2024/04/23,6.92,6.97,6.80,6.83,5990200,41850156.00
2024/04/24,6.84,6.88,6.77,6.85,5331774,37074440.00
2024/04/25,6.81,7.04,6.78,6.97,7884000,55796984.00
2024/04/26,6.93,7.06,6.87,7.03,7726100,54975672.00
2024/04/29,7.03,7.37,7.03,7.36,14066990,103797552.00
2024/04/30,7.37,7.52,7.35,7.41,12087331,91317000.00
2024/05/06,7.51,7.69,7.51,7.59,14743331,114173376.00
2024/05/07,7.60,7.69,7.55,7.65,12191400,94387160.00
2024/05/08,7.67,7.79,7.58,7.59,14829900,115787536.00
2024/05/09,7.67,7.75,7.61,7.70,12220000,95729368.00
2024/05/10,7.71,7.93,7.70,7.86,21010350,167048768.00
2024/05/13,7.90,7.95,7.68,7.83,19971900,158998272.00
2024/05/14,7.87,8.33,7.73,8.02,44216115,362156160.00
2024/05/15,8.02,8.13,7.76,7.79,29189351,234220064.00
2024/05/16,7.78,7.91,7.73,7.77,17249602,137129376.00
2024/05/17,7.75,7.91,7.74,7.81,12365480,98271664.00
2024/05/20,7.87,8.07,7.87,8.03,20574112,167024384.00
2024/05/21,8.03,8.05,7.92,7.99,13446304,109102288.00
2024/05/22,8.15,8.21,7.97,8.02,15842317,129508544.00
2024/05/23,7.99,8.03,7.85,7.87,12832300,103396824.00
2024/05/24,7.92,8.46,7.90,8.16,36704762,305189696.00
2024/05/27,8.10,8.23,7.97,8.02,26280170,214985472.00
2024/05/28,7.96,8.22,7.93,8.12,24013200,197778800.00
2024/05/29,8.15,8.20,7.95,8.13,18700770,153950480.00
2024/05/30,8.17,8.21,7.86,7.89,19901408,161009120.00
2024/05/31,7.89,7.96,7.76,7.91,14278170,113956416.00
2024/06/03,7.94,7.99,7.76,7.87,14675108,117314008.00
2024/06/04,7.86,8.01,7.73,8.00,12469593,100152336.00
2024/06/05,8.00,8.02,7.88,7.89,10039156,81006992.00
2024/06/06,7.82,7.92,7.73,7.76,11307200,89683816.00
2024/06/07,7.77,7.91,7.75,7.87,9185568,73244824.00
2024/06/11,7.77,7.98,7.76,7.85,11398714,91275072.00
2024/06/12,7.89,7.90,7.77,7.86,8769500,69841984.00
2024/06/13,7.88,8.09,7.84,8.05,19266100,156989952.00
2024/06/14,8.04,8.37,7.88,7.89,41100300,337404480.00
2024/06/17,7.85,8.06,7.64,7.78,21519764,172415648.00
2024/06/18,7.72,7.81,7.61,7.67,11861238,92412160.00
2024/06/19,7.70,7.70,7.37,7.40,14393553,109953936.00
2024/06/20,7.41,7.50,7.32,7.43,9716300,73348456.00
2024/06/21,7.38,7.54,7.36,7.40,6757063,51255932.00
2024/06/24,7.37,7.46,7.18,7.23,7675900,56897416.00
2024/06/25,7.19,7.25,6.99,7.07,8114937,58851352.00
2024/06/26,7.11,7.27,7.05,7.27,6808000,49562324.00
2024/06/27,7.28,7.32,6.99,7.01,8479700,61280616.00
2024/06/28,7.01,7.29,6.98,7.15,7569257,55101924.00
2024/07/01,7.11,7.36,7.11,7.35,6580115,48598112.00
2024/07/02,7.33,7.40,7.25,7.35,5636156,42103884.00
2024/07/03,7.37,7.42,7.27,7.28,4641570,34588720.00
2024/07/04,7.26,7.33,7.05,7.08,5952268,43336600.00
2024/07/05,7.09,7.17,7.00,7.08,4966857,35480280.00
2024/07/08,7.09,7.10,6.93,6.99,5979576,42179572.00
2024/07/09,7.09,7.39,7.00,7.37,12484186,90622680.00
2024/07/10,7.32,7.34,7.18,7.19,8044452,58745176.00
2024/07/11,7.34,7.49,7.23,7.44,10198750,75611216.00
2024/07/12,7.41,7.50,7.36,7.39,5555646,41522920.00
2024/07/15,7.34,7.36,7.23,7.29,5973000,43877224.00
2024/07/16,7.24,7.32,7.19,7.22,4757700,34692688.00
2024/07/17,7.23,7.24,7.11,7.13,4705600,33908140.00
2024/07/18,7.06,7.20,6.99,7.19,5411132,38764072.00
2024/07/19,7.19,7.21,7.10,7.17,5163000,37247224.00
2024/07/22,7.09,7.19,7.04,7.11,4728700,33857416.00
2024/07/23,7.11,7.16,6.96,6.96,5292150,37641472.00
2024/07/24,6.98,7.10,6.91,6.97,5372096,37914876.00
2024/07/25,7.00,7.21,6.96,7.12,5922800,42368544.00
2024/07/26,7.14,7.24,7.10,7.20,5093959,36923392.00
2024/07/29,7.23,7.23,7.11,7.19,3430485,24811650.00
2024/07/30,7.18,7.18,7.05,7.08,4716700,33721608.00
2024/07/31,7.05,7.27,7.01,7.27,7046600,51024112.00
2024/08/01,7.26,7.33,7.22,7.24,4921400,36089160.00
2024/08/02,7.21,7.26,7.12,7.13,3830900,27801078.00
2024/08/05,7.13,7.22,7.01,7.03,6129800,43923524.00
2024/08/06,7.07,7.16,7.02,7.09,4988239,35647008.00
2024/08/07,7.17,7.21,7.03,7.14,5109800,36741780.00
2024/08/08,7.14,7.14,7.02,7.06,5274450,37562600.00
2024/08/09,7.10,7.12,7.01,7.01,3900800,27717432.00
2024/08/12,7.04,7.07,6.96,6.99,3770000,26639804.00
2024/08/13,6.98,7.05,6.91,7.02,3853152,27149564.00
2024/08/14,7.02,7.07,6.96,6.97,3248100,22953426.00
2024/08/15,7.01,7.08,6.90,7.04,5066900,35857612.00
2024/08/16,7.06,7.07,6.94,6.97,5026500,35390840.00
2024/08/19,6.95,7.04,6.92,6.94,3937447,27659418.00
2024/08/20,6.95,6.96,6.74,6.79,5129200,35220264.00
2024/08/21,6.79,6.82,6.71,6.74,2941154,20045040.00
2024/08/22,6.78,6.80,6.67,6.70,3028645,20556180.00
2024/08/23,6.71,6.72,6.64,6.69,3029690,20435206.00
2024/08/26,6.67,6.74,6.65,6.70,3233500,21832032.00
2024/08/27,6.75,6.80,6.69,6.75,4766813,32407602.00
2024/08/28,6.74,6.89,6.69,6.85,5281819,36342036.00
2024/08/29,6.85,6.90,6.77,6.87,3714400,25644536.00
2024/08/30,6.85,7.02,6.85,6.93,5253000,36827688.00
2024/09/02,6.97,7.07,6.95,6.99,7571200,53650180.00
2024/09/03,7.01,7.07,6.94,6.98,4448000,31373048.00
2024/09/04,6.97,7.03,6.87,6.98,3732900,26293516.00
2024/09/05,7.01,7.04,6.90,6.94,2808300,19719384.00
2024/09/06,6.95,6.99,6.77,6.80,3380400,23372872.00
2024/09/09,6.77,6.85,6.74,6.79,4024500,27613624.00
2024/09/10,6.83,6.84,6.61,6.71,4497145,30374960.00
2024/09/11,6.65,6.76,6.60,6.64,3460100,23298456.00
2024/09/12,6.64,6.74,6.59,6.65,3296500,22227748.00
2024/09/13,6.64,6.71,6.60,6.61,2803700,18769872.00
2024/09/18,6.67,6.67,6.46,6.58,4870170,32064250.00
2024/09/19,6.58,6.83,6.57,6.81,5443700,36990768.00
2024/09/20,6.75,6.81,6.69,6.70,5218400,35399192.00
2024/09/23,6.67,6.77,6.66,6.72,3128200,21035850.00
2024/09/24,6.80,7.07,6.75,7.07,7967239,55395860.00
2024/09/25,7.10,7.22,7.04,7.07,8967215,63983828.00
2024/09/26,7.07,7.27,7.04,7.27,8015928,57476420.00
2024/09/27,7.36,7.58,7.31,7.55,7758206,57922608.00
2024/09/30,7.82,8.31,7.82,8.31,24275900,197545824.00
2024/10/08,9.14,9.14,8.37,8.69,28685673,250942400.00
2024/10/09,8.69,8.69,7.93,8.07,21953767,180507968.00
2024/10/10,8.09,8.38,8.07,8.15,13523825,111090984.00
2024/10/11,8.15,8.25,7.98,8.06,11344400,92147640.00
2024/10/14,8.06,8.14,7.96,8.10,9745732,78487560.00
2024/10/15,8.07,8.20,7.96,7.97,7908876,63863660.00
2024/10/16,7.95,8.12,7.93,8.07,7093343,57102496.00
2024/10/17,8.07,8.13,7.92,7.92,7662091,61476104.00
2024/10/18,7.92,8.26,7.84,8.02,15808600,127344848.00
2024/10/21,8.18,8.18,7.99,8.04,10144634,81782280.00
2024/10/22,8.00,8.17,7.99,8.17,8778441,71036928.00
2024/10/23,8.24,8.47,8.17,8.35,14733147,122722664.00
2024/10/24,8.30,8.32,8.12,8.23,7378390,60459012.00
2024/10/25,8.23,8.38,8.18,8.32,7473455,61910572.00
2024/10/28,8.33,8.38,8.21,8.36,9503850,78893576.00
2024/10/29,8.36,8.42,8.06,8.10,11253600,91989776.00
2024/10/30,8.09,8.15,7.96,8.04,8731420,70347888.00
2024/10/31,8.04,8.21,8.04,8.14,9323700,76042328.00
2024/11/01,8.07,8.21,7.92,8.07,9706900,78215824.00
2024/11/04,8.06,8.17,8.02,8.17,8380338,68055472.00
2024/11/05,8.18,8.24,8.11,8.22,11316938,92803312.00
2024/11/06,8.24,8.29,8.10,8.13,12520513,102374896.00
2024/11/07,8.08,8.33,8.06,8.32,14674791,121303520.00
2024/11/08,8.36,8.42,8.18,8.25,13055900,108096552.00
2024/11/11,8.25,8.39,8.19,8.38,13128275,109171008.00
2024/11/12,8.40,8.52,8.29,8.34,15669700,131789096.00
2024/11/13,8.31,8.37,8.21,8.32,7808571,64726088.00
2024/11/14,8.31,8.40,8.10,8.10,9743466,79955680.00
2024/11/15,8.10,8.18,8.01,8.02,7806800,63256740.00
2024/11/18,8.02,8.22,8.02,8.06,8797863,71485792.00
2024/11/19,8.10,8.14,7.99,8.13,6179963,49872372.00
2024/11/20,8.13,8.13,8.04,8.11,6484000,52407104.00
2024/11/21,8.10,8.18,7.97,8.02,9118266,73164576.00
2024/11/22,8.01,8.04,7.70,7.70,10319900,81197736.00
数据来源:通达信
