688077 大地熊 日线 前复权
      日期	    开盘	    最高	    最低	    收盘	    成交量	    成交额
2020/07/22,36.59,48.30,34.48,42.23,13553971,770299584.00
2020/07/23,40.08,62.22,39.22,59.01,13550962,936031616.00
2020/07/24,54.37,59.30,49.20,49.37,10702299,840008448.00
2020/07/27,47.58,52.64,44.37,46.84,7353019,505224256.00
2020/07/28,46.92,55.30,45.80,50.97,9658921,716190656.00
2020/07/29,49.32,50.76,45.80,49.92,7453025,520207296.00
2020/07/30,49.72,53.80,47.93,50.01,8815758,642547712.00
2020/07/31,48.37,49.37,46.55,47.72,6856484,473012160.00
2020/08/03,47.90,50.17,47.24,49.24,6247707,441024608.00
2020/08/04,50.65,52.45,48.02,51.37,7412339,538928960.00
2020/08/05,50.22,56.65,48.55,54.07,8711885,660421888.00
2020/08/06,52.94,56.42,51.45,52.22,7611564,588508800.00
2020/08/07,51.16,55.71,50.45,52.95,7222871,552951424.00
2020/08/10,52.94,52.94,47.24,47.30,6950409,494400512.00
2020/08/11,47.22,48.57,45.71,45.91,4467837,303920480.00
2020/08/12,45.55,45.55,42.65,43.47,3948693,247692304.00
2020/08/13,43.62,44.20,42.23,43.08,2760639,172045488.00
2020/08/14,42.78,44.01,42.78,43.27,1890042,118261296.00
2020/08/17,42.33,43.82,42.33,43.51,2226029,138340432.00
2020/08/18,43.25,44.29,42.66,42.94,2723609,170440272.00
2020/08/19,42.85,46.11,42.85,44.94,5101567,329660832.00
2020/08/20,43.66,43.75,39.02,39.78,4127690,244462496.00
2020/08/21,39.85,40.27,38.36,38.82,2162802,122966992.00
2020/08/24,39.01,39.27,36.27,36.68,2258401,121165488.00
2020/08/25,37.04,37.82,36.61,37.10,1843342,99176256.00
2020/08/26,36.87,37.12,34.53,34.64,2130944,110179216.00
2020/08/27,34.37,36.80,34.37,35.73,1683009,86872352.00
2020/08/28,35.35,36.98,34.80,36.01,1891370,98280800.00
2020/08/31,35.80,36.35,35.08,35.46,1194675,62389288.00
2020/09/01,35.50,36.83,35.28,36.09,1191066,62493616.00
2020/09/02,36.30,36.30,34.58,35.17,1649129,84347728.00
2020/09/03,34.80,35.69,34.12,35.65,1677808,85107904.00
2020/09/04,34.72,35.57,34.66,35.30,837801,42839656.00
2020/09/07,35.86,35.86,33.51,33.60,1445629,72881496.00
2020/09/08,33.54,35.44,33.10,34.70,1886850,95092704.00
2020/09/09,33.90,34.29,32.24,32.72,1761238,84765936.00
2020/09/10,33.03,33.21,31.15,32.37,1393470,65741568.00
2020/09/11,32.27,32.91,31.50,32.88,1025295,48512200.00
2020/09/14,32.70,34.00,32.70,33.41,1195617,58119644.00
2020/09/15,32.98,33.64,32.94,33.30,852528,41329780.00
2020/09/16,33.23,34.70,32.64,34.62,2003210,98714584.00
2020/09/17,34.65,36.87,33.80,36.15,3084564,160837264.00
2020/09/18,36.31,36.31,35.16,35.38,1523191,78651144.00
2020/09/21,34.80,36.22,34.49,34.73,1243549,63219084.00
2020/09/22,34.30,34.51,33.15,33.31,1095438,53784740.00
2020/09/23,34.37,36.40,34.10,34.87,2162243,111055128.00
2020/09/24,33.87,35.70,33.28,33.47,1656056,82825176.00
2020/09/25,33.75,33.78,32.27,32.42,1142359,54631876.00
2020/09/28,32.65,32.65,31.35,31.43,718125,33357498.00
2020/09/29,31.55,32.32,31.55,31.77,531062,24780314.00
2020/09/30,31.51,32.10,31.30,31.45,431227,19934568.00
2020/10/09,32.01,32.58,31.89,32.30,550204,25891996.00
2020/10/12,32.92,33.55,32.39,33.35,904606,43581064.00
2020/10/13,33.27,33.90,33.12,33.62,866319,42197468.00
2020/10/14,33.52,33.52,32.84,33.12,795598,38369104.00
2020/10/15,33.32,33.77,32.37,32.58,826232,39844276.00
2020/10/16,32.90,32.90,31.92,32.30,639198,30084932.00
2020/10/19,32.27,33.54,31.69,32.40,774221,37058136.00
2020/10/20,32.12,32.57,31.73,32.37,526499,24576128.00
2020/10/21,32.39,33.15,32.03,32.44,732264,34736308.00
2020/10/22,32.29,32.29,31.60,31.81,593737,27566060.00
2020/10/23,32.08,32.18,30.44,30.47,1037032,47159296.00
2020/10/26,30.09,30.87,29.97,30.33,440184,19552052.00
2020/10/27,30.05,31.03,30.05,30.77,531684,23824872.00
2020/10/28,30.82,30.85,29.77,30.71,602412,26798652.00
2020/10/29,30.35,30.53,29.94,30.08,515804,22741618.00
2020/10/30,30.19,30.23,27.11,27.28,1968969,81079112.00
2020/11/02,27.12,28.25,26.29,27.52,1103184,44103600.00
2020/11/03,27.69,31.50,27.69,30.79,2759103,121490376.00
2020/11/04,30.36,31.10,29.82,29.82,1446367,64152764.00
2020/11/05,30.22,30.43,29.39,30.02,1058473,46231792.00
2020/11/06,30.15,32.75,29.85,31.59,3072963,142923520.00
2020/11/09,31.50,32.82,31.39,32.36,2267162,106375864.00
2020/11/10,32.44,32.44,31.22,31.22,1314896,60918288.00
2020/11/11,31.47,33.06,31.44,32.44,2227327,105477976.00
2020/11/12,32.23,32.75,31.23,31.65,1334570,61856592.00
2020/11/13,31.69,34.36,31.68,32.99,2684379,129729480.00
2020/11/16,33.44,34.72,32.22,34.37,2574740,126561160.00
2020/11/17,34.04,34.13,32.49,32.65,1910850,92377456.00
2020/11/18,32.50,34.28,32.50,33.87,2027891,99134984.00
2020/11/19,33.30,34.85,32.86,33.08,1529885,74534592.00
2020/11/20,33.41,33.90,32.10,33.72,1785703,86091800.00
2020/11/23,33.57,35.44,32.94,34.94,2787241,140947968.00
2020/11/24,34.54,37.87,34.01,36.52,3750769,194252992.00
2020/11/25,35.94,36.86,35.26,35.44,2576217,134002816.00
2020/11/26,35.98,37.06,35.26,35.88,2166496,113329264.00
2020/11/27,35.40,35.51,33.12,33.24,2306886,114340616.00
2020/11/30,33.02,34.00,31.51,31.86,1565255,75566440.00
2020/12/01,32.04,32.65,31.22,32.17,1247068,58266596.00
2020/12/02,32.62,33.12,31.85,31.96,941515,44384984.00
2020/12/03,31.59,31.86,30.44,30.72,1565410,71092720.00
2020/12/04,30.79,31.80,30.66,31.30,840417,38408960.00
2020/12/07,31.35,32.15,30.95,31.18,773124,35538904.00
2020/12/08,31.49,31.49,30.30,30.60,780070,35125196.00
2020/12/09,30.47,30.92,29.47,29.77,711565,31265238.00
2020/12/10,29.72,30.07,28.94,29.38,602552,25992658.00
2020/12/11,29.91,30.75,29.75,30.43,1012922,44987836.00
2020/12/14,30.15,30.57,29.50,30.20,601376,26392450.00
2020/12/15,30.36,30.36,29.38,29.52,548214,23840612.00
2020/12/16,29.37,29.76,28.07,29.08,607710,25910168.00
2020/12/17,29.08,30.51,28.77,30.27,840555,36620192.00
2020/12/18,29.90,30.78,29.48,30.49,824402,36427128.00
2020/12/21,30.08,30.71,29.91,30.25,677348,29979688.00
2020/12/22,29.82,29.94,28.36,28.70,1122706,47695300.00
2020/12/23,28.65,29.37,27.95,28.51,687066,28852018.00
2020/12/24,28.51,28.51,27.16,27.31,1004790,40690828.00
2020/12/25,27.09,27.98,27.09,27.52,557209,22620034.00
2020/12/28,27.58,27.58,26.35,26.45,592435,23410674.00
2020/12/29,26.83,26.98,26.00,26.00,492059,19110894.00
2020/12/30,26.07,26.80,25.93,25.96,470423,18175264.00
2020/12/31,25.96,26.45,25.83,26.18,547299,21100892.00
2021/01/04,26.51,27.16,26.18,26.93,555931,21873408.00
2021/01/05,26.72,28.00,26.15,27.57,1045320,41499060.00
2021/01/06,27.33,27.37,26.14,26.22,1034088,40238436.00
2021/01/07,26.26,26.47,24.41,24.44,1321168,49101620.00
2021/01/08,24.44,24.72,22.94,23.29,784472,27388602.00
2021/01/11,23.43,25.19,23.02,23.30,999968,35481080.00
2021/01/12,22.95,23.66,22.48,22.59,1004435,34225568.00
2021/01/13,22.46,24.39,22.46,23.45,1229611,43040576.00
2021/01/14,23.18,24.49,22.59,23.87,1146860,39726452.00
2021/01/15,23.65,24.60,23.48,24.07,888559,31817530.00
2021/01/18,25.15,29.15,25.15,28.05,3157427,127591776.00
2021/01/19,26.64,27.20,26.20,26.48,2211334,86550096.00
2021/01/20,26.66,28.51,25.88,28.01,2348216,94588048.00
2021/01/21,27.94,32.93,27.23,31.52,4685617,209701536.00
2021/01/22,30.57,31.36,29.05,29.62,4088455,180394960.00
2021/01/25,29.14,31.12,28.10,28.37,2627171,112745056.00
2021/01/26,28.83,29.70,27.44,28.80,2648775,111483040.00
2021/01/27,28.65,28.65,25.50,25.74,2540981,98958168.00
2021/01/28,25.67,26.95,25.14,25.42,1598887,61783276.00
2021/01/29,25.80,26.69,24.15,24.85,1624359,60872584.00
2021/02/01,24.69,25.30,24.01,25.17,879215,32113066.00
2021/02/02,25.80,26.86,25.37,26.00,1771020,67945328.00
2021/02/03,25.80,28.30,25.15,26.75,2752760,109853288.00
2021/02/04,26.44,26.62,24.27,24.80,2106200,78739400.00
2021/02/05,25.02,26.26,24.39,24.42,1348293,50195248.00
2021/02/08,24.01,24.85,23.94,24.15,862555,31083934.00
2021/02/09,23.62,25.37,23.62,24.63,1161039,42576204.00
2021/02/10,24.97,25.22,24.03,24.72,1290262,47111300.00
2021/02/18,25.65,26.37,25.22,25.35,1304679,49584192.00
2021/02/19,25.35,26.42,25.08,25.97,1205214,45645664.00
2021/02/22,26.19,31.37,26.15,29.92,4109897,175345904.00
2021/02/23,30.80,32.49,30.22,30.94,4489956,205443008.00
2021/02/24,30.02,31.37,28.51,29.58,2863172,124137472.00
2021/02/25,30.71,31.21,28.82,29.08,2422530,105159968.00
2021/02/26,27.47,30.22,27.47,29.08,1804483,76891144.00
2021/03/01,29.60,34.05,28.50,31.96,4324747,197497600.00
2021/03/02,32.22,32.91,30.35,30.56,3768098,172711344.00
2021/03/03,30.76,33.42,30.22,32.50,3508533,164243776.00
2021/03/04,32.01,36.50,31.98,33.92,4894921,243006976.00
2021/03/05,32.58,33.57,31.18,31.64,3229164,152540720.00
2021/03/08,32.50,33.57,30.58,31.00,2436673,114671920.00
2021/03/09,30.78,30.78,28.49,28.59,2040540,87704824.00
2021/03/10,29.01,29.91,28.05,29.27,1595271,67883784.00
2021/03/11,29.55,30.65,28.71,30.02,1850381,81031688.00
2021/03/12,30.13,30.44,28.80,29.27,1454179,63031340.00
2021/03/15,29.07,30.09,28.30,28.66,989386,42047208.00
2021/03/16,28.87,29.17,27.44,27.55,1243117,50919532.00
2021/03/17,27.51,27.87,26.95,27.24,966457,38839284.00
2021/03/18,27.48,27.48,26.51,26.51,1148539,45271492.00
2021/03/19,26.06,28.29,26.06,27.17,1737779,70112680.00
2021/03/22,26.96,28.17,26.87,27.81,1185583,48114540.00
2021/03/23,27.65,27.92,25.83,26.16,1380738,54042736.00
2021/03/24,25.82,26.47,25.35,25.52,742501,28137080.00
2021/03/25,25.77,27.01,25.69,26.35,1125058,43805608.00
2021/03/26,26.08,27.47,26.08,26.87,1131902,44476196.00
2021/03/29,26.86,27.14,26.38,26.64,846077,33120192.00
2021/03/30,26.51,27.92,26.08,27.60,2005884,80083016.00
2021/03/31,27.07,27.37,25.87,26.17,1170496,45581876.00
2021/04/01,25.80,26.42,25.72,25.94,810436,30998934.00
2021/04/02,25.94,26.14,25.66,25.84,673408,25637368.00
2021/04/06,25.84,26.30,25.80,26.17,672065,25790502.00
2021/04/07,26.35,26.77,25.72,26.64,899053,34906656.00
2021/04/08,26.30,27.14,26.30,26.67,1053110,41405004.00
2021/04/09,26.66,26.88,26.06,26.72,898232,35091632.00
2021/04/12,26.87,27.08,25.35,25.37,1103523,42091248.00
2021/04/13,25.15,25.75,24.58,24.74,676736,25020352.00
2021/04/14,24.73,26.14,24.72,25.84,1056098,39905036.00
2021/04/15,25.90,25.90,25.20,25.55,424530,15925778.00
2021/04/16,25.65,25.90,25.42,25.85,596847,22585114.00
2021/04/19,25.85,26.79,25.67,26.51,818262,31683696.00
2021/04/20,26.15,28.28,26.15,27.08,1611972,64555496.00
2021/04/21,26.51,26.70,26.01,26.22,904399,34987076.00
2021/04/22,26.20,26.69,26.09,26.22,462341,17897340.00
2021/04/23,26.15,26.65,25.68,26.51,738811,28455444.00
2021/04/26,26.51,27.05,26.21,26.21,642285,25137570.00
2021/04/27,25.95,26.45,25.24,25.50,490582,18535664.00
2021/04/28,25.51,25.77,25.16,25.58,266500,10020456.00
2021/04/29,25.57,25.64,25.22,25.32,321166,12037421.00
2021/04/30,26.07,26.75,26.06,26.41,926685,36118740.00
2021/05/06,26.58,27.22,26.51,27.06,866294,34310564.00
2021/05/07,26.87,28.25,26.69,27.50,1416716,57390768.00
2021/05/10,27.75,27.86,26.87,27.41,890250,35554256.00
2021/05/11,27.16,27.16,25.57,25.95,1064729,40842172.00
2021/05/12,25.69,26.20,25.58,26.10,558772,21324198.00
2021/05/13,25.80,26.41,25.71,25.82,608808,23302604.00
2021/05/14,26.15,26.80,25.82,26.67,646366,25147306.00
2021/05/17,26.67,27.30,26.30,27.13,959888,37962416.00
2021/05/18,27.21,27.57,26.79,27.03,674479,26881578.00
2021/05/19,27.22,27.57,27.02,27.05,706681,28316784.00
2021/05/20,26.97,27.37,26.07,26.26,655073,25484690.00
2021/05/21,26.30,26.86,26.10,26.12,507712,19806238.00
2021/05/24,25.99,26.45,25.90,26.32,464243,17873030.00
2021/05/25,26.15,26.72,25.98,26.58,505612,19570374.00
2021/05/26,26.58,27.44,26.40,27.13,969517,38573804.00
2021/05/27,27.14,27.92,26.92,27.64,967139,39032044.00
2021/05/28,28.05,28.37,27.28,27.39,887175,36034180.00
2021/05/31,27.38,30.40,27.29,29.51,2215200,94420744.00
2021/06/01,29.68,30.30,29.13,29.50,1544746,67000080.00
2021/06/02,29.31,31.03,28.95,29.92,2000195,88213776.00
2021/06/03,29.95,31.77,29.77,30.37,2332061,105022680.00
2021/06/04,29.65,29.94,29.12,29.41,1426829,61547736.00
2021/06/07,29.90,29.90,28.94,29.47,856545,36680104.00
2021/06/08,29.44,30.00,28.38,28.51,934845,39599908.00
2021/06/09,28.63,29.19,28.28,28.44,523433,21847530.00
2021/06/10,28.74,29.74,28.31,29.31,997245,42327384.00
2021/06/11,29.21,29.56,28.06,28.24,1041921,43064256.00
2021/06/15,28.13,28.42,27.07,27.36,839763,33569500.00
2021/06/16,27.46,28.04,27.06,27.46,550446,22060272.00
2021/06/17,27.46,27.96,27.10,27.83,562680,22523894.00
2021/06/18,27.74,28.71,27.27,28.61,795534,32682734.00
2021/06/21,28.64,29.17,28.41,28.71,758312,31691572.00
2021/06/22,28.92,30.06,28.35,29.37,943286,40041320.00
2021/06/23,29.28,29.78,28.50,28.91,682402,28565562.00
2021/06/24,29.35,31.24,28.92,30.38,2037771,89606016.00
2021/06/25,30.38,30.63,28.96,29.26,1306712,55863692.00
2021/06/28,28.92,29.48,28.83,29.19,657302,27852900.00
2021/06/29,28.92,31.19,28.56,30.28,1866572,82092816.00
2021/06/30,29.90,31.03,29.90,30.87,1828222,80919232.00
2021/07/01,30.55,30.66,29.00,29.11,1213429,52752336.00
2021/07/02,29.56,34.96,29.30,32.51,4281564,202471968.00
2021/07/05,33.06,35.63,32.63,34.16,3718233,182967984.00
2021/07/06,34.55,34.76,32.23,33.50,2543713,122649512.00
2021/07/07,33.21,36.21,32.69,35.39,3566278,180179328.00
2021/07/08,35.03,36.20,33.92,34.26,3231711,162113600.00
2021/07/09,33.81,39.28,33.81,37.65,4319791,229299968.00
2021/07/12,38.24,40.34,36.18,36.93,4279938,233378928.00
2021/07/13,36.06,36.76,34.16,34.78,3236361,163903168.00
2021/07/14,33.78,34.48,32.81,33.02,2724683,131535816.00
2021/07/15,32.73,34.63,30.83,34.56,4220291,200337632.00
2021/07/16,33.38,34.56,32.35,32.35,2743379,132473456.00
2021/07/19,32.19,33.46,31.85,31.88,1455128,68735576.00
2021/07/20,31.31,33.11,31.23,32.19,1365533,64008420.00
2021/07/21,32.05,34.35,31.66,33.56,2776101,134687984.00
2021/07/22,34.03,36.06,33.76,35.41,4004105,203040480.00
2021/07/23,35.21,36.04,33.93,34.68,2340044,118025120.00
2021/07/26,34.63,36.06,33.93,35.79,2377713,119454000.00
2021/07/27,34.33,34.55,31.06,31.32,3861568,183889904.00
2021/07/28,31.35,32.71,30.43,31.71,1886021,86561136.00
2021/07/29,31.78,35.34,31.78,34.23,3219372,156645344.00
2021/07/30,34.54,36.35,33.93,35.82,3369408,171458544.00
2021/08/02,36.42,37.40,33.92,34.99,3417853,175588496.00
2021/08/03,35.63,36.47,33.53,34.20,2748635,138570784.00
2021/08/04,34.90,39.47,34.31,38.85,5051155,274799040.00
2021/08/05,38.11,39.47,37.17,38.41,3134529,172764880.00
2021/08/06,38.42,41.69,37.49,38.93,5479174,312224800.00
2021/08/09,38.92,38.92,36.71,37.17,3114354,167990112.00
2021/08/10,37.49,40.48,36.80,38.67,3687176,206442048.00
2021/08/11,39.28,42.06,37.66,40.92,5206396,300698976.00
2021/08/12,41.42,43.12,40.57,42.91,4201871,253049024.00
2021/08/13,42.63,48.91,41.83,48.13,5791679,381970272.00
2021/08/16,47.01,47.69,44.49,46.55,4063514,267159264.00
2021/08/17,44.63,44.84,38.27,39.17,6203382,360550048.00
2021/08/18,39.41,40.01,37.80,38.29,3605132,200553968.00
2021/08/19,38.41,39.17,36.83,38.39,2592534,142632720.00
2021/08/20,38.49,39.98,38.24,39.40,3365695,190594864.00
2021/08/23,38.49,41.02,38.27,40.44,3549902,202271888.00
2021/08/24,40.03,42.95,39.71,40.49,3035563,180727280.00
2021/08/25,40.53,41.42,40.08,40.81,2697334,157994640.00
2021/08/26,40.35,42.13,39.71,40.44,2688647,157252128.00
2021/08/27,40.69,43.92,39.63,42.95,3642171,218790032.00
2021/08/30,43.20,46.06,42.85,44.16,3632288,230894000.00
2021/08/31,43.85,44.91,42.35,43.91,2897708,181417696.00
2021/09/01,43.26,45.41,39.41,39.63,4047694,242820496.00
2021/09/02,38.79,43.32,38.78,41.86,3744686,222228304.00
2021/09/03,41.70,43.11,38.92,39.60,2697632,158337600.00
2021/09/06,40.20,40.20,37.26,38.53,2510559,138441808.00
2021/09/07,38.78,40.34,38.33,39.59,1752099,99702256.00
2021/09/08,39.56,40.01,37.99,38.12,1762348,98259200.00
2021/09/09,38.10,38.70,37.09,37.59,1481715,80695104.00
2021/09/10,37.70,39.28,37.57,38.21,1776826,98079392.00
2021/09/13,38.42,39.03,37.17,37.44,1515893,82401656.00
2021/09/14,37.16,39.33,36.42,38.33,2327414,127486192.00
2021/09/15,37.86,38.74,37.26,37.92,1509905,82480240.00
2021/09/16,38.08,39.44,37.06,37.11,1861976,102367552.00
2021/09/17,37.82,37.82,33.23,34.78,2724405,137510896.00
2021/09/22,34.63,35.19,34.33,34.71,1087046,54511280.00
2021/09/23,35.13,35.71,34.42,34.57,1112410,56201712.00
2021/09/24,34.66,35.99,32.98,32.99,2045229,100528568.00
2021/09/27,32.74,32.85,30.56,30.64,2169541,98184992.00
2021/09/28,30.63,31.16,30.28,30.81,984073,43858984.00
2021/09/29,30.67,30.67,29.23,29.51,1158935,50100328.00
2021/09/30,29.91,30.34,29.49,30.20,830059,36117712.00
2021/10/08,30.35,31.28,29.53,30.42,1129132,49936604.00
2021/10/11,30.51,30.58,29.78,30.27,664549,29152982.00
2021/10/12,30.13,30.63,28.63,28.99,1141411,48568472.00
2021/10/13,28.84,29.78,28.67,29.42,837869,35428340.00
2021/10/14,29.50,30.28,29.42,29.99,851023,36956872.00
2021/10/15,29.94,30.26,29.61,30.16,912004,39697640.00
2021/10/18,30.13,31.31,30.12,30.78,1439020,64052256.00
2021/10/19,30.90,31.19,30.43,31.07,972377,43501032.00
2021/10/20,30.76,31.16,30.35,30.71,795714,35391276.00
2021/10/21,31.04,32.13,30.82,31.06,2099965,95466864.00
2021/10/22,30.73,31.27,30.08,30.16,1318333,58511528.00
2021/10/25,30.09,31.16,29.74,30.81,1567646,69688592.00
2021/10/26,31.02,31.71,30.71,31.42,1621203,73686048.00
2021/10/27,31.78,32.82,31.35,32.49,2200459,102237304.00
2021/10/28,32.09,32.48,30.21,30.63,2237613,100478504.00
2021/10/29,30.58,32.26,30.46,32.10,1820952,83256272.00
2021/11/01,32.69,36.55,32.46,34.96,3857812,192420160.00
2021/11/02,34.96,35.56,33.71,34.32,2693831,134525392.00
2021/11/03,34.76,34.76,33.48,34.42,1689811,83122992.00
2021/11/04,34.00,35.70,34.00,35.03,1695352,85753424.00
2021/11/05,34.93,37.12,34.78,36.03,2532763,132622440.00
2021/11/08,35.88,37.71,35.88,36.31,2338978,124083056.00
2021/11/09,36.31,36.92,35.71,36.48,1748068,91602808.00
2021/11/10,36.42,38.56,36.06,38.31,2671710,145694368.00
2021/11/11,39.07,41.69,38.78,39.65,3820043,221315136.00
2021/11/12,39.63,42.35,39.02,40.66,2863260,168857424.00
2021/11/15,40.42,41.96,39.99,41.06,2632520,154711040.00
2021/11/16,40.96,43.68,40.35,43.07,3475941,212752160.00
2021/11/17,42.56,48.92,42.56,47.33,5361600,353327392.00
2021/11/18,47.06,49.29,46.78,48.08,4819971,332193792.00
2021/11/19,47.69,48.56,45.88,47.11,3072242,207456768.00
2021/11/22,47.04,53.36,47.00,52.63,5097843,365485696.00
2021/11/23,60.35,61.83,55.35,57.53,6499251,539693824.00
2021/11/24,58.21,64.56,56.99,61.42,5719866,502675840.00
2021/11/25,61.94,67.13,60.06,66.35,5108604,469951072.00
2021/11/26,66.64,67.97,63.92,65.33,5144566,480160064.00
2021/11/29,63.92,67.01,63.21,64.63,3877547,359802976.00
2021/11/30,65.16,68.43,63.28,65.39,5400373,504135712.00
2021/12/01,63.92,67.11,62.14,64.28,4903101,445644320.00
2021/12/02,64.28,70.98,62.41,66.99,6237976,593433152.00
2021/12/03,66.79,67.25,61.78,66.61,3906268,360061408.00
2021/12/06,66.28,66.28,61.62,61.70,3139219,282090528.00
2021/12/07,61.53,62.41,59.04,59.93,3212783,276155648.00
2021/12/08,59.63,62.14,58.96,61.23,2248579,196013696.00
2021/12/09,61.43,61.85,59.72,61.35,2234499,193746112.00
2021/12/10,60.51,61.92,59.57,60.84,1847001,160326208.00
2021/12/13,59.73,61.89,59.28,60.29,1975663,169830608.00
2021/12/14,60.72,60.72,58.64,58.64,1811873,153025840.00
2021/12/15,58.91,62.35,58.58,59.80,2853551,246881056.00
2021/12/16,60.23,62.28,58.92,59.27,2018347,173304384.00
2021/12/17,59.13,59.28,54.86,57.49,3631872,293372576.00
2021/12/20,57.42,58.06,54.92,55.94,1690847,135966704.00
2021/12/21,56.06,57.63,55.03,56.51,915137,73339880.00
2021/12/22,56.70,59.05,56.11,57.41,1741084,143834976.00
2021/12/23,57.39,58.13,56.18,56.56,1156459,94036656.00
2021/12/24,57.42,57.42,53.64,53.91,1973733,153107616.00
2021/12/27,54.13,55.87,53.86,55.11,1442188,113432608.00
2021/12/28,55.33,56.06,53.61,54.97,711121,55707808.00
2021/12/29,55.56,55.56,53.62,54.36,651345,50503520.00
2021/12/30,56.78,59.64,54.22,54.53,2522590,204474976.00
2021/12/31,54.63,55.35,53.02,54.06,1550542,119956160.00
2022/01/04,53.21,54.55,52.50,53.20,1636053,124381776.00
2022/01/05,55.38,56.56,50.81,51.36,2342069,177410896.00
2022/01/06,50.71,53.06,50.71,52.02,1545928,115014000.00
2022/01/07,51.62,52.29,49.55,49.63,1667233,120612448.00
2022/01/10,49.62,50.71,48.71,49.71,1320073,93645104.00
2022/01/11,49.77,50.66,48.00,48.93,1494128,104780392.00
2022/01/12,48.13,49.36,46.78,47.38,2915476,199254624.00
2022/01/13,47.50,48.04,45.01,45.28,2176952,144296064.00
2022/01/14,44.13,46.63,44.13,45.36,1383524,90774904.00
2022/01/17,45.75,47.56,44.64,47.03,1790575,119618992.00
2022/01/18,47.46,47.46,45.91,46.91,1119456,74776024.00
2022/01/19,46.70,48.03,45.72,46.55,1075524,72217640.00
2022/01/20,46.63,47.03,44.42,44.63,1447402,93752104.00
2022/01/21,45.00,45.31,42.96,43.63,891010,56334504.00
2022/01/24,43.68,44.48,42.85,44.13,671352,42222852.00
2022/01/25,43.77,45.71,42.73,42.83,1082471,68684792.00
2022/01/26,43.88,43.88,41.98,43.24,679893,41934104.00
2022/01/27,43.11,44.48,41.78,42.05,893285,55188920.00
2022/01/28,41.96,42.62,40.72,41.64,941001,56415208.00
2022/02/07,42.00,44.19,42.00,42.71,994840,61770968.00
2022/02/08,42.48,43.62,41.64,42.59,1068378,65076200.00
2022/02/09,42.88,44.27,41.57,43.60,1167634,72202400.00
2022/02/10,43.66,45.92,43.07,43.34,2047359,130166456.00
2022/02/11,43.33,43.33,40.40,40.58,1752864,104221000.00
2022/02/14,40.00,43.06,39.85,42.21,1686654,101373104.00
2022/02/15,43.21,45.28,43.21,43.80,2001958,126679088.00
2022/02/16,44.08,47.21,43.21,46.94,3304993,217501840.00
2022/02/17,46.83,48.56,46.28,47.18,2641236,179522592.00
2022/02/18,46.78,48.91,45.99,47.60,2063319,140108048.00
2022/02/21,46.93,48.12,46.58,47.41,1695501,114607808.00
2022/02/22,46.91,51.13,46.49,49.92,2757930,194704128.00
2022/02/23,50.34,55.35,49.99,53.89,3525664,266537296.00
2022/02/24,54.13,57.61,51.78,54.06,4292718,335059968.00
2022/02/25,54.55,56.19,52.83,55.31,3320052,259164912.00
2022/02/28,54.96,56.53,53.96,54.53,2455555,192576928.00
2022/03/01,55.08,55.35,52.13,54.78,2671731,206520976.00
2022/03/02,54.63,55.56,53.21,54.56,1652585,128578952.00
2022/03/03,55.28,55.48,52.03,52.05,2102145,160187328.00
2022/03/04,51.24,55.46,51.06,54.07,2754584,212778704.00
2022/03/07,52.69,58.06,52.58,54.99,2983584,236831440.00
2022/03/08,55.91,58.06,54.99,55.36,3044691,245390992.00
2022/03/09,55.75,58.78,53.92,56.56,3112442,252303280.00
2022/03/10,57.49,58.61,54.47,55.76,3261205,262475152.00
2022/03/11,54.73,57.29,54.49,56.56,2220761,178211920.00
2022/03/14,56.06,58.78,54.63,57.50,2629716,214282976.00
2022/03/15,58.04,63.05,56.92,59.80,3322211,286857088.00
2022/03/16,61.78,71.98,59.05,71.98,3444330,319091776.00
2022/03/17,75.30,75.30,65.33,69.06,4357980,427272416.00
2022/03/18,66.78,68.56,62.96,63.93,3297119,304627872.00
2022/03/21,63.21,66.42,62.31,66.23,3009684,276533760.00
2022/03/22,65.76,70.27,63.56,66.06,3891956,370325536.00
2022/03/23,65.35,68.62,64.76,65.97,1739514,165302112.00
2022/03/24,64.54,66.71,63.04,63.86,1180808,108454920.00
2022/03/25,64.51,67.11,63.92,64.85,1664278,155082816.00
2022/03/28,64.34,65.23,59.03,59.46,2116240,183530048.00
2022/03/29,59.71,61.69,57.93,58.70,1579427,134185592.00
2022/03/30,59.31,60.91,57.88,60.34,1356018,115541256.00
2022/03/31,60.03,60.93,58.15,58.33,1052565,88949912.00
2022/04/01,58.33,58.83,56.31,57.42,1188633,97677232.00
2022/04/06,56.78,57.91,54.28,57.60,1491758,117853448.00
2022/04/07,56.98,56.98,54.16,55.25,1192848,93791960.00
2022/04/08,54.80,55.74,53.78,54.63,750763,58586092.00
2022/04/11,54.96,54.96,50.71,51.30,1427523,105586672.00
2022/04/12,51.80,52.13,49.45,50.01,1296492,93554440.00
2022/04/13,49.98,49.99,47.82,48.67,1019893,71188912.00
2022/04/14,49.17,49.17,45.93,47.61,1879651,127568624.00
2022/04/15,45.36,47.49,45.36,46.81,1016468,67635128.00
2022/04/18,46.63,51.51,45.40,50.86,1586287,112119176.00
2022/04/19,51.06,51.19,49.38,50.54,1571980,113419488.00
2022/04/20,50.54,51.51,49.29,51.27,1382654,99489640.00
2022/04/21,49.96,52.60,47.98,48.73,2066173,149379216.00
2022/04/22,47.63,49.16,45.37,45.37,1164600,78925080.00
2022/04/25,44.06,45.99,41.66,41.78,1377423,86460944.00
2022/04/26,42.26,42.77,38.20,38.63,1957240,113976872.00
2022/04/27,38.19,44.12,37.49,43.51,2173272,127502192.00
2022/04/28,43.69,44.60,42.00,42.97,1546895,96110120.00
2022/04/29,43.37,45.00,41.35,44.28,1978884,122719448.00
2022/05/05,44.29,44.78,43.12,44.11,1397166,88328152.00
2022/05/06,42.65,44.88,42.34,44.26,1111347,69704376.00
2022/05/09,43.51,50.51,43.51,48.56,2035109,140884096.00
2022/05/10,47.49,51.67,47.21,51.23,1917642,136101168.00
2022/05/11,51.15,54.88,50.63,53.36,2189620,166157776.00
2022/05/12,52.78,53.08,51.26,51.98,1310519,97379544.00
2022/05/13,51.99,54.67,51.06,54.46,1329699,102078288.00
2022/05/16,54.99,56.62,53.92,54.38,1202402,94711448.00
2022/05/17,53.92,57.33,53.68,56.28,1249018,100117072.00
2022/05/18,56.53,57.88,54.75,55.25,1126648,88870496.00
2022/05/19,54.14,57.96,53.75,57.49,1322175,106235552.00
2022/05/20,57.96,58.66,56.01,57.03,1085302,87803800.00
2022/05/23,57.03,58.67,56.53,57.63,1081950,87816608.00
2022/05/24,57.96,57.96,53.46,53.71,1907213,149044944.00
2022/05/25,53.89,54.97,52.25,54.62,1233725,93596624.00
2022/05/26,54.64,57.01,54.40,55.24,1213596,95649432.00
2022/05/27,55.86,56.75,53.89,54.74,828900,64839232.00
2022/05/30,54.80,54.80,52.98,53.68,989707,75243016.00
2022/05/31,53.89,55.19,52.32,54.71,956821,72875592.00
2022/06/01,54.75,57.81,54.13,56.20,1335761,106164224.00
2022/06/02,55.84,60.57,55.59,59.64,2217982,184612976.00
2022/06/06,60.07,62.73,58.71,58.83,3604993,308870688.00
2022/06/07,58.33,59.53,57.22,57.94,1745651,143951824.00
2022/06/08,57.21,59.73,56.61,57.41,1540998,125945312.00
2022/06/09,57.26,57.44,55.46,56.02,1202373,95956608.00
2022/06/10,56.11,61.89,55.47,61.89,2101379,178407424.00
2022/06/13,61.18,65.04,60.46,64.03,2019945,179558352.00
2022/06/14,62.96,66.25,62.61,65.17,1912417,174187328.00
2022/06/15,64.71,65.80,60.93,61.18,1691835,150072000.00
2022/06/16,61.89,64.44,61.47,62.01,1223974,108666680.00
2022/06/17,62.01,64.96,61.09,64.00,1591961,143421408.00
2022/06/20,63.99,67.31,63.04,66.53,2021278,187741744.00
2022/06/21,66.53,68.40,61.25,62.03,2877581,258977888.00
2022/06/22,61.68,62.71,59.39,59.87,1744588,149072704.00
2022/06/23,59.01,62.58,59.01,61.93,1489935,129132304.00
2022/06/24,62.19,63.88,60.28,62.61,1770584,155112736.00
2022/06/27,62.89,64.03,60.82,61.12,1795242,157624192.00
2022/06/28,60.82,66.16,60.61,63.80,2703880,243574576.00
2022/06/29,63.39,63.39,57.46,57.65,2489594,209238608.00
2022/06/30,57.86,61.41,57.86,59.61,1785624,149928752.00
2022/07/01,60.08,60.48,57.34,57.43,1441701,119387352.00
2022/07/04,57.61,58.43,55.48,57.98,1382612,111974152.00
2022/07/05,58.68,65.66,58.68,62.84,2942760,260076576.00
2022/07/06,62.01,64.11,60.43,61.64,1794699,157427680.00
2022/07/07,62.16,62.39,59.39,60.93,1397786,119709584.00
2022/07/08,61.11,63.32,58.78,59.13,1799116,155204640.00
2022/07/11,58.89,59.61,55.68,56.53,1445689,115961464.00
2022/07/12,56.18,56.31,53.01,53.10,1992407,152493168.00
2022/07/13,53.17,54.43,52.41,53.68,1172657,88621800.00
2022/07/14,53.64,59.03,52.72,58.52,2094150,169472400.00
2022/07/15,58.63,61.10,57.40,59.98,2073151,174196240.00
2022/07/18,59.56,61.69,59.01,60.12,1694600,144995904.00
2022/07/19,60.26,64.31,59.11,62.25,2672421,236058304.00
2022/07/20,62.25,63.66,61.57,62.36,1221591,108126360.00
2022/07/21,62.29,64.25,61.77,62.37,1726251,154238832.00
2022/07/22,62.76,62.96,59.39,60.26,1837640,158007760.00
2022/07/25,60.53,60.81,57.89,57.98,1520466,126537712.00
2022/07/26,58.59,58.81,56.80,57.70,1391795,113729288.00
2022/07/27,57.61,61.70,56.89,61.67,2305188,193610752.00
2022/07/28,61.89,64.09,61.53,63.53,1849424,164899392.00
2022/07/29,64.03,65.73,63.32,64.04,1991729,181764384.00
2022/08/01,63.90,64.56,61.81,63.16,1577110,140369104.00
2022/08/02,62.62,62.91,59.75,60.53,1321382,114145280.00
2022/08/03,61.18,64.71,61.18,61.61,1829340,162734448.00
2022/08/04,62.28,63.01,59.81,60.22,1263094,109448040.00
2022/08/05,60.06,62.11,58.55,60.31,1952317,165317200.00
2022/08/08,59.73,61.99,59.01,61.78,1047920,90615432.00
2022/08/09,61.82,63.61,61.03,62.48,1419223,125040880.00
2022/08/10,62.64,66.46,61.89,64.32,1959343,177514624.00
2022/08/11,64.32,64.82,61.33,63.16,1962255,174420080.00
2022/08/12,62.96,65.11,60.15,60.25,1844964,162581648.00
2022/08/15,59.85,63.22,59.52,62.47,1650632,144699280.00
2022/08/16,62.63,62.63,58.57,59.23,2364545,201666288.00
2022/08/17,59.32,59.79,57.75,57.92,1747683,144044320.00
2022/08/18,57.66,62.32,57.26,61.43,2387346,204355296.00
2022/08/19,61.50,62.45,58.57,58.82,2218838,191215520.00
2022/08/22,58.68,59.37,54.84,55.88,2901714,229686704.00
2022/08/23,55.79,57.16,54.83,55.09,1715361,135197728.00
2022/08/24,54.83,55.73,50.18,50.48,2754989,203696208.00
2022/08/25,50.58,52.11,50.44,51.80,1930977,140267392.00
2022/08/26,51.74,52.11,49.08,49.51,1997337,142850384.00
2022/08/29,49.23,51.39,48.01,50.32,1352165,96244104.00
2022/08/30,50.68,50.81,48.83,49.18,1084337,76209048.00
2022/08/31,49.23,49.94,47.25,47.64,1546228,106033272.00
2022/09/01,47.46,48.51,46.38,46.91,1480036,99581480.00
2022/09/02,46.95,48.81,46.24,47.78,1244237,84528600.00
2022/09/05,47.78,48.96,47.31,48.33,1168177,80090416.00
2022/09/06,48.39,49.39,47.25,49.14,1358546,93284128.00
2022/09/07,48.68,50.71,48.68,49.60,1398841,98644000.00
2022/09/08,50.32,50.46,47.83,47.89,1290885,89141536.00
2022/09/09,48.11,48.75,47.45,47.89,767674,52259036.00
2022/09/13,48.11,48.61,47.02,47.39,1319648,88957264.00
2022/09/14,46.89,47.34,45.97,46.37,985959,65089936.00
2022/09/15,46.46,46.67,43.51,44.16,1737754,110038872.00
2022/09/16,43.99,44.73,42.89,42.89,1428861,88811408.00
2022/09/19,42.96,43.47,41.84,41.93,1337064,80529296.00
2022/09/20,42.15,44.75,42.10,44.13,2195778,136649024.00
2022/09/21,44.49,45.53,43.51,44.29,1890667,119288856.00
2022/09/22,43.80,45.03,43.39,44.87,1418053,89514568.00
2022/09/23,44.96,46.89,42.57,44.26,2368241,149200496.00
2022/09/26,43.61,44.01,41.96,43.14,2211974,134806752.00
2022/09/27,43.57,44.53,42.90,43.58,1972510,122015344.00
2022/09/28,43.68,43.84,41.25,41.26,1691937,101405544.00
2022/09/29,42.11,43.09,41.56,41.96,1810260,108576072.00
2022/09/30,41.89,42.46,40.26,40.31,1398195,81762656.00
2022/10/10,40.72,41.68,39.54,40.08,1451307,83918024.00
2022/10/11,40.46,41.96,40.25,41.75,1341501,78466936.00
2022/10/12,42.15,43.08,40.21,42.86,1793986,105855744.00
2022/10/13,42.47,44.48,42.04,43.16,1740568,107615792.00
2022/10/14,43.68,44.48,42.93,44.24,1359925,84613224.00
2022/10/17,43.61,45.82,43.61,45.82,1606426,101996728.00
2022/10/18,46.00,46.89,45.13,45.93,1831321,119231120.00
2022/10/19,46.23,47.10,44.81,44.91,1282818,83203872.00
2022/10/20,44.55,45.25,43.53,44.61,967465,60923116.00
2022/10/21,44.91,45.39,43.45,44.76,1158009,73256032.00
2022/10/24,44.95,46.53,44.20,44.51,1221828,78755808.00
2022/10/25,44.46,45.71,43.41,44.77,1198678,75755136.00
2022/10/26,39.56,40.75,36.39,37.60,5295851,283737216.00
2022/10/27,37.19,37.96,36.53,36.86,3507642,186264576.00
2022/10/28,36.83,36.83,34.49,34.53,2316499,116641656.00
2022/10/31,34.40,35.75,34.21,35.15,1799476,89673152.00
2022/11/01,35.10,37.41,35.10,36.97,2428778,126239864.00
2022/11/02,36.78,39.07,36.73,38.52,2283815,123575944.00
2022/11/03,37.98,39.78,37.93,39.61,1890841,105487608.00
2022/11/04,39.84,41.32,39.39,40.72,1943482,112172408.00
2022/11/07,40.81,41.52,40.11,40.60,1696959,98509088.00
2022/11/08,40.57,40.66,39.93,40.21,1133405,64751744.00
2022/11/09,40.22,40.72,39.21,39.28,1198335,67625600.00
2022/11/10,39.54,39.54,37.71,37.94,1183471,64640496.00
2022/11/11,39.11,39.39,37.43,37.61,1319437,71851504.00
2022/11/14,37.33,38.01,37.04,37.47,1039671,55309736.00
2022/11/15,37.26,38.96,36.89,38.65,1155020,62757432.00
2022/11/16,38.65,39.93,37.95,38.06,1469478,81036696.00
2022/11/17,38.23,38.23,37.05,37.41,953652,50581568.00
2022/11/18,37.49,37.59,36.58,36.68,1547053,81314624.00
2022/11/21,36.27,36.82,35.75,36.79,1017045,52449020.00
2022/11/22,36.76,36.79,35.68,35.78,984954,50626712.00
2022/11/23,36.53,36.53,35.37,36.00,963097,49140896.00
2022/11/24,35.82,37.60,35.82,36.63,1557756,81456872.00
2022/11/25,36.46,36.93,35.47,35.55,1265194,64549752.00
2022/11/28,35.19,35.36,34.72,34.97,939568,46789040.00
2022/11/29,35.06,35.86,34.82,35.57,696527,35154592.00
2022/11/30,35.71,36.28,35.13,35.72,912264,46344016.00
2022/12/01,36.25,36.81,35.86,36.40,1071636,55469876.00
2022/12/02,36.40,37.10,36.18,36.53,1217676,63537952.00
2022/12/05,36.82,36.84,35.89,36.30,1023194,52705984.00
2022/12/06,36.22,36.84,35.79,36.63,1246076,64522032.00
2022/12/07,36.43,37.44,36.33,36.96,1741175,91597712.00
2022/12/08,36.78,37.78,36.61,37.08,1612650,85469712.00
2022/12/09,37.08,37.23,36.43,36.69,1133074,59221916.00
2022/12/12,36.52,37.37,36.30,37.03,1129233,59304112.00
2022/12/13,37.03,38.43,37.00,37.22,1990720,106460248.00
2022/12/14,37.29,37.51,36.09,36.22,1352761,70594192.00
2022/12/15,36.22,37.74,35.76,37.67,1814116,95738080.00
2022/12/16,37.38,37.60,35.94,36.05,1638450,85064776.00
2022/12/19,35.66,36.05,34.86,35.02,962175,48430968.00
2022/12/20,34.71,35.29,34.48,34.80,490435,24339744.00
2022/12/21,35.35,35.35,33.53,33.73,1043295,50652432.00
2022/12/22,34.20,34.21,31.76,32.25,1740556,80789440.00
2022/12/23,31.96,32.48,31.75,32.16,565243,25952608.00
2022/12/26,32.18,34.31,32.18,34.31,1222280,58522972.00
2022/12/27,34.33,38.32,34.33,38.28,3826753,202496512.00
2022/12/28,38.66,38.67,37.46,37.83,1613857,87182336.00
2022/12/29,37.73,38.30,36.25,36.68,1640095,86333208.00
2022/12/30,35.58,36.59,34.83,34.86,1944390,98395608.00
2023/01/03,35.29,37.53,34.97,37.31,2185629,113496256.00
2023/01/04,37.37,37.37,35.85,35.94,1372286,71076968.00
2023/01/05,36.50,36.83,35.53,36.26,1158409,59787608.00
2023/01/06,36.53,38.45,36.53,37.67,2541928,136487984.00
2023/01/09,37.96,38.92,37.38,37.65,1924315,104240904.00
2023/01/10,37.46,38.41,37.25,37.52,1442635,77279552.00
2023/01/11,37.31,37.80,36.78,37.03,1174654,62373856.00
2023/01/12,37.26,37.86,36.99,37.16,1156343,61522352.00
2023/01/13,36.89,37.88,36.54,36.78,930114,49006560.00
2023/01/16,36.93,38.52,36.40,37.85,1696856,90887568.00
2023/01/17,37.80,40.66,37.62,40.21,3583172,200927488.00
2023/01/18,40.23,40.25,39.18,39.45,1487159,83558200.00
2023/01/19,39.53,39.72,39.14,39.53,1033545,58034000.00
2023/01/20,39.79,40.61,39.43,40.03,1798449,102347008.00
2023/01/30,40.91,41.16,39.24,39.50,2213699,126424232.00
2023/01/31,39.38,40.21,39.02,39.66,1341843,75793008.00
2023/02/01,39.70,42.94,39.70,41.57,3219090,190356288.00
2023/02/02,41.18,41.69,40.88,41.58,1634414,95771592.00
2023/02/03,41.32,41.68,39.96,40.66,1507775,87140088.00
2023/02/06,40.44,41.17,40.23,41.01,1162861,67472976.00
2023/02/07,40.83,41.38,40.39,41.26,1295077,75296232.00
2023/02/08,41.21,41.89,39.94,39.94,1520550,88257496.00
2023/02/09,39.82,41.19,39.39,41.03,1367870,79103640.00
2023/02/10,41.03,41.03,39.61,40.11,1202805,68626112.00
2023/02/13,39.98,40.95,39.96,40.68,996121,57329072.00
2023/02/14,40.44,41.18,40.08,40.38,931970,53680160.00
2023/02/15,40.38,40.46,39.12,39.32,1277871,71921944.00
2023/02/16,39.23,39.53,37.12,37.48,1793844,97818224.00
2023/02/17,37.48,37.82,36.53,36.66,1055442,55778312.00
2023/02/20,37.41,37.41,35.46,36.76,1168823,60371740.00
2023/02/21,36.68,37.48,36.56,37.25,1083405,57264656.00
2023/02/22,37.24,38.18,37.00,37.63,1275082,68225904.00
2023/02/23,37.63,38.79,37.41,38.39,1480623,80489936.00
2023/02/24,38.26,38.27,36.61,36.92,1399049,74128512.00
2023/02/27,36.89,36.96,36.10,36.28,651997,33882132.00
2023/02/28,35.82,36.23,35.18,35.38,1524575,77008984.00
2023/03/01,35.36,35.68,35.03,35.68,1070133,53998828.00
2023/03/02,35.14,35.46,32.93,33.06,4454833,214035744.00
2023/03/03,33.06,33.31,32.58,33.31,2044921,96020944.00
2023/03/06,33.32,33.65,32.68,33.63,1901656,89894912.00
2023/03/07,33.38,34.61,33.38,33.52,1750443,84703504.00
2023/03/08,33.33,33.96,33.11,33.88,857738,41042584.00
2023/03/09,34.03,34.16,33.63,33.77,646082,31140984.00
2023/03/10,33.34,33.51,32.82,33.18,753858,35628984.00
2023/03/13,33.14,33.32,32.33,32.86,775365,36186316.00
2023/03/14,32.83,32.83,31.90,32.41,721553,33310998.00
2023/03/15,32.65,33.43,32.60,32.75,722480,34042128.00
2023/03/16,32.82,32.82,32.04,32.14,522116,24047432.00
2023/03/17,32.24,32.38,32.11,32.16,676336,31100030.00
2023/03/20,32.24,32.50,31.73,32.49,686316,31535786.00
2023/03/21,32.49,33.51,32.25,33.43,907520,42803172.00
2023/03/22,33.68,33.71,33.06,33.23,682227,32368230.00
2023/03/23,33.25,33.33,32.68,32.96,613317,28782324.00
2023/03/24,32.89,33.32,32.75,33.08,537582,25357790.00
2023/03/27,33.25,33.44,32.27,32.36,1344129,62495192.00
2023/03/28,32.45,32.45,31.97,32.07,570940,26169784.00
2023/03/29,32.07,32.38,31.93,32.08,361621,16562936.00
2023/03/30,32.08,32.23,30.77,31.38,844820,37694484.00
2023/03/31,31.89,33.17,31.86,32.07,1776139,82468608.00
2023/04/03,32.25,32.61,31.72,32.42,1127876,51912620.00
2023/04/04,32.38,32.38,30.85,31.07,2039790,91047856.00
2023/04/06,31.17,31.46,30.11,31.08,1618767,71040664.00
2023/04/07,31.06,31.25,30.87,31.08,711817,31556044.00
2023/04/10,31.08,31.30,30.60,30.71,796517,35024132.00
2023/04/11,30.69,30.88,30.38,30.78,639373,27939322.00
2023/04/12,30.68,31.76,30.68,31.52,1307736,58496332.00
2023/04/13,31.46,31.99,30.98,31.11,1294086,58233660.00
2023/04/14,31.21,32.59,31.21,32.40,1850121,84285728.00
2023/04/17,32.54,32.64,31.96,32.05,976053,44741400.00
2023/04/18,32.03,32.48,31.62,31.66,884876,40363708.00
2023/04/19,31.77,31.85,30.83,30.91,773392,34411604.00
2023/04/20,30.89,31.06,29.84,30.07,939063,40489040.00
2023/04/21,30.08,30.37,28.96,28.98,825173,34717272.00
2023/04/24,28.76,28.82,27.88,28.08,842690,34019964.00
2023/04/25,28.29,28.29,26.66,27.02,848104,33029948.00
2023/04/26,27.02,28.31,27.00,27.89,688240,27445448.00
2023/04/27,27.87,27.87,27.16,27.25,782546,30716790.00
2023/04/28,27.25,27.81,27.25,27.40,709287,27898590.00
2023/05/04,25.56,25.91,23.68,25.32,2442949,86634304.00
2023/05/05,25.78,25.81,25.00,25.41,898282,32655138.00
2023/05/08,25.73,25.74,25.15,25.36,663297,24125776.00
2023/05/09,25.26,26.81,24.86,26.43,1689824,63148688.00
2023/05/10,26.43,26.45,25.63,26.02,681448,25367800.00
2023/05/11,26.13,26.37,25.86,26.04,486367,18183132.00
2023/05/12,26.11,26.24,25.91,25.91,374329,13960575.00
2023/05/15,25.91,26.71,25.91,26.58,543555,20539844.00
2023/05/16,26.89,26.89,25.94,25.99,462861,17402854.00
2023/05/17,25.82,26.64,25.82,26.48,403870,15268967.00
2023/05/18,26.73,26.73,25.89,26.13,401093,15038632.00
2023/05/19,26.50,26.50,25.90,25.98,637338,16756273.00
2023/05/22,25.77,26.51,25.68,26.32,655418,17289808.00
2023/05/23,26.32,26.55,26.07,26.07,501825,13311894.00
2023/05/24,26.07,26.42,25.82,26.09,437197,11543960.00
2023/05/25,26.22,26.37,25.88,26.30,554476,14577379.00
2023/05/26,26.36,26.36,25.69,25.92,544989,14190725.00
2023/05/29,26.08,26.21,25.49,25.64,451482,11728108.00
2023/05/30,25.57,26.07,25.37,25.97,510689,13218612.00
2023/05/31,26.02,26.06,25.65,25.87,495860,12879158.00
2023/06/01,25.83,26.19,25.53,25.96,452427,11814418.00
2023/06/02,26.16,26.90,26.12,26.70,1159282,31063400.00
2023/06/05,26.92,27.10,26.46,26.58,533308,14351077.00
2023/06/06,26.55,26.55,25.73,25.77,579050,15192727.00
2023/06/07,26.04,26.10,25.26,25.39,631209,16258751.00
2023/06/08,25.33,25.61,24.83,24.83,542609,13731152.00
2023/06/09,25.03,25.17,24.00,24.31,992911,24333724.00
2023/06/12,24.36,24.94,23.80,24.73,905629,22223986.00
2023/06/13,24.78,25.78,24.59,25.24,1708743,43493852.00
2023/06/14,25.32,25.32,24.41,25.23,1117561,27929704.00
2023/06/15,24.98,26.07,24.98,25.98,1095366,28438554.00
2023/06/16,26.09,26.21,25.54,26.03,779427,20315468.00
2023/06/19,26.05,26.28,25.70,25.82,588246,15389006.00
2023/06/20,26.07,26.07,25.40,25.50,554594,14308191.00
2023/06/21,25.50,25.92,24.82,24.82,522397,13258736.00
2023/06/26,24.74,25.79,24.70,24.92,976562,24799572.00
2023/06/27,24.90,26.05,24.90,25.93,1227544,31627688.00
2023/06/28,25.83,26.12,25.15,25.88,1137756,29344910.00
2023/06/29,25.94,30.18,25.85,29.65,5887452,169757616.00
2023/06/30,28.97,31.04,28.68,30.03,5655545,169812064.00
2023/07/03,30.16,30.60,28.99,29.20,3486228,103791328.00
2023/07/04,29.45,30.70,29.25,29.57,2530291,75603128.00
2023/07/05,29.69,34.37,28.80,33.41,9408212,305222272.00
2023/07/06,32.71,32.96,31.11,32.17,6008673,192542432.00
2023/07/07,31.75,32.04,30.76,30.83,4150385,130267136.00
2023/07/10,30.73,31.37,30.11,30.40,2608931,80288200.00
2023/07/11,30.20,31.42,29.25,31.30,4931039,149862144.00
2023/07/12,30.41,33.48,29.75,31.50,6600767,209046064.00
2023/07/13,31.22,31.49,30.22,30.32,3451038,106610400.00
2023/07/14,30.02,30.40,29.28,29.28,2767336,82807288.00
2023/07/17,29.11,29.11,27.93,28.14,2155836,61184052.00
2023/07/18,28.38,28.48,27.75,28.04,1764283,49892192.00
2023/07/19,27.79,28.09,27.51,27.89,1365138,38238480.00
2023/07/20,27.66,28.22,27.47,27.48,1437702,40248092.00
2023/07/21,27.51,27.76,26.82,26.89,1210124,33123320.00
2023/07/24,26.86,26.86,26.44,26.62,716506,19202512.00
2023/07/25,25.82,26.62,25.82,26.40,1912118,50495544.00
2023/07/26,26.42,26.66,26.03,26.19,1070000,28308802.00
2023/07/27,26.19,26.41,25.82,25.88,830933,21809868.00
2023/07/28,25.82,26.18,25.30,26.12,1344952,34968356.00
2023/07/31,26.37,26.82,26.15,26.45,1175787,31437034.00
2023/08/01,26.42,28.30,26.30,27.89,3204879,88243000.00
2023/08/02,28.20,28.20,27.05,27.17,1917753,53063500.00
2023/08/03,27.37,27.38,26.70,26.88,907041,24592942.00
2023/08/04,26.83,27.01,26.34,26.44,1454633,38896856.00
2023/08/07,26.70,27.27,26.05,27.12,1952753,52686648.00
2023/08/08,26.96,26.96,25.94,26.06,1640296,43492672.00
2023/08/09,26.08,26.25,25.57,25.67,1096559,28540920.00
2023/08/10,25.65,25.78,25.43,25.49,677381,17432576.00
2023/08/11,25.49,25.62,25.07,25.07,763633,19478582.00
2023/08/14,25.13,25.35,24.22,24.68,808718,20010046.00
2023/08/15,24.73,25.02,24.15,24.38,673298,16622594.00
2023/08/16,24.02,24.60,23.82,24.21,579075,14192950.00
2023/08/17,24.21,25.61,24.01,25.37,1623171,40896088.00
2023/08/18,25.52,25.92,24.92,24.92,766804,19628088.00
2023/08/21,24.86,25.14,24.23,24.30,573421,14257817.00
2023/08/22,24.35,24.68,23.79,24.35,609112,14802129.00
2023/08/23,24.35,24.35,23.61,23.61,567219,13638691.00
2023/08/24,23.85,24.11,23.35,23.64,468961,11227574.00
2023/08/25,23.64,23.65,22.95,23.09,607947,14230008.00
2023/08/28,24.82,25.34,23.18,23.20,957156,23325676.00
2023/08/29,23.34,25.00,23.02,24.76,1506892,37095420.00
2023/08/30,24.96,26.00,24.82,25.49,1467876,37702504.00
2023/08/31,25.61,25.61,24.82,25.02,827381,20874662.00
2023/09/01,25.12,25.32,24.77,25.03,659202,16605898.00
2023/09/04,25.13,25.92,24.87,25.70,1119404,28683302.00
2023/09/05,25.52,25.90,25.42,25.70,1003830,25946364.00
2023/09/06,25.65,25.99,25.42,25.92,960138,24945268.00
2023/09/07,25.94,26.07,25.19,25.29,783817,20143134.00
2023/09/08,25.17,25.69,25.00,25.38,499233,12786976.00
2023/09/11,25.35,26.01,25.19,25.69,895410,23193394.00
2023/09/12,25.70,26.00,25.57,25.66,515154,13362391.00
2023/09/13,25.86,25.86,24.92,25.25,712326,18129708.00
2023/09/14,25.38,25.40,24.69,24.84,648321,16317260.00
2023/09/15,24.84,25.35,24.63,24.95,866997,21781936.00
2023/09/18,24.82,25.99,24.55,25.64,1207989,31185290.00
2023/09/19,25.57,25.57,24.83,24.91,773957,19524996.00
2023/09/20,24.95,24.99,24.22,24.52,701803,17350722.00
2023/09/21,24.20,24.78,24.02,24.20,998037,24378100.00
2023/09/22,24.17,25.01,24.11,25.01,778456,19277480.00
2023/09/25,24.89,25.31,24.73,25.26,690421,17419936.00
2023/09/26,25.30,25.30,24.43,24.49,634912,15801251.00
2023/09/27,24.48,25.19,24.40,24.92,607967,15233816.00
2023/09/28,25.20,25.52,24.82,25.02,1044593,26534598.00
2023/10/09,24.87,25.14,24.54,24.68,1014616,25306216.00
2023/10/10,24.81,25.10,24.47,24.49,563371,14049101.00
2023/10/11,24.81,25.01,24.35,24.78,808734,20165412.00
2023/10/12,24.78,25.42,24.55,25.32,1035330,26134580.00
2023/10/13,25.27,25.27,24.83,25.00,759786,19115200.00
2023/10/16,25.00,25.10,24.23,24.56,752644,18644912.00
2023/10/17,24.56,24.77,24.19,24.32,489068,11997685.00
2023/10/18,24.09,24.45,23.59,23.67,494027,11829207.00
2023/10/19,23.61,24.48,23.44,23.50,671303,16150625.00
2023/10/20,23.29,23.98,23.29,23.52,618459,14736814.00
2023/10/23,23.51,23.81,22.20,22.32,976112,22352582.00
2023/10/24,22.32,24.74,22.32,24.24,2132843,51233744.00
2023/10/25,23.95,24.72,23.79,24.13,1397957,34188992.00
2023/10/26,23.92,24.21,23.47,24.21,1232040,29623008.00
2023/10/27,24.09,24.67,23.68,24.40,779363,19092510.00
2023/10/30,24.34,25.47,23.82,25.05,1514604,38045152.00
2023/10/31,25.05,25.66,24.92,25.28,1070110,27273764.00
2023/11/01,25.24,25.69,25.04,25.57,1166125,29935700.00
2023/11/02,25.62,25.77,25.02,25.16,1126357,28727032.00
2023/11/03,25.39,26.05,25.02,25.66,1445857,37458084.00
2023/11/06,25.86,26.50,25.65,26.42,2136165,56441208.00
2023/11/07,26.23,26.95,26.03,26.86,1600906,42847488.00
2023/11/08,26.86,26.92,26.32,26.50,1183607,31640192.00
2023/11/09,26.71,26.71,26.19,26.21,961064,25494972.00
2023/11/10,26.44,26.46,25.93,26.25,678980,17918724.00
2023/11/13,26.41,26.54,26.13,26.27,677899,17927364.00
2023/11/14,26.37,26.48,26.04,26.12,743608,19597228.00
2023/11/15,26.30,26.70,26.30,26.52,1110250,29648024.00
2023/11/16,26.54,26.63,25.86,25.89,1168413,30822568.00
2023/11/17,26.02,26.27,25.76,26.01,944902,24745262.00
2023/11/20,25.92,26.32,25.59,26.12,1582917,41335296.00
2023/11/21,25.96,26.35,25.39,25.47,1383642,35800812.00
2023/11/22,25.53,25.78,24.78,24.82,1456890,36923404.00
2023/11/23,24.86,25.20,24.76,25.11,1029498,25921950.00
2023/11/24,25.13,25.19,24.42,24.60,947406,23560864.00
2023/11/27,24.59,24.97,24.42,24.73,1118076,27901744.00
2023/11/28,24.77,25.24,24.59,25.23,1439086,36230424.00
2023/11/29,25.14,25.61,25.14,25.33,947173,24260708.00
2023/11/30,25.33,25.35,24.74,24.88,870440,21879744.00
2023/12/01,24.89,25.02,24.34,24.56,993768,24605836.00
2023/12/04,24.76,24.79,24.19,24.37,1095201,26952576.00
2023/12/05,24.37,24.40,23.90,23.91,879239,21391260.00
2023/12/06,24.21,24.85,23.74,24.22,1331127,32827776.00
2023/12/07,24.06,24.30,23.60,23.88,1208117,29047714.00
2023/12/08,23.85,24.11,23.42,23.44,1057263,25211680.00
2023/12/11,23.49,23.61,22.96,23.54,1341792,31466116.00
2023/12/12,23.59,23.67,23.05,23.24,858645,20128198.00
2023/12/13,23.29,23.47,22.96,23.08,704786,16463458.00
2023/12/14,23.14,23.41,22.90,22.98,644981,15059415.00
2023/12/15,23.15,23.39,22.65,22.97,748780,17399340.00
2023/12/18,22.89,23.05,22.40,22.49,874651,19977424.00
2023/12/19,22.61,22.82,22.29,22.60,642105,14559303.00
2023/12/20,22.68,22.97,22.48,22.62,855740,19642054.00
2023/12/21,22.63,23.10,22.17,22.91,1006965,23007128.00
2023/12/22,22.96,23.29,22.53,22.87,1109743,25644600.00
2023/12/25,22.78,23.09,22.32,22.45,1129820,25674092.00
2023/12/26,22.25,22.41,22.02,22.15,963981,21506850.00
2023/12/27,22.00,22.43,21.92,22.38,700269,15703606.00
2023/12/28,22.38,23.69,22.32,23.60,1414512,33144728.00
2023/12/29,23.64,23.92,23.47,23.67,1156624,27644540.00
2024/01/02,23.67,23.87,23.35,23.75,1068280,25459568.00
2024/01/03,23.65,23.75,23.16,23.40,894576,21123986.00
2024/01/04,23.40,23.41,23.03,23.19,656648,15360201.00
2024/01/05,23.11,23.52,22.38,22.52,933178,21529092.00
2024/01/08,22.92,22.92,21.98,21.98,844824,18934884.00
2024/01/09,22.00,22.47,21.73,21.95,948255,21064612.00
2024/01/10,21.82,22.32,21.50,21.79,911945,20155112.00
2024/01/11,21.85,22.33,21.55,22.24,916220,20283960.00
2024/01/12,22.13,22.49,21.97,22.02,687773,15377536.00
2024/01/15,22.01,22.01,21.02,21.21,1497926,32311838.00
2024/01/16,21.09,21.37,20.65,21.02,1163374,24629022.00
2024/01/17,21.02,21.11,20.50,20.50,818426,17148272.00
2024/01/18,20.45,20.71,19.52,20.24,1386822,28016052.00
2024/01/19,20.40,20.52,19.82,19.82,785154,15893766.00
2024/01/22,20.09,20.09,18.20,18.39,1607988,31051118.00
2024/01/23,18.62,18.62,17.91,18.16,1614339,29597556.00
2024/01/24,18.17,18.42,17.19,18.07,1755178,31515656.00
2024/01/25,18.22,19.39,18.12,19.31,1824222,34525440.00
2024/01/26,19.31,19.48,18.91,18.97,1046744,20204016.00
2024/01/29,19.09,19.19,18.23,18.48,1732484,32580912.00
2024/01/30,18.30,18.33,17.52,17.60,1398245,25269002.00
2024/01/31,17.59,17.59,16.22,16.32,1643589,27808052.00
2024/02/01,16.44,16.57,15.84,16.18,1462680,23986922.00
2024/02/02,16.18,16.39,14.47,15.16,2238358,34810864.00
2024/02/05,14.48,14.82,12.12,12.52,2888129,38009960.00
2024/02/06,12.25,13.31,11.57,13.02,2971705,37350860.00
2024/02/07,13.12,15.27,12.67,13.82,4009088,56470916.00
2024/02/08,14.03,14.79,12.52,14.43,4766853,65153300.00
2024/02/19,14.38,15.23,14.26,14.91,3217454,48211568.00
2024/02/20,14.82,14.96,14.40,14.87,1592811,23642076.00
2024/02/21,14.74,15.44,14.68,14.91,1948342,29917656.00
2024/02/22,14.99,15.28,14.82,15.27,1487282,22718676.00
2024/02/23,15.32,16.33,15.22,16.21,1771884,28122492.00
2024/02/26,16.09,16.50,15.82,16.15,1973778,32224672.00
2024/02/27,16.17,16.66,15.91,16.65,1584083,26289970.00
2024/02/28,16.73,17.38,15.35,15.42,3168557,52312696.00
2024/02/29,15.38,15.76,14.97,15.74,2471412,38627768.00
2024/03/01,15.72,16.10,15.46,15.81,1680063,26738088.00
2024/03/04,15.76,16.03,15.33,15.61,1530604,24158898.00
2024/03/05,15.52,16.24,15.32,15.40,2193932,34898732.00
2024/03/06,15.28,15.73,15.10,15.58,1273362,19848926.00
2024/03/07,15.62,17.25,15.60,16.22,4226296,70235576.00
2024/03/08,16.32,16.58,15.77,16.04,1645147,26656676.00
2024/03/11,16.02,16.71,16.02,16.68,2717700,45182788.00
2024/03/12,16.68,16.93,16.52,16.85,1975129,33369872.00
2024/03/13,16.85,16.99,16.49,16.55,2523918,42598904.00
2024/03/14,16.72,17.02,16.10,16.38,2339273,39332896.00
2024/03/15,16.32,16.82,15.94,16.78,2039821,33900160.00
2024/03/18,16.87,17.10,16.78,17.05,1777629,30447556.00
2024/03/19,17.04,18.09,17.04,17.62,3745195,66728344.00
2024/03/20,17.32,17.60,17.17,17.47,2018893,35378676.00
2024/03/21,17.73,17.75,17.04,17.34,1688642,29676424.00
2024/03/22,17.30,17.50,16.62,16.72,1834295,31236610.00
2024/03/25,16.49,16.93,16.21,16.22,1457737,24423724.00
2024/03/26,16.34,16.42,15.75,16.13,1340885,21812148.00
2024/03/27,16.15,16.33,15.50,15.53,1716243,27599676.00
2024/03/28,15.54,16.25,15.53,16.00,1398252,22567870.00
2024/03/29,16.06,16.60,16.02,16.47,1106236,18336544.00
2024/04/01,16.56,17.19,16.47,16.91,1444319,24722048.00
2024/04/02,16.77,17.92,16.73,17.52,3428407,60237504.00
2024/04/03,17.42,18.68,17.22,18.17,4825097,88065896.00
2024/04/08,17.92,19.32,17.82,18.03,3972267,74455104.00
2024/04/09,17.62,19.30,17.12,18.81,6323376,116133336.00
2024/04/10,18.20,18.47,17.14,17.49,4044018,71931568.00
2024/04/11,17.26,17.50,16.72,17.02,2391558,41302176.00
2024/04/12,16.98,17.56,16.72,16.84,2212087,38271000.00
2024/04/15,16.61,16.81,14.83,15.07,3815094,59563736.00
2024/04/16,14.87,15.02,13.56,13.72,2945671,41872392.00
2024/04/17,14.20,14.80,14.02,14.57,1830562,26808388.00
2024/04/18,14.65,14.83,13.82,14.32,1692961,24471416.00
2024/04/19,14.25,14.71,14.03,14.43,1397205,20345176.00
2024/04/22,14.35,14.77,14.03,14.33,1006191,14710254.00
2024/04/23,14.51,14.56,14.05,14.12,1157729,16709809.00
2024/04/24,14.13,14.88,14.10,14.80,1305881,19227868.00
2024/04/25,14.72,15.25,14.55,15.04,1131319,17193602.00
2024/04/26,15.04,15.42,14.59,15.40,1441012,22103644.00
2024/04/29,15.35,16.00,15.35,15.93,1166840,18669280.00
2024/04/30,16.37,17.16,16.21,16.78,2718544,46084504.00
2024/05/06,16.83,17.03,16.41,16.88,2132541,36102536.00
2024/05/07,16.94,17.50,16.92,17.42,1460943,25593296.00
2024/05/08,17.22,17.90,17.18,17.32,1793947,31767180.00
2024/05/09,17.37,18.00,17.34,17.66,1462666,26210800.00
2024/05/10,17.62,17.90,17.33,17.41,1542890,27261120.00
2024/05/13,17.38,17.62,16.55,17.54,1612052,28183974.00
2024/05/14,17.77,17.77,17.02,17.26,1587901,27710628.00
2024/05/15,17.22,17.58,16.84,16.92,822824,14326756.00
2024/05/16,17.20,17.47,16.99,17.07,1008067,17580570.00
2024/05/17,17.14,17.57,17.03,17.54,788379,13810282.00
2024/05/20,17.79,18.12,17.41,17.74,1012604,18259908.00
2024/05/21,17.80,17.91,17.57,17.82,890363,15995614.00
2024/05/22,17.83,17.90,17.49,17.62,760492,13571166.00
2024/05/23,17.70,17.70,16.85,16.93,898091,15581340.00
2024/05/24,17.11,17.12,16.76,16.87,649410,11111398.00
2024/05/27,16.93,17.21,16.54,17.09,802515,13646675.00
2024/05/28,16.95,17.80,16.81,17.23,1286874,22632708.00
2024/05/29,17.09,17.99,16.83,17.85,1422268,25473106.00
2024/05/30,17.55,17.72,17.38,17.43,1167213,20641518.00
2024/05/31,17.50,17.50,17.07,17.08,914663,15924730.00
2024/06/03,17.03,17.20,16.53,16.64,1157678,19655588.00
2024/06/04,16.59,16.80,15.94,16.10,1037286,16934382.00
2024/06/05,15.94,15.95,15.47,15.60,747514,11869540.00
2024/06/06,15.79,15.82,14.76,14.85,1244956,19206816.00
2024/06/07,14.72,15.51,14.72,15.27,873725,13476088.00
2024/06/11,15.25,15.35,14.48,15.23,838620,12738880.00
2024/06/12,15.21,15.66,15.20,15.56,692570,10869479.00
2024/06/13,15.50,16.10,15.35,15.97,759484,11978659.00
2024/06/14,15.72,16.18,15.43,15.75,974381,15262397.00
2024/06/17,15.74,15.74,15.30,15.46,1208672,18742750.00
2024/06/18,15.21,15.94,15.20,15.81,1114092,17504504.00
2024/06/19,15.85,16.24,15.60,15.82,668891,10600710.00
2024/06/20,15.54,16.08,15.54,15.88,969811,15428501.00
2024/06/21,15.73,15.94,15.53,15.55,714320,11213677.00
2024/06/24,15.55,15.58,14.70,14.82,993795,14967696.00
2024/06/25,14.92,15.30,14.75,14.92,963329,14417935.00
2024/06/26,14.86,15.55,14.66,15.52,875807,13234080.00
2024/06/27,15.38,15.99,15.10,15.24,980814,15251774.00
2024/06/28,15.16,16.33,15.12,15.83,1460629,23084424.00
2024/07/01,18.20,18.64,16.93,17.26,4390318,77461992.00
2024/07/02,16.98,16.98,15.81,15.93,3974966,64531968.00
2024/07/03,15.66,16.08,15.20,15.24,2905880,45087864.00
2024/07/04,15.40,15.40,14.80,14.83,1386179,20903068.00
2024/07/05,14.82,15.25,14.59,15.14,1090931,16253263.00
2024/07/08,14.99,15.18,14.51,14.62,1267275,18690760.00
2024/07/09,14.62,15.25,14.26,15.22,1426952,21156516.00
2024/07/10,15.02,15.34,14.83,14.88,932615,14052416.00
2024/07/11,15.04,15.75,15.04,15.70,1609718,25036352.00
2024/07/12,15.70,15.82,15.25,15.30,1004902,15535476.00
2024/07/15,15.47,15.55,14.86,15.00,998179,15040583.00
2024/07/16,14.89,15.13,14.73,14.87,1143713,17011418.00
2024/07/17,14.74,15.04,14.68,14.75,809707,11981887.00
2024/07/18,14.68,14.68,14.15,14.44,965631,13879504.00
2024/07/19,14.31,14.77,14.20,14.65,750901,10907614.00
2024/07/22,14.66,14.87,14.47,14.69,605470,8886579.00
2024/07/23,14.74,14.82,14.21,14.21,772472,11171215.00
2024/07/24,14.21,14.35,13.92,13.95,700566,9847493.00
2024/07/25,13.93,14.29,13.80,14.10,735635,10374333.00
2024/07/26,14.26,14.49,14.13,14.45,743949,10688942.00
2024/07/29,14.46,14.58,14.10,14.16,528904,7528079.00
2024/07/30,14.12,14.40,13.97,14.16,520329,7386808.00
2024/07/31,14.25,14.68,14.07,14.63,856777,12395230.00
2024/08/01,14.66,14.93,14.64,14.68,761611,11237372.00
2024/08/02,14.64,14.72,14.36,14.36,690382,10056713.00
2024/08/05,14.37,14.55,13.69,13.87,731789,10348612.00
2024/08/06,13.99,14.23,13.80,14.17,487283,6859832.00
2024/08/07,14.13,14.28,13.92,14.10,693172,9768301.00
2024/08/08,14.05,14.15,13.75,14.03,559491,7807067.00
2024/08/09,14.17,14.22,13.82,13.82,526352,7351755.00
2024/08/12,13.81,13.93,13.61,13.74,488902,6712588.00
2024/08/13,13.73,13.95,13.61,13.92,404648,5583580.00
2024/08/14,13.66,14.05,13.63,13.70,558787,7690706.00
2024/08/15,13.83,14.08,13.60,13.77,714379,9878652.00
2024/08/16,14.00,14.00,13.69,13.82,597064,8240726.00
2024/08/19,13.83,13.98,13.62,13.91,488329,6774229.00
2024/08/20,13.96,14.16,13.68,13.78,1002635,13984870.00
2024/08/21,13.78,14.10,13.51,13.91,850884,11853942.00
2024/08/22,14.01,14.26,13.95,14.01,917432,12930416.00
2024/08/23,14.09,14.09,13.26,13.74,725614,9926674.00
2024/08/26,13.85,14.22,13.63,14.06,1051848,14783118.00
2024/08/27,14.27,14.30,13.71,13.74,748118,10381590.00
2024/08/28,13.72,14.23,13.70,14.17,950623,13366646.00
2024/08/29,14.30,14.68,13.97,14.51,1164569,16722119.00
2024/08/30,14.52,14.87,14.42,14.67,1098248,16147254.00
2024/09/02,14.83,14.83,14.39,14.45,1087885,15871446.00
2024/09/03,14.46,14.80,14.38,14.60,531557,7767892.00
2024/09/04,14.40,14.81,14.25,14.63,592290,8683142.00
2024/09/05,14.65,14.94,14.63,14.80,969967,14318685.00
2024/09/06,14.60,14.95,14.37,14.44,729567,10598948.00
2024/09/09,14.21,14.59,14.17,14.27,625610,8977090.00
2024/09/10,14.29,14.54,14.07,14.32,816485,11674916.00
2024/09/11,14.20,14.67,14.18,14.50,972984,14109856.00
2024/09/12,14.47,14.76,14.20,14.24,673967,9735713.00
2024/09/13,14.36,14.38,13.75,13.75,704011,9865924.00
2024/09/18,14.00,14.03,13.33,13.62,688532,9341663.00
2024/09/19,13.89,14.15,13.59,13.95,820994,11420398.00
2024/09/20,14.25,14.25,13.78,13.94,497520,6932180.00
2024/09/23,13.87,14.11,13.86,13.91,372444,5201508.00
2024/09/24,13.90,14.40,13.90,14.35,653578,9277988.00
2024/09/25,14.55,14.86,14.46,14.60,882893,12942259.00
2024/09/26,14.60,15.04,14.48,15.03,1011521,15003694.00
2024/09/27,15.25,15.99,15.24,15.81,1373151,21412428.00
2024/09/30,16.66,18.61,16.31,18.30,3399421,59142536.00
2024/10/08,21.00,21.55,19.10,20.56,5094996,103510056.00
2024/10/09,19.71,20.12,18.40,18.40,3278027,63306700.00
2024/10/10,18.56,19.39,18.11,18.48,2089011,39032752.00
2024/10/11,18.37,18.66,17.12,17.26,2063646,36524100.00
2024/10/14,17.56,17.78,16.97,17.55,2123886,37071088.00
2024/10/15,17.48,17.66,16.80,16.82,2614729,45079824.00
2024/10/16,16.80,17.23,16.60,16.80,2494734,41979896.00
2024/10/17,16.99,17.10,16.55,16.60,1379054,23311474.00
2024/10/18,16.68,17.62,16.56,17.25,2336579,39953508.00
2024/10/21,17.26,18.33,17.20,18.02,3162948,56504764.00
2024/10/22,18.02,19.55,17.90,18.84,4808197,90972328.00
2024/10/23,18.81,19.18,18.35,18.85,3619098,67813376.00
2024/10/24,18.63,18.85,18.40,18.51,1830169,33921668.00
2024/10/25,18.51,20.50,18.44,19.70,4217254,82299088.00
2024/10/28,19.60,20.84,19.40,20.45,4582213,92991216.00
2024/10/29,20.45,20.75,19.72,19.75,4538828,91282264.00
2024/10/30,19.60,20.94,19.19,20.20,5134070,102938000.00
2024/10/31,19.80,20.99,19.40,20.50,4882613,98502544.00
2024/11/01,20.41,24.60,20.21,24.60,6858695,162114176.00
2024/11/04,26.80,28.51,25.30,26.81,18279687,495850368.00
2024/11/05,25.46,32.00,25.46,29.77,19272452,535064800.00
2024/11/06,28.50,32.75,27.72,29.80,18571823,558715648.00
2024/11/07,29.50,29.71,27.29,27.65,12120513,342711168.00
2024/11/08,27.46,28.28,26.50,26.50,8775937,240596352.00
2024/11/11,26.37,27.95,26.00,27.92,7681076,209637104.00
2024/11/12,27.88,28.62,26.66,26.92,6879688,191450864.00
2024/11/13,26.70,29.33,26.61,28.18,8576721,243296928.00
2024/11/14,27.15,28.47,26.44,26.44,5526495,149156208.00
2024/11/15,26.18,26.80,25.11,25.14,3901145,101373856.00
2024/11/18,25.14,25.80,23.57,23.70,4098414,99909960.00
2024/11/19,23.88,24.30,22.88,24.16,4475087,105516872.00
2024/11/20,24.16,25.14,23.92,24.89,3798366,93826288.00
2024/11/21,24.80,25.28,24.15,24.51,3344436,82267240.00
2024/11/22,24.50,27.50,23.48,25.46,9417927,238439616.00
数据来源:通达信
