603693 江苏新能 日线 前复权
      日期	    开盘	    最高	    最低	    收盘	    成交量	    成交额
2018/07/03,7.39,9.05,7.39,9.05,69218,892745.00
2018/07/04,10.05,10.05,10.05,10.05,44453,633900.00
2018/07/05,11.15,11.15,11.15,11.15,107022,1679175.00
2018/07/06,12.36,12.36,12.36,12.36,323661,5586389.00
2018/07/09,13.69,13.69,13.69,13.69,673553,12790771.00
2018/07/10,15.15,15.15,15.15,15.15,616484,12878351.00
2018/07/11,16.76,16.76,16.76,16.76,1532009,35205568.00
2018/07/12,18.53,18.53,18.53,18.53,872807,22064560.00
2018/07/13,20.48,20.48,20.48,20.48,488450,13583795.00
2018/07/16,22.62,22.62,22.62,22.62,1021867,31258912.00
2018/07/17,24.97,24.97,24.97,24.97,2612442,87908672.00
2018/07/18,26.75,26.75,25.49,26.13,87104120,3064066048.00
2018/07/19,24.29,25.08,23.42,23.51,54057378,1749319040.00
2018/07/20,22.93,24.13,22.06,23.16,41739375,1301242496.00
2018/07/23,22.55,23.98,22.32,23.69,38837337,1223324032.00
2018/07/24,23.47,24.20,23.07,23.66,39987563,1275056000.00
2018/07/25,23.62,25.22,22.82,22.94,45895384,1486136192.00
2018/07/26,21.53,21.81,20.55,20.77,40693739,1158780800.00
2018/07/27,20.62,20.91,19.47,19.48,28510886,780696256.00
2018/07/30,19.32,19.80,19.15,19.61,20085965,532784480.00
2018/07/31,19.61,20.62,19.48,20.28,28226895,775466432.00
2018/08/01,20.32,20.39,19.08,19.21,23921062,636889280.00
2018/08/02,18.90,18.90,17.24,17.73,27049420,664766464.00
2018/08/03,17.55,17.82,16.45,16.64,21261242,498268512.00
2018/08/06,16.46,16.58,15.25,15.50,20737598,452832416.00
2018/08/07,15.68,16.14,15.32,16.10,21498671,466981056.00
2018/08/08,15.85,15.92,14.40,14.45,27440496,570051648.00
2018/08/09,14.28,15.70,14.15,15.03,24239500,503403680.00
2018/08/10,14.93,15.76,14.82,15.52,24842494,523539232.00
2018/08/13,15.04,17.17,14.85,17.17,26462924,581661120.00
2018/08/14,17.78,18.24,16.47,16.52,42728577,1015568448.00
2018/08/15,16.07,16.38,15.68,15.78,22266190,488492096.00
2018/08/16,15.32,15.74,14.94,15.08,18638016,393798624.00
2018/08/17,15.40,16.00,15.16,15.23,20704339,443342976.00
2018/08/20,14.85,14.97,14.17,14.93,18751059,378085376.00
2018/08/21,14.85,14.98,14.39,14.85,14839883,301452960.00
2018/08/22,14.78,15.06,14.20,14.22,16257722,329070976.00
2018/08/23,14.39,14.70,14.22,14.42,14065513,281460608.00
2018/08/24,14.45,14.70,13.95,14.05,14391628,284157920.00
2018/08/27,14.15,14.44,13.87,14.39,14924236,293802944.00
2018/08/28,14.20,14.30,13.94,14.08,13508492,264021824.00
2018/08/29,14.11,14.11,13.32,13.42,16065136,303360096.00
2018/08/30,13.49,14.08,13.39,13.55,16772135,319768224.00
2018/08/31,13.41,13.44,12.81,13.02,15469418,280971136.00
2018/09/03,13.17,13.36,12.70,13.03,11634121,210335072.00
2018/09/04,12.93,13.15,12.78,13.05,10775237,194735536.00
2018/09/05,13.07,14.06,12.95,13.38,22585873,423022208.00
2018/09/06,13.18,14.80,13.08,14.45,34026891,662287296.00
2018/09/07,14.09,14.35,13.62,14.30,26865162,523504000.00
2018/09/10,14.30,15.65,14.16,14.39,31788602,654181504.00
2018/09/11,14.20,15.92,14.08,15.92,33057334,685744384.00
2018/09/12,16.01,16.28,15.24,15.24,43595613,948547712.00
2018/09/13,14.78,15.12,14.28,14.74,29869207,604394880.00
2018/09/14,14.57,14.97,13.25,13.32,28012622,547425856.00
2018/09/17,12.77,12.77,12.17,12.32,17755326,308515936.00
2018/09/18,12.18,12.52,11.90,12.42,15671985,268548800.00
2018/09/19,12.28,12.66,12.08,12.46,15121094,261662320.00
2018/09/20,12.35,12.38,12.09,12.12,12089943,206583808.00
2018/09/21,12.17,12.31,11.93,12.13,10583299,179420640.00
2018/09/25,12.12,12.42,12.08,12.30,9281128,159198560.00
2018/09/26,12.38,12.42,12.18,12.25,8998948,154198272.00
2018/09/27,12.25,12.32,11.38,11.39,16587361,273334784.00
2018/09/28,11.48,11.95,11.41,11.77,11477249,188768016.00
2018/10/08,11.52,12.05,11.41,11.55,10869410,178542352.00
2018/10/09,11.62,11.98,11.55,11.83,8477409,139678544.00
2018/10/10,11.84,12.41,11.71,12.25,17043199,289751488.00
2018/10/11,11.66,11.87,10.93,10.93,14635569,233503584.00
2018/10/12,10.62,10.82,9.79,10.35,12825016,187735840.00
2018/10/15,10.43,10.68,10.32,10.34,7500414,111459416.00
2018/10/16,10.32,10.76,9.78,10.35,12197372,178024128.00
2018/10/17,10.50,10.59,9.95,10.38,10235970,149524448.00
2018/10/18,10.21,10.22,9.48,9.66,9992656,139930016.00
2018/10/19,9.39,9.85,9.26,9.81,8081276,111009312.00
2018/10/22,9.88,10.38,9.81,10.37,11939215,172249872.00
2018/10/23,10.30,11.01,10.25,10.52,16606916,248286864.00
2018/10/24,10.38,10.52,10.05,10.19,10221576,148585408.00
2018/10/25,9.62,9.83,9.51,9.78,8863904,122141536.00
2018/10/26,9.94,10.00,9.75,9.75,6622407,91450832.00
2018/10/29,9.69,9.85,9.47,9.58,6009120,81519232.00
2018/10/30,9.63,9.88,9.42,9.78,7381779,100418592.00
2018/10/31,9.89,10.35,9.78,10.15,12590843,177614960.00
2018/11/01,10.15,10.43,9.95,9.96,13222462,188380336.00
2018/11/02,10.14,10.42,10.06,10.33,14217343,203451328.00
2018/11/05,10.73,10.88,10.32,10.48,16359845,241521504.00
2018/11/06,10.25,10.36,9.89,10.07,10837262,152576736.00
2018/11/07,10.07,10.22,10.02,10.08,7525941,106385144.00
2018/11/08,10.15,10.20,9.79,9.81,7651374,106958736.00
2018/11/09,9.81,9.92,9.72,9.75,4950352,68061008.00
2018/11/12,9.76,10.02,9.76,10.01,6707500,93180072.00
2018/11/13,9.82,10.21,9.78,10.17,10871443,152195840.00
2018/11/14,10.19,11.26,10.19,10.99,30271881,452357984.00
2018/11/15,10.78,11.08,10.72,11.04,20259267,307740768.00
2018/11/16,10.99,11.00,10.74,10.78,14452667,218003248.00
2018/11/19,10.85,11.09,10.80,11.02,13291248,202799088.00
2018/11/20,10.90,10.90,10.44,10.52,11170151,166369680.00
2018/11/21,10.36,10.60,10.28,10.59,7025646,102571456.00
2018/11/22,10.59,10.72,10.47,10.52,5444409,80353344.00
2018/11/23,10.58,10.58,9.75,9.82,9555500,134873568.00
2018/11/26,9.85,9.99,9.68,9.75,5223189,71790088.00
2018/11/27,9.83,9.88,9.64,9.74,4145252,56699472.00
2018/11/28,9.72,9.98,9.63,9.97,5981302,82551992.00
2018/11/29,10.00,10.12,9.49,9.51,7609366,104423456.00
2018/11/30,9.51,9.61,9.28,9.51,4870303,64712488.00
2018/12/03,9.77,9.91,9.69,9.85,6378863,87657560.00
2018/12/04,9.85,10.30,9.78,10.25,9678969,136196864.00
2018/12/05,9.96,10.22,9.91,10.02,6255032,87753152.00
2018/12/06,9.98,10.46,9.85,10.40,12911300,184739152.00
2018/12/07,10.42,10.42,10.20,10.26,7008906,100677584.00
2018/12/10,10.16,10.16,9.79,9.85,6105552,84813264.00
2018/12/11,9.92,9.95,9.80,9.94,3716466,51404196.00
2018/12/12,9.98,10.15,9.94,10.02,4355529,61186608.00
2018/12/13,10.02,10.12,9.86,9.95,5333819,74714456.00
2018/12/14,9.95,10.08,9.70,9.74,4903282,67821568.00
2018/12/17,9.68,10.01,9.66,9.95,4740269,65580824.00
2018/12/18,9.91,10.37,9.82,10.09,8985296,126970544.00
2018/12/19,10.02,10.08,9.78,9.81,5278416,73042616.00
2018/12/20,9.78,9.92,9.74,9.92,4146277,57138380.00
2018/12/21,9.85,10.24,9.79,10.19,9645666,135704480.00
2018/12/24,10.25,10.53,10.20,10.50,14356543,207820048.00
2018/12/25,10.30,10.35,9.89,10.21,9865776,139491072.00
2018/12/26,10.20,10.66,10.20,10.41,14541087,211903728.00
2018/12/27,10.56,10.61,10.03,10.07,9808559,141302192.00
2018/12/28,10.12,10.21,9.85,9.85,6651796,92790472.00
2019/01/02,9.87,9.87,9.58,9.62,5333519,72468432.00
2019/01/03,9.61,9.82,9.58,9.61,3715270,50426864.00
2019/01/04,9.39,9.83,9.36,9.82,5528372,74990048.00
2019/01/07,9.91,10.00,9.79,9.95,5545740,76944736.00
2019/01/08,9.96,9.96,9.78,9.80,4105773,56530396.00
2019/01/09,9.80,10.07,9.78,9.86,6485942,90122112.00
2019/01/10,10.12,10.92,10.12,10.46,24471495,359848384.00
2019/01/11,10.26,10.77,10.12,10.72,21906606,319636000.00
2019/01/14,10.93,11.62,10.55,10.85,27191554,417513728.00
2019/01/15,10.68,10.72,10.24,10.60,16363628,239492928.00
2019/01/16,10.47,10.77,10.41,10.58,10598846,156956384.00
2019/01/17,10.54,10.56,10.20,10.22,8832146,127756144.00
2019/01/18,10.18,10.42,10.17,10.30,6894013,99102976.00
2019/01/21,10.42,10.62,10.41,10.47,9312441,136440416.00
2019/01/22,10.38,10.58,10.26,10.55,7965413,115900384.00
2019/01/23,10.48,10.72,10.41,10.72,10190755,150375968.00
2019/01/24,10.62,11.16,10.48,10.60,13931913,208553152.00
2019/01/25,10.45,10.53,10.21,10.21,9215185,133705824.00
2019/01/28,10.24,10.43,10.07,10.26,6197938,88891256.00
2019/01/29,10.18,10.18,9.32,9.62,9411660,128120296.00
2019/01/30,9.46,10.20,9.46,9.82,9076389,126058272.00
2019/01/31,9.90,9.95,9.49,9.58,6808945,92359392.00
2019/02/01,9.62,10.00,9.62,9.95,7226746,99849408.00
2019/02/11,9.99,10.51,9.97,10.46,12122712,173744832.00
2019/02/12,10.54,10.69,10.35,10.56,14188728,207587824.00
2019/02/13,10.47,10.72,10.35,10.62,14885817,218881904.00
2019/02/14,10.62,11.06,10.51,10.75,18320630,275422752.00
2019/02/15,10.78,11.01,10.54,10.54,15198848,227216144.00
2019/02/18,10.66,10.92,10.56,10.88,16785560,251089504.00
2019/02/19,10.98,10.99,10.61,10.70,14026279,210233744.00
2019/02/20,10.70,11.46,10.70,11.24,26750291,411148864.00
2019/02/21,11.11,11.20,10.82,10.90,19875651,303835328.00
2019/02/22,10.84,10.93,10.73,10.92,12016651,181159760.00
2019/02/25,10.93,11.50,10.89,11.45,22928314,356644192.00
2019/02/26,11.33,11.81,11.18,11.43,26398254,419763008.00
2019/02/27,11.32,11.63,11.17,11.32,16151185,255025088.00
2019/02/28,11.28,11.43,11.18,11.41,10898096,170937872.00
2019/03/01,11.46,11.51,11.20,11.32,8867984,139123776.00
2019/03/04,11.35,11.62,11.25,11.38,17032850,269917088.00
2019/03/05,11.30,11.61,11.27,11.56,14618953,232546608.00
2019/03/06,11.72,11.99,11.63,11.92,23604442,386787008.00
2019/03/07,12.08,12.77,12.07,12.62,31692367,544895680.00
2019/03/08,12.22,12.55,11.94,11.98,24843645,420261664.00
2019/03/11,11.89,12.52,11.72,12.48,18655119,312690272.00
2019/03/12,12.53,13.24,12.35,12.95,29032356,512325824.00
2019/03/13,12.78,12.88,12.13,12.21,18517745,319987328.00
2019/03/14,12.15,12.29,11.45,11.65,13565908,221194656.00
2019/03/15,11.75,11.84,11.58,11.72,9824500,159420464.00
2019/03/18,11.77,12.02,11.65,12.01,8323590,136553344.00
2019/03/19,12.05,12.13,11.74,11.82,10244240,168715616.00
2019/03/20,11.86,11.96,11.57,11.68,8812174,143137120.00
2019/03/21,11.67,11.81,11.63,11.70,8806716,142819248.00
2019/03/22,11.68,11.74,11.35,11.56,9070642,144960256.00
2019/03/25,11.35,11.48,11.27,11.30,6746216,106445816.00
2019/03/26,11.37,11.42,11.02,11.08,6652330,103788448.00
2019/03/27,11.20,11.25,11.00,11.24,4993611,77228216.00
2019/03/28,11.19,11.28,11.02,11.02,5275040,81645056.00
2019/03/29,11.05,11.47,10.97,11.44,7739183,120750992.00
2019/04/01,11.48,11.75,11.43,11.73,10641690,171579408.00
2019/04/02,11.79,11.93,11.60,11.87,12659810,205712848.00
2019/04/03,11.82,11.87,11.70,11.82,7610930,124164576.00
2019/04/04,11.85,11.93,11.72,11.79,7991798,130554528.00
2019/04/08,11.84,11.88,11.37,11.48,8587367,138373072.00
2019/04/09,11.41,11.67,11.41,11.62,5694330,91206392.00
2019/04/10,11.49,11.49,11.25,11.39,6284828,99147008.00
2019/04/11,11.45,11.52,11.28,11.30,5626032,89002880.00
2019/04/12,11.24,11.41,11.24,11.40,4366252,68733320.00
2019/04/15,11.50,11.88,11.50,11.78,14596012,237018032.00
2019/04/16,11.80,12.22,11.63,12.18,18278858,302280864.00
2019/04/17,12.10,12.12,11.85,11.95,11731728,194352464.00
2019/04/18,11.97,12.04,11.65,11.67,8571894,140247232.00
2019/04/19,11.62,11.75,11.48,11.73,6410944,103362672.00
2019/04/22,11.74,11.79,11.42,11.43,5805052,93358464.00
2019/04/23,11.42,11.55,11.32,11.45,5553542,87885280.00
2019/04/24,11.47,11.68,11.32,11.68,4913560,78295336.00
2019/04/25,11.66,11.66,10.80,10.85,8211922,128317096.00
2019/04/26,10.85,10.91,10.40,10.40,7355414,108382616.00
2019/04/29,10.40,10.51,9.90,9.99,5490430,77622640.00
2019/04/30,9.77,10.05,9.73,9.92,3961390,54974344.00
2019/05/06,9.72,9.72,8.90,8.96,6364600,83456976.00
2019/05/07,9.00,9.16,8.99,9.12,3384989,43269128.00
2019/05/08,8.93,9.13,8.85,9.07,3106193,39536796.00
2019/05/09,9.03,9.32,8.95,9.17,3984900,51337092.00
2019/05/10,9.17,9.41,9.03,9.38,5471009,71568176.00
2019/05/13,9.28,9.33,9.20,9.22,2832830,36894744.00
2019/05/14,9.05,9.18,8.96,9.01,3055328,39094512.00
2019/05/15,9.12,9.35,9.07,9.27,4053193,52617248.00
2019/05/16,9.26,9.62,9.22,9.43,5006311,66492372.00
2019/05/17,9.33,9.38,8.97,8.99,4274500,55044964.00
2019/05/20,8.86,8.99,8.02,8.57,5524721,65923260.00
2019/05/21,8.51,8.70,8.32,8.63,3320710,40444864.00
2019/05/22,8.70,8.70,8.45,8.47,3122051,37780352.00
2019/05/23,8.42,8.42,8.15,8.18,3668306,42917552.00
2019/05/24,8.10,8.78,8.10,8.60,4134599,49260468.00
2019/05/27,8.47,8.69,8.42,8.63,4652700,56521704.00
2019/05/28,8.63,8.68,8.49,8.54,3464300,42112584.00
2019/05/29,8.48,8.81,8.42,8.68,4513783,55414396.00
2019/05/30,8.53,8.89,8.45,8.82,5423760,66605440.00
2019/05/31,9.32,9.78,9.32,9.78,4082390,55448456.00
2019/06/03,10.84,10.84,9.92,9.93,34690870,510152768.00
2019/06/04,9.32,9.52,9.00,9.24,17125349,222735024.00
2019/06/05,9.33,9.38,8.93,9.02,10310125,132442592.00
2019/06/06,8.90,8.98,8.29,8.35,9742650,118471296.00
2019/06/10,8.38,8.57,8.31,8.40,5133200,61289940.00
2019/06/11,8.45,8.88,8.26,8.75,8530858,103479176.00
2019/06/12,8.70,8.84,8.62,8.65,6064584,74646928.00
2019/06/13,8.65,9.18,8.50,8.95,9181472,115025600.00
2019/06/14,8.85,8.92,8.55,8.57,5904083,72883880.00
2019/06/17,8.52,8.67,8.49,8.58,2395575,29106646.00
2019/06/18,8.55,8.74,8.53,8.65,3282600,40138924.00
2019/06/19,8.84,9.07,8.68,8.90,8081379,100961968.00
2019/06/20,8.88,9.08,8.71,8.94,6892388,86615456.00
2019/06/21,8.95,9.12,8.93,9.05,7341333,93380696.00
2019/06/24,9.05,9.15,8.91,8.96,4443580,56429400.00
2019/06/25,8.98,8.98,8.68,8.78,4655572,58012216.00
2019/06/26,8.74,8.87,8.65,8.75,3270484,40537920.00
2019/06/27,8.78,8.78,8.52,8.56,5797750,69748728.00
2019/06/28,8.62,9.47,8.58,8.95,15292500,193602080.00
2019/07/01,8.97,9.28,8.74,9.18,12450909,156499024.00
2019/07/02,9.08,9.08,8.93,8.95,6926743,86389664.00
2019/07/03,8.96,9.13,8.93,9.13,7019988,87882992.00
2019/07/04,9.08,9.19,8.96,8.96,4750200,59686504.00
2019/07/05,8.97,9.08,8.93,8.98,3228430,40332220.00
2019/07/08,8.98,8.99,8.56,8.64,4934035,59722284.00
2019/07/09,8.61,8.68,8.41,8.61,3441500,40870748.00
2019/07/10,8.61,8.62,8.52,8.55,1732060,20658476.00
2019/07/11,8.61,8.74,8.52,8.55,2193600,26270554.00
2019/07/12,8.60,8.60,8.48,8.55,1603814,19106586.00
2019/07/15,8.55,8.59,8.20,8.52,2660300,31368696.00
2019/07/16,8.52,8.58,8.48,8.56,1657900,19704544.00
2019/07/17,8.51,8.60,8.48,8.50,2217500,26363528.00
2019/07/18,8.49,8.49,8.28,8.31,2434176,28355612.00
2019/07/19,8.37,8.45,8.33,8.35,1760005,20575872.00
2019/07/22,8.34,8.38,8.01,8.02,3159500,35817704.00
2019/07/23,8.02,8.09,8.01,8.08,1385900,15606890.00
2019/07/24,8.12,8.21,8.12,8.15,1989672,22675620.00
2019/07/25,8.21,8.21,8.06,8.13,1819000,20630928.00
2019/07/26,8.16,8.22,8.12,8.17,1969930,22471648.00
2019/07/29,8.11,8.23,8.09,8.18,1357500,15460379.00
2019/07/30,8.19,8.24,8.18,8.22,1842300,21124500.00
2019/07/31,8.22,8.22,8.10,8.15,1523800,17343870.00
2019/08/01,8.08,8.18,8.06,8.15,1098484,12465030.00
2019/08/02,7.99,8.10,7.95,8.02,1939900,21698250.00
2019/08/05,7.98,8.08,7.92,7.92,1708900,19127034.00
2019/08/06,7.75,7.78,7.22,7.47,3827184,40219216.00
2019/08/07,7.54,7.68,7.46,7.52,2293400,24412232.00
2019/08/08,7.48,8.01,7.48,7.76,3383905,36949280.00
2019/08/09,7.72,8.12,7.71,7.89,4310295,47631672.00
2019/08/12,7.73,7.82,7.63,7.79,2737300,29690582.00
2019/08/13,7.76,7.76,7.58,7.58,1994893,21339820.00
2019/08/14,7.69,7.75,7.57,7.57,1832893,19661452.00
2019/08/15,7.26,7.50,7.10,7.44,2132856,22138680.00
2019/08/16,7.44,7.72,7.44,7.53,1962086,20845988.00
2019/08/19,7.65,7.73,7.54,7.73,2517100,27077998.00
2019/08/20,7.75,7.78,7.67,7.70,2336270,25286236.00
2019/08/21,7.68,8.03,7.64,7.92,5136800,56655492.00
2019/08/22,7.84,7.91,7.74,7.82,2675914,29281104.00
2019/08/23,7.77,7.83,7.68,7.68,2014800,21838906.00
2019/08/26,7.36,7.60,7.34,7.55,2091500,22052880.00
2019/08/27,7.66,7.73,7.57,7.72,2291221,24687632.00
2019/08/28,7.71,7.87,7.66,7.82,2659639,28957824.00
2019/08/29,7.82,7.83,7.73,7.74,1865430,20332340.00
2019/08/30,7.76,7.85,7.53,7.53,2599000,28066336.00
2019/09/02,7.62,7.72,7.47,7.72,2066530,22173648.00
2019/09/03,7.69,7.80,7.62,7.78,1979523,21483706.00
2019/09/04,7.74,8.19,7.74,7.96,5914937,66375628.00
2019/09/05,7.95,8.05,7.93,7.95,5079757,56832684.00
2019/09/06,7.95,8.06,7.94,8.02,2898266,32437988.00
2019/09/09,8.11,8.14,8.02,8.11,3478701,39248760.00
2019/09/10,8.08,8.15,8.02,8.12,3428700,38744800.00
2019/09/11,8.15,8.21,8.10,8.12,3431302,39041096.00
2019/09/12,8.19,8.19,8.06,8.15,2705391,30725632.00
2019/09/16,8.19,8.22,8.14,8.18,2647300,30239528.00
2019/09/17,8.15,8.20,7.85,7.91,3631931,40406296.00
2019/09/18,7.94,8.08,7.89,8.02,2714120,30317936.00
2019/09/19,8.00,8.05,7.95,8.02,2028171,22649904.00
2019/09/20,8.08,8.10,7.95,7.98,1983471,22245844.00
2019/09/23,7.99,7.99,7.79,7.86,2086701,22931598.00
2019/09/24,7.86,7.91,7.78,7.84,2041253,22454044.00
2019/09/25,7.78,7.83,7.61,7.65,2155314,23295130.00
2019/09/26,7.66,7.72,7.43,7.45,2563884,27139700.00
2019/09/27,7.50,7.66,7.50,7.60,2172961,23159372.00
2019/09/30,7.55,7.63,7.51,7.52,1584930,16793756.00
2019/10/08,7.51,7.58,7.46,7.46,1772914,18731710.00
2019/10/09,7.45,7.69,7.35,7.62,1890112,20112736.00
2019/10/10,7.55,7.65,7.55,7.64,1603524,17144406.00
2019/10/11,7.64,7.68,7.57,7.67,1554900,16658443.00
2019/10/14,7.76,7.81,7.68,7.73,1963942,21313580.00
2019/10/15,7.73,7.73,7.58,7.61,1244574,13321598.00
2019/10/16,7.62,7.68,7.53,7.53,1367698,14605061.00
2019/10/17,7.47,7.58,7.47,7.50,1084200,11452600.00
2019/10/18,7.47,7.55,7.40,7.42,1724384,18098802.00
2019/10/21,7.43,7.43,7.33,7.38,1269130,13142544.00
2019/10/22,7.38,7.42,7.35,7.41,1048000,10889736.00
2019/10/23,7.43,7.46,7.38,7.38,902597,9406838.00
2019/10/24,7.39,7.42,7.35,7.36,897100,9318965.00
2019/10/25,7.38,7.48,7.32,7.48,1246308,12985222.00
2019/10/28,7.48,7.55,7.43,7.53,1471649,15525794.00
2019/10/29,7.52,7.52,7.43,7.46,1649900,17312012.00
2019/10/30,7.42,7.45,7.22,7.22,2153900,22080176.00
2019/10/31,7.22,7.26,7.14,7.15,1285261,13056305.00
2019/11/01,7.18,7.24,7.12,7.24,1054698,10709060.00
2019/11/04,7.29,7.29,7.19,7.19,790300,8064090.00
2019/11/05,7.27,7.27,7.15,7.22,927699,9423818.00
2019/11/06,7.22,7.25,7.12,7.15,1151799,11666749.00
2019/11/07,7.20,7.20,7.13,7.14,934800,9442909.00
2019/11/08,7.16,7.22,7.15,7.20,1321600,13397260.00
2019/11/11,7.22,7.22,6.95,6.98,2181455,21701412.00
2019/11/12,6.95,7.02,6.90,7.00,1172329,11514025.00
2019/11/13,7.02,7.05,6.90,7.02,1334200,13142860.00
2019/11/14,7.02,7.04,6.97,7.00,865700,8571610.00
2019/11/15,7.00,7.05,6.85,6.85,1063600,10487356.00
2019/11/18,6.88,6.88,6.80,6.85,1046470,10130767.00
2019/11/19,6.90,6.95,6.85,6.95,1084170,10583465.00
2019/11/20,6.95,6.95,6.85,6.86,1019030,9938109.00
2019/11/21,6.85,6.95,6.74,6.95,1452399,14110423.00
2019/11/22,6.94,7.00,6.88,6.91,1140799,11178580.00
2019/11/25,6.97,6.97,6.87,6.96,1067999,10460682.00
2019/11/26,6.93,7.00,6.93,7.00,1205400,11876305.00
2019/11/27,6.99,7.04,6.95,6.97,1148503,11345921.00
2019/11/28,6.92,6.97,6.86,6.87,817600,7987928.00
2019/11/29,6.86,6.91,6.77,6.82,1261000,12162737.00
2019/12/02,6.82,7.42,6.80,7.05,3732463,37263408.00
2019/12/03,6.93,7.03,6.90,7.02,1654645,16261492.00
2019/12/04,6.93,7.01,6.92,6.96,1039233,10235702.00
2019/12/05,6.95,7.06,6.95,7.02,1559433,15456956.00
2019/12/06,7.02,7.14,6.97,7.00,2750612,27327580.00
2019/12/09,6.98,7.05,6.96,7.02,1273300,12603619.00
2019/12/10,7.01,7.05,6.96,7.04,1313100,12992369.00
2019/12/11,7.03,7.14,7.00,7.12,2010671,20093028.00
2019/12/12,7.09,7.30,7.08,7.12,1945149,19667910.00
2019/12/13,7.15,7.22,7.12,7.18,2048400,20703362.00
2019/12/16,7.21,7.22,7.12,7.20,2179999,22051324.00
2019/12/17,7.20,7.28,7.18,7.25,2968098,30258272.00
2019/12/18,7.25,7.45,7.23,7.36,4668930,48366212.00
2019/12/19,7.40,7.45,7.32,7.38,2487775,25838488.00
2019/12/20,7.39,7.43,7.24,7.25,2624300,27071004.00
2019/12/23,7.24,7.25,7.09,7.10,2184000,22037004.00
2019/12/24,7.14,7.18,7.08,7.17,1315086,13236725.00
2019/12/25,7.17,7.20,7.12,7.13,1148700,11593947.00
2019/12/26,7.16,7.21,7.13,7.19,1303758,13173298.00
2019/12/27,7.22,7.30,7.15,7.16,2595800,26486852.00
2019/12/30,7.12,7.20,6.99,7.18,2149614,21591056.00
2019/12/31,7.21,7.25,7.17,7.22,1684402,17112618.00
2020/01/02,7.30,7.32,7.20,7.28,2691730,27613906.00
2020/01/03,7.31,7.33,7.25,7.31,2215723,22758368.00
2020/01/06,7.28,7.42,7.25,7.36,3295302,34082812.00
2020/01/07,7.39,7.52,7.38,7.45,3521755,36907560.00
2020/01/08,7.42,7.66,7.38,7.48,5585581,59090752.00
2020/01/09,7.55,7.59,7.46,7.52,2878093,30388568.00
2020/01/10,7.55,7.57,7.35,7.43,2481400,25960184.00
2020/01/13,7.42,7.46,7.31,7.44,1810830,18787954.00
2020/01/14,7.45,7.51,7.42,7.42,1991000,20875784.00
2020/01/15,7.39,7.44,7.32,7.38,1566700,16222276.00
2020/01/16,7.40,7.40,7.28,7.31,1532400,15798408.00
2020/01/17,7.31,7.35,7.28,7.28,1206093,12427387.00
2020/01/20,7.32,7.32,7.24,7.31,1290093,13227727.00
2020/01/21,7.32,7.42,7.26,7.37,2461085,25429568.00
2020/01/22,7.39,7.39,7.21,7.26,2028697,20813608.00
2020/01/23,7.26,7.28,6.99,7.05,2322323,23337208.00
2020/02/03,6.28,6.28,6.28,6.28,1011800,9065728.00
2020/02/04,5.59,6.27,5.59,5.93,4429746,37535668.00
2020/02/05,5.97,6.12,5.97,6.02,2817333,24339240.00
2020/02/06,6.02,6.18,5.95,6.16,3629130,31556350.00
2020/02/07,6.12,6.21,6.07,6.18,2533898,22220108.00
2020/02/10,6.18,6.26,6.10,6.25,2089030,18521488.00
2020/02/11,6.28,6.36,6.21,6.25,2198523,19731972.00
2020/02/12,6.25,6.65,6.25,6.55,4889392,45234496.00
2020/02/13,6.47,6.55,6.38,6.38,3557292,32616772.00
2020/02/14,6.35,6.45,6.32,6.40,1886400,17142924.00
2020/02/17,6.42,6.55,6.39,6.55,2894876,26715428.00
2020/02/18,6.55,6.62,6.53,6.57,3351356,31267012.00
2020/02/19,6.55,6.64,6.49,6.51,2721598,25350220.00
2020/02/20,6.50,6.84,6.45,6.71,6043330,57147876.00
2020/02/21,6.65,6.72,6.63,6.68,4039000,38231256.00
2020/02/24,6.67,6.72,6.56,6.66,3234799,30465622.00
2020/02/25,6.55,6.55,6.34,6.46,4742297,43507796.00
2020/02/26,6.30,6.66,6.30,6.48,3428930,31749944.00
2020/02/27,6.48,6.54,6.41,6.45,2138484,19689728.00
2020/02/28,6.28,6.38,6.05,6.08,4343300,38494576.00
2020/03/02,6.11,6.35,6.09,6.33,2827600,25220448.00
2020/03/03,6.43,6.57,6.41,6.46,3779998,34823056.00
2020/03/04,6.38,6.64,6.38,6.58,3771483,35082508.00
2020/03/05,6.65,6.82,6.59,6.78,6174797,58829176.00
2020/03/06,6.56,6.81,6.56,6.75,4672082,44478104.00
2020/03/09,6.65,6.72,6.45,6.51,4282900,40053596.00
2020/03/10,6.40,6.61,6.32,6.59,4032399,37087092.00
2020/03/11,6.61,6.69,6.52,6.53,3296900,30971492.00
2020/03/12,6.44,6.45,6.28,6.33,3772560,34214368.00
2020/03/13,6.01,6.18,5.99,6.14,4579200,39718108.00
2020/03/16,6.18,6.25,5.94,5.95,2901600,25271252.00
2020/03/17,5.95,6.02,5.69,5.89,2756565,23154350.00
2020/03/18,5.95,6.03,5.83,5.84,2121356,18077682.00
2020/03/19,5.82,5.87,5.72,5.84,1901100,15825329.00
2020/03/20,5.93,5.99,5.85,5.94,1868730,15825930.00
2020/03/23,5.94,5.98,5.76,5.82,2123100,17797344.00
2020/03/24,5.88,5.97,5.78,5.93,1907923,16102667.00
2020/03/25,6.03,6.14,5.98,6.11,3194435,27709058.00
2020/03/26,6.06,6.10,6.00,6.00,1731330,14979171.00
2020/03/27,6.07,6.12,6.02,6.03,1555500,13487990.00
2020/03/30,5.98,6.26,5.80,6.11,4362130,37653448.00
2020/03/31,6.15,6.20,6.00,6.04,2907530,25249034.00
2020/04/01,5.98,6.04,5.88,5.88,2042400,17423902.00
2020/04/02,5.83,5.99,5.81,5.97,1472635,12498200.00
2020/04/03,5.95,6.02,5.85,5.88,1443925,12240319.00
2020/04/07,5.97,6.22,5.91,6.21,3045765,26306880.00
2020/04/08,6.18,6.18,6.07,6.10,2864323,25018400.00
2020/04/09,6.12,6.19,6.11,6.16,2143335,18836886.00
2020/04/10,6.16,6.20,5.94,5.99,1937700,16791092.00
2020/04/13,5.96,5.98,5.87,5.95,1094700,9297943.00
2020/04/14,5.97,6.05,5.94,6.04,1118300,9615458.00
2020/04/15,6.01,6.04,5.94,5.95,1392300,11935840.00
2020/04/16,5.93,6.15,5.88,6.05,2244460,19377610.00
2020/04/17,6.02,6.12,6.00,6.05,1900960,16486787.00
2020/04/20,6.05,6.10,6.01,6.10,1494738,12981646.00
2020/04/21,6.07,6.09,5.97,6.03,1237823,10670452.00
2020/04/22,6.01,6.05,5.94,6.02,1380524,11836874.00
2020/04/23,6.02,6.06,5.97,5.98,1698452,14636355.00
2020/04/24,5.98,5.98,5.83,5.86,2035500,17194100.00
2020/04/27,5.86,5.90,5.82,5.86,959800,8072210.00
2020/04/28,6.14,6.51,6.01,6.51,9351523,84267144.00
2020/04/29,6.93,7.22,6.85,7.22,11731444,116729928.00
2020/04/30,7.99,8.01,7.68,8.01,45293638,504979552.00
2020/05/06,7.99,8.32,7.51,7.82,45415454,495111392.00
2020/05/07,7.58,8.66,7.58,8.66,43820155,491541920.00
2020/05/08,7.85,8.60,7.74,8.10,43144522,484031136.00
2020/05/11,7.89,8.24,7.82,7.96,24348306,271449312.00
2020/05/12,7.88,8.04,7.65,7.98,18081637,199283440.00
2020/05/13,7.85,8.84,7.81,8.52,37530148,443142144.00
2020/05/14,8.22,8.39,7.98,8.06,25272157,288027488.00
2020/05/15,8.07,8.07,7.78,7.78,19046530,209581216.00
2020/05/18,7.81,8.24,7.58,8.13,21547275,238299792.00
2020/05/19,8.12,9.01,8.02,8.57,34635139,417859136.00
2020/05/20,8.44,9.48,8.36,9.10,34124012,425623648.00
2020/05/21,8.91,9.01,8.28,8.39,25631159,308053184.00
2020/05/22,8.34,8.71,8.13,8.53,17019400,200291856.00
2020/05/25,8.42,8.71,8.24,8.68,14036700,166222000.00
2020/05/26,8.69,8.70,8.47,8.61,11484938,137304784.00
2020/05/27,8.57,8.58,8.17,8.18,13537638,156920224.00
2020/05/28,8.17,8.38,7.80,7.95,13010632,146402176.00
2020/05/29,7.87,8.12,7.78,7.95,8733234,97433088.00
2020/06/01,7.97,8.24,7.88,8.08,9993300,113074656.00
2020/06/02,8.06,8.20,7.97,8.18,9755100,110382840.00
2020/06/03,8.19,8.21,7.92,7.92,10979900,122819408.00
2020/06/04,7.95,8.55,7.84,8.49,19445270,224206752.00
2020/06/05,8.37,8.49,8.18,8.27,10956254,126838800.00
2020/06/08,8.24,8.31,8.02,8.11,7852200,89110384.00
2020/06/09,8.14,8.67,8.08,8.53,16380637,192686720.00
2020/06/10,8.58,8.84,8.32,8.35,13181354,156774960.00
2020/06/11,8.35,8.66,8.26,8.55,14358716,169844784.00
2020/06/12,8.32,8.47,8.26,8.38,9666400,112966704.00
2020/06/15,8.32,8.99,8.28,8.62,18644430,225390944.00
2020/06/16,8.70,8.83,8.56,8.71,11899568,143458240.00
2020/06/17,8.78,9.43,8.48,9.24,23643200,293939456.00
2020/06/18,9.15,10.05,9.12,9.63,28859070,383573536.00
2020/06/19,9.62,9.75,9.25,9.53,16114800,213229728.00
2020/06/22,9.52,9.74,9.36,9.47,13005200,171258080.00
2020/06/23,9.45,9.46,9.13,9.20,11102384,142251856.00
2020/06/24,9.16,9.52,9.09,9.37,11164238,143809536.00
2020/06/29,9.24,9.58,9.13,9.15,10573600,136159696.00
2020/06/30,9.20,9.26,8.93,8.98,13276684,166491392.00
2020/07/01,8.98,9.12,8.89,9.12,8860927,110928416.00
2020/07/02,9.10,9.26,9.02,9.16,10282241,130237504.00
2020/07/03,9.16,9.25,9.04,9.17,9811522,124134848.00
2020/07/06,9.17,9.58,9.17,9.53,15971742,208571952.00
2020/07/07,9.61,9.75,9.33,9.55,16941173,223694304.00
2020/07/08,9.54,10.05,9.47,9.90,16934584,229788976.00
2020/07/09,9.88,10.15,9.72,10.10,17055559,233473920.00
2020/07/10,10.01,10.04,9.54,9.58,15809424,213786976.00
2020/07/13,9.55,10.35,9.55,10.27,16988769,234953920.00
2020/07/14,10.21,10.43,9.91,10.28,14718123,205768064.00
2020/07/15,10.28,10.33,9.78,9.92,12508309,172605648.00
2020/07/16,9.82,10.03,9.15,9.35,9536000,126383008.00
2020/07/17,9.38,9.54,9.10,9.15,8231909,104791688.00
2020/07/20,9.26,9.68,9.20,9.65,7965509,103782416.00
2020/07/21,9.65,9.74,9.43,9.55,6868209,89962856.00
2020/07/22,9.58,9.66,9.45,9.55,5550000,72693760.00
2020/07/23,9.47,9.53,9.08,9.28,8473164,107570456.00
2020/07/24,9.26,9.38,8.65,8.81,9155084,112704352.00
2020/07/27,8.81,8.89,8.62,8.70,5306884,63764156.00
2020/07/28,8.83,9.12,8.76,8.98,6494103,80003096.00
2020/07/29,8.98,9.09,8.85,9.08,5162540,63816904.00
2020/07/30,9.08,9.65,8.99,9.65,12519348,160006752.00
2020/07/31,9.55,10.58,9.50,10.13,25211498,346604672.00
2020/08/03,10.27,10.89,10.27,10.65,21919684,317434752.00
2020/08/04,10.57,11.52,10.49,11.28,22514236,339573152.00
2020/08/05,11.05,11.27,10.82,11.13,13680529,205276528.00
2020/08/06,11.08,11.50,11.03,11.29,14453725,220513456.00
2020/08/07,11.32,12.09,11.18,11.60,16771835,265422896.00
2020/08/10,11.63,11.95,11.12,11.26,14585800,226546304.00
2020/08/11,11.29,11.65,10.96,11.02,11939644,182245504.00
2020/08/12,11.02,11.17,10.58,10.85,10482700,154452320.00
2020/08/13,10.92,11.62,10.92,11.08,10188391,154991008.00
2020/08/14,10.97,11.05,10.66,11.04,6363391,93911232.00
2020/08/17,11.12,11.72,11.10,11.38,9148400,141579216.00
2020/08/18,11.45,11.71,11.29,11.34,7927200,122958488.00
2020/08/19,11.40,11.42,10.85,10.85,9729040,146057648.00
2020/08/20,10.71,11.01,10.64,10.78,7022300,102885792.00
2020/08/21,10.70,10.85,10.62,10.80,6345600,92517976.00
2020/08/24,10.78,11.08,10.34,11.02,8123700,118290800.00
2020/08/25,11.03,11.31,10.83,11.07,7643550,114863904.00
2020/08/26,11.12,11.14,10.59,10.79,6706953,99090736.00
2020/08/27,10.82,11.59,10.63,11.51,10204700,155497600.00
2020/08/28,11.62,11.64,11.16,11.40,8487507,130645000.00
2020/08/31,11.02,11.02,10.24,10.24,21297020,306160320.00
2020/09/01,10.25,10.39,10.03,10.15,8428066,116807144.00
2020/09/02,10.22,10.27,9.97,10.18,7157042,98728952.00
2020/09/03,10.15,10.27,10.02,10.04,5051742,69530080.00
2020/09/04,9.85,9.85,9.52,9.67,8293900,109491424.00
2020/09/07,9.75,9.75,9.32,9.38,7211158,93727744.00
2020/09/08,9.35,9.56,9.27,9.49,5130400,66112376.00
2020/09/09,9.42,9.47,9.00,9.00,6983100,88002528.00
2020/09/10,9.12,9.16,8.71,8.79,5274000,64452952.00
2020/09/11,8.74,9.12,8.63,9.01,9141100,110653832.00
2020/09/14,9.05,9.38,8.88,9.07,8283986,103038448.00
2020/09/15,8.99,9.06,8.84,8.92,4178424,51033616.00
2020/09/16,8.93,9.09,8.82,9.02,4354579,53579188.00
2020/09/17,8.95,9.08,8.89,8.97,3725700,45887668.00
2020/09/18,9.08,9.56,9.08,9.53,10970514,140690160.00
2020/09/21,9.65,9.69,9.39,9.48,6229900,80737568.00
2020/09/22,9.33,9.43,9.22,9.28,3905152,49771036.00
2020/09/23,9.32,9.57,9.17,9.43,4580100,58632392.00
2020/09/24,9.33,9.57,9.21,9.22,4854352,62111040.00
2020/09/25,9.23,9.29,8.89,9.01,4612152,57042300.00
2020/09/28,8.98,9.10,8.92,8.98,2467466,30411516.00
2020/09/29,9.05,9.12,8.94,8.98,2611400,32277356.00
2020/09/30,9.08,9.41,8.92,9.19,5368744,67422024.00
2020/10/09,9.58,9.82,9.42,9.72,11156849,147660560.00
2020/10/12,9.73,9.81,9.62,9.78,9572430,127261104.00
2020/10/13,9.71,9.95,9.62,9.81,8076100,108245384.00
2020/10/14,9.72,10.24,9.65,10.22,13795779,189056976.00
2020/10/15,10.28,10.40,9.95,9.97,10061497,138504464.00
2020/10/16,9.99,10.32,9.87,10.17,9130697,126541992.00
2020/10/19,10.18,10.18,9.76,9.80,7250197,98387096.00
2020/10/20,9.83,10.02,9.75,10.01,5101597,68946248.00
2020/10/21,10.01,10.01,9.58,9.68,6482300,86049000.00
2020/10/22,9.61,9.74,9.47,9.59,3324500,43446024.00
2020/10/23,9.58,9.78,9.55,9.59,3590500,47435016.00
2020/10/26,9.50,9.65,9.29,9.62,3638700,47349756.00
2020/10/27,9.62,9.62,9.35,9.46,3115500,40391244.00
2020/10/28,9.46,9.54,9.26,9.43,3414500,43888432.00
2020/10/29,9.25,9.48,9.20,9.42,3322979,42592312.00
2020/10/30,9.34,9.34,8.45,8.49,13218179,160200128.00
2020/11/02,8.42,8.48,8.15,8.27,4964975,56776720.00
2020/11/03,8.32,8.63,8.27,8.55,4670286,54561440.00
2020/11/04,8.65,8.66,8.40,8.50,2999212,35058052.00
2020/11/05,8.57,8.69,8.47,8.63,3519912,41599480.00
2020/11/06,8.66,8.75,8.57,8.63,2942798,34924056.00
2020/11/09,8.66,8.96,8.62,8.85,3896893,47139880.00
2020/11/10,8.89,8.92,8.67,8.71,2982400,35880040.00
2020/11/11,8.68,8.74,8.52,8.56,2774000,32791820.00
2020/11/12,8.57,8.68,8.49,8.52,1997500,23469640.00
2020/11/13,8.45,8.55,8.36,8.54,1801900,20958764.00
2020/11/16,8.57,8.73,8.46,8.67,2902200,34337612.00
2020/11/17,8.66,8.66,8.55,8.58,2058701,24277832.00
2020/11/18,8.58,8.66,8.53,8.64,1999900,23674560.00
2020/11/19,8.65,8.65,8.52,8.63,1922800,22693128.00
2020/11/20,8.64,8.69,8.57,8.68,2099165,24897462.00
2020/11/23,8.72,8.83,8.64,8.78,3220500,38600312.00
2020/11/24,8.78,8.92,8.74,8.84,3648300,44349648.00
2020/11/25,8.85,8.94,8.71,8.72,2912600,35315552.00
2020/11/26,8.67,8.88,8.65,8.81,2992000,36160000.00
2020/11/27,8.78,8.80,8.60,8.68,2541800,30323778.00
2020/11/30,8.68,8.74,8.63,8.65,1936700,23120456.00
2020/12/01,8.62,8.68,8.57,8.65,2454801,29075268.00
2020/12/02,8.66,8.66,8.59,8.62,2092416,24806086.00
2020/12/03,8.61,8.65,8.49,8.62,2282600,26879456.00
2020/12/04,8.65,8.66,8.59,8.63,1526300,18090504.00
2020/12/07,8.62,8.63,8.44,8.45,2334700,27309660.00
2020/12/08,8.45,8.48,8.37,8.38,1837600,21283444.00
2020/12/09,8.44,8.45,8.12,8.14,3099200,35184880.00
2020/12/10,8.14,8.28,8.05,8.20,1791900,20179252.00
2020/12/11,8.20,8.25,7.99,8.08,2298100,25677656.00
2020/12/14,8.08,8.32,8.08,8.29,2812816,31961818.00
2020/12/15,8.33,8.34,8.23,8.28,1624016,18504522.00
2020/12/16,8.29,8.50,8.24,8.39,3247084,37529180.00
2020/12/17,8.39,8.44,8.15,8.32,2875730,32765966.00
2020/12/18,8.37,9.18,8.34,8.86,9769126,118857864.00
2020/12/21,8.89,9.48,8.88,9.32,11463124,145191008.00
2020/12/22,9.29,9.51,8.94,8.94,10313326,129976312.00
2020/12/23,8.99,9.60,8.99,9.60,16511477,213248704.00
2020/12/24,9.80,9.94,9.35,9.52,14293733,187322016.00
2020/12/25,9.58,10.07,9.28,10.05,17634625,235579568.00
2020/12/28,10.05,10.16,9.66,9.91,13936700,187477808.00
2020/12/29,9.91,9.91,9.06,9.07,12144243,155952896.00
2020/12/30,9.08,9.58,9.08,9.27,8613829,110109024.00
2020/12/31,9.29,9.68,9.28,9.42,9349800,121808072.00
2021/01/04,9.48,9.89,9.38,9.80,11817800,157472928.00
2021/01/05,9.72,9.74,9.28,9.53,9422647,122505792.00
2021/01/06,9.54,9.55,9.18,9.29,6832526,86615584.00
2021/01/07,9.22,9.65,9.22,9.41,9279147,120126088.00
2021/01/08,9.28,9.40,8.99,9.38,7065826,89031160.00
2021/01/11,9.35,9.35,8.71,8.79,9185400,113424240.00
2021/01/12,8.69,8.88,8.58,8.65,6101523,72665056.00
2021/01/13,8.66,8.80,8.45,8.66,4541130,53860616.00
2021/01/14,8.52,8.62,8.31,8.38,4216428,48816872.00
2021/01/15,8.45,8.62,8.39,8.61,3166123,37192952.00
2021/01/18,8.62,8.79,8.39,8.68,3301428,39441144.00
2021/01/19,8.68,8.75,8.49,8.52,3277350,38706780.00
2021/02/01,8.95,8.95,8.56,8.79,5616589,67570168.00
2021/02/02,8.68,8.78,8.43,8.45,3875150,45404932.00
2021/02/03,8.36,8.46,7.82,7.85,5393353,60008368.00
2021/02/04,7.81,7.85,7.25,7.38,4832500,50096612.00
2021/02/05,7.40,7.49,7.15,7.15,2977456,30082906.00
2021/02/08,7.19,7.32,7.09,7.15,1813858,18044256.00
2021/02/09,7.15,7.38,7.15,7.34,2017300,20399796.00
2021/02/10,7.33,7.39,7.24,7.28,1992226,20175972.00
2021/02/18,7.35,7.56,7.35,7.55,2623273,27198102.00
2021/02/19,7.55,7.77,7.45,7.75,2132900,22569894.00
2021/02/22,7.78,7.98,7.71,7.80,2830700,30759588.00
2021/02/23,7.99,8.32,7.97,8.17,5079305,57272800.00
2021/02/24,8.08,8.08,7.87,7.97,3564547,39297724.00
2021/02/25,7.98,8.08,7.82,7.84,1872747,20366736.00
2021/02/26,7.75,8.02,7.72,7.95,2385000,26031456.00
2021/03/01,7.95,8.07,7.95,8.07,2065328,22818248.00
2021/03/02,8.11,8.29,8.07,8.14,2849200,32082004.00
2021/03/03,8.08,8.18,8.03,8.16,2593000,28922888.00
2021/03/04,8.12,8.26,8.08,8.14,2196400,24685420.00
2021/03/05,8.16,8.22,8.05,8.10,1960300,21978668.00
2021/03/08,8.11,8.96,8.05,8.60,8511015,99674592.00
2021/03/09,8.42,8.48,7.86,8.02,5442603,61441704.00
2021/03/10,8.19,8.20,7.78,7.88,3609200,39822116.00
2021/03/11,7.85,8.08,7.74,8.04,3435150,37630160.00
2021/03/12,8.10,8.74,8.08,8.57,9406100,109281856.00
2021/03/15,8.57,8.99,8.38,8.70,8990800,107855264.00
2021/03/16,8.70,9.12,8.68,9.05,10907853,134474160.00
2021/03/17,8.89,8.92,8.62,8.70,7015540,84204992.00
2021/03/18,8.80,9.28,8.77,9.02,11988810,149156256.00
2021/03/19,8.74,9.61,8.70,9.28,15938133,203220384.00
2021/03/22,9.49,10.18,9.35,10.01,19654065,263480496.00
2021/03/23,9.94,9.94,9.39,9.50,14034760,183594624.00
2021/03/24,9.42,9.95,9.28,9.65,12350587,163760880.00
2021/03/25,9.61,9.61,8.84,8.98,13237387,164951296.00
2021/03/26,9.10,9.93,9.05,9.93,18608192,248076912.00
2021/03/29,10.12,10.35,9.70,9.75,27303991,372819008.00
2021/03/30,9.78,9.87,9.22,9.33,15867550,203354976.00
2021/03/31,9.28,9.87,9.15,9.51,16043030,209264832.00
2021/04/01,9.42,10.51,9.20,10.51,23615042,331670688.00
2021/04/02,11.34,11.61,10.95,11.61,15253498,237901536.00
2021/04/06,11.83,12.82,11.61,12.82,54502308,913657728.00
2021/04/07,12.43,13.18,12.05,12.12,53714855,901095616.00
2021/04/08,11.69,11.73,10.86,10.86,37418038,564698496.00
2021/04/09,10.45,10.91,10.45,10.53,23296525,336672416.00
2021/04/12,10.74,11.35,10.36,10.94,28090855,414964064.00
2021/04/13,10.58,10.62,9.89,10.16,22513550,313016160.00
2021/04/14,10.01,10.08,9.75,9.98,13029623,176328112.00
2021/04/15,9.97,10.12,9.59,9.65,13883000,184654944.00
2021/04/16,9.65,9.78,9.53,9.70,9073900,119717752.00
2021/04/19,9.65,9.86,9.53,9.75,10021300,133457520.00
2021/04/20,9.79,10.57,9.67,10.20,22385827,310261504.00
2021/04/21,10.05,10.13,9.75,9.76,13022874,175302384.00
2021/04/22,9.77,9.93,9.53,9.61,9699800,128203272.00
2021/04/23,9.64,9.73,9.30,9.38,9327466,120252288.00
2021/04/26,9.37,9.49,9.22,9.40,6540929,83940488.00
2021/04/27,9.14,9.14,8.68,8.80,12633314,153300112.00
2021/04/28,8.80,9.04,8.75,8.96,7096266,86916688.00
2021/04/29,8.88,8.97,8.78,8.82,5862100,71295424.00
2021/04/30,8.83,8.92,8.70,8.75,4720827,56932224.00
2021/05/06,8.70,9.06,8.65,8.86,6637100,80876408.00
2021/05/07,8.92,9.39,8.85,9.12,11538575,144311808.00
2021/05/10,9.14,9.39,8.92,9.35,10706693,135415696.00
2021/05/11,9.25,9.72,9.17,9.46,12387076,161462576.00
2021/05/12,9.38,9.39,9.20,9.35,7639400,97098872.00
2021/05/13,9.28,9.38,9.12,9.13,6611150,83395352.00
2021/05/14,9.35,9.82,9.28,9.56,13063376,171448416.00
2021/05/17,9.50,9.60,9.40,9.40,7748500,100374008.00
2021/05/18,9.26,9.46,9.08,9.46,8299000,105264208.00
2021/05/19,9.41,9.77,9.35,9.74,12021676,158616384.00
2021/05/20,9.67,10.10,9.53,9.91,15579500,210238304.00
2021/05/21,9.97,10.18,9.76,10.05,14178198,193772912.00
2021/05/24,10.05,10.24,9.82,9.91,9832100,133559528.00
2021/05/25,9.83,9.83,9.50,9.72,10463000,137995104.00
2021/05/26,9.72,9.88,9.67,9.74,8526410,113604784.00
2021/05/27,9.68,9.79,9.60,9.63,6844400,90276840.00
2021/05/28,9.63,9.72,9.52,9.55,5713200,74956800.00
2021/05/31,9.57,9.89,9.48,9.89,9593459,127419904.00
2021/06/01,9.81,9.84,9.61,9.71,6955529,92133760.00
2021/06/02,9.66,9.97,9.55,9.94,10720806,143441184.00
2021/06/03,9.87,10.32,9.85,10.08,14920584,205611712.00
2021/06/04,9.91,9.98,9.65,9.76,9292983,124032384.00
2021/06/07,9.71,10.02,9.66,10.02,7659383,103053640.00
2021/06/08,9.92,10.17,9.80,9.88,6707208,90909272.00
2021/06/09,9.88,10.26,9.66,10.22,14588618,200720000.00
2021/06/10,10.22,10.22,10.02,10.04,8290400,113978480.00
2021/06/11,10.01,10.28,9.84,9.85,9957200,136835872.00
2021/06/15,9.79,9.80,9.13,9.18,11595968,148673664.00
2021/06/16,9.17,9.18,8.84,8.91,5857100,72135072.00
2021/06/17,8.92,9.08,8.91,8.95,4042424,49796332.00
2021/06/18,8.88,9.20,8.58,9.10,8102624,98394744.00
2021/06/21,9.15,9.34,8.97,9.32,5728329,72319352.00
2021/06/22,9.27,9.42,9.25,9.38,5397500,69021920.00
2021/06/23,9.46,9.60,9.28,9.30,6239800,79573680.00
2021/06/24,9.35,9.59,9.32,9.39,7296214,93335968.00
2021/06/25,9.34,9.35,9.12,9.22,5689814,70919192.00
2021/06/28,9.22,10.18,9.22,10.18,17420530,235767728.00
2021/06/29,10.58,10.82,9.96,9.98,25168564,350217408.00
2021/06/30,10.07,10.15,9.78,9.79,13475424,180332720.00
2021/07/01,9.97,10.00,9.58,9.67,11175600,146943248.00
2021/07/02,9.67,9.76,9.45,9.62,7985600,103829264.00
2021/07/05,9.62,9.89,9.56,9.80,7111100,93472160.00
2021/07/06,9.79,10.22,9.58,10.18,14449237,194909760.00
2021/07/07,10.12,10.34,9.95,10.13,10939000,149384416.00
2021/07/08,10.25,10.46,10.05,10.15,9900030,136119888.00
2021/07/09,10.08,10.34,9.95,10.25,8609085,118276536.00
2021/07/12,10.27,10.34,10.08,10.11,7702942,105538184.00
2021/07/13,10.07,11.00,10.03,10.90,19746627,282216416.00
2021/07/14,10.85,11.52,10.75,10.85,18417872,272699040.00
2021/07/15,10.87,10.93,10.33,10.58,11764342,166513216.00
2021/07/16,10.62,10.90,10.45,10.50,10447582,149414448.00
2021/07/19,10.47,10.60,10.37,10.53,7369600,104250696.00
2021/07/20,10.38,10.38,10.12,10.32,7215133,99799440.00
2021/07/21,10.30,10.54,10.28,10.41,5318400,74634056.00
2021/07/22,10.43,10.85,10.34,10.73,10384243,149496160.00
2021/07/23,10.66,10.85,10.56,10.72,9010400,129724352.00
2021/07/26,10.71,10.81,10.03,10.15,11151550,156443984.00
2021/07/27,10.14,10.75,10.06,10.23,10763818,151192720.00
2021/07/28,10.22,10.22,9.44,9.55,9424217,123081600.00
2021/07/29,9.69,10.03,9.69,9.97,7029617,93837976.00
2021/07/30,10.05,11.01,10.05,11.01,22303769,324703360.00
2021/08/02,11.15,11.22,10.82,10.98,22803790,336919648.00
2021/08/03,10.95,11.18,10.83,10.98,13603260,201102720.00
2021/08/04,10.88,11.46,10.81,11.17,14737980,221172496.00
2021/08/05,11.25,11.45,10.96,11.08,12425952,186353392.00
2021/08/06,10.97,11.43,10.71,11.32,15770200,238828736.00
2021/08/09,11.35,11.68,11.01,11.54,16308456,249116720.00
2021/08/10,11.43,11.48,11.12,11.32,12362692,188009424.00
2021/08/11,11.18,11.52,11.16,11.35,12649423,192973776.00
2021/08/12,11.53,11.82,11.19,11.22,14764300,226464384.00
2021/08/13,11.22,11.46,11.09,11.25,11305819,171439424.00
2021/08/16,11.28,11.81,10.91,11.48,15043583,228898288.00
2021/08/17,11.54,11.59,10.67,10.69,15511699,229520944.00
2021/08/19,11.16,11.26,10.30,10.65,10808133,157109984.00
2021/08/20,10.38,10.62,10.22,10.59,6715691,94592840.00
2021/08/23,10.52,11.69,10.52,11.69,17574010,266372448.00
2021/08/24,11.92,12.16,11.62,12.02,19929542,317980544.00
2021/08/25,11.98,12.87,11.78,12.85,18686489,309410112.00
2021/08/26,12.55,12.70,12.17,12.32,11912917,198279472.00
2021/08/27,12.26,12.58,12.13,12.29,8316572,137211424.00
2021/08/30,12.08,12.82,11.82,12.82,13851167,230398656.00
2021/08/31,12.65,12.85,12.31,12.62,9269260,155241792.00
2021/09/01,12.42,12.78,12.01,12.23,8212456,135688832.00
2021/09/02,12.08,13.49,12.05,13.49,11668935,206364864.00
2021/09/03,14.24,14.68,13.67,13.78,26929312,505162048.00
2021/09/06,13.99,14.51,13.24,14.00,17004418,313791072.00
2021/09/07,13.93,14.51,13.86,14.32,15438344,292515136.00
2021/09/08,14.82,15.44,14.13,14.41,19649310,386184672.00
2021/09/09,14.25,14.28,13.70,13.89,12636090,234372400.00
2021/09/10,13.88,14.12,13.55,13.84,8800427,162245584.00
2021/09/13,14.00,14.73,13.71,14.73,12834692,245127392.00
2021/09/14,14.70,14.70,13.62,13.66,11763525,221526688.00
2021/09/15,13.56,15.07,13.30,15.07,13716813,267715456.00
2021/09/16,15.24,16.00,14.76,15.72,22399337,460358560.00
2021/09/17,15.38,17.32,15.28,16.78,23714574,519090912.00
2021/09/22,17.01,18.49,16.28,18.49,26490613,631671104.00
2021/09/23,19.08,20.38,18.99,19.69,35491837,926577600.00
2021/09/24,19.17,21.70,18.97,21.70,28365160,772872448.00
2021/09/27,22.05,23.47,19.51,20.51,36929624,1030179328.00
2021/09/28,20.26,21.41,18.42,21.15,34810158,939477568.00
2021/09/29,19.66,20.70,18.99,18.99,17633019,459517568.00
2021/09/30,17.70,20.77,17.28,20.68,38104499,937212352.00
2021/10/08,19.89,20.08,18.58,19.08,25414221,644471680.00
2021/10/11,19.06,19.35,17.51,18.17,24999196,612042752.00
2021/10/12,18.17,18.55,17.10,17.81,17658885,415064224.00
2021/10/13,17.47,17.78,16.02,16.43,20549715,450805024.00
2021/10/14,16.32,17.18,16.08,16.86,15057526,335901248.00
2021/10/15,17.18,17.23,15.95,16.75,12153118,270259904.00
2021/10/18,17.15,18.46,17.15,18.46,13465750,321757920.00
2021/10/19,18.85,19.79,18.08,19.35,23888950,605132096.00
2021/10/20,18.93,21.14,18.08,20.28,24769150,651063232.00
2021/10/21,20.28,20.38,19.34,19.43,16008219,417780544.00
2021/10/22,19.29,19.62,18.56,18.82,14891360,373498720.00
2021/10/25,18.95,20.75,18.82,20.18,19090200,498377920.00
2021/10/26,19.91,22.23,19.85,22.23,25757927,744948736.00
2021/10/27,22.25,24.49,21.32,24.49,23684334,729881152.00
2021/10/28,24.72,24.88,22.46,22.48,29597620,911984896.00
2021/10/29,22.71,22.93,20.97,21.65,22249333,637838784.00
2021/11/01,21.79,23.23,21.15,22.47,22708420,669722624.00
2021/11/02,22.20,22.21,20.38,21.18,21775354,611572480.00
2021/11/03,21.01,21.10,20.16,20.74,13539380,369294784.00
2021/11/04,20.74,22.28,20.74,21.75,18054280,518862560.00
2021/11/05,21.47,21.57,20.15,20.16,14057380,384830464.00
2021/11/08,20.01,20.85,19.88,20.83,11093600,299390080.00
2021/11/09,21.62,22.85,20.68,21.16,19325460,555317312.00
2021/11/10,20.62,21.82,20.11,21.78,12969300,358501632.00
2021/11/11,21.52,21.84,20.93,21.39,9751800,275678784.00
2021/11/12,21.48,22.09,21.01,21.93,12726680,365623936.00
2021/11/15,21.97,21.97,20.13,21.32,12818957,353434560.00
2021/11/16,20.85,21.76,20.45,21.08,10083620,282191616.00
2021/11/17,21.08,21.82,20.58,21.29,11745160,332456384.00
2021/11/18,21.25,23.12,20.62,22.58,22931700,676514816.00
2021/11/19,22.58,22.58,21.39,22.08,14712602,426398400.00
2021/11/22,21.95,24.32,21.95,23.70,19611016,606060160.00
2021/11/23,23.68,23.69,22.59,22.75,11600800,350074784.00
2021/11/24,23.01,23.08,21.43,22.29,14201817,414825184.00
2021/11/25,22.01,22.60,21.16,21.36,10631900,303839264.00
2021/11/26,21.13,21.13,20.38,20.53,8618046,235620544.00
2021/11/29,19.90,21.38,19.61,20.91,11544170,314739712.00
2021/11/30,20.70,21.38,20.32,20.51,7766537,213623600.00
2021/12/01,20.39,20.98,20.06,20.71,7621837,206437840.00
2021/12/02,20.47,20.65,19.92,20.12,5387200,144919856.00
2021/12/03,20.12,21.47,20.11,21.19,13235151,368147904.00
2021/12/06,21.36,22.05,20.43,20.60,11843935,330633152.00
2021/12/07,20.61,20.98,19.95,20.58,7753779,209290480.00
2021/12/08,20.70,21.30,20.59,20.85,9306200,258952816.00
2021/12/09,20.72,21.16,20.44,20.95,8298952,228193104.00
2021/12/10,20.80,21.21,20.48,20.85,5896500,162937104.00
2021/12/13,20.87,22.97,20.87,22.97,16738838,501102464.00
2021/12/14,23.36,24.47,22.25,22.95,26506568,816788480.00
2021/12/15,22.95,23.45,22.15,22.81,12574018,378470240.00
2021/12/16,22.36,24.01,22.05,23.32,13378400,406322656.00
2021/12/17,23.31,25.68,23.11,24.93,26894134,898933184.00
2021/12/20,24.77,25.82,22.42,22.63,24036500,763421120.00
2021/12/21,22.28,23.32,21.97,22.16,14998272,444912992.00
2021/12/22,22.26,22.54,21.65,21.70,8757682,253563696.00
2021/12/23,21.84,23.91,21.73,23.91,12020311,366984448.00
2021/12/24,24.30,26.16,24.01,24.15,23407611,770287872.00
2021/12/27,24.49,24.98,23.47,23.65,11710550,372993536.00
2021/12/28,24.24,24.43,22.44,22.84,9742653,295182560.00
2021/12/29,22.93,23.07,21.61,21.97,11870661,346475328.00
2021/12/30,22.11,22.91,21.99,22.14,10769161,319048832.00
2021/12/31,22.18,22.69,21.03,21.52,16566183,475298368.00
2022/01/04,21.30,21.52,20.01,20.15,14339456,387943200.00
2022/01/05,20.05,20.07,18.10,18.34,15918536,394695104.00
2022/01/06,18.35,18.60,18.01,18.41,10687698,260236544.00
2022/01/07,18.42,18.51,17.39,17.48,11696149,275968864.00
2022/01/10,17.34,17.48,16.89,17.04,9123985,207505504.00
2022/01/11,17.11,17.29,16.33,16.51,12834900,285407392.00
2022/01/12,16.59,16.83,16.24,16.72,12022100,264219184.00
2022/01/13,16.62,16.64,16.05,16.10,10843881,234398576.00
2022/01/14,16.09,16.90,15.82,16.38,12824410,280589280.00
2022/01/17,16.38,16.95,16.24,16.45,8989385,197540672.00
2022/01/18,16.44,17.03,15.99,16.54,14285720,315257024.00
2022/01/19,16.58,16.91,15.89,16.16,13315457,289034016.00
2022/01/20,16.16,16.30,15.32,15.72,11944300,250316352.00
2022/01/21,15.85,16.75,15.44,16.39,16760599,363595712.00
2022/01/24,16.40,17.45,16.16,17.05,14241059,319657760.00
2022/01/25,16.85,17.08,15.97,15.99,8695300,190502272.00
2022/01/26,16.35,17.32,16.22,17.05,13215200,296367392.00
2022/01/27,17.03,17.32,16.62,17.01,8401600,189438352.00
2022/01/28,16.94,17.38,16.01,16.88,7693998,171098832.00
2022/02/07,17.12,18.61,17.10,18.61,14548600,349210944.00
2022/02/08,18.32,19.54,17.89,19.20,13177479,326334368.00
2022/02/09,19.08,20.13,18.62,18.93,12519395,319005184.00
2022/02/10,18.70,19.16,18.34,19.00,8014520,199052528.00
2022/02/11,18.71,18.75,17.93,17.93,7264566,176322352.00
2022/02/14,17.61,18.07,17.32,17.49,5548100,129719352.00
2022/02/15,17.70,18.44,17.43,18.39,7118420,170032416.00
2022/02/16,18.35,18.48,18.09,18.38,4605300,111881552.00
2022/02/17,18.39,18.54,18.02,18.05,5402720,130393352.00
2022/02/18,17.78,18.48,17.58,18.46,6173796,149743408.00
2022/02/21,18.27,18.45,17.94,18.25,4410558,105967360.00
2022/02/22,17.95,18.17,17.68,17.94,3678759,87395544.00
2022/02/23,18.08,18.41,18.05,18.33,4031900,97612496.00
2022/02/24,18.16,19.24,17.70,18.05,9618412,236622544.00
2022/02/25,18.21,19.89,17.55,19.18,17734634,441494400.00
2022/02/28,19.18,19.45,18.62,19.13,9880440,248487248.00
2022/03/01,18.93,19.38,18.78,18.94,6058462,153034592.00
2022/03/02,18.74,18.85,18.48,18.66,3920954,96808536.00
2022/03/03,18.77,18.93,18.42,18.47,3992928,98740568.00
2022/03/04,18.28,18.70,17.76,18.47,6933661,167415280.00
2022/03/07,18.24,18.72,17.72,18.08,4762502,114879568.00
2022/03/08,17.82,17.93,16.55,16.61,6745495,153239760.00
2022/03/09,16.75,17.12,15.93,16.67,5709101,126369248.00
2022/03/10,16.82,17.66,16.75,17.28,9173451,209760304.00
2022/03/11,17.18,17.21,16.29,16.53,7693938,170035248.00
2022/03/14,16.47,16.47,15.62,15.66,7542016,159242752.00
2022/03/15,15.55,15.64,14.65,14.74,6939419,139677856.00
2022/03/16,14.83,15.26,14.58,15.25,6298101,126022704.00
2022/03/17,15.28,15.70,15.26,15.26,6870400,141609648.00
2022/03/18,15.24,15.81,15.05,15.57,6178385,128246424.00
2022/03/21,15.58,15.80,15.15,15.33,6773561,138948672.00
2022/03/22,15.39,15.46,14.93,15.03,6954381,139745344.00
2022/03/23,15.39,16.21,15.16,15.72,12997471,272271456.00
2022/03/24,15.72,15.74,14.95,15.07,9923606,200560256.00
2022/03/25,14.98,15.00,14.16,14.19,12577304,242916736.00
2022/03/28,14.24,15.16,14.15,14.37,14066751,273238272.00
2022/03/29,14.23,14.87,14.23,14.46,8433646,162580112.00
2022/03/30,14.65,14.95,14.55,14.62,9196297,180021344.00
2022/03/31,14.43,14.58,14.22,14.35,6869846,131378144.00
2022/04/01,14.16,14.47,14.05,14.37,5223455,99454048.00
2022/04/06,14.24,14.31,14.01,14.15,5570931,105105216.00
2022/04/07,14.14,14.16,13.45,13.54,7352248,134242464.00
2022/04/08,13.48,13.73,13.15,13.28,5606826,100041800.00
2022/04/11,13.30,13.39,12.59,12.66,6347311,109120296.00
2022/04/12,12.42,12.77,12.25,12.59,5505068,92058200.00
2022/04/13,12.62,12.68,12.06,12.08,5276126,86669896.00
2022/04/14,12.18,12.22,11.85,11.92,5151638,82930160.00
2022/04/15,11.76,12.30,11.66,12.12,8329265,134857680.00
2022/04/18,12.05,12.41,11.72,12.30,6107928,99106016.00
2022/04/19,12.38,12.59,12.21,12.32,5284861,87600800.00
2022/04/20,12.32,12.42,11.96,12.05,4092049,66827632.00
2022/04/21,11.95,12.08,11.47,11.68,4442110,69950240.00
2022/04/22,11.48,12.34,11.39,12.07,7317404,116690064.00
2022/04/25,11.95,11.95,10.91,11.09,7511939,114496544.00
2022/04/26,11.62,11.78,11.02,11.08,9085540,139141184.00
2022/04/27,10.60,11.49,10.42,11.48,8032037,119266384.00
2022/04/28,11.08,11.08,10.32,10.48,13548382,193023536.00
2022/04/29,10.50,11.23,10.50,11.10,11930504,175508240.00
2022/05/05,11.01,11.40,10.94,11.16,6419408,96530512.00
2022/05/06,10.88,10.95,10.65,10.72,5242522,76019048.00
2022/05/09,10.70,10.92,10.46,10.62,7061500,101348456.00
2022/05/10,10.45,11.31,10.43,11.25,9673238,143294112.00
2022/05/11,11.32,12.41,11.25,11.96,18323359,295386720.00
2022/05/12,12.15,12.15,11.50,11.72,12852024,202972464.00
2022/05/13,11.75,11.90,11.52,11.72,6711173,105044440.00
2022/05/16,11.72,11.90,11.50,11.59,6134067,95939776.00
2022/05/17,11.64,12.31,11.55,12.02,11727272,187106144.00
2022/05/18,11.92,12.06,11.80,11.93,7441777,118947896.00
2022/05/19,11.73,12.98,11.65,12.82,18051919,302099840.00
2022/05/20,12.83,13.15,12.70,12.84,12395297,213615216.00
2022/05/23,12.98,13.07,12.54,12.78,6991465,118830488.00
2022/05/24,12.85,13.25,12.38,12.44,13108652,225396800.00
2022/05/25,12.65,13.08,12.24,13.05,10714188,182053008.00
2022/05/26,13.01,13.18,12.64,12.87,8729426,150437776.00
2022/05/27,12.78,12.92,12.45,12.74,7237579,122578320.00
2022/05/30,12.68,12.78,12.45,12.76,4933988,83462144.00
2022/05/31,12.87,13.25,12.71,12.99,9790243,169934752.00
2022/06/01,12.87,12.93,12.48,12.81,8583082,146280832.00
2022/06/02,12.82,13.11,12.70,13.06,8157016,141755344.00
2022/06/06,12.94,13.85,12.94,13.61,10402266,187042384.00
2022/06/07,13.61,13.82,13.14,13.30,8871845,158618000.00
2022/06/08,13.27,13.45,12.82,13.20,8179667,143666160.00
2022/06/09,13.31,13.59,12.90,12.92,7370680,130059112.00
2022/06/10,12.64,13.74,12.60,13.54,12526062,225545120.00
2022/06/13,13.49,13.49,13.10,13.25,7599627,135122880.00
2022/06/14,13.08,13.22,12.64,13.22,6508200,112738312.00
2022/06/15,13.11,13.68,12.97,13.25,10276131,183288624.00
2022/06/16,13.12,13.82,13.05,13.65,12097318,219628816.00
2022/06/17,13.51,13.89,13.33,13.68,9986215,181772224.00
2022/06/20,13.55,14.32,13.54,14.15,14837537,278496608.00
2022/06/21,14.32,15.08,13.92,14.92,22703428,439128192.00
2022/06/22,14.69,14.82,14.16,14.24,14453719,280156576.00
2022/06/23,14.29,14.80,14.02,14.55,11610347,223654288.00
2022/06/24,14.53,14.90,14.24,14.66,12732057,247876912.00
2022/06/27,14.82,14.90,14.26,14.35,11887446,229879856.00
2022/06/28,14.41,14.66,14.28,14.39,9627055,185590768.00
2022/06/29,14.31,14.43,13.81,13.82,10841848,203524496.00
2022/06/30,13.84,14.50,13.78,14.39,11725937,223184928.00
2022/07/01,14.41,14.93,14.02,14.15,12893537,248948128.00
2022/07/04,14.01,14.45,13.85,14.33,8270217,157564032.00
2022/07/05,14.25,14.51,13.92,14.08,10462945,197916064.00
2022/07/06,14.16,14.38,13.28,13.51,12290746,224575696.00
2022/07/07,13.51,14.22,13.33,13.98,11351509,210311200.00
2022/07/08,14.08,14.15,13.57,13.63,7627802,139939776.00
2022/07/11,13.67,13.82,13.32,13.49,6474426,117296184.00
2022/07/12,13.62,14.05,13.38,13.57,7662413,140560816.00
2022/07/13,13.55,14.70,13.38,14.46,21572089,411799968.00
2022/07/14,14.50,14.89,13.95,14.45,17001054,325738784.00
2022/07/15,14.45,14.92,14.26,14.58,14623949,285584736.00
2022/07/18,14.63,15.06,14.62,14.99,14501923,287632160.00
2022/07/19,14.92,14.98,14.48,14.57,10802779,211129552.00
2022/07/20,14.65,15.24,14.35,15.03,13447937,266165824.00
2022/07/21,15.03,15.45,14.86,14.95,13985328,281753408.00
2022/07/22,15.21,15.39,14.78,15.06,9461547,190021632.00
2022/07/25,15.03,15.08,14.40,14.55,6445193,126254656.00
2022/07/26,14.54,14.92,14.39,14.65,4623205,90216312.00
2022/07/27,14.78,14.78,14.24,14.54,5340081,102954016.00
2022/07/28,14.70,14.90,14.52,14.64,5379054,80787680.00
2022/07/29,14.52,15.58,14.44,15.24,17779289,274501184.00
2022/08/01,15.36,15.44,14.79,15.08,13416790,205764224.00
2022/08/02,15.08,15.08,13.54,13.85,20363311,290637056.00
2022/08/03,13.80,14.10,13.40,13.43,13030286,182219456.00
2022/08/04,13.62,13.69,13.21,13.63,7936826,109425616.00
2022/08/05,13.53,13.62,13.00,13.33,10829850,147307392.00
2022/08/08,13.32,13.34,13.04,13.19,9389924,126330560.00
2022/08/09,13.11,13.48,13.11,13.32,7811390,106335912.00
2022/08/10,13.32,13.32,12.88,12.96,9352101,124781384.00
2022/08/11,13.13,13.28,12.95,13.25,7185773,96440944.00
2022/08/12,13.20,13.35,13.11,13.19,6995549,94781392.00
2022/08/15,13.21,13.56,13.17,13.55,8602030,118042696.00
2022/08/16,13.68,13.99,13.60,13.80,10268030,144933984.00
2022/08/17,13.93,15.21,13.93,15.21,32423256,499048128.00
2022/08/18,15.31,15.92,14.83,14.92,48979591,768450240.00
2022/08/19,15.01,16.41,14.56,15.76,42495788,666913344.00
2022/08/22,15.61,16.04,15.09,15.49,25601579,403410176.00
2022/08/23,15.38,15.50,15.00,15.28,17828764,276846528.00
2022/08/24,15.27,15.27,14.39,14.42,18521614,277032352.00
2022/08/25,14.42,14.71,14.09,14.43,11148244,163731584.00
2022/08/26,14.40,14.83,14.22,14.49,9555960,141868240.00
2022/08/29,14.20,14.34,13.93,14.24,7670681,110941680.00
2022/08/30,14.33,14.53,14.11,14.23,7410477,108340272.00
2022/08/31,14.03,14.20,13.41,13.45,10294391,143621008.00
2022/09/01,13.39,13.54,13.01,13.03,10216149,137963792.00
2022/09/02,13.05,13.42,13.05,13.19,5742679,77377288.00
2022/09/05,13.20,13.44,13.05,13.30,5649026,76706632.00
2022/09/06,13.38,13.71,13.06,13.66,9188166,126420432.00
2022/09/07,13.49,13.92,13.46,13.88,8878948,124613464.00
2022/09/08,13.88,14.14,13.65,13.66,8254688,116900008.00
2022/09/09,13.69,13.79,13.38,13.65,4885345,67869344.00
2022/09/13,13.58,13.70,13.25,13.40,5312999,72856352.00
2022/09/14,13.15,13.29,12.91,13.17,6083424,81570176.00
2022/09/15,13.20,13.28,12.70,12.85,5496535,72884040.00
2022/09/16,12.92,12.92,12.52,12.53,5024350,65021788.00
2022/09/19,12.36,12.53,11.89,11.95,9571648,118430624.00
2022/09/20,12.13,12.47,12.05,12.42,5677572,71596728.00
2022/09/21,12.44,12.59,12.18,12.50,3907030,49721840.00
2022/09/22,12.41,12.68,12.34,12.41,3335559,42607336.00
2022/09/23,12.39,12.53,12.16,12.29,4294713,54196948.00
2022/09/26,12.20,12.35,11.98,12.05,3549894,44184388.00
2022/09/27,12.09,12.29,12.00,12.25,3279622,40849848.00
2022/09/28,12.22,12.33,11.76,11.77,3957904,48793428.00
2022/09/29,11.85,12.17,11.85,11.92,3865271,47399004.00
2022/09/30,11.96,11.96,11.70,11.84,2967250,36006832.00
2022/10/10,11.96,12.03,11.53,11.63,3302338,39839136.00
2022/10/11,11.65,11.87,11.50,11.85,2869044,34607672.00
2022/10/12,11.91,12.32,11.72,12.23,3429936,42069620.00
2022/10/13,12.11,12.40,12.06,12.37,4747268,59800780.00
2022/10/14,12.54,12.57,12.34,12.53,4150838,52998656.00
2022/10/17,12.42,12.59,12.21,12.49,4139631,52651948.00
2022/10/18,12.45,12.64,12.45,12.49,3452695,44266408.00
2022/10/19,12.41,12.56,12.31,12.40,3191524,40650860.00
2022/10/20,12.35,12.42,12.08,12.21,3079397,38628656.00
2022/10/21,12.28,12.74,12.23,12.60,7619123,97935104.00
2022/10/24,12.66,12.82,12.33,12.37,4771923,61332688.00
2022/10/25,12.17,12.72,12.17,12.61,4829711,62018808.00
2022/10/26,12.69,13.20,12.50,13.00,8520991,112264176.00
2022/10/27,12.93,13.10,12.81,12.82,5557059,73531184.00
2022/10/28,12.51,12.58,11.51,11.60,11504920,140146784.00
2022/10/31,11.30,11.49,11.21,11.40,6232659,72497560.00
2022/11/01,11.36,11.79,11.27,11.74,5868933,69994624.00
2022/11/02,11.70,11.89,11.62,11.75,5406717,65064912.00
2022/11/03,11.88,11.88,11.65,11.71,3649246,43981880.00
2022/11/04,11.72,12.09,11.65,12.05,5779112,70792424.00
2022/11/07,12.00,12.21,11.96,12.16,4439249,55109376.00
2022/11/08,12.17,12.28,12.02,12.18,3242498,40296844.00
2022/11/09,12.18,12.24,12.07,12.09,3097370,38511032.00
2022/11/10,12.03,12.14,11.92,12.08,3185103,39333376.00
2022/11/11,12.30,12.40,12.09,12.15,4355545,54401000.00
2022/11/14,12.15,12.19,11.93,11.95,3673528,45326656.00
2022/11/15,11.88,12.35,11.88,12.33,6799204,84968352.00
2022/11/16,12.46,13.40,12.36,12.99,16549529,221274928.00
2022/11/17,12.86,12.90,12.60,12.74,7525949,97917472.00
2022/11/18,12.73,13.07,12.70,12.94,7253371,95791944.00
2022/11/21,12.74,13.20,12.63,13.11,6503388,86553720.00
2022/11/22,13.11,13.11,12.70,12.75,4805486,63288456.00
2022/11/23,12.67,12.87,12.50,12.83,5348778,69516616.00
2022/11/24,12.83,12.95,12.72,12.79,2991238,39279288.00
2022/11/25,12.81,13.00,12.69,12.97,4316388,56944548.00
2022/11/28,12.70,13.03,12.61,13.00,3739563,49341376.00
2022/11/29,12.99,13.23,12.90,13.10,6175744,82573600.00
2022/11/30,13.10,13.15,12.91,12.99,3843340,51287452.00
2022/12/01,13.02,13.49,13.00,13.31,8184704,110692816.00
2022/12/02,13.25,13.47,13.13,13.26,4567845,62053220.00
2022/12/05,13.26,13.90,13.10,13.67,10133722,140235600.00
2022/12/06,13.67,13.67,13.30,13.35,5720591,78490048.00
2022/12/07,13.43,13.43,13.08,13.12,4252071,57310588.00
2022/12/08,13.07,13.20,12.94,13.06,3324786,44354032.00
2022/12/09,13.01,13.13,12.96,12.96,2883632,38430840.00
2022/12/12,13.00,13.01,12.58,12.66,4526920,58840716.00
2022/12/13,12.75,12.78,12.52,12.62,3450038,44503800.00
2022/12/14,12.62,12.68,12.53,12.58,1651630,21292828.00
2022/12/15,12.60,12.83,12.52,12.80,2839094,36919876.00
2022/12/16,12.71,12.83,12.60,12.60,2258930,29275492.00
2022/12/19,12.56,12.62,12.06,12.09,3549513,44565860.00
2022/12/20,12.08,12.43,12.01,12.28,2590828,32483428.00
2022/12/21,12.30,12.35,12.16,12.26,1463870,18355516.00
2022/12/22,12.29,12.33,11.90,11.97,2034243,25211496.00
2022/12/23,11.83,12.06,11.83,11.89,1313634,16066091.00
2022/12/26,12.01,12.14,11.91,12.08,1665771,20586204.00
2022/12/27,12.11,12.19,12.06,12.15,1456350,18082032.00
2022/12/28,12.09,12.65,12.03,12.41,5044139,64262656.00
2022/12/29,12.30,12.39,12.16,12.21,2330830,29261312.00
2022/12/30,12.25,12.67,12.18,12.63,4663910,59545256.00
2023/01/03,12.55,12.80,12.47,12.78,4256840,55250680.00
2023/01/04,12.71,12.83,12.49,12.60,3714488,48127520.00
2023/01/05,12.65,12.70,12.50,12.64,2855401,36790024.00
2023/01/06,12.62,12.93,12.60,12.78,5265918,68961160.00
2023/01/09,12.78,12.86,12.56,12.62,3517257,45709584.00
2023/01/10,12.62,12.64,12.45,12.49,3213951,41203820.00
2023/01/11,12.47,12.58,12.36,12.40,2946605,37624348.00
2023/01/12,12.42,12.59,12.30,12.32,2300317,29194180.00
2023/01/13,12.36,12.37,12.11,12.23,2652675,33195960.00
2023/01/16,12.18,12.49,12.17,12.44,2800088,35523136.00
2023/01/17,12.46,12.48,12.37,12.38,1450057,18437194.00
2023/01/18,12.39,12.45,12.36,12.39,1573590,19976686.00
2023/01/19,12.42,12.42,12.31,12.40,1657588,21025832.00
2023/01/20,12.60,12.75,12.50,12.73,4403797,57004792.00
2023/01/30,12.83,12.98,12.77,12.78,4832010,63568480.00
2023/01/31,12.80,12.88,12.74,12.88,3020688,39674520.00
2023/02/01,12.92,12.99,12.84,12.98,3388779,44824672.00
2023/02/02,12.98,12.98,12.83,12.88,3177584,41975720.00
2023/02/03,12.86,12.87,12.66,12.86,4214390,55023320.00
2023/02/06,12.83,12.96,12.76,12.86,2786549,36689252.00
2023/02/07,12.86,13.00,12.84,12.94,3694000,48865852.00
2023/02/08,12.94,13.00,12.88,12.89,2911717,38577668.00
2023/02/09,12.88,13.27,12.86,13.18,5972621,79988544.00
2023/02/10,13.18,13.23,13.03,13.22,4775288,64276088.00
2023/02/13,13.22,13.38,13.13,13.19,4810818,65091080.00
2023/02/14,13.23,13.29,13.16,13.24,3248940,43932868.00
2023/02/15,13.27,13.28,13.15,13.23,2671075,36113172.00
2023/02/16,13.27,13.28,12.77,12.88,5047379,67417928.00
2023/02/17,12.90,13.03,12.84,12.86,3380306,44722456.00
2023/02/20,12.88,13.02,12.77,12.99,2624178,34667076.00
2023/02/21,13.02,13.08,12.90,13.07,3062160,40757988.00
2023/02/22,12.99,13.16,12.93,12.99,2312504,30866278.00
2023/02/23,13.04,13.06,12.90,12.98,2151179,28552156.00
2023/02/24,12.99,12.99,12.83,12.88,1917900,25302812.00
2023/02/27,12.89,12.94,12.81,12.85,2219180,29224156.00
2023/02/28,12.85,12.97,12.81,12.92,1801739,23733552.00
2023/03/01,12.92,12.98,12.86,12.95,2851802,37740664.00
2023/03/02,12.92,13.05,12.87,12.88,2681592,35545604.00
2023/03/03,12.93,13.12,12.89,13.10,4619638,61672736.00
2023/03/06,13.10,13.15,13.00,13.13,3862787,51693520.00
2023/03/07,13.10,13.19,12.86,12.86,3770251,50196464.00
2023/03/08,12.81,12.92,12.79,12.84,2339654,30726144.00
2023/03/09,12.90,12.90,12.65,12.66,3249420,42323448.00
2023/03/10,12.62,12.65,12.43,12.57,2677670,34419232.00
2023/03/13,12.50,12.68,12.44,12.50,1991700,25545470.00
2023/03/14,12.47,12.62,12.25,12.42,2544020,32418390.00
2023/03/15,12.42,12.55,12.42,12.50,1858568,23776076.00
2023/03/16,12.52,12.54,12.25,12.27,2606788,33025832.00
2023/03/17,12.30,12.44,12.22,12.24,2386503,30109624.00
2023/03/20,12.25,12.27,12.08,12.16,1867631,23321372.00
2023/03/21,12.13,12.30,12.13,12.28,1575152,19749366.00
2023/03/22,12.29,12.46,12.29,12.38,1727690,21916752.00
2023/03/23,12.33,12.34,12.18,12.28,2149630,26969812.00
2023/03/24,12.29,12.41,12.26,12.41,1943370,24579852.00
2023/03/27,12.41,12.41,12.12,12.17,3116750,38940240.00
2023/03/28,12.44,12.44,12.14,12.18,2652398,33236564.00
2023/03/29,12.14,12.22,11.90,11.90,3418655,42057496.00
2023/03/30,11.99,12.06,11.86,12.05,1560244,19151150.00
2023/03/31,12.03,12.13,11.97,12.05,1778709,21970056.00
2023/04/03,12.04,12.23,12.02,12.20,2517565,31285816.00
2023/04/04,12.20,12.20,12.02,12.10,2157850,26730028.00
2023/04/06,12.05,12.09,11.98,11.98,1788610,22028344.00
2023/04/07,12.00,12.14,11.95,12.05,1841630,22795792.00
2023/04/10,12.06,12.27,12.02,12.21,3011149,37608364.00
2023/04/11,12.24,12.25,12.05,12.09,2284430,28338356.00
2023/04/12,12.07,12.17,12.01,12.05,1622185,20052316.00
2023/04/13,12.08,12.34,12.08,12.24,3984785,50057088.00
2023/04/14,12.25,12.35,12.19,12.33,3164322,39789696.00
2023/04/17,12.33,12.48,12.32,12.35,2680334,34004712.00
2023/04/18,12.36,12.40,12.23,12.30,2165928,27275804.00
2023/04/19,12.31,12.31,12.17,12.18,1882482,23569106.00
2023/04/20,12.18,12.18,11.92,11.98,2521326,30959804.00
2023/04/21,11.93,12.07,11.77,11.80,2839697,34660880.00
2023/04/24,11.77,11.88,11.70,11.84,1846712,22368492.00
2023/04/25,11.84,11.94,11.50,11.66,2507844,30089482.00
2023/04/26,11.75,12.07,11.72,12.07,3696706,45434600.00
2023/04/27,12.07,12.25,12.00,12.19,3096862,38603168.00
2023/04/28,12.20,12.27,12.13,12.21,3080853,38532612.00
2023/05/04,12.21,12.45,12.11,12.37,4137408,52301260.00
2023/05/05,12.40,12.45,12.26,12.43,3837337,48661816.00
2023/05/08,12.42,12.74,12.42,12.55,4139416,53315944.00
2023/05/09,12.69,12.69,12.33,12.36,3165470,40450648.00
2023/05/10,12.42,12.56,12.36,12.49,2718126,34688996.00
2023/05/11,12.51,12.75,12.45,12.69,3740073,48486668.00
2023/05/12,12.69,12.88,12.65,12.75,4948232,64668528.00
2023/05/15,12.74,13.03,12.70,12.93,6617400,87483304.00
2023/05/16,12.93,13.10,12.82,13.07,6931457,92200704.00
2023/05/17,13.08,13.09,12.82,12.99,5082164,67265576.00
2023/05/18,13.05,13.05,12.83,12.87,5099841,67299952.00
2023/05/19,12.89,12.92,12.72,12.74,3239300,42409324.00
2023/05/22,12.80,13.48,12.71,13.34,13925174,189027792.00
2023/05/23,13.33,13.64,12.95,12.95,10552477,142133152.00
2023/05/24,12.95,13.54,12.81,13.25,13030473,177630784.00
2023/05/25,13.15,14.60,13.11,14.19,29096913,416167840.00
2023/05/26,14.07,14.08,13.50,13.73,19352856,270971584.00
2023/05/29,13.55,14.52,13.44,14.28,20079348,287107232.00
2023/05/30,14.08,14.59,13.86,14.10,16014063,230559456.00
2023/05/31,13.89,13.90,13.57,13.59,12827221,179209968.00
2023/06/01,13.55,13.71,13.31,13.39,9143008,125862192.00
2023/06/02,13.46,13.62,13.34,13.43,7613230,104770600.00
2023/06/05,13.48,13.55,13.30,13.39,6296421,86350336.00
2023/06/06,13.32,13.35,12.91,12.96,8495825,113491776.00
2023/06/07,13.02,13.08,12.85,12.90,4715275,62547208.00
2023/06/08,12.81,13.00,12.79,12.92,3655220,48373104.00
2023/06/09,12.83,13.17,12.83,13.14,5102290,67969184.00
2023/06/12,13.10,13.26,12.92,12.94,4410034,58806396.00
2023/06/13,12.92,13.19,12.90,13.05,3773991,50433776.00
2023/06/14,13.09,13.11,12.81,12.85,4237388,55861928.00
2023/06/15,12.87,13.03,12.80,12.99,3193240,42314344.00
2023/06/16,13.02,13.24,13.01,13.21,4932860,66316536.00
2023/06/19,13.19,13.43,13.15,13.41,6004840,81736552.00
2023/06/20,13.43,13.43,13.15,13.17,3732850,50457208.00
2023/06/21,13.10,13.95,13.07,13.80,15512253,215742656.00
2023/06/26,13.81,14.27,13.71,14.20,18511786,266279728.00
2023/06/27,14.09,14.16,13.50,13.90,13356421,188830048.00
2023/06/28,13.90,14.40,13.80,14.01,12970480,187078800.00
2023/06/29,14.00,14.10,13.71,13.86,8550661,120865272.00
2023/06/30,13.86,13.89,13.58,13.70,7024190,98340712.00
2023/07/03,13.68,13.99,13.62,13.84,7660937,108149856.00
2023/07/04,13.90,13.90,13.61,13.69,5265571,73693088.00
2023/07/05,13.71,13.87,13.48,13.53,4687225,65337080.00
2023/07/06,13.45,13.64,13.45,13.47,2678100,36975032.00
2023/07/07,13.50,13.64,13.43,13.52,2852572,39047672.00
2023/07/10,13.67,13.93,13.48,13.55,4765190,65823940.00
2023/07/11,13.64,13.64,13.25,13.57,4134640,56125864.00
2023/07/12,13.65,14.05,13.49,13.93,11222640,156719712.00
2023/07/13,13.96,13.96,13.72,13.88,8073911,112772120.00
2023/07/14,13.79,13.84,13.43,13.47,7314720,100301688.00
2023/07/17,13.48,13.59,13.13,13.21,6186000,83003840.00
2023/07/18,13.26,13.32,13.06,13.32,4483166,59850704.00
2023/07/19,13.32,13.36,12.98,13.07,5013180,66392892.00
2023/07/20,13.03,13.13,12.83,12.86,4718050,61800280.00
2023/07/21,12.76,13.02,12.76,12.99,2468830,32264012.00
2023/07/24,13.02,13.03,12.86,12.92,2038310,26698174.00
2023/07/25,12.95,13.06,12.90,13.06,3112470,40915428.00
2023/07/26,13.08,13.10,12.96,13.01,1693850,22278012.00
2023/07/27,13.05,13.11,12.97,12.99,2034010,26812308.00
2023/07/28,12.99,13.06,12.76,13.04,2787800,36467652.00
2023/07/31,13.04,13.14,12.87,12.99,5612291,73903104.00
2023/08/01,12.96,13.19,12.93,13.10,3353111,44313048.00
2023/08/02,13.05,13.11,12.87,12.89,3438740,44969824.00
2023/08/03,12.91,12.95,12.78,12.80,2714372,35235360.00
2023/08/04,12.86,13.02,12.82,12.86,1920770,25040136.00
2023/08/07,12.86,12.90,12.75,12.88,2091350,27094628.00
2023/08/08,12.88,12.92,12.53,12.56,3833730,49016776.00
2023/08/09,12.55,12.59,12.48,12.53,1506392,19084400.00
2023/08/10,12.52,12.61,12.45,12.53,1341630,17027026.00
2023/08/11,12.51,12.53,12.30,12.33,2649122,33221346.00
2023/08/14,12.31,12.33,12.15,12.30,2396510,29681868.00
2023/08/15,12.33,12.45,12.27,12.36,2290470,28684796.00
2023/08/16,12.36,12.41,12.26,12.29,1322510,16508864.00
2023/08/17,12.26,12.35,12.15,12.34,1564130,19441088.00
2023/08/18,12.33,12.43,12.18,12.20,1489106,18536992.00
2023/08/21,12.25,12.33,12.15,12.16,1679760,20781564.00
2023/08/22,12.20,12.24,11.95,12.12,2480783,30361426.00
2023/08/23,12.08,12.19,12.03,12.05,1557960,19124800.00
2023/08/24,12.11,12.13,11.92,11.94,1717820,20843316.00
2023/08/25,11.90,12.12,11.88,11.95,1691531,20555588.00
2023/08/28,12.49,12.57,11.92,11.99,3112600,38399032.00
2023/08/29,11.95,12.21,11.95,12.16,2540960,31098856.00
2023/08/30,12.10,12.23,12.04,12.08,2426770,29805564.00
2023/08/31,12.05,12.12,11.98,12.04,1439360,17536052.00
2023/09/01,12.05,12.17,11.98,12.09,1759130,21528980.00
2023/09/04,12.13,12.19,11.97,12.19,2575126,31561808.00
2023/09/05,12.19,12.41,12.11,12.37,4002440,49866456.00
2023/09/06,12.32,12.39,12.20,12.27,2112650,26229588.00
2023/09/07,12.23,12.27,12.08,12.09,1715860,21110420.00
2023/09/08,12.05,12.16,12.01,12.12,1482507,18152874.00
2023/09/11,12.11,12.41,12.11,12.38,3423650,42750612.00
2023/09/12,12.34,12.93,12.34,12.60,8219800,105368464.00
2023/09/13,12.55,12.71,12.43,12.53,3676530,46754404.00
2023/09/14,12.62,12.67,12.49,12.60,2126153,27051416.00
2023/09/15,12.55,12.63,12.46,12.52,1620104,20525718.00
2023/09/18,12.44,12.54,12.37,12.52,1866710,23563778.00
2023/09/19,12.53,12.55,12.42,12.47,1120735,14169112.00
2023/09/20,12.42,12.46,12.30,12.32,1687017,21109884.00
2023/09/21,12.31,12.39,12.13,12.13,1328580,16427586.00
2023/09/22,12.11,12.21,12.09,12.16,1901084,23374508.00
2023/09/25,12.16,12.17,11.91,12.01,2558450,31083868.00
2023/09/26,12.00,12.04,11.92,11.98,1306961,15859893.00
2023/09/27,11.98,12.18,11.95,12.13,2357780,28946592.00
2023/09/28,12.13,12.22,12.05,12.12,2383530,29283546.00
2023/10/09,12.12,12.27,12.00,12.25,2604160,32009012.00
2023/10/10,12.25,12.65,12.20,12.49,7528985,95244504.00
2023/10/11,12.50,12.64,12.31,12.52,5495401,69337640.00
2023/10/12,12.69,12.85,12.55,12.81,5909042,76338656.00
2023/10/13,12.75,12.79,12.59,12.62,2727563,34942192.00
2023/10/16,12.60,12.88,12.55,12.67,3616960,46450516.00
2023/10/17,12.79,12.80,12.63,12.72,2065360,26578576.00
2023/10/18,12.72,12.72,12.31,12.32,3470390,43820844.00
2023/10/19,12.30,12.51,12.19,12.23,3218701,40155808.00
2023/10/20,12.25,12.35,12.09,12.12,2296650,28414620.00
2023/10/23,12.13,12.29,11.46,11.52,4102626,48996596.00
2023/10/24,11.55,11.65,11.15,11.55,3333227,38780128.00
2023/10/25,11.56,11.82,11.56,11.75,2305566,27409172.00
2023/10/26,11.66,12.02,11.66,11.99,3002430,36132912.00
2023/10/27,11.97,12.16,11.95,12.05,2890690,35330196.00
2023/10/30,11.91,12.00,11.48,11.52,8257515,97353664.00
2023/10/31,11.52,11.52,11.18,11.23,5210410,59558744.00
2023/11/01,11.22,11.33,11.14,11.30,3007370,34276896.00
2023/11/02,11.31,11.35,11.18,11.19,2148055,24471464.00
2023/11/03,11.23,11.49,11.18,11.34,3482699,40142892.00
2023/11/06,11.40,11.45,11.30,11.42,4308830,49600812.00
2023/11/07,11.40,11.40,11.25,11.37,3153323,36181280.00
2023/11/08,11.42,11.42,11.30,11.41,2656033,30572628.00
2023/11/09,11.39,11.55,11.33,11.49,4409540,51273424.00
2023/11/10,11.42,11.47,11.25,11.42,3652850,41923480.00
2023/11/13,11.40,11.59,11.32,11.42,3017200,34866888.00
2023/11/14,11.43,11.51,11.38,11.43,3060950,35455756.00
2023/11/15,11.44,11.64,11.40,11.55,4327070,50483312.00
2023/11/16,11.50,11.55,11.42,11.43,2019344,23470112.00
2023/11/17,11.45,11.48,11.37,11.43,2068970,23928284.00
2023/11/20,11.44,11.48,11.39,11.43,1504582,17414676.00
2023/11/21,11.43,11.46,11.38,11.40,2244280,25965008.00
2023/11/22,11.42,11.42,11.22,11.24,2338870,26805196.00
2023/11/23,11.23,11.36,11.21,11.34,1831988,20979660.00
2023/11/24,11.33,11.38,11.20,11.27,2064080,23565422.00
2023/11/27,11.26,11.32,11.17,11.29,1512545,17220232.00
2023/11/28,11.26,11.33,11.16,11.29,1935530,22097790.00
2023/11/29,11.25,11.31,11.19,11.23,1453970,16578575.00
2023/11/30,11.20,11.24,11.11,11.17,1613875,18248324.00
2023/12/01,11.13,11.25,11.13,11.20,1365619,15499296.00
2023/12/04,11.20,11.21,11.12,11.13,1645649,18595994.00
2023/12/05,11.12,11.12,10.70,10.72,3795185,41959304.00
2023/12/06,10.66,10.83,10.55,10.69,2061260,22369704.00
2023/12/07,10.71,10.72,10.61,10.66,1756783,19010784.00
2023/12/08,10.68,10.77,10.65,10.65,1584783,17205632.00
2023/12/11,10.70,10.77,10.49,10.75,2132404,22943726.00
2023/12/12,10.75,10.84,10.67,10.84,1323023,14461068.00
2023/12/13,10.84,10.87,10.75,10.76,1282590,14036900.00
2023/12/14,10.84,10.97,10.76,10.96,2784410,30779532.00
2023/12/15,10.99,12.07,10.93,12.07,11634393,139785408.00
2023/12/18,12.01,12.03,11.33,11.51,15292853,180418784.00
2023/12/19,11.61,11.62,11.15,11.27,7725774,88445712.00
2023/12/20,11.27,11.90,11.27,11.31,11251488,131095624.00
2023/12/21,11.31,11.88,10.78,11.46,12870869,146794208.00
2023/12/22,11.27,11.38,11.08,11.18,7533602,85411392.00
2023/12/25,11.13,11.16,10.86,10.92,4349655,48373784.00
2023/12/26,10.92,11.01,10.85,10.97,3501909,38858088.00
2023/12/27,10.90,10.98,10.60,10.73,4392437,47823984.00
2023/12/28,10.65,11.13,10.65,11.10,5818540,64722700.00
2023/12/29,11.03,11.13,11.00,11.06,3354759,37527760.00
2024/01/02,11.07,11.32,11.04,11.14,4285868,48610892.00
2024/01/03,11.09,11.28,11.08,11.27,3748590,42469712.00
2024/01/04,11.23,11.27,11.12,11.18,2639246,29889612.00
2024/01/05,11.17,11.29,10.94,11.00,3101200,34924480.00
2024/01/08,10.96,11.01,10.83,10.83,2583510,28579428.00
2024/01/09,10.78,11.00,10.78,10.86,2069490,22809592.00
2024/01/10,10.82,10.95,10.68,10.86,1833840,20152572.00
2024/01/11,10.86,10.96,10.81,10.89,1815792,20029028.00
2024/01/12,10.88,11.14,10.84,11.03,2970859,33228848.00
2024/01/15,10.97,11.03,10.87,10.88,1810310,20051740.00
2024/01/16,10.86,10.88,10.66,10.79,2264470,24721100.00
2024/01/17,10.75,10.87,10.59,10.59,1783240,19389612.00
2024/01/18,10.54,10.58,10.06,10.31,3451010,35949152.00
2024/01/19,10.25,10.33,10.16,10.19,1529546,15881881.00
2024/01/22,10.21,10.28,9.45,9.55,3130750,31232510.00
2024/01/23,9.56,9.83,9.40,9.74,2333460,22963912.00
2024/01/24,9.88,9.94,9.47,9.80,2160870,21317060.00
2024/01/25,9.82,10.23,9.76,10.22,3463190,35492716.00
2024/01/26,10.23,10.35,10.17,10.23,1800360,18736612.00
2024/01/29,10.30,10.30,10.12,10.13,2084340,21585494.00
2024/01/30,10.02,10.25,9.94,9.95,1667930,17100990.00
2024/01/31,9.92,10.09,9.66,9.70,2504740,25015284.00
2024/02/01,9.69,9.79,9.46,9.50,2409050,23487786.00
2024/02/02,9.54,9.59,8.85,9.04,3445530,32322638.00
2024/02/05,9.03,9.03,8.34,8.48,3965052,34909576.00
2024/02/06,8.47,9.19,8.36,9.11,4438070,39960864.00
2024/02/07,9.15,9.48,9.05,9.45,5215340,49643240.00
2024/02/08,9.50,10.03,9.47,9.81,4612564,46089140.00
2024/02/19,9.94,9.98,9.70,9.84,3600230,35913076.00
2024/02/20,9.81,9.84,9.68,9.82,2198712,21796360.00
2024/02/21,9.82,10.11,9.62,9.85,2959363,29777190.00
2024/02/22,9.85,9.98,9.77,9.93,2295283,23068284.00
2024/02/23,9.93,10.05,9.87,10.05,2594488,26193098.00
2024/02/26,10.07,10.21,9.92,10.00,2681281,27247336.00
2024/02/27,9.99,10.11,9.85,10.11,2501890,25387338.00
2024/02/28,10.13,10.36,9.85,9.85,4490219,46095780.00
2024/02/29,9.81,10.03,9.76,10.03,2635904,26612492.00
2024/03/01,10.01,10.13,9.93,10.02,2535990,25741356.00
2024/03/04,10.03,10.08,9.84,10.02,2240240,22607842.00
2024/03/05,10.15,10.15,9.88,9.91,2292310,23197524.00
2024/03/06,9.93,10.37,9.91,10.22,6378782,66012880.00
2024/03/07,10.13,10.40,10.03,10.31,6951045,72171896.00
2024/03/08,10.25,10.37,10.12,10.19,3684482,38174664.00
2024/03/11,10.16,10.46,10.16,10.40,4989812,52453440.00
2024/03/12,10.37,10.45,10.27,10.30,3664370,38391768.00
2024/03/13,10.38,10.38,10.21,10.32,2130970,22238566.00
2024/03/14,10.32,10.35,10.17,10.26,2252613,23480236.00
2024/03/15,10.26,10.36,10.21,10.33,1875792,19607310.00
2024/03/18,10.39,10.44,10.31,10.41,2759943,29043634.00
2024/03/19,10.40,10.47,10.36,10.40,2646280,27920354.00
2024/03/20,10.41,10.44,10.35,10.40,1835041,19352446.00
2024/03/21,10.40,10.43,10.31,10.38,1829580,19242438.00
2024/03/22,10.35,10.40,10.21,10.27,2435000,25430752.00
2024/03/25,10.27,10.35,10.05,10.05,1966260,20346484.00
2024/03/26,10.05,10.18,9.99,10.15,1813138,18567500.00
2024/03/27,10.15,10.21,9.85,9.85,2324400,23637220.00
2024/03/28,9.86,10.03,9.82,9.98,2061270,20861424.00
2024/03/29,9.98,10.15,9.94,10.14,1618950,16558722.00
2024/04/01,10.16,10.30,10.15,10.28,1769927,18384276.00
2024/04/02,10.34,10.53,10.29,10.39,3107702,32752468.00
2024/04/03,10.34,10.43,10.25,10.33,1875270,19627560.00
2024/04/08,10.33,10.46,10.24,10.36,3331432,35078804.00
2024/04/09,10.40,10.52,10.29,10.50,3673385,38898160.00
2024/04/10,10.48,11.12,10.45,10.74,10282523,112470816.00
2024/04/11,10.66,10.87,10.58,10.80,6093083,66459776.00
2024/04/12,10.75,10.80,10.45,10.49,4152160,44603028.00
2024/04/15,10.49,10.61,10.23,10.41,4076812,43128016.00
2024/04/16,10.41,10.45,9.85,9.88,4113030,42244840.00
2024/04/17,9.94,10.49,9.93,10.48,3575792,37366064.00
2024/04/18,10.53,10.56,10.25,10.28,3016100,31711892.00
2024/04/19,10.26,10.32,10.11,10.15,2104912,21804880.00
2024/04/22,10.16,10.28,10.04,10.12,1791560,18451160.00
2024/04/23,10.06,10.18,9.97,10.02,1911294,19530240.00
2024/04/24,10.08,10.21,10.01,10.18,2050650,21063684.00
2024/04/25,10.91,11.21,10.82,11.21,15040062,169219152.00
2024/04/26,11.20,11.21,10.88,11.04,18284911,203823200.00
2024/04/29,10.92,11.05,10.81,11.04,9715310,107999256.00
2024/04/30,11.00,11.17,11.00,11.06,7924192,88908864.00
2024/05/06,11.29,11.53,11.20,11.51,11843024,137050864.00
2024/05/07,11.46,11.58,11.38,11.53,7457820,86585224.00
2024/05/08,11.51,11.79,11.46,11.48,9971994,117342984.00
2024/05/09,11.38,11.67,11.38,11.59,5546525,65065424.00
2024/05/10,11.61,12.00,11.60,11.86,11061789,132709176.00
2024/05/13,12.18,12.40,11.87,12.04,14770545,181245776.00
2024/05/14,11.93,13.26,11.68,13.26,32267449,425969952.00
2024/05/15,13.30,14.41,13.08,13.56,46507585,650392192.00
2024/05/16,13.51,14.64,13.18,14.31,40913363,580050496.00
2024/05/17,14.15,14.51,13.38,13.53,33574293,467105664.00
2024/05/20,13.30,14.50,12.99,14.37,35711394,493482368.00
2024/05/21,14.25,14.33,13.99,14.06,26751515,381847936.00
2024/05/22,13.85,13.92,13.43,13.51,18103543,249805184.00
2024/05/23,13.37,13.70,12.80,12.91,21524119,288558368.00
2024/05/24,12.91,13.45,12.90,13.11,19670370,263734672.00
2024/05/27,13.24,13.28,12.84,12.92,15783382,207483744.00
2024/05/28,12.86,13.30,12.84,13.09,16413102,217587424.00
2024/05/29,12.94,13.34,12.65,13.08,13858518,183455408.00
2024/05/30,13.07,13.17,12.58,12.71,13515562,174516640.00
2024/05/31,12.59,12.77,12.50,12.59,7658960,97803952.00
2024/06/03,12.53,12.68,12.24,12.36,9555960,119755216.00
2024/06/04,12.35,12.55,12.21,12.55,7329602,92026816.00
2024/06/05,12.55,12.61,12.24,12.24,6164780,77522384.00
2024/06/06,12.28,12.39,12.01,12.08,7690870,94980120.00
2024/06/07,12.18,12.25,12.06,12.21,6283050,77303208.00
2024/06/11,12.19,12.25,12.03,12.17,5552010,68088712.00
2024/06/12,12.13,12.32,12.04,12.25,6691560,82891376.00
2024/06/13,12.25,12.31,12.09,12.15,6678027,82294264.00
2024/06/14,12.15,12.33,12.05,12.11,6710107,82651216.00
2024/06/17,12.06,12.28,11.81,11.97,6813484,83400000.00
2024/06/18,11.91,12.09,11.82,11.99,5010388,60589028.00
2024/06/19,11.96,12.06,11.88,11.88,4157202,50271752.00
2024/06/20,11.88,11.94,11.58,11.59,6191350,73485688.00
2024/06/21,11.59,11.87,11.51,11.81,5617801,66944040.00
2024/06/24,11.81,11.93,11.56,11.58,5275290,62728840.00
2024/06/25,11.64,11.65,11.43,11.52,4094664,47765212.00
2024/06/26,11.47,11.77,11.41,11.75,5449480,64124932.00
2024/06/27,11.74,11.75,11.33,11.38,4442850,51173280.00
2024/06/28,11.40,11.77,11.36,11.62,5371883,62344408.00
2024/07/01,11.62,11.95,11.62,11.95,6493080,76858728.00
2024/07/02,11.94,11.97,11.74,11.90,4989350,59169496.00
2024/07/03,11.86,11.86,11.71,11.72,3394380,39900392.00
2024/07/04,11.66,11.87,11.57,11.60,4306640,50338492.00
2024/07/05,11.61,11.68,11.40,11.51,3315382,38083616.00
2024/07/08,11.46,11.60,11.36,11.47,3475374,39848244.00
2024/07/09,11.53,11.76,11.20,11.74,5918253,68006952.00
2024/07/10,11.65,11.74,11.37,11.40,4304378,49564032.00
2024/07/11,11.53,11.66,11.37,11.65,4315450,49869072.00
2024/07/12,11.63,11.68,11.49,11.50,2893800,33469752.00
2024/07/15,11.50,11.50,11.32,11.42,2953849,33670992.00
2024/07/16,11.40,11.46,11.22,11.27,3634633,41081548.00
2024/07/17,11.27,11.31,11.03,11.07,3964080,44087640.00
2024/07/18,11.03,11.26,10.93,11.21,3459110,38438892.00
2024/07/19,11.25,11.25,11.06,11.15,2651156,29602424.00
2024/07/22,11.20,11.36,11.09,11.13,3147301,35280220.00
2024/07/23,11.11,11.19,10.98,10.99,2566480,28451498.00
2024/07/24,11.00,11.36,10.89,11.13,5082377,56758796.00
2024/07/25,11.13,11.35,11.02,11.20,5504665,61615280.00
2024/07/26,11.16,11.30,11.11,11.25,3493240,39141756.00
2024/07/29,11.20,11.28,11.07,11.10,3317392,36944504.00
2024/07/30,11.06,11.14,10.92,10.95,3046740,33491040.00
2024/07/31,10.92,11.24,10.81,11.18,5338670,59253396.00
2024/08/01,11.18,11.25,11.05,11.08,4897930,54603692.00
2024/08/02,11.06,11.10,10.92,10.93,4248280,46742384.00
2024/08/05,10.88,11.08,10.71,10.72,4148750,45165256.00
2024/08/06,10.82,10.99,10.80,10.90,3946740,42957436.00
2024/08/07,10.98,11.18,10.86,11.06,3795510,41827572.00
2024/08/08,11.01,11.03,10.83,10.94,2749070,30027148.00
2024/08/09,10.93,11.03,10.81,10.82,3112522,33838472.00
2024/08/12,10.93,11.12,10.83,10.88,3802640,41727136.00
2024/08/13,10.81,11.01,10.75,10.95,3036900,33093760.00
2024/08/14,10.91,11.02,10.86,10.91,2309630,25279764.00
2024/08/15,10.85,10.98,10.73,10.88,2773960,30142684.00
2024/08/16,10.89,10.93,10.63,10.67,3699820,39673756.00
2024/08/19,10.75,10.78,10.54,10.57,2919310,31034544.00
2024/08/20,10.58,10.64,10.41,10.48,2722900,28550936.00
2024/08/21,10.45,10.49,10.28,10.28,2722760,28210412.00
2024/08/22,10.39,10.54,10.27,10.30,3449890,35846080.00
2024/08/23,10.25,10.36,10.10,10.13,3271651,33298280.00
2024/08/26,10.09,10.19,10.05,10.13,2797724,28334120.00
2024/08/27,10.09,10.12,9.98,10.00,2379860,23882344.00
2024/08/28,9.70,9.70,9.00,9.00,14879756,135451680.00
2024/08/29,8.85,9.21,8.82,9.07,10227778,92445912.00
2024/08/30,9.07,9.19,8.91,9.10,7632390,69214448.00
2024/09/02,9.02,9.10,8.85,8.86,5979782,53571472.00
2024/09/03,8.83,8.90,8.76,8.80,4528992,39892948.00
2024/09/04,8.73,8.83,8.68,8.73,2980260,26092252.00
2024/09/05,8.76,8.81,8.71,8.76,2545448,22281256.00
2024/09/06,8.78,8.79,8.59,8.60,3085350,26711420.00
2024/09/09,8.53,8.60,8.51,8.58,2490740,21314956.00
2024/09/10,8.58,8.61,8.40,8.53,2953994,25067852.00
2024/09/11,8.48,8.52,8.41,8.46,2401120,20295584.00
2024/09/12,8.49,8.62,8.46,8.47,2913125,24892616.00
2024/09/13,8.47,8.48,8.37,8.40,2275780,19181738.00
2024/09/18,8.42,8.42,8.21,8.32,2715805,22519336.00
2024/09/19,8.35,8.56,8.32,8.51,3098315,26236554.00
2024/09/20,8.50,8.52,8.34,8.40,2669930,22427448.00
2024/09/23,8.37,8.44,8.32,8.40,1727560,14502603.00
2024/09/24,8.39,8.70,8.39,8.70,5674790,48767080.00
2024/09/25,8.75,9.08,8.75,8.80,7870990,70234888.00
2024/09/26,8.80,9.10,8.70,9.09,6635950,59110344.00
2024/09/27,9.20,9.54,9.16,9.52,6677854,62409284.00
2024/09/30,9.81,10.40,9.62,10.33,17044406,171633664.00
2024/10/08,11.30,11.36,10.35,10.88,18630816,202934720.00
2024/10/09,10.70,10.70,9.91,9.92,11882182,121827328.00
2024/10/10,10.06,10.25,9.83,9.99,7135234,71822120.00
2024/10/11,9.98,9.98,9.53,9.62,6020365,58620064.00
2024/10/14,9.61,9.73,9.50,9.65,4888063,47063680.00
2024/10/15,9.61,9.61,9.35,9.35,5163729,49003724.00
2024/10/16,9.29,9.54,9.26,9.48,4001654,37789668.00
2024/10/17,9.49,9.55,9.21,9.24,4699760,44015920.00
2024/10/18,9.25,9.61,9.17,9.47,5840114,54828024.00
2024/10/21,9.47,9.57,9.43,9.49,5469590,51957924.00
2024/10/22,9.47,9.67,9.45,9.67,5622942,53842888.00
2024/10/23,9.67,10.35,9.65,10.14,14468354,145240112.00
2024/10/24,10.15,10.28,9.92,10.02,7023655,70299912.00
2024/10/25,9.99,10.26,9.90,10.24,6414607,65267488.00
2024/10/28,10.25,10.35,10.17,10.35,5751720,59144128.00
2024/10/29,10.32,10.39,10.01,10.03,6246680,63510752.00
2024/10/30,10.18,10.51,10.18,10.30,9380402,97023696.00
2024/10/31,10.65,10.80,10.48,10.60,9817822,104240712.00
2024/11/01,10.55,10.65,10.27,10.32,6705598,69768072.00
2024/11/04,10.25,10.39,10.25,10.35,4622880,47725960.00
2024/11/05,10.35,10.49,10.21,10.48,6267297,65206044.00
2024/11/06,10.50,10.56,10.36,10.41,5308509,55456208.00
2024/11/07,10.37,10.59,10.36,10.56,7226524,75978712.00
2024/11/08,10.59,10.68,10.34,10.39,8111015,85087664.00
2024/11/11,10.38,10.57,10.37,10.52,5999385,62787664.00
2024/11/12,10.49,10.60,10.33,10.41,6820930,71629456.00
2024/11/13,10.35,10.46,10.21,10.33,5252249,54151700.00
2024/11/14,10.33,10.39,10.04,10.07,4970760,50603688.00
2024/11/15,9.98,10.23,9.97,9.98,4237522,42753368.00
2024/11/18,10.02,10.25,9.99,10.03,5196243,52495392.00
2024/11/19,10.05,10.25,10.00,10.23,4304675,43625356.00
2024/11/20,10.24,10.47,10.23,10.35,5692092,58779536.00
2024/11/21,10.35,10.45,10.23,10.30,3913258,40318036.00
2024/11/22,10.30,10.42,9.96,9.98,4634309,47105480.00
数据来源:通达信
