603739 蔚蓝生物 日线 前复权
      日期	    开盘	    最高	    最低	    收盘	    成交量	    成交额
2019/01/16,9.69,9.69,9.69,9.69,53933,791197.00
2019/01/17,10.74,10.74,10.74,10.74,34279,553263.00
2019/01/18,11.89,11.89,11.89,11.89,54500,967375.00
2019/01/21,13.16,13.16,13.16,13.16,72513,1416179.00
2019/01/22,14.55,14.55,14.55,14.55,267695,5750089.00
2019/01/23,16.09,16.09,16.09,16.09,288379,6814396.00
2019/01/24,17.78,17.78,17.78,17.78,147667,3837865.00
2019/01/25,19.63,19.63,19.63,19.63,243271,6955118.00
2019/01/28,21.68,21.68,21.68,21.68,2009562,63200724.00
2019/01/29,22.03,23.89,22.03,23.09,29888899,983996288.00
2019/01/30,20.90,22.43,20.70,20.70,17993043,557450368.00
2019/01/31,19.95,20.11,18.55,19.83,17145364,477726752.00
2019/02/01,20.50,21.90,20.20,21.90,16137756,489738336.00
2019/02/11,23.48,24.17,23.14,24.17,9852856,338605088.00
2019/02/12,26.66,26.66,22.91,23.10,29122841,1058567488.00
2019/02/13,22.66,24.43,22.37,24.03,23313464,790057792.00
2019/02/14,23.03,24.05,22.63,23.58,17663527,596471744.00
2019/02/15,23.25,25.63,23.15,24.30,20578474,725923072.00
2019/02/18,23.94,25.18,23.21,25.03,18562943,650570304.00
2019/02/19,24.69,26.07,24.28,24.89,18393077,667632832.00
2019/02/20,25.28,25.64,23.14,23.65,16253577,573273408.00
2019/02/21,22.93,23.43,22.47,23.30,14006731,464999584.00
2019/02/22,22.94,23.14,22.48,22.76,9465369,312553024.00
2019/02/25,22.76,23.98,22.60,23.89,13441854,455963392.00
2019/02/26,23.68,26.36,23.43,26.36,17052762,625218240.00
2019/02/27,27.07,28.35,24.35,24.80,22213534,838483136.00
2019/02/28,23.85,25.28,23.74,23.93,11772546,413047520.00
2019/03/01,23.71,24.85,23.70,24.63,9300924,327121088.00
2019/03/04,24.50,25.85,24.30,24.78,13671062,492188576.00
2019/03/05,24.10,24.57,23.93,24.52,10519436,368889344.00
2019/03/06,25.13,26.71,24.78,25.58,17630574,655072512.00
2019/03/07,25.10,28.22,24.94,28.22,20848002,815337728.00
2019/03/08,27.05,27.53,25.32,25.32,15122223,579057408.00
2019/03/11,24.92,25.28,23.75,25.08,11738253,418046176.00
2019/03/12,25.08,26.07,24.70,25.78,12731961,468477600.00
2019/03/13,25.65,25.68,23.71,23.93,11298400,403629184.00
2019/03/14,23.38,23.40,21.50,21.85,9739706,316105248.00
2019/03/15,21.98,22.35,21.48,22.15,5565300,177519632.00
2019/03/18,22.23,23.05,22.23,22.81,5641265,185727248.00
2019/03/19,22.78,23.10,22.38,22.89,5402557,177613008.00
2019/03/20,22.78,22.86,21.75,22.53,5333943,172585984.00
2019/03/21,22.50,22.73,22.15,22.26,5297006,172261840.00
2019/03/22,22.39,23.12,22.28,22.56,5083512,166854416.00
2019/03/25,24.85,24.90,23.33,24.90,9333337,332882944.00
2019/03/26,25.67,26.26,23.64,24.10,14914095,541109504.00
2019/03/27,23.33,23.74,22.26,22.88,9053934,300000320.00
2019/03/28,22.46,22.57,21.23,21.30,8029209,255339968.00
2019/03/29,20.98,21.70,20.93,21.66,5550593,172689168.00
2019/04/01,21.57,22.58,21.53,22.37,5522920,177831936.00
2019/04/02,22.45,22.45,21.98,22.21,5309420,170401392.00
2019/04/03,22.21,23.24,22.07,22.58,6827633,224871040.00
2019/04/04,22.77,22.78,22.01,22.58,6563500,212960224.00
2019/04/08,22.90,23.33,22.46,22.95,7670997,254495664.00
2019/04/09,22.21,22.42,21.53,21.82,5840000,184882656.00
2019/04/10,21.68,21.80,21.37,21.59,3084282,96539416.00
2019/04/11,21.54,21.93,20.88,21.00,3675495,113914656.00
2019/04/12,20.64,22.43,20.58,21.46,4848232,150685984.00
2019/04/15,21.47,21.71,21.00,21.00,3347391,103979752.00
2019/04/16,20.89,20.91,20.20,20.91,4093680,122486128.00
2019/04/17,21.02,21.47,20.73,21.08,3245912,99664704.00
2019/04/18,20.98,21.08,20.46,20.53,3195153,96230864.00
2019/04/19,20.62,20.95,20.53,20.71,1921179,57781016.00
2019/04/22,20.71,21.50,20.63,21.12,4222757,129318168.00
2019/04/23,21.11,22.43,20.98,21.93,8432285,267543392.00
2019/04/24,21.25,21.28,19.78,20.09,7495096,220458336.00
2019/04/25,19.86,21.12,19.60,20.20,5369455,158897104.00
2019/04/26,19.78,19.93,18.58,18.75,5545662,155186288.00
2019/04/29,18.80,18.88,16.80,16.80,5236313,133942624.00
2019/04/30,16.73,17.05,16.45,16.98,2600686,64211512.00
2019/05/06,16.28,16.28,15.20,15.20,3355744,77406496.00
2019/05/07,15.43,16.35,15.28,15.88,3714639,85701792.00
2019/05/08,15.20,17.54,15.20,17.33,8319578,207595072.00
2019/05/09,16.70,16.99,15.93,16.11,5920292,143236176.00
2019/05/10,16.53,16.73,15.66,16.50,4095937,98859432.00
2019/05/13,16.39,17.41,16.15,17.05,5187052,128454224.00
2019/05/14,16.75,17.14,16.50,16.58,3121421,76670184.00
2019/05/15,16.84,16.89,16.53,16.84,2965244,72766432.00
2019/05/16,16.68,17.49,16.68,17.25,4266967,107032824.00
2019/05/17,17.35,17.35,15.98,16.14,3768908,92096984.00
2019/05/20,16.15,16.28,15.21,15.58,2790058,64030112.00
2019/05/21,15.60,16.27,15.60,16.10,2730315,64271324.00
2019/05/22,16.14,16.43,15.61,15.78,2223964,52195996.00
2019/05/23,15.68,16.22,15.41,15.51,2418200,56301176.00
2019/05/24,15.34,17.14,15.34,17.14,4419236,106663848.00
2019/05/27,18.93,18.93,17.70,18.31,13943745,377926912.00
2019/05/28,17.89,20.22,17.85,20.22,14111253,396792832.00
2019/05/29,21.16,22.30,20.79,22.30,15527089,489337920.00
2019/05/30,23.64,24.60,22.32,24.60,10509668,361812448.00
2019/05/31,26.48,27.12,26.15,27.12,8153024,314169280.00
2019/06/03,29.90,29.90,24.34,24.34,22114381,869489984.00
2019/06/04,22.57,24.03,21.84,21.84,19531457,623086720.00
2019/06/05,21.26,22.20,20.30,20.87,15001881,457890496.00
2019/06/06,20.50,21.47,19.50,20.14,11116980,328697408.00
2019/06/10,20.20,21.10,19.44,20.56,11912316,347148480.00
2019/06/11,20.18,21.41,19.90,21.10,12730546,382031488.00
2019/06/12,20.75,22.57,20.75,21.35,14665937,459242080.00
2019/06/13,21.35,21.35,20.07,20.45,9327892,275871264.00
2019/06/14,20.22,20.61,18.50,18.82,10328160,290715872.00
2019/06/17,18.83,19.28,18.42,18.78,6056231,165347472.00
2019/06/18,18.73,19.49,18.63,18.99,6156369,169695584.00
2019/06/19,19.42,20.56,18.86,19.97,11455291,323967328.00
2019/06/20,19.50,19.67,19.05,19.37,7538251,210828528.00
2019/06/21,19.28,19.71,19.25,19.45,5958888,167793504.00
2019/06/24,19.57,20.43,18.81,20.14,10604229,301583328.00
2019/06/25,19.80,19.90,19.12,19.21,6128109,172366960.00
2019/06/26,18.83,19.53,18.74,19.21,3908884,108804832.00
2019/06/27,19.20,19.63,19.03,19.39,4683761,130823840.00
2019/06/28,19.36,19.36,18.29,18.53,4301909,116874928.00
2019/07/01,18.78,19.14,18.78,18.98,3462486,95009576.00
2019/07/02,19.03,20.05,18.95,19.88,9487251,268490592.00
2019/07/03,19.75,19.76,19.13,19.61,6297458,177211808.00
2019/07/04,19.85,20.05,19.42,20.01,6423937,183616864.00
2019/07/05,20.21,22.08,19.99,22.08,13431837,415226304.00
2019/07/08,22.61,23.89,21.02,21.40,17479126,567310272.00
2019/07/09,20.77,20.93,19.72,20.14,10424866,305561312.00
2019/07/10,19.93,20.00,18.94,19.14,8145833,229877056.00
2019/07/11,19.30,19.68,19.00,19.49,6047544,169310608.00
2019/07/12,19.19,19.49,18.69,18.75,5457003,149677776.00
2019/07/15,18.63,18.92,18.04,18.85,5002096,133876464.00
2019/07/16,18.89,19.22,18.76,19.15,4347343,119472704.00
2019/07/17,19.00,19.63,18.88,19.13,4618884,128728168.00
2019/07/18,18.90,19.07,18.31,18.35,3251692,87910168.00
2019/07/19,18.53,18.84,18.36,18.36,2880799,77664688.00
2019/07/22,18.60,18.60,17.00,17.05,4332520,109304632.00
2019/07/23,17.20,17.49,16.90,17.39,2790736,69970448.00
2019/07/24,17.39,17.78,17.39,17.50,2908786,74212416.00
2019/07/25,17.54,18.03,17.34,17.69,3270999,84073528.00
2019/07/26,17.65,18.03,17.43,17.87,3012385,77776256.00
2019/07/29,17.84,17.84,17.44,17.59,2833691,72388408.00
2019/07/30,17.63,18.00,17.59,17.63,2125682,54767516.00
2019/07/31,17.43,17.77,17.33,17.49,2212186,56230660.00
2019/08/01,17.29,18.27,17.14,18.05,4841316,125575656.00
2019/08/02,17.51,19.29,17.43,18.53,8414930,226753824.00
2019/08/05,18.38,18.84,18.10,18.43,5125964,136616352.00
2019/08/06,17.75,18.28,17.00,18.08,5710744,146635168.00
2019/08/07,18.34,19.19,18.21,18.48,6160170,166960192.00
2019/08/08,18.28,19.68,18.21,19.40,7761223,213633504.00
2019/08/09,19.35,19.41,18.43,18.53,6108050,167449888.00
2019/08/12,18.35,20.25,18.35,19.86,9093256,257162368.00
2019/08/13,19.35,19.77,19.14,19.64,6590607,184840624.00
2019/08/14,20.02,20.05,19.35,19.36,5373386,151925904.00
2019/08/15,18.88,19.07,18.51,18.93,4656306,126317608.00
2019/08/16,18.93,20.77,18.70,20.01,8621388,244318752.00
2019/08/19,19.58,21.13,19.55,20.39,10272983,303158880.00
2019/08/20,20.14,20.74,19.93,20.72,7756440,227676400.00
2019/08/21,20.56,20.93,20.29,20.58,6345872,188523456.00
2019/08/22,21.00,21.85,20.87,21.20,10198736,314165184.00
2019/08/23,20.77,20.78,20.01,20.08,7854317,231139776.00
2019/08/26,19.43,19.96,19.35,19.66,4341788,123040464.00
2019/08/27,19.73,20.14,19.72,19.98,4627679,133019648.00
2019/08/28,19.90,22.04,19.51,22.04,7468453,225593664.00
2019/08/29,22.30,22.50,20.70,20.78,10776709,329379488.00
2019/08/30,20.93,21.72,20.57,20.77,7643457,232624000.00
2019/09/02,20.43,21.27,20.14,21.09,5950805,179830192.00
2019/09/03,20.79,21.85,20.78,21.46,6667288,205446080.00
2019/09/04,21.30,21.98,20.93,21.58,7582563,234779632.00
2019/09/05,21.64,21.85,21.25,21.35,7049100,218497200.00
2019/09/06,21.21,22.33,21.11,21.85,9665202,303497664.00
2019/09/09,21.71,22.30,21.71,22.10,7096073,225544784.00
2019/09/10,21.93,23.14,21.85,21.91,8443795,272753088.00
2019/09/11,24.17,24.17,22.71,22.73,16267137,553637440.00
2019/09/12,23.00,23.59,22.06,22.15,9243871,300447104.00
2019/09/16,21.96,22.34,21.83,22.08,5766769,182971680.00
2019/09/17,22.00,22.03,20.68,20.93,6813409,208565984.00
2019/09/18,21.06,21.45,20.71,21.29,4936502,150311296.00
2019/09/19,21.29,21.60,20.98,21.48,3949150,121811568.00
2019/09/20,21.21,21.77,21.14,21.29,3031500,93518240.00
2019/09/23,21.15,21.15,20.50,20.70,3240803,96963336.00
2019/09/24,20.73,20.95,20.38,20.44,2984000,88945368.00
2019/09/25,20.44,20.87,20.09,20.14,2702400,79884224.00
2019/09/26,20.18,20.47,19.21,19.25,3804079,108293536.00
2019/09/27,19.22,19.60,19.22,19.48,2020879,56879288.00
2019/09/30,19.49,19.67,19.20,19.20,1691000,47521220.00
2019/10/08,19.21,19.54,19.01,19.19,1764679,49295556.00
2019/10/09,19.21,19.43,18.86,19.41,1589503,44149020.00
2019/10/10,19.51,19.66,19.32,19.58,2048550,57803128.00
2019/10/11,19.68,19.68,19.29,19.40,1758085,49496120.00
2019/10/14,19.55,19.85,19.41,19.71,2273486,64596860.00
2019/10/15,19.78,20.49,19.64,20.33,4676550,136571200.00
2019/10/16,20.08,20.25,19.85,19.90,2505628,72422928.00
2019/10/17,19.90,20.05,19.19,19.20,2734100,76915208.00
2019/10/18,19.26,20.18,19.19,19.58,3139400,89295568.00
2019/10/21,19.36,21.00,19.35,20.40,6438000,189531280.00
2019/10/22,20.35,20.43,19.97,20.22,3524300,102430424.00
2019/10/23,20.33,20.68,20.09,20.25,3187900,93735440.00
2019/10/24,20.35,21.00,20.13,20.97,4884779,145214240.00
2019/10/25,20.71,21.20,20.43,20.82,5058679,152136544.00
2019/10/28,20.38,20.43,19.29,20.32,3801308,110705000.00
2019/10/29,20.21,20.59,20.00,20.10,3067929,90205800.00
2019/10/30,20.07,20.21,19.30,19.54,3513800,99807344.00
2019/10/31,19.50,19.90,18.41,18.53,3643900,99842160.00
2019/11/01,18.50,18.57,17.80,18.45,2559200,67596664.00
2019/11/04,18.68,19.20,18.41,18.80,2155400,58330160.00
2019/11/05,18.66,19.08,18.57,18.74,1940200,52836556.00
2019/11/06,18.68,18.73,18.00,18.22,2123200,56553332.00
2019/11/07,18.22,18.53,18.14,18.50,1320900,35226324.00
2019/11/08,18.50,18.61,18.14,18.21,1580300,42020452.00
2019/11/11,18.03,18.16,17.46,17.58,1645879,42441944.00
2019/11/12,17.58,18.02,17.33,17.99,1570700,40341812.00
2019/11/13,18.05,18.13,17.78,18.05,1401400,36521672.00
2019/11/14,17.90,18.14,17.88,17.98,1045808,27318518.00
2019/11/15,17.94,18.02,17.59,17.59,1157200,29879450.00
2019/11/18,18.35,18.85,18.13,18.18,3151679,84364432.00
2019/11/19,17.93,18.32,17.89,18.21,1925208,50546168.00
2019/11/20,18.14,18.35,18.07,18.13,1583652,41795432.00
2019/11/21,18.05,18.14,17.87,17.89,1200200,31308608.00
2019/11/22,17.90,18.10,17.47,17.58,1391000,35870272.00
2019/11/25,17.68,17.68,17.03,17.18,1346700,33689940.00
2019/11/26,17.04,17.23,17.03,17.03,841965,20921092.00
2019/11/27,17.03,17.15,16.87,17.08,716100,17763930.00
2019/11/28,17.07,17.20,16.96,16.99,623100,15456229.00
2019/11/29,17.10,17.10,16.43,16.59,1353608,32801254.00
2019/12/02,16.60,16.70,16.45,16.50,720686,17372106.00
2019/12/03,16.50,16.50,16.14,16.43,1132300,26826428.00
2019/12/04,16.35,16.57,16.04,16.55,1043300,24903702.00
2019/12/05,16.60,16.70,16.47,16.66,945344,22821438.00
2019/12/06,16.66,16.79,16.65,16.75,890865,21671662.00
2019/12/09,16.74,16.88,16.72,16.72,907586,22140538.00
2019/12/10,16.65,16.76,16.36,16.76,1159900,27949944.00
2019/12/11,16.73,16.76,16.45,16.46,1134586,27298768.00
2019/12/12,16.53,17.76,16.53,17.35,4120730,104005384.00
2019/12/13,17.15,17.41,17.10,17.22,2159286,53951480.00
2019/12/16,17.35,17.50,17.18,17.29,1471980,36897568.00
2019/12/17,17.40,17.56,17.30,17.46,2053681,51977624.00
2019/12/18,17.53,17.85,17.34,17.63,2618679,66806048.00
2019/12/19,17.57,17.73,17.30,17.48,1584450,40169568.00
2019/12/20,17.85,18.41,17.71,17.78,3433179,89668080.00
2019/12/23,17.42,17.56,17.00,17.00,2192400,54816328.00
2019/12/24,16.88,17.05,16.72,16.97,1352421,33171828.00
2019/12/25,16.97,17.03,16.83,16.95,1009579,24854028.00
2019/12/26,16.95,16.99,16.78,16.97,930600,22842886.00
2019/12/27,16.95,17.14,16.90,16.95,1310166,32392594.00
2019/12/30,16.91,16.91,16.53,16.86,993765,24161948.00
2019/12/31,16.89,17.98,16.83,17.60,2677927,67751040.00
2020/01/02,17.57,17.80,17.35,17.61,2678700,68396984.00
2020/01/03,17.53,17.78,17.41,17.65,2028760,51809016.00
2020/01/06,17.36,17.94,17.25,17.63,1947414,49658160.00
2020/01/07,17.59,17.91,17.42,17.87,2787314,71766312.00
2020/01/08,17.65,17.90,17.53,17.53,1995888,51243944.00
2020/01/09,17.60,17.99,17.60,17.70,1829042,47178128.00
2020/01/10,17.78,18.18,17.60,18.08,3228778,83953192.00
2020/01/13,17.84,17.84,17.50,17.66,2553186,65320168.00
2020/01/14,17.71,17.78,17.50,17.75,1964900,50302692.00
2020/01/15,17.72,17.77,17.56,17.72,1362500,34876144.00
2020/01/16,17.53,18.00,17.45,17.88,3798606,97888936.00
2020/01/17,17.71,17.81,17.43,17.49,2070286,52812104.00
2020/01/20,17.52,17.71,17.48,17.64,1813050,46360784.00
2020/01/21,17.76,18.06,17.64,17.87,3565844,92527392.00
2020/01/22,17.81,18.00,17.32,17.52,2514900,64478880.00
2020/01/23,17.45,17.64,16.71,17.62,3273324,82297928.00
2020/02/03,15.82,16.89,15.79,15.79,2979800,69696904.00
2020/02/04,15.66,16.46,15.66,16.33,2530420,59744424.00
2020/02/05,16.39,16.59,15.96,16.52,2907641,69553632.00
2020/02/06,16.71,17.28,16.43,17.28,4362400,106069104.00
2020/02/07,17.05,17.35,16.72,16.93,3436079,84898648.00
2020/02/10,16.50,17.93,16.25,17.84,5733526,143619936.00
2020/02/11,17.86,17.86,17.34,17.42,4126300,104980792.00
2020/02/12,17.43,17.60,17.26,17.43,1947600,49283048.00
2020/02/13,17.48,17.53,16.73,16.85,2863013,70770536.00
2020/02/14,16.85,16.93,16.68,16.70,1677000,40890564.00
2020/02/17,17.18,17.18,16.89,16.96,2967941,73208096.00
2020/02/18,17.03,17.21,16.71,17.16,3514085,86394192.00
2020/02/19,17.02,17.20,16.85,16.85,2820644,69656040.00
2020/02/20,16.72,17.04,16.72,16.93,2773744,67896656.00
2020/02/21,16.93,17.19,16.83,16.98,2503353,61905588.00
2020/02/24,16.77,16.98,16.74,16.85,2305953,56428244.00
2020/02/25,16.64,16.90,16.41,16.86,3239600,78564312.00
2020/02/26,16.64,17.18,16.64,16.78,3910200,96301128.00
2020/02/27,16.60,17.10,16.60,17.05,3257440,80130208.00
2020/02/28,16.78,17.00,16.00,16.31,3036300,73449008.00
2020/03/02,18.00,18.00,18.00,18.00,3050865,79658088.00
2020/03/03,18.77,18.77,18.07,18.19,16589248,443681792.00
2020/03/04,17.81,17.88,17.36,17.43,7240895,184501632.00
2020/03/05,17.56,17.93,17.38,17.62,6056064,155222336.00
2020/03/06,17.33,17.55,17.14,17.28,4126318,103785640.00
2020/03/09,16.90,17.10,16.30,16.36,4763541,114991280.00
2020/03/10,16.18,16.70,15.86,16.68,3248295,77071064.00
2020/03/11,16.68,16.71,16.35,16.35,2583010,62049712.00
2020/03/12,16.07,16.10,15.80,15.85,2789842,64643024.00
2020/03/13,14.88,15.60,14.63,15.30,2874000,63445656.00
2020/03/16,15.43,16.08,15.13,15.23,3151693,71536464.00
2020/03/17,15.22,15.50,14.58,15.06,2152900,46929200.00
2020/03/18,15.13,15.57,14.93,14.93,2465079,54761544.00
2020/03/19,14.80,15.07,14.37,14.78,2197300,47175168.00
2020/03/20,15.13,16.14,15.13,15.40,3994500,90429456.00
2020/03/23,14.80,15.18,14.78,14.80,1961000,42856784.00
2020/03/24,15.03,15.15,14.59,15.10,1896153,41414344.00
2020/03/25,15.39,15.47,15.15,15.40,2024600,45240112.00
2020/03/26,15.20,15.63,15.20,15.38,2214200,49853040.00
2020/03/27,16.03,16.03,15.23,15.23,2545800,58056028.00
2020/03/30,15.05,15.08,14.78,14.83,1680900,36623272.00
2020/03/31,14.89,15.55,14.89,15.33,2208900,49072148.00
2020/04/01,15.25,15.28,14.90,15.00,1871500,41146156.00
2020/04/02,15.00,15.12,14.76,15.11,1520800,33115892.00
2020/04/03,15.13,15.27,14.98,15.12,1592400,35206596.00
2020/04/07,15.29,15.85,15.18,15.55,3102500,70050096.00
2020/04/08,15.42,15.48,15.25,15.33,2048800,45927252.00
2020/04/09,15.38,15.48,15.28,15.39,1985700,44574412.00
2020/04/10,15.34,15.34,14.93,14.95,1938189,42723348.00
2020/04/13,14.82,14.91,14.52,14.64,1594200,34232840.00
2020/04/14,14.70,14.83,14.64,14.80,1318400,28410112.00
2020/04/15,14.78,15.03,14.73,14.85,1460509,31725852.00
2020/04/16,14.85,14.85,14.65,14.73,1274464,27432660.00
2020/04/17,14.74,15.28,14.70,15.03,2274800,49750136.00
2020/04/20,14.88,14.99,14.80,14.91,1451300,31548630.00
2020/04/21,14.88,14.90,14.62,14.68,1193824,25665780.00
2020/04/22,14.68,15.03,14.57,14.94,1751400,37983696.00
2020/04/23,14.95,15.20,14.87,14.97,2282600,50101296.00
2020/04/24,14.97,15.03,14.57,14.61,1822409,39150232.00
2020/04/27,14.55,14.85,14.55,14.71,1149640,24678834.00
2020/04/28,14.75,14.75,13.64,14.18,1805981,37428812.00
2020/04/29,14.65,15.28,14.43,14.93,3386400,73706768.00
2020/04/30,14.77,15.20,14.77,15.06,2705700,59272268.00
2020/05/06,14.93,15.30,14.88,15.28,2342253,51715448.00
2020/05/07,15.26,15.62,15.22,15.29,3073800,69008616.00
2020/05/08,15.44,15.76,15.27,15.70,3466742,78756008.00
2020/05/11,15.75,15.91,15.28,15.43,3309853,75021392.00
2020/05/12,15.50,16.04,15.08,15.97,3825142,87016448.00
2020/05/13,15.78,15.88,15.50,15.68,2658189,60775216.00
2020/05/14,15.58,16.05,15.51,15.71,2600600,59713128.00
2020/05/15,15.67,16.01,15.54,15.57,2203900,50657708.00
2020/05/18,15.65,15.89,15.53,15.81,1941900,44516596.00
2020/05/19,16.07,16.07,15.73,15.81,2077300,47892416.00
2020/05/20,15.78,15.85,15.43,15.46,2071000,47061044.00
2020/05/21,15.55,15.57,15.28,15.38,1355000,30478696.00
2020/05/22,15.30,15.66,15.22,15.32,1396100,31397332.00
2020/05/25,15.35,15.38,14.98,15.00,1240342,27464612.00
2020/05/26,15.10,15.62,15.05,15.62,2044500,46075204.00
2020/05/27,15.57,16.92,15.57,16.50,6886160,163512480.00
2020/05/28,16.43,16.91,16.30,16.43,5398200,130476792.00
2020/05/29,16.68,16.69,16.19,16.25,2908332,69323568.00
2020/06/01,16.28,16.77,16.27,16.53,3499700,84264952.00
2020/06/02,16.55,16.78,16.43,16.60,2830378,68260880.00
2020/06/03,16.74,16.74,16.13,16.17,3098940,73223840.00
2020/06/04,16.21,16.53,16.07,16.47,2195440,51735824.00
2020/06/05,16.47,18.17,16.25,18.17,9808906,248749280.00
2020/06/08,19.93,20.03,19.64,20.03,5149586,147526656.00
2020/06/09,19.50,19.71,17.98,18.37,17704239,472023936.00
2020/06/10,18.39,20.20,18.37,19.06,15515999,430061152.00
2020/06/11,18.43,18.95,18.07,18.18,11035896,293093696.00
2020/06/12,17.35,18.05,17.23,17.53,8649762,218481968.00
2020/06/15,17.72,18.25,17.58,17.63,6699125,172831120.00
2020/06/16,17.70,18.34,17.58,18.13,5451938,141320640.00
2020/06/17,18.02,19.22,18.00,18.92,7108423,191988896.00
2020/06/18,18.97,19.28,18.29,18.49,5621230,150639648.00
2020/06/19,18.36,18.90,18.13,18.14,5516186,146125264.00
2020/06/22,18.34,18.74,18.15,18.25,4458379,117789640.00
2020/06/23,18.35,18.91,17.87,18.77,6869992,182788848.00
2020/06/24,18.66,18.66,18.08,18.46,4287144,113177280.00
2020/06/29,18.32,19.03,18.23,18.48,4560579,121741504.00
2020/06/30,18.54,19.27,18.43,19.00,6171592,167286224.00
2020/07/01,19.32,19.98,18.77,19.01,8470776,235887248.00
2020/07/02,19.12,19.50,18.96,19.12,5894467,162345488.00
2020/07/03,19.04,19.06,18.58,18.83,5080081,137075520.00
2020/07/06,18.93,19.48,18.78,19.34,6351596,174605648.00
2020/07/07,19.48,19.83,19.10,19.55,6715004,187803264.00
2020/07/08,19.43,19.79,19.28,19.57,4933579,138321808.00
2020/07/09,19.62,20.44,19.43,20.36,7421149,213371664.00
2020/07/10,20.21,20.35,19.76,20.10,6178483,177629248.00
2020/07/13,20.48,21.16,20.35,20.98,6165979,184488304.00
2020/07/14,20.98,21.58,20.34,21.32,6913924,207594704.00
2020/07/15,21.27,21.39,20.22,20.24,5251162,156464720.00
2020/07/16,20.36,20.64,19.03,19.03,5852765,166209056.00
2020/07/17,19.05,19.43,18.57,18.82,3814189,103893848.00
2020/07/20,19.07,19.32,18.72,19.25,3165399,86809272.00
2020/07/21,19.24,19.60,19.02,19.54,3348700,93331952.00
2020/07/22,19.35,20.78,19.33,20.40,5847579,168033216.00
2020/07/23,20.22,21.06,20.08,20.51,5976750,176428576.00
2020/07/24,20.20,20.90,19.39,19.53,6060779,175243584.00
2020/07/27,19.93,20.48,19.28,19.47,3770400,106846616.00
2020/07/28,19.64,21.25,19.58,20.57,6942165,205682096.00
2020/07/29,20.57,21.08,20.35,20.85,5509600,164116528.00
2020/07/30,20.93,21.54,20.51,20.68,6170917,186208400.00
2020/07/31,20.59,21.89,20.59,21.51,8750699,266437152.00
2020/08/03,21.85,21.93,21.34,21.64,6440706,199790784.00
2020/08/04,21.58,21.94,20.72,20.80,6336898,192136416.00
2020/08/05,20.77,21.42,20.63,21.10,4434000,133917392.00
2020/08/06,20.96,21.20,20.34,20.63,4436600,131244960.00
2020/08/07,20.63,20.93,19.83,20.21,3596500,104437688.00
2020/08/10,20.28,20.44,19.96,20.28,2375500,68796912.00
2020/08/11,20.13,20.50,19.70,19.70,2984800,86243600.00
2020/08/12,19.69,19.82,18.78,19.40,3429800,95292552.00
2020/08/13,19.38,19.79,19.23,19.79,2474600,69542192.00
2020/08/14,19.79,19.96,19.47,19.79,2000700,56562592.00
2020/08/17,19.80,20.20,19.79,20.03,1970779,56493616.00
2020/08/18,20.14,21.13,19.76,20.78,7638786,225883408.00
2020/08/19,20.93,21.25,20.18,20.29,6442590,191582448.00
2020/08/20,19.79,20.07,19.43,19.58,4060600,114736704.00
2020/08/21,19.48,19.95,19.48,19.68,2778479,78489512.00
2020/08/24,19.75,20.05,19.43,19.97,2183979,62090264.00
2020/08/25,19.98,20.28,19.85,20.25,2283179,65511956.00
2020/08/26,20.13,20.35,19.50,19.83,2374300,67657640.00
2020/08/27,19.43,19.59,18.78,18.88,3733363,101900000.00
2020/08/28,18.78,19.01,18.50,18.93,2389000,64359732.00
2020/08/31,18.96,19.34,18.94,18.94,2158000,59251056.00
2020/09/01,19.06,19.06,18.64,18.82,1621300,43777292.00
2020/09/02,18.85,19.05,18.65,18.79,1683624,45503704.00
2020/09/03,18.78,18.93,18.53,18.65,1775800,47820208.00
2020/09/04,18.20,18.48,18.05,18.45,2183462,57154560.00
2020/09/07,18.35,18.55,17.88,18.01,2045900,53606864.00
2020/09/08,18.06,18.08,17.64,17.87,1652000,42474352.00
2020/09/09,17.70,17.78,17.15,17.18,2084804,52280472.00
2020/09/10,17.30,17.37,16.60,16.75,2382246,58007736.00
2020/09/11,16.81,17.10,16.65,16.94,1466300,35879556.00
2020/09/14,16.93,17.19,16.93,17.08,1252900,30870508.00
2020/09/15,17.08,17.25,16.80,17.01,1217779,29779620.00
2020/09/16,16.95,17.17,16.68,16.84,1285097,31223012.00
2020/09/17,16.75,17.13,16.52,16.88,1763400,42696732.00
2020/09/18,16.98,17.21,16.73,17.18,1413797,34621024.00
2020/09/21,17.10,17.22,16.93,17.08,881000,21656608.00
2020/09/22,16.89,17.59,16.75,17.08,1850500,45927792.00
2020/09/23,17.21,17.70,16.96,17.57,2281038,57213452.00
2020/09/24,17.48,17.68,17.21,17.25,1604303,40208708.00
2020/09/25,17.25,17.41,16.95,16.98,1018398,25130600.00
2020/09/28,17.03,17.13,16.40,16.44,1258297,30281978.00
2020/09/29,16.50,16.75,16.39,16.64,863803,20657600.00
2020/09/30,16.54,16.77,16.46,16.56,732200,17555316.00
2020/10/09,16.74,17.07,16.65,17.03,1011900,24735616.00
2020/10/12,17.03,17.45,17.00,17.36,1623900,40503976.00
2020/10/13,17.36,17.55,17.25,17.42,1232712,30910308.00
2020/10/14,17.41,17.41,17.13,17.24,934094,23162412.00
2020/10/15,17.18,17.23,16.94,16.96,985400,24160520.00
2020/10/16,16.98,17.10,16.79,16.95,737000,17977026.00
2020/10/19,17.08,18.42,17.08,18.02,4663944,120585296.00
2020/10/20,17.81,18.20,17.59,18.08,2389902,61808296.00
2020/10/21,18.08,18.32,17.83,18.11,1912363,49656316.00
2020/10/22,18.05,18.30,17.84,18.18,1846736,48191076.00
2020/10/23,18.18,18.34,17.88,17.98,1614352,42043108.00
2020/10/26,17.99,18.42,17.72,18.20,1820516,47611156.00
2020/10/27,18.20,18.92,18.12,18.75,2669649,71291344.00
2020/10/28,18.72,18.89,18.43,18.55,2214016,59380740.00
2020/10/29,18.35,19.19,18.35,18.71,2757382,74605232.00
2020/10/30,18.68,18.98,18.45,18.48,1819300,49051808.00
2020/11/02,18.48,18.85,17.88,18.03,2089480,54697704.00
2020/11/03,18.08,18.29,17.95,18.23,1348500,35258048.00
2020/11/04,18.19,18.23,17.86,18.18,1411986,36679832.00
2020/11/05,18.30,18.56,18.10,18.38,1314787,34644832.00
2020/11/06,18.45,18.45,17.93,18.20,1185066,30928902.00
2020/11/09,18.14,18.51,18.10,18.43,1640536,43302284.00
2020/11/10,18.57,18.63,18.09,18.25,1002400,26421050.00
2020/11/11,18.14,18.35,17.91,17.95,946385,24569424.00
2020/11/12,17.89,17.90,17.40,17.44,1290224,32663440.00
2020/11/13,17.35,17.41,16.76,17.03,2008611,49146308.00
2020/11/16,17.03,17.25,16.96,17.23,1054479,26045148.00
2020/11/17,17.23,17.28,16.85,17.10,748379,18366528.00
2020/11/18,17.06,17.18,16.91,16.93,940100,23031152.00
2020/11/19,16.98,17.06,16.86,17.00,694397,16999280.00
2020/11/20,17.05,17.05,16.94,16.98,610281,14949380.00
2020/11/23,17.00,17.11,16.78,17.06,1206497,29440602.00
2020/11/24,17.06,17.33,16.88,17.00,1270000,31337872.00
2020/11/25,17.09,17.10,16.55,16.58,1514000,36579016.00
2020/11/26,16.57,16.71,16.46,16.60,763400,18247492.00
2020/11/27,16.63,16.80,16.60,16.76,752413,18118000.00
2020/11/30,16.76,16.96,16.66,16.77,977500,23701300.00
2020/12/01,16.77,16.88,16.63,16.82,911416,22084706.00
2020/12/02,16.81,17.03,16.78,16.83,893161,21682648.00
2020/12/03,16.98,17.13,16.82,17.02,1070048,26180804.00
2020/12/04,16.93,17.13,16.85,17.05,789100,19303548.00
2020/12/07,17.05,17.10,16.64,16.64,1636500,39533504.00
2020/12/08,16.74,16.83,16.40,16.40,1711700,40741968.00
2020/12/09,16.37,16.55,16.14,16.15,1101236,25953882.00
2020/12/10,16.14,16.21,15.94,16.00,1068400,24770760.00
2020/12/11,16.00,16.06,15.43,15.60,1477600,33462512.00
2020/12/14,15.65,15.91,15.52,15.85,650979,14766655.00
2020/12/15,15.88,15.88,15.65,15.78,553004,12576918.00
2020/12/16,15.73,15.75,15.48,15.48,699079,15752663.00
2020/12/17,15.47,15.69,15.24,15.61,786600,17543352.00
2020/12/18,15.63,15.63,15.25,15.29,1068759,23769414.00
2020/12/21,15.38,15.46,15.14,15.35,969718,21494214.00
2020/12/22,15.34,15.43,15.13,15.18,898800,19841600.00
2020/12/23,15.18,15.20,14.88,14.95,1039900,22525556.00
2020/12/24,14.95,14.95,14.59,14.68,871236,18559956.00
2020/12/25,14.55,14.88,14.53,14.77,720799,15380409.00
2020/12/28,14.77,14.77,14.18,14.29,1413924,29396954.00
2020/12/29,14.71,15.77,14.50,15.77,1910137,42524272.00
2020/12/30,16.21,16.21,15.38,15.43,3072725,69736664.00
2020/12/31,15.35,15.58,15.15,15.54,1566878,34989032.00
2021/01/04,15.35,16.05,15.34,15.91,2097787,47838416.00
2021/01/05,15.70,15.93,15.57,15.88,1484636,33783284.00
2021/01/06,15.98,16.24,15.62,15.65,1671500,38309824.00
2021/01/07,15.69,15.88,15.00,15.16,1711289,37987032.00
2021/01/08,15.10,15.14,14.58,15.03,998406,21558196.00
2021/01/11,15.05,15.18,14.50,14.55,1102798,23402770.00
2021/01/12,14.72,15.00,14.55,14.91,904083,19420064.00
2021/01/13,14.91,14.95,14.59,14.69,779809,16590893.00
2021/01/14,14.85,16.21,14.85,16.21,1572709,36585900.00
2021/01/15,16.30,17.27,16.22,16.97,6629391,160208720.00
2021/01/18,16.50,16.71,16.16,16.69,3008230,71489520.00
2021/01/19,16.43,16.78,16.28,16.57,2071159,49395064.00
2021/01/20,16.53,16.85,16.27,16.80,2448709,58538096.00
2021/01/21,16.65,16.76,16.42,16.50,2052228,49021468.00
2021/01/22,16.39,16.73,16.38,16.58,1361849,32564624.00
2021/01/25,16.50,16.57,15.87,15.93,1822749,42346836.00
2021/01/26,15.82,16.25,15.46,16.12,1521265,34762296.00
2021/01/27,16.07,16.12,15.67,15.71,1082449,24738884.00
2021/01/28,15.62,16.03,15.47,15.63,1017100,23136440.00
2021/01/29,15.63,15.89,15.55,15.66,1064400,24116164.00
2021/02/01,15.43,15.50,15.13,15.22,1264955,27968792.00
2021/02/02,15.22,16.46,15.13,16.05,2126157,48800760.00
2021/02/03,15.96,16.02,15.64,15.75,1319622,30100874.00
2021/02/04,15.76,15.80,15.19,15.38,1180100,26319404.00
2021/02/05,15.43,15.99,15.23,15.32,1070600,24160626.00
2021/02/08,15.32,15.60,14.64,14.83,1947304,42753288.00
2021/02/09,14.58,14.96,14.20,14.78,1651400,34879568.00
2021/02/10,14.72,15.40,14.61,15.00,1368375,29744066.00
2021/02/18,15.20,15.59,15.15,15.29,1365850,30381980.00
2021/02/19,15.35,15.71,15.15,15.60,1786124,39963608.00
2021/02/22,15.76,16.03,15.52,15.53,1855200,42253640.00
2021/02/23,15.59,15.66,15.32,15.54,1144400,25672028.00
2021/02/24,15.53,15.84,15.39,15.47,1387700,31330660.00
2021/02/25,15.47,15.58,15.33,15.48,862300,19255722.00
2021/02/26,15.37,15.58,15.14,15.49,818675,18259570.00
2021/03/01,15.63,16.01,15.55,15.73,1311575,29854906.00
2021/03/02,16.09,17.04,15.93,16.38,3342390,79111048.00
2021/03/03,16.38,16.38,16.00,16.15,1502165,35003684.00
2021/03/04,16.00,16.35,15.85,16.12,1841354,42812468.00
2021/03/05,15.97,16.33,15.90,16.22,1239609,28924068.00
2021/03/08,16.44,16.50,15.93,15.93,1221400,28536782.00
2021/03/09,16.00,16.00,15.07,15.18,1705800,38158304.00
2021/03/10,15.21,15.49,15.15,15.21,902400,19923704.00
2021/03/11,15.35,15.60,15.10,15.50,831900,18508350.00
2021/03/12,15.54,15.78,15.44,15.55,745200,16768656.00
2021/03/15,15.48,15.73,15.35,15.46,761900,17094094.00
2021/03/16,15.57,16.20,15.47,15.88,1279610,29385836.00
2021/03/17,16.00,16.09,15.84,15.97,932200,21509828.00
2021/03/18,15.91,16.18,15.84,15.93,1015700,23480660.00
2021/03/19,15.85,16.15,15.75,16.07,988800,22843152.00
2021/03/22,15.91,16.23,15.91,16.20,1130933,26328390.00
2021/03/23,16.27,16.27,15.85,16.00,1080030,24977418.00
2021/03/24,15.91,16.14,15.91,15.99,766800,17743312.00
2021/03/25,16.08,16.60,15.85,16.24,1755800,41023296.00
2021/03/26,16.39,16.39,16.01,16.11,1214715,28258322.00
2021/03/29,16.14,16.25,15.95,15.95,899600,20870518.00
2021/03/30,15.93,16.05,15.78,15.89,830600,19067800.00
2021/03/31,15.89,16.23,15.80,16.01,938100,21669776.00
2021/04/01,15.96,16.08,15.83,15.85,833500,19196956.00
2021/04/02,15.85,16.08,15.71,16.05,1305200,29944840.00
2021/04/06,16.00,16.16,15.93,16.08,1024400,23757836.00
2021/04/07,16.13,16.35,16.02,16.33,1260333,29537824.00
2021/04/08,16.29,16.45,16.21,16.25,814741,19153246.00
2021/04/09,16.39,16.47,16.11,16.34,1210685,28446152.00
2021/04/12,16.40,16.43,15.87,15.98,1015000,23639392.00
2021/04/13,15.93,16.73,15.89,16.48,1943500,46051756.00
2021/04/14,16.27,16.43,15.98,16.32,1306000,30521906.00
2021/04/15,16.21,16.73,16.19,16.61,1878400,44764380.00
2021/04/16,16.57,16.95,16.48,16.93,1835801,44473588.00
2021/04/19,16.93,17.47,16.85,17.28,2929145,72765576.00
2021/04/20,17.27,18.34,17.22,17.95,3980121,102249656.00
2021/04/21,17.84,19.14,17.28,18.71,7618795,199722448.00
2021/04/22,18.78,18.78,17.85,18.21,5734679,149762128.00
2021/04/23,18.08,18.33,17.54,17.60,3806835,97919384.00
2021/04/26,17.60,17.95,17.13,17.20,3119049,78605640.00
2021/04/27,17.20,17.51,16.87,17.35,2426605,60061876.00
2021/04/28,17.35,17.48,17.06,17.18,1705900,42363324.00
2021/04/29,17.18,17.33,16.88,16.89,1586103,39044696.00
2021/04/30,16.93,17.02,16.55,16.80,1511200,36510712.00
2021/05/06,16.81,17.05,16.38,16.44,1504000,36221588.00
2021/05/07,16.44,16.63,16.20,16.63,1403930,33345948.00
2021/05/10,16.57,17.00,16.35,16.96,1576975,38037948.00
2021/05/11,16.83,17.16,16.69,16.99,1013900,24777292.00
2021/05/12,16.99,17.32,16.84,17.02,1271300,31296464.00
2021/05/13,16.78,16.81,16.46,16.47,1213458,29055828.00
2021/05/14,16.70,16.70,16.42,16.57,833800,19928120.00
2021/05/17,16.54,16.98,16.34,16.78,1297415,31213174.00
2021/05/18,16.85,16.88,16.57,16.78,749479,18129738.00
2021/05/19,16.82,17.05,16.80,16.96,924900,22600768.00
2021/05/20,17.07,17.07,16.78,16.88,736500,17937984.00
2021/05/21,17.01,17.75,16.77,17.75,2384670,59644228.00
2021/05/24,17.78,17.81,17.21,17.52,2083570,52338688.00
2021/05/25,17.58,17.82,17.25,17.80,1583577,28416356.00
2021/05/26,17.80,17.80,17.25,17.36,2095543,37225984.00
2021/05/27,17.40,17.42,17.10,17.27,1729006,30450268.00
2021/05/28,17.24,17.24,16.86,16.87,1732492,30093710.00
2021/05/31,16.84,17.09,16.72,17.02,1681731,29095576.00
2021/06/01,17.08,17.27,16.94,17.26,1698540,29717736.00
2021/06/02,17.25,17.25,16.85,16.94,1227740,21336462.00
2021/06/03,16.95,17.25,16.74,17.05,1428120,24871668.00
2021/06/04,17.04,17.09,16.86,16.91,970492,16781206.00
2021/06/07,16.91,17.41,16.82,17.26,1528077,26744658.00
2021/06/08,17.26,17.30,16.95,17.07,1094252,19049488.00
2021/06/09,17.04,17.05,16.84,16.89,911640,15751866.00
2021/06/10,16.94,17.12,16.76,17.04,1053377,18275964.00
2021/06/11,17.05,17.06,16.31,16.38,2545440,43275892.00
2021/06/15,16.34,16.38,15.79,15.84,2055020,33473658.00
2021/06/16,15.82,15.95,15.59,15.68,1001829,16147166.00
2021/06/17,15.66,15.94,15.60,15.88,840940,13574291.00
2021/06/18,16.01,16.01,15.53,15.72,1378300,22071042.00
2021/06/21,15.62,15.84,15.50,15.80,1118521,17944566.00
2021/06/22,15.81,15.91,15.72,15.84,977301,15784956.00
2021/06/23,15.84,15.86,15.68,15.82,875269,14126541.00
2021/06/24,15.94,16.16,15.75,16.14,1448820,23736452.00
2021/06/25,16.39,16.43,15.99,16.18,941512,15552622.00
2021/06/28,16.39,16.71,16.22,16.64,1639177,27811900.00
2021/06/29,16.52,17.02,16.52,16.58,1561760,26738956.00
2021/06/30,16.64,16.96,16.47,16.80,1289460,22086226.00
2021/07/01,16.74,16.90,16.56,16.58,1094100,18686770.00
2021/07/02,16.55,16.68,16.29,16.44,910820,15323232.00
2021/07/05,16.35,17.19,16.27,17.14,2390705,41462312.00
2021/07/06,17.14,17.29,16.87,17.04,1489500,25871738.00
2021/07/07,16.90,17.18,16.90,17.03,765880,13335214.00
2021/07/08,17.01,17.10,16.70,16.74,1166240,20056974.00
2021/07/09,16.61,16.88,16.59,16.71,1137920,19427920.00
2021/07/12,16.94,17.09,16.75,16.92,1232116,21338174.00
2021/07/13,16.77,17.14,16.65,16.83,1704320,29364298.00
2021/07/14,16.83,17.20,16.73,17.01,1751340,30451682.00
2021/07/15,17.01,17.09,16.70,16.98,1436178,24699592.00
2021/07/16,16.81,16.81,16.53,16.59,1185120,20148340.00
2021/07/19,16.54,16.66,16.22,16.64,1343538,22532894.00
2021/07/20,16.39,16.64,16.29,16.39,815420,13653829.00
2021/07/21,16.29,16.53,16.24,16.35,973440,16255993.00
2021/07/22,16.33,16.34,15.97,16.03,1403440,23052336.00
2021/07/23,15.96,16.24,15.74,15.80,1345400,21835594.00
2021/07/26,15.69,15.88,15.55,15.72,1024643,16421634.00
2021/07/27,15.64,15.83,15.34,15.40,1111040,17726268.00
2021/07/28,15.40,15.50,14.94,15.14,929560,14421139.00
2021/07/29,15.17,15.41,15.14,15.32,703760,11000476.00
2021/07/30,15.29,15.52,15.00,15.48,1238340,19333732.00
2021/08/02,15.35,15.89,15.29,15.80,1122280,18000968.00
2021/08/03,15.80,16.09,15.67,15.80,1060500,17197724.00
2021/08/04,15.75,15.80,15.55,15.66,861080,13781914.00
2021/08/05,15.68,16.04,15.68,15.77,1000940,16234964.00
2021/08/06,15.80,15.86,15.43,15.52,1002760,15961009.00
2021/08/09,15.56,15.78,15.42,15.76,927288,14822884.00
2021/08/10,15.65,16.03,15.64,15.89,1010240,16389631.00
2021/08/11,15.85,15.90,15.72,15.76,654540,10558159.00
2021/08/12,15.78,15.88,15.63,15.75,1072200,17258434.00
2021/08/13,15.82,16.22,15.75,16.02,1709750,27934840.00
2021/08/16,16.18,16.43,16.03,16.06,1515140,25122064.00
2021/08/17,16.10,16.99,16.03,16.57,3711250,62977064.00
2021/08/18,16.57,16.64,15.91,15.97,2714540,44788700.00
2021/08/19,15.89,16.30,15.79,15.91,1448865,23744768.00
2021/08/20,15.74,15.81,15.37,15.65,1521240,24149372.00
2021/08/23,15.65,16.02,15.55,15.92,1118645,18141644.00
2021/08/24,16.03,16.21,15.84,16.17,1233572,20250664.00
2021/08/25,16.18,16.43,16.04,16.19,1233650,20477650.00
2021/08/26,16.11,16.35,15.94,16.01,1211763,19938476.00
2021/08/27,16.01,16.19,15.72,15.97,1143020,18541606.00
2021/08/30,15.97,16.17,15.85,16.06,936571,15346638.00
2021/08/31,16.09,16.21,15.90,16.12,1175491,19335360.00
2021/09/01,16.19,16.33,15.89,16.23,1606791,26545980.00
2021/09/02,16.24,16.31,16.06,16.29,1365200,22603618.00
2021/09/03,16.24,16.54,16.21,16.49,1857840,31182196.00
2021/09/06,16.49,16.94,16.39,16.91,2670720,45752584.00
2021/09/07,16.90,16.90,16.54,16.69,2879001,49022132.00
2021/09/08,16.81,17.19,16.71,16.85,2464583,42610360.00
2021/09/09,16.82,16.92,16.55,16.64,1818902,30995634.00
2021/09/10,16.58,16.93,16.47,16.70,1918760,32653186.00
2021/09/13,16.66,16.78,16.56,16.70,1255880,21430144.00
2021/09/14,16.59,16.79,16.52,16.54,1534797,26094804.00
2021/09/15,16.55,16.61,16.29,16.42,1349071,22603904.00
2021/09/16,16.35,17.59,16.35,16.82,4554689,79186192.00
2021/09/17,16.80,18.11,16.53,17.79,7128514,125940896.00
2021/09/22,17.44,18.52,17.42,17.86,6343536,115707616.00
2021/09/23,17.86,17.97,17.39,17.74,3753797,67440656.00
2021/09/24,17.83,18.69,17.45,18.29,5408359,99709856.00
2021/09/27,19.22,20.16,18.82,20.16,8509564,172698720.00
2021/09/28,20.14,20.14,18.69,18.70,11328950,222806512.00
2021/09/29,18.70,19.29,17.99,19.28,7658740,145436832.00
2021/09/30,19.04,19.35,18.44,18.62,5218181,99843288.00
2021/10/08,18.22,19.27,18.02,18.84,4738850,90494896.00
2021/10/11,18.53,18.94,18.05,18.20,4235613,79336176.00
2021/10/12,18.02,18.47,17.54,17.78,4145891,75734760.00
2021/10/13,17.84,18.04,17.37,17.97,2437580,44059212.00
2021/10/14,17.94,18.12,17.49,17.49,2183030,39359744.00
2021/10/15,17.44,17.70,17.14,17.26,2107603,37478344.00
2021/10/18,17.17,17.53,16.71,17.53,1807552,31845126.00
2021/10/19,17.65,17.92,17.48,17.66,2241020,40485808.00
2021/10/20,17.60,17.79,17.16,17.30,2024570,35929176.00
2021/10/21,17.15,17.50,16.94,17.05,2193920,38485192.00
2021/10/22,16.95,17.19,16.84,17.13,1290420,22457928.00
2021/10/25,17.11,17.26,16.92,17.26,1345132,23522232.00
2021/10/26,17.06,17.39,17.00,17.06,1387120,24325088.00
2021/10/27,17.12,17.17,16.32,16.44,2454159,41665688.00
2021/10/28,16.44,16.70,16.34,16.42,1465972,24685104.00
2021/10/29,16.54,16.67,16.14,16.58,1582123,26604620.00
2021/11/01,16.72,17.07,16.48,16.88,1752183,30203770.00
2021/11/02,16.78,17.12,16.37,16.52,2195596,37396536.00
2021/11/03,16.42,16.79,16.39,16.72,1187320,20208568.00
2021/11/04,16.62,17.07,16.62,17.04,1494060,25865516.00
2021/11/05,17.04,17.16,16.83,16.96,1732418,30024616.00
2021/11/08,16.94,17.04,16.72,17.02,1128318,19524668.00
2021/11/09,17.04,17.17,16.87,17.12,1338780,23268076.00
2021/11/10,17.03,17.14,16.64,17.14,1871159,32352394.00
2021/11/11,17.02,17.24,17.01,17.06,1519300,26536756.00
2021/11/12,17.14,17.24,16.83,17.23,1644920,28660336.00
2021/11/15,17.23,17.63,17.14,17.39,2259465,40104380.00
2021/11/16,17.33,17.78,17.32,17.48,2340440,41923232.00
2021/11/17,17.58,17.89,17.43,17.67,2009372,36088152.00
2021/11/18,17.50,17.63,17.24,17.28,1636922,29104348.00
2021/11/19,17.25,17.94,17.09,17.93,3429989,61287336.00
2021/11/22,17.94,17.97,17.57,17.76,1859180,33604096.00
2021/11/23,17.75,17.75,17.47,17.61,1824340,32753926.00
2021/11/24,19.41,19.41,17.70,18.09,4658372,86836368.00
2021/11/25,18.19,18.24,17.73,17.99,2605322,47726904.00
2021/11/26,17.90,17.99,17.54,17.57,2072611,37345104.00
2021/11/29,17.37,17.69,17.29,17.59,1862774,33232832.00
2021/11/30,17.61,17.67,17.25,17.40,1879120,33474100.00
2021/12/01,17.40,17.45,17.26,17.44,1228552,21761226.00
2021/12/02,17.44,17.63,17.30,17.56,1891198,33786776.00
2021/12/03,17.54,17.69,17.45,17.55,1498768,26882470.00
2021/12/06,17.55,17.57,16.92,16.94,2097278,36751560.00
2021/12/07,17.00,17.08,16.63,16.68,1467220,25116532.00
2021/12/08,16.71,16.84,16.69,16.83,923457,15818321.00
2021/12/09,16.76,17.04,16.74,16.98,815941,14121036.00
2021/12/10,17.09,17.35,16.98,17.26,1810260,31784528.00
2021/12/13,17.35,17.53,16.92,16.95,1778300,31029162.00
2021/12/14,16.89,17.06,16.87,17.01,976560,16945156.00
2021/12/15,17.01,17.20,16.93,17.00,1021640,17824604.00
2021/12/16,16.99,17.26,16.92,17.21,1208148,21157290.00
2021/12/17,17.21,17.31,16.95,16.99,959888,16748000.00
2021/12/20,16.90,17.16,16.89,16.94,836277,14546692.00
2021/12/21,16.92,17.39,16.92,17.30,1470460,25848224.00
2021/12/22,17.30,17.78,17.20,17.64,1841508,32953102.00
2021/12/23,17.65,18.03,17.47,17.85,2532025,45952688.00
2021/12/24,17.95,18.14,17.66,17.69,2954260,54011732.00
2021/12/27,17.69,17.94,17.66,17.87,2150728,39104292.00
2021/12/28,17.81,17.93,17.58,17.72,1445660,26130456.00
2021/12/29,17.92,17.92,17.49,17.73,1279600,23101234.00
2021/12/30,17.74,18.16,17.58,18.07,2546680,46682200.00
2021/12/31,18.03,18.27,17.80,18.24,2539060,46754044.00
2022/01/04,18.22,18.41,17.95,18.34,2006040,37370144.00
2022/01/05,18.22,19.41,18.04,18.79,6473425,123852992.00
2022/01/06,19.14,19.43,18.28,18.85,8556137,165095344.00
2022/01/07,18.98,19.04,17.33,18.22,7121961,131581896.00
2022/01/10,18.06,18.56,17.84,18.30,4724645,88067136.00
2022/01/11,18.30,18.41,17.71,17.80,3023480,55411184.00
2022/01/12,17.86,18.62,17.65,18.52,4287715,80044592.00
2022/01/13,18.36,18.62,17.99,18.10,2417740,44847960.00
2022/01/14,18.12,19.12,17.98,18.79,6990410,133961480.00
2022/01/17,18.64,18.90,18.34,18.57,3499620,66269372.00
2022/01/18,18.39,18.39,17.84,17.87,3192100,58858652.00
2022/01/19,17.79,18.11,17.74,18.08,1719241,31514316.00
2022/01/20,18.04,18.17,17.53,17.60,1847940,33521324.00
2022/01/21,17.84,17.84,17.17,17.19,1822090,32144576.00
2022/01/24,17.17,17.36,16.95,17.18,1172480,20594148.00
2022/01/25,17.20,17.30,16.59,16.65,2152460,37108104.00
2022/01/26,16.65,17.04,16.65,16.83,952220,16378088.00
2022/01/27,16.82,16.99,16.27,16.30,1673620,28317328.00
2022/01/28,16.30,17.24,16.30,16.95,1570263,27078868.00
2022/02/07,17.03,17.38,17.02,17.25,1439020,25363972.00
2022/02/08,17.21,17.58,17.21,17.54,1223120,21841772.00
2022/02/09,17.62,18.01,17.48,17.94,1643756,29947604.00
2022/02/10,18.01,18.53,17.81,18.19,2158360,40108932.00
2022/02/11,18.14,18.42,17.91,18.07,2083480,38613152.00
2022/02/14,18.01,18.49,17.94,18.32,1333037,24861986.00
2022/02/15,18.42,18.42,18.07,18.18,878100,16312439.00
2022/02/16,18.39,18.54,18.13,18.32,1281280,23991650.00
2022/02/17,18.24,18.52,18.14,18.34,1244009,23341992.00
2022/02/18,18.14,18.73,18.14,18.48,1418900,26835092.00
2022/02/21,18.54,18.60,18.24,18.31,1027100,19209478.00
2022/02/22,18.26,18.33,17.91,18.18,1260100,23260944.00
2022/02/23,18.19,18.41,18.14,18.22,1898540,35306424.00
2022/02/24,18.21,18.39,17.75,17.89,1286440,23676054.00
2022/02/25,17.99,18.99,17.99,18.98,3194040,60731100.00
2022/02/28,19.12,19.12,18.02,18.07,3058920,57070740.00
2022/03/01,18.22,18.31,17.90,18.31,1686840,31268138.00
2022/03/02,18.25,18.67,18.05,18.59,1661580,31260488.00
2022/03/03,18.59,18.68,18.24,18.39,1131437,21257752.00
2022/03/04,18.34,18.90,18.30,18.65,2533400,48088184.00
2022/03/07,18.74,18.74,18.04,18.23,1772440,33106016.00
2022/03/08,18.11,18.24,17.61,17.89,2109980,38564684.00
2022/03/09,17.82,18.09,17.37,18.03,2110140,38330304.00
2022/03/10,18.32,18.68,17.92,18.13,1776980,33157024.00
2022/03/11,17.95,18.69,17.68,18.62,2380960,44662640.00
2022/03/14,18.53,18.75,17.74,17.99,2268269,41882408.00
2022/03/15,17.89,17.94,16.67,16.72,2320951,40882780.00
2022/03/16,17.04,17.31,16.32,17.28,2119749,36331248.00
2022/03/17,17.44,17.57,17.07,17.20,1244940,22034802.00
2022/03/18,17.09,17.66,17.09,17.62,1080400,19255796.00
2022/03/21,17.78,17.85,17.41,17.64,679960,12227134.00
2022/03/22,17.54,17.82,17.34,17.47,640280,11417862.00
2022/03/23,17.48,17.87,17.35,17.57,1051540,18902224.00
2022/03/24,17.48,19.36,17.27,18.83,11190340,215514944.00
2022/03/25,18.33,18.33,17.74,17.87,7984660,146425504.00
2022/03/28,17.44,17.78,16.78,17.07,5411799,95020320.00
2022/03/29,17.04,17.72,16.94,17.54,4220340,75194312.00
2022/03/30,17.55,17.55,17.17,17.39,2599460,45931456.00
2022/03/31,17.36,17.36,16.83,17.05,2288900,39923560.00
2022/04/01,16.99,17.25,16.94,17.12,1552860,27067204.00
2022/04/06,17.17,17.39,17.10,17.12,1191300,20934146.00
2022/04/07,17.07,17.08,16.55,16.71,1740265,29808042.00
2022/04/08,16.69,16.91,16.40,16.89,1620100,27602868.00
2022/04/11,16.88,16.88,16.47,16.62,992780,16835434.00
2022/04/12,16.63,16.82,16.40,16.81,787580,13395784.00
2022/04/13,16.81,16.92,16.60,16.62,669040,11462960.00
2022/04/14,16.62,16.82,16.02,16.26,1439035,23868634.00
2022/04/15,16.24,16.24,15.65,15.80,1448420,23486284.00
2022/04/18,15.82,16.37,15.54,16.20,956191,15673231.00
2022/04/19,16.20,16.69,16.16,16.38,1452771,24319960.00
2022/04/20,16.17,16.50,15.91,16.02,1068520,17713182.00
2022/04/21,15.85,15.93,15.15,15.17,1635040,25945128.00
2022/04/22,15.15,15.17,14.73,15.04,973003,14873355.00
2022/04/25,14.95,14.95,14.00,14.02,1384400,20437972.00
2022/04/26,14.03,14.08,13.24,13.44,1145300,16091158.00
2022/04/27,13.29,13.83,12.84,13.77,1530533,20832774.00
2022/04/28,13.67,13.86,13.14,13.33,827920,11395375.00
2022/04/29,13.33,14.01,13.32,13.83,938500,13243408.00
2022/05/05,14.04,14.43,13.91,13.94,1452320,21072396.00
2022/05/06,13.63,13.93,13.57,13.86,1276900,18033336.00
2022/05/09,13.86,14.78,13.65,14.62,3194789,46450744.00
2022/05/10,14.49,14.76,14.19,14.73,2397969,35674816.00
2022/05/11,14.85,15.33,14.24,14.36,3633485,55352800.00
2022/05/12,14.15,14.84,14.08,14.51,1687315,25032824.00
2022/05/13,14.60,14.64,14.35,14.57,1464555,21749840.00
2022/05/16,14.69,15.34,14.49,15.09,2161390,33100234.00
2022/05/17,15.19,15.73,14.41,15.25,2811064,43137536.00
2022/05/18,14.87,15.14,14.67,14.89,1877200,28773060.00
2022/05/19,14.52,14.66,14.26,14.46,1537265,22748456.00
2022/05/20,14.48,14.63,14.38,14.55,1030745,15324415.00
2022/05/23,14.55,14.73,14.46,14.70,949441,14239512.00
2022/05/24,14.68,14.90,14.09,14.13,1106982,16164372.00
2022/05/25,14.13,14.35,14.11,14.30,574980,8309632.00
2022/05/26,14.39,14.55,14.20,14.40,616225,8990799.00
2022/05/27,14.60,14.60,14.30,14.42,641800,9385221.00
2022/05/30,14.57,14.67,14.30,14.37,598440,8754707.00
2022/05/31,14.41,14.85,14.34,14.73,1250700,18505030.00
2022/06/01,14.73,14.97,14.57,14.94,1302260,19564356.00
2022/06/02,14.83,14.94,14.68,14.82,1072301,16090052.00
2022/06/06,14.79,15.09,14.72,15.05,1439520,21853322.00
2022/06/07,15.05,15.19,14.77,14.81,1090000,16425921.00
2022/06/08,14.82,14.90,14.48,14.83,970500,14484674.00
2022/06/09,14.86,14.97,14.55,14.65,859010,12836923.00
2022/06/10,14.62,14.83,14.46,14.77,984000,14627276.00
2022/06/13,14.77,14.91,14.60,14.86,837800,12583424.00
2022/06/14,14.68,14.88,14.50,14.84,777800,11613702.00
2022/06/15,14.85,15.00,14.70,14.82,1177377,17777672.00
2022/06/16,14.82,15.25,14.77,15.05,1573590,24050632.00
2022/06/17,15.00,15.20,14.73,14.96,1114100,16854438.00
2022/06/20,14.95,15.30,14.95,15.25,1285527,19779796.00
2022/06/21,15.31,15.32,15.03,15.19,989873,15229794.00
2022/06/22,15.30,15.30,14.90,14.95,1180265,17975932.00
2022/06/23,14.98,15.19,14.84,15.14,1106700,16893214.00
2022/06/24,15.18,15.46,15.05,15.43,1487839,23055672.00
2022/06/27,15.46,15.64,15.38,15.62,1392690,21908012.00
2022/06/28,15.68,15.72,15.47,15.61,1114171,17554392.00
2022/06/29,15.62,15.62,15.21,15.21,989620,15426896.00
2022/06/30,15.21,15.46,15.21,15.30,911972,14174159.00
2022/07/01,15.32,15.54,15.21,15.36,996352,15496108.00
2022/07/04,15.32,15.89,15.22,15.76,1588875,25109768.00
2022/07/05,15.78,15.79,15.23,15.43,1370740,21438024.00
2022/07/06,15.40,15.42,15.09,15.18,881555,13600526.00
2022/07/07,15.20,15.35,15.06,15.21,818838,12610491.00
2022/07/08,15.26,15.41,15.15,15.27,688100,10655760.00
2022/07/11,15.20,15.55,15.13,15.33,1363000,21149196.00
2022/07/12,15.30,15.33,14.85,14.86,1119611,16981384.00
2022/07/13,14.78,15.16,14.71,15.10,897200,13601811.00
2022/07/14,15.12,15.26,14.98,15.18,830600,12749673.00
2022/07/15,15.14,15.21,14.71,14.75,893720,13450788.00
2022/07/18,14.75,15.26,14.73,15.24,1515940,23228094.00
2022/07/19,15.08,15.34,15.08,15.30,707060,10916390.00
2022/07/20,15.35,15.39,15.19,15.24,573800,8873240.00
2022/07/21,15.18,15.27,15.06,15.06,709300,10891872.00
2022/07/22,15.27,15.27,14.82,14.93,708520,10743245.00
2022/07/25,15.10,15.16,14.91,15.00,652360,9936198.00
2022/07/26,14.90,15.05,14.63,14.97,603140,9073853.00
2022/07/27,14.99,15.03,14.78,14.89,617952,9322772.00
2022/07/28,14.98,15.57,14.80,15.31,1591488,24663940.00
2022/07/29,15.40,15.93,15.26,15.47,1983540,31556410.00
2022/08/01,15.58,15.58,15.18,15.20,954100,14737497.00
2022/08/02,15.21,15.21,14.34,14.54,1845970,27368738.00
2022/08/03,14.55,14.86,14.36,14.37,909431,13453437.00
2022/08/04,14.46,14.89,14.46,14.89,1108802,16550412.00
2022/08/05,14.95,14.96,14.72,14.94,667380,10043569.00
2022/08/08,14.94,15.15,14.80,15.09,529231,8063823.00
2022/08/09,15.09,15.30,14.85,15.21,1038780,15886113.00
2022/08/10,15.20,15.35,15.19,15.26,548300,8470014.00
2022/08/11,15.31,15.39,15.17,15.30,586540,9091351.00
2022/08/12,15.31,15.45,15.05,15.20,668480,10337697.00
2022/08/15,15.26,15.42,15.08,15.21,507580,7803545.00
2022/08/16,15.36,15.36,15.10,15.21,637984,9825314.00
2022/08/17,15.25,15.30,15.13,15.25,564020,8699245.00
2022/08/18,15.29,15.30,14.88,14.92,933020,14201143.00
2022/08/19,15.09,15.12,14.82,14.86,667000,10105852.00
2022/08/22,14.81,14.99,14.72,14.95,419380,6337733.00
2022/08/23,14.85,15.20,14.75,15.10,755765,11522333.00
2022/08/24,15.11,15.12,14.45,14.60,2309924,34461032.00
2022/08/25,14.50,14.80,14.45,14.75,1085420,16140903.00
2022/08/26,14.85,14.89,14.63,14.73,643920,9652241.00
2022/08/29,14.46,15.00,14.40,14.98,943985,14216629.00
2022/08/30,15.08,15.21,14.82,15.20,1028080,15685862.00
2022/08/31,15.27,15.27,14.88,14.88,888560,13508875.00
2022/09/01,14.95,15.11,14.81,14.82,836340,12675716.00
2022/09/02,15.03,15.05,14.84,15.05,697580,10563270.00
2022/09/05,15.04,15.15,14.74,14.90,855000,12879364.00
2022/09/06,14.90,15.05,14.79,15.02,572060,8668578.00
2022/09/07,15.05,15.05,14.81,14.83,725880,10926154.00
2022/09/08,14.80,14.98,14.69,14.71,730400,10948336.00
2022/09/09,14.75,14.82,14.51,14.62,745480,11050939.00
2022/09/13,14.72,15.00,14.59,14.96,1119420,16889112.00
2022/09/14,14.78,14.90,14.57,14.69,605280,9011145.00
2022/09/15,14.73,14.97,14.41,14.53,1014620,15009780.00
2022/09/16,14.50,14.59,14.05,14.10,1050580,15193902.00
2022/09/19,14.06,14.06,13.70,13.72,676000,9471858.00
2022/09/20,13.83,14.12,13.83,13.96,633782,8982141.00
2022/09/21,13.85,14.01,13.68,13.96,380160,5339696.00
2022/09/22,13.72,13.90,13.52,13.59,849580,11810888.00
2022/09/23,13.43,13.71,13.33,13.33,611082,8350774.00
2022/09/26,13.39,13.39,12.75,12.90,912500,12084572.00
2022/09/27,12.90,13.27,12.90,13.25,783560,10401116.00
2022/09/28,13.30,13.39,12.97,12.98,499280,6681679.00
2022/09/29,13.11,13.40,13.02,13.15,894634,11991766.00
2022/09/30,13.15,13.40,13.04,13.05,624180,8348387.00
2022/10/10,13.20,13.46,12.81,12.95,903406,12100288.00
2022/10/11,12.77,13.09,12.62,12.78,932702,12100534.00
2022/10/12,12.62,13.07,12.62,13.04,780512,10217331.00
2022/10/13,13.04,13.44,13.00,13.28,797280,10732846.00
2022/10/14,13.44,13.59,13.29,13.52,889460,12178914.00
2022/10/17,13.47,13.90,13.47,13.81,792482,11070317.00
2022/10/18,13.94,13.99,13.81,13.88,653089,9201945.00
2022/10/19,13.88,13.95,13.68,13.73,588540,8224572.00
2022/10/20,13.67,13.92,13.59,13.74,626240,8760737.00
2022/10/21,13.71,13.98,13.70,13.76,390540,5480889.00
2022/10/24,13.76,13.99,13.38,13.47,683060,9471764.00
2022/10/25,13.35,13.49,13.10,13.17,616777,8289687.00
2022/10/26,13.16,13.79,13.15,13.58,685543,9445888.00
2022/10/27,13.38,13.95,13.38,13.79,761820,10623699.00
2022/10/28,13.87,13.87,13.13,13.20,816523,11140017.00
2022/10/31,13.19,13.70,13.17,13.58,650838,8915698.00
2022/11/01,13.53,13.95,13.48,13.92,821966,11477127.00
2022/11/02,13.91,14.03,13.75,13.94,637208,9023652.00
2022/11/03,14.05,14.05,13.77,13.92,544541,7668618.00
2022/11/04,14.00,14.07,13.78,14.01,819756,11594221.00
2022/11/07,14.01,14.26,13.94,14.24,961057,13798506.00
2022/11/08,14.29,14.29,13.95,14.25,512008,7361604.00
2022/11/09,14.32,14.32,14.05,14.23,435860,6300724.00
2022/11/10,14.34,14.42,14.11,14.20,393111,5685583.00
2022/11/11,14.39,14.59,14.17,14.19,1047120,15263339.00
2022/11/14,14.22,14.44,14.22,14.27,667060,9678078.00
2022/11/15,14.19,14.40,14.13,14.29,674200,9751993.00
2022/11/16,14.47,14.47,14.21,14.26,779418,11298986.00
2022/11/17,14.26,14.38,14.21,14.34,628740,9133899.00
2022/11/18,14.38,14.42,14.22,14.22,601080,8739998.00
2022/11/21,14.16,14.37,14.00,14.36,680000,9809295.00
2022/11/22,14.45,14.47,14.06,14.12,555100,8016550.00
2022/11/23,14.17,14.21,13.70,13.78,1133260,15931055.00
2022/11/24,13.86,14.01,13.68,13.79,837240,11735206.00
2022/11/25,13.79,13.94,13.60,13.69,665122,9297530.00
2022/11/28,13.69,13.80,12.90,13.60,927726,12812885.00
2022/11/29,13.74,13.95,13.33,13.84,1690254,23685740.00
2022/11/30,13.90,14.05,13.86,13.99,849600,12029032.00
2022/12/01,14.08,14.08,13.88,13.90,834120,11824431.00
2022/12/02,14.00,14.04,13.85,13.95,698880,9897765.00
2022/12/05,14.08,14.10,13.85,13.97,1346547,19043526.00
2022/12/06,13.97,14.04,13.81,13.87,875180,12365283.00
2022/12/07,13.90,14.13,13.76,14.04,1128100,16005900.00
2022/12/08,13.99,14.12,13.92,14.00,806800,11460248.00
2022/12/09,13.97,14.11,13.88,13.89,746280,10555992.00
2022/12/12,13.85,14.08,13.85,13.99,816300,11594071.00
2022/12/13,14.05,14.09,13.88,14.01,1043120,14817033.00
2022/12/14,14.05,14.05,13.85,13.94,903500,12747415.00
2022/12/15,13.95,14.01,13.76,13.79,738220,10363190.00
2022/12/16,13.79,13.84,13.64,13.68,546760,7604459.00
2022/12/19,13.60,13.76,13.45,13.48,593744,8153759.00
2022/12/20,13.48,13.64,13.24,13.29,600900,8136956.00
2022/12/21,13.69,13.74,13.22,13.40,832611,11287145.00
2022/12/22,13.30,13.49,13.15,13.16,601400,8131748.00
2022/12/23,13.14,13.35,13.05,13.18,622420,8353439.00
2022/12/26,13.38,13.38,13.02,13.10,1078600,14392515.00
2022/12/27,13.02,13.30,12.94,13.27,787380,10506361.00
2022/12/28,13.29,13.29,13.01,13.11,465980,6212778.00
2022/12/29,13.20,13.21,13.03,13.06,429960,5716040.00
2022/12/30,12.93,13.28,12.93,13.22,542280,7214263.00
2023/01/03,12.95,14.14,12.95,13.59,2143850,29810884.00
2023/01/04,13.57,13.80,13.50,13.52,1132292,15625728.00
2023/01/05,13.55,13.72,13.40,13.58,745220,10264832.00
2023/01/06,13.59,13.79,13.48,13.48,617000,8475582.00
2023/01/09,13.48,13.59,13.46,13.49,628100,8603106.00
2023/01/10,13.56,13.61,13.40,13.42,537342,7329017.00
2023/01/11,13.51,13.53,13.41,13.44,512800,7007287.00
2023/01/12,13.44,13.52,13.36,13.37,399380,5443770.00
2023/01/13,13.44,13.57,13.38,13.57,457360,6258691.00
2023/01/16,13.70,13.73,13.60,13.67,912240,12660770.00
2023/01/17,13.70,13.71,13.44,13.49,693940,9537689.00
2023/01/18,13.49,13.57,13.43,13.54,443522,6079785.00
2023/01/19,13.54,13.65,13.46,13.63,354812,4887946.00
2023/01/20,13.64,13.88,13.64,13.86,900560,12591214.00
2023/01/30,13.90,14.01,13.81,13.89,870842,12252871.00
2023/01/31,13.80,13.99,13.79,13.94,792622,11173526.00
2023/02/01,14.00,14.02,13.85,13.98,1085780,15355444.00
2023/02/02,14.00,14.37,13.93,14.30,2004922,28775104.00
2023/02/03,14.20,14.25,13.99,14.06,1183852,16917272.00
2023/02/06,14.03,14.17,13.98,14.06,810300,11563850.00
2023/02/07,14.07,14.16,13.99,14.05,729720,10394782.00
2023/02/08,14.08,14.39,13.99,14.13,1529678,21965462.00
2023/02/09,14.20,14.46,14.09,14.37,1492678,21646132.00
2023/02/10,14.32,14.52,14.30,14.50,1524666,22286164.00
2023/02/13,14.60,14.83,14.38,14.50,1330074,19664104.00
2023/02/14,14.56,14.68,14.30,14.39,901980,13235394.00
2023/02/15,14.36,14.65,14.31,14.36,2364600,34607424.00
2023/02/16,14.36,14.46,13.80,13.91,1462453,20993096.00
2023/02/17,13.99,14.24,13.93,14.11,1328367,19048108.00
2023/02/20,14.25,14.28,13.99,14.18,731860,10482098.00
2023/02/21,14.24,14.37,14.05,14.19,904280,13048705.00
2023/02/22,14.13,14.51,14.07,14.46,1395320,20348222.00
2023/02/23,14.39,14.75,14.39,14.54,1386910,20517324.00
2023/02/24,14.60,14.75,14.40,14.60,959360,14192310.00
2023/02/27,14.61,14.68,14.27,14.41,1155900,16858412.00
2023/02/28,14.33,14.71,14.33,14.54,778320,11476294.00
2023/03/01,14.54,14.54,14.29,14.42,1273420,18547748.00
2023/03/02,14.38,14.47,14.10,14.21,1394000,20115496.00
2023/03/03,14.20,14.52,14.15,14.41,2425830,35244204.00
2023/03/06,14.41,14.55,14.36,14.53,1325930,19448396.00
2023/03/07,14.52,14.75,14.33,14.42,1264520,18665168.00
2023/03/08,15.00,15.00,14.25,14.34,1034900,15154254.00
2023/03/09,14.51,14.52,14.30,14.36,697100,10172092.00
2023/03/10,14.30,14.36,14.20,14.21,730480,10558025.00
2023/03/13,14.25,14.25,13.88,14.01,998080,14166072.00
2023/03/14,14.10,14.10,13.76,13.84,1012920,14282814.00
2023/03/15,13.98,14.18,13.85,14.11,961160,13685555.00
2023/03/16,13.99,14.10,13.69,13.69,1207860,16951960.00
2023/03/17,13.73,13.81,13.53,13.65,1181960,16377377.00
2023/03/20,13.61,13.65,13.32,13.50,1263100,17297992.00
2023/03/21,13.50,13.76,13.38,13.69,1106180,15300562.00
2023/03/22,13.69,13.87,13.68,13.73,622440,8701750.00
2023/03/23,13.75,13.88,13.66,13.79,787100,10989251.00
2023/03/24,13.94,14.17,13.80,14.06,1450586,20592104.00
2023/03/27,14.16,14.37,13.99,14.18,1532426,22041408.00
2023/03/28,14.17,14.63,14.17,14.55,1978180,29068456.00
2023/03/29,14.53,14.65,14.17,14.21,1405452,20439202.00
2023/03/30,14.18,14.36,14.10,14.17,1045040,15066057.00
2023/03/31,14.18,14.47,14.16,14.38,1489046,21656072.00
2023/04/03,14.54,14.54,14.20,14.37,1129860,16441450.00
2023/04/04,14.43,14.52,14.24,14.32,1177780,17136590.00
2023/04/06,14.32,14.32,14.09,14.16,1032180,14827075.00
2023/04/07,14.19,14.55,14.09,14.43,1314500,19148628.00
2023/04/10,14.46,14.51,14.09,14.10,1012080,14595237.00
2023/04/11,14.16,14.21,13.96,14.03,1077760,15371058.00
2023/04/12,14.17,14.17,13.79,13.88,1027700,14498043.00
2023/04/13,13.88,13.96,13.79,13.86,732420,10318374.00
2023/04/14,13.93,13.99,13.78,13.87,774900,10906727.00
2023/04/17,13.98,13.98,13.76,13.88,1043280,14639154.00
2023/04/18,13.96,13.96,13.64,13.71,891920,12405853.00
2023/04/19,13.73,13.74,13.53,13.59,845720,11653267.00
2023/04/20,13.53,13.69,13.34,13.46,1158040,15780611.00
2023/04/21,13.53,13.59,13.20,13.22,990760,13436368.00
2023/04/24,13.24,13.27,12.95,12.98,1106520,14642624.00
2023/04/25,13.03,13.16,12.65,12.78,1196659,15561670.00
2023/04/26,12.67,12.96,12.67,12.86,583619,7619566.00
2023/04/27,12.68,12.90,12.65,12.80,739140,9614842.00
2023/04/28,12.80,13.14,12.80,13.01,948040,12493680.00
2023/05/04,12.95,13.16,12.90,13.06,799680,10593983.00
2023/05/05,13.11,13.11,12.76,12.92,1087960,14256021.00
2023/05/08,13.00,13.25,12.90,13.04,812018,10719942.00
2023/05/09,13.09,13.09,12.81,12.83,731640,9598791.00
2023/05/10,12.96,12.96,12.71,12.79,599220,7774832.00
2023/05/11,12.77,12.95,12.77,12.93,507980,6649566.00
2023/05/12,12.88,13.01,12.83,12.93,453484,5965409.00
2023/05/15,12.90,13.00,12.75,12.96,610200,7978166.00
2023/05/16,12.96,13.10,12.91,12.96,527660,6971569.00
2023/05/17,12.96,13.09,12.84,13.08,560620,7392736.00
2023/05/18,13.08,13.17,12.95,13.06,564300,7464510.00
2023/05/19,13.06,13.24,12.97,13.22,766960,10247923.00
2023/05/22,13.26,13.28,13.11,13.23,518520,6954396.00
2023/05/23,13.23,13.31,13.18,13.18,487496,6556094.00
2023/05/24,13.11,13.17,13.01,13.04,541418,7180253.00
2023/05/25,13.04,13.04,12.81,12.98,494200,6483109.00
2023/05/26,13.01,13.05,12.83,13.02,477882,6285802.00
2023/05/29,13.02,13.30,12.92,12.95,577760,7651907.00
2023/05/30,12.76,13.13,12.76,13.02,718780,9475139.00
2023/05/31,12.96,13.10,12.92,12.96,450420,5891268.00
2023/06/01,12.96,13.05,12.84,12.94,681720,8888643.00
2023/06/02,12.98,13.38,12.96,13.23,1781726,23650372.00
2023/06/05,13.23,13.29,13.05,13.16,868300,11494819.00
2023/06/06,13.15,13.38,12.96,12.97,907840,12017179.00
2023/06/07,12.89,13.03,12.88,13.00,413601,5405869.00
2023/06/08,12.99,13.15,12.96,13.04,547720,7206228.00
2023/06/09,13.05,13.15,12.89,12.97,462806,6077630.00
2023/06/12,12.97,13.13,12.90,13.10,695446,9146205.00
2023/06/13,13.08,13.15,13.00,13.11,517380,6818852.00
2023/06/14,13.18,13.22,13.06,13.13,533840,7060239.00
2023/06/15,13.14,13.15,13.03,13.13,380300,5014071.00
2023/06/16,13.11,13.16,13.02,13.09,635822,8388660.00
2023/06/19,13.13,13.13,12.97,12.98,613008,8039239.00
2023/06/20,12.96,13.01,12.82,12.85,994040,12896035.00
2023/06/21,12.90,12.91,12.67,12.68,721040,9258852.00
2023/06/26,12.68,12.76,12.39,12.44,772180,9714928.00
2023/06/27,12.58,12.67,12.40,12.62,551200,6991867.00
2023/06/28,12.58,13.21,12.50,12.84,1139600,14728308.00
2023/06/29,12.93,13.00,12.78,12.83,416649,5407842.00
2023/06/30,12.91,13.12,12.91,13.01,751220,9870717.00
2023/07/03,13.15,13.25,13.01,13.08,615507,8144135.00
2023/07/04,13.03,13.20,13.03,13.09,461260,6081839.00
2023/07/05,13.11,13.18,13.02,13.12,541080,7164297.00
2023/07/06,13.08,13.40,13.08,13.11,1137480,15169323.00
2023/07/07,13.14,13.29,13.07,13.18,869240,11571268.00
2023/07/10,13.23,13.36,13.21,13.31,1070980,14350691.00
2023/07/11,13.40,13.40,13.20,13.28,600760,8027678.00
2023/07/12,13.23,13.37,13.14,13.16,654080,8721938.00
2023/07/13,13.23,13.32,13.20,13.31,564080,7546527.00
2023/07/14,13.38,13.38,13.20,13.31,539560,7235088.00
2023/07/17,13.23,13.40,13.11,13.38,935407,12534502.00
2023/07/18,13.38,13.57,13.37,13.50,747687,10153578.00
2023/07/19,13.57,13.64,13.51,13.62,832760,11405242.00
2023/07/20,13.67,13.67,13.46,13.50,745020,10147249.00
2023/07/21,13.59,13.68,13.50,13.59,762320,10454558.00
2023/07/24,13.60,13.69,13.48,13.56,708440,9675849.00
2023/07/25,13.67,13.67,13.50,13.55,782502,10684794.00
2023/07/26,13.55,13.58,13.44,13.53,603220,8211044.00
2023/07/27,13.58,13.59,13.47,13.50,694920,9478004.00
2023/07/28,13.55,13.64,13.45,13.56,570140,7775562.00
2023/07/31,13.75,13.75,13.56,13.66,708100,9730329.00
2023/08/01,13.70,13.77,13.62,13.64,590438,8142093.00
2023/08/02,13.63,13.63,13.44,13.50,794040,10803412.00
2023/08/03,13.43,13.58,13.31,13.48,909960,12322342.00
2023/08/04,13.50,13.67,13.40,13.44,780860,10616423.00
2023/08/07,13.58,13.60,13.24,13.30,1124520,15096210.00
2023/08/08,13.29,13.30,13.11,13.16,844200,11204141.00
2023/08/09,13.26,13.39,13.07,13.19,915420,12132236.00
2023/08/10,13.14,13.34,13.05,13.29,819242,10886076.00
2023/08/11,13.29,13.32,13.06,13.10,1293220,17159210.00
2023/08/14,13.10,13.46,12.85,13.38,3107600,41329820.00
2023/08/15,13.27,13.85,13.14,13.61,3323740,45451852.00
2023/08/16,13.55,13.77,13.35,13.54,1568618,21485082.00
2023/08/17,13.51,14.22,13.37,14.00,3304180,46075816.00
2023/08/18,13.91,14.08,13.41,13.52,2796160,38377032.00
2023/08/21,13.51,13.52,13.11,13.21,1890258,25218944.00
2023/08/22,13.30,13.30,12.80,13.08,1770150,23182074.00
2023/08/23,13.08,13.35,12.88,13.23,1448332,19301208.00
2023/08/24,13.25,13.72,13.03,13.54,2367760,32057556.00
2023/08/25,13.47,13.79,13.33,13.36,2189960,30026518.00
2023/08/28,13.90,13.93,13.25,13.27,2885920,39187764.00
2023/08/29,13.24,13.69,13.18,13.66,1959980,26606600.00
2023/08/30,13.72,14.03,13.66,13.86,2479180,34703712.00
2023/08/31,13.80,13.95,13.57,13.74,4616500,63928800.00
2023/09/01,13.64,13.90,13.51,13.83,2379900,33003364.00
2023/09/04,13.87,14.14,13.75,13.97,2686200,37717248.00
2023/09/05,13.90,14.02,13.73,13.80,1036200,14441946.00
2023/09/06,13.88,13.88,13.60,13.75,1196860,16559552.00
2023/09/07,13.70,13.95,13.39,13.44,1815720,24808360.00
2023/09/08,13.53,13.78,13.46,13.69,1431160,19698630.00
2023/09/11,13.68,13.98,13.62,13.80,1566600,21819744.00
2023/09/12,13.73,13.91,13.73,13.83,817680,11399416.00
2023/09/13,13.88,13.93,13.56,13.71,1527750,21055404.00
2023/09/14,13.72,13.73,13.45,13.54,1125280,15354424.00
2023/09/15,13.69,13.86,13.54,13.77,1123680,15562491.00
2023/09/18,13.77,13.91,13.58,13.88,1170660,16308201.00
2023/09/19,13.90,13.98,13.81,13.87,1247400,17461632.00
2023/09/20,13.83,14.06,13.75,13.96,1858040,26133500.00
2023/09/21,13.81,13.93,13.68,13.80,1552200,21544554.00
2023/09/22,13.70,13.85,13.62,13.76,1131840,15662049.00
2023/09/25,13.73,13.98,13.66,13.90,1323260,18529828.00
2023/09/26,13.93,13.94,13.74,13.75,883063,12274106.00
2023/09/27,13.80,13.98,13.68,13.93,1188560,16601273.00
2023/09/28,13.92,13.96,13.79,13.88,904880,12630610.00
2023/10/09,13.88,13.89,13.58,13.68,1812840,24954648.00
2023/10/10,13.82,13.86,13.34,13.43,1660710,22605900.00
2023/10/11,13.42,13.66,13.40,13.62,1315020,17952816.00
2023/10/12,13.62,13.72,13.53,13.67,1012060,13901881.00
2023/10/13,13.68,13.84,13.42,13.77,1404160,19436348.00
2023/10/16,13.91,13.91,13.63,13.72,1478240,20460430.00
2023/10/17,13.61,13.72,13.45,13.50,985040,13418442.00
2023/10/18,13.60,13.72,13.28,13.29,1068280,14431999.00
2023/10/19,13.29,13.45,13.06,13.22,1003040,13449196.00
2023/10/20,13.20,13.35,13.04,13.10,905540,12007992.00
2023/10/23,12.90,13.31,12.75,12.78,1290820,16717469.00
2023/10/24,12.78,13.32,12.71,13.25,1227400,16225268.00
2023/10/25,13.37,13.62,13.25,13.48,986920,13343356.00
2023/10/26,13.30,13.56,13.18,13.49,974000,13198923.00
2023/10/27,13.55,13.84,13.38,13.82,1429380,19714204.00
2023/10/30,13.90,14.31,13.82,14.20,2816700,40213168.00
2023/10/31,14.13,14.29,13.70,13.89,3322500,46743300.00
2023/11/01,14.00,14.14,13.88,14.11,1978980,27959084.00
2023/11/02,14.11,14.11,13.90,13.97,1178900,16578315.00
2023/11/03,13.91,14.03,13.82,13.94,1242300,17484648.00
2023/11/06,14.06,14.10,13.88,13.92,1523740,21420256.00
2023/11/07,13.94,14.00,13.74,13.96,1766900,24719868.00
2023/11/08,13.96,14.06,13.89,13.99,1322320,18621308.00
2023/11/09,13.99,14.10,13.88,13.89,1555500,21887812.00
2023/11/10,13.93,14.02,13.76,13.98,1239220,17401804.00
2023/11/13,14.01,14.04,13.80,14.00,1549520,21713356.00
2023/11/14,14.00,14.05,13.79,13.87,1490620,20841892.00
2023/11/15,13.94,13.97,13.79,13.85,1422100,19850476.00
2023/11/16,13.96,14.01,13.63,13.67,1880120,26095304.00
2023/11/17,13.70,14.03,13.63,13.96,1376840,19197484.00
2023/11/20,13.91,14.25,13.91,14.19,1682380,23895734.00
2023/11/21,14.20,14.28,14.03,14.08,1371400,19509916.00
2023/11/22,14.06,14.24,13.96,14.12,1650920,23469858.00
2023/11/23,14.09,14.30,14.06,14.24,1290740,18465060.00
2023/11/24,14.28,14.55,14.22,14.32,2019440,29166448.00
2023/11/27,14.28,14.45,14.15,14.26,1627620,23365740.00
2023/11/28,14.28,14.43,14.13,14.42,2066540,29823788.00
2023/11/29,14.41,14.46,14.20,14.25,1069400,15391801.00
2023/11/30,14.23,14.31,14.12,14.30,1549140,22188858.00
2023/12/01,14.30,14.36,14.20,14.25,1472960,21198676.00
2023/12/04,14.31,14.39,14.13,14.15,1404680,20115300.00
2023/12/05,14.20,14.31,14.12,14.17,1953960,28042128.00
2023/12/06,14.18,14.48,14.15,14.37,1714220,24745624.00
2023/12/07,14.33,14.49,14.16,14.27,1450000,20870784.00
2023/12/08,14.29,14.32,14.10,14.13,1542900,22043410.00
2023/12/11,13.97,14.16,13.82,14.10,1976240,27979942.00
2023/12/12,14.11,14.26,13.95,14.10,1031060,14605381.00
2023/12/13,14.11,14.20,13.93,13.98,1092338,15482663.00
2023/12/14,14.01,14.06,13.90,13.94,819760,11536995.00
2023/12/15,14.05,14.05,13.79,13.87,1032920,14459772.00
2023/12/18,13.89,14.14,13.72,13.90,1634820,23030920.00
2023/12/19,13.88,14.05,13.77,13.99,1270520,17800492.00
2023/12/20,13.95,13.99,13.79,13.86,1059346,14829631.00
2023/12/21,13.79,13.93,13.55,13.83,1389026,19277422.00
2023/12/22,14.06,14.06,13.46,13.62,1399760,19330000.00
2023/12/25,13.86,14.99,13.86,14.99,4619242,69653120.00
2023/12/26,16.50,16.50,16.50,16.50,2457939,40801788.00
2023/12/27,17.83,18.16,15.19,15.78,36843434,629386880.00
2023/12/28,14.99,15.58,14.37,15.28,32224601,481492992.00
2023/12/29,14.95,15.24,14.76,15.12,18653200,281838848.00
2024/01/02,15.04,15.07,14.70,14.71,14917800,222740544.00
2024/01/03,14.64,14.84,14.36,14.52,12660960,185553760.00
2024/01/04,14.36,14.55,14.12,14.15,10381731,149200016.00
2024/01/05,14.15,14.36,14.03,14.12,9182140,131271840.00
2024/01/08,14.07,14.21,13.42,13.43,8945860,123848856.00
2024/01/09,13.53,13.76,13.46,13.57,6684920,91571304.00
2024/01/10,13.57,13.63,13.30,13.51,5030731,68395560.00
2024/01/11,13.57,13.75,13.54,13.72,4328260,59595912.00
2024/01/12,13.71,13.91,13.49,13.49,4471380,61615212.00
2024/01/15,13.40,13.57,13.37,13.39,3404900,46171556.00
2024/01/16,13.38,13.41,12.97,13.21,5549280,73502720.00
2024/01/17,13.12,13.26,12.89,12.91,3386600,44664920.00
2024/01/18,12.90,12.90,12.20,12.54,5120200,64475016.00
2024/01/19,12.51,12.58,12.33,12.37,3220820,40308632.00
2024/01/22,12.33,12.39,11.31,11.43,5311800,63237772.00
2024/01/23,11.35,11.43,11.05,11.30,4125420,46757932.00
2024/01/24,11.30,11.47,10.97,11.46,3476060,39510480.00
2024/01/25,11.50,12.00,11.46,11.96,5383700,63878488.00
2024/01/26,11.94,12.25,11.89,12.04,4115580,50242280.00
2024/01/29,12.10,12.13,11.64,11.71,3381040,40265616.00
2024/01/30,11.66,11.84,11.35,11.38,3064600,35889524.00
2024/01/31,11.30,11.39,10.74,10.77,3333762,37147736.00
2024/02/01,10.77,10.85,10.34,10.53,3351020,35742368.00
2024/02/02,10.54,10.79,9.70,10.03,4137080,42837432.00
2024/02/05,9.87,10.13,9.02,9.03,5449560,50703948.00
2024/02/06,8.92,9.25,8.33,8.98,6307160,55548140.00
2024/02/07,9.01,9.01,8.07,8.07,8031700,67939680.00
2024/02/08,7.93,8.89,7.60,8.89,9373880,78150856.00
2024/02/19,8.90,9.51,8.90,9.26,7116719,66502380.00
2024/02/20,9.15,9.46,9.08,9.40,4411759,41493488.00
2024/02/21,9.27,9.81,9.25,9.56,3636660,35224116.00
2024/02/22,9.61,9.80,9.43,9.76,3491310,34044680.00
2024/02/23,9.77,10.16,9.70,10.16,4614230,46274608.00
2024/02/26,10.16,10.56,9.91,10.25,5035180,52359088.00
2024/02/27,10.25,10.65,10.11,10.61,3879400,40962656.00
2024/02/28,10.69,11.19,9.69,9.72,8700212,91294504.00
2024/02/29,9.73,10.04,9.65,10.03,4973880,49682536.00
2024/03/01,10.05,10.25,9.91,10.10,3563080,36258288.00
2024/03/04,10.10,10.27,9.93,10.06,3748080,38194920.00
2024/03/05,10.00,10.10,9.81,9.83,3285680,32798710.00
2024/03/06,9.80,9.95,9.65,9.90,2618280,25967000.00
2024/03/07,9.90,10.08,9.82,9.88,2819540,28317000.00
2024/03/08,9.86,10.01,9.80,9.93,2323040,23269212.00
2024/03/11,9.90,10.25,9.88,10.23,3601900,36794120.00
2024/03/12,10.22,10.41,10.13,10.34,4003510,41570792.00
2024/03/13,10.40,10.46,10.18,10.34,3130000,32557472.00
2024/03/14,10.42,10.76,10.34,10.51,4912880,52399616.00
2024/03/15,10.49,10.56,10.30,10.46,4135660,43475008.00
2024/03/18,10.48,10.67,10.44,10.66,3344120,35654476.00
2024/03/19,10.72,11.06,10.69,10.93,4961940,54479328.00
2024/03/20,10.92,11.04,10.75,10.97,3507000,38527632.00
2024/03/21,11.06,11.11,10.80,11.00,3331720,36849736.00
2024/03/22,11.06,11.22,10.69,10.80,3184200,34945048.00
2024/03/25,10.74,11.50,10.66,11.19,7186180,80010840.00
2024/03/26,10.90,12.17,10.82,11.91,17716570,205525824.00
2024/03/27,11.64,11.77,11.09,11.54,14815201,170964624.00
2024/03/28,11.11,11.20,10.38,11.06,12389312,136310512.00
2024/03/29,10.94,12.17,10.78,11.36,15689700,183011200.00
2024/04/01,10.89,11.55,10.84,11.15,11075151,124485880.00
2024/04/02,11.09,11.20,10.87,10.95,6025714,66717504.00
2024/04/03,10.87,11.29,10.87,11.16,6605039,74063248.00
2024/04/08,11.16,11.16,10.62,10.63,6065169,66038776.00
2024/04/09,10.58,11.00,10.55,10.96,4608940,50268000.00
2024/04/10,11.00,11.02,10.50,10.58,3816260,41132920.00
2024/04/11,10.57,10.75,10.41,10.44,3566880,38056356.00
2024/04/12,10.49,10.63,10.40,10.41,2544540,26947316.00
2024/04/15,10.41,10.45,9.59,9.79,5768520,57740856.00
2024/04/16,9.79,9.79,8.93,8.95,5634940,51912104.00
2024/04/17,9.01,9.62,9.01,9.61,4152780,39617916.00
2024/04/18,9.53,9.92,9.43,9.72,3281240,32242524.00
2024/04/19,9.71,9.82,9.53,9.60,2312040,22530040.00
2024/04/22,9.61,9.85,9.40,9.72,2500280,24440588.00
2024/04/23,9.72,10.08,9.70,10.03,2614360,26244880.00
2024/04/24,10.06,10.11,9.95,10.07,2219400,22548074.00
2024/04/25,10.05,10.42,10.04,10.32,2380140,24762282.00
2024/04/26,10.33,11.36,9.91,11.36,8056540,87334848.00
2024/04/29,12.51,12.51,12.51,12.51,2895340,36510236.00
2024/04/30,13.77,13.77,13.77,13.77,2581340,35803184.00
2024/05/06,15.16,15.16,15.16,15.16,1569100,23944466.00
2024/05/07,16.69,16.69,16.69,16.69,4436740,74492864.00
2024/05/08,18.37,18.37,18.37,18.37,16761077,309577088.00
2024/05/09,20.01,20.22,19.09,20.22,35444322,708637248.00
2024/05/10,21.29,22.25,20.27,20.30,69294875,1519068288.00
2024/05/13,19.57,21.40,18.67,19.30,58372927,1172240896.00
2024/05/14,18.51,18.96,17.36,17.36,45204706,815963648.00
2024/05/15,16.57,17.23,15.97,17.04,39009319,650796416.00
2024/05/16,16.68,18.26,16.51,17.95,47774333,836381120.00
2024/05/17,17.30,17.78,16.60,17.27,36001198,623151104.00
2024/05/20,17.20,19.01,17.10,18.32,44932536,817959296.00
2024/05/21,17.80,18.44,17.41,18.22,29629316,533618304.00
2024/05/22,18.03,18.88,16.90,17.07,36058381,644070464.00
2024/05/23,16.43,17.00,15.90,15.92,27733977,455837344.00
2024/05/24,16.50,16.73,16.04,16.09,26720718,441087008.00
2024/05/27,15.50,15.60,14.78,15.42,25391853,388606528.00
2024/05/28,15.42,15.66,15.03,15.17,15437640,237026608.00
2024/05/29,14.98,15.32,14.94,15.14,12378780,187952512.00
2024/05/30,15.02,15.10,14.50,14.57,15606612,229717024.00
2024/05/31,14.80,14.85,14.32,14.42,12156240,176334432.00
2024/06/03,14.48,14.53,14.12,14.30,10708400,152912960.00
2024/06/04,14.28,14.40,14.10,14.32,10965260,156244816.00
2024/06/05,14.22,14.40,13.88,13.89,11979200,168979968.00
2024/06/06,13.91,14.00,13.27,13.40,12575200,170429760.00
2024/06/07,13.55,13.75,13.28,13.63,11624840,157322752.00
2024/06/11,13.54,13.88,13.42,13.79,10374420,142320960.00
2024/06/12,13.79,14.46,13.75,14.42,19709560,280182784.00
2024/06/13,14.36,14.36,13.80,13.90,16714080,233796448.00
2024/06/14,13.78,14.02,13.58,13.95,10650920,147447392.00
2024/06/17,13.85,13.90,13.63,13.70,8776100,120367976.00
2024/06/18,13.79,13.92,13.64,13.81,8754996,120685408.00
2024/06/19,13.80,14.18,13.68,14.04,12323156,171395520.00
2024/06/20,14.00,14.45,13.44,13.44,18809656,262943056.00
2024/06/21,13.34,13.76,13.22,13.44,10934900,147627440.00
2024/06/24,13.43,13.43,12.75,12.77,12180960,158037792.00
2024/06/25,12.78,13.05,12.72,12.91,7216700,93146424.00
2024/06/26,12.86,13.32,12.75,13.29,6526156,85270456.00
2024/06/27,13.30,13.43,12.92,12.94,5696080,74975256.00
2024/06/28,12.95,13.22,12.88,12.92,5393100,70386216.00
2024/07/01,12.93,13.27,12.80,13.23,6273860,82177896.00
2024/07/02,13.30,13.62,13.07,13.32,9847380,131567008.00
2024/07/03,13.22,13.74,13.01,13.09,10695040,142386368.00
2024/07/04,13.17,13.20,12.56,12.60,9278460,118523616.00
2024/07/05,12.60,12.77,12.31,12.70,5605600,70413616.00
2024/07/08,12.82,12.88,12.20,12.26,5300360,65570880.00
2024/07/09,12.24,12.38,11.90,12.35,7020640,85451056.00
2024/07/10,12.24,12.61,12.15,12.37,5187300,64351156.00
2024/07/11,12.60,12.73,12.40,12.66,5389500,67991536.00
2024/07/12,12.73,12.79,12.53,12.57,3951400,50008336.00
2024/07/15,12.62,12.67,12.27,12.38,3159400,39119480.00
2024/07/16,12.40,12.43,12.13,12.24,3528620,43163004.00
2024/07/17,12.28,12.30,12.04,12.09,3371300,40955208.00
2024/07/18,12.05,12.69,11.78,12.34,6360900,77311448.00
2024/07/19,12.15,12.24,11.75,12.15,8147780,98093392.00
2024/07/22,12.10,12.32,12.00,12.22,4127640,50207076.00
2024/07/23,12.20,12.35,11.88,11.89,4661900,56398196.00
2024/07/24,11.88,11.93,11.60,11.64,4200500,49229032.00
2024/07/25,11.56,11.81,11.44,11.62,3397100,39571600.00
2024/07/26,11.73,11.87,11.63,11.82,3635400,42832964.00
2024/07/29,11.84,12.22,11.73,11.95,4953840,59073632.00
2024/07/30,11.88,13.15,11.81,13.15,12872725,164696192.00
2024/07/31,13.30,13.30,12.65,13.06,26737040,345901024.00
2024/08/01,12.92,13.50,12.88,13.08,19729000,259500096.00
2024/08/02,13.05,14.39,12.94,13.59,34415280,473375104.00
2024/08/05,13.45,14.20,12.99,13.30,26861380,366339168.00
2024/08/06,13.25,14.63,13.02,14.63,29398500,404747232.00
2024/08/07,14.73,14.80,13.86,13.93,33986985,483283584.00
2024/08/08,13.75,14.35,13.40,13.46,26379180,367693408.00
2024/08/09,13.38,13.38,12.67,12.68,20865300,269504800.00
2024/08/12,12.61,12.64,12.14,12.36,11522320,142893488.00
2024/08/13,12.29,12.37,12.13,12.33,7325300,89622992.00
2024/08/14,12.32,12.32,11.90,11.97,9284940,111482568.00
2024/08/15,11.91,12.06,11.81,11.97,7997120,95589728.00
2024/08/16,11.91,11.96,11.70,11.72,7178300,84630440.00
2024/08/19,11.71,11.72,11.15,11.23,10460040,118581200.00
2024/08/20,11.28,11.28,10.83,10.92,7988460,88041376.00
2024/08/21,10.92,11.02,10.79,10.95,4905600,53631296.00
2024/08/22,10.94,11.00,10.67,10.70,5302500,57150304.00
2024/08/23,10.70,10.74,10.45,10.46,4565000,48115312.00
2024/08/26,10.48,10.68,10.37,10.65,4575200,48463000.00
2024/08/27,10.66,10.73,10.52,10.57,4238700,44989648.00
2024/08/28,10.40,10.59,10.26,10.45,4647000,48528344.00
2024/08/29,10.40,10.67,10.31,10.62,4283300,45159472.00
2024/08/30,10.62,10.98,10.50,10.82,6721300,72531984.00
2024/09/02,10.78,10.93,10.56,10.56,4908340,52571952.00
2024/09/03,10.57,10.74,10.47,10.61,3754643,39860116.00
2024/09/04,10.53,10.66,10.48,10.55,3158703,33363552.00
2024/09/05,10.55,10.75,10.54,10.73,3833140,40890836.00
2024/09/06,10.73,10.76,10.38,10.40,4367800,45976416.00
2024/09/09,10.50,10.65,10.32,10.57,4121160,43386504.00
2024/09/10,10.61,10.65,10.40,10.64,3622540,38142580.00
2024/09/11,10.56,10.61,10.46,10.55,2947500,31030376.00
2024/09/12,10.48,10.65,10.47,10.47,2858720,30176756.00
2024/09/13,10.51,10.51,10.22,10.22,3675130,38009464.00
2024/09/18,10.30,10.32,9.99,10.12,3020400,30547910.00
2024/09/19,10.14,10.49,10.14,10.48,4225200,43899516.00
2024/09/20,10.48,10.48,10.28,10.34,2959300,30631048.00
2024/09/23,10.45,10.63,10.33,10.35,3230700,33750352.00
2024/09/24,10.30,10.70,10.28,10.70,5620700,59311240.00
2024/09/25,10.79,11.03,10.73,10.85,7256100,79155560.00
2024/09/26,10.79,11.20,10.79,11.20,5744560,63248332.00
2024/09/27,11.38,11.79,11.24,11.77,6276660,72386176.00
2024/09/30,12.15,12.86,11.79,12.76,18336320,226908784.00
2024/10/08,14.03,14.03,12.45,13.17,20164620,265501616.00
2024/10/09,12.81,12.81,11.85,11.85,12945996,157355696.00
2024/10/10,11.85,12.28,11.62,11.63,9115740,108650336.00
2024/10/11,11.51,11.68,11.12,11.17,8727576,98868112.00
2024/10/14,11.23,11.47,11.14,11.44,6860576,77748192.00
2024/10/15,11.38,11.54,11.22,11.27,5111580,58312848.00
2024/10/16,11.14,11.47,11.13,11.37,4575100,51892360.00
2024/10/17,11.38,11.55,11.35,11.38,5030980,57500284.00
2024/10/18,11.38,12.52,11.31,11.90,11472380,135304816.00
2024/10/21,11.87,12.37,11.78,12.18,13263300,159852976.00
2024/10/22,12.58,13.20,12.35,12.74,22239520,285303776.00
2024/10/23,12.65,12.71,12.22,12.26,13884089,171337936.00
2024/10/24,13.30,13.49,13.16,13.49,9841069,132074576.00
2024/10/25,14.24,14.84,13.20,14.05,45421441,636565888.00
2024/10/28,13.72,15.00,13.71,14.40,33725921,479806880.00
2024/10/29,14.02,14.15,13.07,13.25,25135460,340562176.00
2024/10/30,13.03,13.39,13.01,13.14,11241180,147480640.00
2024/10/31,13.12,13.39,13.12,13.21,12079360,159893600.00
2024/11/01,13.15,13.85,12.89,13.77,22887550,310079520.00
2024/11/04,13.85,14.70,13.31,14.64,28257909,401643776.00
2024/11/05,14.26,14.52,13.97,14.45,22357040,317735872.00
2024/11/06,14.24,15.90,14.12,15.05,28425961,425745536.00
2024/11/07,14.65,15.44,14.48,15.16,20011020,299250560.00
2024/11/08,15.40,15.48,14.91,15.17,16529841,250288432.00
2024/11/11,15.20,16.50,15.15,15.99,20654561,325785472.00
2024/11/12,16.38,17.30,15.18,15.55,26810201,436573536.00
2024/11/13,15.09,15.35,14.65,15.14,16302200,244191936.00
2024/11/14,14.99,14.99,14.21,14.25,12543193,182462112.00
2024/11/15,14.03,14.43,13.80,13.82,10008820,141674800.00
2024/11/18,13.92,13.97,13.13,13.25,9005420,121329104.00
2024/11/19,13.30,13.48,13.15,13.48,5666820,75502128.00
2024/11/20,13.41,13.78,13.33,13.77,7595078,103604160.00
2024/11/21,13.70,14.07,13.66,13.90,7199219,99760216.00
2024/11/22,13.83,13.90,13.13,13.14,7825180,105841696.00
数据来源:通达信
