688339 亿华通-U 日线 前复权
      日期	    开盘	    最高	    最低	    收盘	    成交量	    成交额
2020/08/10,94.75,95.16,66.69,68.19,12284015,2637556224.00
2020/08/11,68.19,72.44,62.15,63.78,6778485,1238704768.00
2020/08/12,61.88,62.64,57.10,58.08,4001023,654896448.00
2020/08/13,58.13,61.55,55.88,56.48,3894813,625711360.00
2020/08/14,56.49,57.53,54.30,54.88,2787160,424160864.00
2020/08/17,55.25,60.31,53.94,59.06,3931938,620447168.00
2020/08/18,58.81,59.58,57.03,57.92,2451302,391722272.00
2020/08/19,57.58,60.23,57.04,57.22,2184594,350809760.00
2020/08/20,57.70,61.41,56.56,59.62,3211893,528166016.00
2020/08/21,60.15,66.94,60.15,64.10,3639935,633686272.00
2020/08/24,64.10,64.10,58.38,61.76,2293350,384224064.00
2020/08/25,60.57,61.56,59.07,59.92,1568345,258729152.00
2020/08/26,59.81,63.41,58.75,59.11,1655468,275353664.00
2020/08/27,58.66,60.85,57.43,58.87,1284953,209554032.00
2020/08/28,58.31,59.33,54.24,54.52,2181024,335790112.00
2020/08/31,53.94,56.78,53.44,55.10,1280276,193441744.00
2020/09/01,54.37,57.22,54.30,56.12,842282,129703344.00
2020/09/02,55.79,56.66,54.40,54.74,647818,98352976.00
2020/09/03,54.40,63.16,53.54,63.16,2669496,433384640.00
2020/09/04,61.60,64.87,61.16,64.12,1485807,258220512.00
2020/09/07,63.23,67.42,59.19,59.77,1777852,305338240.00
2020/09/08,59.77,61.14,57.06,57.29,1003628,161300768.00
2020/09/09,60.50,63.05,57.40,58.31,1991349,327876384.00
2020/09/10,58.61,61.22,55.03,59.55,1384643,222338976.00
2020/09/11,59.03,62.35,58.37,61.64,1135492,190703616.00
2020/09/14,62.43,64.19,61.64,62.90,1332360,229681200.00
2020/09/15,63.05,66.32,61.59,64.14,1649574,290040256.00
2020/09/16,64.65,67.78,62.76,66.66,1772428,319966432.00
2020/09/17,67.89,73.98,66.33,69.61,2705069,521022944.00
2020/09/18,70.01,77.00,69.31,72.70,1831202,364391040.00
2020/09/21,73.58,73.60,64.57,66.28,2613526,488807392.00
2020/09/22,65.60,66.98,63.41,63.41,1908320,338293152.00
2020/09/23,63.94,64.82,62.50,64.27,1070305,188094464.00
2020/09/24,63.78,65.40,62.58,62.68,994113,173723920.00
2020/09/25,62.68,63.40,58.59,59.01,1396988,231678112.00
2020/09/28,59.40,59.71,57.43,57.56,815847,131083232.00
2020/09/29,57.56,59.93,57.56,58.64,597171,96407104.00
2020/09/30,59.02,59.21,56.12,56.83,976268,154053184.00
2020/10/09,58.49,60.74,58.31,60.19,697575,114141328.00
2020/10/12,61.11,62.50,59.76,62.08,859950,144713504.00
2020/10/13,61.23,64.26,60.20,62.04,1128144,192646832.00
2020/10/14,61.95,61.95,60.50,60.99,593791,99349168.00
2020/10/15,61.19,64.06,61.19,62.68,1166749,201835616.00
2020/10/16,62.96,63.05,60.48,60.48,654390,110158056.00
2020/10/19,59.40,61.33,59.07,59.47,672034,110174928.00
2020/10/20,59.23,62.31,59.13,61.95,718629,119674576.00
2020/10/21,61.59,61.77,57.94,58.15,826664,135184400.00
2020/10/22,57.82,59.55,57.26,58.31,719152,114838392.00
2020/10/23,58.45,60.26,56.85,57.22,758600,121436624.00
2020/10/26,56.49,58.09,55.96,57.15,420461,65509224.00
2020/10/27,57.04,57.29,55.21,56.12,606230,93159504.00
2020/10/28,56.12,56.22,54.67,55.24,491304,74897960.00
2020/10/29,54.26,55.67,54.01,54.65,505668,75742712.00
2020/10/30,54.58,55.93,52.83,52.83,797161,119243024.00
2020/11/02,53.21,55.94,53.16,55.24,973122,147138464.00
2020/11/03,56.49,57.91,54.66,55.50,1640045,251506608.00
2020/11/04,56.25,57.40,55.11,56.33,942394,146217392.00
2020/11/05,56.49,59.95,56.23,59.66,1064543,168636080.00
2020/11/06,60.50,62.27,60.13,61.07,1436407,240867456.00
2020/11/09,61.22,62.19,60.01,62.03,1494288,249973760.00
2020/11/10,61.98,64.71,61.25,62.61,1311263,226001408.00
2020/11/11,62.62,64.03,61.30,62.31,939130,161257440.00
2020/11/12,64.87,64.87,61.63,62.06,1176297,204063856.00
2020/11/13,63.16,65.84,62.50,65.54,1638370,289885184.00
2020/11/16,66.69,71.06,66.03,70.20,1928224,362117216.00
2020/11/17,69.83,72.17,68.88,70.88,1375173,264170560.00
2020/11/18,70.52,72.34,68.15,71.06,1387077,267479792.00
2020/11/19,71.95,71.98,67.06,67.06,1426545,268870944.00
2020/11/20,67.39,73.79,67.06,73.25,1601400,310995104.00
2020/11/23,72.98,82.73,70.99,80.16,2310976,480394656.00
2020/11/24,83.02,87.06,79.20,84.61,2273422,518571904.00
2020/11/25,84.55,88.01,83.09,85.28,1700362,399366848.00
2020/11/26,84.92,86.73,79.99,82.89,1783689,407079424.00
2020/11/27,82.60,91.79,82.00,90.38,2006216,482362944.00
2020/11/30,89.35,91.66,85.28,87.46,1564612,377681760.00
2020/12/01,86.88,92.02,85.71,88.20,1253587,307552256.00
2020/12/02,87.46,87.47,83.09,83.82,1528558,355027072.00
2020/12/03,83.09,83.53,79.44,79.77,1642745,364595872.00
2020/12/04,80.54,87.61,78.76,86.00,1003193,232185712.00
2020/12/07,85.30,87.33,84.18,87.27,618757,145315872.00
2020/12/08,85.88,90.76,85.88,86.73,660094,159965008.00
2020/12/09,88.23,94.75,88.19,92.02,1108304,281683968.00
2020/12/10,89.46,95.12,88.92,91.11,901367,225806944.00
2020/12/11,90.76,92.38,86.05,88.60,633899,154688032.00
2020/12/14,87.97,94.48,85.09,94.48,969497,239086432.00
2020/12/15,93.66,96.84,89.30,91.83,866697,219639632.00
2020/12/16,93.70,99.85,92.20,96.83,1279887,337769152.00
2020/12/17,97.30,100.87,95.60,99.49,804906,217416080.00
2020/12/18,98.40,101.59,97.67,100.67,807837,221119360.00
2020/12/21,101.20,104.39,98.46,101.06,889634,244604864.00
2020/12/22,99.26,108.08,98.80,100.77,1046043,294959936.00
2020/12/23,102.04,109.08,102.04,106.09,1081856,316278720.00
2020/12/24,106.78,109.06,102.04,102.04,780857,224327280.00
2020/12/25,102.43,104.23,97.67,102.04,1092507,300415872.00
2020/12/28,100.22,102.00,96.21,99.10,999114,271343872.00
2020/12/29,97.30,99.02,89.29,92.89,1666299,425079136.00
2020/12/30,92.15,101.44,91.11,100.17,1186882,318104512.00
2020/12/31,100.22,103.86,98.02,99.25,835920,231053568.00
2021/01/04,97.67,101.59,96.65,98.43,975834,264503808.00
2021/01/05,96.78,99.42,91.84,92.56,1439155,374098240.00
2021/01/06,92.92,95.28,90.75,92.38,845800,214398880.00
2021/01/07,96.01,100.51,95.48,96.25,1180737,318363840.00
2021/01/08,104.96,107.51,98.44,103.20,1435599,405098944.00
2021/01/11,103.86,106.41,82.56,82.56,3036506,736043456.00
2021/01/12,80.17,81.42,77.30,79.64,1592403,345218880.00
2021/01/13,84.18,88.19,82.91,84.21,1491321,351053472.00
2021/01/14,83.88,85.91,81.02,84.03,830408,190118560.00
2021/01/15,83.12,88.19,81.49,86.74,794553,186993856.00
2021/01/18,86.63,89.42,82.94,87.39,627761,149504400.00
2021/01/19,88.55,88.55,82.21,83.76,634332,147466864.00
2021/01/20,84.18,99.04,84.18,98.36,1346285,343135872.00
2021/01/21,96.94,99.38,95.12,98.03,715780,190854352.00
2021/01/22,97.85,104.95,96.76,103.13,897751,249935536.00
2021/01/25,103.11,115.09,101.32,109.69,1131666,339962912.00
2021/01/26,109.69,111.77,106.41,107.51,589532,174808224.00
2021/01/27,109.33,115.89,105.01,115.89,1432983,439627360.00
2021/01/28,110.45,123.79,109.72,120.26,1639163,532943200.00
2021/01/29,122.07,123.86,113.30,116.00,1066202,342111680.00
2021/02/01,108.97,118.10,108.97,114.64,913628,285128768.00
2021/02/02,116.52,121.72,111.58,120.74,934230,304114624.00
2021/02/03,119.31,121.72,102.07,108.24,1135046,343862176.00
2021/02/04,106.27,115.52,105.74,112.34,673946,206351152.00
2021/02/05,109.69,112.90,103.79,103.85,554035,163464096.00
2021/02/08,105.19,115.16,103.87,114.42,596211,182160448.00
2021/02/09,113.37,118.44,113.31,114.10,459523,145488544.00
2021/02/10,114.61,120.99,107.62,115.98,918524,284969536.00
2021/02/18,115.19,115.19,108.60,109.84,761261,232112672.00
2021/02/19,103.86,108.23,103.86,105.69,513215,149360656.00
2021/02/22,105.69,126.82,105.69,118.89,1046818,343642336.00
2021/02/23,118.80,125.31,115.87,120.29,633050,209783296.00
2021/02/24,122.69,123.91,109.76,111.24,636384,200565440.00
2021/02/25,112.89,114.80,102.78,103.72,663213,194622912.00
2021/02/26,99.06,101.63,93.06,95.08,1060837,282372896.00
2021/03/01,99.09,101.31,96.59,98.49,728984,197307808.00
2021/03/02,101.06,107.16,100.26,102.97,808649,229601280.00
2021/03/03,103.13,107.10,98.77,106.75,578323,165379552.00
2021/03/04,104.62,106.05,100.59,102.04,479221,134683136.00
2021/03/05,100.58,109.62,98.51,109.33,657324,190607904.00
2021/03/08,108.72,114.80,106.06,106.52,623294,189466608.00
2021/03/09,106.92,108.19,93.66,96.80,1013053,275285024.00
2021/03/10,99.49,101.97,95.16,98.75,484935,132052080.00
2021/03/11,98.75,101.12,97.30,98.56,446463,121299352.00
2021/03/12,99.49,101.31,93.66,96.28,415359,109560936.00
2021/03/15,95.59,101.23,94.75,96.98,423344,113423320.00
2021/03/16,92.93,97.59,82.06,85.46,1254285,301758496.00
2021/03/17,86.37,91.10,82.77,88.99,695634,167770144.00
2021/03/18,89.70,91.10,87.10,91.00,312083,76714720.00
2021/03/19,87.89,92.20,87.86,91.68,414268,102932640.00
2021/03/22,90.82,90.82,86.35,88.88,431664,104329752.00
2021/03/23,89.11,89.11,83.04,84.54,466544,108612592.00
2021/03/24,84.55,85.93,80.58,81.87,485400,109989616.00
2021/03/25,81.87,84.18,79.08,81.12,388817,86804464.00
2021/03/26,81.63,85.44,81.63,83.68,247555,56898512.00
2021/03/29,85.12,85.12,81.68,82.49,254846,58268192.00
2021/03/30,87.10,90.27,85.71,86.43,494801,118980608.00
2021/03/31,87.10,88.60,82.51,83.45,398751,92532944.00
2021/04/01,83.44,88.06,82.36,87.10,437283,102389336.00
2021/04/02,87.24,89.84,86.21,87.94,396758,96202000.00
2021/04/06,92.86,100.91,91.07,100.22,958886,257046464.00
2021/04/07,101.68,101.68,93.65,96.39,694938,184808240.00
2021/04/08,98.03,104.96,95.85,102.58,783697,217407824.00
2021/04/09,103.86,108.60,101.68,102.58,803209,231996224.00
2021/04/12,102.00,103.10,93.30,95.30,801608,213236352.00
2021/04/13,92.96,95.30,92.38,93.29,288598,74278896.00
2021/04/14,93.13,98.76,91.95,97.67,425688,112727264.00
2021/04/15,97.67,97.67,93.07,93.71,404850,105256544.00
2021/04/16,92.93,96.28,91.21,94.75,309447,79510880.00
2021/04/19,94.73,108.59,94.02,107.07,922732,264273456.00
2021/04/20,106.64,107.20,102.41,103.74,548882,157698544.00
2021/04/21,103.09,108.90,100.95,106.66,525354,152729664.00
2021/04/22,107.03,108.52,102.04,102.52,485549,138724272.00
2021/04/23,101.38,106.92,101.38,103.69,409291,117858016.00
2021/04/26,103.92,104.96,100.17,100.46,508990,142724384.00
2021/04/27,100.16,102.67,97.77,101.33,314623,86511952.00
2021/04/28,100.26,105.34,99.99,102.22,294798,82744848.00
2021/04/29,102.22,102.41,95.12,95.31,529371,141264480.00
2021/04/30,95.31,99.40,95.30,98.14,360129,96601608.00
2021/05/06,97.67,98.21,92.58,93.51,414955,107715400.00
2021/05/07,92.20,94.02,86.39,87.39,527571,128966608.00
2021/05/10,85.64,90.37,84.87,86.52,400051,95590672.00
2021/05/11,84.95,86.73,83.45,86.38,266888,62481064.00
2021/05/12,87.10,92.41,84.57,91.43,454780,110480560.00
2021/05/13,90.94,90.94,86.80,88.26,328700,79354024.00
2021/05/14,88.19,89.23,84.91,88.04,363904,87097968.00
2021/05/17,88.92,93.66,88.03,91.11,487168,122048832.00
2021/05/18,91.45,93.14,90.39,91.83,340870,85844152.00
2021/05/19,92.56,92.93,90.59,91.99,229737,57968556.00
2021/05/20,92.93,94.71,90.56,90.78,212736,53953524.00
2021/05/21,90.60,93.11,87.50,88.84,247679,60699144.00
2021/05/24,89.43,96.57,88.85,95.95,450035,114568784.00
2021/05/25,94.75,95.92,93.17,94.75,233313,60388896.00
2021/05/26,95.30,95.85,93.32,93.73,220524,57124716.00
2021/05/27,94.69,97.49,94.39,94.92,228670,59997408.00
2021/05/28,94.47,100.02,94.47,97.26,321613,86316320.00
2021/05/31,97.26,103.84,95.42,100.75,530505,146262576.00
2021/06/01,100.40,102.41,98.52,99.49,324156,88928888.00
2021/06/02,98.94,99.85,95.19,96.68,360053,96005080.00
2021/06/03,95.85,104.01,94.76,100.86,621256,171282112.00
2021/06/04,99.85,107.14,96.94,106.47,801179,228677168.00
2021/06/07,107.32,108.31,103.24,105.35,454325,131374008.00
2021/06/08,104.96,106.78,99.85,101.33,336889,94403824.00
2021/06/09,100.97,102.39,97.31,100.71,324383,88778904.00
2021/06/10,99.89,101.68,98.51,100.09,204067,56204600.00
2021/06/11,100.47,101.28,96.57,99.50,369443,100068048.00
2021/06/15,98.76,100.22,92.99,94.25,444813,116514368.00
2021/06/16,93.15,95.85,91.84,92.42,279334,71819600.00
2021/06/17,91.48,93.48,89.60,91.44,380518,95115528.00
2021/06/18,92.22,96.50,90.48,95.58,501077,129068904.00
2021/06/21,95.58,100.07,93.15,99.13,476280,127397128.00
2021/06/22,99.13,99.13,90.76,93.06,1026233,261553824.00
2021/06/23,93.62,95.44,92.44,92.67,494988,127270288.00
2021/06/24,92.93,93.76,88.92,89.29,437900,108939208.00
2021/06/25,90.01,91.41,89.32,90.60,250064,62156860.00
2021/06/28,96.94,105.67,94.07,105.58,1186620,329279488.00
2021/06/29,105.70,107.14,102.08,103.15,621526,177455904.00
2021/06/30,102.03,103.92,100.64,103.02,452155,127176312.00
2021/07/01,102.84,103.37,97.18,98.17,450398,123314224.00
2021/07/02,98.17,99.41,95.85,96.94,434594,116244024.00
2021/07/05,97.34,105.28,96.94,105.28,668860,188283184.00
2021/07/06,105.62,107.75,100.77,102.78,384510,109590944.00
2021/07/07,101.96,112.97,101.31,111.74,724810,219861920.00
2021/07/08,111.73,118.65,110.06,115.12,754070,236974752.00
2021/07/09,115.11,115.11,109.34,109.69,605107,183756048.00
2021/07/12,109.96,111.70,106.78,108.43,737750,221346688.00
2021/07/13,108.52,112.24,104.16,106.60,582009,171066800.00
2021/07/14,105.85,105.85,101.14,102.77,523802,147678208.00
2021/07/15,103.86,106.49,101.31,105.49,430087,123326176.00
2021/07/16,107.87,107.87,101.43,101.67,333942,94928760.00
2021/07/19,103.16,115.26,102.69,104.01,1006526,296223776.00
2021/07/20,104.01,111.14,100.95,108.16,894886,264014608.00
2021/07/21,109.01,109.33,105.32,106.11,708766,208054832.00
2021/07/22,105.69,111.51,103.01,103.43,1002239,294951232.00
2021/07/23,102.77,102.77,96.23,96.94,1105156,298699552.00
2021/07/26,98.03,102.36,95.48,98.35,699314,189958032.00
2021/07/27,97.61,99.09,92.93,92.97,750487,196971888.00
2021/07/28,92.20,92.93,87.90,91.29,509432,127058792.00
2021/07/29,91.90,96.57,91.52,94.75,621835,160403792.00
2021/07/30,94.02,99.49,93.08,98.12,601046,159512064.00
2021/08/02,98.72,100.94,96.39,99.67,749852,203787792.00
2021/08/03,99.49,101.90,92.57,94.75,816359,217396192.00
2021/08/04,94.39,99.45,92.42,98.76,758782,202542384.00
2021/08/05,99.08,102.70,96.21,97.08,873262,238649824.00
2021/08/06,97.73,104.96,97.73,100.04,1397299,389044640.00
2021/08/09,100.58,110.70,100.58,104.48,2150589,632133440.00
2021/08/10,103.74,106.92,96.47,97.96,3441823,944593664.00
2021/08/11,100.95,113.17,100.25,113.08,5184886,1530018048.00
2021/08/12,110.82,121.36,110.76,112.40,3642156,1146208768.00
2021/08/13,109.33,122.08,107.87,116.62,3899694,1248991104.00
2021/08/16,118.80,127.02,118.44,119.65,4267997,1434669568.00
2021/08/17,120.99,124.65,107.51,110.38,3580918,1134800384.00
2021/08/18,108.60,115.40,105.28,108.78,2867255,869168064.00
2021/08/19,106.33,108.51,103.20,106.34,1438699,417119136.00
2021/08/20,105.28,108.90,103.10,108.04,1443378,421108864.00
2021/08/23,108.26,112.31,108.25,110.69,1120643,340347872.00
2021/08/24,114.43,118.44,111.52,112.24,1687309,532017856.00
2021/08/25,112.29,116.25,107.03,115.30,1673707,508278848.00
2021/08/26,112.97,115.16,110.79,110.79,1054253,326696128.00
2021/08/27,113.34,120.09,111.88,115.16,2269834,726984256.00
2021/08/30,115.17,118.05,110.79,111.60,1925044,604387264.00
2021/08/31,113.70,115.52,105.34,105.95,1499681,452549376.00
2021/09/01,106.05,106.41,96.57,99.00,1920782,533088704.00
2021/09/02,99.01,101.32,96.57,98.40,1594866,431419744.00
2021/09/03,94.48,97.30,90.71,91.78,2343312,602568064.00
2021/09/06,92.74,95.51,89.33,95.51,1687981,429879904.00
2021/09/07,95.04,96.91,92.46,95.63,1127656,293542048.00
2021/09/08,94.96,97.59,93.13,95.61,1015086,265475856.00
2021/09/09,95.61,97.43,93.84,94.45,957991,250045008.00
2021/09/10,94.45,95.11,91.73,93.42,1113999,284274304.00
2021/09/13,92.21,93.58,90.70,90.89,931391,235156896.00
2021/09/14,91.82,92.49,88.19,89.31,990143,246089344.00
2021/09/15,89.21,91.68,85.70,91.68,1108487,269856032.00
2021/09/16,90.95,91.83,86.01,86.53,1001703,242937136.00
2021/09/17,86.53,87.83,82.36,86.04,885153,206103648.00
2021/09/22,84.55,87.33,83.86,84.37,525130,122433952.00
2021/09/23,84.55,87.32,84.55,86.01,575591,135953888.00
2021/09/24,86.01,86.10,84.19,84.21,410358,95599040.00
2021/09/27,84.18,87.35,84.11,85.48,683659,161573616.00
2021/09/28,85.65,91.33,85.60,89.62,1015694,249446320.00
2021/09/29,87.68,89.21,85.05,85.60,651126,155189088.00
2021/09/30,85.86,87.93,84.42,85.66,583697,137650496.00
2021/10/08,86.01,88.19,84.84,85.12,578122,136339728.00
2021/10/11,85.63,87.86,84.55,87.68,519043,123191072.00
2021/10/12,87.46,91.55,87.46,87.68,710136,174723696.00
2021/10/13,88.56,90.08,85.66,87.83,528957,127678720.00
2021/10/14,88.92,91.84,88.21,91.06,574711,142822672.00
2021/10/15,90.20,90.74,87.97,89.31,436454,106599256.00
2021/10/18,90.67,90.67,87.85,88.62,414871,101588296.00
2021/10/19,89.65,91.05,89.02,89.76,374945,92581648.00
2021/10/20,89.78,95.36,88.74,93.41,1151807,292795648.00
2021/10/21,92.80,95.04,91.51,92.24,574348,146292272.00
2021/10/22,92.54,95.01,92.24,93.28,558777,143450208.00
2021/10/25,94.46,99.12,92.49,98.21,1051752,277904576.00
2021/10/26,98.40,104.57,97.12,102.00,1526180,423505600.00
2021/10/27,101.31,101.93,97.85,98.38,770540,211366992.00
2021/10/28,98.28,99.85,95.48,96.32,701685,188113040.00
2021/10/29,95.08,95.08,88.56,90.01,1369987,340466112.00
2021/11/01,91.11,98.40,90.06,97.34,1266081,332067488.00
2021/11/02,98.43,100.57,94.93,96.17,905148,242029248.00
2021/11/03,96.76,100.22,94.07,96.94,909733,243048880.00
2021/11/04,96.76,99.13,95.58,98.81,654923,175903184.00
2021/11/05,98.81,99.49,96.04,96.21,633263,169202656.00
2021/11/08,100.31,102.72,98.69,98.95,1272528,352029600.00
2021/11/09,98.40,102.29,98.40,100.13,1172622,324712192.00
2021/11/10,99.30,100.58,96.24,98.51,804920,216529728.00
2021/11/11,98.40,99.45,97.31,98.87,660603,178594960.00
2021/11/12,99.97,101.70,98.46,100.25,729596,199961552.00
2021/11/15,100.25,105.39,99.13,102.50,1105486,312892800.00
2021/11/16,103.50,103.50,98.03,98.44,809120,221757136.00
2021/11/17,98.65,99.85,97.33,99.03,573509,155293424.00
2021/11/18,102.04,103.39,99.55,99.97,855036,237100656.00
2021/11/19,98.40,106.76,97.67,106.41,2411867,689550592.00
2021/11/22,106.60,108.15,104.92,106.41,1538917,449114240.00
2021/11/23,106.78,110.71,103.32,108.24,1979933,578819136.00
2021/11/24,107.72,108.19,105.26,105.90,1161930,339340864.00
2021/11/25,105.48,105.87,102.07,102.15,838608,238424976.00
2021/11/26,101.53,104.92,101.51,104.60,970525,275696128.00
2021/11/29,102.04,104.23,101.68,103.44,847625,239314464.00
2021/11/30,105.50,108.13,104.38,106.41,2112969,618363200.00
2021/12/01,106.41,117.35,106.41,111.48,2958702,912735424.00
2021/12/02,111.52,114.66,109.69,109.69,1839694,564658432.00
2021/12/03,110.79,111.51,108.06,110.08,1378101,412691840.00
2021/12/06,113.34,117.71,112.99,115.71,2893395,917209856.00
2021/12/07,115.89,116.54,108.35,110.73,2131874,653835264.00
2021/12/08,110.79,116.61,109.33,114.79,1612002,504915808.00
2021/12/09,114.17,115.43,111.71,113.05,1249867,388722144.00
2021/12/10,111.85,114.80,110.79,114.09,1328019,413760256.00
2021/12/13,113.70,116.62,112.61,115.58,1218766,385879584.00
2021/12/14,114.25,116.57,111.88,112.97,1128844,350716352.00
2021/12/15,112.24,115.13,111.55,111.90,1110178,344455808.00
2021/12/16,111.63,119.58,110.79,116.53,2179472,685736768.00
2021/12/17,114.80,115.16,111.26,111.48,1302989,403122048.00
2021/12/20,112.43,112.50,105.28,106.41,1808150,537218880.00
2021/12/21,105.32,105.32,101.13,103.18,1524141,430524224.00
2021/12/22,103.10,107.25,101.69,104.68,1232749,354011616.00
2021/12/23,103.79,107.83,103.12,105.61,1028466,299076384.00
2021/12/24,106.17,107.72,102.41,102.51,1292127,370019968.00
2021/12/27,102.15,105.03,98.40,103.65,1772965,496970144.00
2021/12/28,102.81,106.73,100.22,100.65,1255324,353234336.00
2021/12/29,100.59,101.97,99.56,100.12,883321,243998400.00
2021/12/30,99.52,100.54,98.03,98.33,948198,257398544.00
2021/12/31,99.13,100.07,98.07,98.71,763415,206954432.00
2022/01/04,98.72,99.34,95.25,95.60,1238082,327182048.00
2022/01/05,96.21,96.21,91.12,92.24,1177911,299683552.00
2022/01/06,91.72,95.84,91.04,94.67,1030109,265131792.00
2022/01/07,95.22,97.19,91.84,92.02,834848,216033200.00
2022/01/10,91.29,93.29,88.92,89.65,1114420,278607168.00
2022/01/11,89.65,91.19,87.76,88.01,963065,235009392.00
2022/01/12,88.92,90.01,87.84,88.92,721825,176021008.00
2022/01/13,89.43,89.83,86.41,89.32,918262,221955824.00
2022/01/14,89.08,90.01,87.13,89.04,736399,179367888.00
2022/01/17,89.38,91.04,87.87,90.36,754293,186127552.00
2022/01/18,90.23,90.23,88.04,88.70,838376,203900800.00
2022/01/19,87.88,88.51,83.84,85.41,1527217,358541504.00
2022/01/20,85.17,86.36,84.02,85.16,816778,190561952.00
2022/01/21,84.30,86.29,84.18,85.55,600907,140570400.00
2022/01/24,85.52,85.52,82.58,83.20,938629,215636384.00
2022/01/25,82.73,84.35,78.74,79.03,1064219,236902848.00
2022/01/26,80.17,82.00,79.10,80.23,1041692,230462864.00
2022/01/27,79.16,81.90,78.33,78.35,895330,196232224.00
2022/01/28,78.35,79.44,75.46,76.22,768305,162855664.00
2022/02/07,76.21,77.00,72.88,73.98,999966,205287456.00
2022/02/08,73.96,74.97,71.06,72.36,967829,193011552.00
2022/02/09,72.89,73.20,69.24,69.67,1347832,260355840.00
2022/02/10,69.79,69.97,64.51,65.09,2148306,389607232.00
2022/02/11,64.19,64.79,59.77,60.14,2338975,396520608.00
2022/02/14,59.04,60.39,57.99,58.52,1811736,292742368.00
2022/02/15,59.44,62.84,58.86,62.46,1874807,314164544.00
2022/02/16,63.16,64.32,61.79,62.85,1350647,233861008.00
2022/02/17,63.00,63.92,62.31,63.31,1394571,241467856.00
2022/02/18,63.21,63.62,61.60,61.93,843004,143809456.00
2022/02/21,61.94,62.31,60.50,61.45,704924,118594912.00
2022/02/22,60.73,61.49,59.48,60.34,833172,138206368.00
2022/02/23,61.45,63.79,61.22,63.49,1047631,181154320.00
2022/02/24,63.05,66.13,61.72,62.40,1740825,304943584.00
2022/02/25,63.05,64.96,62.86,63.24,847156,148341248.00
2022/02/28,62.88,64.25,62.33,63.12,712825,123216232.00
2022/03/01,65.16,65.92,63.83,64.13,1252604,222608672.00
2022/03/02,63.63,64.46,62.61,63.78,729851,127308656.00
2022/03/03,64.30,64.87,62.12,63.55,1037442,180664928.00
2022/03/04,62.92,65.96,61.95,62.37,1516127,266008832.00
2022/03/07,62.42,62.42,58.67,59.40,1237749,203737888.00
2022/03/08,59.37,61.46,58.00,58.67,1480754,242689664.00
2022/03/09,59.04,59.66,54.88,57.24,1262525,198023760.00
2022/03/10,59.20,60.24,58.01,58.66,1319840,214622400.00
2022/03/11,58.16,58.16,55.85,57.67,920382,144322496.00
2022/03/14,57.52,57.52,55.39,55.60,776805,119637688.00
2022/03/15,55.57,56.41,53.01,53.01,1117171,168006192.00
2022/03/16,53.40,54.30,50.75,53.99,1221379,176266976.00
2022/03/17,55.16,58.16,54.91,56.62,1235477,192156656.00
2022/03/18,56.09,57.46,55.41,56.25,801402,123475640.00
2022/03/21,56.25,59.36,55.58,58.47,1534336,244528352.00
2022/03/22,58.67,59.48,57.04,58.86,1125794,180298080.00
2022/03/23,62.68,67.06,62.68,64.87,3516498,627955776.00
2022/03/24,65.63,66.76,63.26,63.57,2503453,446866848.00
2022/03/25,63.05,63.40,59.59,59.60,2105921,351343328.00
2022/03/28,59.40,60.13,58.50,58.53,1297691,210815456.00
2022/03/29,58.67,59.38,56.05,56.41,1353290,212987456.00
2022/03/30,57.71,59.51,57.22,59.11,1425880,228020752.00
2022/03/31,59.17,59.40,55.81,56.22,1191764,186136032.00
2022/04/01,56.59,56.59,54.85,55.32,746415,113091568.00
2022/04/06,55.51,59.22,55.21,57.51,1694538,267062256.00
2022/04/07,57.33,57.33,54.44,55.02,1302025,198031360.00
2022/04/08,55.02,55.03,52.55,54.14,1031482,151252784.00
2022/04/11,54.11,54.13,49.38,49.40,1367622,190314368.00
2022/04/12,49.57,51.23,49.22,50.71,657606,90621312.00
2022/04/13,50.11,50.19,49.04,49.20,546706,74299216.00
2022/04/14,49.90,49.93,47.19,47.73,880476,116061776.00
2022/04/15,47.57,47.57,45.31,46.17,838235,106223256.00
2022/04/18,46.05,47.38,45.10,46.70,651609,82785440.00
2022/04/19,46.10,47.92,45.19,45.19,721290,91901904.00
2022/04/20,46.26,46.64,45.37,45.50,761782,96135256.00
2022/04/21,45.54,45.55,43.00,43.15,727467,88231952.00
2022/04/22,43.15,43.24,41.19,41.45,680108,78843320.00
2022/04/25,40.92,40.92,36.99,36.99,963154,102217752.00
2022/04/26,36.85,37.73,35.08,35.31,967889,96447920.00
2022/04/27,34.63,37.17,33.97,37.12,940644,91979984.00
2022/04/28,36.89,37.89,35.79,37.83,768234,77531960.00
2022/04/29,37.17,38.88,36.49,38.88,1474183,152911120.00
2022/05/05,38.99,39.39,38.16,38.32,742359,78905720.00
2022/05/06,36.46,39.42,36.45,38.51,788821,82726464.00
2022/05/09,38.62,41.11,37.93,39.03,713283,77821576.00
2022/05/10,38.96,40.69,37.58,39.76,1052800,114348184.00
2022/05/11,39.53,41.84,38.99,40.53,1210140,135721344.00
2022/05/12,40.15,41.05,39.97,40.85,624109,69428656.00
2022/05/13,40.90,41.47,40.13,40.47,454872,50630272.00
2022/05/16,41.18,41.84,39.91,40.09,595977,66779680.00
2022/05/17,40.17,41.26,39.45,41.07,605840,67615872.00
2022/05/18,41.76,43.36,41.30,42.19,917807,106998032.00
2022/05/19,41.79,43.06,41.13,42.97,767426,88933304.00
2022/05/20,43.00,44.35,42.38,43.13,803868,95430592.00
2022/05/23,43.09,44.28,42.78,43.45,593712,70822272.00
2022/05/24,44.09,44.72,42.00,42.01,1097033,130291712.00
2022/05/25,41.98,42.44,41.18,41.83,536011,61416876.00
2022/05/26,41.84,42.71,40.91,42.18,594821,68203760.00
2022/05/27,42.85,43.08,41.18,41.47,534302,61591160.00
2022/05/30,42.14,42.43,40.83,42.41,539436,61894716.00
2022/05/31,42.27,43.49,41.62,43.36,722504,84832576.00
2022/06/01,43.44,45.90,43.00,45.18,1213968,149764416.00
2022/06/02,45.27,47.72,44.80,47.61,1829593,166214960.00
2022/06/06,47.15,50.00,46.27,49.12,2997132,286315424.00
2022/06/07,48.98,49.49,46.69,47.34,2035206,190505328.00
2022/06/08,46.94,47.70,45.28,46.66,1588727,144654960.00
2022/06/09,46.01,47.36,45.41,45.58,1162769,105593264.00
2022/06/10,45.41,47.70,45.26,47.39,1410043,129824176.00
2022/06/13,46.77,49.17,46.69,47.96,1586748,149880256.00
2022/06/14,47.63,48.76,46.30,48.41,1637841,152172416.00
2022/06/15,48.41,49.26,47.09,47.28,1427614,133922936.00
2022/06/16,47.03,48.75,47.03,48.07,1167219,110343200.00
2022/06/17,47.58,49.80,47.34,49.04,1277337,122511752.00
2022/06/20,49.83,53.33,49.09,52.36,3255625,328174656.00
2022/06/21,52.93,52.96,49.43,50.09,2469147,245267840.00
2022/06/22,50.51,51.82,49.61,49.64,1588245,157953856.00
2022/06/23,49.49,51.79,49.46,51.29,1798045,179893952.00
2022/06/24,51.30,52.64,51.02,51.60,1437851,145668368.00
2022/06/27,53.06,53.32,50.98,52.14,1488744,151870928.00
2022/06/28,52.01,53.27,50.84,53.15,1757030,180716912.00
2022/06/29,52.87,53.03,50.10,50.36,2172139,218537248.00
2022/06/30,50.37,51.32,49.72,50.19,1229997,121911392.00
2022/07/01,50.51,51.83,49.61,50.20,1160931,115572744.00
2022/07/04,49.91,51.21,49.40,50.62,1142332,112959296.00
2022/07/05,51.02,51.82,49.08,49.70,1193253,117073104.00
2022/07/06,49.49,50.83,48.72,49.09,1119922,109231840.00
2022/07/07,48.98,53.44,48.47,52.70,2464745,248251600.00
2022/07/08,52.75,52.75,49.90,49.91,2124177,212249952.00
2022/07/11,49.91,49.91,47.90,48.52,1300301,123718056.00
2022/07/12,48.19,48.86,45.91,45.99,1383151,127877600.00
2022/07/13,46.00,47.27,45.78,46.76,958100,87537512.00
2022/07/14,46.38,56.11,46.33,56.11,6747536,717829440.00
2022/07/15,56.10,56.53,54.01,54.27,4033160,435589504.00
2022/07/18,54.27,55.96,53.83,54.53,2580428,276472480.00
2022/07/19,54.78,55.51,53.15,53.46,2167122,230598976.00
2022/07/20,53.81,54.29,52.15,52.77,1383834,143120432.00
2022/07/21,53.05,57.30,52.19,54.99,3025308,328604992.00
2022/07/22,54.69,56.89,53.19,54.05,2195832,236150176.00
2022/07/25,55.10,55.61,52.29,55.05,2765242,293273408.00
2022/07/26,54.08,54.34,50.51,52.64,2624680,269211136.00
2022/07/27,52.04,54.24,52.04,53.56,1628093,170411376.00
2022/07/28,54.53,54.91,52.57,53.16,1635219,171784144.00
2022/07/29,54.12,56.12,53.00,53.65,2244860,239023552.00
2022/08/01,52.55,57.29,52.05,56.03,3487912,379671872.00
2022/08/02,55.72,58.98,54.59,55.16,4378560,485675584.00
2022/08/03,55.61,57.74,54.68,55.51,3415546,375622752.00
2022/08/04,56.02,56.52,52.81,53.92,2890770,308633888.00
2022/08/05,54.28,55.86,53.58,54.62,2074434,221504512.00
2022/08/08,54.66,55.21,52.81,54.92,1790927,190111744.00
2022/08/09,55.08,57.93,54.48,54.86,2238416,244831504.00
2022/08/10,54.95,57.26,54.08,56.43,3197457,351974880.00
2022/08/11,58.53,58.78,55.14,57.05,3400838,373712608.00
2022/08/12,56.72,57.14,54.68,54.69,2156322,234392832.00
2022/08/15,55.36,55.61,54.49,55.52,1264812,136741232.00
2022/08/16,55.52,56.63,54.76,55.00,1733423,188941264.00
2022/08/17,54.59,54.99,53.27,53.29,2109064,221852512.00
2022/08/18,53.29,55.36,52.78,54.49,1701322,181037680.00
2022/08/19,54.41,54.54,51.79,52.04,1932013,199504640.00
2022/08/22,51.73,52.54,51.22,51.64,1256864,127367744.00
2022/08/23,52.04,53.24,51.62,52.30,1154321,118414600.00
2022/08/24,52.30,52.47,49.05,49.34,1759633,175665296.00
2022/08/25,50.51,51.28,49.34,50.15,1229127,121284264.00
2022/08/26,51.53,57.03,51.53,54.72,4785785,513305280.00
2022/08/29,54.02,56.63,53.80,55.71,3008352,327992928.00
2022/08/30,54.14,55.98,53.57,53.60,1908838,203994784.00
2022/08/31,53.13,53.56,49.93,49.93,2506056,250346400.00
2022/09/01,49.89,51.02,49.23,49.65,1264664,123794552.00
2022/09/02,49.49,50.48,48.35,49.87,1164950,112616376.00
2022/09/05,49.49,50.91,49.08,50.01,889388,87169720.00
2022/09/06,50.00,51.28,49.17,51.11,1246039,123504128.00
2022/09/07,51.02,51.70,50.15,50.57,1140950,113765328.00
2022/09/08,51.12,55.35,50.61,54.44,3156741,331991584.00
2022/09/09,53.46,53.88,52.08,52.63,1543734,159441344.00
2022/09/13,52.54,53.34,51.84,52.15,874201,89539528.00
2022/09/14,51.02,51.93,50.62,51.29,729107,72963232.00
2022/09/15,51.30,51.53,49.29,49.95,1063281,104292224.00
2022/09/16,50.19,50.23,48.19,48.30,918820,88490720.00
2022/09/19,47.50,48.76,46.47,47.38,762670,71076736.00
2022/09/20,47.52,48.72,47.45,47.61,668972,62919240.00
2022/09/21,47.44,47.44,45.46,46.48,1259443,114173976.00
2022/09/22,46.41,47.23,45.67,46.03,747389,68075744.00
2022/09/23,46.09,46.32,44.39,44.42,987989,87170552.00
2022/09/26,43.93,44.74,43.54,44.18,734247,63665628.00
2022/09/27,44.39,45.73,44.39,45.16,708155,62406940.00
2022/09/28,45.04,45.86,43.67,43.72,778507,68143944.00
2022/09/29,44.39,44.90,43.63,43.92,580266,50235932.00
2022/09/30,43.88,44.26,42.05,42.05,912104,76371808.00
2022/10/10,42.04,43.66,41.46,42.29,780921,65357588.00
2022/10/11,42.19,42.76,41.53,41.58,677705,55811604.00
2022/10/12,41.58,44.23,40.42,43.91,946547,78320232.00
2022/10/13,43.42,45.35,43.00,44.47,1015714,88747432.00
2022/10/14,45.20,45.48,44.18,45.23,762895,67306920.00
2022/10/17,44.92,45.76,44.52,45.60,741421,65724896.00
2022/10/18,46.68,46.73,45.16,45.41,625969,56188460.00
2022/10/19,45.40,45.87,44.70,44.70,580440,51582808.00
2022/10/20,44.34,45.46,43.37,44.16,1167333,101631696.00
2022/10/21,44.16,44.99,43.70,44.39,741547,64598208.00
2022/10/24,44.39,45.66,43.17,43.76,884060,76969040.00
2022/10/25,43.37,44.72,42.71,43.77,755102,64549956.00
2022/10/26,44.27,46.48,44.09,45.63,1637948,146327024.00
2022/10/27,45.64,46.68,45.45,45.88,1387176,125348976.00
2022/10/28,46.17,46.73,44.54,44.68,1123370,100685816.00
2022/10/31,43.62,44.64,41.71,41.97,1777022,149919680.00
2022/11/01,42.09,45.08,41.97,44.37,1468662,126370680.00
2022/11/02,43.88,45.46,43.72,45.16,1028352,90200768.00
2022/11/03,44.74,47.43,44.60,47.35,1449612,130831488.00
2022/11/04,46.96,48.22,46.58,47.72,1588254,147788048.00
2022/11/07,47.56,48.30,46.97,47.32,888150,82558936.00
2022/11/08,47.64,47.70,46.23,46.68,726758,66677064.00
2022/11/09,46.50,47.02,45.97,46.41,541399,49302280.00
2022/11/10,45.98,46.70,44.64,44.76,1161164,103236216.00
2022/11/11,46.43,47.08,44.71,44.77,1213359,108524904.00
2022/11/14,44.63,45.36,42.02,42.58,2334415,198465328.00
2022/11/15,42.55,44.50,42.09,44.33,1793997,152671040.00
2022/11/16,44.89,46.37,44.39,44.73,1562472,137850912.00
2022/11/17,44.75,46.04,43.37,45.15,1988086,176045136.00
2022/11/18,45.28,45.40,43.46,43.57,1414912,122889192.00
2022/11/21,43.37,43.96,42.86,43.57,648180,55102188.00
2022/11/22,43.58,43.71,42.23,42.48,904752,75830640.00
2022/11/23,42.68,43.06,41.35,42.52,1025873,84894192.00
2022/11/24,42.78,43.56,42.53,42.97,660516,55657936.00
2022/11/25,42.86,42.86,41.59,41.81,760540,62672580.00
2022/11/28,40.48,41.58,40.48,41.17,572528,46143072.00
2022/11/29,41.32,42.77,41.12,42.09,743295,61131672.00
2022/11/30,42.24,42.81,41.74,41.89,727330,60324224.00
2022/12/01,42.60,43.36,42.35,42.70,1045053,87628528.00
2022/12/02,42.65,43.25,42.35,42.46,726722,60939128.00
2022/12/05,42.61,43.52,42.35,43.37,928219,78045280.00
2022/12/06,43.42,44.10,42.94,43.42,945778,80748184.00
2022/12/07,43.30,44.79,43.28,43.40,1052450,90669760.00
2022/12/08,43.38,43.67,42.55,42.73,860822,72390528.00
2022/12/09,43.67,45.81,43.62,44.38,2460194,214832912.00
2022/12/12,43.88,43.98,42.35,42.83,1553434,131022280.00
2022/12/13,42.76,43.16,42.45,42.56,655875,54847192.00
2022/12/14,42.59,43.01,42.10,42.14,694243,57650644.00
2022/12/15,42.59,43.48,42.09,43.41,949889,80165776.00
2022/12/16,42.86,43.18,41.79,42.10,638546,52994488.00
2022/12/19,41.96,42.24,40.95,40.97,656850,53428320.00
2022/12/20,40.97,41.40,40.64,41.13,519752,41753732.00
2022/12/21,41.12,41.34,40.72,40.76,384947,30889132.00
2022/12/22,41.16,41.16,39.30,39.42,607273,47797596.00
2022/12/23,39.17,39.40,37.51,37.66,1316069,98306576.00
2022/12/26,37.76,39.54,37.66,39.38,1068852,80932888.00
2022/12/27,39.58,40.16,39.03,39.81,653161,50606260.00
2022/12/28,40.13,40.13,38.27,38.32,795894,60418352.00
2022/12/29,39.44,39.91,38.08,38.24,993253,75878664.00
2022/12/30,38.32,39.02,37.70,37.76,733072,55050520.00
2023/01/03,37.82,39.19,37.33,38.94,984332,73993256.00
2023/01/04,39.07,39.07,38.06,38.35,697793,52567240.00
2023/01/05,38.40,38.98,38.02,38.55,1075703,81230256.00
2023/01/06,38.76,39.48,38.53,38.73,1283368,97946640.00
2023/01/09,40.05,41.98,39.85,40.26,2582938,207321872.00
2023/01/10,40.15,41.52,39.67,40.95,1504240,119477528.00
2023/01/11,40.33,41.16,40.21,40.97,1154068,92066248.00
2023/01/12,40.82,41.26,40.23,40.41,1215432,96930488.00
2023/01/13,40.41,40.79,39.54,39.93,866923,68044136.00
2023/01/16,39.82,41.27,39.82,40.95,1108328,88343352.00
2023/01/17,40.98,42.09,40.79,40.96,971121,78621240.00
2023/01/18,40.91,41.26,40.45,40.52,700142,55845696.00
2023/01/19,40.31,40.76,40.07,40.72,711386,56418376.00
2023/01/20,40.92,41.05,40.38,40.88,743298,59325040.00
2023/01/30,42.08,43.66,41.33,42.80,2325440,194529136.00
2023/01/31,42.80,43.86,42.63,43.29,1415867,120442992.00
2023/02/01,43.01,43.53,42.66,43.52,1106801,93772624.00
2023/02/02,44.06,44.39,43.42,43.94,1401487,120587176.00
2023/02/03,43.48,44.04,42.83,43.27,995272,84349768.00
2023/02/06,43.27,48.47,42.86,48.34,4121096,373797856.00
2023/02/07,47.96,48.15,46.43,46.99,2761562,254244096.00
2023/02/08,46.94,48.87,46.94,48.35,2514294,236532800.00
2023/02/09,47.92,49.69,47.35,49.69,2199043,209152544.00
2023/02/10,49.41,50.08,48.36,48.94,1564662,150660176.00
2023/02/13,48.82,49.02,47.00,47.90,2095250,196082096.00
2023/02/14,47.73,51.87,47.73,51.02,3132990,305577728.00
2023/02/15,50.96,52.54,50.35,51.36,2388394,240046592.00
2023/02/16,51.35,51.35,47.96,48.55,2607940,253400432.00
2023/02/17,48.41,49.88,48.03,48.27,1769384,168934768.00
2023/02/20,48.11,49.28,46.94,48.22,1980893,185836128.00
2023/02/21,48.16,48.21,46.17,46.72,2490831,228702480.00
2023/02/22,46.68,46.84,45.41,45.77,1709843,153731376.00
2023/02/23,45.92,46.27,44.78,45.23,1361199,121110376.00
2023/02/24,45.49,45.62,44.74,44.82,843136,74463248.00
2023/02/27,45.17,45.96,44.34,44.34,1378735,121980888.00
2023/02/28,44.34,44.78,43.63,44.47,1330047,115036088.00
2023/03/01,44.64,45.58,44.39,45.20,1254841,110890048.00
2023/03/02,46.17,48.21,45.98,45.98,2037501,187417904.00
2023/03/03,46.42,47.39,45.99,46.29,1442841,132117272.00
2023/03/06,47.22,48.19,46.17,47.11,1601235,147902224.00
2023/03/07,47.29,48.66,46.53,46.94,1733655,161834000.00
2023/03/08,46.94,47.40,44.99,45.50,1630874,146718640.00
2023/03/09,45.50,46.11,44.69,45.64,1289850,114901432.00
2023/03/10,45.31,45.62,44.71,44.91,1000247,88406664.00
2023/03/13,44.73,45.31,43.79,44.18,1014986,88090576.00
2023/03/14,44.17,44.52,42.50,43.05,1356030,114799200.00
2023/03/15,43.51,44.08,43.05,43.45,945885,80668984.00
2023/03/16,43.27,43.27,41.63,41.82,1389737,115024800.00
2023/03/17,42.20,42.40,41.37,41.95,1406224,115933520.00
2023/03/20,41.91,42.76,41.12,42.60,1173817,96994472.00
2023/03/21,42.63,43.24,42.35,43.24,794163,66708484.00
2023/03/22,43.37,43.80,42.76,42.92,1113019,94070104.00
2023/03/23,43.11,43.47,42.68,43.43,874643,73854152.00
2023/03/24,43.42,43.62,42.35,42.86,982506,82720320.00
2023/03/27,43.29,45.27,43.19,45.05,2721468,237320944.00
2023/03/28,45.35,45.41,44.13,44.23,1393617,121919784.00
2023/03/29,44.34,49.32,44.34,48.07,3993068,370467168.00
2023/03/30,47.45,48.49,46.84,48.21,2303231,216011408.00
2023/03/31,47.96,47.96,46.77,46.94,1769790,164327584.00
2023/04/03,46.95,49.31,46.82,48.34,2443340,231581776.00
2023/04/04,48.29,48.97,47.24,48.21,2305741,216953632.00
2023/04/06,48.14,48.14,46.48,47.32,1736297,160568224.00
2023/04/07,47.54,49.60,47.19,48.13,2243912,214210320.00
2023/04/10,48.61,50.30,48.06,49.59,2581176,249175936.00
2023/04/11,50.36,50.36,46.52,46.91,3467945,325862624.00
2023/04/12,47.25,47.45,46.07,46.99,1644966,150828912.00
2023/04/13,46.81,47.68,46.17,46.18,1449898,132975456.00
2023/04/14,46.02,46.96,46.02,46.58,966286,88023480.00
2023/04/17,46.43,48.04,45.94,46.24,1764116,161895008.00
2023/04/18,45.10,45.10,42.61,43.37,2956393,251856176.00
2023/04/19,43.60,43.60,42.59,42.66,1223652,103036984.00
2023/04/20,42.85,42.86,41.59,41.99,1267680,104368928.00
2023/04/21,42.21,42.60,40.76,40.80,1523048,123517872.00
2023/04/24,41.12,41.12,40.01,40.30,931857,73883888.00
2023/04/25,40.08,40.42,38.83,39.46,1227937,94901776.00
2023/04/26,39.46,41.22,39.30,40.25,1299389,103129328.00
2023/04/27,40.31,40.61,39.56,40.14,947948,74525064.00
2023/04/28,39.80,41.15,39.68,40.96,753481,60107868.00
2023/05/04,41.03,42.06,40.60,40.98,872085,70446656.00
2023/05/05,40.98,41.06,39.54,39.85,781553,61270688.00
2023/05/08,39.85,40.74,39.85,40.55,580450,45910740.00
2023/05/09,40.56,40.56,39.48,39.62,795207,62026104.00
2023/05/10,39.34,40.49,39.34,40.24,560305,43949368.00
2023/05/11,40.16,41.17,39.90,40.62,569549,45349924.00
2023/05/12,40.66,41.07,40.15,40.94,556861,44399708.00
2023/05/15,41.22,42.09,40.84,41.82,904216,73462176.00
2023/05/16,41.84,41.84,40.85,41.63,661233,53569216.00
2023/05/17,41.37,42.05,41.22,41.34,724742,59033128.00
2023/05/18,41.34,41.79,40.83,41.26,534374,43056216.00
2023/05/19,41.12,42.08,40.84,41.22,702884,57186092.00
2023/05/22,41.12,41.46,40.47,41.39,490990,39522928.00
2023/05/23,41.84,42.85,41.54,41.55,1084740,89620264.00
2023/05/24,41.33,42.10,41.02,41.33,599582,48730184.00
2023/05/25,40.89,41.66,40.82,41.18,540424,43594504.00
2023/05/26,40.93,41.33,40.74,41.15,490535,39459420.00
2023/05/29,41.20,41.33,39.25,39.29,1295691,100810432.00
2023/05/30,39.18,39.44,37.87,38.65,1101235,82895832.00
2023/05/31,38.73,39.38,38.42,38.90,613108,46760552.00
2023/06/01,39.05,39.40,38.32,39.03,546319,41673116.00
2023/06/02,38.80,39.95,38.80,39.77,679980,52802976.00
2023/06/05,39.57,40.15,39.49,39.77,488713,38084504.00
2023/06/06,39.94,42.32,39.23,41.64,2146506,172172320.00
2023/06/07,41.83,41.83,39.80,39.98,1381457,109253328.00
2023/06/08,39.98,40.95,39.74,40.13,722031,57304144.00
2023/06/09,40.13,40.51,39.58,39.82,665602,52181128.00
2023/06/12,39.56,40.08,39.09,39.41,846199,65323988.00
2023/06/13,40.35,41.58,40.02,40.10,891033,70714568.00
2023/06/14,40.82,41.73,40.54,41.07,1167163,93986912.00
2023/06/15,40.64,41.77,40.31,41.26,1126549,90833016.00
2023/06/16,41.33,41.60,40.99,41.38,717882,57989016.00
2023/06/19,42.05,42.28,41.01,41.17,835415,67851656.00
2023/06/20,40.87,41.43,40.71,40.84,805594,64739944.00
2023/06/21,40.57,45.63,40.57,42.09,4465512,376121792.00
2023/06/26,41.43,42.08,40.51,41.02,2120529,171589296.00
2023/06/27,41.32,45.14,41.32,44.27,4255564,365122816.00
2023/06/28,44.09,45.06,43.73,44.29,2820548,245056784.00
2023/06/29,44.43,45.14,43.88,44.29,2145754,187229904.00
2023/06/30,44.08,44.36,43.32,43.37,1842628,157778688.00
2023/07/03,43.14,44.38,43.08,43.71,1411090,120968448.00
2023/07/04,44.06,45.34,43.56,44.27,1739020,151669392.00
2023/07/05,44.49,44.63,43.34,43.46,1663565,102488312.00
2023/07/06,43.42,43.63,42.41,42.94,1720286,103068264.00
2023/07/07,42.86,43.26,41.94,41.98,1541244,91660760.00
2023/07/10,42.21,42.71,41.59,42.56,1370216,81108424.00
2023/07/11,42.41,43.38,42.23,43.29,1410491,84652168.00
2023/07/12,43.14,45.18,42.79,44.11,2573544,159291072.00
2023/07/13,44.21,44.39,43.59,44.17,1352934,83290488.00
2023/07/14,44.79,47.61,44.41,46.44,4358829,281959616.00
2023/07/17,46.34,48.19,45.96,47.37,3106726,204889504.00
2023/07/18,47.61,50.54,46.86,49.28,4955464,339324256.00
2023/07/19,49.27,49.86,47.06,47.79,3057315,205168256.00
2023/07/20,47.74,48.49,46.79,46.93,2234955,148582592.00
2023/07/21,46.57,48.12,46.39,46.65,1639079,107962672.00
2023/07/24,46.59,46.91,45.36,45.66,1936447,124425408.00
2023/07/25,46.36,46.69,45.50,46.11,1929504,124667984.00
2023/07/26,46.11,46.11,45.26,45.46,1648845,105180680.00
2023/07/27,45.51,46.01,44.50,44.81,1559378,98693136.00
2023/07/28,44.54,46.54,44.48,45.69,2291359,146655744.00
2023/07/31,45.71,46.63,45.49,45.69,1694799,109045752.00
2023/08/01,46.07,46.47,45.00,45.40,1346639,86148736.00
2023/08/02,45.31,45.68,44.75,44.78,1192333,75204376.00
2023/08/03,44.49,44.80,43.79,44.47,1894324,117175120.00
2023/08/04,44.64,45.28,43.71,44.16,1825641,113432784.00
2023/08/07,43.99,44.50,43.49,43.57,1031511,63166152.00
2023/08/08,43.77,45.57,42.78,44.74,3569903,220293248.00
2023/08/09,44.29,44.64,42.79,43.06,2895750,176787520.00
2023/08/10,43.20,44.70,43.09,43.90,1897745,117063352.00
2023/08/11,43.99,43.99,42.34,42.43,1828160,109941096.00
2023/08/14,42.11,42.21,41.50,41.87,1184598,69307024.00
2023/08/15,41.96,42.14,40.89,41.14,1287764,74396008.00
2023/08/16,41.14,41.42,40.61,40.85,1039895,59564788.00
2023/08/17,40.85,41.61,40.53,41.41,919147,52971488.00
2023/08/18,41.51,42.28,40.69,40.71,1146929,66662032.00
2023/08/21,40.76,41.06,39.76,39.76,894189,50386392.00
2023/08/22,39.75,40.16,38.91,39.84,1102114,61014964.00
2023/08/23,39.71,39.99,38.71,38.79,1035170,56931472.00
2023/08/24,39.13,39.46,38.68,38.79,927141,50746492.00
2023/08/25,38.78,39.54,38.13,38.31,945115,51240052.00
2023/08/28,40.36,40.49,36.71,36.96,2411347,129738776.00
2023/08/29,37.14,38.43,36.69,38.24,1760331,93380680.00
2023/08/30,38.56,39.15,38.16,38.44,1231512,66696616.00
2023/08/31,38.78,38.91,37.86,38.64,1443122,77485112.00
2023/09/01,38.67,39.14,38.29,38.74,983192,53249340.00
2023/09/04,39.00,39.41,38.72,39.18,1218031,66584220.00
2023/09/05,39.29,39.29,38.58,39.06,964612,52474560.00
2023/09/06,39.17,39.17,38.57,38.91,833873,45351616.00
2023/09/07,38.93,39.14,37.88,37.89,1023260,54924588.00
2023/09/08,38.04,38.71,37.89,38.43,612549,32889952.00
2023/09/11,38.29,40.06,37.93,39.75,1572577,86478456.00
2023/09/12,39.96,40.29,39.44,39.84,962642,53673528.00
2023/09/13,39.78,39.78,38.58,39.11,1057616,57934696.00
2023/09/14,39.15,39.15,37.99,38.09,767458,41269872.00
2023/09/15,38.38,38.38,37.40,37.77,964245,50914012.00
2023/09/18,37.41,38.56,37.41,38.29,939280,50371288.00
2023/09/19,38.32,38.32,37.27,37.41,799676,42189292.00
2023/09/20,37.25,37.54,36.79,36.79,777710,40338032.00
2023/09/21,36.71,37.07,36.46,36.91,734257,37843052.00
2023/09/22,36.80,37.86,36.46,37.84,929169,48426008.00
2023/09/25,37.85,38.13,37.53,37.81,738617,39097616.00
2023/09/26,37.56,38.21,37.55,38.00,654861,34799592.00
2023/09/27,38.06,38.45,37.84,37.99,808095,43161308.00
2023/09/28,37.81,38.68,37.80,38.54,810706,43498268.00
2023/10/09,38.93,38.93,37.50,37.64,879680,46731968.00
2023/10/10,37.76,37.86,36.93,37.04,874685,45698592.00
2023/10/11,37.23,37.94,37.00,37.48,1202796,62900748.00
2023/10/12,37.52,38.06,37.29,37.93,866128,45756768.00
2023/10/13,37.66,37.66,36.96,37.16,957972,49888432.00
2023/10/16,37.05,37.47,35.14,36.06,2056359,103683504.00
2023/10/17,35.72,37.14,35.72,36.59,1209309,62058312.00
2023/10/18,36.57,36.57,35.43,35.60,867949,43484704.00
2023/10/19,35.26,36.27,35.26,35.56,827319,41349480.00
2023/10/20,35.56,36.07,35.10,35.14,975170,48502656.00
2023/10/23,35.16,35.34,33.61,34.19,1153592,55486368.00
2023/10/24,34.48,34.70,33.57,34.43,996758,47624632.00
2023/10/25,34.79,36.00,34.29,35.00,980891,48507136.00
2023/10/26,34.64,34.79,33.87,34.61,957598,45912472.00
2023/10/27,34.57,35.99,34.05,35.76,1161916,57198744.00
2023/10/30,35.64,35.71,35.09,35.39,1308905,64914772.00
2023/10/31,35.36,35.54,34.76,35.14,914789,45008156.00
2023/11/01,35.17,36.24,35.15,35.78,959612,48010052.00
2023/11/02,35.78,36.14,35.31,35.39,704931,35124976.00
2023/11/03,35.20,36.57,35.20,36.25,1273734,64522328.00
2023/11/06,36.41,37.04,36.19,36.59,1327348,67987952.00
2023/11/07,36.70,37.06,36.46,36.81,1018154,52384668.00
2023/11/08,36.87,37.54,36.29,37.17,1468676,76020208.00
2023/11/09,37.11,37.34,36.80,37.09,972826,50534192.00
2023/11/10,36.50,37.26,36.43,37.19,782480,40536392.00
2023/11/13,37.14,37.59,36.99,37.13,900562,46948220.00
2023/11/14,36.84,37.54,36.84,37.46,866864,45381200.00
2023/11/15,37.91,38.21,37.65,37.76,1056586,56049144.00
2023/11/16,37.71,37.77,36.79,36.86,983411,51033208.00
2023/11/17,36.79,37.35,36.79,37.12,725638,37707536.00
2023/11/20,37.32,37.45,36.59,37.26,844903,43868208.00
2023/11/21,37.30,37.66,37.04,37.07,966855,50533728.00
2023/11/22,36.82,37.01,36.31,36.44,1045785,53741788.00
2023/11/23,36.44,37.81,36.22,37.70,1580727,82417856.00
2023/11/24,37.77,38.52,37.25,37.85,1666826,88229184.00
2023/11/27,37.85,38.79,37.36,38.50,2018047,108287680.00
2023/11/28,39.02,40.11,38.16,39.49,2511305,138199088.00
2023/11/29,39.93,39.99,38.74,38.89,2023803,110948208.00
2023/11/30,38.79,39.27,38.34,39.11,1382565,75254992.00
2023/12/01,39.07,39.41,38.09,38.29,1431361,77344880.00
2023/12/04,38.49,38.84,37.63,38.49,1855826,99123424.00
2023/12/05,38.22,39.26,38.04,38.36,1837928,99725936.00
2023/12/06,38.58,39.53,37.57,37.84,2906095,157712240.00
2023/12/07,37.55,37.77,35.48,35.93,3466215,175365152.00
2023/12/08,36.06,36.17,34.56,35.00,4046098,198861136.00
2023/12/11,35.00,35.20,34.04,35.18,2488874,120318776.00
2023/12/12,35.43,35.43,34.80,35.16,1129371,55386896.00
2023/12/13,35.24,35.42,34.43,34.95,1058136,51801600.00
2023/12/14,35.21,36.02,34.96,35.00,1863158,92545232.00
2023/12/15,35.14,35.51,34.65,34.91,1093584,53547984.00
2023/12/18,34.71,34.71,32.96,33.03,2140083,100632576.00
2023/12/19,33.18,33.18,32.41,32.67,1260978,57662832.00
2023/12/20,32.79,32.84,31.57,31.57,1668546,74683168.00
2023/12/21,31.40,32.18,30.86,31.93,1768813,78204192.00
2023/12/22,32.08,32.08,31.14,31.46,1486009,65544104.00
2023/12/25,31.61,32.14,31.42,31.59,1114101,49516960.00
2023/12/26,31.69,31.69,30.71,30.89,978608,42708632.00
2023/12/27,31.00,31.19,30.47,30.93,946235,40816440.00
2023/12/28,30.83,32.64,30.63,32.44,1939122,86867752.00
2023/12/29,32.25,33.18,32.23,32.67,1507402,69203064.00
2024/01/02,32.67,32.83,32.14,32.14,1350421,61268140.00
2024/01/03,32.14,32.14,31.35,31.83,1171810,51957896.00
2024/01/04,31.49,32.00,31.36,31.71,1112021,49294280.00
2024/01/05,31.55,31.95,30.57,30.76,1190196,52032912.00
2024/01/08,30.70,30.96,30.30,30.60,1711636,73397504.00
2024/01/09,30.68,31.25,29.95,30.11,1243554,53063952.00
2024/01/10,30.00,30.61,29.32,29.96,1005187,42129244.00
2024/01/11,29.96,30.82,29.84,30.70,1174345,49837776.00
2024/01/12,30.68,31.63,30.51,30.73,1128075,48917136.00
2024/01/15,30.70,31.64,29.93,30.94,1825608,78999032.00
2024/01/16,30.71,30.86,30.01,30.53,1216972,51827940.00
2024/01/17,30.56,30.61,29.34,29.34,925529,38694188.00
2024/01/18,29.07,29.56,28.56,29.42,1332312,54136548.00
2024/01/19,29.26,29.92,28.64,28.64,832666,33955680.00
2024/01/22,28.56,28.56,26.49,26.74,1619911,62556236.00
2024/01/23,26.69,27.17,26.19,26.81,1203969,45114332.00
2024/01/24,27.54,28.65,26.86,27.57,1975719,76686192.00
2024/01/25,27.48,28.61,27.22,28.49,1400294,55067832.00
2024/01/26,28.56,28.78,27.72,27.87,1039428,41063408.00
2024/01/29,28.21,28.21,26.43,26.43,1263621,47777216.00
2024/01/30,26.44,26.69,25.36,25.36,1051356,38425084.00
2024/01/31,25.26,26.20,24.52,24.55,1602608,56551136.00
2024/02/01,24.43,25.26,24.00,24.94,1462403,50399312.00
2024/02/02,25.00,25.00,22.28,23.11,2080835,68649920.00
2024/02/05,22.84,22.84,20.00,20.54,2786224,82307048.00
2024/02/06,20.01,22.50,19.36,21.79,2737059,80635792.00
2024/02/07,21.84,23.39,21.64,22.41,2991731,94951160.00
2024/02/08,22.54,24.11,22.44,23.57,3245325,107291328.00
2024/02/19,24.25,24.25,22.81,23.29,3355074,109322448.00
2024/02/20,23.33,23.33,22.63,23.12,2023713,64878360.00
2024/02/21,23.03,24.71,22.86,23.76,3014992,101039624.00
2024/02/22,23.79,24.56,23.54,24.20,2192265,73806704.00
2024/02/23,24.23,24.54,23.76,24.49,1908830,64493240.00
2024/02/26,24.86,25.69,24.42,25.16,2387202,83665064.00
2024/02/27,24.93,25.93,24.79,25.93,2117910,75622248.00
2024/02/28,25.94,28.02,24.56,24.56,5927992,218721856.00
2024/02/29,24.71,29.47,24.46,29.47,7554150,284224064.00
2024/03/01,32.16,34.13,30.86,31.12,13968587,629638720.00
2024/03/04,30.00,30.84,28.56,29.81,10089073,417819872.00
2024/03/05,29.56,31.21,28.98,29.87,6630539,281106880.00
2024/03/06,30.44,31.20,29.69,30.01,4696296,199663584.00
2024/03/07,29.57,30.37,28.57,28.64,4670519,191946304.00
2024/03/08,28.65,28.88,27.61,28.24,3918968,154164256.00
2024/03/11,28.38,29.89,28.25,29.49,4129768,168151984.00
2024/03/12,29.61,29.72,29.05,29.46,2747317,112890800.00
2024/03/13,29.29,29.46,28.76,28.89,2507291,101692312.00
2024/03/14,29.07,29.11,27.77,28.21,2461694,97527456.00
2024/03/15,27.79,28.56,27.68,28.47,2005537,78579480.00
2024/03/18,28.49,29.13,28.36,29.04,2144052,86108752.00
2024/03/19,28.75,30.17,28.75,28.83,3252409,133576440.00
2024/03/20,28.77,29.49,28.73,29.21,2243657,91706568.00
2024/03/21,29.43,31.26,29.06,30.69,5776933,245197280.00
2024/03/22,30.46,33.46,29.86,31.36,6381005,281178400.00
2024/03/25,31.43,31.43,29.22,29.29,4242094,179739552.00
2024/03/26,29.00,29.86,28.36,28.66,2934102,119423024.00
2024/03/27,28.50,28.72,26.81,26.81,2876224,111404656.00
2024/03/28,26.75,28.42,26.69,28.07,2910256,113157064.00
2024/03/29,28.05,30.69,27.92,29.31,4047730,166690176.00
2024/04/01,29.31,29.91,28.93,29.48,2271152,93594096.00
2024/04/02,29.95,30.16,29.02,29.29,1956805,80676168.00
2024/04/03,29.28,29.28,28.16,28.23,2205946,87909176.00
2024/04/08,28.07,28.23,27.21,27.26,2026751,78498032.00
2024/04/09,27.38,28.28,27.22,27.79,1497254,58294496.00
2024/04/10,27.14,27.82,26.79,26.85,1637708,62281232.00
2024/04/11,26.70,27.15,26.33,26.44,1435302,53646672.00
2024/04/12,26.33,26.72,25.52,25.55,1692570,61561056.00
2024/04/15,25.40,25.88,23.67,24.04,3357756,114341144.00
2024/04/16,23.64,24.04,22.15,22.15,3322483,105799416.00
2024/04/17,22.85,26.58,22.85,26.48,6288384,221086032.00
2024/04/18,26.12,26.21,24.86,24.92,4241106,150473344.00
2024/04/19,24.79,25.71,24.56,24.74,2359979,82511104.00
2024/04/22,25.29,25.29,24.11,24.86,1611510,55909364.00
2024/04/23,24.46,25.43,24.46,24.81,1374758,48088288.00
2024/04/24,24.81,25.59,24.81,25.57,1762186,62310536.00
2024/04/25,25.50,25.98,25.14,25.51,1626183,58444640.00
2024/04/26,25.79,26.34,25.17,26.26,1963953,71382128.00
2024/04/29,25.57,26.20,25.25,26.15,3232277,116516792.00
2024/04/30,26.29,26.43,25.41,25.71,1994922,71863024.00
2024/05/06,26.02,26.28,25.85,26.01,1755249,64127336.00
2024/05/07,26.35,27.54,25.68,27.06,3518906,131235424.00
2024/05/08,26.84,27.85,26.23,26.79,3047716,114993784.00
2024/05/09,26.63,27.27,26.63,26.76,2089510,78914304.00
2024/05/10,26.76,27.04,25.68,25.82,1956906,71275160.00
2024/05/13,25.41,25.91,24.91,25.13,1407584,49698868.00
2024/05/14,25.06,25.67,25.06,25.12,958245,33855968.00
2024/05/15,25.13,25.78,25.10,25.10,1058956,37681652.00
2024/05/16,24.92,25.34,24.85,24.85,961106,33733468.00
2024/05/17,24.88,25.46,24.66,25.42,1289319,45297916.00
2024/05/20,25.36,25.80,24.96,25.06,1449760,51341176.00
2024/05/21,25.01,25.01,24.29,24.30,1497982,51372392.00
2024/05/22,24.43,24.79,24.19,24.76,1075185,37025652.00
2024/05/23,24.76,24.76,24.09,24.14,1099409,37385512.00
2024/05/24,24.28,24.28,23.49,23.56,1125630,37424816.00
2024/05/27,23.59,23.90,23.06,23.73,1128216,36909804.00
2024/05/28,23.74,23.89,23.34,23.51,911514,30147426.00
2024/05/29,23.73,24.14,23.34,23.86,1029172,34430168.00
2024/05/30,24.07,25.36,24.06,24.58,2257077,78307072.00
2024/05/31,24.29,24.82,24.11,24.50,1513514,51864408.00
2024/06/03,24.51,24.75,23.79,24.01,1375522,46700716.00
2024/06/04,24.06,24.06,23.36,23.69,1269446,41860100.00
2024/06/05,23.66,23.84,23.30,23.30,896419,29599444.00
2024/06/06,23.42,23.70,22.25,22.36,1792766,56989456.00
2024/06/07,22.38,22.94,22.36,22.67,1126237,35743284.00
2024/06/11,22.71,23.20,22.21,23.07,959454,30553128.00
2024/06/12,23.09,23.49,22.96,23.29,783779,25547580.00
2024/06/13,23.29,23.89,23.07,23.54,1171317,38509336.00
2024/06/14,23.55,23.70,23.19,23.54,1047848,34280328.00
2024/06/17,23.55,23.88,23.04,23.39,1072616,35395312.00
2024/06/18,23.51,23.64,23.27,23.53,997243,32796984.00
2024/06/19,23.36,23.64,22.86,22.93,1069042,34690332.00
2024/06/20,22.96,23.64,22.71,22.86,1732367,56217100.00
2024/06/21,22.85,22.91,22.21,22.44,1109524,35005344.00
2024/06/24,22.15,22.44,21.14,21.18,1664549,50352240.00
2024/06/25,21.18,21.49,20.63,20.83,1214502,35759592.00
2024/06/26,20.96,21.92,20.64,21.76,1426337,42337972.00
2024/06/27,21.71,21.89,21.26,21.28,955730,28808536.00
2024/06/28,21.30,21.86,21.18,21.41,1112556,33655012.00
2024/07/01,21.43,21.62,20.59,21.37,1197600,35368548.00
2024/07/02,21.61,21.61,21.11,21.16,772665,23047316.00
2024/07/03,21.08,21.49,20.92,21.13,929303,27577012.00
2024/07/04,21.34,21.51,20.08,20.26,1218984,35067096.00
2024/07/05,20.14,20.49,19.91,20.29,1012108,28762774.00
2024/07/08,20.32,20.32,19.38,19.46,1183610,32586156.00
2024/07/09,19.49,19.84,19.11,19.67,1022623,27966410.00
2024/07/10,19.69,20.43,19.51,19.79,1141875,32064588.00
2024/07/11,20.20,20.61,20.08,20.44,1028515,29353892.00
2024/07/12,20.57,20.80,20.36,20.44,710559,20453730.00
2024/07/15,20.56,20.61,19.87,20.05,927703,26167192.00
2024/07/16,20.03,20.06,19.46,19.57,1607147,44198184.00
2024/07/17,19.59,19.65,19.16,19.57,1250852,34028196.00
2024/07/18,19.46,19.57,19.08,19.49,1013639,27413668.00
2024/07/19,19.38,20.04,19.33,19.93,1437205,39633656.00
2024/07/22,19.98,20.31,19.91,20.23,1378369,27721394.00
2024/07/23,20.11,20.69,20.00,20.00,1719405,35032392.00
2024/07/24,20.14,20.14,19.25,19.34,1677106,32830128.00
2024/07/25,19.09,19.93,19.09,19.76,1391676,27333748.00
2024/07/26,19.73,20.30,19.73,20.05,1420938,28418068.00
2024/07/29,20.11,20.11,19.64,19.78,947290,18762464.00
2024/07/30,19.67,20.12,19.51,20.02,1147432,22783418.00
2024/07/31,20.12,21.28,19.90,21.20,2473242,51328856.00
2024/08/01,21.28,21.59,21.03,21.14,2014871,42927856.00
2024/08/02,21.14,21.14,20.50,20.58,1347208,28035832.00
2024/08/05,20.54,20.88,19.73,19.74,1823857,36929740.00
2024/08/06,20.30,20.38,19.94,20.22,1248875,25173236.00
2024/08/07,20.11,20.50,19.90,20.10,1133050,22884318.00
2024/08/08,20.00,20.30,19.50,20.01,1262030,25162240.00
2024/08/09,20.09,20.22,19.56,19.56,1306788,25918776.00
2024/08/12,19.80,20.50,19.25,19.90,3031119,60345244.00
2024/08/13,19.66,20.20,19.50,20.01,1721213,34160200.00
2024/08/14,19.88,20.25,19.77,19.77,1287791,25678420.00
2024/08/15,19.85,20.18,19.46,19.96,1540428,30615500.00
2024/08/16,20.35,20.90,19.96,20.05,2486808,50703412.00
2024/08/19,20.11,21.60,20.00,20.62,3386693,70432408.00
2024/08/20,20.70,21.47,20.22,21.27,3938378,82191952.00
2024/08/21,21.00,21.56,20.83,20.93,2626409,55492400.00
2024/08/22,21.06,21.36,20.86,21.16,1980587,41681520.00
2024/08/23,21.12,21.40,20.91,21.00,1609329,34032232.00
2024/08/26,21.10,21.60,20.82,21.00,2075702,43974152.00
2024/08/27,20.98,20.98,20.10,20.21,1976029,40270412.00
2024/08/28,19.99,20.75,19.99,20.31,1452464,29672552.00
2024/08/29,20.21,20.96,20.10,20.75,1899984,39277744.00
2024/08/30,20.75,21.70,20.56,21.38,3407848,72706072.00
2024/09/02,21.58,21.68,20.60,20.73,2063486,43580212.00
2024/09/03,20.83,21.28,20.69,21.00,1852585,38958832.00
2024/09/04,21.02,21.53,20.80,21.27,2172745,46163476.00
2024/09/05,21.27,21.40,21.03,21.13,1320368,27995646.00
2024/09/06,21.35,21.35,20.67,20.70,1342991,27992644.00
2024/09/09,20.59,20.74,20.00,20.06,1613771,32779952.00
2024/09/10,20.06,20.38,19.62,20.16,1543769,30753724.00
2024/09/11,20.00,20.49,19.88,20.30,1521083,30811944.00
2024/09/12,20.35,21.12,20.27,20.57,1922793,39857040.00
2024/09/13,20.56,20.65,19.60,19.72,1956202,39297112.00
2024/09/18,19.90,19.91,18.99,19.28,1681695,32424866.00
2024/09/19,19.40,19.88,19.07,19.52,1567713,30619116.00
2024/09/20,19.59,19.66,18.87,19.13,1500134,28726398.00
2024/09/23,19.11,19.21,18.73,18.84,1295350,24499020.00
2024/09/24,19.43,19.83,18.80,19.80,2798794,54421956.00
2024/09/25,20.10,20.53,19.90,19.93,2811556,56903912.00
2024/09/26,19.90,20.95,19.84,20.89,2725696,55388752.00
2024/09/27,21.30,22.50,21.10,22.23,3960062,86611304.00
2024/09/30,22.88,26.32,22.88,25.69,9341275,229627904.00
2024/10/08,30.81,30.81,27.18,28.97,11498800,331537120.00
2024/10/09,27.90,28.39,25.31,25.34,8161134,219569888.00
2024/10/10,26.00,26.79,25.41,25.67,5368199,140316032.00
2024/10/11,25.80,25.80,23.81,24.20,4835006,118586544.00
2024/10/14,24.21,24.37,23.02,24.01,5532268,130816192.00
2024/10/15,23.97,24.24,23.26,23.36,3952898,93789544.00
2024/10/16,22.66,23.34,22.60,22.94,3064219,70404552.00
2024/10/17,23.10,23.28,22.40,22.49,2705640,61820340.00
2024/10/18,22.40,24.86,22.40,23.82,5502874,129875328.00
2024/10/21,24.20,24.74,23.80,24.06,4856305,117702944.00
2024/10/22,24.11,24.50,23.58,24.35,3958689,95122704.00
2024/10/23,24.50,27.03,24.35,25.75,8872216,228285856.00
2024/10/24,25.78,25.78,24.55,24.78,4933462,122802712.00
2024/10/25,24.80,26.08,24.67,25.79,4691788,119890216.00
2024/10/28,26.05,26.05,25.55,25.82,3519231,90601392.00
2024/10/29,25.82,25.99,24.51,24.63,4916215,122976232.00
2024/10/30,24.26,24.75,23.75,24.01,3407138,82453144.00
2024/10/31,24.17,25.40,24.10,24.89,4609777,114592456.00
2024/11/01,24.66,24.70,23.52,23.78,4198822,100546216.00
2024/11/04,23.86,24.63,23.60,24.48,3002734,72766544.00
2024/11/05,24.85,25.95,24.63,25.63,5943661,151720096.00
2024/11/06,25.68,26.13,25.10,25.30,4882850,125308144.00
2024/11/07,26.36,27.34,25.70,26.54,7719524,203604992.00
2024/11/08,26.95,27.39,26.16,26.58,6018888,161310464.00
2024/11/11,26.65,28.50,26.55,28.45,8151088,227516128.00
2024/11/12,28.20,28.88,27.50,28.02,7044112,198063376.00
2024/11/13,27.90,28.99,27.55,28.43,6475389,183193424.00
2024/11/14,28.23,28.60,27.00,27.12,5155246,142398224.00
2024/11/15,26.88,27.39,26.00,26.19,3616059,96760768.00
2024/11/18,26.19,26.58,24.90,25.10,4073180,103557376.00
2024/11/19,25.14,25.75,24.76,25.69,3153755,79496848.00
2024/11/20,25.43,26.38,25.43,26.13,3554353,92199480.00
2024/11/21,26.07,27.25,25.73,26.49,4342371,115537384.00
2024/11/22,26.39,26.50,24.90,24.94,4142825,106675008.00
数据来源:通达信
