688248 南网科技 日线 前复权
      日期	    开盘	    最高	    最低	    收盘	    成交量	    成交额
2021/12/22,31.48,31.82,25.03,26.98,61556740,1714085120.00
2021/12/23,25.98,29.38,25.36,27.25,44600424,1233469824.00
2021/12/24,26.98,27.40,25.14,25.78,26338438,700703616.00
2021/12/27,25.53,26.56,23.48,23.48,23186272,589695680.00
2021/12/28,23.08,23.38,22.23,22.56,16355230,378584608.00
2021/12/29,22.66,23.07,22.04,22.50,9571828,221708288.00
2021/12/30,22.57,23.88,22.37,23.20,11675393,277466944.00
2021/12/31,23.42,24.50,22.56,22.58,10185946,244085344.00
2022/01/04,22.86,22.86,21.08,21.31,13966715,311077088.00
2022/01/05,21.13,21.53,20.54,21.10,8423178,180716320.00
2022/01/06,20.98,21.65,20.74,21.24,6395897,139598512.00
2022/01/07,21.15,21.70,20.60,21.52,9720573,211295296.00
2022/01/10,21.47,22.06,20.89,21.05,7482332,163412464.00
2022/01/11,20.89,21.44,20.40,20.41,8298328,177627216.00
2022/01/12,21.03,21.59,20.82,21.36,10622078,231041488.00
2022/01/13,21.14,22.70,20.81,22.12,15591691,349203360.00
2022/01/14,21.76,22.38,21.59,21.64,7230484,162202496.00
2022/01/17,21.45,22.38,21.13,22.13,7872876,176186544.00
2022/01/18,22.27,23.18,21.61,22.90,11109696,256249792.00
2022/01/19,22.56,22.93,21.85,21.98,7593351,172737456.00
2022/01/20,21.93,21.98,20.71,20.76,5784624,125942680.00
2022/01/21,20.53,20.98,19.68,19.80,6035796,126094528.00
2022/01/24,19.52,20.40,19.49,19.87,3563383,72957016.00
2022/01/25,19.82,20.38,19.52,19.59,3634322,74417416.00
2022/01/26,20.14,20.98,19.81,20.37,4649716,97154360.00
2022/01/27,19.63,20.63,19.58,19.79,4084078,84109336.00
2022/01/28,19.93,20.30,19.59,19.74,2501411,51052360.00
2022/02/07,20.18,20.48,19.97,20.14,2287788,47337520.00
2022/02/08,20.25,20.32,18.79,19.41,5459517,108854416.00
2022/02/09,19.20,19.41,18.51,19.30,5274854,102887128.00
2022/02/10,19.13,19.18,18.59,18.70,4937373,95330200.00
2022/02/11,18.57,18.71,17.58,17.62,4991087,92983072.00
2022/02/14,17.49,17.88,17.28,17.50,2343842,42442092.00
2022/02/15,17.66,17.87,17.55,17.82,2338549,42726780.00
2022/02/16,17.82,18.13,17.81,17.95,1905931,35188752.00
2022/02/17,17.89,19.15,17.77,18.58,5017686,95631712.00
2022/02/18,18.38,18.66,18.23,18.32,2405907,45405696.00
2022/02/21,18.53,19.35,18.38,19.12,4792584,93268744.00
2022/02/22,18.86,19.06,18.38,18.51,3589243,68821808.00
2022/02/23,18.68,18.87,18.49,18.78,3081329,59369320.00
2022/02/24,18.85,19.26,17.99,18.22,5216380,99901768.00
2022/02/25,18.51,19.24,18.48,18.87,4760447,92844848.00
2022/02/28,18.71,19.12,18.51,18.88,2842848,55045592.00
2022/03/01,18.78,19.26,18.78,19.07,2737927,53525496.00
2022/03/02,18.88,19.98,18.61,19.59,5238153,104154320.00
2022/03/03,19.96,21.56,19.87,20.10,11518133,243927808.00
2022/03/04,19.98,20.57,19.60,19.69,5278972,108543104.00
2022/03/07,19.51,19.75,18.69,18.86,5166358,101457080.00
2022/03/08,18.82,18.95,18.16,18.23,4134784,78752176.00
2022/03/09,18.47,18.74,17.43,18.17,4420504,82668104.00
2022/03/10,18.62,19.43,18.54,18.88,5711473,111532256.00
2022/03/11,18.58,18.80,17.66,18.51,5402212,101522632.00
2022/03/14,18.31,18.41,17.20,17.21,5902547,107782384.00
2022/03/15,17.23,17.31,15.76,15.80,5949330,101022984.00
2022/03/16,16.21,16.43,15.50,16.35,4077621,67571848.00
2022/03/17,16.56,17.48,16.55,17.01,5263231,92310288.00
2022/03/18,16.69,17.92,16.69,17.23,3803329,67932888.00
2022/03/21,17.04,17.51,16.96,17.30,3233936,57541628.00
2022/03/22,17.49,17.88,16.92,17.12,3323115,59202468.00
2022/03/23,17.68,18.10,17.51,17.78,5076814,93102616.00
2022/03/24,17.88,18.62,17.76,17.82,6352809,118462544.00
2022/03/25,17.45,17.65,16.67,17.21,4443677,79203760.00
2022/03/28,16.83,17.07,16.59,16.83,2690129,46546752.00
2022/03/29,16.78,16.89,16.48,16.52,1947072,33396056.00
2022/03/30,16.79,17.36,16.74,17.32,3129853,55046608.00
2022/03/31,17.18,17.32,16.69,16.75,2222366,38754868.00
2022/04/01,16.68,17.03,16.56,16.78,1784963,30910948.00
2022/04/06,16.81,16.83,16.39,16.50,1930729,32888512.00
2022/04/07,16.53,16.53,15.96,16.08,2374222,39515660.00
2022/04/08,16.07,16.13,15.63,15.78,1815189,29723840.00
2022/04/11,15.79,15.83,14.87,14.92,2847537,44783912.00
2022/04/12,14.89,15.55,14.56,15.48,2972279,46085728.00
2022/04/13,15.36,15.38,14.90,14.90,1637007,25647000.00
2022/04/14,14.97,15.22,14.80,14.95,1559104,24163200.00
2022/04/15,14.93,15.05,14.54,14.57,1312733,19990700.00
2022/04/18,14.58,15.06,14.19,14.86,1380354,20866540.00
2022/04/19,14.76,15.13,14.69,14.80,967262,14940516.00
2022/04/20,14.90,14.95,14.49,14.56,990925,15091580.00
2022/04/21,14.49,14.68,13.86,13.94,1861098,27493946.00
2022/04/22,13.81,14.23,13.81,13.96,1646667,23990244.00
2022/04/25,13.78,13.85,12.46,12.62,3279913,44549604.00
2022/04/26,12.72,12.86,12.27,12.33,1698302,22227452.00
2022/04/27,12.02,12.87,12.02,12.83,2073411,26977570.00
2022/04/28,12.81,13.52,12.67,12.90,2592979,35330896.00
2022/04/29,13.02,13.59,13.00,13.58,2386540,33114816.00
2022/05/05,13.59,13.94,13.48,13.67,1691241,24145088.00
2022/05/06,13.32,13.74,13.30,13.55,1510217,21246786.00
2022/05/09,13.48,13.86,13.48,13.81,1451808,20687584.00
2022/05/10,13.64,14.73,13.40,14.55,3136865,46708276.00
2022/05/11,14.44,15.93,14.41,15.35,6955441,110815312.00
2022/05/12,15.08,16.60,15.08,16.05,5333817,88564960.00
2022/05/13,16.09,16.86,15.85,16.70,4549569,76895960.00
2022/05/16,17.07,17.07,16.22,16.33,2334933,39760872.00
2022/05/17,16.45,16.46,16.01,16.25,1767824,29528674.00
2022/05/18,16.30,16.63,16.17,16.25,1434281,24300924.00
2022/05/19,16.07,16.66,15.90,16.47,1780241,30129114.00
2022/05/20,16.45,17.08,16.44,16.79,1957438,33848368.00
2022/05/23,17.07,17.07,16.46,16.59,1490449,25509980.00
2022/05/24,16.59,16.96,15.63,15.67,3243751,54251984.00
2022/05/25,15.83,17.09,15.56,16.94,4760217,80872432.00
2022/05/26,16.70,17.87,16.62,17.77,6965557,125504256.00
2022/05/27,17.78,18.58,17.59,17.60,4847806,89818904.00
2022/05/30,18.01,18.96,17.69,18.88,5741170,108754512.00
2022/05/31,19.02,19.30,18.39,18.79,3627582,70214904.00
2022/06/01,18.74,19.97,18.49,19.49,5529254,109011968.00
2022/06/02,19.23,21.59,19.03,20.77,9851704,206006272.00
2022/06/06,20.76,22.46,20.58,21.89,9493061,211445888.00
2022/06/07,21.84,22.16,21.20,21.84,6823180,151512128.00
2022/06/08,21.95,22.17,21.08,22.00,6090300,134627216.00
2022/06/09,21.74,22.25,21.48,21.68,3819395,85531688.00
2022/06/10,21.61,23.46,21.48,23.27,4420313,103028072.00
2022/06/13,23.16,24.98,22.68,24.94,5900224,144788352.00
2022/06/14,24.66,24.88,23.25,24.63,4548526,111503208.00
2022/06/15,24.48,24.63,22.60,22.73,5476391,131326168.00
2022/06/16,23.06,23.68,22.97,23.03,2265737,53880096.00
2022/06/17,22.15,24.28,22.15,23.36,2976920,71768624.00
2022/06/20,23.66,24.68,23.49,23.66,2652035,64873644.00
2022/06/21,23.68,23.98,22.49,23.00,2776162,65327432.00
2022/06/22,23.14,23.26,22.37,22.48,3539832,82116296.00
2022/06/23,22.48,24.70,22.28,24.43,4991288,120758624.00
2022/06/24,24.82,24.82,23.68,23.93,2405194,59166272.00
2022/06/27,24.01,24.01,23.06,23.41,2809780,67008148.00
2022/06/28,23.18,24.21,22.81,23.47,2220660,53191820.00
2022/06/29,23.26,23.63,22.36,22.50,2420149,56666688.00
2022/06/30,22.46,23.20,22.08,22.60,2080674,48197800.00
2022/07/01,22.60,23.06,22.38,22.73,1369965,31757128.00
2022/07/04,22.71,23.82,22.11,23.78,3516654,83609864.00
2022/07/05,23.98,24.14,22.60,22.95,3066665,72661736.00
2022/07/06,22.95,23.15,22.31,22.94,1401613,32652754.00
2022/07/07,22.93,25.74,22.29,24.50,5361206,134140520.00
2022/07/08,24.99,26.65,24.16,24.77,6418232,166374768.00
2022/07/11,25.37,26.54,24.18,26.54,6128531,159826624.00
2022/07/12,26.24,31.89,26.22,29.39,13947585,420373632.00
2022/07/13,29.09,33.57,28.57,33.57,10322840,325820608.00
2022/07/14,33.15,40.37,32.97,40.37,8996745,335807296.00
2022/07/15,40.36,46.80,37.82,39.57,18842195,795286080.00
2022/07/18,39.63,46.09,37.87,46.09,14735702,624353792.00
2022/07/19,44.56,44.87,40.57,41.27,13754004,587802496.00
2022/07/20,42.14,44.71,39.11,41.72,10280061,436164960.00
2022/07/21,43.02,43.02,39.65,40.17,7435214,305560992.00
2022/07/22,40.57,44.04,40.07,40.92,9433794,398311168.00
2022/07/25,42.07,43.01,38.87,40.23,7674167,314864000.00
2022/07/26,38.90,39.87,36.47,38.57,8826668,341371904.00
2022/07/27,39.07,42.37,38.67,40.29,11661044,479028480.00
2022/07/28,40.57,43.69,39.37,41.44,9508671,401725088.00
2022/07/29,41.95,44.37,39.39,43.34,10020423,425693216.00
2022/08/01,41.87,43.34,39.37,41.42,6171660,257920640.00
2022/08/02,40.61,42.19,39.25,40.47,5334896,219891648.00
2022/08/03,41.01,42.10,37.47,37.82,9304018,371282944.00
2022/08/04,38.19,39.07,35.67,37.07,8966961,336697024.00
2022/08/05,37.59,37.82,34.30,34.64,9102905,325391136.00
2022/08/08,34.11,38.47,34.11,37.94,10484910,391029152.00
2022/08/09,37.85,40.16,36.45,39.23,10245484,403498208.00
2022/08/10,39.41,40.06,38.39,39.67,5209581,206611824.00
2022/08/11,39.59,39.77,37.57,38.47,5116855,198912608.00
2022/08/12,39.05,39.09,36.77,36.94,5392244,205377920.00
2022/08/15,37.50,41.05,36.92,41.05,6358108,253633872.00
2022/08/16,40.92,44.90,40.07,42.57,10436572,449792672.00
2022/08/17,42.93,45.07,41.07,42.85,6832818,297378560.00
2022/08/18,42.56,48.01,41.73,47.25,8603526,401096000.00
2022/08/19,47.07,52.25,45.08,49.55,8980791,438786368.00
2022/08/22,49.27,53.76,47.57,50.96,8617882,439296352.00
2022/08/23,49.57,54.87,48.08,53.57,9244898,487444480.00
2022/08/24,52.57,63.56,51.87,56.07,11432876,635194368.00
2022/08/25,57.39,57.39,48.68,50.02,11095152,585308608.00
2022/08/26,50.23,55.45,49.57,51.67,10884270,578162240.00
2022/08/29,49.37,51.87,48.08,49.28,8515245,427857760.00
2022/08/30,48.45,51.42,46.33,47.67,8018168,395672928.00
2022/08/31,46.86,48.17,41.58,43.36,11617041,515867904.00
2022/09/01,43.98,45.26,41.99,44.77,7503698,333287616.00
2022/09/02,44.86,47.36,42.47,45.70,7004222,319759776.00
2022/09/05,46.12,50.07,45.07,48.97,8693550,425846560.00
2022/09/06,50.22,50.22,47.18,49.65,10212341,503257280.00
2022/09/07,48.78,54.10,48.09,51.82,8799287,456144800.00
2022/09/08,51.48,53.46,49.18,50.22,6743377,346502624.00
2022/09/09,49.12,50.43,46.27,46.59,6972582,332269952.00
2022/09/13,46.93,47.35,44.37,46.67,5357342,247474064.00
2022/09/14,46.13,47.86,44.73,46.00,4361794,202495168.00
2022/09/15,46.37,46.90,40.38,42.07,9834379,419073632.00
2022/09/16,41.57,43.03,41.26,41.76,4790228,204884096.00
2022/09/19,42.24,43.67,41.56,42.92,3872352,167550368.00
2022/09/20,43.64,45.51,42.93,44.14,4477129,201551664.00
2022/09/21,44.23,46.41,42.95,44.90,5065086,229833984.00
2022/09/22,44.15,48.77,43.62,48.16,7020473,334942752.00
2022/09/23,48.21,48.86,45.74,47.17,4874301,232457376.00
2022/09/26,46.84,50.07,46.67,48.57,4747572,234500272.00
2022/09/27,48.56,49.66,47.46,49.17,3796065,186250320.00
2022/09/28,49.12,50.15,46.85,46.85,3670693,178002272.00
2022/09/29,47.56,49.02,46.06,48.06,3255170,157494464.00
2022/09/30,47.85,48.37,45.80,45.98,2539297,120161888.00
2022/10/10,46.14,47.55,44.77,45.53,2157449,99850608.00
2022/10/11,46.43,53.37,44.90,51.94,6111923,307889440.00
2022/10/12,51.51,58.83,51.17,58.83,5667170,308291168.00
2022/10/13,57.66,62.81,56.14,58.07,7263092,430210336.00
2022/10/14,57.88,60.17,53.77,56.18,7887220,445284256.00
2022/10/17,56.27,56.27,52.67,54.42,5269713,287381312.00
2022/10/18,54.91,63.41,54.06,60.65,8880543,535758880.00
2022/10/19,59.57,65.37,58.77,63.10,7065096,448505952.00
2022/10/20,62.54,63.95,59.20,62.00,4884760,303873888.00
2022/10/21,62.24,68.23,61.70,63.50,5696665,373614432.00
2022/10/24,63.56,66.65,60.88,64.77,5110468,329889696.00
2022/10/25,63.29,70.07,62.18,68.69,4826757,325946112.00
2022/10/26,68.07,74.75,67.07,71.79,5154701,367155456.00
2022/10/27,71.57,75.61,60.88,61.38,8926825,602058432.00
2022/10/28,60.52,62.65,57.34,58.68,10031069,604033856.00
2022/10/31,58.84,59.57,54.71,57.69,8378290,486427808.00
2022/11/01,58.24,63.87,58.20,63.37,7837305,490521728.00
2022/11/02,62.41,63.80,60.17,62.55,5366098,336721632.00
2022/11/03,61.35,67.27,60.99,66.22,6465070,427862208.00
2022/11/04,67.81,70.07,64.85,70.07,6636759,445865280.00
2022/11/07,68.57,70.61,65.22,66.71,5164527,348520512.00
2022/11/08,66.71,66.71,63.13,64.54,4617356,300034272.00
2022/11/09,64.45,65.36,61.95,62.57,4877369,310749024.00
2022/11/10,61.59,64.37,61.39,63.48,4112858,260123680.00
2022/11/11,65.57,66.57,60.43,61.25,5667948,354871072.00
2022/11/14,60.07,61.07,58.27,58.68,4051807,241994016.00
2022/11/15,58.48,61.07,58.07,59.77,5079424,303527488.00
2022/11/16,59.77,61.56,58.49,59.74,4509056,273745920.00
2022/11/17,58.61,59.06,55.12,56.85,6863362,389842336.00
2022/11/18,57.42,61.17,56.05,60.56,7248405,436258592.00
2022/11/21,60.17,62.87,59.18,61.31,5760112,356430944.00
2022/11/22,61.32,61.34,55.70,55.96,6192355,355562112.00
2022/11/23,55.77,60.46,55.57,59.44,6553369,384796064.00
2022/11/24,58.92,61.33,57.97,59.37,4513288,272433184.00
2022/11/25,58.57,59.57,56.57,56.77,3472891,201188128.00
2022/11/28,55.79,60.89,55.79,59.38,4528361,271535424.00
2022/11/29,59.45,59.47,56.93,57.54,4235165,245905840.00
2022/11/30,57.24,57.53,52.74,54.19,7652748,419792768.00
2022/12/01,54.19,56.65,54.00,54.36,5382893,298483040.00
2022/12/02,54.15,61.15,53.58,60.00,9272120,544617856.00
2022/12/05,60.10,60.76,56.02,58.06,8297357,484035616.00
2022/12/06,58.17,62.56,56.85,60.20,6690054,401992032.00
2022/12/07,59.73,62.31,59.07,59.98,4997641,305312928.00
2022/12/08,59.53,64.47,58.54,61.92,5578469,349260832.00
2022/12/09,61.17,63.50,58.93,60.23,4982978,307044736.00
2022/12/12,58.87,60.15,57.12,58.72,3308331,195076224.00
2022/12/13,58.71,60.90,57.58,58.08,3131033,186169472.00
2022/12/14,57.26,59.82,57.18,59.22,1983445,116568464.00
2022/12/15,58.08,58.93,56.77,58.17,2590137,150691760.00
2022/12/16,57.94,57.94,53.88,54.69,3739741,208106880.00
2022/12/19,54.24,55.32,51.72,51.99,4938491,262306912.00
2022/12/20,52.42,54.15,51.29,53.34,3705489,198457168.00
2022/12/21,53.57,53.57,50.37,50.57,4051992,209530176.00
2022/12/22,50.21,51.57,45.74,46.81,8302235,402646336.00
2022/12/23,46.86,47.52,45.07,46.18,5853725,272859968.00
2022/12/26,46.22,53.76,46.22,53.56,9079354,465152320.00
2022/12/27,53.57,58.63,52.58,57.52,7023425,400418016.00
2022/12/28,56.88,59.84,56.16,58.87,7215103,421567616.00
2022/12/29,58.19,59.23,56.36,56.62,4550328,264283584.00
2022/12/30,56.97,58.86,56.06,56.67,4219669,244017392.00
2023/01/03,56.13,62.47,56.07,61.85,7248534,437374688.00
2023/01/04,61.96,62.59,60.18,62.00,5715688,354233056.00
2023/01/05,61.75,66.23,61.75,63.87,6220958,402903552.00
2023/01/06,63.28,67.55,63.11,63.37,7567023,496001760.00
2023/01/09,63.97,65.17,62.07,63.06,5670715,363220128.00
2023/01/10,63.57,64.77,61.67,62.24,4637533,294285760.00
2023/01/11,61.93,63.81,61.18,62.36,4571217,288092608.00
2023/01/12,62.00,66.45,61.64,62.46,6128130,395283872.00
2023/01/13,62.51,63.57,59.35,59.70,5792793,353321920.00
2023/01/16,59.96,62.23,59.96,61.37,4696797,289505472.00
2023/01/17,61.93,62.07,59.10,60.12,3423656,206681168.00
2023/01/18,60.87,60.87,58.77,58.97,2475933,147826576.00
2023/01/19,58.56,59.42,56.72,56.85,5311876,307808800.00
2023/01/20,56.93,62.92,56.87,62.56,7806031,476644960.00
2023/01/30,64.57,64.91,60.18,62.02,5669576,351526080.00
2023/01/31,61.34,63.57,60.92,61.62,4321971,270781408.00
2023/02/01,61.90,61.92,57.87,59.54,7527110,448818784.00
2023/02/02,59.82,61.15,58.69,59.94,4353270,262418336.00
2023/02/03,59.33,59.87,57.60,57.77,3481922,204193888.00
2023/02/06,57.85,59.22,55.57,56.02,5699355,325432352.00
2023/02/07,55.57,57.16,54.17,55.23,5518967,306484256.00
2023/02/08,55.23,57.06,54.23,54.55,4993457,279424512.00
2023/02/09,54.07,56.96,53.09,55.51,5355497,299201504.00
2023/02/10,55.65,55.70,53.87,54.20,2934311,161179200.00
2023/02/13,54.40,56.41,54.09,54.87,6441111,358080512.00
2023/02/14,54.80,55.77,52.93,55.62,6308342,344386784.00
2023/02/15,55.62,56.85,54.41,54.48,5802600,324060512.00
2023/02/16,53.69,55.01,52.43,52.87,5518661,297344704.00
2023/02/17,52.81,54.35,52.45,52.67,3549580,190283536.00
2023/02/20,51.76,52.33,50.76,52.09,7018387,363987072.00
2023/02/21,51.85,52.31,50.05,50.43,6139980,313716960.00
2023/02/22,50.57,53.57,50.05,51.91,8219093,432381824.00
2023/02/23,51.58,55.13,51.56,54.67,7603391,410355328.00
2023/02/24,54.02,55.40,52.88,53.22,4160819,226483264.00
2023/02/27,53.12,55.67,52.57,53.53,5344364,293270656.00
2023/02/28,53.03,53.52,51.34,51.94,4513480,236928080.00
2023/03/01,51.97,52.15,50.57,51.40,3457306,178638368.00
2023/03/02,51.57,51.72,49.06,49.07,5528413,277733664.00
2023/03/03,49.57,50.97,49.45,50.07,3828579,194366480.00
2023/03/06,49.21,53.00,48.58,52.73,6310599,327645248.00
2023/03/07,52.25,52.69,51.07,51.39,3978593,207181904.00
2023/03/08,51.17,52.79,49.17,50.02,4962906,254239264.00
2023/03/09,49.39,50.80,49.39,49.65,2603625,130669968.00
2023/03/10,49.40,50.52,48.58,49.10,2827530,140545856.00
2023/03/13,49.12,51.05,49.12,49.76,4501292,227870112.00
2023/03/14,50.07,50.07,46.38,48.56,7303074,351855392.00
2023/03/15,48.59,49.51,47.59,47.85,3389441,165515232.00
2023/03/16,47.37,47.84,45.12,45.19,5281776,245279488.00
2023/03/17,45.64,47.37,45.33,45.40,5017878,233292960.00
2023/03/20,45.90,52.07,44.30,50.49,9885178,489851712.00
2023/03/21,50.57,51.80,49.79,51.37,8342428,427487584.00
2023/03/22,51.30,51.55,49.48,49.79,6247569,317133760.00
2023/03/23,50.09,50.25,48.97,49.22,4691500,233977152.00
2023/03/24,49.57,52.15,46.62,48.98,7808057,391429632.00
2023/03/27,48.77,50.54,47.13,49.13,6699229,329333600.00
2023/03/28,49.13,49.53,47.48,47.66,4210810,204341856.00
2023/03/29,47.60,48.65,46.87,47.39,3520622,169311120.00
2023/03/30,47.18,47.89,46.45,47.10,2959845,141005216.00
2023/03/31,47.37,48.76,46.77,47.54,4094976,197142128.00
2023/04/03,47.39,48.51,46.17,46.77,5559774,264436960.00
2023/04/04,46.57,46.78,45.23,45.92,5565366,257531568.00
2023/04/06,46.29,46.54,44.64,45.57,4755890,217586704.00
2023/04/07,45.37,46.75,45.02,45.56,3356228,155695632.00
2023/04/10,45.75,47.32,44.47,47.09,7423599,346139616.00
2023/04/11,46.65,48.05,45.46,46.47,5574704,261334640.00
2023/04/12,46.55,46.56,45.23,45.50,3659395,168680592.00
2023/04/13,46.10,47.19,45.48,45.52,4506561,210113248.00
2023/04/14,45.26,46.75,44.84,46.02,3907341,181018720.00
2023/04/17,45.93,48.27,45.93,46.52,5218093,248520768.00
2023/04/18,46.62,47.96,46.07,47.59,5492947,262319088.00
2023/04/19,47.39,49.22,46.29,47.69,5457656,263275504.00
2023/04/20,47.47,47.47,43.79,44.61,8381814,382669376.00
2023/04/21,45.57,46.39,43.25,43.37,5641556,253848512.00
2023/04/24,43.15,43.69,40.57,41.68,6676121,283885632.00
2023/04/25,42.07,42.75,38.64,39.18,11165287,448751520.00
2023/04/26,39.57,44.67,39.27,44.38,11048100,479945824.00
2023/04/27,44.38,44.55,41.80,42.19,6225449,267725328.00
2023/04/28,41.85,42.65,40.59,41.18,4867534,203392704.00
2023/05/04,41.40,42.84,40.80,41.43,4807358,202558608.00
2023/05/05,40.96,41.37,39.57,39.97,4251031,172709264.00
2023/05/08,40.77,40.98,39.37,39.75,3110198,125679600.00
2023/05/09,39.94,39.94,38.23,38.47,3774336,148482064.00
2023/05/10,38.75,39.93,37.41,38.83,5181011,202779680.00
2023/05/11,38.79,40.02,37.99,38.62,4169947,164823296.00
2023/05/12,38.57,39.18,37.56,37.57,4114943,158353168.00
2023/05/15,37.72,39.66,37.57,39.56,5549894,219313376.00
2023/05/16,39.37,43.83,39.17,40.71,9204276,385817088.00
2023/05/17,41.17,41.37,39.58,40.96,4783802,195786656.00
2023/05/18,40.77,40.77,39.47,39.77,3546973,142742576.00
2023/05/19,39.78,40.26,39.03,39.42,2293052,91829504.00
2023/05/22,39.97,42.48,39.87,41.37,6845448,286089824.00
2023/05/23,40.67,41.35,39.97,40.13,3911825,160067024.00
2023/05/24,39.78,41.62,39.58,40.38,4533408,186986608.00
2023/05/25,40.14,41.95,39.65,41.06,5198820,215593584.00
2023/05/26,41.12,41.12,39.26,39.57,4526093,181606560.00
2023/05/29,39.57,40.09,39.12,39.44,3259292,130013032.00
2023/05/30,39.47,40.03,38.48,39.37,3154527,125050032.00
2023/05/31,39.34,39.73,38.40,38.64,3651940,142993984.00
2023/06/01,38.67,39.37,38.41,38.82,2416250,95077728.00
2023/06/02,38.69,40.45,38.69,39.65,5067436,203495856.00
2023/06/05,39.57,39.96,38.17,38.27,4765844,185342176.00
2023/06/06,38.27,38.27,37.16,37.42,4358037,165357232.00
2023/06/07,37.40,37.77,36.71,36.92,3208752,120357792.00
2023/06/08,36.90,37.43,36.22,36.27,2783690,103132504.00
2023/06/09,36.33,36.84,35.44,36.84,4775945,174637280.00
2023/06/12,36.57,36.82,35.71,35.76,4231799,154794368.00
2023/06/13,35.94,36.32,35.47,35.55,2749857,99506504.00
2023/06/14,35.71,35.77,35.07,35.28,2752716,98493992.00
2023/06/15,35.30,36.75,35.07,36.65,5379284,197490528.00
2023/06/16,37.08,39.57,36.37,39.41,10149986,393476352.00
2023/06/19,39.39,40.80,38.72,40.05,7009143,282824128.00
2023/06/20,40.27,40.42,39.32,39.77,4839874,194655296.00
2023/06/21,39.52,40.37,38.63,38.72,3069439,121972080.00
2023/06/26,38.76,38.92,37.29,38.03,4597267,176371840.00
2023/06/27,38.03,39.39,37.34,37.86,4118917,158513136.00
2023/06/28,37.92,38.01,36.69,37.54,3688037,138321376.00
2023/06/29,37.49,38.41,37.12,37.45,2929709,111704008.00
2023/06/30,37.49,39.01,36.99,38.08,3900190,149860304.00
2023/07/03,38.50,42.37,38.19,41.87,12449081,515838016.00
2023/07/04,42.02,42.60,41.45,42.35,7776597,329174464.00
2023/07/05,42.19,42.67,40.64,40.88,5353018,223456976.00
2023/07/06,40.89,41.13,39.89,40.58,3701551,151225776.00
2023/07/07,40.46,40.46,39.15,39.19,4000808,159777264.00
2023/07/10,39.51,41.11,39.11,40.68,5593182,227251376.00
2023/07/11,40.39,40.69,38.69,38.99,6900584,273994656.00
2023/07/12,39.02,40.25,38.54,39.33,6345998,253303728.00
2023/07/13,39.11,40.40,38.72,39.39,5865757,233151744.00
2023/07/14,39.22,39.22,37.49,37.56,8008372,306764032.00
2023/07/17,37.64,38.38,37.02,37.99,3374217,128760056.00
2023/07/18,37.82,37.85,36.19,36.41,5324663,197334208.00
2023/07/19,36.19,36.66,35.51,35.69,4450132,161343424.00
2023/07/20,35.74,36.11,35.35,35.45,3443651,123766232.00
2023/07/21,35.21,35.53,33.57,33.89,5488238,189442192.00
2023/07/24,33.88,34.14,33.17,33.29,2512288,85030088.00
2023/07/25,33.69,34.03,33.26,33.78,2975361,100862656.00
2023/07/26,33.95,33.95,33.03,33.22,2911990,97511272.00
2023/07/27,32.89,33.34,32.70,32.85,2669756,88955352.00
2023/07/28,32.85,33.06,32.20,32.99,2455235,81053944.00
2023/07/31,33.41,33.81,33.08,33.09,2434894,82068656.00
2023/08/01,33.34,33.34,32.35,33.04,2744782,90958144.00
2023/08/02,33.18,33.18,32.23,32.31,2499734,82043056.00
2023/08/03,32.25,32.79,32.17,32.62,1904817,62604424.00
2023/08/04,32.79,33.13,32.30,32.97,2414637,79884320.00
2023/08/07,33.19,33.30,32.65,33.03,2032927,67580856.00
2023/08/08,33.07,33.07,32.30,32.38,2165406,71054944.00
2023/08/09,32.48,33.28,31.94,32.63,2599939,85870448.00
2023/08/10,32.87,33.47,32.66,33.05,2782269,92965392.00
2023/08/11,33.05,33.38,32.79,32.81,2479976,82894376.00
2023/08/14,32.21,32.89,31.52,32.29,2420106,78327080.00
2023/08/15,31.89,32.34,31.05,31.16,2645137,83969656.00
2023/08/16,31.05,31.50,30.57,30.62,1611550,50233912.00
2023/08/17,30.88,31.39,30.10,31.10,2027579,63014728.00
2023/08/18,31.05,31.44,30.41,30.47,1515944,47271548.00
2023/08/21,30.52,30.78,29.74,29.77,1920269,58427220.00
2023/08/22,29.78,30.19,29.21,30.08,2284829,68542768.00
2023/08/23,30.08,30.09,29.38,29.50,1261242,37835312.00
2023/08/24,29.60,30.46,29.31,29.69,1965561,59470368.00
2023/08/25,29.56,29.74,28.79,28.89,1911547,56222524.00
2023/08/28,30.91,31.19,29.89,30.08,3041855,93410264.00
2023/08/29,29.84,31.14,29.75,30.87,3050091,94168136.00
2023/08/30,30.73,31.46,30.69,31.15,2739571,86064352.00
2023/08/31,31.07,31.07,30.44,30.64,2426952,75282944.00
2023/09/01,30.57,30.81,30.19,30.52,1400278,43088692.00
2023/09/04,30.69,30.79,30.05,30.70,1858927,57200536.00
2023/09/05,30.69,30.96,30.30,30.42,1628225,50230288.00
2023/09/06,30.40,30.55,29.87,30.39,1825632,55738528.00
2023/09/07,30.46,30.68,29.70,29.71,1688353,51232584.00
2023/09/08,29.69,29.93,29.47,29.52,1222492,36618120.00
2023/09/11,29.68,30.34,29.21,30.01,1779425,53726572.00
2023/09/12,29.94,30.24,29.74,29.96,1031275,31265444.00
2023/09/13,29.99,30.07,28.59,28.99,2521380,74319296.00
2023/09/14,28.75,28.99,27.95,28.04,2134023,61038264.00
2023/09/15,28.10,28.47,27.58,28.47,2061442,58201572.00
2023/09/18,27.87,28.81,27.25,27.30,3497994,98550144.00
2023/09/19,27.31,27.42,26.69,27.04,2851038,77992144.00
2023/09/20,27.08,27.26,26.65,26.66,1994063,54377192.00
2023/09/21,26.66,27.04,26.41,26.74,2284199,62091820.00
2023/09/22,26.73,28.16,26.52,28.11,3172278,88674888.00
2023/09/25,27.99,28.18,27.17,27.51,2562522,71372456.00
2023/09/26,27.49,27.84,27.29,27.39,1390247,38688528.00
2023/09/27,27.49,28.31,27.33,27.85,2888095,81754936.00
2023/09/28,27.94,28.47,27.89,28.07,2182549,62157544.00
2023/10/09,28.08,28.44,27.74,27.85,1573419,44424904.00
2023/10/10,28.05,28.25,27.61,27.75,2081352,58530568.00
2023/10/11,27.95,28.04,27.52,27.58,2271150,63580228.00
2023/10/12,27.60,28.19,27.60,27.84,2641104,74525888.00
2023/10/13,27.73,27.87,27.19,27.52,2378176,65905328.00
2023/10/16,27.55,27.87,27.01,27.21,2256317,62262656.00
2023/10/17,27.13,27.69,26.62,26.79,2001252,54415464.00
2023/10/18,26.76,26.79,26.04,26.11,1899036,50406948.00
2023/10/19,26.22,26.88,26.04,26.24,2239699,59925968.00
2023/10/20,26.25,27.48,26.19,26.49,2896937,78298752.00
2023/10/23,26.04,26.34,24.85,24.99,2410005,61829220.00
2023/10/24,25.19,25.82,25.00,25.77,2245561,57974688.00
2023/10/25,25.96,26.63,25.78,25.99,1897199,50182720.00
2023/10/26,25.99,25.99,25.23,25.84,1770466,45802320.00
2023/10/27,25.74,26.67,25.40,26.47,2806389,74511656.00
2023/10/30,26.24,26.93,26.21,26.81,2355064,63542148.00
2023/10/31,26.49,27.04,26.34,26.51,2157076,58102480.00
2023/11/01,26.45,26.90,26.00,26.19,2550142,67819168.00
2023/11/02,26.30,26.37,25.44,25.44,1975708,51432164.00
2023/11/03,25.59,26.78,25.50,26.49,3802738,101636824.00
2023/11/06,26.80,28.24,26.80,27.70,3763637,105468504.00
2023/11/07,27.71,28.10,27.40,27.98,2825462,79642752.00
2023/11/08,27.98,28.14,27.55,27.92,2588303,73093240.00
2023/11/09,27.88,28.24,27.64,27.94,1906296,53920044.00
2023/11/10,28.05,28.13,27.63,27.69,1802294,50702728.00
2023/11/13,27.87,28.12,27.59,28.09,1901016,53637228.00
2023/11/14,28.05,28.31,27.79,28.06,2014518,57051096.00
2023/11/15,28.37,28.67,28.22,28.27,2533436,72760976.00
2023/11/16,28.22,28.22,27.69,27.73,2052554,57729872.00
2023/11/17,27.73,28.17,27.55,27.95,1511648,42677824.00
2023/11/20,28.62,28.87,27.86,28.34,2975949,85060856.00
2023/11/21,28.37,28.37,27.71,27.77,1986343,56296928.00
2023/11/22,27.69,27.84,27.21,27.21,1954280,54438144.00
2023/11/23,27.26,27.42,26.87,27.21,1480210,40579584.00
2023/11/24,27.21,27.21,26.44,26.47,2121141,57301352.00
2023/11/27,26.34,26.85,26.28,26.54,1625273,43569320.00
2023/11/28,26.50,26.91,26.20,26.51,1831593,49025728.00
2023/11/29,26.59,26.67,26.25,26.32,1333991,35665304.00
2023/11/30,26.21,26.51,25.81,26.06,1505310,39792896.00
2023/12/01,26.00,26.09,25.51,25.96,1637060,42747888.00
2023/12/04,26.00,26.00,25.44,25.49,1554749,40220676.00
2023/12/05,25.46,25.83,24.68,24.68,1833444,46678800.00
2023/12/06,24.68,24.99,24.28,24.28,2769774,69028120.00
2023/12/07,24.19,24.44,23.70,24.18,2023941,49206480.00
2023/12/08,24.23,24.49,24.06,24.06,1746575,42928360.00
2023/12/11,24.06,24.75,23.71,24.75,2900755,71326320.00
2023/12/12,24.75,24.81,24.45,24.58,1482256,36928032.00
2023/12/13,24.41,24.60,23.86,23.94,1638980,40019620.00
2023/12/14,23.95,24.34,23.89,23.90,1377075,33574588.00
2023/12/15,23.94,24.57,23.57,23.61,2744194,66969448.00
2023/12/18,23.52,23.65,22.96,23.00,1734620,40800104.00
2023/12/19,23.00,23.63,22.70,23.27,1749931,41211736.00
2023/12/20,23.04,23.57,22.87,22.94,1387235,32534808.00
2023/12/21,22.74,23.70,22.73,23.44,3228675,76103984.00
2023/12/22,23.38,23.69,22.70,23.37,3119965,73210320.00
2023/12/25,23.29,24.34,23.26,23.58,2926020,70349912.00
2023/12/26,23.44,23.57,23.00,23.24,1528711,35857524.00
2023/12/27,23.24,23.24,22.60,22.91,1819615,42103524.00
2023/12/28,22.84,25.05,22.64,24.81,6063610,148455616.00
2023/12/29,24.66,25.01,24.60,24.66,3228358,81048720.00
2024/01/02,24.84,24.96,24.24,24.44,2658204,65817528.00
2024/01/03,24.29,24.88,24.27,24.60,2299598,57174404.00
2024/01/04,24.48,24.54,23.95,24.07,1793896,43917252.00
2024/01/05,23.91,24.32,23.30,23.49,1994484,48050196.00
2024/01/08,23.33,23.49,22.80,22.82,2608309,61078412.00
2024/01/09,22.72,23.49,22.35,22.70,2574957,59480552.00
2024/01/10,22.55,23.45,21.98,22.76,2887443,66480952.00
2024/01/11,22.68,23.87,22.52,23.54,3960468,93604568.00
2024/01/12,23.53,24.46,23.35,23.81,3410173,82798408.00
2024/01/15,23.65,23.79,23.19,23.32,2442668,58025736.00
2024/01/16,23.35,23.71,22.89,23.32,2545361,59910920.00
2024/01/17,23.42,23.42,22.19,22.27,2622245,60509992.00
2024/01/18,22.19,22.47,21.69,22.44,3322115,74256944.00
2024/01/19,22.36,22.77,21.78,21.86,2953766,65970256.00
2024/01/22,21.68,21.73,20.38,20.43,3111130,66358840.00
2024/01/23,20.29,21.35,20.03,21.18,3485827,74001368.00
2024/01/24,21.22,21.47,20.33,21.17,2357191,49837404.00
2024/01/25,21.07,23.04,20.71,22.67,5312477,118840864.00
2024/01/26,22.49,23.87,22.39,23.09,5255430,123896968.00
2024/01/29,23.16,24.07,22.99,23.19,6444046,153543648.00
2024/01/30,22.80,23.17,21.67,21.69,4127259,93671432.00
2024/01/31,21.82,21.83,20.14,20.55,5121908,108411136.00
2024/02/01,20.30,20.55,19.67,19.91,3454358,70658672.00
2024/02/02,19.75,20.15,18.05,18.88,4162558,81031952.00
2024/02/05,18.89,19.06,16.82,17.12,4432128,79643952.00
2024/02/06,17.36,19.99,16.69,19.89,4888665,92683776.00
2024/02/07,19.78,21.29,19.70,20.97,6282084,132876216.00
2024/02/08,21.15,22.65,20.97,21.40,6350930,141677136.00
2024/02/19,22.05,22.05,21.09,21.48,4478547,97938336.00
2024/02/20,21.48,21.89,20.90,21.73,3373545,73032400.00
2024/02/21,21.66,22.62,21.26,21.97,3742259,83898480.00
2024/02/22,22.58,22.58,21.91,22.27,2703676,60782680.00
2024/02/23,22.60,26.59,22.19,26.13,10427926,258692768.00
2024/02/26,26.21,26.99,25.79,26.24,9925217,263975056.00
2024/02/27,25.94,26.35,25.41,26.35,7047152,184839024.00
2024/02/28,26.69,28.13,25.92,25.99,11850771,325329792.00
2024/02/29,25.62,27.53,25.47,27.32,8899863,241145248.00
2024/03/01,27.99,28.04,26.98,27.34,8976485,250011168.00
2024/03/04,27.69,28.77,27.25,28.19,9169253,259666128.00
2024/03/05,27.77,27.77,26.89,27.00,7117085,196815264.00
2024/03/06,26.79,28.25,26.75,27.70,7412521,208027216.00
2024/03/07,27.57,27.72,26.41,26.47,5867746,160547040.00
2024/03/08,26.42,26.94,26.15,26.69,3865477,103743456.00
2024/03/11,27.47,31.00,27.47,30.76,17150096,519394688.00
2024/03/12,30.19,30.44,29.40,30.00,10120077,306259520.00
2024/03/13,29.69,31.16,29.67,30.07,8655358,265932832.00
2024/03/14,29.69,30.62,29.53,29.99,6081145,184326992.00
2024/03/15,29.81,30.16,29.19,30.06,5069356,151536624.00
2024/03/18,30.06,30.37,29.39,30.29,5787868,175024352.00
2024/03/19,30.64,32.12,30.31,30.36,10051004,318280032.00
2024/03/20,29.99,31.37,29.99,30.99,5861957,181679728.00
2024/03/21,30.90,31.42,30.37,30.58,4884438,151805984.00
2024/03/22,30.42,30.77,28.77,29.28,6704630,198885904.00
2024/03/25,28.85,29.61,28.70,28.71,4703316,138089104.00
2024/03/26,28.52,28.78,27.47,28.38,6365052,181521184.00
2024/03/27,28.62,28.68,26.95,26.99,3674559,102903696.00
2024/03/28,26.85,28.16,26.77,27.46,4198649,116972440.00
2024/03/29,27.39,28.06,27.00,27.95,3356785,94139776.00
2024/04/01,28.66,29.54,28.57,28.85,5873045,172486000.00
2024/04/02,28.59,28.88,28.15,28.29,3949778,113668288.00
2024/04/03,28.05,28.29,27.41,27.79,3031020,85074824.00
2024/04/08,27.55,28.56,27.39,27.88,3215417,91266344.00
2024/04/09,27.69,28.50,27.61,28.44,3017026,85536336.00
2024/04/10,27.97,28.33,26.59,26.81,4211832,116004784.00
2024/04/11,26.67,27.49,26.44,26.84,3401708,92964296.00
2024/04/12,26.84,27.26,26.49,26.49,2540289,69115448.00
2024/04/15,26.49,28.07,26.49,27.67,5300961,147492928.00
2024/04/16,27.28,28.19,26.44,26.53,4270975,116656720.00
2024/04/17,26.58,28.07,26.58,27.76,4672372,130204608.00
2024/04/18,27.89,28.27,27.02,27.27,5720070,159914864.00
2024/04/19,27.15,27.17,26.09,26.30,4041576,108493920.00
2024/04/22,26.19,26.79,25.80,26.52,2959652,79213744.00
2024/04/23,26.52,27.48,25.98,26.69,3719560,100536816.00
2024/04/24,26.39,27.26,26.39,27.04,3204815,87305032.00
2024/04/25,27.04,27.89,26.57,27.64,4141285,114252048.00
2024/04/26,27.86,28.19,27.49,27.86,4146565,116896176.00
2024/04/29,27.84,30.15,27.71,29.74,9293975,273762656.00
2024/04/30,29.66,30.04,28.99,29.02,7115317,211751472.00
2024/05/06,29.53,30.98,29.53,30.20,8555649,263413152.00
2024/05/07,29.79,30.62,29.79,30.07,4722367,144104640.00
2024/05/08,29.89,30.03,29.23,29.26,4364098,130172088.00
2024/05/09,29.17,29.86,29.17,29.31,3920316,116573832.00
2024/05/10,29.32,30.29,29.19,30.08,7420630,222902480.00
2024/05/13,29.94,29.94,28.86,29.02,5107574,150660784.00
2024/05/14,29.34,30.37,29.30,29.60,6401142,193086128.00
2024/05/15,29.69,29.72,28.55,28.57,5321364,155565152.00
2024/05/16,28.59,28.81,27.39,27.52,4793157,135941712.00
2024/05/17,27.70,27.83,27.30,27.80,2967185,82731984.00
2024/05/20,27.80,27.81,27.35,27.54,3575533,99647736.00
2024/05/21,27.54,27.54,26.83,26.96,3531051,96424544.00
2024/05/22,26.96,27.19,26.46,26.99,3129815,85126928.00
2024/05/23,26.99,27.09,26.29,26.34,2105377,56543016.00
2024/05/24,26.58,29.81,26.58,28.39,13040010,377663776.00
2024/05/27,28.69,30.99,28.64,30.01,16930061,511929504.00
2024/05/28,29.68,31.51,29.68,30.50,14001025,433131168.00
2024/05/29,30.19,31.04,29.90,30.14,9013571,277176896.00
2024/05/30,30.91,31.92,29.69,29.85,8040136,247628384.00
2024/05/31,29.61,30.58,29.32,29.43,5835652,174888976.00
2024/06/03,29.22,29.67,28.59,29.55,6336687,187077712.00
2024/06/04,28.97,31.14,28.97,31.14,10550662,322311552.00
2024/06/05,30.91,31.09,29.89,29.93,7266577,223606896.00
2024/06/06,29.69,30.31,29.44,29.62,6118354,184517824.00
2024/06/07,29.69,29.89,27.79,28.17,7574883,219711232.00
2024/06/11,28.36,28.74,27.59,28.71,4176321,118756280.00
2024/06/12,28.64,28.88,28.24,28.71,3067298,88797400.00
2024/06/13,28.57,30.45,28.56,30.12,7454504,224420672.00
2024/06/14,29.84,31.57,29.80,30.83,12178520,380244896.00
2024/06/17,30.57,32.28,30.19,31.29,9633453,306161664.00
2024/06/18,31.00,31.46,30.54,30.94,5642587,176105248.00
2024/06/19,30.83,31.08,30.14,30.21,3944593,121299680.00
2024/06/20,30.24,30.76,30.04,30.23,4442553,136564512.00
2024/06/21,30.66,30.97,29.48,29.89,4396527,133549232.00
2024/06/24,29.86,30.05,28.69,28.97,5001748,149132912.00
2024/06/25,29.13,29.14,28.27,28.58,3320435,96168296.00
2024/06/26,28.77,29.69,28.17,29.51,3727269,108699464.00
2024/06/27,29.39,29.44,27.95,28.05,4025254,115964896.00
2024/06/28,27.99,29.93,27.79,29.32,5257357,154627888.00
2024/07/01,29.49,30.35,28.89,30.02,4664171,139956336.00
2024/07/02,29.90,30.01,29.25,29.55,3175788,94740408.00
2024/07/03,29.39,29.67,28.85,29.21,2778411,82166256.00
2024/07/04,28.77,29.53,28.27,28.39,2955238,85742736.00
2024/07/05,28.23,28.44,27.06,27.77,4136555,114753976.00
2024/07/08,27.40,28.24,27.30,27.83,2547850,71381808.00
2024/07/09,27.57,29.15,27.47,28.92,3545519,101322016.00
2024/07/10,28.92,29.15,28.25,28.26,2363925,67998552.00
2024/07/11,28.80,29.05,28.12,28.62,2757804,79393008.00
2024/07/12,28.42,29.14,28.32,29.14,1903089,54910976.00
2024/07/15,28.77,29.12,28.46,28.73,2230656,64369336.00
2024/07/16,29.03,29.14,28.58,28.79,2026910,58625824.00
2024/07/17,28.61,28.79,27.07,27.11,5436414,150656256.00
2024/07/18,26.95,27.28,26.40,27.06,2574017,69592112.00
2024/07/19,26.87,27.44,26.73,26.92,2249291,61187128.00
2024/07/22,27.26,28.13,26.93,27.56,3113545,86551216.00
2024/07/23,27.52,27.85,26.86,26.95,2213494,60655424.00
2024/07/24,26.67,27.14,26.07,26.09,2256899,60203668.00
2024/07/25,26.06,26.64,25.90,26.24,1542188,40779864.00
2024/07/26,26.27,27.03,26.07,26.66,1773381,47447520.00
2024/07/29,26.77,27.17,26.05,26.22,1929549,51195192.00
2024/07/30,26.22,26.47,25.87,26.26,1471748,38638432.00
2024/07/31,26.27,27.31,25.92,27.14,2725272,73431728.00
2024/08/01,27.25,27.37,26.87,26.91,2061284,56001948.00
2024/08/02,26.72,27.09,25.96,26.13,2418012,64222288.00
2024/08/05,25.84,26.67,25.79,25.92,2112429,55638944.00
2024/08/06,26.37,26.67,25.89,26.34,1852633,48987676.00
2024/08/07,27.07,27.24,26.62,26.64,2461963,66474428.00
2024/08/08,26.50,26.62,26.02,26.33,1469829,38802984.00
2024/08/09,26.53,26.73,26.03,26.05,1190559,31426322.00
2024/08/12,26.30,26.30,25.87,26.03,1127096,29495524.00
2024/08/13,25.90,26.22,25.87,26.14,1022032,26748606.00
2024/08/14,26.14,26.29,25.82,25.84,1164583,30316632.00
2024/08/15,25.84,25.87,24.22,24.99,4369916,109580008.00
2024/08/16,24.97,25.15,24.72,24.80,1488427,37213312.00
2024/08/19,24.79,25.63,24.60,25.07,1617491,41072940.00
2024/08/20,25.07,25.07,24.39,24.51,1153071,28515882.00
2024/08/21,24.38,24.67,24.22,24.43,645107,15883155.00
2024/08/22,24.42,24.69,24.37,24.42,978165,24100676.00
2024/08/23,24.57,24.60,23.94,24.04,1137893,27705748.00
2024/08/26,24.04,24.95,23.90,24.77,1431168,35509876.00
2024/08/27,24.57,25.16,24.52,24.75,1603094,40075168.00
2024/08/28,24.55,25.07,24.55,25.01,1061368,26573588.00
2024/08/29,24.78,25.15,24.78,24.92,1930906,48564424.00
2024/08/30,25.36,26.52,25.27,26.12,4608992,120429688.00
2024/09/02,26.01,26.40,25.87,25.87,2538222,66520896.00
2024/09/03,25.87,26.24,25.75,26.20,1664585,43683016.00
2024/09/04,25.98,26.27,25.89,25.99,1140117,29855836.00
2024/09/05,26.27,26.37,25.90,25.94,1010103,26406824.00
2024/09/06,25.94,25.98,25.48,25.56,1984629,51323008.00
2024/09/09,25.25,25.72,25.07,25.29,1369774,34838908.00
2024/09/10,25.35,25.67,25.19,25.39,1224654,31291552.00
2024/09/11,25.28,25.83,25.28,25.65,1193580,30762190.00
2024/09/12,25.75,26.42,25.67,26.07,1991728,52420616.00
2024/09/13,26.09,26.10,25.72,25.78,1247030,32436868.00
2024/09/18,25.74,26.23,25.52,26.04,1328379,34553596.00
2024/09/19,26.09,26.43,25.96,26.23,2177207,57392884.00
2024/09/20,26.13,26.42,26.00,26.27,1379344,36417560.00
2024/09/23,26.31,26.52,26.00,26.22,1812568,48039344.00
2024/09/24,26.39,26.93,26.17,26.88,2473773,66216212.00
2024/09/25,27.30,27.54,26.74,26.76,3356127,91516168.00
2024/09/26,26.87,27.20,26.52,27.15,3055860,82535792.00
2024/09/27,27.67,28.77,27.67,28.47,4021230,114574824.00
2024/09/30,29.45,34.07,29.45,34.07,12760295,412426976.00
2024/10/08,40.90,40.90,36.75,40.89,14463510,567653248.00
2024/10/09,40.82,40.82,35.49,36.25,12303473,465178976.00
2024/10/10,35.87,37.44,35.14,35.30,6976742,253350832.00
2024/10/11,35.00,35.43,32.33,32.75,5769113,193137952.00
2024/10/14,32.92,33.43,32.08,33.30,5021212,164927248.00
2024/10/15,33.10,34.28,32.71,32.86,5208273,174087504.00
2024/10/16,32.30,32.56,31.60,31.90,3824045,122490544.00
2024/10/17,32.30,32.77,31.81,31.85,3599880,115912544.00
2024/10/18,31.85,35.95,31.70,34.39,8158923,275272384.00
2024/10/21,34.70,36.32,34.45,35.22,7698793,272094656.00
2024/10/22,35.01,35.76,34.48,35.14,4419901,154931120.00
2024/10/23,35.15,35.92,34.80,35.07,5141818,181539904.00
2024/10/24,34.72,35.06,33.91,34.11,3329196,114438240.00
2024/10/25,34.11,35.30,33.82,34.85,3736972,129079480.00
2024/10/28,35.23,35.43,34.53,34.96,3534921,123388432.00
2024/10/29,35.20,35.80,34.50,34.59,4688947,164596544.00
2024/10/30,35.15,36.00,34.24,34.64,4636113,162047184.00
2024/10/31,35.11,36.15,34.20,35.19,6780073,239817024.00
2024/11/01,34.85,35.13,33.73,33.77,4699701,161157856.00
2024/11/04,34.00,35.18,33.93,34.49,4519214,156306832.00
2024/11/05,34.82,36.38,34.30,35.86,6041812,213830512.00
2024/11/06,36.12,36.85,35.08,35.35,6315793,227408688.00
2024/11/07,35.05,36.98,35.05,36.88,6896331,251180128.00
2024/11/08,37.75,37.90,36.34,36.47,6336424,234897120.00
2024/11/11,36.39,37.75,36.39,37.42,5663107,211250080.00
2024/11/12,37.51,37.97,36.52,36.83,5453752,203059760.00
2024/11/13,36.52,37.45,36.12,37.13,3881503,143223744.00
2024/11/14,37.20,37.38,35.60,35.73,3961222,144108400.00
2024/11/15,35.58,36.24,34.65,34.81,3789770,134511264.00
2024/11/18,34.69,35.13,33.77,34.05,4076662,140075872.00
2024/11/19,34.05,34.98,33.73,34.92,3164139,109052384.00
2024/11/20,34.68,35.19,34.35,34.73,2464797,85617248.00
2024/11/21,34.73,35.15,34.13,34.35,2364452,81794000.00
2024/11/22,34.10,34.46,32.12,32.18,4271072,142017968.00
数据来源:通达信
