601619 嘉泽新能 日线 前复权
      日期	    开盘	    最高	    最低	    收盘	    成交量	    成交额
2017/07/20,1.04,1.34,1.04,1.34,37100,67121.00
2017/07/21,1.52,1.52,1.52,1.52,22986,45742.00
2017/07/24,1.72,1.72,1.72,1.72,25300,55407.00
2017/07/25,1.94,1.94,1.94,1.94,22603,54473.00
2017/07/26,2.18,2.18,2.18,2.18,49982,132452.00
2017/07/27,2.45,2.45,2.45,2.45,58549,170963.00
2017/07/28,2.74,2.74,2.74,2.74,91904,295012.00
2017/07/31,3.06,3.06,3.06,3.06,144217,509086.00
2017/08/01,3.41,3.41,3.41,3.41,185620,720206.00
2017/08/02,3.80,3.80,3.80,3.80,270200,1153754.00
2017/08/03,4.23,4.23,4.23,4.23,318260,1495822.00
2017/08/04,4.70,4.70,4.70,4.70,352349,1821644.00
2017/08/07,5.22,5.22,5.22,5.22,578815,3293457.00
2017/08/08,5.79,5.79,5.79,5.79,781080,4889561.00
2017/08/09,6.42,6.42,6.42,6.42,605439,4171475.00
2017/08/10,7.11,7.11,7.11,7.11,851982,6458024.00
2017/08/11,7.87,7.87,7.87,7.87,14320030,119429048.00
2017/08/14,8.23,8.52,7.63,7.84,128092183,1084019072.00
2017/08/15,7.72,8.67,7.72,8.67,82407078,734544768.00
2017/08/16,9.23,9.58,9.13,9.58,60264782,597775040.00
2017/08/17,9.62,9.98,9.03,9.38,119519375,1199423232.00
2017/08/18,8.63,8.78,8.40,8.48,83716784,751041216.00
2017/08/21,8.49,9.33,8.13,9.20,77537268,714265472.00
2017/08/22,8.96,9.49,8.79,8.88,69504059,662191040.00
2017/08/23,8.68,9.16,8.40,8.94,60465675,561398016.00
2017/08/24,8.77,9.88,8.73,9.88,123667748,1256858496.00
2017/08/25,9.99,10.92,9.93,10.92,62967783,691451456.00
2017/08/28,12.06,12.06,11.58,12.06,43037559,537108928.00
2017/08/29,13.31,13.31,11.70,11.78,88004925,1149052160.00
2017/08/30,11.83,12.70,11.83,12.50,109425949,1394258688.00
2017/08/31,12.19,12.93,11.78,12.61,80491766,1036019264.00
2017/09/01,12.34,12.75,11.83,11.89,64667239,813707392.00
2017/09/04,11.43,11.43,10.73,10.89,49075942,562891712.00
2017/09/05,10.94,11.11,10.44,10.97,32379277,367291264.00
2017/09/06,10.64,10.70,10.21,10.39,42970815,467541632.00
2017/09/07,10.28,10.79,10.16,10.44,46023693,502483232.00
2017/09/08,10.23,10.49,10.16,10.20,25625403,274571680.00
2017/09/11,10.23,10.68,10.05,10.59,35299242,385001536.00
2017/09/12,10.50,10.51,10.07,10.21,31469512,337774816.00
2017/09/13,10.07,10.53,9.84,10.36,34042509,363294080.00
2017/09/14,10.17,10.51,10.17,10.25,24109454,261259024.00
2017/09/15,10.08,10.20,9.71,9.74,25629875,265873424.00
2017/09/18,9.62,9.69,9.34,9.38,20573838,203904816.00
2017/09/19,9.44,9.67,9.39,9.48,12054653,120575520.00
2017/09/20,9.48,9.99,9.35,9.76,20954166,211086464.00
2017/09/21,9.71,9.72,9.38,9.42,14409460,144070224.00
2017/09/22,9.32,9.55,9.22,9.36,10222615,100736144.00
2017/09/25,9.30,9.48,9.24,9.26,7786958,76545512.00
2017/09/26,9.22,9.32,8.63,8.81,17494761,163009584.00
2017/09/27,8.82,8.85,8.65,8.75,9224473,84927016.00
2017/09/28,8.73,8.74,8.45,8.46,13379591,120917880.00
2017/09/29,8.41,8.55,8.23,8.35,11254818,99542072.00
2017/10/09,8.42,8.52,8.42,8.47,8260822,73854792.00
2017/10/10,8.48,8.88,8.43,8.82,16767464,154655520.00
2017/10/11,8.76,8.77,8.63,8.65,9385731,85813856.00
2017/10/12,8.65,8.66,8.36,8.48,10352651,92659376.00
2017/10/13,8.45,8.61,8.41,8.50,6807553,61199120.00
2017/10/16,8.51,8.55,8.29,8.30,8282918,73236912.00
2017/10/17,8.31,8.46,8.28,8.38,6490146,57376248.00
2017/10/18,8.39,8.47,8.16,8.17,7298600,64051628.00
2017/10/19,8.14,8.15,7.78,7.86,11237700,94297672.00
2017/10/20,7.85,8.08,7.78,8.00,7179560,60224584.00
2017/10/23,7.94,8.10,7.91,7.99,4926460,41707748.00
2017/10/24,7.94,7.99,7.76,7.83,6315548,52579508.00
2017/10/25,7.82,8.31,7.79,8.14,12314823,104949776.00
2017/10/26,8.05,8.31,7.99,8.16,12438435,106895856.00
2017/10/27,8.04,8.15,7.90,7.90,7838820,66630584.00
2017/10/30,7.87,7.87,7.35,7.43,10691720,85557920.00
2018/05/14,8.22,8.22,8.22,8.22,2948505,25622508.00
2018/05/15,9.02,9.02,8.34,8.63,32653152,299692768.00
2018/05/16,8.50,8.63,8.24,8.37,22181406,197544672.00
2018/05/17,8.24,8.43,7.63,7.78,21205745,178473536.00
2018/05/18,7.79,7.96,7.43,7.55,13849121,111915040.00
2018/05/21,7.51,8.35,7.51,8.35,12067398,103851776.00
2018/05/22,8.80,9.23,8.57,9.23,34784728,325599488.00
2018/05/23,9.88,10.20,9.68,10.20,37389042,395049440.00
2018/05/24,10.21,10.82,9.43,10.39,85891206,918481536.00
2018/05/25,10.41,11.33,10.21,10.97,77506582,877658688.00
2018/05/28,10.28,10.46,9.83,9.83,45874697,478405088.00
2018/05/29,9.46,9.56,8.81,8.92,44593429,430347008.00
2018/05/30,8.63,8.71,8.26,8.36,31686773,282124128.00
2018/05/31,8.48,8.71,8.37,8.44,25592915,230317792.00
2018/06/01,8.26,8.78,8.04,8.67,24667965,221665008.00
2018/06/04,8.44,8.55,7.85,8.02,26957654,233083728.00
2018/06/05,7.87,8.32,7.86,8.23,18514640,160022144.00
2018/06/06,8.18,8.27,7.97,8.13,17262837,148016592.00
2018/06/07,8.22,8.99,8.14,8.99,31644555,295394240.00
2018/06/08,8.93,9.47,8.83,9.12,55665883,537173312.00
2018/06/11,8.75,9.42,8.56,9.14,36709344,346375296.00
2018/06/12,9.55,10.10,9.22,9.42,51687599,521576448.00
2018/06/13,9.86,10.33,9.55,10.03,67449277,703872896.00
2018/06/14,9.84,9.91,8.98,8.98,44611750,428988064.00
2018/06/15,8.38,8.61,8.04,8.04,34393969,297219840.00
2018/06/19,7.68,7.68,7.19,7.19,21044361,165278912.00
2018/06/20,7.03,7.96,6.94,7.96,29650569,240977536.00
2018/06/21,8.22,8.22,7.36,7.56,29017877,240328768.00
2018/06/22,7.69,8.13,7.63,7.79,22897598,190338944.00
2018/06/25,7.78,7.91,7.54,7.87,22430018,184244032.00
2018/06/26,7.61,7.93,7.54,7.82,16777502,138126480.00
2018/06/27,7.81,7.99,7.40,7.57,18945227,154130816.00
2018/06/28,7.53,7.63,7.15,7.18,18136020,142007840.00
2018/06/29,7.17,7.52,7.13,7.41,15671309,122537120.00
2018/07/02,7.36,7.80,7.21,7.47,17786311,141702000.00
2018/07/03,7.33,7.60,7.29,7.53,14723104,116930496.00
2018/07/04,7.63,8.03,7.63,7.80,36003931,298733184.00
2018/07/05,7.48,8.13,7.32,7.58,31555934,262956496.00
2018/07/06,7.33,7.58,6.94,7.36,26656930,206490320.00
2018/07/09,7.32,7.63,7.23,7.57,20677986,164388208.00
2018/07/10,7.49,7.66,7.33,7.63,20580716,162965440.00
2018/07/11,7.42,7.42,7.10,7.25,18462200,142668992.00
2018/07/12,7.15,7.54,7.13,7.40,18209802,142961952.00
2018/07/13,7.47,7.52,7.21,7.27,14391386,111944720.00
2018/07/16,7.29,7.58,7.28,7.34,15109552,119050592.00
2018/07/17,7.13,7.24,7.03,7.21,13451121,102109744.00
2018/07/18,7.28,7.33,7.09,7.11,11497720,87842312.00
2018/07/19,7.00,7.01,6.35,6.42,20805100,146434688.00
2018/07/20,6.23,6.50,5.83,6.40,13183942,88234656.00
2018/07/23,6.32,6.45,6.23,6.35,8035500,54720400.00
2018/07/24,6.43,6.45,6.35,6.41,8367116,57434592.00
2018/07/25,6.47,7.10,6.41,7.10,25293709,189421072.00
2018/07/26,7.13,7.33,6.88,6.98,32006677,241643024.00
2018/07/27,6.89,6.93,6.73,6.78,13362603,97160560.00
2018/07/30,6.78,6.84,6.49,6.63,9457920,67184856.00
2018/07/31,6.63,7.03,6.60,6.77,12733036,93147792.00
2018/08/01,6.54,6.82,6.53,6.62,10183675,72357424.00
2018/08/02,6.64,6.64,6.07,6.25,10412726,69524264.00
2018/08/03,6.16,6.34,6.16,6.20,5802387,38821724.00
2018/08/06,6.22,6.31,6.00,6.05,5783817,38168840.00
2018/08/07,5.95,6.06,5.49,5.86,16585514,101764528.00
2018/08/08,5.79,5.79,5.53,5.54,9667616,58652788.00
2018/08/09,5.48,5.65,5.33,5.56,10129382,60399528.00
2018/08/10,5.45,5.59,5.36,5.54,7812691,46519240.00
2018/08/13,5.56,5.80,5.47,5.65,11388734,68960800.00
2018/08/14,5.71,5.84,5.68,5.71,10755042,66513268.00
2018/08/15,5.61,5.65,5.39,5.42,10475700,62316820.00
2018/08/16,5.36,5.45,5.16,5.17,8459317,48418956.00
2018/08/17,5.18,5.32,4.89,4.90,7324499,40511516.00
2018/08/20,4.96,5.04,4.63,4.85,10570485,55753848.00
2018/08/21,4.84,4.94,4.76,4.88,7054351,37409176.00
2018/08/22,4.91,4.91,4.71,4.74,7043100,37042516.00
2018/08/23,4.77,4.84,4.72,4.79,6496301,33974576.00
2018/08/24,4.82,4.83,4.71,4.73,5965900,31047290.00
2018/08/27,4.76,5.17,4.73,4.92,11681100,62881432.00
2018/08/28,4.91,5.00,4.82,4.86,8168966,43590564.00
2018/08/29,4.94,4.94,4.77,4.80,5432120,28600876.00
2018/08/30,4.81,4.92,4.74,4.76,6444933,33928524.00
2018/08/31,4.76,4.77,4.45,4.50,8982100,44953644.00
2018/09/03,4.56,4.68,4.54,4.60,7915716,39851600.00
2018/09/04,4.54,4.68,4.54,4.64,6314400,32022144.00
2018/09/05,4.67,4.80,4.63,4.64,7903000,40625640.00
2018/09/06,4.54,5.15,4.54,5.15,11684600,63068016.00
2018/09/07,5.26,5.31,4.88,5.04,28034354,155320416.00
2018/09/10,4.99,5.01,4.62,4.71,17015153,88871520.00
2018/09/11,4.76,5.08,4.60,4.95,21297784,113349528.00
2018/09/12,4.88,4.92,4.76,4.82,12173203,64108096.00
2018/09/13,4.82,4.86,4.64,4.70,13381798,68847864.00
2018/09/14,4.70,4.73,4.47,4.48,13627481,68391184.00
2018/09/17,4.49,4.97,4.47,4.97,34287929,183674768.00
2018/09/18,5.11,5.27,4.97,5.08,57735768,321229376.00
2018/09/19,4.91,5.06,4.86,4.99,32431850,174936736.00
2018/09/20,4.96,5.11,4.82,5.09,25878211,139463152.00
2018/09/21,5.04,5.06,4.91,4.97,20301400,109853624.00
2018/09/25,4.94,4.94,4.89,4.93,8751665,46875296.00
2018/09/26,4.93,4.99,4.88,4.89,13156657,70757728.00
2018/09/27,4.88,5.09,4.84,4.89,17917950,96690904.00
2018/09/28,4.87,4.91,4.66,4.77,13094531,68416784.00
2018/10/08,4.70,4.70,4.52,4.55,10831879,54601400.00
2018/10/09,4.57,4.65,4.56,4.61,6426879,32391388.00
2018/10/10,4.68,5.02,4.58,4.75,13400596,69703640.00
2018/10/11,4.46,4.53,4.23,4.23,13648496,65704840.00
2018/10/12,4.06,4.10,3.76,3.96,14065140,61315240.00
2018/10/15,4.00,4.04,3.87,3.88,6213400,27336520.00
2018/10/16,3.91,3.94,3.77,3.82,6265578,26853620.00
2018/10/17,3.93,3.94,3.66,3.81,8171941,34609508.00
2018/10/18,3.82,3.82,3.39,3.45,9607700,38814768.00
2018/10/19,3.46,3.84,3.43,3.84,8569500,36199484.00
2018/10/22,4.27,4.27,4.07,4.17,37080937,172377344.00
2018/10/23,3.97,4.19,3.97,4.06,25929354,116121568.00
2018/10/24,3.98,4.04,3.87,3.97,13959669,61414160.00
2018/10/25,3.75,3.90,3.74,3.86,10711433,45534004.00
2018/10/26,3.91,4.00,3.82,3.86,9384500,40748208.00
2018/10/29,3.95,3.95,3.76,3.81,6780300,29059820.00
2018/10/30,3.81,3.88,3.69,3.83,10666000,45133044.00
2018/10/31,3.88,4.02,3.84,3.91,11943900,52120992.00
2018/11/01,3.92,4.21,3.91,3.93,18031900,80319328.00
2018/11/02,3.95,4.07,3.95,4.07,17313212,77074768.00
2018/11/05,4.17,4.39,4.14,4.20,25527727,119115904.00
2018/11/06,4.14,4.15,3.99,4.13,13460328,60621920.00
2018/11/07,4.12,4.16,4.05,4.09,10489300,47532080.00
2018/11/08,4.16,4.19,4.04,4.04,7846400,35590616.00
2018/11/09,4.06,4.12,4.01,4.02,6752295,30380778.00
2018/11/12,4.03,4.16,4.00,4.15,10635620,48220664.00
2018/11/13,4.10,4.46,4.07,4.29,24751635,115998952.00
2018/11/14,4.26,4.44,4.23,4.31,18557000,88532656.00
2018/11/15,4.28,4.38,4.21,4.36,15697940,74411320.00
2018/11/16,4.39,4.51,4.32,4.44,20945675,101879248.00
2018/11/19,4.51,4.51,4.33,4.46,12330900,59902200.00
2018/11/20,4.45,4.45,4.24,4.26,11082900,52931220.00
2018/11/21,4.20,4.73,4.12,4.73,41387069,208553072.00
2018/11/22,4.61,4.67,4.51,4.57,34457424,172478176.00
2018/11/23,4.54,4.55,4.16,4.16,23929164,114083712.00
2018/11/26,4.22,4.26,4.07,4.13,12879766,59247152.00
2018/11/27,4.20,4.23,4.06,4.09,9702200,44451056.00
2018/11/28,4.11,4.54,4.04,4.38,29593300,143741824.00
2018/11/29,4.28,4.33,4.12,4.12,21621800,101020504.00
2018/11/30,3.98,4.02,3.77,4.00,15627635,68497200.00
2018/12/03,4.10,4.13,4.03,4.12,13396111,60787896.00
2018/12/04,4.09,4.23,4.08,4.18,10612195,48761336.00
2018/12/05,4.06,4.40,3.99,4.16,11570100,53395576.00
2018/12/06,4.14,4.18,4.07,4.08,8134100,37011056.00
2018/12/07,4.06,4.12,4.03,4.09,6072920,27355632.00
2018/12/10,4.07,4.07,3.98,4.00,4796000,21397316.00
2018/12/11,4.00,4.07,4.00,4.04,3591400,16062983.00
2018/12/12,4.07,4.09,4.03,4.04,3388600,15226858.00
2018/12/13,4.05,4.10,4.00,4.08,6388400,28791128.00
2018/12/14,4.08,4.10,3.92,3.95,6717300,30055580.00
2018/12/17,3.94,4.02,3.92,4.01,4506700,19943564.00
2018/12/18,3.99,4.09,3.98,4.09,7551700,33973496.00
2018/12/19,4.09,4.14,3.99,4.01,6275400,28253132.00
2018/12/20,3.95,4.03,3.95,4.02,4039900,17921450.00
2018/12/21,3.98,4.06,3.98,4.00,3802700,16916508.00
2018/12/24,4.11,4.11,4.03,4.08,6148700,27761774.00
2018/12/25,4.01,4.04,3.79,3.96,7330600,31885780.00
2018/12/26,3.95,4.18,3.93,4.00,7475700,33454088.00
2018/12/27,4.14,4.14,3.84,3.85,7987500,35443380.00
2018/12/28,4.28,4.28,4.16,4.21,54319263,254953712.00
2019/01/02,4.12,4.12,3.94,3.95,36482211,162000544.00
2019/01/03,3.92,4.01,3.86,3.91,16516763,72180416.00
2019/01/04,3.85,3.96,3.77,3.94,15269235,66028036.00
2019/01/07,3.95,4.01,3.92,3.99,15610900,68819920.00
2019/01/08,3.99,4.01,3.92,3.99,11823700,52097088.00
2019/01/09,4.01,4.05,3.97,3.98,13934100,62089884.00
2019/01/10,4.08,4.42,4.08,4.42,61895296,297489984.00
2019/01/11,4.44,4.91,4.28,4.91,91525448,458118112.00
2019/01/14,4.81,5.45,4.72,5.45,95281077,539084544.00
2019/01/15,5.55,5.56,4.86,5.01,89372341,495921376.00
2019/01/16,4.86,5.16,4.81,4.97,52359083,284862592.00
2019/01/17,4.86,4.96,4.69,4.94,49813347,262435136.00
2019/01/18,4.93,5.11,4.69,4.76,44009924,234902384.00
2019/01/21,4.83,4.88,4.61,4.68,32319200,166833200.00
2019/01/22,4.72,4.72,4.59,4.62,20248519,102853912.00
2019/01/23,4.63,4.67,4.59,4.66,16854001,85427976.00
2019/01/24,4.71,4.72,4.53,4.58,21240316,107149408.00
2019/01/25,4.57,4.61,4.44,4.46,18188801,90164600.00
2019/01/28,4.51,4.70,4.47,4.69,30950131,156677216.00
2019/01/29,4.76,4.94,4.50,4.66,36163916,186952048.00
2019/01/30,4.66,4.81,4.48,4.68,26850900,136990816.00
2019/01/31,4.55,4.81,4.55,4.56,26490435,134811840.00
2019/02/01,4.66,4.88,4.57,4.86,38815806,202135632.00
2019/02/11,4.83,5.17,4.77,5.11,44835004,242860768.00
2019/02/12,5.11,5.19,4.97,5.13,47402841,262241328.00
2019/02/13,5.03,5.12,4.97,5.08,33817600,185983264.00
2019/02/14,5.11,5.28,5.03,5.11,42983384,241136992.00
2019/02/15,5.04,5.24,4.94,4.96,35406407,195254272.00
2019/02/18,5.01,5.12,4.90,5.10,36923553,201504784.00
2019/02/19,5.18,5.18,4.96,5.03,32474357,178854208.00
2019/02/20,5.03,5.15,4.88,5.05,31077492,168982208.00
2019/02/21,4.99,5.14,4.91,4.96,29100007,158494832.00
2019/02/22,4.92,5.09,4.89,5.04,21705600,117709232.00
2019/02/25,5.05,5.38,5.02,5.29,49661596,280801760.00
2019/02/26,5.35,5.64,5.16,5.49,55116299,321030272.00
2019/02/27,5.51,5.84,5.47,5.65,64200135,391356192.00
2019/02/28,5.55,5.55,5.29,5.35,32149617,188005952.00
2019/03/01,5.16,5.16,4.81,5.03,50374672,273207808.00
2019/03/04,5.04,5.24,4.97,5.07,43563964,241676816.00
2019/03/05,5.07,5.24,4.99,5.23,34478765,192572624.00
2019/03/06,5.23,5.41,5.15,5.38,41265632,235469168.00
2019/03/07,5.40,5.96,5.32,5.75,74809713,458762176.00
2019/03/08,5.44,5.58,5.13,5.13,52345335,305810240.00
2019/03/11,5.14,5.48,5.10,5.47,31900399,183203120.00
2019/03/12,5.59,5.86,5.42,5.66,49973927,301831168.00
2019/03/13,5.67,5.68,5.27,5.39,29918087,177049824.00
2019/03/14,5.36,5.50,5.16,5.25,19179252,109912832.00
2019/03/15,5.29,5.49,5.28,5.39,20362200,118382784.00
2019/03/18,5.43,5.57,5.31,5.57,24220440,142938544.00
2019/03/19,5.56,5.63,5.42,5.47,21634317,128646240.00
2019/03/20,5.45,5.72,5.44,5.67,38660990,233234240.00
2019/03/21,5.61,5.67,5.50,5.62,32134000,194228480.00
2019/03/22,5.56,5.62,5.40,5.50,19527500,115792800.00
2019/03/25,5.41,5.47,5.28,5.29,18534716,107804608.00
2019/03/26,5.34,5.35,5.00,5.12,18273742,102162784.00
2019/03/27,5.12,5.20,4.99,5.08,10593542,58361584.00
2019/03/28,5.08,5.10,4.98,5.00,11035520,60475428.00
2019/03/29,5.00,5.20,4.96,5.17,18312918,101365264.00
2019/04/01,5.37,5.48,5.27,5.39,31312716,182637520.00
2019/04/02,5.44,5.54,5.36,5.43,34491205,203274720.00
2019/04/03,5.55,5.71,5.45,5.50,34000100,203687568.00
2019/04/04,5.44,5.54,5.38,5.41,23504337,138047360.00
2019/04/08,5.45,5.47,5.22,5.28,18625552,107355032.00
2019/04/09,5.27,5.36,5.27,5.35,11873920,68324528.00
2019/04/10,5.31,5.36,5.20,5.25,14227448,80851360.00
2019/04/11,5.24,5.28,5.14,5.19,14267034,80386000.00
2019/04/12,5.18,5.25,5.13,5.20,12031731,67686000.00
2019/04/15,5.25,5.28,5.14,5.14,14012200,79504112.00
2019/04/16,5.09,5.20,4.97,5.19,13695430,75319632.00
2019/04/17,5.16,5.41,5.14,5.32,20710430,118674728.00
2019/04/18,5.33,5.37,5.21,5.24,14448300,82709976.00
2019/04/19,5.23,5.25,5.08,5.22,10865900,60900760.00
2019/04/22,5.26,5.46,5.20,5.40,30498389,177250928.00
2019/04/23,5.37,5.37,5.17,5.17,15551100,88426880.00
2019/04/24,5.19,5.19,5.08,5.18,8495232,47396480.00
2019/04/25,5.18,5.18,4.90,4.91,12115053,66146348.00
2019/04/26,4.84,4.84,4.71,4.72,9675348,50282760.00
2019/04/29,4.73,4.79,4.35,4.42,9840353,48930568.00
2019/04/30,4.43,4.51,4.42,4.50,5142885,25242296.00
2019/05/06,4.37,4.38,4.01,4.01,11812400,54092544.00
2019/05/07,4.08,4.10,3.94,4.06,7949265,35508400.00
2019/05/08,4.02,4.09,3.85,4.04,5016232,22069712.00
2019/05/09,3.96,4.08,3.95,4.00,4586800,20289076.00
2019/05/10,4.06,4.31,3.90,4.25,12742397,57779720.00
2019/05/13,4.17,4.25,4.13,4.16,5562800,25457152.00
2019/05/14,4.05,4.16,4.05,4.07,4982260,22459028.00
2019/05/15,4.10,4.52,4.10,4.52,13749240,64998508.00
2019/05/16,4.80,5.01,4.54,4.55,45665400,236090768.00
2019/05/17,4.40,4.50,4.16,4.25,22747700,107530352.00
2019/05/20,4.30,4.35,4.02,4.18,10636100,48437440.00
2019/05/21,4.09,4.33,4.08,4.31,12153750,56758836.00
2019/05/22,4.31,4.52,4.21,4.35,16727300,79757352.00
2019/05/23,4.28,4.28,4.14,4.16,9777200,45047192.00
2019/05/24,4.15,4.34,4.09,4.27,9628700,44267188.00
2019/05/27,4.24,4.35,4.16,4.32,11198297,52349616.00
2019/05/28,4.30,4.33,4.20,4.23,8404800,39331152.00
2019/05/29,4.03,4.19,4.03,4.13,9584900,43537152.00
2019/05/30,4.12,4.12,4.03,4.06,6719953,30049662.00
2019/05/31,4.14,4.51,4.13,4.51,16545553,80058064.00
2019/06/03,4.60,4.85,4.38,4.39,52867770,265044800.00
2019/06/04,4.33,4.37,4.12,4.20,21521082,99035912.00
2019/06/05,4.24,4.28,4.11,4.11,17845973,81450912.00
2019/06/06,4.13,4.15,3.93,3.96,12368957,54746332.00
2019/06/10,3.97,4.05,3.97,4.03,7196100,31758240.00
2019/06/11,4.03,4.19,4.00,4.18,12131716,54842120.00
2019/06/12,4.16,4.23,4.13,4.15,10419900,47631760.00
2019/06/13,4.16,4.34,4.11,4.25,14484800,67006880.00
2019/06/14,4.23,4.26,4.08,4.08,10312900,46928892.00
2019/06/17,4.08,4.15,4.08,4.13,4645834,20943902.00
2019/06/18,4.15,4.16,4.09,4.15,4934618,22332364.00
2019/06/19,4.26,4.40,4.17,4.22,15093034,70260480.00
2019/06/20,4.22,4.28,4.14,4.26,12871134,59405932.00
2019/06/21,4.24,4.35,4.22,4.31,14894600,69959024.00
2019/06/24,4.33,4.36,4.25,4.30,7960100,37400964.00
2019/06/25,4.29,4.30,4.15,4.20,9407020,43288336.00
2019/06/26,4.16,4.27,4.15,4.20,7243936,33412468.00
2019/06/27,4.20,4.26,4.18,4.21,7367900,34035808.00
2019/06/28,4.24,4.34,4.17,4.22,17981900,83743392.00
2019/07/01,4.26,4.30,4.24,4.30,15450489,72176760.00
2019/07/02,4.28,4.28,4.22,4.26,10359116,48133248.00
2019/07/03,4.23,4.24,4.14,4.15,9965400,45556240.00
2019/07/04,4.16,4.17,4.10,4.13,6225900,28208364.00
2019/07/05,4.14,4.15,4.07,4.11,5113820,23025794.00
2019/07/08,4.10,4.11,3.96,4.00,7934020,34980416.00
2019/07/09,3.98,4.02,3.97,4.01,4011700,17635340.00
2019/07/10,4.00,4.03,3.94,3.96,4264800,18721604.00
2019/07/11,3.99,4.01,3.93,3.95,4372700,19099796.00
2019/07/12,3.96,3.98,3.93,3.96,3037500,13234837.00
2019/07/15,3.96,4.01,3.87,3.99,4167300,18149136.00
2019/07/16,3.99,4.02,3.98,4.00,3215800,14139618.00
2019/07/17,3.99,4.02,3.97,3.99,2939600,12942679.00
2019/07/18,4.00,4.00,3.90,3.91,4713100,20402800.00
2019/07/19,3.91,3.98,3.91,3.93,3490900,15161956.00
2019/07/22,3.95,3.97,3.76,3.76,6493800,27317644.00
2019/07/23,3.76,3.79,3.75,3.77,3394400,14152364.00
2019/07/24,3.78,3.83,3.78,3.80,4048620,17044190.00
2019/07/25,3.80,3.81,3.76,3.78,3561500,14888098.00
2019/07/26,3.78,3.80,3.76,3.79,3100200,12969983.00
2019/07/29,3.79,3.79,3.76,3.77,3081716,12858022.00
2019/07/30,3.78,3.95,3.78,3.86,8609416,36780428.00
2019/07/31,3.99,3.99,3.81,3.84,6011800,25612504.00
2019/08/01,3.79,3.81,3.76,3.79,3912600,16377746.00
2019/08/02,3.73,3.77,3.50,3.72,4676520,19184710.00
2019/08/05,3.73,3.73,3.63,3.64,5280900,21497646.00
2019/08/06,3.55,3.58,3.32,3.42,9797400,37509376.00
2019/08/07,3.42,3.59,3.42,3.47,5501820,21411268.00
2019/08/08,3.43,3.56,3.42,3.48,4636000,18024424.00
2019/08/09,3.48,3.87,3.48,3.66,24913585,103284816.00
2019/08/12,3.56,3.61,3.47,3.60,15732636,61953524.00
2019/08/13,3.51,3.54,3.51,3.54,5675400,22277696.00
2019/08/14,3.58,3.64,3.54,3.55,6133236,24434396.00
2019/08/15,3.42,3.53,3.40,3.50,5785300,22437692.00
2019/08/16,3.49,3.54,3.48,3.50,4606100,18024210.00
2019/08/19,3.54,3.59,3.50,3.59,8011900,31683300.00
2019/08/20,3.59,3.63,3.56,3.58,7292565,29111316.00
2019/08/21,3.58,3.72,3.55,3.67,11624701,46979532.00
2019/08/22,3.70,3.78,3.60,3.65,10962300,44630120.00
2019/08/23,3.66,3.66,3.57,3.59,6980965,27923014.00
2019/08/26,3.50,3.54,3.46,3.54,5032200,19699268.00
2019/08/27,3.54,3.67,3.54,3.63,8634536,34683920.00
2019/08/28,3.62,3.72,3.59,3.68,9789700,39681244.00
2019/08/29,3.67,3.70,3.63,3.69,6939000,28247284.00
2019/08/30,3.70,3.73,3.57,3.59,6261600,25279836.00
2019/09/02,3.72,3.72,3.65,3.68,7388117,30159822.00
2019/09/03,3.68,3.69,3.64,3.67,6768517,27511924.00
2019/09/04,3.72,4.08,3.70,4.08,41299137,183747008.00
2019/09/05,4.10,4.11,3.90,3.95,53784137,237122688.00
2019/09/06,3.91,3.99,3.85,3.90,22425317,96566624.00
2019/09/09,3.93,3.98,3.90,3.98,17312137,75225704.00
2019/09/10,3.98,3.98,3.92,3.95,10751100,46672404.00
2019/09/11,3.96,3.97,3.88,3.89,13405600,57748584.00
2019/09/12,3.90,3.92,3.88,3.91,8964300,38539188.00
2019/09/16,3.95,3.96,3.84,3.88,11674800,50188616.00
2019/09/17,3.88,3.88,3.72,3.77,11254920,47164856.00
2019/09/18,3.78,3.81,3.75,3.80,6393100,26728040.00
2019/09/19,3.80,3.82,3.74,3.81,7630700,31828188.00
2019/09/20,3.80,3.84,3.78,3.84,9787430,41278172.00
2019/09/23,3.75,3.76,3.64,3.70,11571320,47405568.00
2019/09/24,3.69,3.71,3.65,3.66,6745636,27484108.00
2019/09/25,3.63,3.66,3.58,3.58,7869436,31586096.00
2019/09/26,3.58,3.63,3.49,3.50,6766600,26617200.00
2019/09/27,3.53,3.78,3.50,3.67,11634763,46964196.00
2019/09/30,3.65,3.78,3.63,3.74,13742700,56764616.00
2019/10/08,3.74,3.80,3.68,3.73,6985620,28974224.00
2019/10/09,3.72,3.81,3.68,3.80,9851500,41084960.00
2019/10/10,3.78,3.81,3.76,3.79,6868763,28726080.00
2019/10/11,3.79,3.83,3.77,3.82,8274983,34804192.00
2019/10/14,3.83,3.88,3.82,3.87,10077400,42899628.00
2019/10/15,3.89,3.89,3.83,3.83,7014549,29776284.00
2019/10/16,3.83,3.95,3.73,3.73,10986500,46351664.00
2019/10/17,3.76,3.77,3.67,3.68,6220000,25606340.00
2019/10/18,3.68,3.71,3.60,3.62,6235400,25207232.00
2019/10/21,3.63,3.65,3.55,3.59,4562583,18193880.00
2019/10/22,3.59,3.65,3.59,3.62,3377400,13566808.00
2019/10/23,3.62,3.64,3.59,3.60,3581200,14320510.00
2019/10/24,3.56,3.61,3.56,3.58,3030300,12064294.00
2019/10/25,3.58,3.59,3.53,3.57,4519400,17877094.00
2019/10/28,3.93,3.97,3.72,3.76,27280100,115615280.00
2019/10/29,3.60,3.65,3.58,3.60,18857156,75643872.00
2019/10/30,3.57,3.57,3.50,3.50,9230800,36214400.00
2019/10/31,3.51,3.55,3.48,3.50,4242000,16590699.00
2019/11/01,3.50,3.53,3.45,3.52,3836338,14984749.00
2019/11/04,3.52,3.54,3.50,3.51,3430000,13454699.00
2019/11/05,3.51,3.53,3.47,3.52,3441300,13428059.00
2019/11/06,3.52,3.52,3.48,3.50,2896100,11270717.00
2019/11/07,3.50,3.51,3.47,3.49,2578900,10029586.00
2019/11/08,3.51,3.52,3.48,3.48,2421700,9430108.00
2019/11/11,3.48,3.48,3.36,3.38,5272920,20066584.00
2019/11/12,3.38,3.39,3.33,3.38,2909800,10935695.00
2019/11/13,3.35,3.40,3.33,3.35,2527300,9474017.00
2019/11/14,3.36,3.38,3.34,3.36,2315149,8707851.00
2019/11/15,3.37,3.38,3.35,3.35,2500600,9414257.00
2019/11/18,3.36,3.38,3.33,3.37,2331600,8769884.00
2019/11/19,3.37,3.42,3.35,3.41,3122072,11849412.00
2019/11/20,3.40,3.42,3.37,3.38,2596259,9843538.00
2019/11/21,3.37,3.40,3.33,3.39,2442614,9236663.00
2019/11/22,3.38,3.42,3.35,3.38,3904479,14763294.00
2019/11/25,3.38,3.42,3.34,3.42,4307269,16343010.00
2019/11/26,3.49,3.50,3.40,3.40,3541779,13555588.00
2019/11/27,3.38,3.42,3.35,3.41,2383176,9040215.00
2019/11/28,3.40,3.41,3.35,3.37,2616374,9878707.00
2019/11/29,3.36,3.37,3.34,3.36,1786563,6708724.00
2019/12/02,3.36,3.41,3.35,3.37,2329183,8787467.00
2019/12/03,3.35,3.39,3.33,3.38,2592739,9749277.00
2019/12/04,3.40,3.40,3.36,3.39,2709726,10260360.00
2019/12/05,3.39,3.41,3.38,3.41,3526074,13404841.00
2019/12/06,3.41,3.44,3.39,3.42,2818208,10735899.00
2019/12/09,3.42,3.44,3.40,3.43,3153539,12038393.00
2019/12/10,3.41,3.42,3.39,3.41,2721309,10356521.00
2019/12/11,3.43,3.43,3.40,3.43,3191127,12192090.00
2019/12/12,3.42,3.42,3.37,3.37,3667000,13910647.00
2019/12/13,3.38,3.42,3.38,3.42,3514627,13379552.00
2019/12/16,3.42,3.44,3.41,3.43,4910900,18801604.00
2019/12/17,3.43,3.48,3.42,3.47,8288107,31967504.00
2019/12/18,3.47,3.47,3.44,3.45,7485512,28875736.00
2019/12/19,3.46,3.50,3.45,3.49,7773200,30148008.00
2019/12/20,3.50,3.55,3.46,3.47,8229872,32102476.00
2019/12/23,3.48,3.48,3.38,3.39,6644299,25345856.00
2019/12/24,3.38,3.42,3.37,3.42,4585120,17398568.00
2019/12/25,3.40,3.42,3.37,3.40,3478397,13197773.00
2019/12/26,3.39,3.44,3.37,3.43,5292399,20100360.00
2019/12/27,3.42,3.45,3.38,3.39,6252000,23871832.00
2019/12/30,3.38,3.43,3.35,3.42,4483983,17028126.00
2019/12/31,3.41,3.43,3.37,3.42,5154500,19586884.00
2020/01/02,3.43,3.47,3.43,3.45,8497658,32763084.00
2020/01/03,3.47,3.47,3.44,3.46,6420400,24739372.00
2020/01/06,3.44,3.49,3.43,3.47,9408598,36353608.00
2020/01/07,3.48,3.58,3.48,3.56,20349336,80425888.00
2020/01/08,3.52,3.54,3.45,3.46,15350600,59820156.00
2020/01/09,3.47,3.52,3.47,3.50,8812202,34320144.00
2020/01/10,3.50,3.52,3.44,3.46,6603478,25536984.00
2020/01/13,3.46,3.47,3.41,3.46,5406920,20771650.00
2020/01/14,3.49,3.50,3.46,3.47,7889200,30610964.00
2020/01/15,3.49,3.49,3.43,3.44,5275880,20275972.00
2020/01/16,3.43,3.45,3.38,3.39,5011018,19082552.00
2020/01/17,3.38,3.42,3.37,3.39,4086000,15488960.00
2020/01/20,3.38,3.43,3.38,3.42,4615173,17558012.00
2020/01/21,3.42,3.42,3.37,3.38,4884716,18548300.00
2020/01/22,3.38,3.38,3.33,3.36,4543617,17058380.00
2020/01/23,3.36,3.37,3.21,3.24,7096716,26178852.00
2020/02/03,2.88,2.88,2.88,2.88,1778800,5834464.00
2020/02/04,2.55,2.74,2.55,2.72,14520473,44657128.00
2020/02/05,2.73,2.85,2.70,2.76,9839789,31194390.00
2020/02/06,2.76,2.79,2.71,2.78,7640526,24114724.00
2020/02/07,2.78,2.78,2.72,2.75,6948727,21859972.00
2020/02/10,2.73,2.82,2.72,2.81,7802618,24795516.00
2020/02/11,2.80,2.87,2.80,2.83,7414618,23980152.00
2020/02/12,2.83,3.15,2.82,2.99,20615067,69851432.00
2020/02/13,2.93,2.99,2.90,2.92,11785220,39295156.00
2020/02/14,2.86,2.91,2.86,2.88,5904400,19375410.00
2020/02/17,2.88,2.96,2.86,2.96,7633700,25477512.00
2020/02/18,2.96,3.04,2.95,3.01,8863301,30119180.00
2020/02/19,3.01,3.06,2.97,2.97,8861400,30225590.00
2020/02/20,2.98,3.15,2.97,3.07,14648461,50598896.00
2020/02/21,3.04,3.09,3.03,3.05,10230013,35292228.00
2020/02/24,3.02,3.04,2.97,3.01,9332700,31728932.00
2020/02/25,2.94,2.97,2.83,2.94,12834700,42499896.00
2020/02/26,2.86,3.08,2.85,2.96,13452047,45314204.00
2020/02/27,2.98,2.99,2.92,2.95,8322047,27856452.00
2020/02/28,2.88,2.89,2.75,2.77,11690000,37631256.00
2020/03/02,2.76,2.88,2.76,2.87,7569500,24534716.00
2020/03/03,2.91,3.05,2.87,2.92,12492238,41728660.00
2020/03/04,2.87,2.97,2.84,2.97,9514856,31548004.00
2020/03/05,2.97,3.09,2.97,3.08,20228554,69902736.00
2020/03/06,3.04,3.13,3.01,3.08,15600789,54200364.00
2020/03/09,3.03,3.08,2.94,2.97,13716100,46687408.00
2020/03/10,3.06,3.13,2.93,3.08,21971847,75367904.00
2020/03/11,3.10,3.29,3.08,3.12,28440332,101619240.00
2020/03/12,3.03,3.10,3.01,3.05,14666685,50537216.00
2020/03/13,2.91,3.00,2.82,2.96,13552360,44805316.00
2020/03/16,3.00,3.12,2.92,2.97,18038854,61925952.00
2020/03/17,2.95,2.99,2.80,2.90,11795941,38800120.00
2020/03/18,2.92,2.95,2.80,2.80,11322200,37050596.00
2020/03/19,2.78,2.80,2.70,2.78,9738824,30710740.00
2020/03/20,2.81,2.85,2.76,2.83,4924600,15791887.00
2020/03/23,2.74,2.80,2.71,2.72,6098834,19176474.00
2020/03/24,2.76,2.78,2.67,2.75,6487148,20304386.00
2020/03/25,2.80,2.82,2.77,2.80,6632906,21174570.00
2020/03/26,2.80,2.81,2.75,2.76,4640900,14749093.00
2020/03/27,2.77,2.80,2.74,2.75,6114008,19382324.00
2020/03/30,2.71,2.72,2.63,2.65,5721000,17546940.00
2020/03/31,2.67,2.69,2.63,2.66,4340400,13271026.00
2020/04/01,2.63,2.69,2.62,2.65,4310820,13197109.00
2020/04/02,2.63,2.75,2.62,2.74,7255900,22479692.00
2020/04/03,2.74,2.74,2.66,2.67,5672000,17511184.00
2020/04/07,2.74,2.76,2.70,2.75,7249600,22759254.00
2020/04/08,2.76,2.79,2.72,2.79,6665200,21106690.00
2020/04/09,2.79,2.83,2.77,2.79,5574900,17792976.00
2020/04/10,2.78,2.78,2.70,2.72,5736400,18003676.00
2020/04/13,2.71,2.71,2.66,2.68,3229500,9947237.00
2020/04/14,2.63,2.71,2.63,2.70,3134461,9698922.00
2020/04/15,2.71,2.76,2.70,2.72,5045000,15799302.00
2020/04/16,2.72,2.80,2.67,2.76,7617500,23960566.00
2020/04/17,2.75,2.78,2.73,2.75,6025991,18967120.00
2020/04/20,2.77,2.77,2.72,2.75,3526735,11070092.00
2020/04/21,2.74,2.77,2.71,2.74,3872958,12166904.00
2020/04/22,2.74,2.74,2.65,2.70,5086700,15707753.00
2020/04/23,2.69,2.70,2.66,2.67,4394900,13524564.00
2020/04/24,2.66,2.68,2.63,2.66,4849124,14812309.00
2020/04/27,2.69,2.80,2.69,2.69,7461056,23304052.00
2020/04/28,2.68,2.69,2.50,2.58,7395597,22184478.00
2020/04/29,2.58,2.68,2.55,2.61,3607480,10876144.00
2020/04/30,2.60,2.70,2.60,2.68,6412990,19662552.00
2020/05/06,2.61,2.68,2.61,2.67,5828880,17761096.00
2020/05/07,2.69,2.78,2.65,2.76,10286442,32043288.00
2020/05/08,2.72,2.77,2.70,2.74,8392190,26318558.00
2020/05/11,2.74,2.75,2.67,2.70,5999239,18631336.00
2020/05/12,2.69,2.71,2.67,2.69,3026660,9339925.00
2020/05/13,2.69,2.75,2.66,2.71,5713432,17776008.00
2020/05/14,2.69,2.71,2.65,2.65,4688848,14403820.00
2020/05/15,2.65,2.67,2.63,2.63,3872000,11787554.00
2020/05/18,2.66,2.67,2.63,2.64,4255500,12962488.00
2020/05/19,2.64,2.67,2.63,2.64,4400800,13392208.00
2020/05/20,2.64,2.67,2.61,2.63,4974070,15101071.00
2020/05/21,2.63,2.65,2.59,2.60,5210800,15719908.00
2020/05/22,2.59,2.60,2.53,2.55,5351300,15840688.00
2020/05/25,2.55,2.60,2.55,2.60,3772600,11239298.00
2020/05/26,2.60,2.61,2.58,2.61,4017438,12035012.00
2020/05/27,2.59,2.61,2.56,2.58,3575500,10642156.00
2020/05/28,2.57,2.58,2.54,2.56,4399600,13006830.00
2020/05/29,2.57,2.58,2.55,2.57,2878300,8535362.00
2020/06/01,2.57,2.62,2.57,2.61,6204727,18600680.00
2020/06/02,2.62,2.66,2.61,2.62,8949669,27148770.00
2020/06/03,2.63,2.64,2.60,2.61,7248490,21857582.00
2020/06/04,2.61,2.62,2.59,2.61,5343648,16073402.00
2020/06/05,2.61,2.62,2.59,2.60,3930689,11788936.00
2020/06/08,2.60,2.62,2.59,2.60,5200489,15612829.00
2020/06/09,2.62,2.79,2.61,2.70,28866148,89619568.00
2020/06/10,2.66,2.68,2.57,2.61,19427448,58384744.00
2020/06/11,2.58,2.60,2.57,2.58,8061700,24032844.00
2020/06/12,2.51,2.57,2.51,2.55,8774900,25804022.00
2020/06/15,2.54,2.55,2.50,2.51,8067620,23564036.00
2020/06/16,2.52,2.54,2.52,2.54,4570700,13406157.00
2020/06/17,2.53,2.54,2.51,2.53,4744638,13884519.00
2020/06/18,2.52,2.58,2.52,2.57,7461672,22052160.00
2020/06/19,2.57,2.58,2.55,2.57,6733500,19944614.00
2020/06/22,2.56,2.57,2.55,2.56,3906876,11563394.00
2020/06/23,2.56,2.57,2.52,2.53,4839620,14197914.00
2020/06/24,2.53,2.54,2.51,2.51,4238665,12372549.00
2020/06/29,2.52,2.58,2.49,2.54,6772171,19913080.00
2020/06/30,2.53,2.54,2.51,2.52,4393200,12831515.00
2020/07/01,2.53,2.53,2.51,2.52,3896400,11371184.00
2020/07/02,2.52,2.56,2.51,2.56,8510274,24998200.00
2020/07/03,2.56,2.63,2.56,2.62,16140400,48328552.00
2020/07/06,2.63,2.73,2.62,2.72,21960911,67723024.00
2020/07/07,2.75,2.77,2.68,2.68,21833726,68156072.00
2020/07/08,2.70,2.78,2.67,2.78,22537303,70671912.00
2020/07/09,2.79,2.82,2.74,2.80,22931786,73027984.00
2020/07/10,2.82,2.82,2.76,2.77,18294338,58298272.00
2020/07/13,2.77,2.87,2.75,2.86,20567394,66281256.00
2020/07/14,2.87,2.92,2.78,2.83,20238925,65633204.00
2020/07/15,2.81,2.85,2.72,2.72,18228695,57683536.00
2020/07/16,2.74,2.76,2.64,2.65,15685171,48598196.00
2020/07/17,2.65,2.68,2.61,2.63,9765106,29690908.00
2020/07/20,2.64,2.79,2.63,2.78,17310718,54160304.00
2020/07/21,2.79,2.83,2.69,2.73,12210600,38364996.00
2020/07/22,2.73,2.75,2.71,2.73,10307800,32275994.00
2020/07/23,2.72,2.72,2.65,2.71,7977277,24608846.00
2020/07/24,2.75,2.81,2.65,2.66,16133500,50490264.00
2020/07/27,2.63,2.64,2.55,2.62,11081347,33230296.00
2020/07/28,2.62,2.67,2.61,2.66,7716900,23501808.00
2020/07/29,2.66,2.72,2.65,2.70,7512300,23220600.00
2020/07/30,2.70,3.01,2.69,3.01,45969504,150674944.00
2020/07/31,3.10,3.35,3.06,3.35,105488157,387144768.00
2020/08/03,3.48,3.73,3.41,3.47,125254961,495235904.00
2020/08/04,3.33,3.42,3.19,3.20,75794653,274739712.00
2020/08/05,3.13,3.33,3.03,3.27,57205914,199300832.00
2020/08/06,3.18,3.24,3.13,3.19,35203300,124440568.00
2020/08/07,3.19,3.28,3.08,3.14,24783438,87719216.00
2020/08/10,3.10,3.21,3.05,3.13,25301177,87718672.00
2020/08/11,3.15,3.19,3.03,3.04,20922214,72204952.00
2020/08/12,3.01,3.06,2.95,3.04,16815513,56155096.00
2020/08/13,3.03,3.13,3.03,3.06,16109422,55269168.00
2020/08/14,3.01,3.10,3.00,3.08,12405900,42187752.00
2020/08/17,3.08,3.14,3.05,3.13,18321316,63315120.00
2020/08/18,3.11,3.13,3.07,3.11,15132500,52179908.00
2020/08/19,3.10,3.24,3.05,3.21,32886584,115887176.00
2020/08/20,3.25,3.28,3.13,3.15,26994300,95327488.00
2020/08/21,3.16,3.17,3.09,3.11,22040999,76261528.00
2020/08/24,2.97,3.02,2.89,2.93,28406950,93369272.00
2020/08/25,2.91,2.93,2.88,2.92,11979400,38983752.00
2020/08/26,2.91,2.92,2.86,2.87,10872500,35141960.00
2020/08/27,2.88,2.91,2.86,2.90,7104200,22977088.00
2020/08/28,2.89,2.93,2.86,2.92,9071050,29398776.00
2020/08/31,2.91,2.95,2.90,2.91,8871300,29056230.00
2020/09/01,2.90,2.94,2.89,2.91,7407557,24158924.00
2020/09/02,2.91,2.93,2.87,2.90,9728600,31485272.00
2020/09/03,2.89,2.91,2.84,2.84,10483400,33735468.00
2020/09/04,2.82,2.86,2.79,2.85,10673720,33835176.00
2020/09/07,2.86,2.88,2.79,2.81,10676557,33984044.00
2020/09/08,2.80,2.94,2.77,2.91,17824004,57091752.00
2020/09/09,2.91,3.03,2.88,2.93,29579400,98180264.00
2020/09/10,2.93,2.95,2.78,2.80,16540818,52845120.00
2020/09/11,2.77,2.94,2.71,2.94,16066601,51453660.00
2020/09/14,2.95,2.98,2.87,2.90,13125754,42848304.00
2020/09/15,2.90,2.90,2.83,2.88,6597400,21237094.00
2020/09/16,2.88,2.90,2.82,2.85,7047200,22630576.00
2020/09/17,2.84,2.85,2.79,2.82,7101457,22502156.00
2020/09/18,2.80,2.88,2.79,2.85,9011704,28623642.00
2020/09/21,2.84,2.84,2.78,2.81,6593300,20816740.00
2020/09/22,2.79,2.79,2.75,2.76,6043956,18844228.00
2020/09/23,2.76,2.84,2.76,2.82,10032600,31729730.00
2020/09/24,2.79,2.80,2.72,2.72,8308537,25774932.00
2020/09/25,2.73,2.75,2.70,2.72,3434401,10531779.00
2020/09/28,2.72,2.75,2.70,2.72,2932000,9012234.00
2020/09/29,2.72,2.75,2.67,2.70,5107000,15626792.00
2020/09/30,2.70,2.81,2.70,2.78,9747100,30378136.00
2020/10/09,2.92,3.09,2.83,3.04,61861555,209375472.00
2020/10/12,3.00,3.01,2.88,2.97,45033655,148670432.00
2020/10/13,2.93,3.01,2.91,2.96,21710841,71816488.00
2020/10/14,2.95,3.16,2.89,3.11,58862255,199865792.00
2020/10/15,3.14,3.14,2.98,3.02,30748300,104238032.00
2020/10/16,3.04,3.04,2.95,3.00,14984808,49972112.00
2020/10/19,3.00,3.00,2.93,2.95,11226800,37160608.00
2020/10/20,2.94,2.98,2.90,2.97,10183482,33408096.00
2020/10/21,2.97,2.98,2.90,2.91,9110297,29800202.00
2020/10/22,2.89,2.93,2.88,2.89,5636100,18329792.00
2020/10/23,2.89,2.92,2.86,2.88,7956400,25775744.00
2020/10/26,2.86,2.88,2.81,2.83,6325247,20202160.00
2020/10/27,2.82,2.84,2.76,2.78,9401706,29512900.00
2020/10/28,2.78,2.80,2.73,2.80,7085400,22062488.00
2020/10/29,2.75,2.81,2.74,2.77,4944700,15472540.00
2020/10/30,2.78,2.81,2.70,2.72,8603089,26565368.00
2020/11/02,2.72,2.74,2.67,2.74,5748600,17586140.00
2020/11/03,2.74,2.80,2.74,2.79,5175000,16201009.00
2020/11/04,2.80,2.81,2.74,2.76,4412300,13723866.00
2020/11/05,2.77,2.80,2.76,2.79,5996953,18771770.00
2020/11/06,2.79,2.81,2.76,2.78,4371753,13686849.00
2020/11/09,2.79,2.84,2.78,2.82,7823470,24780176.00
2020/11/10,2.83,2.83,2.77,2.78,6334500,19934968.00
2020/11/11,2.78,2.78,2.74,2.76,6422470,19954784.00
2020/11/12,2.76,2.79,2.75,2.77,5539800,17285686.00
2020/11/13,2.76,2.77,2.72,2.73,6104400,18822400.00
2020/11/16,2.73,2.78,2.73,2.77,6302100,19594372.00
2020/11/17,2.76,2.81,2.76,2.80,7005512,22006404.00
2020/11/18,2.80,2.83,2.79,2.82,6754133,21340022.00
2020/11/19,2.80,2.81,2.75,2.77,7980012,24960488.00
2020/11/20,2.78,2.83,2.75,2.81,8635842,27081488.00
2020/11/23,2.80,2.84,2.79,2.82,10523824,33323180.00
2020/11/24,2.82,2.82,2.79,2.80,4969100,15674234.00
2020/11/25,2.81,2.88,2.79,2.80,14657100,46744908.00
2020/11/26,2.79,2.88,2.78,2.88,17584111,56161496.00
2020/11/27,2.86,2.88,2.81,2.84,11384169,36263156.00
2020/11/30,2.83,2.93,2.82,2.87,12568042,40507336.00
2020/12/01,2.85,2.88,2.83,2.88,7571111,24296580.00
2020/12/02,2.88,2.88,2.84,2.85,7637597,24447068.00
2020/12/03,2.83,2.84,2.81,2.83,7799723,24748092.00
2020/12/04,2.82,2.83,2.79,2.81,5384923,16979170.00
2020/12/07,2.81,2.99,2.79,2.87,16874192,54520136.00
2020/12/08,2.85,2.87,2.81,2.82,8011585,25529384.00
2020/12/09,2.81,2.84,2.75,2.75,8680001,27271170.00
2020/12/10,2.75,2.87,2.72,2.80,12726793,39901408.00
2020/12/11,2.79,2.79,2.69,2.70,13803416,42482636.00
2020/12/14,2.70,2.76,2.70,2.72,7144512,22001508.00
2020/12/15,2.70,2.72,2.67,2.69,7978200,24265456.00
2020/12/16,2.68,2.73,2.68,2.70,6268548,19165014.00
2020/12/17,2.67,2.71,2.58,2.69,12557700,37736088.00
2020/12/18,2.71,2.79,2.71,2.75,13729909,42598248.00
2020/12/21,2.94,3.06,2.94,3.06,27908298,95015024.00
2020/12/22,3.38,3.38,3.09,3.12,127217299,460934528.00
2020/12/23,2.94,3.27,2.90,3.18,93672553,325821888.00
2020/12/24,3.09,3.18,2.95,3.02,66633046,225954432.00
2020/12/25,2.98,3.27,2.98,3.17,75516518,265131968.00
2020/12/28,3.18,3.34,3.09,3.24,61829332,219053808.00
2020/12/29,3.33,3.33,2.94,3.00,63163595,221137360.00
2020/12/30,2.97,3.24,2.97,3.09,46084080,159942800.00
2020/12/31,3.12,3.15,3.01,3.05,36655464,125480296.00
2021/01/04,3.09,3.39,2.99,3.39,74428529,266334896.00
2021/01/05,3.46,3.58,3.25,3.34,102258536,383603552.00
2021/01/06,3.23,3.37,3.15,3.28,55697636,199896528.00
2021/01/07,3.23,3.29,3.13,3.16,39320297,139623328.00
2021/01/08,3.12,3.18,3.00,3.09,32717400,111923808.00
2021/01/11,3.06,3.10,2.91,2.97,35649000,117672776.00
2021/01/12,2.98,3.06,2.93,3.02,21323181,71273656.00
2021/01/13,3.02,3.02,2.82,2.82,29633636,95494736.00
2021/01/14,2.73,2.77,2.63,2.76,29381112,89457272.00
2021/01/15,2.73,2.82,2.72,2.76,15505863,48310880.00
2021/01/18,2.74,2.81,2.70,2.79,17045967,52940712.00
2021/01/19,2.78,2.80,2.73,2.80,13686312,42679112.00
2021/01/20,2.80,2.81,2.74,2.75,12238583,38030260.00
2021/01/21,2.75,2.78,2.71,2.76,14988512,46424724.00
2021/01/22,2.76,2.76,2.68,2.70,15573100,47587604.00
2021/01/25,2.71,3.01,2.65,3.01,30952609,99920280.00
2021/01/26,3.16,3.35,3.09,3.35,101940438,370837760.00
2021/01/27,3.72,3.72,3.72,3.72,58457505,237922048.00
2021/01/28,3.90,4.13,3.76,4.13,142852324,622728576.00
2021/01/29,4.44,4.58,3.68,3.68,266061785,1223079424.00
2021/02/01,3.28,3.54,3.28,3.28,161571957,593192960.00
2021/02/02,3.11,3.17,2.93,3.01,148541629,501058304.00
2021/02/03,2.96,2.99,2.82,2.95,107162717,347324352.00
2021/02/04,2.88,2.91,2.76,2.80,72878130,231165232.00
2021/02/05,2.81,2.86,2.71,2.71,65325629,203733200.00
2021/02/08,2.67,2.77,2.66,2.69,37062011,113521984.00
2021/02/09,2.70,2.84,2.67,2.79,50684601,157552576.00
2021/02/10,2.76,2.80,2.70,2.72,32541300,100475680.00
2021/02/18,2.76,2.83,2.74,2.82,40494429,127046984.00
2021/02/19,2.83,2.90,2.77,2.88,43404600,138710928.00
2021/02/22,2.88,3.03,2.86,2.91,60435800,199510096.00
2021/02/23,2.93,3.05,2.81,2.94,65338683,214019280.00
2021/02/24,2.89,3.02,2.85,2.99,51444512,169178576.00
2021/02/25,2.98,3.02,2.85,2.87,43946800,143834704.00
2021/02/26,2.81,2.94,2.77,2.89,36116300,115762032.00
2021/03/01,2.90,2.93,2.87,2.93,27711100,90122016.00
2021/03/02,2.95,3.20,2.93,3.02,66576581,226718112.00
2021/03/03,3.00,3.14,2.97,3.14,64418501,219821664.00
2021/03/04,3.15,3.28,3.07,3.11,61234501,215026448.00
2021/03/05,3.06,3.22,3.06,3.13,46052900,160673600.00
2021/03/08,3.09,3.48,3.06,3.33,101531632,368002208.00
2021/03/09,3.25,3.31,3.00,3.11,68399703,239701696.00
2021/03/10,3.12,3.30,3.06,3.17,52724565,186122752.00
2021/03/11,3.11,3.28,3.03,3.27,73292960,258742576.00
2021/03/12,3.25,3.54,3.18,3.35,92777682,344241056.00
2021/03/15,3.35,3.47,3.21,3.30,64799522,238072480.00
2021/03/16,3.29,3.42,3.23,3.42,57282311,212420304.00
2021/03/17,3.44,3.44,3.28,3.32,43293323,159206848.00
2021/03/18,3.29,3.33,3.16,3.20,52012261,186657776.00
2021/03/19,3.16,3.56,3.11,3.44,123965824,470349568.00
2021/03/22,3.41,3.68,3.41,3.62,111817000,437746336.00
2021/03/23,3.53,3.57,3.36,3.36,73605334,278806912.00
2021/03/24,3.36,3.55,3.33,3.42,62110147,236473760.00
2021/03/25,3.38,3.38,3.15,3.20,62469468,223493744.00
2021/03/26,3.17,3.49,3.15,3.35,79445599,293436800.00
2021/03/29,3.33,3.47,3.28,3.31,56888523,211211472.00
2021/03/30,3.29,3.30,3.16,3.22,47967395,170135856.00
2021/03/31,3.18,3.28,3.15,3.24,38919333,139569024.00
2021/04/01,3.25,3.60,3.16,3.60,153721236,594888832.00
2021/04/02,3.56,3.56,3.39,3.42,107491715,408518080.00
2021/04/06,3.45,3.60,3.41,3.53,86363555,335007968.00
2021/04/07,3.51,3.68,3.49,3.60,97359766,383679520.00
2021/04/08,3.54,3.59,3.42,3.46,67695830,259759632.00
2021/04/09,3.45,3.52,3.39,3.41,48388338,183731808.00
2021/04/12,3.41,3.50,3.36,3.42,48841041,184536784.00
2021/04/13,3.44,3.46,3.21,3.26,53158617,192965136.00
2021/04/14,3.23,3.31,3.21,3.31,28122260,101500800.00
2021/04/15,3.28,3.29,3.19,3.22,25363033,90833128.00
2021/04/16,3.22,3.30,3.22,3.25,20964406,75683448.00
2021/04/19,3.27,3.40,3.25,3.32,27331285,100703408.00
2021/04/20,3.27,3.44,3.26,3.34,38462586,142841344.00
2021/04/21,3.29,3.32,3.22,3.27,29694830,107042192.00
2021/04/22,3.26,3.31,3.23,3.24,17961138,64771636.00
2021/04/23,3.26,3.27,3.08,3.10,38840081,135457024.00
2021/04/26,3.09,3.10,3.00,3.02,22623342,76746696.00
2021/04/27,2.97,3.01,2.92,2.96,20627905,68113512.00
2021/04/28,2.96,3.03,2.95,3.03,14444423,48509832.00
2021/04/29,3.00,3.06,2.98,3.04,13075042,44019208.00
2021/04/30,3.10,3.13,3.01,3.04,13269071,45177536.00
2021/05/06,3.03,3.10,3.00,3.10,13707432,46815412.00
2021/05/07,3.08,3.11,3.02,3.07,14778300,50515180.00
2021/05/10,3.06,3.11,3.02,3.09,16430131,56187868.00
2021/05/11,3.08,3.23,3.06,3.15,23008505,80397584.00
2021/05/12,3.12,3.14,3.08,3.13,15173519,52353380.00
2021/05/13,3.10,3.14,3.03,3.03,16237000,55730872.00
2021/05/14,3.04,3.11,3.04,3.10,13314056,45710432.00
2021/05/17,3.10,3.17,3.06,3.12,17759115,61549604.00
2021/05/18,3.11,3.16,3.10,3.11,11137084,38647400.00
2021/05/19,3.10,3.14,3.07,3.09,13569467,46791976.00
2021/05/20,3.10,3.21,3.09,3.15,29298078,102622368.00
2021/05/21,3.15,3.24,3.12,3.22,29932795,106146240.00
2021/05/24,3.22,3.27,3.17,3.19,23128888,82274480.00
2021/05/25,3.17,3.20,3.14,3.17,16285400,57246660.00
2021/05/26,3.16,3.22,3.14,3.18,19004446,67213288.00
2021/05/27,3.18,3.19,3.14,3.16,17442355,61226548.00
2021/05/28,3.15,3.17,3.05,3.08,23421667,80957704.00
2021/05/31,3.07,3.12,3.04,3.10,13327901,45693864.00
2021/06/01,3.10,3.10,3.04,3.09,15516900,52882064.00
2021/06/02,3.07,3.10,3.04,3.07,13774511,47105392.00
2021/06/03,3.07,3.08,3.02,3.04,18882311,64059200.00
2021/06/04,3.04,3.04,2.99,3.02,10891211,36677864.00
2021/06/07,3.03,3.07,3.00,3.06,11826221,40111952.00
2021/06/08,3.05,3.06,3.01,3.03,11527537,38895352.00
2021/06/09,3.01,3.06,3.01,3.05,8924607,30200610.00
2021/06/10,3.07,3.13,3.06,3.09,15205774,52269596.00
2021/06/11,3.09,3.15,3.07,3.13,20397381,69741552.00
2021/06/15,3.12,3.16,3.10,3.11,21374151,73401568.00
2021/06/16,3.45,3.45,3.45,3.45,24891442,93342904.00
2021/06/17,3.82,3.83,3.71,3.83,70000622,288454304.00
2021/06/18,3.93,3.94,3.59,3.61,187719417,758920832.00
2021/06/21,3.49,4.00,3.48,4.00,150764223,609837504.00
2021/06/22,4.03,4.42,3.85,4.17,239460929,1056128320.00
2021/06/23,4.07,4.16,3.92,3.94,164535088,708398208.00
2021/06/24,3.90,3.95,3.71,3.73,130120937,535063808.00
2021/06/25,3.72,3.78,3.53,3.61,102394365,402244896.00
2021/06/28,3.63,3.68,3.56,3.57,64822014,253219008.00
2021/06/29,3.57,3.66,3.49,3.61,67476209,261710704.00
2021/06/30,3.58,3.59,3.46,3.51,57545085,218846976.00
2021/07/01,3.51,3.51,3.34,3.35,61073366,226460432.00
2021/07/02,3.30,3.42,3.30,3.37,42022077,153819088.00
2021/07/05,3.38,3.39,3.32,3.36,31098149,113259304.00
2021/07/06,3.35,3.50,3.34,3.49,56620559,212255328.00
2021/07/07,3.46,3.47,3.38,3.47,39837193,148478064.00
2021/07/08,3.49,3.58,3.47,3.49,49947908,190935936.00
2021/07/09,3.43,3.65,3.36,3.59,60912084,230080352.00
2021/07/12,3.59,3.66,3.55,3.61,53448434,209237680.00
2021/07/13,3.61,3.82,3.52,3.76,89693023,358192352.00
2021/07/14,3.78,3.81,3.66,3.66,57472901,230477968.00
2021/07/15,3.62,3.62,3.54,3.58,38316432,148505488.00
2021/07/16,3.60,3.73,3.56,3.60,44026330,173593664.00
2021/07/19,3.57,3.65,3.53,3.54,36782475,142692128.00
2021/07/20,3.52,3.59,3.49,3.53,27090184,103988664.00
2021/07/21,3.55,3.69,3.52,3.66,50267179,196526544.00
2021/07/22,3.67,3.72,3.63,3.69,46377501,184925696.00
2021/07/23,3.66,3.76,3.62,3.62,38925668,154507488.00
2021/07/26,3.61,3.69,3.45,3.57,42866917,166546608.00
2021/07/27,3.58,3.77,3.57,3.62,71669531,285866592.00
2021/07/28,3.59,3.60,3.33,3.35,58923641,219169120.00
2021/07/29,3.39,3.60,3.38,3.55,55061551,210707600.00
2021/07/30,3.61,3.81,3.55,3.78,88106821,354994272.00
2021/08/02,3.80,3.87,3.70,3.80,61567249,250743088.00
2021/08/03,3.80,3.82,3.69,3.70,45018766,181954016.00
2021/08/04,3.67,3.76,3.66,3.75,36302509,145763184.00
2021/08/05,3.72,3.73,3.65,3.68,28107062,111966152.00
2021/08/06,3.66,3.71,3.61,3.69,28614278,113286656.00
2021/08/09,3.68,3.71,3.60,3.64,30875500,121572376.00
2021/08/10,3.65,3.69,3.60,3.65,27127554,106919632.00
2021/08/11,3.66,3.81,3.61,3.79,62496407,252730576.00
2021/08/12,3.80,3.86,3.74,3.84,54132539,222277744.00
2021/08/13,3.83,4.05,3.79,3.99,77031895,328385984.00
2021/08/16,4.12,4.20,3.98,4.03,79059780,344525568.00
2021/08/17,4.02,4.07,3.82,3.86,65126351,274902432.00
2021/08/18,3.85,3.93,3.83,3.90,39345541,163860176.00
2021/08/19,3.92,4.06,3.83,4.02,55210277,235306432.00
2021/08/20,3.99,4.09,3.93,4.05,53079100,228828640.00
2021/08/23,4.09,4.13,4.00,4.05,50340567,218916528.00
2021/08/24,4.03,4.10,3.95,4.00,40968009,176427328.00
2021/08/25,3.98,4.43,3.98,4.43,82949861,376614048.00
2021/08/26,4.58,4.62,4.31,4.38,116385051,554171328.00
2021/08/27,4.45,4.52,4.32,4.46,62869165,296249344.00
2021/08/30,4.41,4.67,4.40,4.49,79432781,384273088.00
2021/08/31,4.50,4.62,4.40,4.56,70222247,337879936.00
2021/09/01,4.55,4.67,4.27,4.37,83642428,398017888.00
2021/09/02,4.34,4.84,4.33,4.84,72021023,364600064.00
2021/09/03,5.10,5.25,4.75,4.79,163298378,854334336.00
2021/09/06,4.88,5.02,4.71,4.83,94959033,488664448.00
2021/09/07,4.84,5.06,4.79,5.02,94888051,496409664.00
2021/09/08,5.32,5.55,5.09,5.12,208479650,1190789632.00
2021/09/09,4.95,4.97,4.74,4.80,159638968,818428096.00
2021/09/10,4.78,4.88,4.58,4.65,106797014,536534560.00
2021/09/13,4.66,4.74,4.59,4.72,61758637,307242592.00
2021/09/14,4.71,4.78,4.55,4.56,60368543,297723776.00
2021/09/15,4.55,4.93,4.53,4.90,110233068,562060032.00
2021/09/16,4.90,4.97,4.72,4.75,76536810,393525984.00
2021/09/17,4.74,5.13,4.72,5.02,122264200,649187520.00
2021/09/22,5.10,5.50,5.09,5.38,155122361,871858368.00
2021/09/23,5.46,5.82,5.25,5.39,167267025,966824704.00
2021/09/24,5.36,5.96,5.30,5.96,321772543,1974120960.00
2021/09/27,5.70,5.83,5.33,5.33,133931601,776026240.00
2021/09/28,4.91,5.57,4.77,5.54,215596229,1183150592.00
2021/09/29,5.31,5.60,5.10,5.31,145430831,816034368.00
2021/09/30,5.40,5.86,5.22,5.80,203177517,1199800576.00
2021/10/08,5.86,6.14,5.40,6.07,209922683,1274918400.00
2021/10/11,6.20,6.20,5.60,5.78,149960776,920774720.00
2021/10/12,5.63,5.88,5.30,5.84,131571169,772408448.00
2021/10/13,5.62,5.64,5.23,5.24,99526177,570235456.00
2021/10/14,5.14,5.20,4.73,4.96,92136584,487289600.00
2021/10/15,5.05,5.14,4.81,5.00,71646024,377844256.00
2021/10/18,5.05,5.27,5.00,5.16,68600223,375718880.00
2021/10/19,5.12,5.33,5.04,5.30,62948948,347710016.00
2021/10/20,5.09,5.40,5.05,5.25,68858202,383265568.00
2021/10/21,5.25,5.49,5.17,5.30,69398228,392150688.00
2021/10/22,5.32,5.34,4.88,4.96,79241762,423800192.00
2021/10/25,5.02,5.22,4.95,5.14,56956678,308469312.00
2021/10/26,5.15,5.49,5.12,5.29,73999680,418404192.00
2021/10/27,5.32,5.61,5.25,5.48,96264831,553007616.00
2021/10/28,5.46,5.56,5.20,5.27,78121840,441495008.00
2021/10/29,5.27,5.31,4.90,5.15,69053185,371015136.00
2021/11/01,5.25,5.70,5.16,5.70,120097477,704721664.00
2021/11/02,5.82,5.93,5.48,5.58,135250638,808156096.00
2021/11/03,5.56,5.60,5.16,5.30,99894329,559344448.00
2021/11/04,5.31,5.76,5.25,5.66,115054761,678631424.00
2021/11/05,5.68,5.71,5.29,5.31,106423031,607449408.00
2021/11/08,5.22,5.23,4.99,5.20,58923717,320121280.00
2021/11/09,5.35,5.58,5.20,5.25,65488557,370699200.00
2021/11/10,5.20,5.21,5.04,5.21,46300358,250865600.00
2021/11/11,5.20,5.22,5.01,5.08,46464434,250315824.00
2021/11/12,5.05,5.14,5.02,5.08,34121932,183751040.00
2021/11/15,5.12,5.13,4.88,4.96,40352714,212528416.00
2021/11/16,4.97,5.00,4.79,4.80,41805694,216430704.00
2021/11/17,4.79,4.95,4.78,4.93,32910713,170661248.00
2021/11/18,4.93,5.05,4.87,4.96,31255329,164868976.00
2021/11/19,4.98,4.99,4.86,4.94,24463478,127505832.00
2021/11/22,4.96,5.00,4.91,4.98,26161456,137904448.00
2021/11/23,5.00,5.03,4.89,4.90,27950549,146185728.00
2021/11/24,4.93,5.04,4.83,4.99,37499652,196420096.00
2021/11/25,5.04,5.14,4.95,4.97,30787340,164215984.00
2021/11/26,4.94,4.94,4.86,4.88,20456106,106317416.00
2021/11/29,4.70,4.95,4.70,4.91,25203681,130068920.00
2021/11/30,4.90,5.01,4.85,4.89,26137636,136718608.00
2021/12/01,4.88,5.00,4.84,4.99,28596703,149542928.00
2021/12/02,5.00,5.00,4.86,4.87,23853019,124282632.00
2021/12/03,4.89,5.06,4.85,5.02,44803129,236567104.00
2021/12/06,5.10,5.15,5.00,5.02,51507292,277701664.00
2021/12/07,5.04,5.17,4.88,5.13,55971381,299066816.00
2021/12/08,5.13,5.28,5.13,5.14,43064481,235987072.00
2021/12/09,5.10,5.18,5.03,5.16,39909175,215818336.00
2021/12/10,5.12,5.22,5.05,5.18,39535643,216426176.00
2021/12/13,5.40,5.60,5.22,5.26,79166799,446435904.00
2021/12/14,5.17,5.30,5.09,5.11,47169127,257793888.00
2021/12/15,5.09,5.31,5.06,5.19,56311913,309504128.00
2021/12/16,5.20,5.36,5.19,5.29,55028879,307647360.00
2021/12/17,5.29,5.45,5.25,5.34,67616351,384598592.00
2021/12/20,5.30,5.34,4.97,4.97,74151714,399181280.00
2021/12/21,5.00,5.02,4.89,4.99,35777722,187719808.00
2021/12/22,4.99,5.02,4.92,4.94,27419880,144080496.00
2021/12/23,4.91,5.22,4.87,5.13,73824930,399214656.00
2021/12/24,5.09,5.37,5.04,5.05,71756826,394507328.00
2021/12/27,5.02,5.28,4.97,5.07,51511050,279270176.00
2021/12/28,5.08,5.09,4.88,4.96,48184200,252048880.00
2021/12/29,4.96,4.96,4.85,4.91,31970041,165968176.00
2021/12/30,4.90,4.93,4.85,4.87,28583990,148423600.00
2021/12/31,4.89,4.95,4.86,4.86,37708900,196100192.00
2022/01/04,4.87,4.90,4.81,4.84,36303400,186384688.00
2022/01/05,4.81,4.83,4.56,4.62,55073757,274317568.00
2022/01/06,4.62,4.67,4.58,4.59,26927515,132622128.00
2022/01/07,4.60,4.61,4.40,4.42,49484551,236360512.00
2022/01/10,4.42,4.45,4.30,4.42,27516604,129108880.00
2022/01/11,4.45,4.52,4.44,4.48,26418731,126285096.00
2022/01/12,4.50,4.52,4.42,4.46,19763388,94033352.00
2022/01/13,4.46,4.49,4.40,4.44,16490740,78199416.00
2022/01/14,4.42,4.44,4.30,4.30,25740689,119841408.00
2022/01/17,4.28,4.39,4.22,4.34,23801744,109572136.00
2022/01/18,4.39,4.47,4.35,4.43,24684000,116510504.00
2022/01/19,4.42,4.43,4.28,4.34,18530000,86034216.00
2022/01/20,4.34,4.52,4.31,4.46,36668670,173806992.00
2022/01/21,4.44,4.48,4.36,4.39,22594493,106409968.00
2022/01/24,4.36,4.37,4.28,4.32,14774464,68227008.00
2022/01/25,4.29,4.33,4.01,4.02,27869189,124005904.00
2022/01/26,4.05,4.21,3.97,4.05,30017309,131564864.00
2022/01/27,4.06,4.13,3.99,3.99,22097609,96072240.00
2022/01/28,4.00,4.08,3.89,4.04,21612600,92883544.00
2022/02/07,4.28,4.45,4.22,4.41,53819491,250782224.00
2022/02/08,4.40,4.44,4.33,4.44,32328492,151750176.00
2022/02/09,4.46,4.47,4.37,4.43,24729878,116744192.00
2022/02/10,4.41,4.55,4.41,4.49,31510200,150367248.00
2022/02/11,4.47,4.48,4.37,4.39,25760260,121558832.00
2022/02/14,4.31,4.41,4.27,4.35,19912460,92803136.00
2022/02/15,4.35,4.41,4.34,4.41,15014964,70244080.00
2022/02/16,4.46,4.50,4.43,4.49,18750989,89573976.00
2022/02/17,4.48,4.53,4.44,4.51,21189558,101568576.00
2022/02/18,4.48,4.58,4.45,4.56,20125300,97537120.00
2022/02/21,4.60,4.66,4.52,4.60,23547564,115179384.00
2022/02/22,4.52,4.59,4.48,4.52,22405078,108064040.00
2022/02/23,4.59,4.67,4.55,4.62,22452158,110106592.00
2022/02/24,4.61,4.75,4.48,4.56,40880900,200967888.00
2022/02/25,4.60,4.68,4.51,4.65,35443700,173330512.00
2022/02/28,4.59,4.70,4.55,4.69,37908629,187598128.00
2022/03/01,4.69,4.74,4.66,4.72,24797300,123880400.00
2022/03/02,4.70,4.71,4.62,4.66,20016600,99343616.00
2022/03/03,4.69,4.75,4.64,4.66,22010900,109658216.00
2022/03/04,4.68,4.68,4.54,4.55,24831900,121258896.00
2022/03/07,4.51,4.59,4.41,4.45,24646100,118006024.00
2022/03/08,4.44,4.45,4.15,4.20,31278829,143573936.00
2022/03/09,4.22,4.36,4.06,4.29,35583961,161452656.00
2022/03/10,4.38,4.50,4.31,4.41,30342838,142920544.00
2022/03/11,4.36,4.38,4.22,4.35,26346459,121304992.00
2022/03/14,4.31,4.39,4.21,4.21,24957100,114899408.00
2022/03/15,4.28,4.28,3.90,3.92,38585291,168786528.00
2022/03/16,3.99,4.08,3.81,4.07,29740304,126883928.00
2022/03/17,4.10,4.13,4.05,4.06,27193689,119262840.00
2022/03/18,4.03,4.16,4.00,4.15,21108581,93239504.00
2022/03/21,4.14,4.18,4.07,4.15,22071641,97726776.00
2022/03/22,4.12,4.18,4.10,4.14,15783995,69949440.00
2022/03/23,4.23,4.25,4.14,4.19,26122251,117433728.00
2022/03/24,4.13,4.15,4.07,4.08,18954300,83409256.00
2022/03/25,4.08,4.10,4.00,4.01,15183890,66000988.00
2022/03/28,3.97,4.03,3.88,3.96,19498919,83082584.00
2022/03/29,4.00,4.00,3.88,3.88,14758646,62258612.00
2022/03/30,3.94,3.95,3.88,3.93,14126450,59569824.00
2022/03/31,3.93,3.93,3.86,3.87,15230600,63721268.00
2022/04/01,3.84,3.91,3.82,3.90,16892391,70296824.00
2022/04/06,3.87,3.94,3.84,3.91,17906230,75119776.00
2022/04/07,3.88,3.94,3.81,3.81,18013248,74924672.00
2022/04/08,3.81,3.85,3.73,3.77,17416800,70992232.00
2022/04/11,3.74,3.75,3.62,3.64,19129487,76144440.00
2022/04/12,3.62,3.75,3.53,3.74,20994755,82331384.00
2022/04/13,3.70,3.72,3.62,3.63,11814251,46749168.00
2022/04/14,3.66,3.68,3.58,3.62,14271200,56128100.00
2022/04/15,3.61,3.66,3.54,3.58,20011712,77963776.00
2022/04/18,3.57,3.63,3.48,3.62,19743171,76299168.00
2022/04/19,3.63,3.72,3.63,3.68,13339299,53087864.00
2022/04/20,3.68,3.74,3.65,3.67,13266235,52863584.00
2022/04/21,3.66,3.66,3.47,3.48,18654900,71906888.00
2022/04/22,3.45,3.58,3.43,3.57,19371171,73558768.00
2022/04/25,3.50,3.51,3.24,3.24,28703000,105355824.00
2022/04/26,3.24,3.37,3.19,3.21,23358390,83202032.00
2022/04/27,3.14,3.33,3.07,3.31,34372658,119974000.00
2022/04/28,3.37,3.38,3.21,3.23,28897387,103293376.00
2022/04/29,3.27,3.34,3.22,3.31,33071600,118595280.00
2022/05/05,3.31,3.56,3.28,3.49,38818155,145594592.00
2022/05/06,3.38,3.46,3.34,3.41,27161400,100454408.00
2022/05/09,3.38,3.52,3.37,3.49,30100179,113502752.00
2022/05/10,3.45,3.64,3.43,3.61,28769601,111240872.00
2022/05/11,3.62,3.66,3.57,3.61,31483606,123288784.00
2022/05/12,3.55,3.73,3.55,3.67,27748100,109545424.00
2022/05/13,3.69,3.72,3.66,3.70,19785955,78940672.00
2022/05/16,3.70,3.72,3.66,3.69,17317854,69078912.00
2022/05/17,3.67,3.70,3.62,3.67,14454450,57232216.00
2022/05/18,3.67,3.71,3.65,3.67,12746500,50727672.00
2022/05/19,3.63,3.75,3.62,3.75,19721411,78871344.00
2022/05/20,3.75,3.80,3.72,3.77,14518400,58937756.00
2022/05/23,3.76,3.77,3.72,3.77,12360172,50028164.00
2022/05/24,3.78,3.79,3.65,3.66,18793600,75427328.00
2022/05/25,3.62,3.80,3.62,3.79,19223142,77836880.00
2022/05/26,3.83,3.84,3.75,3.78,13090100,53507840.00
2022/05/27,3.81,3.81,3.74,3.76,11917880,48510200.00
2022/05/30,3.76,3.82,3.74,3.81,11560432,47202432.00
2022/05/31,3.85,3.98,3.84,3.86,17505140,73165536.00
2022/06/01,3.85,3.92,3.84,3.91,16978160,70984064.00
2022/06/02,3.94,3.95,3.87,3.94,13611190,57523576.00
2022/06/06,3.94,3.97,3.88,3.94,22218492,93743000.00
2022/06/07,3.99,4.02,3.91,3.92,17009492,70534112.00
2022/06/08,3.91,3.97,3.88,3.93,15981580,65944208.00
2022/06/09,3.94,3.97,3.88,3.91,14592480,60087384.00
2022/06/10,3.87,4.01,3.83,3.98,22424539,93274688.00
2022/06/13,3.94,3.98,3.88,3.93,22334790,92036512.00
2022/06/14,3.89,3.94,3.78,3.94,16365500,66577436.00
2022/06/15,3.94,3.96,3.88,3.90,16852300,69493432.00
2022/06/16,3.90,3.94,3.86,3.87,11149266,45581096.00
2022/06/17,3.86,3.91,3.82,3.88,12237200,49816216.00
2022/06/20,3.89,4.08,3.85,4.04,39571247,166902608.00
2022/06/21,4.07,4.09,3.95,3.99,22400436,94037664.00
2022/06/22,3.99,3.99,3.89,3.90,13261800,54941320.00
2022/06/23,3.90,3.96,3.86,3.94,13668690,56223612.00
2022/06/24,3.96,4.03,3.94,3.98,17310900,72594432.00
2022/06/27,4.02,4.03,3.94,3.96,14967980,62405148.00
2022/06/28,3.96,4.04,3.95,4.03,19479500,81891720.00
2022/06/29,4.03,4.06,3.89,3.90,21921960,91291744.00
2022/06/30,3.91,3.97,3.88,3.90,12701806,52303224.00
2022/07/01,3.90,4.01,3.90,3.93,14919863,62156052.00
2022/07/04,3.94,4.12,3.90,4.05,33765289,142561920.00
2022/07/05,4.05,4.16,4.02,4.15,41925441,180475856.00
2022/07/06,4.11,4.19,4.02,4.08,26963200,115832256.00
2022/07/07,4.10,4.32,4.05,4.30,51998973,229884928.00
2022/07/08,4.29,4.29,4.15,4.17,40623953,178794768.00
2022/07/11,4.18,4.27,4.15,4.21,30875642,136224848.00
2022/07/12,4.21,4.34,4.16,4.21,35522089,158481856.00
2022/07/13,4.21,4.36,4.18,4.36,38858479,174770976.00
2022/07/14,4.34,4.34,4.24,4.29,32724878,146511744.00
2022/07/15,4.26,4.30,4.21,4.21,24845141,110435736.00
2022/07/18,4.24,4.48,4.24,4.45,43176807,197833472.00
2022/07/19,4.45,4.48,4.34,4.38,30329590,139028832.00
2022/07/20,4.39,4.44,4.34,4.43,23663972,108336432.00
2022/07/21,4.39,4.40,4.32,4.32,21876226,99686336.00
2022/07/22,4.31,4.43,4.27,4.34,23275979,105923248.00
2022/07/25,4.36,4.36,4.15,4.17,23717886,104804544.00
2022/07/26,4.17,4.19,4.09,4.17,17850086,77703488.00
2022/07/27,4.21,4.21,4.11,4.16,14516532,63275756.00
2022/07/28,4.18,4.30,4.17,4.20,19114100,84638192.00
2022/07/29,4.23,4.64,4.19,4.52,128285972,610608064.00
2022/08/01,4.41,4.43,4.28,4.37,79791810,361896224.00
2022/08/02,4.31,4.32,4.05,4.07,56767285,245750608.00
2022/08/03,4.06,4.19,3.95,3.98,38166409,163532480.00
2022/08/04,4.01,4.19,3.98,4.12,32315778,138473680.00
2022/08/05,4.13,4.14,4.03,4.09,21157362,90318920.00
2022/08/08,4.08,4.13,4.02,4.12,17276840,73997848.00
2022/08/09,4.12,4.17,4.07,4.08,23111012,99638176.00
2022/08/10,4.09,4.12,4.02,4.11,21813254,93181696.00
2022/08/11,4.10,4.18,4.10,4.18,23739412,103421648.00
2022/08/12,4.16,4.35,4.14,4.28,37394292,167524288.00
2022/08/15,4.30,4.49,4.26,4.45,45066579,206775856.00
2022/08/16,4.52,4.68,4.48,4.56,62417272,297576960.00
2022/08/17,4.57,4.68,4.53,4.61,45211889,217461936.00
2022/08/18,4.61,4.66,4.48,4.50,38845581,184693728.00
2022/08/19,4.53,4.63,4.42,4.58,39243724,186240112.00
2022/08/22,4.58,4.67,4.48,4.53,28908100,136878288.00
2022/08/23,4.48,4.60,4.45,4.54,29145699,138201856.00
2022/08/24,4.50,4.54,4.33,4.33,37905300,174489984.00
2022/08/25,4.39,4.45,4.28,4.37,25050662,113964416.00
2022/08/26,4.37,4.48,4.33,4.36,21781891,100322832.00
2022/08/29,4.26,4.39,4.25,4.37,18840800,85465680.00
2022/08/30,4.41,4.45,4.19,4.25,25944200,115966208.00
2022/08/31,4.24,4.25,4.02,4.06,29075600,125169120.00
2022/09/01,4.04,4.08,3.97,3.98,20647600,87167104.00
2022/09/02,3.97,4.07,3.96,3.99,17599046,73874520.00
2022/09/05,3.99,4.07,3.96,4.04,17460500,73712024.00
2022/09/06,4.05,4.22,4.03,4.19,31146000,135158288.00
2022/09/07,4.17,4.34,4.15,4.32,27732099,123987864.00
2022/09/08,4.35,4.42,4.27,4.34,24022300,109312736.00
2022/09/09,4.35,4.35,4.23,4.25,15675600,70017240.00
2022/09/13,4.31,4.32,4.12,4.16,16521400,72318328.00
2022/09/14,4.09,4.13,4.01,4.02,18500100,78534984.00
2022/09/15,4.04,4.08,3.80,3.86,34565395,141891056.00
2022/09/16,3.85,3.86,3.67,3.68,22449354,88565072.00
2022/09/19,3.66,3.67,3.58,3.61,16252395,62034012.00
2022/09/20,3.65,3.70,3.64,3.69,11718700,45412352.00
2022/09/21,3.69,3.77,3.62,3.75,12303913,48158280.00
2022/09/22,3.73,3.78,3.70,3.75,8685169,34300028.00
2022/09/23,3.75,3.77,3.65,3.68,11216190,43794332.00
2022/09/26,3.65,3.69,3.60,3.61,8480400,32574804.00
2022/09/27,3.60,3.68,3.60,3.67,9822684,37619972.00
2022/09/28,3.70,3.70,3.49,3.50,14138677,53222452.00
2022/09/29,3.55,3.57,3.50,3.52,11354400,42376072.00
2022/09/30,3.50,3.56,3.50,3.52,8703300,32425384.00
2022/10/10,3.60,3.60,3.49,3.52,13059029,48599364.00
2022/10/11,3.51,3.64,3.48,3.63,14075400,53372624.00
2022/10/12,3.64,3.75,3.59,3.74,14968700,57769504.00
2022/10/13,3.74,3.82,3.71,3.77,12952700,51391288.00
2022/10/14,3.78,3.82,3.77,3.80,12362739,49405872.00
2022/10/17,3.77,3.81,3.73,3.80,11128663,44274648.00
2022/10/18,3.80,3.82,3.77,3.78,9486097,37869312.00
2022/10/19,3.77,3.81,3.73,3.74,10672300,42360284.00
2022/10/20,3.73,3.78,3.68,3.72,11079483,43459692.00
2022/10/21,3.76,3.80,3.73,3.75,10870600,43216608.00
2022/10/24,3.77,3.82,3.71,3.74,16647281,66007316.00
2022/10/25,3.73,3.79,3.70,3.77,12312600,48632984.00
2022/10/26,3.80,3.83,3.77,3.80,13195939,52783188.00
2022/10/27,3.81,3.81,3.73,3.74,11165072,44329024.00
2022/10/28,3.72,3.73,3.55,3.58,15285445,58537908.00
2022/10/31,3.53,3.67,3.53,3.64,11458508,43739740.00
2022/11/01,3.63,3.71,3.63,3.70,10235660,39753424.00
2022/11/02,3.70,3.72,3.68,3.71,10736434,41854228.00
2022/11/03,3.69,3.75,3.68,3.74,8783721,34433100.00
2022/11/04,3.73,3.80,3.73,3.79,11244739,44721868.00
2022/11/07,3.79,3.83,3.78,3.82,10956452,43922672.00
2022/11/08,3.82,3.82,3.75,3.78,8530067,33884416.00
2022/11/09,3.78,3.78,3.74,3.75,6996436,27677452.00
2022/11/10,3.75,3.76,3.71,3.72,6965662,27398964.00
2022/11/11,3.78,3.83,3.73,3.75,12687600,50294688.00
2022/11/14,3.78,3.79,3.71,3.72,12299789,48569752.00
2022/11/15,3.71,3.77,3.70,3.76,13721221,54064300.00
2022/11/16,3.77,3.85,3.76,3.78,20542099,82235216.00
2022/11/17,3.78,3.80,3.74,3.79,10358517,41055172.00
2022/11/18,3.81,3.82,3.78,3.78,12984948,51914356.00
2022/11/21,3.78,3.91,3.73,3.91,26876039,109464784.00
2022/11/22,3.89,3.90,3.81,3.84,23272599,94279384.00
2022/11/23,3.85,3.88,3.80,3.88,14476056,58670576.00
2022/11/24,3.88,3.90,3.86,3.87,10061818,41017364.00
2022/11/25,3.86,3.86,3.83,3.83,6413314,25952282.00
2022/11/28,3.81,3.89,3.78,3.88,14544305,58884220.00
2022/11/29,3.87,3.90,3.85,3.90,13381401,54633168.00
2022/11/30,3.91,3.93,3.88,3.90,10264100,42164024.00
2022/12/01,3.93,3.94,3.89,3.90,10076100,41385828.00
2022/12/02,3.90,3.93,3.88,3.92,12376404,50889592.00
2022/12/05,3.93,3.95,3.91,3.93,10923247,45106880.00
2022/12/06,3.91,3.94,3.87,3.88,11186849,45829312.00
2022/12/07,3.88,3.90,3.85,3.85,7018500,28523298.00
2022/12/08,3.85,3.87,3.83,3.85,6324608,25617472.00
2022/12/09,3.83,3.87,3.80,3.81,10811556,43450508.00
2022/12/12,3.81,3.81,3.70,3.71,15003903,59062872.00
2022/12/13,3.73,3.73,3.69,3.70,8722152,34092772.00
2022/12/14,3.69,3.71,3.67,3.68,7090926,27583056.00
2022/12/15,3.69,3.69,3.65,3.68,5979408,23150188.00
2022/12/16,3.67,3.70,3.65,3.65,8239143,31840276.00
2022/12/19,3.65,3.66,3.55,3.57,10390692,39475632.00
2022/12/20,3.57,3.63,3.54,3.61,6849231,26024172.00
2022/12/21,3.60,3.62,3.55,3.57,6058700,22879268.00
2022/12/22,3.57,3.58,3.46,3.47,8084400,30048076.00
2022/12/23,3.46,3.53,3.45,3.50,7250400,26774862.00
2022/12/26,3.50,3.55,3.48,3.54,7140062,26569126.00
2022/12/27,3.54,3.56,3.52,3.54,5822846,21787716.00
2022/12/28,3.54,3.71,3.52,3.60,15848103,60601176.00
2022/12/29,3.57,3.59,3.53,3.55,7815988,29343620.00
2022/12/30,3.55,3.59,3.54,3.57,5791300,21812360.00
2023/01/03,3.59,3.64,3.55,3.63,8779100,33469498.00
2023/01/04,3.65,3.65,3.60,3.62,6276878,23995806.00
2023/01/05,3.63,3.65,3.60,3.63,7836700,29997664.00
2023/01/06,3.62,3.69,3.62,3.67,11976178,46296828.00
2023/01/09,3.67,3.72,3.65,3.67,9496480,36885872.00
2023/01/10,3.66,3.67,3.60,3.61,8805390,33674712.00
2023/01/11,3.63,3.63,3.56,3.57,6821700,25916094.00
2023/01/12,3.58,3.61,3.56,3.57,6035380,22817776.00
2023/01/13,3.57,3.59,3.55,3.59,5676100,21395244.00
2023/01/16,3.58,3.66,3.57,3.65,13269380,50761712.00
2023/01/17,3.67,3.67,3.62,3.65,6581563,25284652.00
2023/01/18,3.66,3.66,3.63,3.65,5084800,19566548.00
2023/01/19,3.65,3.67,3.63,3.66,5924539,22803230.00
2023/01/20,3.67,3.70,3.65,3.69,9544457,37065228.00
2023/01/30,3.73,3.75,3.70,3.71,10416455,40820292.00
2023/01/31,3.71,3.74,3.70,3.73,11607871,45513496.00
2023/02/01,3.72,3.77,3.71,3.76,11308028,44562024.00
2023/02/02,3.78,3.78,3.73,3.74,9809340,38763436.00
2023/02/03,3.74,3.75,3.69,3.73,11405300,44608060.00
2023/02/06,3.73,3.77,3.70,3.75,11081765,43683616.00
2023/02/07,3.76,3.78,3.73,3.77,9872414,39044956.00
2023/02/08,3.78,3.78,3.73,3.74,7967100,31534324.00
2023/02/09,3.73,3.79,3.72,3.78,10188400,40376896.00
2023/02/10,3.77,3.82,3.75,3.80,12875702,51317736.00
2023/02/13,3.80,3.91,3.79,3.87,24441500,98870384.00
2023/02/14,3.87,3.92,3.84,3.89,23503538,96141496.00
2023/02/15,3.90,3.98,3.89,3.94,25066807,103438352.00
2023/02/16,3.94,3.94,3.77,3.80,27971232,113473392.00
2023/02/17,3.82,3.85,3.80,3.83,12829943,51633856.00
2023/02/20,3.85,3.85,3.77,3.79,24393800,97620152.00
2023/02/21,3.78,3.81,3.77,3.80,15704763,62647736.00
2023/02/22,3.80,3.80,3.76,3.78,10398900,41399480.00
2023/02/23,3.79,3.80,3.77,3.77,8114528,32301296.00
2023/02/24,3.78,3.80,3.76,3.78,8750380,34803400.00
2023/02/27,3.79,3.79,3.72,3.74,9428600,37233616.00
2023/02/28,3.76,3.76,3.73,3.76,6394580,25222784.00
2023/03/01,3.76,3.90,3.75,3.88,28144714,113820760.00
2023/03/02,3.89,4.01,3.86,3.99,41192294,171540592.00
2023/03/03,4.08,4.41,4.08,4.25,127314756,573843712.00
2023/03/06,4.32,4.43,4.23,4.40,105265287,477380192.00
2023/03/07,4.41,4.42,4.31,4.33,53414711,244184832.00
2023/03/08,4.36,4.49,4.32,4.35,36874639,169276880.00
2023/03/09,4.40,4.45,4.27,4.29,34968375,158358048.00
2023/03/10,4.28,4.34,4.23,4.25,27674931,123862648.00
2023/03/13,4.25,4.28,4.20,4.25,26828746,119200168.00
2023/03/14,4.24,4.36,4.22,4.26,26470578,118762632.00
2023/03/15,4.29,4.37,4.27,4.36,24748931,112488752.00
2023/03/16,4.35,4.35,4.19,4.22,28737146,127906352.00
2023/03/17,4.25,4.26,4.14,4.16,20171034,88440800.00
2023/03/20,4.17,4.18,4.06,4.09,21823311,94071424.00
2023/03/21,4.10,4.12,4.02,4.06,16800800,71502552.00
2023/03/22,4.08,4.22,4.07,4.11,26724113,116074424.00
2023/03/23,4.12,4.13,4.06,4.07,16940078,72424376.00
2023/03/24,4.06,4.10,4.05,4.07,11847796,50568592.00
2023/03/27,4.07,4.09,4.00,4.02,15644500,65992008.00
2023/03/28,4.03,4.07,4.01,4.01,9951500,42189888.00
2023/03/29,4.05,4.06,3.98,4.03,12801378,54142452.00
2023/03/30,4.05,4.23,4.03,4.20,29659049,128880848.00
2023/03/31,4.21,4.21,4.08,4.12,23408795,101101120.00
2023/04/03,4.10,4.40,4.02,4.33,46078571,206523408.00
2023/04/04,4.31,4.43,4.29,4.36,31326298,142616720.00
2023/04/06,4.35,4.35,4.26,4.31,14093500,63297084.00
2023/04/07,4.31,4.33,4.28,4.32,12131887,54660424.00
2023/04/10,4.26,4.65,4.20,4.58,53841462,254130128.00
2023/04/11,4.55,4.58,4.48,4.53,27333734,129278288.00
2023/04/12,4.54,4.61,4.50,4.55,22888605,108870928.00
2023/04/13,4.58,4.73,4.57,4.61,36829371,178383056.00
2023/04/14,4.58,4.67,4.54,4.60,21794499,104572328.00
2023/04/17,4.62,4.68,4.59,4.61,18198795,87695392.00
2023/04/18,4.61,4.64,4.51,4.54,23633927,112181544.00
2023/04/19,4.55,4.56,4.40,4.45,31708751,147644416.00
2023/04/20,4.45,4.49,4.39,4.47,18318600,85074576.00
2023/04/21,4.48,4.51,4.40,4.41,14127664,65603616.00
2023/04/24,4.45,4.60,4.43,4.53,27296606,128971856.00
2023/04/25,4.66,4.70,4.48,4.59,49095900,234147456.00
2023/04/26,4.57,4.67,4.53,4.62,30701001,147380928.00
2023/04/27,4.59,4.68,4.53,4.58,24507226,117336744.00
2023/04/28,4.61,4.64,4.56,4.60,26897600,129304584.00
2023/05/04,4.62,4.85,4.58,4.74,54859136,272407808.00
2023/05/05,4.73,4.78,4.56,4.59,28867599,139170272.00
2023/05/08,4.62,4.72,4.55,4.57,29813600,144019120.00
2023/05/09,4.54,4.57,4.42,4.45,25538541,119865464.00
2023/05/10,4.46,4.54,4.46,4.49,15985195,75146144.00
2023/05/11,4.45,4.60,4.45,4.51,15483500,73286280.00
2023/05/12,4.51,4.65,4.49,4.53,21482008,102313856.00
2023/05/15,4.55,4.59,4.45,4.53,19744623,93186896.00
2023/05/16,4.55,4.59,4.48,4.52,19327403,91560864.00
2023/05/17,4.50,4.64,4.48,4.61,26381823,126206008.00
2023/05/18,4.62,4.64,4.56,4.58,15157798,72563512.00
2023/05/19,4.59,4.59,4.52,4.56,16597207,78999128.00
2023/05/22,4.55,4.66,4.53,4.64,23503369,113514816.00
2023/05/23,4.63,4.65,4.54,4.55,19987111,95587904.00
2023/05/24,4.53,4.62,4.51,4.56,18124054,86552672.00
2023/05/25,4.55,4.62,4.54,4.58,19432530,92960088.00
2023/05/26,4.62,4.64,4.55,4.58,15179691,71496624.00
2023/05/29,4.59,4.72,4.56,4.69,31066821,149196320.00
2023/05/30,4.70,4.72,4.58,4.63,21916141,104162976.00
2023/05/31,4.61,4.62,4.51,4.56,19748822,92338976.00
2023/06/01,4.57,4.57,4.45,4.48,18028770,83330752.00
2023/06/02,4.53,4.55,4.45,4.46,18900683,87031824.00
2023/06/05,4.50,4.50,4.36,4.39,21535700,97574608.00
2023/06/06,4.38,4.41,4.22,4.24,21671900,95627088.00
2023/06/07,4.25,4.25,4.16,4.20,15819600,68480688.00
2023/06/08,4.17,4.25,4.17,4.21,12872530,55745732.00
2023/06/09,4.20,4.32,4.18,4.27,13913480,60989880.00
2023/06/12,4.26,4.27,4.10,4.11,27889200,119238136.00
2023/06/13,4.12,4.15,4.09,4.10,14635500,61945004.00
2023/06/14,4.08,4.12,4.05,4.08,13992803,58621952.00
2023/06/15,4.08,4.19,4.05,4.18,24107134,102488264.00
2023/06/16,4.16,4.30,4.16,4.23,21947680,95449896.00
2023/06/19,4.21,4.29,4.14,4.26,19825700,85851120.00
2023/06/20,4.27,4.34,4.21,4.28,21358578,93837584.00
2023/06/21,4.26,4.34,4.26,4.27,20289375,89800376.00
2023/06/26,4.27,4.40,4.25,4.37,42152600,188486944.00
2023/06/27,4.38,4.40,4.29,4.35,27160500,121213672.00
2023/06/28,4.38,4.41,4.33,4.40,29300300,131931360.00
2023/06/29,4.40,4.44,4.33,4.40,26444845,119728080.00
2023/06/30,4.40,4.49,4.38,4.43,25355528,115196368.00
2023/07/03,4.46,4.47,4.42,4.45,20138543,92022344.00
2023/07/04,4.43,4.45,4.36,4.40,18362260,82940336.00
2023/07/05,4.40,4.44,4.36,4.40,15582603,70419856.00
2023/07/06,4.38,4.43,4.34,4.35,14915930,66976484.00
2023/07/07,4.33,4.40,4.32,4.34,12302500,55045772.00
2023/07/10,4.36,4.41,4.35,4.39,14565199,65541264.00
2023/07/11,4.41,4.42,4.32,4.34,12480800,55737932.00
2023/07/12,4.33,4.34,4.25,4.29,15127918,66572424.00
2023/07/13,4.31,4.35,4.28,4.31,10998700,48735536.00
2023/07/14,4.31,4.31,4.21,4.23,16830600,73341904.00
2023/07/17,4.29,4.49,4.29,4.36,47355623,213829408.00
2023/07/18,4.34,4.37,4.21,4.31,30796700,135414432.00
2023/07/19,4.29,4.33,4.22,4.25,20439900,89629256.00
2023/07/20,4.25,4.26,4.16,4.18,21111200,91385328.00
2023/07/21,4.19,4.20,4.11,4.15,16298500,69563120.00
2023/07/24,4.14,4.15,4.09,4.11,23338400,98775936.00
2023/07/25,4.14,4.18,4.11,4.18,26496037,113012464.00
2023/07/26,4.16,4.19,4.13,4.16,13978790,59852080.00
2023/07/27,4.17,4.20,4.07,4.08,27880904,118529912.00
2023/07/28,4.08,4.16,4.06,4.15,24191704,102680856.00
2023/07/31,4.16,4.20,4.15,4.19,20602935,88595224.00
2023/08/01,4.17,4.24,4.16,4.22,21103901,91322456.00
2023/08/02,4.23,4.23,4.18,4.21,14031500,60595712.00
2023/08/03,4.20,4.26,4.18,4.25,19240293,83756968.00
2023/08/04,4.26,4.31,4.24,4.27,20977080,92381856.00
2023/08/07,4.27,4.31,4.26,4.28,15345703,67544216.00
2023/08/08,4.29,4.31,4.23,4.28,17040700,74804976.00
2023/08/09,4.28,4.28,4.19,4.21,12450700,54079572.00
2023/08/10,4.21,4.25,4.19,4.22,9400700,40754260.00
2023/08/11,4.21,4.22,4.09,4.09,16550300,70537576.00
2023/08/14,4.09,4.10,4.02,4.07,16905527,70509296.00
2023/08/15,4.24,4.29,4.06,4.11,72145159,308353600.00
2023/08/16,4.11,4.11,3.95,3.96,43876784,180566896.00
2023/08/17,3.94,4.00,3.88,3.98,27595738,111795864.00
2023/08/18,3.98,4.08,3.96,4.00,32258582,133815504.00
2023/08/21,3.98,4.05,3.97,3.98,18445564,75997248.00
2023/08/22,3.98,4.03,3.92,3.98,19169704,78316120.00
2023/08/23,3.96,3.98,3.91,3.92,17549400,71402624.00
2023/08/24,3.91,3.95,3.86,3.90,21185600,85076088.00
2023/08/25,3.88,4.00,3.86,3.93,23462037,95374352.00
2023/08/28,4.10,4.12,3.92,3.94,38190575,158514784.00
2023/08/29,3.93,4.01,3.90,3.98,29024264,118451344.00
2023/08/30,3.98,4.03,3.91,3.92,23675100,96524440.00
2023/08/31,3.91,3.94,3.86,3.88,22548063,90381152.00
2023/09/01,3.88,3.90,3.86,3.88,17361623,69337360.00
2023/09/04,3.88,3.93,3.83,3.93,27036926,108355912.00
2023/09/05,3.91,3.98,3.89,3.97,26799955,109100392.00
2023/09/06,3.96,3.97,3.93,3.95,16359200,66539616.00
2023/09/07,3.95,3.95,3.84,3.85,22163700,88753008.00
2023/09/08,3.84,3.88,3.81,3.86,19651600,77921152.00
2023/09/11,3.87,3.92,3.84,3.92,29921824,119990048.00
2023/09/12,3.92,3.94,3.87,3.88,15906400,64047784.00
2023/09/13,3.87,3.90,3.82,3.85,17652100,70106512.00
2023/09/14,3.85,3.88,3.82,3.84,15286600,60516976.00
2023/09/15,3.85,3.86,3.80,3.81,20279080,79909640.00
2023/09/18,3.79,3.80,3.76,3.79,18878324,73617888.00
2023/09/19,3.80,3.81,3.77,3.79,14004457,54724048.00
2023/09/20,3.79,3.80,3.74,3.75,14699200,57123580.00
2023/09/21,3.72,3.76,3.68,3.69,17681500,67739080.00
2023/09/22,3.68,3.76,3.66,3.74,18704200,71675424.00
2023/09/25,3.75,3.77,3.71,3.74,14599267,56373568.00
2023/09/26,3.72,3.74,3.69,3.69,11296800,43222916.00
2023/09/27,3.68,3.74,3.66,3.70,18453400,70617760.00
2023/09/28,3.70,3.77,3.70,3.76,15139779,58529080.00
2023/10/09,3.76,3.76,3.71,3.75,12976400,49966856.00
2023/10/10,3.75,3.76,3.69,3.70,14387100,55198368.00
2023/10/11,3.71,3.72,3.66,3.67,20099200,76514816.00
2023/10/12,3.69,3.74,3.68,3.73,17545101,67295384.00
2023/10/13,3.73,3.73,3.67,3.68,16560780,63064468.00
2023/10/16,3.67,3.69,3.61,3.63,18131500,68149728.00
2023/10/17,3.64,3.68,3.61,3.64,11918163,44829440.00
2023/10/18,3.64,3.64,3.57,3.57,16772147,62362756.00
2023/10/19,3.56,3.59,3.52,3.53,14109009,51814676.00
2023/10/20,3.50,3.63,3.49,3.54,18513800,68249928.00
2023/10/23,3.54,3.55,3.43,3.44,16495800,59443860.00
2023/10/24,3.44,3.50,3.36,3.47,29536728,105388520.00
2023/10/25,3.50,3.54,3.49,3.50,23783828,86495184.00
2023/10/26,3.48,3.57,3.46,3.57,22488828,81766800.00
2023/10/27,3.55,3.61,3.53,3.60,22109300,81832672.00
2023/10/30,3.57,3.61,3.54,3.57,28337400,104629984.00
2023/10/31,3.58,3.58,3.46,3.48,27727018,100305760.00
2023/11/01,3.49,3.50,3.43,3.45,24655964,88044944.00
2023/11/02,3.45,3.46,3.39,3.39,20477800,72388904.00
2023/11/03,3.39,3.48,3.38,3.45,29482212,105161736.00
2023/11/06,3.47,3.53,3.46,3.49,24598900,88791120.00
2023/11/07,3.49,3.51,3.45,3.49,20632720,74233200.00
2023/11/08,3.49,3.50,3.45,3.47,17718700,63684456.00
2023/11/09,3.46,3.53,3.45,3.51,24381036,88369952.00
2023/11/10,3.51,3.51,3.43,3.50,22222392,79673744.00
2023/11/13,3.50,3.54,3.47,3.53,20746563,75273008.00
2023/11/14,3.53,3.56,3.49,3.50,24605263,89734400.00
2023/11/15,3.53,3.54,3.50,3.54,23057128,84037272.00
2023/11/16,3.53,3.54,3.50,3.50,16903100,61410800.00
2023/11/17,3.50,3.52,3.47,3.51,20394800,73699328.00
2023/11/20,3.52,3.52,3.49,3.52,16739001,60769140.00
2023/11/21,3.53,3.55,3.50,3.51,21944061,79998648.00
2023/11/22,3.50,3.51,3.45,3.45,20766721,74740552.00
2023/11/23,3.44,3.48,3.44,3.47,11929400,42696720.00
2023/11/24,3.47,3.47,3.41,3.42,17413800,61952852.00
2023/11/27,3.42,3.44,3.39,3.41,15609363,55138744.00
2023/11/28,3.40,3.45,3.39,3.45,15785437,55864148.00
2023/11/29,3.44,3.45,3.39,3.39,14158945,49975300.00
2023/11/30,3.40,3.41,3.35,3.37,17198400,60158176.00
2023/12/01,3.37,3.40,3.35,3.39,13062100,45735160.00
2023/12/04,3.39,3.40,3.36,3.37,16527500,57844488.00
2023/12/05,3.37,3.38,3.31,3.31,19022461,66014588.00
2023/12/06,3.32,3.34,3.30,3.32,12529702,43122800.00
2023/12/07,3.33,3.34,3.29,3.33,15378049,52779272.00
2023/12/08,3.33,3.40,3.32,3.37,25478349,89068104.00
2023/12/11,3.36,3.43,3.31,3.43,28396716,99056376.00
2023/12/12,3.42,3.45,3.40,3.44,20641200,73298264.00
2023/12/13,3.43,3.46,3.42,3.42,14358900,51077800.00
2023/12/14,3.43,3.45,3.41,3.43,15198700,53996812.00
2023/12/15,3.43,3.45,3.41,3.42,14414300,51199640.00
2023/12/18,3.42,3.45,3.36,3.37,17428207,61313016.00
2023/12/19,3.36,3.37,3.31,3.33,14487700,50100512.00
2023/12/20,3.34,3.38,3.32,3.33,13141300,45651088.00
2023/12/21,3.31,3.38,3.27,3.37,19012343,65383360.00
2023/12/22,3.37,3.37,3.31,3.34,16787680,58020680.00
2023/12/25,3.32,3.34,3.29,3.32,9827349,33766988.00
2023/12/26,3.31,3.33,3.23,3.24,16848779,57198156.00
2023/12/27,3.25,3.27,3.20,3.27,11408580,38340060.00
2023/12/28,3.26,3.38,3.24,3.38,23772984,82283936.00
2023/12/29,3.38,3.42,3.36,3.41,16772100,58942524.00
2024/01/02,3.42,3.46,3.41,3.43,18161311,64603176.00
2024/01/03,3.43,3.46,3.41,3.44,16831197,59776728.00
2024/01/04,3.44,3.45,3.39,3.42,14716300,52081980.00
2024/01/05,3.40,3.44,3.36,3.38,18663500,65737164.00
2024/01/08,3.39,3.39,3.31,3.32,14007000,48544192.00
2024/01/09,3.32,3.38,3.29,3.36,13070100,45277072.00
2024/01/10,3.34,3.38,3.29,3.35,12641000,43757120.00
2024/01/11,3.34,3.42,3.32,3.40,13506500,47330176.00
2024/01/12,3.39,3.47,3.39,3.43,22890200,81525064.00
2024/01/15,3.44,3.45,3.40,3.41,13385500,47365416.00
2024/01/16,3.40,3.41,3.35,3.40,16388000,57343580.00
2024/01/17,3.39,3.42,3.33,3.34,14274500,49951480.00
2024/01/18,3.32,3.33,3.21,3.32,23357473,79263776.00
2024/01/19,3.30,3.31,3.24,3.25,15068300,51165680.00
2024/01/22,3.25,3.25,3.03,3.04,21667613,70859752.00
2024/01/23,3.03,3.13,2.99,3.11,19439980,62115484.00
2024/01/24,3.13,3.16,3.04,3.14,27032806,87130856.00
2024/01/25,3.14,3.25,3.13,3.24,18664046,61853472.00
2024/01/26,3.23,3.29,3.21,3.26,18237800,61540384.00
2024/01/29,3.27,3.30,3.19,3.21,17464900,58654268.00
2024/01/30,3.19,3.26,3.13,3.14,14981100,49731288.00
2024/01/31,3.15,3.20,3.05,3.07,19533234,63308140.00
2024/02/01,3.08,3.11,3.00,3.02,20087400,63675720.00
2024/02/02,3.01,3.05,2.81,2.92,31654013,96642368.00
2024/02/05,2.89,2.90,2.67,2.80,34461829,100057544.00
2024/02/06,2.75,3.05,2.72,3.01,32563610,98461432.00
2024/02/07,3.00,3.12,2.97,3.11,31663549,101173888.00
2024/02/08,3.15,3.26,3.13,3.22,32993399,110210416.00
2024/02/19,3.23,3.26,3.14,3.17,26988160,89316608.00
2024/02/20,3.17,3.17,3.12,3.17,15596294,51010368.00
2024/02/21,3.15,3.25,3.13,3.18,22217000,73783632.00
2024/02/22,3.18,3.21,3.15,3.19,15554694,51355228.00
2024/02/23,3.19,3.22,3.16,3.21,19659524,65056672.00
2024/02/26,3.21,3.23,3.16,3.18,20110720,66637104.00
2024/02/27,3.17,3.21,3.16,3.21,17493594,57849984.00
2024/02/28,3.21,3.32,3.16,3.17,37367397,125704728.00
2024/02/29,3.16,3.23,3.14,3.22,21976800,72795184.00
2024/03/01,3.22,3.24,3.19,3.21,17797900,59248196.00
2024/03/04,3.21,3.23,3.16,3.21,14546447,48238036.00
2024/03/05,3.20,3.21,3.16,3.18,15542900,51285204.00
2024/03/06,3.17,3.26,3.17,3.24,26267100,87841216.00
2024/03/07,3.23,3.26,3.19,3.21,21917747,73313872.00
2024/03/08,3.20,3.25,3.19,3.25,19862407,66495048.00
2024/03/11,3.25,3.37,3.24,3.37,37238610,128153800.00
2024/03/12,3.37,3.39,3.30,3.31,28343297,97516760.00
2024/03/13,3.30,3.32,3.28,3.30,19566706,66810452.00
2024/03/14,3.29,3.30,3.23,3.27,19517994,66163344.00
2024/03/15,3.26,3.31,3.24,3.31,17666817,60252740.00
2024/03/18,3.32,3.34,3.27,3.33,25712213,88257640.00
2024/03/19,3.33,3.35,3.29,3.30,20823098,71646408.00
2024/03/20,3.29,3.30,3.27,3.30,15254500,51921548.00
2024/03/21,3.29,3.31,3.26,3.28,14207300,48345168.00
2024/03/22,3.27,3.29,3.21,3.22,21794296,73132448.00
2024/03/25,3.21,3.25,3.19,3.19,16088195,53632352.00
2024/03/26,3.19,3.22,3.15,3.21,15909706,52575252.00
2024/03/27,3.19,3.23,3.14,3.14,15928913,52604052.00
2024/03/28,3.15,3.18,3.13,3.15,15195877,49774316.00
2024/03/29,3.15,3.19,3.14,3.19,14290100,46924004.00
2024/04/01,3.20,3.28,3.18,3.28,22043282,74196080.00
2024/04/02,3.31,3.36,3.29,3.35,36083050,124496432.00
2024/04/03,3.34,3.35,3.29,3.31,16164098,55516296.00
2024/04/08,3.31,3.43,3.29,3.37,38917433,135682448.00
2024/04/09,3.37,3.43,3.34,3.40,25720281,90266768.00
2024/04/10,3.39,3.43,3.36,3.40,30263700,106442136.00
2024/04/11,3.38,3.46,3.36,3.44,30105367,106742016.00
2024/04/12,3.43,3.45,3.37,3.38,21780000,76779376.00
2024/04/15,3.38,3.49,3.37,3.41,37981300,134869040.00
2024/04/16,3.39,3.42,3.31,3.33,30465600,105818048.00
2024/04/17,3.34,3.40,3.32,3.40,32542800,113718368.00
2024/04/18,3.39,3.40,3.33,3.34,29368227,102089184.00
2024/04/19,3.31,3.38,3.31,3.34,21165782,73156256.00
2024/04/22,3.36,3.39,3.32,3.34,20456400,71064496.00
2024/04/23,3.36,3.37,3.27,3.29,21931298,75216064.00
2024/04/24,3.30,3.34,3.29,3.34,18538284,63721616.00
2024/04/25,3.33,3.36,3.31,3.34,15236362,52703968.00
2024/04/26,3.32,3.36,3.29,3.35,20764998,71644736.00
2024/04/29,3.35,3.42,3.34,3.42,31171282,109659432.00
2024/04/30,3.38,3.40,3.31,3.32,35193600,121641824.00
2024/05/06,3.34,3.41,3.33,3.41,31352800,109958272.00
2024/05/07,3.42,3.42,3.36,3.39,19295600,67694056.00
2024/05/08,3.37,3.43,3.37,3.37,23275987,81833360.00
2024/05/09,3.36,3.41,3.35,3.41,23977200,84339872.00
2024/05/10,3.40,3.69,3.39,3.64,103514378,381305184.00
2024/05/13,3.67,3.71,3.59,3.64,100514053,378450496.00
2024/05/14,3.60,3.63,3.54,3.58,49826025,184314976.00
2024/05/15,3.57,3.60,3.49,3.50,38379485,140274832.00
2024/05/16,3.49,3.55,3.47,3.49,24132537,87510120.00
2024/05/17,3.49,3.54,3.48,3.53,23465687,85252600.00
2024/05/20,3.52,3.57,3.51,3.53,31091933,113888616.00
2024/05/21,3.54,3.54,3.44,3.45,29803450,106899832.00
2024/05/22,3.44,3.50,3.44,3.49,19193100,69010640.00
2024/05/23,3.48,3.49,3.39,3.40,22614279,80170736.00
2024/05/24,3.38,3.52,3.38,3.47,38310651,137913168.00
2024/05/27,3.47,3.54,3.43,3.51,27678903,99769752.00
2024/05/28,3.49,3.60,3.49,3.57,50285000,184786992.00
2024/05/29,3.55,3.61,3.50,3.55,34691679,127551136.00
2024/05/30,3.55,3.60,3.44,3.46,36406480,131794176.00
2024/05/31,3.47,3.48,3.40,3.42,23121608,79562112.00
2024/06/03,3.41,3.42,3.26,3.30,31726019,105608400.00
2024/06/04,3.29,3.33,3.22,3.32,22331604,73248336.00
2024/06/05,3.31,3.31,3.25,3.26,18948146,62304172.00
2024/06/06,3.25,3.27,3.14,3.16,30997999,99228712.00
2024/06/07,3.16,3.24,3.16,3.23,19497029,62457332.00
2024/06/11,3.23,3.25,3.19,3.23,15177532,48954784.00
2024/06/12,3.22,3.26,3.20,3.23,15644244,50699416.00
2024/06/13,3.23,3.24,3.18,3.20,14629397,46979076.00
2024/06/14,3.19,3.23,3.17,3.20,13335440,42877456.00
2024/06/17,3.18,3.22,3.15,3.18,13989169,44793296.00
2024/06/18,3.19,3.20,3.15,3.17,13257658,42128168.00
2024/06/19,3.17,3.18,3.06,3.07,24310663,75685056.00
2024/06/20,3.07,3.08,3.00,3.02,16091400,48866284.00
2024/06/21,3.02,3.05,3.00,3.01,10937628,33186336.00
2024/06/24,3.01,3.02,2.93,2.95,15581400,46428196.00
2024/06/25,2.96,3.00,2.94,2.97,13465356,40208480.00
2024/06/26,2.97,3.06,2.95,3.05,14068256,42398840.00
2024/06/27,3.04,3.05,2.97,2.99,12417300,37391712.00
2024/06/28,2.98,3.05,2.96,3.02,15113400,45786312.00
2024/07/01,3.02,3.07,3.02,3.06,18364800,56206836.00
2024/07/02,3.07,3.08,3.04,3.07,11720116,36032524.00
2024/07/03,3.08,3.09,3.05,3.05,9480300,29156772.00
2024/07/04,3.06,3.07,2.99,3.02,13980000,42358872.00
2024/07/05,3.01,3.04,2.98,3.03,11839180,35711972.00
2024/07/08,3.02,3.03,2.94,2.95,12040100,35960096.00
2024/07/09,2.96,3.02,2.90,3.00,15043090,44713548.00
2024/07/10,2.99,3.00,2.93,2.94,10839600,32230240.00
2024/07/11,2.99,3.02,2.97,3.02,11833500,35666080.00
2024/07/12,3.01,3.03,2.98,3.00,9328600,28103064.00
2024/07/15,2.99,2.99,2.95,2.97,8095000,24115032.00
2024/07/16,2.97,2.97,2.93,2.95,7373300,21814608.00
2024/07/17,2.94,2.95,2.91,2.94,9022400,26543804.00
2024/07/18,2.93,2.96,2.89,2.95,9186400,26977448.00
2024/07/19,2.95,2.97,2.92,2.96,7458400,22066224.00
2024/07/22,2.94,2.99,2.92,2.98,9622400,28566954.00
2024/07/23,2.98,3.01,2.94,2.94,9388200,28048576.00
2024/07/24,2.94,2.98,2.91,2.94,11573998,34163728.00
2024/07/25,2.95,3.00,2.93,2.98,12439523,37077788.00
2024/07/26,2.98,3.01,2.97,3.00,10449400,31409276.00
2024/07/29,2.99,3.00,2.96,2.98,7372300,22029044.00
2024/07/30,2.98,3.00,2.96,3.00,7127700,21336402.00
2024/07/31,2.98,3.08,2.98,3.08,16207900,49508828.00
2024/08/01,3.07,3.09,3.04,3.05,11579000,35538652.00
2024/08/02,3.04,3.05,3.01,3.01,8951300,27210446.00
2024/08/05,2.99,3.04,2.97,2.97,13911100,41943772.00
2024/08/06,2.99,3.02,2.97,3.01,9243300,27800108.00
2024/08/07,3.02,3.04,2.99,3.02,11261200,34092812.00
2024/08/08,3.01,3.03,2.98,3.02,9239300,27871450.00
2024/08/09,3.02,3.04,2.98,2.98,8913400,26945154.00
2024/08/12,3.01,3.02,2.97,2.98,8508400,25572178.00
2024/08/13,2.99,3.01,2.95,3.00,7125600,21329424.00
2024/08/14,2.99,3.02,2.98,2.98,7240259,21796468.00
2024/08/15,2.99,3.02,2.96,3.00,11261300,33869964.00
2024/08/16,3.00,3.01,2.96,2.96,11652000,34801968.00
2024/08/19,2.95,3.00,2.95,2.96,9164400,27373198.00
2024/08/20,2.96,2.97,2.91,2.92,12052492,35452768.00
2024/08/21,2.91,2.92,2.85,2.86,11407000,33005412.00
2024/08/22,2.87,2.88,2.75,2.77,21958500,61709352.00
2024/08/23,2.77,2.78,2.74,2.76,8075700,22392196.00
2024/08/26,2.77,2.83,2.77,2.82,7805800,21994692.00
2024/08/27,2.82,2.83,2.79,2.82,7417700,20923670.00
2024/08/28,2.81,2.85,2.81,2.84,11600301,32985328.00
2024/08/29,2.82,2.89,2.82,2.88,9668484,27798368.00
2024/08/30,2.88,2.92,2.86,2.88,15506800,44943208.00
2024/09/02,2.87,2.91,2.85,2.85,14252841,41169552.00
2024/09/03,2.84,2.86,2.79,2.80,14817407,41949520.00
2024/09/04,2.79,2.81,2.76,2.77,11560146,32246936.00
2024/09/05,2.77,2.80,2.77,2.78,6280200,17550688.00
2024/09/06,2.77,2.79,2.74,2.74,9504400,26317756.00
2024/09/09,2.74,2.74,2.69,2.70,9184600,25044284.00
2024/09/10,2.71,2.73,2.65,2.70,10725273,28911112.00
2024/09/11,2.69,2.71,2.67,2.69,7887472,21285156.00
2024/09/12,2.69,2.74,2.69,2.70,7275538,19864734.00
2024/09/13,2.71,2.72,2.68,2.68,6540800,17707616.00
2024/09/18,2.68,2.71,2.63,2.69,7412897,19852782.00
2024/09/19,2.70,2.77,2.68,2.74,13825165,37893136.00
2024/09/20,2.74,2.75,2.68,2.71,10101938,27438862.00
2024/09/23,2.70,2.72,2.68,2.69,7936300,21466300.00
2024/09/24,2.70,2.80,2.69,2.79,20711400,57267784.00
2024/09/25,2.81,2.89,2.81,2.82,18783200,53767320.00
2024/09/26,2.82,2.92,2.81,2.91,22827332,65619908.00
2024/09/27,2.93,3.02,2.93,3.02,20839832,62074924.00
2024/09/30,3.14,3.32,3.10,3.30,58850100,190599312.00
2024/10/08,3.62,3.63,3.29,3.42,68604462,237280000.00
2024/10/09,3.37,3.37,3.20,3.21,52777190,172768400.00
2024/10/10,3.27,3.32,3.22,3.24,30550601,100451896.00
2024/10/11,3.24,3.26,3.10,3.14,30957935,98799952.00
2024/10/14,3.15,3.18,3.10,3.15,24585477,77229272.00
2024/10/15,3.15,3.15,3.07,3.07,25551842,79451688.00
2024/10/16,3.04,3.14,3.04,3.11,23162350,71738416.00
2024/10/17,3.13,3.13,3.04,3.04,22702300,69784096.00
2024/10/18,3.03,3.16,3.00,3.11,34444905,105936888.00
2024/10/21,3.12,3.14,3.06,3.07,27154737,83896352.00
2024/10/22,3.06,3.12,3.06,3.12,28818337,89227208.00
2024/10/23,3.12,3.22,3.10,3.19,42612905,134885536.00
2024/10/24,3.17,3.18,3.11,3.14,20017400,62736308.00
2024/10/25,3.14,3.21,3.14,3.21,26050300,82813520.00
2024/10/28,3.21,3.30,3.20,3.30,37288567,121298200.00
2024/10/29,3.31,3.32,3.18,3.20,36443300,117802360.00
2024/10/30,3.18,3.23,3.18,3.21,26023726,83397672.00
2024/10/31,3.30,3.44,3.30,3.35,70420848,236906608.00
2024/11/01,3.32,3.35,3.22,3.28,44036815,144172960.00
2024/11/04,3.27,3.30,3.25,3.29,24165909,79158032.00
2024/11/05,3.30,3.36,3.28,3.36,34983200,116384584.00
2024/11/06,3.36,3.38,3.30,3.36,33587722,112349152.00
2024/11/07,3.35,3.46,3.33,3.44,40662502,138758352.00
2024/11/08,3.46,3.49,3.38,3.40,44003966,150880000.00
2024/11/11,3.40,3.44,3.35,3.40,27827609,94266424.00
2024/11/12,3.41,3.43,3.35,3.38,30834708,104670400.00
2024/11/13,3.36,3.37,3.27,3.33,36688664,121619056.00
2024/11/14,3.32,3.33,3.24,3.25,25424805,83337856.00
2024/11/15,3.24,3.29,3.19,3.19,24199400,78481928.00
2024/11/18,3.20,3.32,3.19,3.25,33689600,109950224.00
2024/11/19,3.25,3.29,3.20,3.26,26185100,84802168.00
2024/11/20,3.27,3.31,3.22,3.30,27313700,89155560.00
2024/11/21,3.29,3.32,3.26,3.28,19192200,63023484.00
2024/11/22,3.28,3.40,3.23,3.23,51021992,169798624.00
数据来源:通达信
