603466 风语筑 日线 前复权
      日期	    开盘	    最高	    最低	    收盘	    成交量	    成交额
2017/10/20,3.78,4.75,3.78,4.75,11921,283918.00
2017/10/23,5.33,5.33,5.33,5.33,12517,328446.00
2017/10/24,5.96,5.96,5.96,5.96,10394,299971.00
2017/10/25,6.66,6.66,6.66,6.66,8721,276892.00
2017/10/26,7.44,7.44,7.44,7.44,13400,468062.00
2017/10/27,8.28,8.28,8.28,8.28,65021,2498107.00
2017/10/30,9.22,9.22,9.22,9.22,150389,6355439.00
2017/10/31,10.24,10.24,10.24,10.24,185215,8610645.00
2017/11/01,11.37,11.37,11.37,11.37,213763,10931840.00
2017/11/02,12.61,12.61,12.61,12.61,266773,15005981.00
2017/11/03,13.98,13.98,13.98,13.98,452758,28016664.00
2017/11/06,15.48,15.48,15.48,15.48,1985811,135174160.00
2017/11/07,16.65,17.14,15.97,17.14,26085300,1877125248.00
2017/11/08,16.46,18.26,16.46,16.95,21038031,1589445248.00
2017/11/09,17.43,18.75,17.07,18.75,17882854,1406208896.00
2017/11/10,19.11,19.35,17.87,18.04,16307184,1303097984.00
2017/11/13,18.53,18.74,17.80,18.17,11310338,898126784.00
2017/11/14,17.80,17.98,17.11,17.16,11002234,839988096.00
2017/11/15,16.76,16.95,15.68,15.70,9628345,683077696.00
2017/11/16,15.71,16.07,14.99,15.08,7122592,484904384.00
2017/11/17,14.88,15.39,13.72,14.11,7912855,512731520.00
2017/11/20,14.14,14.63,14.13,14.40,4792967,303826272.00
2017/11/21,14.25,14.40,13.05,13.79,8084476,494902528.00
2017/11/22,13.74,13.95,13.04,13.52,5972260,358652672.00
2017/11/23,13.40,13.88,13.19,13.25,5991414,359408128.00
2017/11/24,13.16,13.70,12.73,13.33,5663814,331714944.00
2017/11/27,13.18,13.76,13.05,13.23,5094463,303722272.00
2017/11/28,13.31,13.81,13.23,13.78,5387593,324796352.00
2017/11/29,13.67,13.73,12.47,12.89,7083036,410350752.00
2017/11/30,12.86,13.12,12.58,12.69,4024140,229661184.00
2017/12/01,12.69,12.86,12.35,12.65,3187001,179949904.00
2017/12/04,12.47,12.48,11.28,11.32,6414954,336514176.00
2017/12/05,11.13,11.63,10.97,11.22,3788910,192554000.00
2017/12/06,11.30,11.62,11.20,11.59,3964355,204118272.00
2017/12/07,11.56,11.62,11.31,11.35,3066289,157766064.00
2017/12/08,11.27,11.96,11.24,11.72,4341575,228810160.00
2017/12/11,11.78,12.21,11.73,11.95,3747720,200563264.00
2017/12/12,11.92,11.93,11.46,11.48,3008311,157735520.00
2017/12/13,11.41,11.96,11.39,11.89,3144595,166364336.00
2017/12/14,11.82,12.19,11.78,12.11,2778828,149339488.00
2017/12/15,12.19,12.22,11.76,12.01,3113516,167692880.00
2017/12/18,12.07,12.29,11.82,12.10,2241906,121132480.00
2017/12/19,12.06,12.18,11.83,11.98,2033965,109206240.00
2017/12/20,11.93,11.93,11.29,11.32,3285911,169458496.00
2017/12/21,11.34,11.54,11.03,11.41,2699345,137557120.00
2017/12/22,11.30,11.49,11.19,11.31,1768499,90259208.00
2017/12/25,11.22,11.29,10.73,10.99,2989492,147577520.00
2017/12/26,10.93,11.95,10.93,11.70,4204788,218366240.00
2017/12/27,11.81,12.19,11.67,11.71,4132592,220190912.00
2017/12/28,11.65,12.16,11.63,11.94,3354638,179562064.00
2017/12/29,11.87,12.15,11.78,12.12,3018014,162071936.00
2018/01/02,12.21,12.42,12.04,12.13,2471791,134875808.00
2018/01/03,11.96,12.20,11.75,11.97,2271980,121000104.00
2018/01/04,11.92,12.04,11.82,11.91,1683105,89681720.00
2018/01/05,11.94,12.05,11.78,11.84,1518051,80831736.00
2018/01/08,11.81,11.87,11.30,11.50,3085410,158846016.00
2018/01/09,11.43,11.88,11.34,11.66,2098269,109668280.00
2018/01/10,11.59,11.72,11.17,11.26,2262267,115772680.00
2018/01/11,11.30,11.64,11.12,11.44,1828759,94319552.00
2018/01/12,11.40,12.43,11.31,12.07,5001497,269786336.00
2018/01/15,11.84,11.95,11.35,11.68,3630611,189541776.00
2018/01/16,11.34,12.14,11.27,12.12,4289996,229198736.00
2018/01/17,12.07,12.67,12.02,12.54,6102023,338483072.00
2018/01/18,12.45,12.55,12.19,12.35,3215782,177556016.00
2018/01/19,12.43,12.63,11.83,11.92,3538421,193424032.00
2018/01/22,11.63,11.77,11.34,11.67,2474782,128610880.00
2018/01/23,11.51,11.82,11.48,11.63,1567898,82080736.00
2018/01/24,11.66,12.90,11.66,12.66,8124462,456928032.00
2018/01/25,12.38,12.78,12.26,12.36,5576333,310308288.00
2018/01/26,12.42,12.84,12.19,12.74,4583808,255524912.00
2018/01/29,12.84,12.92,12.29,12.57,3246444,181595792.00
2018/01/30,12.50,12.74,11.58,11.73,4724547,254073312.00
2018/01/31,11.57,11.57,10.85,10.92,4322553,216804832.00
2018/02/01,11.00,11.09,10.01,10.06,3637101,171639856.00
2018/02/05,11.17,11.17,10.90,11.17,2740574,137698016.00
2018/02/06,10.56,11.95,10.09,10.96,6881955,351219328.00
2018/02/07,11.82,12.17,11.29,11.83,7265261,386123488.00
2018/02/08,11.34,12.46,11.10,11.91,6684335,358692064.00
2018/02/09,11.22,11.78,10.61,10.69,5548396,279106240.00
2018/02/12,10.97,11.79,10.75,11.52,4617486,235525328.00
2018/02/13,11.52,11.57,10.97,11.11,3930768,198535024.00
2018/02/14,11.13,11.23,10.74,10.80,2283809,112965736.00
2018/02/22,10.95,11.02,10.65,11.00,2115663,103953608.00
2018/02/23,10.97,11.24,10.87,11.23,2266462,113245016.00
2018/02/26,11.51,12.46,11.22,12.22,5394718,284823328.00
2018/02/27,12.02,13.23,11.98,12.78,7375342,413290528.00
2018/02/28,12.48,12.61,12.16,12.46,4487747,248602784.00
2018/03/01,12.50,12.86,12.48,12.75,4547350,256474112.00
2018/03/02,12.53,12.67,12.00,12.03,4420071,242573424.00
2018/03/05,12.06,12.52,11.99,12.43,3564500,195949824.00
2018/03/06,12.36,13.16,12.24,12.66,5565025,314178656.00
2018/03/07,12.70,13.93,12.55,13.36,9481470,558570432.00
2018/03/08,13.20,13.53,13.16,13.46,6005040,356081696.00
2018/03/09,13.40,14.20,13.40,13.69,6961296,426969728.00
2018/03/12,13.70,14.01,13.40,13.82,6090838,369210784.00
2018/03/13,13.67,13.72,13.12,13.16,4991558,295784288.00
2018/03/14,13.18,13.47,13.04,13.05,3442068,202640160.00
2018/03/15,12.85,12.85,11.71,12.20,5980667,328140480.00
2018/03/16,12.18,12.30,12.05,12.06,2247747,122419248.00
2018/03/19,12.07,12.42,12.00,12.29,2373082,130387928.00
2018/03/20,12.07,12.62,11.95,12.55,2984456,164107552.00
2018/03/21,12.56,12.67,11.98,12.01,3189156,176966560.00
2018/03/22,12.29,13.31,12.27,12.85,8026754,466545248.00
2018/03/23,11.84,12.18,11.46,11.48,6559579,346704320.00
2018/03/26,10.85,11.78,10.85,11.75,2562635,131991048.00
2018/03/27,11.89,12.27,11.81,12.14,3561252,192089904.00
2018/03/28,11.82,12.30,11.82,12.02,2664300,143908224.00
2018/03/29,12.07,12.47,12.05,12.37,3015140,165470576.00
2018/03/30,12.38,12.98,12.32,12.79,4022667,227975632.00
2018/04/02,13.20,13.32,12.83,12.87,3731717,216558672.00
2018/04/03,12.56,13.51,12.43,13.46,4626463,269798624.00
2018/04/04,13.41,13.96,13.16,13.20,5869216,353933216.00
2018/04/09,13.16,13.67,12.65,13.49,4167367,246109264.00
2018/04/10,13.77,14.49,13.31,13.81,7375890,452901312.00
2018/04/11,13.84,14.70,13.59,14.52,7667006,479948608.00
2018/04/12,14.54,14.57,13.94,14.09,5201645,326999968.00
2018/04/13,14.16,14.40,13.56,13.62,4347959,270161536.00
2018/04/16,13.72,15.09,13.67,14.84,8121772,518975392.00
2018/04/17,14.60,15.07,14.36,14.49,5267848,341863232.00
2018/04/18,14.63,14.90,14.08,14.72,3912247,251687440.00
2018/04/19,14.71,15.59,14.49,15.21,5116881,342049312.00
2018/04/20,15.42,16.01,14.89,15.25,6255432,426416736.00
2018/04/23,15.05,15.28,14.25,14.55,3984664,259332256.00
2018/04/24,14.67,15.49,14.52,15.44,3023390,201352432.00
2018/04/25,15.30,15.69,15.17,15.45,2892334,195546736.00
2018/04/26,15.40,15.84,15.23,15.41,2869099,196011616.00
2018/04/27,15.49,16.11,15.28,16.06,3634496,251794560.00
2018/05/02,16.02,16.75,15.66,15.79,3538212,250340496.00
2018/05/03,15.73,15.93,14.75,15.89,3370265,228576272.00
2018/05/04,16.04,16.58,15.92,16.07,2982405,212700352.00
2018/05/07,16.19,16.58,15.80,16.43,2693864,191754608.00
2018/05/08,16.44,16.44,16.02,16.28,2164955,153812512.00
2018/05/09,16.15,16.16,15.87,16.08,2397617,168148624.00
2018/05/10,16.19,16.28,15.90,15.98,1905476,133640696.00
2018/05/11,15.95,15.97,15.43,15.56,3470903,238478496.00
2018/05/14,15.47,15.64,14.85,15.15,2871052,192779584.00
2018/05/15,15.15,15.36,14.93,15.32,2522906,168572064.00
2018/05/16,15.27,15.76,15.19,15.45,2157965,147401968.00
2018/05/17,15.32,15.58,15.06,15.20,1555500,104348592.00
2018/05/18,15.47,15.63,14.78,15.27,2323014,156694880.00
2018/05/21,15.44,16.19,15.28,16.09,3335569,231323920.00
2018/05/22,16.02,16.35,16.02,16.32,2547370,181310944.00
2018/05/23,16.22,16.39,15.95,16.24,2374306,168567664.00
2018/05/24,16.24,16.57,16.02,16.06,2272226,162151152.00
2018/05/25,16.06,16.19,15.18,15.30,3539260,241293488.00
2018/05/28,15.27,15.59,14.24,14.60,4112129,133376024.00
2018/05/29,14.44,14.58,13.61,13.65,7846428,241442272.00
2018/05/30,13.27,13.53,12.75,12.87,5585750,161436608.00
2018/05/31,13.17,13.46,12.94,13.36,4392178,127283032.00
2018/06/01,13.23,13.54,12.83,13.03,3974190,115211816.00
2018/06/04,13.06,13.30,12.40,12.92,4692015,131618424.00
2018/06/05,12.85,13.33,12.85,13.31,4414904,126777904.00
2018/06/06,13.23,13.61,13.18,13.38,4551675,134112568.00
2018/06/07,13.42,13.48,12.80,12.88,4674685,133984232.00
2018/06/08,12.87,13.23,12.58,13.15,3998394,113534096.00
2018/06/11,13.04,13.13,12.59,12.63,3135380,88306392.00
2018/06/12,12.68,13.14,12.51,12.97,3654800,103454048.00
2018/06/13,12.78,13.12,12.44,12.50,3454754,97083072.00
2018/06/14,12.32,12.88,12.24,12.63,2909054,80915080.00
2018/06/15,12.65,12.78,11.99,12.18,3527244,95391384.00
2018/06/19,12.06,12.25,10.96,11.26,4273366,109515208.00
2018/06/20,11.39,11.74,11.08,11.52,3620987,91825584.00
2018/06/21,11.49,11.62,10.56,10.92,4539724,111145072.00
2018/06/22,10.56,11.27,10.56,11.18,2760465,67806904.00
2018/06/25,11.44,11.81,11.31,11.51,3678984,94413552.00
2018/06/26,11.44,11.81,11.34,11.61,3338035,85572728.00
2018/06/27,11.63,11.77,11.48,11.54,2470354,63304440.00
2018/06/28,11.57,11.77,11.44,11.48,2333514,59749436.00
2018/06/29,11.52,12.02,11.44,11.90,3921512,101964824.00
2018/07/02,11.91,12.01,11.09,11.19,4624873,117452400.00
2018/07/03,11.17,11.83,11.16,11.83,4483454,114403024.00
2018/07/04,11.69,11.77,11.21,11.36,3535857,89583376.00
2018/07/05,11.31,11.54,10.92,10.93,2517367,62296292.00
2018/07/06,10.91,11.34,10.66,11.07,3417134,83827488.00
2018/07/09,11.18,11.44,11.12,11.42,2490096,62442840.00
2018/07/10,11.43,11.98,11.36,11.95,4825891,124952720.00
2018/07/11,11.61,11.82,11.24,11.79,5091307,129855664.00
2018/07/12,11.68,12.38,11.61,12.29,7187656,192982944.00
2018/07/13,12.22,12.45,12.07,12.29,4469518,120340976.00
2018/07/16,12.29,12.34,12.02,12.16,2839460,76051648.00
2018/07/17,12.16,12.24,11.76,12.20,3715504,98163768.00
2018/07/18,12.20,12.24,11.96,12.00,2012641,53648904.00
2018/07/19,11.97,12.12,11.69,11.75,2343967,61205784.00
2018/07/20,11.71,12.34,11.70,12.30,4455790,118818760.00
2018/07/23,12.27,12.67,12.16,12.65,4655941,126578032.00
2018/07/24,12.56,12.97,12.52,12.87,5424325,152496384.00
2018/07/25,12.91,12.91,12.51,12.55,3821609,106078688.00
2018/07/26,12.55,12.68,12.38,12.40,2231711,61276736.00
2018/07/27,12.45,12.77,12.37,12.68,2559974,70806688.00
2018/07/30,12.73,12.74,12.19,12.44,2617982,71669712.00
2018/07/31,12.37,12.50,12.02,12.19,2105928,56827368.00
2018/08/01,12.67,12.97,12.26,12.28,3794309,104934152.00
2018/08/02,11.80,12.06,11.25,11.59,3734736,96361248.00
2018/08/03,11.49,11.67,11.25,11.42,1721388,43599192.00
2018/08/06,11.41,11.57,11.11,11.40,1697400,42793252.00
2018/08/07,11.47,11.70,11.34,11.62,2508135,64143632.00
2018/08/08,11.19,11.19,10.37,10.37,6969101,164704400.00
2018/08/09,9.88,10.34,9.68,10.08,5330859,119733776.00
2018/08/10,10.12,10.21,9.93,10.06,2648351,59630528.00
2018/08/13,9.63,9.93,9.50,9.91,2909940,63340184.00
2018/08/14,9.92,10.30,9.88,10.11,3010237,67930712.00
2018/08/15,10.09,10.24,9.69,9.83,2056316,45721712.00
2018/08/16,9.64,9.76,9.46,9.47,2214145,47611720.00
2018/08/17,9.57,9.66,8.93,9.04,3526488,73004880.00
2018/08/20,9.04,9.21,8.82,9.21,2160031,43920048.00
2018/08/21,9.22,9.32,9.01,9.19,2252400,46626228.00
2018/08/22,9.12,9.18,8.82,8.84,2472489,49958536.00
2018/08/23,8.86,9.07,8.85,8.93,2559155,51746120.00
2018/08/24,9.02,9.02,8.83,8.90,1602100,32182220.00
2018/08/27,9.03,9.27,8.96,9.22,2495794,51385360.00
2018/08/28,9.23,9.42,9.13,9.21,2275512,47437680.00
2018/08/29,9.22,9.24,9.06,9.12,1227566,25209980.00
2018/08/30,9.09,9.17,8.77,8.82,2140999,43056856.00
2018/08/31,8.69,8.81,8.24,8.38,3568400,68321912.00
2018/09/03,8.33,8.33,8.07,8.25,1971819,36687464.00
2018/09/04,8.22,8.50,8.17,8.44,1938531,36834376.00
2018/09/05,8.42,8.47,8.17,8.17,1705255,32282216.00
2018/09/06,8.16,8.37,8.09,8.21,1434905,26856128.00
2018/09/07,8.21,8.39,8.06,8.14,1736115,32405992.00
2018/09/10,8.12,8.15,7.75,7.78,1782900,32127780.00
2018/09/11,7.81,8.05,7.80,7.94,2199500,39824864.00
2018/09/12,7.93,8.10,7.85,7.98,2073500,37792324.00
2018/09/13,8.13,8.13,7.84,7.99,1736800,31630080.00
2018/09/14,8.03,8.06,7.78,7.81,1801251,32398020.00
2018/09/17,7.74,7.79,7.54,7.62,1305135,22787620.00
2018/09/18,7.60,7.91,7.57,7.88,1589335,28147312.00
2018/09/19,7.84,8.40,7.67,8.15,3998670,73452528.00
2018/09/20,8.06,8.20,7.94,7.97,2034335,37162544.00
2018/09/21,7.98,8.06,7.82,8.05,2023052,36754676.00
2018/09/25,7.99,8.85,7.97,8.50,5329724,101613672.00
2018/09/26,8.33,8.56,8.33,8.43,3413297,65351924.00
2018/09/27,8.39,8.50,8.17,8.21,2378094,45002276.00
2018/09/28,8.21,8.35,8.15,8.31,1518694,28546444.00
2018/10/08,7.99,8.07,7.72,7.74,1936227,34813184.00
2018/10/09,7.82,7.82,7.61,7.67,1283694,22609230.00
2018/10/10,7.71,7.90,7.64,7.78,1894250,33662164.00
2018/10/11,7.40,7.45,6.92,6.92,3385282,55265452.00
2018/10/12,6.82,6.87,6.32,6.58,3154652,48086848.00
2018/10/15,6.58,6.81,6.46,6.54,1525142,23609356.00
2018/10/16,6.63,6.73,6.34,6.41,1708890,25947408.00
2018/10/17,6.50,6.55,6.05,6.38,2301602,33923804.00
2018/10/18,6.29,6.33,6.07,6.09,1678900,24349488.00
2018/10/19,5.99,6.32,5.97,6.28,1969524,28718370.00
2018/10/22,6.43,6.71,6.30,6.56,4655434,70607592.00
2018/10/23,6.53,6.63,6.24,6.31,3172892,47711520.00
2018/10/24,6.33,6.46,6.23,6.26,2528662,37469816.00
2018/10/25,5.95,6.07,5.81,5.98,3959920,55294512.00
2018/10/26,6.04,6.10,5.96,6.00,2674400,37917768.00
2018/10/29,5.98,5.98,5.83,5.86,2273142,31623752.00
2018/10/30,5.63,5.77,5.41,5.69,5903272,77955416.00
2018/10/31,5.71,5.91,5.67,5.81,5541130,75818272.00
2018/11/01,5.91,6.03,5.80,5.81,4910002,68278768.00
2018/11/02,5.93,6.32,5.85,6.24,11033485,158658112.00
2018/11/05,6.23,6.43,6.14,6.35,8675402,127530208.00
2018/11/06,6.33,6.34,6.09,6.27,5498530,79905840.00
2018/11/07,6.30,6.48,6.23,6.32,5817032,86149664.00
2018/11/08,6.32,6.37,6.11,6.14,3728100,54325472.00
2018/11/09,6.11,6.22,6.07,6.08,2666602,38380172.00
2018/11/12,6.06,6.39,6.02,6.39,4422774,64598032.00
2018/11/13,6.29,6.64,6.23,6.51,8258400,124632384.00
2018/11/14,6.47,6.58,6.38,6.39,5427290,81675920.00
2018/11/15,6.52,6.74,6.40,6.71,7463690,114668056.00
2018/11/16,6.68,6.88,6.68,6.70,6908572,108411392.00
2018/11/19,6.67,6.84,6.61,6.79,4686124,73096648.00
2018/11/20,6.71,6.72,6.48,6.51,4322710,66170208.00
2018/11/21,6.35,6.55,6.34,6.55,2728086,40992684.00
2018/11/22,6.62,6.63,6.41,6.44,2524486,38264824.00
2018/11/23,6.49,6.50,5.89,5.89,4360917,62563352.00
2018/11/26,5.84,5.97,5.79,5.81,2109735,29194908.00
2018/11/27,5.86,5.94,5.78,5.81,1624266,22408992.00
2018/11/28,5.87,5.88,5.51,5.87,3265201,44171260.00
2018/11/29,5.89,6.13,5.86,5.88,4249352,59790832.00
2018/11/30,5.80,6.01,5.70,5.97,2935988,40632772.00
2018/12/03,6.18,6.21,6.03,6.17,4354577,62708888.00
2018/12/04,6.13,6.19,6.09,6.17,2459652,35466488.00
2018/12/05,5.99,6.16,5.97,6.07,2287490,32579376.00
2018/12/06,6.03,6.13,5.93,5.93,2299588,32515448.00
2018/12/07,6.04,6.61,6.04,6.37,7655945,114075600.00
2018/12/10,6.26,6.35,6.16,6.19,4785586,70009672.00
2018/12/11,6.17,6.29,6.10,6.26,3490882,50777656.00
2018/12/12,6.26,6.36,6.21,6.31,3240186,47566168.00
2018/12/13,6.34,6.53,6.18,6.40,5480962,81570368.00
2018/12/14,6.36,6.40,6.16,6.16,3683294,53855056.00
2018/12/17,6.11,6.16,5.96,6.13,2520300,35931832.00
2018/12/18,6.13,6.18,5.96,6.06,2151600,30647880.00
2018/12/19,6.06,6.11,5.86,5.86,1960800,27576024.00
2018/12/20,5.73,6.09,5.73,6.05,2707782,38070488.00
2018/12/21,6.04,6.16,5.99,6.09,2600782,37143312.00
2018/12/24,6.12,6.39,6.04,6.29,3615188,52830792.00
2018/12/25,6.19,6.62,5.97,6.48,5919120,86710504.00
2018/12/26,6.49,6.90,6.49,6.87,12024237,188620912.00
2018/12/27,6.79,6.84,6.59,6.60,7161600,111455880.00
2018/12/28,6.60,6.65,6.45,6.55,3736060,56770948.00
2019/01/02,6.52,6.64,6.38,6.61,3214152,48904860.00
2019/01/03,6.54,6.61,6.35,6.37,3708752,55737384.00
2019/01/04,6.19,6.60,6.05,6.60,4920554,73759320.00
2019/01/07,6.64,6.87,6.54,6.75,6458783,100454008.00
2019/01/08,6.70,6.74,6.55,6.57,3802412,58496340.00
2019/01/09,6.58,6.76,6.46,6.49,5453712,84125584.00
2019/01/10,6.45,6.55,6.41,6.45,2778212,41934620.00
2019/01/11,6.45,6.69,6.42,6.68,4339441,66081540.00
2019/01/14,6.70,6.86,6.59,6.83,5505779,86017464.00
2019/01/15,6.74,7.32,6.68,7.13,10606003,172970176.00
2019/01/16,7.16,7.50,6.99,7.38,10813643,180744240.00
2019/01/17,7.29,7.58,7.08,7.09,8576524,143594208.00
2019/01/18,7.06,7.21,6.95,7.11,4704939,76790240.00
2019/01/21,7.08,7.24,6.98,7.18,4830094,79113504.00
2019/01/22,7.18,7.18,6.96,7.00,3352290,54443988.00
2019/01/23,7.00,7.17,6.93,7.09,3353184,54691504.00
2019/01/24,7.06,7.15,7.00,7.03,3319700,54186044.00
2019/01/25,6.96,7.05,6.77,6.77,4276789,68268560.00
2019/01/28,6.78,6.85,6.65,6.68,2856625,44733208.00
2019/01/29,6.68,6.68,6.23,6.41,3728614,55791628.00
2019/01/30,6.39,6.52,6.29,6.34,1841471,27585988.00
2019/01/31,6.38,6.44,5.96,6.07,3235249,46974232.00
2019/02/01,6.12,6.31,6.12,6.26,1889321,27549972.00
2019/02/11,6.33,6.49,6.28,6.48,2707277,40499848.00
2019/02/12,6.49,6.61,6.45,6.52,3328359,50541852.00
2019/02/13,6.52,6.81,6.41,6.80,6333022,97729080.00
2019/02/14,6.72,6.89,6.68,6.75,3796157,59605388.00
2019/02/15,6.75,6.89,6.70,6.81,3852362,60729708.00
2019/02/18,6.86,7.08,6.76,7.07,5198124,83774176.00
2019/02/19,7.06,7.19,6.93,7.18,6632970,108205000.00
2019/02/20,7.20,7.20,6.97,7.07,4308454,70312952.00
2019/02/21,7.19,7.34,6.87,6.92,8606885,141435408.00
2019/02/22,6.88,7.04,6.87,7.03,5065399,81591896.00
2019/02/25,7.13,7.40,7.03,7.40,11554184,192231776.00
2019/02/26,7.42,7.85,7.26,7.48,11433750,196648784.00
2019/02/27,7.43,7.69,7.32,7.46,7927047,136747056.00
2019/02/28,7.52,8.12,7.48,7.99,12416250,222148000.00
2019/03/01,7.99,7.99,7.74,7.91,6586171,118091024.00
2019/03/04,7.99,8.19,7.83,7.91,9073872,165314448.00
2019/03/05,7.89,7.95,7.67,7.91,7904490,141054224.00
2019/03/06,8.13,8.13,7.72,7.94,10801343,195201408.00
2019/03/07,7.95,8.82,7.82,8.82,18450576,352336672.00
2019/03/08,8.61,9.66,8.43,9.06,24510251,500126976.00
2019/03/11,9.08,9.33,8.77,9.24,13621077,278519104.00
2019/03/12,9.11,9.34,8.96,9.24,12608550,259050576.00
2019/03/13,9.16,9.61,8.86,8.86,12728683,266697488.00
2019/03/14,8.37,8.75,8.06,8.50,12514647,237414816.00
2019/03/15,8.50,8.58,8.23,8.33,5915421,112559144.00
2019/03/18,8.41,8.50,8.13,8.49,5044203,95819728.00
2019/03/19,8.45,8.60,8.39,8.55,5072603,97785928.00
2019/03/20,8.54,8.54,8.18,8.35,4932461,93182496.00
2019/03/21,8.36,8.47,8.27,8.39,5079597,96804144.00
2019/03/22,8.42,8.44,8.10,8.26,5058770,94543512.00
2019/03/25,8.13,8.13,7.91,7.91,5366500,97984416.00
2019/03/26,8.00,8.03,7.70,7.72,4073800,73207120.00
2019/03/27,7.74,7.82,7.54,7.78,3252694,57276332.00
2019/03/28,7.78,7.82,7.63,7.63,2750179,48520608.00
2019/03/29,7.61,7.90,7.46,7.89,4440243,78537440.00
2019/04/01,7.94,8.38,7.94,8.38,7231028,135234064.00
2019/04/02,8.37,9.07,8.33,8.76,11881149,235502112.00
2019/04/03,8.66,8.90,8.60,8.73,4880766,96427608.00
2019/04/04,8.74,9.01,8.50,8.87,6954389,137231952.00
2019/04/08,8.83,8.91,8.48,8.52,5336476,104600176.00
2019/04/09,8.47,8.67,8.38,8.53,3293409,63499836.00
2019/04/10,8.46,8.46,8.33,8.39,3355432,63830088.00
2019/04/11,8.31,8.39,7.94,7.96,4458058,82322288.00
2019/04/12,7.95,8.07,7.76,7.87,4126000,74367912.00
2019/04/15,8.00,8.12,7.80,7.87,4062600,73627072.00
2019/04/16,7.79,8.11,7.52,8.11,6239251,111306744.00
2019/04/17,8.11,8.17,7.97,8.05,3558515,65391404.00
2019/04/18,8.04,8.13,7.90,7.90,2970642,54326492.00
2019/04/19,7.97,7.98,7.84,7.97,2460194,44362264.00
2019/04/22,8.07,8.64,7.94,8.60,9253013,175193152.00
2019/04/23,8.52,8.84,8.38,8.53,9878736,193292336.00
2019/04/24,8.50,8.75,8.38,8.60,5976134,116043064.00
2019/04/25,8.55,8.55,7.86,7.89,6893000,128643336.00
2019/04/26,7.74,8.08,7.61,7.94,5122800,91630680.00
2019/04/29,7.94,7.94,7.51,7.51,3687800,64661688.00
2019/04/30,7.55,7.77,7.51,7.64,2005100,34982072.00
2019/05/06,7.33,7.39,6.79,6.79,4458139,72294112.00
2019/05/07,6.81,6.94,6.70,6.86,2509643,39672836.00
2019/05/08,6.65,6.91,6.51,6.76,1767920,27728692.00
2019/05/09,6.60,6.83,6.60,6.69,1570856,24483088.00
2019/05/10,6.71,6.96,6.61,6.96,3063456,48529668.00
2019/05/13,6.87,6.99,6.81,6.88,1767500,28171664.00
2019/05/14,6.74,6.88,6.69,6.71,2096500,32946652.00
2019/05/15,6.75,6.88,6.75,6.87,2258700,35743008.00
2019/05/16,6.88,7.19,6.76,7.13,3431856,55367380.00
2019/05/17,7.04,7.05,6.61,6.67,3497956,55624184.00
2019/05/20,6.58,6.75,6.36,6.53,2122856,32086482.00
2019/05/21,6.43,6.69,6.43,6.61,1641100,25183590.00
2019/05/22,6.61,6.69,6.41,6.50,1906100,29001482.00
2019/05/23,6.43,6.45,6.23,6.24,1865600,27603122.00
2019/05/24,6.19,6.32,6.16,6.29,1847890,27003204.00
2019/05/27,6.30,6.51,6.30,6.51,1895568,28446324.00
2019/05/28,6.49,6.59,6.46,6.47,1948890,29565176.00
2019/05/29,6.46,6.57,6.43,6.47,1454667,22038330.00
2019/05/30,6.47,6.62,6.36,6.59,1745944,26245156.00
2019/05/31,6.56,6.62,6.49,6.51,1778468,27035086.00
2019/06/03,6.55,6.62,6.31,6.34,1699300,25382264.00
2019/06/04,6.35,6.41,6.27,6.29,1141700,16784474.00
2019/06/05,6.37,6.43,6.31,6.37,1057828,15670976.00
2019/06/06,6.34,6.36,6.15,6.16,1450766,21056916.00
2019/06/10,6.17,6.32,6.15,6.23,1881000,27212372.00
2019/06/11,6.27,6.68,6.21,6.62,3653600,54898024.00
2019/06/12,6.58,6.77,6.55,6.72,3186728,49152800.00
2019/06/13,6.74,6.79,6.62,6.71,2197300,34040464.00
2019/06/14,6.77,6.79,6.49,6.55,1956900,30068100.00
2019/06/17,6.61,6.68,6.52,6.65,1390900,21275628.00
2019/06/18,6.55,6.72,6.55,6.65,1303300,20072340.00
2019/06/19,6.78,6.91,6.71,6.87,3680628,57730592.00
2019/06/20,6.86,6.89,6.64,6.84,3017595,47219136.00
2019/06/21,6.91,7.02,6.83,6.88,3067195,48784912.00
2019/06/24,6.85,6.93,6.80,6.85,1694895,26741286.00
2019/06/25,6.88,6.88,6.70,6.78,1791200,27998856.00
2019/06/26,6.71,6.94,6.64,6.92,2303450,36455764.00
2019/06/27,6.95,7.14,6.84,7.03,3908097,62933516.00
2019/06/28,7.01,7.28,6.88,7.22,6450915,105350288.00
2019/07/01,7.30,7.41,7.15,7.35,6172728,103012480.00
2019/07/02,7.28,7.33,7.12,7.14,4095859,67515304.00
2019/07/03,7.10,7.23,6.96,7.03,2969214,48177152.00
2019/07/04,7.13,7.13,6.90,6.95,1838414,29557454.00
2019/07/05,6.93,7.06,6.83,7.02,2039699,32765654.00
2019/07/08,7.02,7.04,6.69,6.72,2458200,38587192.00
2019/07/09,6.75,6.83,6.70,6.78,1339516,20914304.00
2019/07/10,6.82,6.98,6.73,6.80,1972200,31109864.00
2019/07/11,6.80,6.88,6.67,6.70,1489600,23276424.00
2019/07/12,6.68,6.74,6.55,6.66,1653100,25361688.00
2019/07/15,6.67,6.71,6.38,6.67,2092804,31817844.00
2019/07/16,6.67,6.70,6.60,6.64,1238900,19041904.00
2019/07/17,6.60,6.67,6.52,6.62,1582690,24221448.00
2019/07/18,6.56,6.61,6.39,6.39,1898800,28435526.00
2019/07/19,6.44,6.56,6.40,6.50,1168500,17616044.00
2019/07/22,6.57,6.57,6.25,6.28,1683000,24753056.00
2019/07/23,6.37,6.37,6.25,6.30,896996,13136402.00
2019/07/24,6.33,6.50,6.32,6.45,1577796,23548396.00
2019/07/25,6.41,6.57,6.41,6.50,1210690,18238310.00
2019/07/26,6.50,6.55,6.43,6.48,903200,13587968.00
2019/07/29,6.52,6.58,6.47,6.51,803300,12115546.00
2019/07/30,6.53,6.70,6.47,6.66,2385000,36400768.00
2019/07/31,6.59,6.65,6.51,6.57,1730980,26240030.00
2019/08/01,6.52,6.95,6.50,6.70,3386100,52541272.00
2019/08/02,6.53,6.62,6.48,6.53,1883000,28481282.00
2019/08/05,6.47,6.78,6.33,6.70,3364567,51423560.00
2019/08/06,6.59,7.25,6.34,7.12,9138128,144599680.00
2019/08/07,7.16,7.29,6.98,7.01,5950228,97299568.00
2019/08/08,7.08,7.12,6.87,6.95,3496496,56087540.00
2019/08/09,6.95,6.97,6.71,6.86,5733518,90072856.00
2019/08/12,6.81,7.09,6.79,7.07,4452950,71531392.00
2019/08/13,6.97,7.10,6.87,7.01,3481300,55878264.00
2019/08/14,7.15,7.28,6.95,6.96,4833128,78819696.00
2019/08/15,6.76,7.14,6.66,7.11,4985056,79006144.00
2019/08/16,7.10,7.19,6.90,6.91,4483906,72581336.00
2019/08/19,6.96,7.68,6.92,7.68,13048745,222626096.00
2019/08/20,7.58,8.02,7.51,7.76,14221025,250964448.00
2019/08/21,7.66,7.83,7.55,7.67,7768221,135888864.00
2019/08/22,7.67,7.85,7.62,7.77,6232324,109769264.00
2019/08/23,7.77,7.81,7.54,7.63,4664500,81529312.00
2019/08/26,7.42,7.59,7.35,7.41,5240428,89366800.00
2019/08/27,7.51,7.63,7.42,7.49,4834156,82904872.00
2019/08/28,7.45,7.49,7.32,7.49,3544500,60034360.00
2019/08/29,7.52,7.52,7.38,7.43,2331600,39600540.00
2019/08/30,7.46,7.47,7.13,7.14,4603550,76869696.00
2019/09/02,7.12,7.29,7.12,7.25,3553700,58758896.00
2019/09/03,7.25,7.48,7.23,7.31,5651312,95085952.00
2019/09/04,7.29,7.44,7.24,7.39,3170400,53261932.00
2019/09/05,7.44,7.57,7.39,7.42,5327574,90818840.00
2019/09/06,7.46,7.54,7.35,7.45,3603000,61308100.00
2019/09/09,7.54,7.62,7.43,7.62,5400490,92713200.00
2019/09/10,7.60,7.62,7.46,7.50,3654400,62618988.00
2019/09/11,7.53,7.53,7.30,7.30,4142994,69969968.00
2019/09/12,7.31,7.42,7.31,7.38,2134142,35953412.00
2019/09/16,7.40,8.00,7.38,7.97,10998396,194577776.00
2019/09/17,7.89,7.89,7.60,7.74,6566443,115720200.00
2019/09/18,7.73,7.76,7.54,7.63,4365758,75947944.00
2019/09/19,7.60,7.99,7.57,7.95,6813610,121375296.00
2019/09/20,7.99,7.99,7.76,7.79,4323450,76870944.00
2019/09/23,7.74,7.91,7.62,7.80,3497443,61727288.00
2019/09/24,7.71,7.86,7.63,7.79,3098186,54730556.00
2019/09/25,7.78,7.78,7.52,7.53,3717998,64547892.00
2019/09/26,7.58,7.59,7.23,7.32,3354779,56482744.00
2019/09/27,7.35,7.85,7.29,7.69,4491462,78362352.00
2019/09/30,7.66,7.92,7.63,7.68,4633364,81782176.00
2019/10/08,7.78,8.12,7.51,7.96,7257351,130260024.00
2019/10/09,7.93,8.25,7.83,8.21,7955426,144873200.00
2019/10/10,8.12,8.17,7.99,8.12,5562562,101697152.00
2019/10/11,8.03,8.13,7.99,8.02,3898927,71128792.00
2019/10/14,8.05,8.21,7.87,7.95,5916438,107454040.00
2019/10/15,7.88,8.35,7.79,8.34,8973566,165703232.00
2019/10/16,8.31,8.59,8.06,8.12,9029450,169457152.00
2019/10/17,8.15,8.29,8.02,8.21,5108191,94477568.00
2019/10/18,8.26,8.30,7.83,7.83,5287034,96632016.00
2019/10/21,7.78,7.78,7.41,7.55,5221345,89794168.00
2019/10/22,7.44,7.69,7.44,7.65,3093643,53563604.00
2019/10/23,7.58,7.65,7.47,7.51,2902701,49881848.00
2019/10/24,7.47,7.58,7.42,7.53,1986262,33994572.00
2019/10/25,7.53,7.56,7.29,7.56,2782862,47209244.00
2019/10/28,7.49,7.73,7.49,7.71,3370200,58725568.00
2019/10/29,7.78,7.80,7.60,7.62,2564200,44754372.00
2019/10/30,7.61,7.72,7.52,7.64,1819600,31619760.00
2019/10/31,7.66,7.75,7.38,7.45,2590524,44539576.00
2019/11/01,7.43,7.55,7.29,7.52,2248715,38134228.00
2019/11/04,7.55,7.55,7.45,7.47,1870792,32008760.00
2019/11/05,7.44,7.50,7.29,7.42,2170262,36652336.00
2019/11/06,7.42,7.52,7.34,7.36,1650686,28036984.00
2019/11/07,7.43,7.53,7.32,7.52,1838799,31334590.00
2019/11/08,7.58,7.63,7.49,7.53,1778200,30633944.00
2019/11/11,7.39,7.44,7.15,7.20,2307199,38432480.00
2019/11/12,7.20,7.27,7.07,7.18,1333243,21882660.00
2019/11/13,6.38,6.38,6.38,6.38,526700,7800427.00
2019/11/14,5.83,6.22,5.66,6.11,20544584,282200896.00
2019/11/15,5.85,5.87,5.54,5.59,15237475,205193840.00
2019/11/18,5.55,5.81,5.41,5.70,11103775,146814048.00
2019/11/19,5.69,5.88,5.64,5.86,8806100,119913224.00
2019/11/20,5.88,5.94,5.74,5.75,5643042,77116528.00
2019/11/21,5.74,5.85,5.66,5.74,4036800,54669144.00
2019/11/22,5.74,5.81,5.58,5.63,4814374,64521336.00
2019/11/25,5.63,5.79,5.55,5.75,5495600,73755648.00
2019/11/26,5.74,5.94,5.73,5.80,4593527,62405232.00
2019/11/27,5.77,5.83,5.63,5.76,3199383,42980312.00
2019/11/28,5.78,5.84,5.70,5.79,3108457,42271356.00
2019/11/29,5.88,5.89,5.73,5.79,3993415,54422928.00
2019/12/02,5.75,5.83,5.67,5.77,4249442,57447164.00
2019/12/03,5.69,5.84,5.66,5.78,4132725,56171412.00
2019/12/04,5.81,5.90,5.75,5.81,5092314,69448880.00
2019/12/05,5.84,5.93,5.75,5.83,5822800,79717064.00
2019/12/06,5.81,5.86,5.72,5.80,5251200,71414512.00
2019/12/09,5.84,6.21,5.79,6.03,11270839,158176896.00
2019/12/10,5.98,6.07,5.94,6.01,5270777,73848000.00
2019/12/11,6.00,6.03,5.91,5.94,3879377,54026360.00
2019/12/12,5.98,5.98,5.79,5.83,4566400,62682776.00
2019/12/13,5.84,5.93,5.77,5.89,3838000,52747504.00
2019/12/16,5.90,5.97,5.81,5.96,4158913,57594048.00
2019/12/17,5.95,6.11,5.94,6.05,4915170,69339456.00
2019/12/18,6.06,6.38,5.98,6.28,8555042,124521904.00
2019/12/19,6.33,6.46,6.20,6.35,6669600,97908488.00
2019/12/20,6.36,6.39,6.21,6.23,4779714,69801864.00
2019/12/23,6.26,6.35,6.18,6.25,4873600,71059488.00
2019/12/24,6.27,6.31,6.23,6.27,3072000,44859064.00
2019/12/25,6.26,6.28,6.16,6.21,3165000,45797752.00
2019/12/26,6.21,6.52,6.18,6.46,6903687,101576448.00
2019/12/27,6.53,6.55,6.31,6.35,5411550,80550160.00
2019/12/30,6.31,6.36,6.18,6.30,3660970,53304160.00
2019/12/31,6.27,6.40,6.23,6.38,4164684,61130588.00
2020/01/02,6.44,6.54,6.35,6.47,4782838,71807448.00
2020/01/03,6.49,6.74,6.44,6.66,6478631,98889168.00
2020/01/06,6.71,6.95,6.57,6.85,8588507,133991504.00
2020/01/07,6.85,6.90,6.74,6.85,4948208,77841344.00
2020/01/08,6.76,7.19,6.71,6.85,6623324,105364728.00
2020/01/09,6.92,7.12,6.91,6.93,4188684,67378008.00
2020/01/10,6.95,7.05,6.92,7.02,3357371,53864744.00
2020/01/13,6.95,7.10,6.95,7.06,3245873,52482992.00
2020/01/14,6.95,7.33,6.95,7.23,6477532,106745552.00
2020/01/15,7.19,7.26,7.11,7.24,3388800,55723716.00
2020/01/16,7.25,7.26,6.95,6.97,4565900,74155928.00
2020/01/17,7.02,7.12,6.86,6.95,4233445,67993152.00
2020/01/20,6.95,6.95,6.72,6.86,3818337,59940752.00
2020/01/21,6.85,6.85,6.61,6.63,3409532,52753528.00
2020/01/22,6.58,6.75,6.40,6.64,3135045,47775144.00
2020/01/23,6.58,6.72,6.15,6.28,4560070,67837744.00
2020/02/03,5.58,5.58,5.58,5.58,1067700,14050932.00
2020/02/04,5.18,5.50,5.18,5.40,4899049,62572284.00
2020/02/05,5.42,5.66,5.41,5.56,5006220,65761264.00
2020/02/06,5.57,5.74,5.56,5.70,4044458,53911920.00
2020/02/07,5.70,5.81,5.66,5.76,4068475,54729332.00
2020/02/10,5.76,5.80,5.69,5.76,4514007,60888100.00
2020/02/11,5.76,5.85,5.73,5.76,3568500,48427220.00
2020/02/12,5.73,5.87,5.70,5.85,3765496,51284904.00
2020/02/13,5.91,6.01,5.79,5.81,4285319,58994780.00
2020/02/14,5.75,5.85,5.73,5.77,2607402,35433472.00
2020/02/17,5.84,6.04,5.79,6.01,5011581,70050792.00
2020/02/18,6.04,6.34,5.98,6.27,6280050,90552480.00
2020/02/19,6.27,6.52,6.20,6.41,5806154,86327456.00
2020/02/20,6.34,6.46,6.24,6.42,4490755,66443572.00
2020/02/21,6.36,6.48,6.31,6.37,5167545,76677208.00
2020/02/24,6.35,6.45,6.21,6.42,5103851,75087184.00
2020/02/25,6.32,6.69,6.27,6.69,9239528,139534480.00
2020/02/26,6.53,6.58,6.29,6.33,7004427,104777600.00
2020/02/27,6.32,6.38,6.16,6.21,3877292,56521024.00
2020/02/28,5.98,6.06,5.66,5.66,6261298,85960344.00
2020/03/02,5.76,6.15,5.76,6.14,5769593,80991272.00
2020/03/03,6.27,6.41,6.21,6.27,4799883,70429624.00
2020/03/04,6.18,6.40,6.18,6.39,3390500,49822492.00
2020/03/05,6.46,6.56,6.34,6.41,4031200,60115000.00
2020/03/06,6.34,6.42,6.28,6.32,3720500,54854488.00
2020/03/09,6.23,6.24,5.97,5.99,3810192,54305608.00
2020/03/10,5.94,6.14,5.84,6.14,3397835,47817588.00
2020/03/11,6.20,6.30,6.09,6.11,3683492,53358224.00
2020/03/12,6.03,6.20,5.88,5.93,2986834,41704632.00
2020/03/13,5.61,5.89,5.55,5.86,4610136,61889492.00
2020/03/16,5.92,5.95,5.62,5.70,3746798,50989576.00
2020/03/17,5.78,5.79,5.48,5.66,3107645,41180752.00
2020/03/18,5.70,5.75,5.51,5.51,4106632,54559572.00
2020/03/19,5.52,5.62,5.44,5.61,3053609,39884172.00
2020/03/20,5.64,5.70,5.57,5.69,2464466,32762168.00
2020/03/23,5.54,5.72,5.44,5.56,3859411,50754940.00
2020/03/24,5.65,5.72,5.50,5.60,3090800,40900736.00
2020/03/25,5.71,5.82,5.62,5.73,4620700,62145892.00
2020/03/26,5.64,5.71,5.56,5.58,2621867,34731416.00
2020/03/27,5.64,5.95,5.57,5.84,8661323,117768504.00
2020/03/30,5.73,6.01,5.66,5.98,9188985,126844528.00
2020/03/31,5.98,6.02,5.80,5.89,6086726,84172528.00
2020/04/01,5.81,6.05,5.69,5.77,5174746,71096688.00
2020/04/02,5.79,5.95,5.62,5.86,6207742,84914480.00
2020/04/03,5.91,5.91,5.65,5.74,4357946,58947564.00
2020/04/07,5.81,5.96,5.74,5.88,6571746,90317328.00
2020/04/08,5.87,6.08,5.81,6.06,8277890,116220568.00
2020/04/09,6.00,6.12,5.95,6.02,6720934,94618208.00
2020/04/10,5.98,6.07,5.79,5.97,7152642,99246976.00
2020/04/13,5.89,6.10,5.86,5.98,4785142,66798924.00
2020/04/14,6.09,6.09,5.94,6.01,5470386,76638864.00
2020/04/15,6.05,6.05,5.82,5.95,4953189,68958920.00
2020/04/16,6.01,6.23,5.98,6.17,8692618,124243856.00
2020/04/17,6.11,6.23,6.10,6.12,5964238,85588736.00
2020/04/20,6.17,6.40,6.13,6.34,6169535,89935640.00
2020/04/21,6.32,6.41,6.22,6.34,4998643,73494896.00
2020/04/22,6.28,6.54,6.23,6.50,6313983,94389280.00
2020/04/23,6.51,6.56,6.37,6.40,5354685,80078536.00
2020/04/24,6.38,6.42,6.20,6.27,4522485,66060160.00
2020/04/27,6.22,6.27,6.06,6.06,3959424,56797348.00
2020/04/28,6.10,6.10,5.73,5.83,4145500,57061184.00
2020/04/29,5.83,5.92,5.75,5.81,2590492,35392168.00
2020/04/30,5.84,6.00,5.83,5.96,2786300,38696760.00
2020/05/06,5.88,6.05,5.86,6.04,2673200,37407676.00
2020/05/07,6.05,6.05,5.87,5.91,2851700,39735712.00
2020/05/08,5.95,6.00,5.92,5.98,2289200,31999112.00
2020/05/11,5.98,6.19,5.97,6.10,3918900,55669348.00
2020/05/12,6.11,6.12,5.93,6.01,2447050,34418456.00
2020/05/13,6.00,6.01,5.92,5.99,1615618,22578708.00
2020/05/14,5.94,5.98,5.79,5.83,2790589,38398856.00
2020/05/15,5.86,5.90,5.80,5.81,1908289,26153944.00
2020/05/18,5.86,5.93,5.74,5.89,2683683,36739116.00
2020/05/19,5.90,5.99,5.86,5.98,2281300,31649868.00
2020/05/20,6.12,6.66,6.12,6.66,5848574,89137824.00
2020/05/21,6.95,7.24,6.66,6.68,23616064,374401920.00
2020/05/22,6.61,6.86,6.31,6.41,12606618,191018192.00
2020/05/25,6.31,6.49,6.14,6.17,8190215,119244752.00
2020/05/26,6.20,6.38,6.17,6.30,6951102,101637376.00
2020/05/27,6.30,6.51,6.15,6.37,7866836,116130352.00
2020/05/28,6.37,6.44,6.15,6.41,6019401,88417984.00
2020/05/29,6.40,6.59,6.35,6.41,6379906,95775784.00
2020/06/01,6.42,7.03,6.42,6.91,14531887,229244128.00
2020/06/02,6.91,7.14,6.85,7.05,10444648,168210736.00
2020/06/03,7.10,7.19,6.97,7.00,7593734,123520760.00
2020/06/04,7.03,7.61,7.03,7.55,9429108,160849888.00
2020/06/05,7.65,7.65,7.25,7.41,7711334,130965264.00
2020/06/08,7.55,7.97,7.55,7.80,8941408,158508336.00
2020/06/09,7.75,8.41,7.68,8.05,12820574,233700224.00
2020/06/10,8.16,8.16,7.17,7.20,16949680,289173760.00
2020/06/11,7.24,7.43,7.13,7.16,10269650,171414224.00
2020/06/12,7.05,7.28,6.99,7.18,6381716,104931232.00
2020/06/15,7.22,7.50,7.21,7.26,5480200,91920392.00
2020/06/16,7.35,7.37,7.17,7.34,4776935,79610160.00
2020/06/17,7.26,7.35,7.08,7.20,4248294,69960248.00
2020/06/18,7.14,8.00,7.14,7.88,13430277,237392912.00
2020/06/19,7.83,8.09,7.65,7.85,7393419,132588808.00
2020/06/22,7.98,8.01,7.78,7.89,5306412,95214272.00
2020/06/23,7.83,7.89,7.65,7.76,4788847,84394136.00
2020/06/24,7.82,8.57,7.79,8.37,11314558,212191008.00
2020/06/29,8.51,8.97,8.50,8.62,13970163,273985536.00
2020/06/30,8.75,8.80,8.54,8.64,7427200,144972784.00
2020/07/01,8.65,9.07,8.59,8.74,7311359,144939424.00
2020/07/02,8.69,9.48,8.62,9.17,11449719,236507760.00
2020/07/03,9.18,9.36,8.91,8.98,6197346,126000976.00
2020/07/06,9.00,9.20,8.89,9.05,8583266,174393936.00
2020/07/07,8.99,9.46,8.97,9.14,9139213,188060416.00
2020/07/08,9.01,9.42,8.80,8.96,9687760,195991248.00
2020/07/09,8.90,9.30,8.85,9.16,8692558,176760352.00
2020/07/10,9.14,9.97,9.05,9.66,12238250,263236256.00
2020/07/13,9.97,10.11,9.25,9.57,11265798,239682288.00
2020/07/14,10.11,10.61,10.11,10.25,18100952,419917152.00
2020/07/15,9.76,9.95,9.15,9.15,17233815,362252192.00
2020/07/16,9.04,9.08,8.15,8.15,14192334,274030752.00
2020/07/17,8.16,8.34,7.88,8.09,8099841,148585472.00
2020/07/20,8.19,8.40,8.08,8.37,6794416,126765688.00
2020/07/21,8.32,8.44,8.19,8.35,6006542,112996584.00
2020/07/22,8.27,8.63,8.22,8.47,7024343,134196664.00
2020/07/23,8.41,8.41,8.03,8.29,7366475,137556528.00
2020/07/24,8.33,8.45,7.74,7.77,7073099,128704280.00
2020/07/27,7.88,7.91,7.63,7.69,3505299,61751464.00
2020/07/28,7.76,8.03,7.74,7.87,3887111,69556704.00
2020/07/29,7.87,8.32,7.74,8.29,5725897,105630176.00
2020/07/30,8.31,8.55,8.20,8.41,6131953,115992768.00
2020/07/31,8.41,8.63,8.30,8.49,5239321,100174232.00
2020/08/03,8.51,8.64,8.45,8.59,4288026,82656392.00
2020/08/04,8.63,8.74,8.36,8.41,4871408,93891064.00
2020/08/05,8.39,8.58,8.36,8.48,3889074,74398448.00
2020/08/06,8.47,8.49,8.16,8.39,4674931,87747288.00
2020/08/07,8.37,8.50,7.99,8.16,3944970,73225080.00
2020/08/10,8.08,8.25,8.03,8.14,2902216,53605484.00
2020/08/11,8.12,8.21,7.96,7.97,2846111,52226916.00
2020/08/12,7.93,8.09,7.64,7.84,3904238,69416160.00
2020/08/13,7.89,7.98,7.73,7.80,2250554,40130632.00
2020/08/14,7.87,7.93,7.66,7.93,2829381,50108320.00
2020/08/17,7.95,8.72,7.95,8.61,8981785,172419696.00
2020/08/18,8.50,8.96,8.49,8.85,7021411,138200816.00
2020/08/19,8.85,8.90,8.62,8.65,4172800,82260424.00
2020/08/20,8.59,8.77,8.52,8.70,3230031,62948480.00
2020/08/21,8.75,8.84,8.61,8.68,3480868,68257392.00
2020/08/24,8.80,8.89,8.54,8.57,3534600,68836064.00
2020/08/25,8.65,9.04,8.59,8.84,5291976,105336224.00
2020/08/26,9.33,9.63,8.81,8.90,11496326,234738576.00
2020/08/27,8.85,8.97,8.48,8.71,6024317,117757120.00
2020/08/28,8.75,9.42,8.72,9.26,9088172,185815840.00
2020/08/31,9.38,10.07,9.38,9.78,10965488,241625760.00
2020/09/01,9.92,10.02,9.73,9.91,5804863,127858512.00
2020/09/02,10.03,10.21,9.95,10.05,5940449,133400592.00
2020/09/03,10.09,10.15,9.83,9.90,5601920,124176680.00
2020/09/04,9.82,10.16,9.68,10.10,5316757,118626464.00
2020/09/07,10.07,10.38,10.02,10.07,5241709,118411080.00
2020/09/08,10.06,10.33,10.05,10.23,4284295,97241776.00
2020/09/09,10.34,10.34,9.14,9.14,10481730,225041984.00
2020/09/10,9.29,9.80,9.14,9.16,8340029,175937680.00
2020/09/11,9.10,9.41,9.05,9.33,3897167,80789128.00
2020/09/14,9.57,9.85,9.40,9.66,5413731,116564856.00
2020/09/15,9.70,9.80,9.51,9.65,2727830,58714512.00
2020/09/16,9.63,9.91,9.52,9.80,3587565,77848736.00
2020/09/17,9.86,9.86,9.51,9.61,2871850,61775224.00
2020/09/18,9.60,9.93,9.59,9.65,3895132,84465912.00
2020/09/21,9.67,9.67,9.16,9.28,4990348,103956536.00
2020/09/22,9.23,9.23,9.00,9.02,2485237,50886536.00
2020/09/23,9.05,9.29,8.78,8.86,4661171,93862576.00
2020/09/24,8.75,8.84,8.53,8.61,3133200,61110220.00
2020/09/25,8.70,8.70,8.41,8.48,2412438,46266380.00
2020/09/28,8.51,8.65,8.28,8.30,2784256,52779572.00
2020/09/29,8.38,8.40,8.22,8.27,2917700,54734480.00
2020/09/30,8.28,8.39,8.12,8.25,2884613,54019904.00
2020/10/09,8.35,8.58,8.34,8.53,3245279,62218584.00
2020/10/12,8.57,8.78,8.51,8.76,3499031,68210968.00
2020/10/13,8.74,8.74,8.58,8.64,2033901,39518768.00
2020/10/14,8.69,8.95,8.61,8.79,5476073,108292768.00
2020/10/15,8.79,8.79,8.52,8.54,3234254,62565780.00
2020/10/16,8.51,8.70,8.39,8.60,3044753,58678956.00
2020/10/19,8.65,9.29,8.59,8.86,7793117,157409312.00
2020/10/20,8.90,9.08,8.59,8.81,5161130,101962448.00
2020/10/21,8.76,8.84,8.57,8.63,2593398,50662568.00
2020/10/22,8.62,8.84,8.48,8.78,3431981,67165360.00
2020/10/23,8.73,9.26,8.73,9.06,5749698,117167680.00
2020/10/26,8.99,9.11,8.76,8.90,3380132,67571056.00
2020/10/27,8.90,9.21,8.76,9.19,4930084,99641416.00
2020/10/28,9.65,9.70,9.30,9.61,9137791,194417376.00
2020/10/29,9.45,9.70,9.38,9.56,4835167,103169840.00
2020/10/30,9.47,9.90,9.47,9.54,4724869,102317760.00
2020/11/02,9.53,10.02,9.48,9.87,4989573,109218448.00
2020/11/03,10.00,10.00,9.73,9.90,3991925,87828336.00
2020/11/04,9.88,10.34,9.81,10.16,5090928,114738264.00
2020/11/05,10.25,11.04,10.19,10.93,8795714,208836304.00
2020/11/06,10.96,11.23,10.85,11.12,7074173,172790464.00
2020/11/09,11.13,11.21,10.85,11.02,6402550,156087872.00
2020/11/10,10.99,11.47,10.97,11.32,5674550,140314448.00
2020/11/11,11.22,11.25,10.82,10.85,6495525,157664928.00
2020/11/12,10.92,11.12,10.82,11.00,3990900,96768512.00
2020/11/13,11.10,12.18,10.90,12.18,10938458,285206944.00
2020/11/16,11.91,12.11,11.54,11.71,10003330,259706336.00
2020/11/17,11.76,12.08,11.58,11.97,6714977,174804864.00
2020/11/18,11.87,11.99,11.40,11.45,5371569,137352640.00
2020/11/19,11.42,11.65,11.15,11.28,5238154,131078448.00
2020/11/20,11.28,11.40,11.14,11.33,3488400,86822672.00
2020/11/23,11.41,11.41,10.93,11.06,4373400,107517696.00
2020/11/24,11.10,11.16,10.91,11.10,3318126,81011352.00
2020/11/25,11.09,11.14,10.73,10.73,3774200,91247880.00
2020/11/26,10.77,10.83,10.46,10.54,3722751,87339024.00
2020/11/27,10.59,10.59,10.33,10.53,2256389,52374688.00
2020/11/30,10.60,10.67,10.38,10.38,3517239,81857856.00
2020/12/01,10.40,10.83,10.36,10.58,4514783,106183856.00
2020/12/02,10.65,10.89,10.60,10.74,4174540,99480216.00
2020/12/03,10.72,10.76,10.45,10.51,2727799,63803212.00
2020/12/04,10.51,11.47,10.50,11.34,5994573,146797584.00
2020/12/07,11.33,11.37,10.85,10.85,4619194,112920472.00
2020/12/08,10.94,11.75,10.92,11.66,6095191,153552560.00
2020/12/09,11.75,11.80,11.36,11.58,5888600,150811712.00
2020/12/10,11.58,11.91,11.40,11.67,3795304,97374064.00
2020/12/11,11.70,11.79,11.23,11.45,4946724,125222064.00
2020/12/14,11.39,11.89,11.23,11.87,3925016,101264320.00
2020/12/15,11.76,11.93,11.50,11.66,3207316,82523088.00
2020/12/16,11.75,11.97,11.41,11.76,3920354,101193616.00
2020/12/17,11.74,11.78,11.28,11.50,3627520,91984624.00
2020/12/18,11.47,11.55,11.29,11.36,2682719,67378304.00
2020/12/21,11.40,11.56,11.13,11.27,3323294,82910808.00
2020/12/22,11.31,11.45,10.64,10.67,5689035,137840976.00
2020/12/23,10.69,10.91,10.50,10.71,4107299,97228688.00
2020/12/24,10.69,10.71,10.28,10.33,3345900,77842104.00
2020/12/25,10.27,10.34,9.93,10.29,4029261,91048856.00
2020/12/28,10.29,10.68,10.10,10.33,3962072,91330616.00
2020/12/29,10.37,10.58,10.26,10.28,2892172,66748500.00
2020/12/30,10.28,10.34,10.08,10.12,2690688,60990112.00
2020/12/31,10.16,10.48,10.06,10.39,2709813,62105180.00
2021/01/04,10.44,10.51,10.12,10.35,4135535,94421888.00
2021/01/05,10.31,10.31,9.97,10.08,4381877,98174600.00
2021/01/06,10.13,10.34,9.85,9.95,4150771,92946448.00
2021/01/07,9.88,9.89,9.33,9.49,6154189,131882320.00
2021/01/08,9.39,9.71,9.14,9.49,4622327,97710488.00
2021/01/11,9.49,9.49,9.15,9.25,4126707,85715880.00
2021/01/12,9.18,9.55,8.95,9.54,3403919,71324672.00
2021/01/13,9.53,9.58,9.13,9.21,3104042,64479456.00
2021/01/14,9.16,9.45,8.98,9.34,2857120,59169884.00
2021/01/15,9.36,10.01,9.33,9.63,4580366,99430632.00
2021/01/18,9.58,9.89,9.49,9.77,2806934,61042780.00
2021/01/19,9.77,10.06,9.72,9.82,2536472,55872028.00
2021/01/20,9.82,10.01,9.52,9.94,3608162,78559344.00
2021/01/21,9.94,9.98,9.80,9.85,2870297,63266096.00
2021/01/22,9.84,9.84,9.38,9.63,3248553,69553536.00
2021/01/25,9.54,9.67,9.19,9.51,3312809,70084248.00
2021/01/26,9.38,9.70,9.32,9.39,2000730,42552584.00
2021/01/27,9.39,9.67,9.20,9.40,1757445,36844736.00
2021/01/28,9.40,9.91,9.25,9.60,4066537,88079992.00
2021/01/29,9.60,9.84,9.16,9.31,4069093,86580696.00
2021/02/01,9.15,9.31,9.00,9.10,2664601,54565776.00
2021/02/02,9.12,9.50,9.05,9.42,2853216,59350212.00
2021/02/03,9.38,9.89,9.18,9.65,3843531,82494592.00
2021/02/04,9.53,9.60,8.66,8.80,4919905,99501256.00
2021/02/05,8.94,8.94,8.42,8.42,2888527,56534224.00
2021/02/08,8.44,9.12,8.44,8.97,3022206,60288448.00
2021/02/09,8.97,9.01,8.58,8.89,2717499,53868968.00
2021/02/10,8.96,9.08,8.74,8.87,1854670,37029828.00
2021/02/18,9.04,9.63,8.98,9.44,3599985,75469464.00
2021/02/19,9.37,9.90,9.37,9.81,3359936,72780848.00
2021/02/22,9.81,10.03,9.73,9.81,3634900,80091608.00
2021/02/23,9.80,9.80,9.54,9.63,2578270,55431416.00
2021/02/24,9.68,9.81,9.48,9.55,2908356,62464576.00
2021/02/25,9.63,9.94,9.58,9.72,2854500,62138816.00
2021/02/26,9.61,9.66,9.36,9.46,2364637,50099412.00
2021/03/01,9.50,9.56,9.24,9.55,2511455,52927268.00
2021/03/02,9.67,9.99,9.56,9.58,3969100,86424856.00
2021/03/03,9.53,9.92,9.33,9.86,3935863,85597008.00
2021/03/04,9.78,9.88,9.50,9.58,2860342,61740248.00
2021/03/05,9.48,9.65,9.40,9.49,2165337,46030180.00
2021/03/08,9.51,9.80,9.43,9.43,2662237,57128380.00
2021/03/09,9.39,9.51,8.80,9.00,2986800,61109084.00
2021/03/10,9.09,9.16,8.86,8.91,1743439,35129284.00
2021/03/11,8.95,9.02,8.80,8.99,1747937,35071332.00
2021/03/12,8.96,9.09,8.85,9.05,1563450,31536146.00
2021/03/15,8.95,9.12,8.74,8.82,1771683,35364180.00
2021/03/16,8.89,9.06,8.82,9.00,1623500,32755122.00
2021/03/17,8.99,9.02,8.84,8.89,1297500,25987222.00
2021/03/18,8.89,8.89,8.71,8.75,1960316,38720564.00
2021/03/19,8.65,8.96,8.65,8.82,2408752,47812540.00
2021/03/22,8.89,9.10,8.81,9.07,1894509,38258600.00
2021/03/23,9.06,9.09,8.84,8.87,1422610,28548956.00
2021/03/24,8.79,8.99,8.79,8.85,1455626,29052118.00
2021/03/25,8.80,9.03,8.80,8.86,1699728,34100732.00
2021/03/26,8.85,9.07,8.82,9.02,1571119,31682748.00
2021/03/29,9.04,9.09,8.83,8.89,1685642,33922436.00
2021/03/30,8.89,8.92,8.70,8.78,1430841,28199124.00
2021/03/31,8.82,8.82,8.54,8.65,1669133,32509894.00
2021/04/01,8.83,9.08,8.68,8.95,2334000,46631088.00
2021/04/02,8.95,9.02,8.87,8.96,1649474,33153582.00
2021/04/06,8.91,9.09,8.90,8.99,1719368,34725692.00
2021/04/07,8.99,9.15,8.86,9.13,1851392,37459892.00
2021/04/08,9.15,9.17,8.94,8.95,1431425,28995616.00
2021/04/09,8.92,9.17,8.86,9.14,1600826,32550754.00
2021/04/12,9.14,9.60,9.09,9.26,3373004,70720288.00
2021/04/13,9.24,9.36,8.86,8.88,2837951,57649396.00
2021/04/14,8.88,9.15,8.80,9.13,2447670,49368468.00
2021/04/15,9.12,9.48,9.09,9.38,3663271,76566560.00
2021/04/16,9.46,9.81,9.41,9.55,5600259,120269960.00
2021/04/19,9.57,10.28,9.57,10.12,7113229,159446480.00
2021/04/20,10.15,10.41,10.06,10.28,4684597,106905320.00
2021/04/21,10.22,10.96,10.21,10.67,6389427,151516384.00
2021/04/22,10.66,11.81,10.66,11.81,16155943,414060800.00
2021/04/23,12.31,12.69,11.72,12.02,15327752,405454112.00
2021/04/26,12.06,12.46,11.86,12.13,10870208,291710304.00
2021/04/27,11.93,12.48,11.92,12.42,7191705,193633168.00
2021/04/28,12.67,13.16,12.27,12.88,7860773,219619344.00
2021/04/29,12.78,13.53,12.63,13.22,6921271,198503376.00
2021/04/30,13.30,13.33,12.72,13.14,5587255,159294640.00
2021/05/06,13.04,13.27,12.73,13.17,5048220,144045696.00
2021/05/07,13.26,13.41,12.97,13.02,3819358,109830280.00
2021/05/10,13.02,13.36,12.94,13.02,3887750,111712184.00
2021/05/11,13.08,13.51,12.98,13.36,4446720,128909528.00
2021/05/12,13.17,13.40,12.94,13.39,3257862,93874456.00
2021/05/13,13.29,13.46,12.98,13.35,4199342,121673744.00
2021/05/14,13.38,13.44,12.78,13.34,3551942,102925456.00
2021/05/17,13.33,14.76,13.28,14.76,3955393,123254552.00
2021/05/18,15.50,16.16,14.35,14.85,10104992,331597792.00
2021/05/19,14.61,14.68,13.56,13.89,9930063,302928416.00
2021/05/20,13.56,13.66,12.42,12.42,11617393,324800032.00
2021/05/21,12.30,12.35,11.75,11.82,10068504,265195200.00
2021/05/24,11.94,12.04,11.62,11.68,6626813,172174784.00
2021/05/25,11.68,12.05,11.63,11.90,5579867,145561936.00
2021/05/26,12.05,13.17,11.99,12.68,12774988,357654208.00
2021/05/27,12.59,12.74,12.23,12.64,6989640,191880160.00
2021/05/28,12.67,12.75,12.38,12.61,4490184,123742072.00
2021/05/31,12.68,13.18,12.64,13.00,6222908,176440784.00
2021/06/01,13.22,13.78,12.88,13.30,7944219,156872864.00
2021/06/02,13.03,13.16,12.35,12.47,12334470,231124672.00
2021/06/03,12.29,12.50,11.96,12.02,9178010,166258352.00
2021/06/04,12.03,12.29,11.40,11.49,12001437,209802720.00
2021/06/07,11.62,12.22,11.62,12.10,9477654,169330464.00
2021/06/08,12.17,12.31,11.69,12.23,7056145,126849008.00
2021/06/09,12.34,12.34,11.81,11.98,5769630,102594864.00
2021/06/10,12.04,12.07,11.75,11.84,3925024,69359272.00
2021/06/11,11.72,11.95,11.64,11.65,3959642,69260864.00
2021/06/15,11.67,12.00,11.46,11.70,5374757,94047544.00
2021/06/16,11.69,11.69,11.22,11.24,5698883,96912136.00
2021/06/17,11.22,11.89,11.19,11.74,6233277,108221160.00
2021/06/18,11.71,11.87,11.48,11.76,5052316,88038232.00
2021/06/21,11.65,12.07,11.49,11.88,5580470,98034512.00
2021/06/22,11.88,11.96,11.50,11.57,4824440,83689952.00
2021/06/23,11.62,11.79,11.47,11.57,4403458,76114360.00
2021/06/24,11.43,11.65,11.34,11.46,3716355,63720512.00
2021/06/25,11.48,11.79,11.46,11.54,4176294,72164760.00
2021/06/28,11.55,12.16,11.54,11.93,7418485,131539936.00
2021/06/29,12.03,12.31,11.72,11.72,7813135,139364192.00
2021/06/30,11.72,11.84,10.80,10.94,11979486,198443216.00
2021/07/01,10.93,11.04,10.62,10.80,5137317,83173752.00
2021/07/02,10.77,11.07,10.67,10.82,4124999,67003156.00
2021/07/05,10.83,11.50,10.82,11.34,5980921,100152312.00
2021/07/06,11.46,11.55,11.01,11.18,5932216,99880536.00
2021/07/07,11.19,11.25,11.05,11.15,3221730,53524700.00
2021/07/08,11.19,11.21,10.84,10.86,4247797,69360216.00
2021/07/09,10.84,11.03,10.81,10.95,3331097,54353384.00
2021/07/12,10.96,11.12,10.85,11.05,3905837,63979396.00
2021/07/13,11.34,11.96,11.34,11.40,10895575,187681744.00
2021/07/14,11.28,11.96,11.13,11.95,11790303,204445056.00
2021/07/15,11.93,11.93,11.41,11.68,7948176,137823744.00
2021/07/16,11.68,11.87,11.56,11.79,6603972,115175624.00
2021/07/19,11.77,11.77,11.34,11.46,6003175,102523464.00
2021/07/20,11.40,11.40,11.17,11.19,4114375,69115216.00
2021/07/21,11.17,11.40,11.10,11.29,4176354,70127888.00
2021/07/22,11.27,11.31,11.05,11.09,4440877,73860456.00
2021/07/23,11.09,11.15,10.74,10.82,5628123,91520176.00
2021/07/26,10.77,10.98,10.68,10.86,4635613,75166992.00
2021/07/27,10.81,10.81,10.11,10.13,8234126,128062304.00
2021/07/28,10.03,10.05,9.36,9.76,5256554,76991696.00
2021/07/29,9.85,10.10,9.85,10.06,3513205,52771168.00
2021/07/30,10.03,10.44,9.93,10.38,3916052,60305596.00
2021/08/02,10.43,10.43,9.99,10.31,3949366,60314836.00
2021/08/03,10.30,10.71,10.28,10.54,4041584,64044860.00
2021/08/04,10.54,10.75,10.43,10.48,2765705,43636948.00
2021/08/05,10.48,10.58,10.36,10.42,2671762,41800316.00
2021/08/06,10.34,10.41,10.12,10.33,2482510,38183112.00
2021/08/09,10.27,10.63,10.24,10.59,2680040,42153252.00
2021/08/10,10.57,10.69,10.46,10.62,2543177,40223148.00
2021/08/11,10.52,10.69,10.50,10.55,2615807,41353128.00
2021/08/12,10.50,10.90,10.49,10.71,3959816,63854264.00
2021/08/13,10.72,10.77,10.45,10.52,3321760,52449904.00
2021/08/16,10.52,10.64,10.40,10.52,2531783,39879504.00
2021/08/17,10.26,10.26,9.66,9.69,7712492,114311560.00
2021/08/18,9.65,9.84,9.59,9.71,3491892,50971388.00
2021/08/19,9.77,9.93,9.71,9.77,2477902,36540164.00
2021/08/20,9.76,9.84,9.57,9.79,2562375,37248176.00
2021/08/23,9.67,9.96,9.67,9.91,2591505,38296348.00
2021/08/24,9.91,10.12,9.85,10.04,2901766,43433336.00
2021/08/25,10.09,10.23,9.99,10.10,2901392,43981160.00
2021/08/26,10.13,10.17,9.99,10.07,2301951,34824140.00
2021/08/27,10.07,10.52,9.99,10.27,4833846,74019296.00
2021/08/30,10.59,10.74,10.00,10.02,9287783,144030640.00
2021/08/31,9.88,10.10,9.49,9.72,6937426,101752368.00
2021/09/01,9.72,10.34,9.72,10.24,8190004,123873320.00
2021/09/02,10.24,10.49,10.10,10.47,6499415,99973824.00
2021/09/03,10.43,10.46,10.27,10.36,4296430,66597544.00
2021/09/06,10.36,10.72,10.24,10.62,6271621,98635592.00
2021/09/07,10.63,11.74,10.59,11.50,20496356,351743296.00
2021/09/08,11.46,12.46,11.43,12.32,25916231,457586240.00
2021/09/09,11.69,11.93,11.35,11.50,19629321,339610176.00
2021/09/10,11.33,11.53,10.95,10.98,11663579,194015200.00
2021/09/13,10.97,11.50,10.88,11.25,9783579,163862400.00
2021/09/14,11.17,11.29,10.75,10.76,9111868,148727184.00
2021/09/15,10.77,11.00,10.62,10.97,5778988,93874256.00
2021/09/16,10.99,11.43,10.91,11.11,8413515,140280768.00
2021/09/17,11.11,11.28,10.75,11.11,5927275,96907568.00
2021/09/22,10.86,11.40,10.85,11.35,6251584,104218528.00
2021/09/23,11.43,11.43,11.06,11.19,6771685,113101160.00
2021/09/24,11.25,11.48,11.12,11.40,8403478,142318368.00
2021/09/27,11.28,11.40,10.70,10.82,7285691,119561920.00
2021/09/28,10.98,10.98,10.26,10.28,7151585,111974120.00
2021/09/29,10.13,10.23,9.86,9.88,4900007,73341824.00
2021/09/30,9.88,10.05,9.84,10.01,2656235,39907232.00
2021/10/08,10.12,10.46,10.02,10.34,3058278,47098536.00
2021/10/11,10.41,10.43,10.13,10.33,2571245,39514588.00
2021/10/12,10.31,10.62,10.13,10.44,3350807,51893688.00
2021/10/13,10.47,10.62,10.35,10.57,3201775,50389968.00
2021/10/14,10.57,10.62,10.41,10.58,2194223,34531832.00
2021/10/15,10.57,10.61,10.48,10.50,1919009,30236444.00
2021/10/18,10.40,10.41,10.07,10.41,2394485,36751032.00
2021/10/19,10.36,10.47,10.27,10.28,2377655,36845372.00
2021/10/20,10.28,10.83,10.13,10.66,5326459,84483728.00
2021/10/21,10.69,10.88,10.48,10.56,3326440,53050332.00
2021/10/22,10.56,11.12,10.52,10.99,7306474,119140304.00
2021/10/25,11.07,11.24,10.81,11.00,5730946,94017120.00
2021/10/26,10.91,10.91,10.53,10.59,5092967,81328120.00
2021/10/27,10.59,10.68,10.15,10.34,3352012,51765444.00
2021/10/28,10.34,10.57,10.10,10.46,2834302,43862160.00
2021/10/29,10.49,11.20,10.24,11.17,10644875,173509168.00
2021/11/01,11.11,11.72,11.11,11.58,15287027,262971696.00
2021/11/02,11.55,11.70,11.07,11.17,10487516,177599424.00
2021/11/03,11.15,11.92,11.15,11.83,16424513,286898784.00
2021/11/04,11.86,12.84,11.57,12.69,23643425,424544192.00
2021/11/05,12.32,13.86,12.18,12.55,33592261,649924928.00
2021/11/08,12.36,13.50,12.34,13.41,25472843,488292480.00
2021/11/09,12.96,13.42,12.81,12.93,19059596,369802752.00
2021/11/10,12.96,13.91,12.96,13.58,23970591,477739040.00
2021/11/11,14.27,15.00,14.00,15.00,26283563,565484032.00
2021/11/12,14.88,15.00,14.20,14.66,28528551,615836352.00
2021/11/15,14.43,14.72,13.51,14.49,21794067,457140224.00
2021/11/16,14.27,14.46,13.69,13.81,17919685,372293088.00
2021/11/17,13.86,14.25,13.55,14.00,14986092,310689024.00
2021/11/18,13.93,13.97,12.88,13.19,21070191,415404672.00
2021/11/19,12.96,13.57,12.81,13.10,14232034,278945632.00
2021/11/22,13.07,13.53,13.03,13.27,12267882,242039632.00
2021/11/23,13.22,14.28,12.99,14.17,21484048,435740480.00
2021/11/24,14.04,14.53,13.71,14.07,19053320,396425216.00
2021/11/25,13.98,13.98,13.25,13.31,13718923,275029952.00
2021/11/26,13.15,13.46,13.00,13.19,8081218,158037424.00
2021/11/29,12.88,13.13,12.79,12.88,7732943,148419728.00
2021/11/30,13.03,13.16,12.50,12.93,9303882,177288032.00
2021/12/01,12.86,13.05,12.69,12.98,6550951,125352440.00
2021/12/02,12.95,12.95,12.36,12.45,8105026,151385056.00
2021/12/03,12.52,12.69,12.37,12.54,5013506,93414840.00
2021/12/06,12.59,12.91,12.22,12.66,7598561,141749168.00
2021/12/07,12.66,13.09,12.32,12.86,10336447,194970784.00
2021/12/08,12.84,13.34,12.70,13.25,9868851,191804928.00
2021/12/09,13.29,13.43,13.00,13.01,9578695,187374944.00
2021/12/10,12.94,13.70,12.85,13.55,14369657,286017152.00
2021/12/13,13.90,14.96,13.73,14.96,29354459,628976576.00
2021/12/14,15.34,16.52,15.22,16.52,26294179,625419520.00
2021/12/15,16.64,18.23,16.17,17.21,47006587,1182584832.00
2021/12/16,17.15,18.67,16.34,17.81,37243780,950196096.00
2021/12/17,17.39,17.79,16.75,16.93,27137103,683843648.00
2021/12/20,16.72,18.68,16.47,18.16,39904118,1039078592.00
2021/12/21,17.74,20.03,16.78,19.46,43217398,1169773440.00
2021/12/22,19.34,21.17,18.73,19.12,40262514,1166244224.00
2021/12/23,18.79,19.75,18.44,18.96,25237496,703684608.00
2021/12/24,19.34,20.38,19.01,19.50,30508866,876336384.00
2021/12/27,20.20,20.28,17.75,18.09,29533050,799984640.00
2021/12/28,18.29,18.91,17.93,18.09,23547561,634784960.00
2021/12/29,18.09,18.51,17.67,17.72,18332066,484024096.00
2021/12/30,17.72,19.29,17.52,18.86,27117174,735744896.00
2021/12/31,19.04,19.15,18.32,18.58,20512145,559112832.00
2022/01/04,18.78,20.19,18.51,19.77,27903948,796734016.00
2022/01/05,19.36,21.11,19.36,20.38,30456540,900737216.00
2022/01/06,19.85,19.85,18.81,19.18,21714944,613923200.00
2022/01/07,19.26,19.67,17.85,18.22,19599681,536643264.00
2022/01/10,18.05,19.03,17.43,18.84,17800880,481121344.00
2022/01/11,18.72,18.93,17.74,18.05,15061826,401669152.00
2022/01/12,18.51,19.39,18.51,19.13,19899154,551752512.00
2022/01/13,18.85,19.48,18.23,18.41,19885832,545408640.00
2022/01/14,18.98,20.31,18.66,20.31,29097016,841736256.00
2022/01/17,21.15,22.41,20.57,22.41,28769632,901544704.00
2022/01/18,23.02,24.10,21.41,21.97,41147645,1356308736.00
2022/01/19,21.80,22.88,21.49,21.92,25897463,833333504.00
2022/01/20,21.96,22.19,20.03,20.34,27312037,826225408.00
2022/01/21,20.91,21.49,20.34,20.53,20955419,639349056.00
2022/01/24,20.16,22.50,19.96,22.24,26453902,829312704.00
2022/01/25,21.68,22.08,20.98,21.15,18846338,591717632.00
2022/01/26,21.61,22.98,20.84,22.55,26287128,842491584.00
2022/01/27,22.03,22.81,20.24,20.24,23240360,715165440.00
2022/01/28,19.71,20.99,18.20,20.07,25068562,708551552.00
2022/02/07,19.50,19.91,18.09,18.38,20918201,577622720.00
2022/02/08,17.94,18.85,17.44,18.38,15605644,418260096.00
2022/02/09,18.23,19.47,17.81,19.04,20019250,554095168.00
2022/02/10,18.94,19.35,18.16,18.40,17388959,474952576.00
2022/02/11,18.06,18.23,16.54,16.78,24251518,615212864.00
2022/02/14,16.33,16.74,15.98,16.19,14654132,351404768.00
2022/02/15,16.24,16.70,15.98,16.22,13680348,328276416.00
2022/02/16,16.48,16.86,16.06,16.62,15381738,373429216.00
2022/02/17,16.26,16.93,16.12,16.47,15062691,364835200.00
2022/02/18,16.19,16.43,15.57,16.22,15118212,356659264.00
2022/02/21,16.20,16.77,15.97,16.55,14263784,343247840.00
2022/02/22,16.29,16.29,15.13,15.27,17901680,408994368.00
2022/02/23,15.28,15.94,15.28,15.69,12687131,293091360.00
2022/02/24,15.49,15.88,14.69,15.05,14964411,335930368.00
2022/02/25,15.31,15.80,15.22,15.37,10149132,231381440.00
2022/02/28,15.27,15.50,14.93,15.37,8387373,187999536.00
2022/03/01,15.42,15.69,15.18,15.52,9383425,213209856.00
2022/03/02,15.29,15.77,15.18,15.65,11852565,270604608.00
2022/03/03,15.66,15.74,15.16,15.25,9039599,204295824.00
2022/03/04,15.28,16.81,15.02,16.16,24820005,584936576.00
2022/03/07,15.91,16.54,15.60,16.35,19809845,470847008.00
2022/03/08,16.19,16.29,14.66,14.66,19393576,435719232.00
2022/03/09,14.29,14.62,13.19,14.00,16701470,341137504.00
2022/03/10,14.22,14.73,14.07,14.29,13059827,277124384.00
2022/03/11,13.98,14.67,13.81,14.43,9948754,209973056.00
2022/03/14,14.22,14.41,13.86,13.89,8794933,182903424.00
2022/03/15,13.69,14.00,13.27,13.28,8210609,165386848.00
2022/03/16,13.50,14.40,13.16,14.19,13023461,265336608.00
2022/03/17,14.45,15.27,14.29,14.64,14510584,316154144.00
2022/03/18,14.57,14.79,14.31,14.57,7993178,171436080.00
2022/03/21,14.71,14.91,14.50,14.77,8506229,184801424.00
2022/03/22,14.72,15.50,14.36,15.20,14977479,331124800.00
2022/03/23,15.48,15.75,15.07,15.69,17783698,404459552.00
2022/03/24,15.46,15.47,14.70,14.86,14017555,310656544.00
2022/03/25,14.61,15.51,14.61,15.10,13941697,309886496.00
2022/03/28,15.34,16.53,15.10,15.67,22130746,514093824.00
2022/03/29,15.72,16.10,15.35,15.56,15155412,349164768.00
2022/03/30,15.41,15.74,15.13,15.72,12515203,286171488.00
2022/03/31,15.64,15.88,15.29,15.42,11135062,255342736.00
2022/04/01,15.27,16.31,14.93,16.24,23533212,549446720.00
2022/04/06,16.33,16.87,16.05,16.53,20493533,495755744.00
2022/04/07,16.19,16.87,16.03,16.03,15456684,371353888.00
2022/04/08,15.88,15.98,14.54,14.65,18475148,412175968.00
2022/04/11,14.20,14.86,14.07,14.25,11464766,245383088.00
2022/04/12,14.56,14.84,13.74,14.36,11052573,231552608.00
2022/04/13,14.19,15.40,13.50,14.66,17477030,371201088.00
2022/04/14,13.97,14.32,13.79,13.90,13035136,269680416.00
2022/04/15,13.65,13.65,13.06,13.09,10513347,207622080.00
2022/04/18,13.01,13.32,12.58,13.19,6159323,118829688.00
2022/04/19,13.01,13.56,12.99,13.45,8153078,160283632.00
2022/04/20,13.52,14.09,13.50,13.50,11349452,231812832.00
2022/04/21,13.33,13.54,12.67,12.74,9252607,179064688.00
2022/04/22,12.60,12.88,12.25,12.26,6559549,121165136.00
2022/04/25,11.89,11.94,11.01,11.01,9934807,169573488.00
2022/04/26,11.00,11.27,10.62,10.63,7872400,128866016.00
2022/04/27,10.38,11.23,10.20,11.09,9192103,147467264.00
2022/04/28,10.93,11.12,10.55,10.72,7031122,113421432.00
2022/04/29,10.56,11.53,10.36,11.34,11572670,190815296.00
2022/05/05,11.31,11.38,11.12,11.19,7603256,127465096.00
2022/05/06,10.91,10.91,10.59,10.67,6948365,111496944.00
2022/05/09,10.81,11.15,10.68,10.91,5714077,93298056.00
2022/05/10,10.62,11.22,10.57,11.20,6621448,108456504.00
2022/05/11,11.14,11.65,11.10,11.10,9107106,154643888.00
2022/05/12,11.03,11.86,10.98,11.49,11952558,204828448.00
2022/05/13,11.60,11.60,11.19,11.27,6667578,112407592.00
2022/05/16,11.38,11.53,11.01,11.16,6930867,115821280.00
2022/05/17,11.40,11.40,10.63,11.08,8013467,130951344.00
2022/05/18,11.22,11.32,10.83,10.85,8068175,132722592.00
2022/05/19,10.62,10.80,10.48,10.80,7792801,124036800.00
2022/05/20,10.77,11.01,10.75,10.93,5582452,90749736.00
2022/05/23,11.61,12.08,11.54,12.08,13026014,231538336.00
2022/05/24,12.08,12.15,11.27,11.29,20336957,354715488.00
2022/05/25,11.43,12.47,11.43,12.47,19738281,353057056.00
2022/05/26,12.81,13.58,12.74,13.21,32990046,641355328.00
2022/05/27,12.84,13.02,12.48,12.74,19436141,368025312.00
2022/05/30,12.56,12.59,12.11,12.38,12712785,232459584.00
2022/05/31,12.56,12.95,12.15,12.75,16559938,309326048.00
2022/06/01,12.53,13.43,12.45,13.19,19829038,382036352.00
2022/06/02,12.99,13.03,12.61,12.90,12039366,228578512.00
2022/06/06,12.81,13.02,12.74,12.90,8378760,159961856.00
2022/06/07,12.58,12.69,12.12,12.35,11997794,220466304.00
2022/06/08,12.53,12.53,11.82,12.24,8177250,148007184.00
2022/06/09,12.15,12.27,11.72,11.85,6773497,120486944.00
2022/06/10,11.62,12.27,11.62,12.17,8635931,154694976.00
2022/06/13,12.05,12.16,11.82,11.99,7019134,124990120.00
2022/06/14,11.86,11.88,11.22,11.59,9850911,168876736.00
2022/06/15,11.58,11.85,11.52,11.52,7344360,127605568.00
2022/06/16,11.53,12.73,11.53,12.73,27308397,504903488.00
2022/06/17,12.67,12.94,12.33,12.45,22619299,421263136.00
2022/06/20,12.54,12.79,12.46,12.57,11247583,209885984.00
2022/06/21,12.57,13.34,12.35,13.17,22736625,435994112.00
2022/06/22,13.18,13.72,12.81,12.84,20597811,402529632.00
2022/06/23,12.79,12.79,12.28,12.76,13260762,247192368.00
2022/06/24,12.57,12.90,12.57,12.72,10789590,203998976.00
2022/06/27,12.75,13.35,12.62,13.05,13582199,262416576.00
2022/06/28,13.03,13.04,12.63,12.96,9497940,181153968.00
2022/06/29,12.96,13.60,12.72,13.15,17266231,337731488.00
2022/06/30,12.88,13.27,12.88,12.98,10907842,211035264.00
2022/07/01,12.98,13.07,12.61,12.65,8124598,153457072.00
2022/07/04,12.58,12.74,12.38,12.68,5382035,100458464.00
2022/07/05,12.74,12.77,12.03,12.26,9279053,169800256.00
2022/07/06,11.70,11.86,11.31,11.49,12376369,212591040.00
2022/07/07,11.40,11.58,11.16,11.50,6715155,114109048.00
2022/07/08,11.69,12.21,11.62,11.97,11138656,198486224.00
2022/07/11,12.02,12.09,11.53,11.74,7313222,128140096.00
2022/07/12,11.80,11.81,11.48,11.54,5721390,98738240.00
2022/07/13,11.70,11.91,11.62,11.67,5361157,93468928.00
2022/07/14,11.88,12.13,11.67,12.09,7470984,91244544.00
2022/07/15,11.89,12.03,11.54,11.59,8740455,104309808.00
2022/07/18,11.48,11.96,11.44,11.89,7229196,86574096.00
2022/07/19,11.79,12.37,11.76,12.24,13329164,165209952.00
2022/07/20,12.57,12.72,12.32,12.50,14532410,185221360.00
2022/07/21,12.60,13.07,12.32,12.33,14188827,181738288.00
2022/07/22,12.28,12.38,11.87,12.00,11853739,145813968.00
2022/07/25,12.04,12.16,11.62,11.89,8784931,105744720.00
2022/07/26,11.89,12.10,11.85,12.03,7723998,94190984.00
2022/07/27,11.95,12.03,11.81,11.92,4945226,60041608.00
2022/07/28,12.02,12.25,11.92,12.10,8961059,110539040.00
2022/07/29,12.17,12.22,11.82,11.89,7219425,87928960.00
2022/08/01,11.80,11.98,11.63,11.91,5049842,61017848.00
2022/08/02,11.71,11.71,11.08,11.19,9974285,114892112.00
2022/08/03,11.24,11.62,11.10,11.14,7740302,90059936.00
2022/08/04,11.29,11.37,11.10,11.32,4437021,50874916.00
2022/08/05,11.37,12.15,11.37,11.88,9632013,115652000.00
2022/08/08,11.87,12.17,11.68,12.07,7921316,96465864.00
2022/08/09,12.07,12.14,11.90,12.01,4711819,57595472.00
2022/08/10,11.99,12.26,11.88,12.15,7454853,91885072.00
2022/08/11,12.16,12.76,12.16,12.64,18173760,232580736.00
2022/08/12,12.65,13.03,12.55,12.80,14061878,183268128.00
2022/08/15,12.84,12.98,12.72,12.84,9421835,123237640.00
2022/08/16,12.87,12.90,12.67,12.74,8372976,108717248.00
2022/08/17,12.77,13.25,12.56,13.09,18045835,238177712.00
2022/08/18,13.09,13.13,12.67,12.94,11508328,150470320.00
2022/08/19,13.01,13.57,12.91,12.92,20011140,270052096.00
2022/08/22,12.82,13.35,12.63,13.18,12958313,172991792.00
2022/08/23,13.19,13.33,12.79,12.86,11908345,157115008.00
2022/08/24,12.87,13.02,12.48,12.52,9568084,123257112.00
2022/08/25,12.55,12.76,12.13,12.49,6675538,84188424.00
2022/08/26,12.48,12.74,12.34,12.36,7041996,89559752.00
2022/08/29,12.27,12.44,11.92,12.42,7337138,91168896.00
2022/08/30,12.60,13.42,12.43,13.30,26691073,356262080.00
2022/08/31,13.08,13.32,12.66,12.73,18335783,241389696.00
2022/09/01,12.83,13.02,12.35,12.40,12980415,166634368.00
2022/09/02,12.51,13.26,12.51,12.77,12656414,165972672.00
2022/09/05,12.89,13.01,12.30,12.36,10725248,136065328.00
2022/09/06,12.43,12.47,11.96,12.25,9378633,116046584.00
2022/09/07,12.17,12.23,11.85,11.89,9896122,120555552.00
2022/09/08,11.92,12.11,11.72,11.75,7126535,86314440.00
2022/09/09,11.72,11.86,11.57,11.85,4877924,58364068.00
2022/09/13,11.87,12.02,11.67,11.70,5342006,64282504.00
2022/09/14,11.54,11.61,10.77,11.61,5626311,65943116.00
2022/09/15,11.60,11.69,11.21,11.38,5410416,63189792.00
2022/09/16,11.39,11.50,10.78,11.39,5807984,67301120.00
2022/09/19,11.40,11.70,11.31,11.61,6345540,74702008.00
2022/09/20,11.62,11.83,11.45,11.61,4681751,55195668.00
2022/09/21,11.56,11.56,11.33,11.49,3561394,41644472.00
2022/09/22,11.31,11.47,11.09,11.11,5191456,59676640.00
2022/09/23,11.11,11.22,10.47,10.50,8680933,95358208.00
2022/09/26,10.49,10.49,10.13,10.19,5238408,55116716.00
2022/09/27,10.27,10.59,10.23,10.56,5408087,57547552.00
2022/09/28,10.43,10.47,9.93,9.94,7557622,78176728.00
2022/09/29,9.98,10.07,9.61,9.74,6824211,68412992.00
2022/09/30,9.73,9.81,9.50,9.71,4025943,39831616.00
2022/10/10,9.68,9.71,9.27,9.28,5557728,53694456.00
2022/10/11,9.35,9.35,9.03,9.24,4512968,42408464.00
2022/10/12,9.25,9.50,9.10,9.49,3998629,38043128.00
2022/10/13,9.39,9.65,9.39,9.60,4595501,45000448.00
2022/10/14,9.74,10.00,9.66,9.88,4838136,48795772.00
2022/10/17,9.83,10.04,9.78,9.99,4284616,43588140.00
2022/10/18,10.13,10.13,9.83,9.93,4154559,42373328.00
2022/10/19,9.85,9.93,9.68,9.71,5869727,58803992.00
2022/10/20,9.71,9.99,9.55,9.77,5451872,54605736.00
2022/10/21,9.77,9.81,9.56,9.58,3443774,34043440.00
2022/10/24,9.67,9.85,9.34,9.37,5759090,56520020.00
2022/10/25,9.37,9.65,9.17,9.56,4712962,45387668.00
2022/10/26,9.76,10.17,9.69,9.95,10998502,111553456.00
2022/10/27,9.98,10.21,9.90,10.05,7475323,76949472.00
2022/10/28,9.97,9.98,9.59,9.63,6081011,60747128.00
2022/10/31,9.65,10.04,9.54,9.96,7570886,76742672.00
2022/11/01,10.03,10.43,9.93,10.43,9897277,103599432.00
2022/11/02,11.50,11.50,11.50,11.50,3780156,44341232.00
2022/11/03,12.67,12.67,11.74,12.10,45876949,574387584.00
2022/11/04,11.88,13.05,11.56,12.47,38879869,490105024.00
2022/11/07,12.28,13.25,12.01,13.06,35594532,460020064.00
2022/11/08,12.73,12.96,12.46,12.69,19687244,253978720.00
2022/11/09,12.57,12.95,12.34,12.66,14507902,186588816.00
2022/11/10,12.66,13.28,12.53,13.04,21944740,290059136.00
2022/11/11,13.57,13.62,12.57,12.69,23045284,302873952.00
2022/11/14,12.79,12.93,12.38,12.42,16453397,210367552.00
2022/11/15,12.42,12.80,12.28,12.57,11061908,141135120.00
2022/11/16,12.62,12.95,12.57,12.65,13549454,176022288.00
2022/11/17,12.99,13.16,12.45,12.80,14543289,188274768.00
2022/11/18,12.76,13.16,12.62,12.71,15604973,203885984.00
2022/11/21,12.56,12.69,12.15,12.30,12892969,161849584.00
2022/11/22,12.27,12.53,12.17,12.26,8843972,110980632.00
2022/11/23,12.19,12.26,11.76,11.98,9490498,115500520.00
2022/11/24,11.95,12.06,11.74,11.86,6240908,75506888.00
2022/11/25,11.75,11.97,11.65,11.68,7046814,84382672.00
2022/11/28,11.31,11.73,11.31,11.61,6429506,75839136.00
2022/11/29,11.55,11.79,11.49,11.70,7189136,85619792.00
2022/11/30,11.70,11.79,11.53,11.58,6453778,76507928.00
2022/12/01,11.70,12.01,11.69,11.80,8329830,100479296.00
2022/12/02,11.79,12.08,11.68,11.93,7743002,94361496.00
2022/12/05,11.93,12.12,11.82,11.97,6612344,80602184.00
2022/12/06,11.85,11.91,11.54,11.60,8069337,95963472.00
2022/12/07,11.60,11.84,11.50,11.66,5592340,66474100.00
2022/12/08,11.65,11.70,11.44,11.53,5083947,59698940.00
2022/12/09,11.53,11.58,11.27,11.36,4732387,54825280.00
2022/12/12,11.33,11.39,11.18,11.22,4482012,51456912.00
2022/12/13,11.13,11.37,11.02,11.10,4951226,56502184.00
2022/12/14,11.08,12.23,11.03,12.23,19192824,232019744.00
2022/12/15,12.54,12.89,12.24,12.61,36570527,471369472.00
2022/12/16,12.76,12.88,12.43,12.68,25683215,331180672.00
2022/12/19,12.70,12.92,12.46,12.56,19252799,248500048.00
2022/12/20,12.58,12.76,12.14,12.42,14122158,178891232.00
2022/12/21,12.46,12.87,12.31,12.77,22699322,293753088.00
2022/12/22,12.67,12.75,12.29,12.38,16863673,214526080.00
2022/12/23,12.28,13.12,12.28,12.60,27834315,362220992.00
2022/12/26,12.37,12.74,12.34,12.55,15913814,203079440.00
2022/12/27,12.47,12.66,11.27,11.87,32662320,394524288.00
2022/12/28,11.93,13.08,11.92,12.72,49755834,643302592.00
2022/12/29,12.37,12.56,11.97,12.07,35400096,442373248.00
2022/12/30,12.10,13.30,12.10,13.30,34929584,466339840.00
2023/01/03,13.67,14.65,13.28,14.57,84557139,1197002880.00
2023/01/04,13.96,14.15,13.35,13.76,62505192,876359488.00
2023/01/05,13.67,14.30,13.49,13.93,50400245,711687360.00
2023/01/06,13.84,13.91,13.35,13.37,31303268,432396480.00
2023/01/09,13.02,13.27,12.76,12.90,27408217,362029824.00
2023/01/10,12.82,12.99,12.72,12.98,20241120,264933280.00
2023/01/11,13.22,14.26,13.17,13.42,35881091,495066080.00
2023/01/12,13.17,13.44,12.97,13.20,19739081,263721584.00
2023/01/13,13.20,13.81,12.77,13.75,29053102,398904352.00
2023/01/16,13.75,14.06,13.40,13.97,25253064,352767872.00
2023/01/17,13.94,13.94,13.35,13.35,18637591,257491584.00
2023/01/18,13.30,13.76,13.30,13.35,12982290,178454432.00
2023/01/19,13.17,13.45,13.12,13.33,10550023,142782656.00
2023/01/20,13.33,13.62,13.30,13.43,10387671,141902416.00
2023/01/30,13.63,14.25,13.43,13.98,27486015,388249088.00
2023/01/31,13.95,14.66,13.73,14.56,32243378,466837728.00
2023/02/01,14.50,14.84,14.28,14.69,26584626,393159072.00
2023/02/02,14.85,16.05,14.52,14.62,45759987,700189248.00
2023/02/03,14.74,15.31,14.37,15.17,36255102,545740288.00
2023/02/06,14.93,14.97,14.36,14.57,27480242,409120448.00
2023/02/07,14.67,16.02,14.54,15.33,41647386,646785024.00
2023/02/08,15.28,15.37,14.63,14.75,24016256,362582976.00
2023/02/09,14.52,14.70,14.19,14.61,18785263,275970688.00
2023/02/10,14.56,14.94,14.45,14.68,16233133,242826272.00
2023/02/13,14.73,15.65,14.48,15.30,25433673,386124416.00
2023/02/14,15.38,16.27,15.26,15.69,40731844,649503232.00
2023/02/15,15.82,16.05,15.06,15.87,36764959,584964160.00
2023/02/16,15.90,16.32,15.27,15.31,36473074,587835968.00
2023/02/17,15.63,15.75,14.87,14.87,21388808,329184160.00
2023/02/20,14.93,15.46,14.77,15.37,22760531,350130656.00
2023/02/21,15.18,15.60,14.92,15.20,18056363,279232672.00
2023/02/22,15.05,15.13,14.57,14.90,16163121,243419696.00
2023/02/23,14.97,15.02,14.37,14.57,14212102,210734592.00
2023/02/24,14.62,14.97,14.47,14.76,12848150,191927424.00
2023/02/27,14.57,14.61,13.95,14.01,15139865,218279968.00
2023/02/28,14.27,14.42,14.01,14.21,9369066,135360112.00
2023/03/01,14.21,14.95,14.13,14.95,20593501,307537088.00
2023/03/02,14.92,15.19,14.68,15.06,18979345,288660512.00
2023/03/03,15.03,15.03,14.49,14.75,14825987,221894656.00
2023/03/06,14.82,14.84,14.37,14.44,9712288,143110720.00
2023/03/07,14.44,14.46,13.93,13.95,11347335,163350880.00
2023/03/08,13.97,14.27,13.93,14.09,7163750,102538568.00
2023/03/09,14.10,14.36,13.81,14.18,9313544,133167440.00
2023/03/10,13.98,14.34,13.89,14.11,6883956,99010792.00
2023/03/13,13.96,14.85,13.88,14.77,18012680,265762368.00
2023/03/14,14.77,15.03,14.39,14.58,14531668,216028464.00
2023/03/15,14.76,14.80,14.12,14.20,12205850,178475504.00
2023/03/16,14.09,14.59,13.89,14.20,12994141,189036784.00
2023/03/17,14.39,15.14,14.37,14.99,26533377,400486976.00
2023/03/20,15.42,15.87,15.17,15.36,31152520,488883104.00
2023/03/21,15.41,15.80,15.16,15.70,20832697,328287232.00
2023/03/22,15.71,16.35,15.50,16.30,33553736,544730368.00
2023/03/23,16.54,17.95,16.22,17.60,58650421,1021040896.00
2023/03/24,17.73,17.92,17.12,17.55,36433754,647399488.00
2023/03/27,17.47,17.66,16.73,17.21,25382964,441344768.00
2023/03/28,17.16,17.16,16.45,16.63,18559151,315261056.00
2023/03/29,16.57,16.85,16.28,16.50,16583234,278660800.00
2023/03/30,16.51,16.62,16.04,16.27,13988260,231676624.00
2023/03/31,16.17,16.82,15.88,16.72,17274411,287030752.00
2023/04/03,16.54,16.93,16.16,16.82,24079261,404507040.00
2023/04/04,16.68,16.82,16.07,16.18,21932068,363962560.00
2023/04/06,15.75,16.03,15.27,15.48,19619160,311579072.00
2023/04/07,15.56,16.36,15.33,16.00,16354749,263610992.00
2023/04/10,16.07,16.42,15.64,15.70,22172711,359497600.00
2023/04/11,15.70,16.87,15.58,16.49,23519526,391055168.00
2023/04/12,16.49,17.06,16.30,16.97,21824178,370270240.00
2023/04/13,16.73,17.63,16.66,16.89,29695118,516256352.00
2023/04/14,16.89,16.91,16.02,16.54,19945792,333335136.00
2023/04/17,16.46,16.52,15.94,16.07,12996056,212576752.00
2023/04/18,16.17,16.58,15.67,16.27,14554527,238256800.00
2023/04/19,16.17,16.44,16.02,16.14,10992248,180723664.00
2023/04/20,16.26,17.20,16.08,17.16,25441878,434263104.00
2023/04/21,16.87,17.18,15.65,15.67,25291842,414715584.00
2023/04/24,15.65,16.74,15.58,16.17,30145511,492807232.00
2023/04/25,16.17,16.76,15.94,16.29,25379473,419836640.00
2023/04/26,16.37,16.37,14.64,14.64,40684927,618593088.00
2023/04/27,14.17,14.77,13.75,14.37,34487964,503068576.00
2023/04/28,14.27,15.46,14.18,15.27,28705898,440570912.00
2023/05/04,15.11,15.52,14.57,15.18,26291049,400623008.00
2023/05/05,15.07,15.23,14.60,15.13,18507927,280443968.00
2023/05/08,14.87,15.49,14.80,15.30,17520904,269460928.00
2023/05/09,15.16,15.39,14.57,14.74,18458332,279556064.00
2023/05/10,14.69,15.34,14.64,15.09,16741411,255124912.00
2023/05/11,15.03,16.42,14.97,15.79,32387249,518750784.00
2023/05/12,15.60,15.72,14.35,14.42,35293682,533937952.00
2023/05/15,14.46,14.64,13.83,14.15,21973290,315638112.00
2023/05/16,14.16,14.37,13.19,13.25,22065568,302931264.00
2023/05/17,13.20,13.63,13.16,13.27,13573954,184256272.00
2023/05/18,13.32,13.88,13.08,13.73,18803666,260011200.00
2023/05/19,13.63,14.14,13.47,13.96,15113430,212611088.00
2023/05/22,13.95,13.95,13.47,13.62,10937224,151613456.00
2023/05/23,13.54,13.75,13.29,13.29,8739731,119503008.00
2023/05/24,13.20,13.50,13.10,13.38,9561411,129531000.00
2023/05/25,13.26,13.64,13.16,13.38,10804596,147145936.00
2023/05/26,13.30,13.78,13.18,13.72,12745690,176002768.00
2023/05/29,13.73,14.02,13.70,13.96,13231547,186818480.00
2023/05/30,13.91,14.28,13.60,14.25,15156238,215939168.00
2023/05/31,14.17,14.84,14.17,14.71,19227547,284880960.00
2023/06/01,14.73,15.24,14.45,15.07,21899276,332840704.00
2023/06/02,15.25,15.42,14.77,15.02,21198979,324011264.00
2023/06/05,15.32,16.02,15.12,15.71,25119328,398530656.00
2023/06/06,15.87,16.04,15.01,15.08,24488769,383836160.00
2023/06/07,15.18,15.61,15.00,15.46,16736154,260909152.00
2023/06/08,15.43,15.52,14.95,15.17,12250819,188754352.00
2023/06/09,15.16,15.60,14.96,15.51,17320488,269308576.00
2023/06/12,15.50,15.66,15.41,15.50,11633432,183471664.00
2023/06/13,15.37,15.85,15.32,15.64,16153664,256596768.00
2023/06/14,15.63,15.91,15.43,15.47,14653040,231951056.00
2023/06/15,15.58,15.72,15.21,15.31,12557643,197086048.00
2023/06/16,15.13,15.61,15.02,15.48,12357569,193527344.00
2023/06/19,15.48,15.57,15.31,15.47,10646507,167017248.00
2023/06/20,15.22,15.48,15.17,15.29,9308288,144231328.00
2023/06/21,15.16,15.30,14.25,14.25,15691689,232608896.00
2023/06/26,14.22,14.52,13.49,13.54,12628007,177390432.00
2023/06/27,13.56,13.75,13.45,13.63,9132674,126480256.00
2023/06/28,13.70,13.70,12.95,13.37,10953065,146740768.00
2023/06/29,13.40,13.54,13.25,13.47,8565471,116641600.00
2023/06/30,13.47,13.82,13.27,13.70,12479234,171960736.00
2023/07/03,13.72,14.41,13.60,14.11,19181374,271706176.00
2023/07/04,13.99,14.46,13.90,14.30,13425706,192878480.00
2023/07/05,14.30,14.30,13.66,13.67,13562656,191188784.00
2023/07/06,13.68,14.00,13.68,13.77,10983818,153888272.00
2023/07/07,13.74,13.76,13.25,13.64,8941950,122791184.00
2023/07/10,13.70,13.87,13.60,13.83,7945450,110887672.00
2023/07/11,13.80,13.82,13.55,13.75,8080218,112178336.00
2023/07/12,13.71,13.85,13.43,13.50,10012157,138472496.00
2023/07/13,13.56,13.78,13.45,13.75,12497973,172622704.00
2023/07/14,13.85,14.06,13.75,13.77,11026504,155130640.00
2023/07/17,13.75,13.82,13.55,13.67,9254832,128040120.00
2023/07/18,13.65,13.66,13.25,13.29,10601762,143955824.00
2023/07/19,13.29,13.52,13.25,13.39,10015666,135920528.00
2023/07/20,13.48,13.50,13.03,13.07,12222092,164076432.00
2023/07/21,13.11,13.24,12.91,12.98,8665951,114945024.00
2023/07/24,13.01,13.24,12.88,13.11,7458824,99198320.00
2023/07/25,13.28,13.80,13.22,13.68,16818351,231626960.00
2023/07/26,13.61,13.68,13.24,13.28,12264381,167240736.00
2023/07/27,13.31,13.37,12.85,12.90,14704445,194386768.00
2023/07/28,12.88,12.88,12.60,12.79,10838553,140207696.00
2023/07/31,12.77,13.09,12.64,13.02,9992286,131530704.00
2023/08/01,13.00,13.00,12.80,12.84,8863290,115709200.00
2023/08/02,12.76,12.79,12.56,12.63,9784254,125514360.00
2023/08/03,12.56,12.73,12.46,12.68,7936953,101769896.00
2023/08/04,12.68,13.54,12.67,13.36,26948108,362394080.00
2023/08/07,13.41,13.51,13.10,13.17,14456184,194811024.00
2023/08/08,13.14,13.39,13.06,13.30,11947802,161023520.00
2023/08/09,13.20,13.43,13.06,13.10,11171917,150141552.00
2023/08/10,13.05,13.22,13.00,13.15,7795371,103711432.00
2023/08/11,13.15,13.18,12.78,12.79,6649622,87410936.00
2023/08/14,12.40,12.77,12.30,12.75,8102473,103144488.00
2023/08/15,12.75,12.84,12.36,12.44,7047969,89691408.00
2023/08/16,12.36,12.48,11.99,11.99,10295068,127039880.00
2023/08/17,11.96,12.22,11.85,12.14,8794492,108131424.00
2023/08/18,12.13,12.29,11.77,11.77,8455058,103076024.00
2023/08/21,11.73,12.09,11.73,11.78,7505458,90948864.00
2023/08/22,11.88,12.18,11.79,12.16,10816057,131911144.00
2023/08/23,12.18,12.22,11.88,12.04,10478777,128697816.00
2023/08/24,12.13,12.48,12.05,12.33,9698001,121315280.00
2023/08/25,12.33,12.34,11.69,11.81,10694648,129916128.00
2023/08/28,12.40,12.56,11.82,11.87,10845973,133869824.00
2023/08/29,11.90,12.63,11.84,12.58,13726329,172785600.00
2023/08/30,12.67,12.87,12.57,12.82,11060221,142819184.00
2023/08/31,12.71,12.82,12.48,12.55,10448304,133503328.00
2023/09/01,12.51,12.63,12.34,12.48,9744195,123245920.00
2023/09/04,12.48,12.70,12.48,12.61,9704557,124003320.00
2023/09/05,12.58,12.58,12.30,12.34,9697136,122243824.00
2023/09/06,12.31,12.35,12.11,12.33,6971400,86762376.00
2023/09/07,12.30,12.52,12.13,12.19,10953488,136985888.00
2023/09/08,12.11,12.11,11.92,11.97,7455855,90834080.00
2023/09/11,12.35,12.93,12.27,12.62,29554561,378284000.00
2023/09/12,12.60,12.60,12.21,12.30,19622896,245655808.00
2023/09/13,12.35,12.35,11.71,11.87,19183823,232484464.00
2023/09/14,11.87,11.87,11.51,11.71,12106788,143283952.00
2023/09/15,11.71,11.89,11.55,11.74,9335674,111171816.00
2023/09/18,11.67,11.74,11.46,11.57,8891842,104909704.00
2023/09/19,11.60,11.61,11.33,11.34,7727107,89868336.00
2023/09/20,11.52,11.52,11.12,11.16,8342239,95841728.00
2023/09/21,11.15,11.29,11.03,11.06,7432320,84235944.00
2023/09/22,11.00,11.72,10.91,11.67,15596763,181771408.00
2023/09/25,11.69,11.88,11.28,11.31,14282275,167076784.00
2023/09/26,11.36,11.57,11.25,11.46,8927530,103928888.00
2023/09/27,11.42,11.60,11.38,11.39,7607209,88830160.00
2023/09/28,11.49,11.60,11.40,11.58,7366739,86302176.00
2023/10/09,11.48,11.58,11.33,11.39,8244008,95933520.00
2023/10/10,11.41,11.55,11.31,11.53,8332220,96738288.00
2023/10/11,11.51,12.02,11.38,11.82,16062700,192172576.00
2023/10/12,11.88,11.94,11.56,11.87,10845235,129722616.00
2023/10/13,11.78,12.10,11.66,11.69,10052541,121087744.00
2023/10/16,11.69,11.75,11.26,11.35,10877138,126151568.00
2023/10/17,11.38,11.50,11.27,11.42,5569331,64507356.00
2023/10/18,11.35,11.37,11.14,11.27,5978945,68381816.00
2023/10/19,11.19,11.49,11.18,11.29,6750986,77971112.00
2023/10/20,11.17,11.29,10.86,10.86,8394882,94059368.00
2023/10/23,10.81,10.99,10.56,10.62,7200005,78808744.00
2023/10/24,10.77,11.19,10.77,11.07,10253825,115298400.00
2023/10/25,11.09,11.65,11.09,11.39,10678931,124299120.00
2023/10/26,11.37,11.39,11.02,11.22,9352073,106401336.00
2023/10/27,11.15,11.54,10.98,11.47,10037806,115198384.00
2023/10/30,11.67,12.06,11.55,11.95,16768712,202330368.00
2023/10/31,12.10,12.13,11.69,11.79,11562838,139175536.00
2023/11/01,11.82,11.96,11.71,11.75,8473497,101759216.00
2023/11/02,11.82,12.37,11.77,11.89,24439520,300408160.00
2023/11/03,11.92,12.07,11.69,12.00,14488798,175976576.00
2023/11/06,12.17,12.60,12.10,12.52,31700102,398881408.00
2023/11/07,12.53,13.38,12.37,13.10,36965429,483793696.00
2023/11/08,12.99,13.29,12.96,13.27,39746891,529175872.00
2023/11/09,13.11,13.34,13.00,13.01,21776891,290320448.00
2023/11/10,12.95,13.05,12.58,12.65,21196960,273761344.00
2023/11/13,12.66,13.47,12.50,13.10,23381770,310387712.00
2023/11/14,13.05,13.14,12.80,12.94,16055879,211197472.00
2023/11/15,13.06,13.21,12.79,12.90,16505655,217448096.00
2023/11/16,12.80,13.04,12.71,12.89,11173665,146514368.00
2023/11/17,12.81,13.04,12.70,12.79,10621092,138340256.00
2023/11/20,12.80,12.92,12.72,12.82,11290504,147150944.00
2023/11/21,13.00,13.07,12.81,12.82,13664713,179223392.00
2023/11/22,12.72,13.19,12.68,12.89,16234129,214013904.00
2023/11/23,12.89,12.90,12.55,12.78,11482422,148242384.00
2023/11/24,12.78,12.93,12.53,12.61,12701386,163471840.00
2023/11/27,12.46,12.59,12.28,12.48,11577022,145977040.00
2023/11/28,12.45,12.56,12.26,12.46,8589456,108262608.00
2023/11/29,12.48,12.54,12.23,12.25,6830075,85418368.00
2023/11/30,12.21,12.32,11.97,12.09,7711955,94773904.00
2023/12/01,12.09,12.92,12.08,12.88,24097990,309713248.00
2023/12/04,12.78,13.05,12.77,12.88,14537098,190822816.00
2023/12/05,12.84,12.88,12.30,12.32,10487198,133448464.00
2023/12/06,12.33,13.09,12.17,12.83,17455860,224713648.00
2023/12/07,12.83,13.14,12.80,13.05,21170286,279599936.00
2023/12/08,14.38,14.38,13.29,13.37,67429088,939202112.00
2023/12/11,13.28,13.55,13.12,13.50,43790070,593747200.00
2023/12/12,13.40,13.91,13.40,13.62,39818227,552270144.00
2023/12/13,13.63,13.69,13.20,13.24,28125959,382943008.00
2023/12/14,13.34,13.82,13.18,13.47,33500267,460987072.00
2023/12/15,13.61,13.88,13.42,13.67,33816120,469122144.00
2023/12/18,13.67,13.85,13.28,13.32,24460036,335889472.00
2023/12/19,13.26,13.66,13.18,13.64,18682165,255748976.00
2023/12/20,13.69,14.36,13.60,13.67,44283030,624917056.00
2023/12/21,13.31,14.08,13.30,13.80,36238773,506873952.00
2023/12/22,13.80,14.38,13.13,13.26,57442811,804465408.00
2023/12/25,13.27,13.60,12.46,13.14,31732453,418136096.00
2023/12/26,13.08,13.17,12.41,12.61,21976543,283378528.00
2023/12/27,12.70,12.98,12.42,12.92,20278671,263219424.00
2023/12/28,12.92,12.95,12.50,12.87,20470546,265717136.00
2023/12/29,12.75,14.18,12.70,14.18,49091314,690882816.00
2024/01/02,14.80,14.80,13.90,13.93,67800807,984076416.00
2024/01/03,13.93,14.37,13.80,14.08,45988239,656517888.00
2024/01/04,14.11,15.04,13.95,14.62,68530035,1010136960.00
2024/01/05,14.36,14.50,13.73,13.95,45965085,657390016.00
2024/01/08,13.82,14.55,13.41,14.33,44069160,631420864.00
2024/01/09,14.20,14.64,13.93,14.09,31242105,449745472.00
2024/01/10,13.91,13.99,13.00,13.02,35754229,481881344.00
2024/01/11,13.06,13.65,13.06,13.56,27868830,379716128.00
2024/01/12,13.35,13.60,12.95,12.99,21818177,292966880.00
2024/01/15,12.99,13.32,12.66,13.06,17025091,225134032.00
2024/01/16,13.00,13.00,12.13,12.52,29682842,376928128.00
2024/01/17,12.35,12.40,11.60,11.68,26116820,315779008.00
2024/01/18,11.46,11.78,11.23,11.76,20403954,238773888.00
2024/01/19,11.65,12.17,11.64,12.00,24727218,301113248.00
2024/01/22,11.94,12.10,10.96,11.12,22050377,258429168.00
2024/01/23,11.10,11.49,10.85,11.40,16774569,192661648.00
2024/01/24,11.47,11.80,11.05,11.75,18976606,219847152.00
2024/01/25,11.62,12.01,11.45,11.93,22188581,265769920.00
2024/01/26,12.28,12.73,12.05,12.10,33375946,419049216.00
2024/01/29,12.03,12.43,11.61,12.16,26809222,330015904.00
2024/01/30,11.85,11.97,11.37,11.40,19561746,232398896.00
2024/01/31,11.34,11.78,11.14,11.15,18283283,213988656.00
2024/02/01,11.00,11.42,10.65,11.04,16943088,190246592.00
2024/02/02,11.05,11.38,10.70,11.16,21922903,247628928.00
2024/02/05,10.99,11.00,10.02,10.02,24177252,253529296.00
2024/02/06,9.70,10.89,9.61,10.70,19451898,205139680.00
2024/02/07,10.70,11.20,10.60,10.82,20276171,225393856.00
2024/02/08,10.90,11.45,10.90,11.44,20852463,238415184.00
2024/02/19,12.00,12.39,11.71,12.38,33460447,410029504.00
2024/02/20,12.20,12.29,11.90,12.20,26385430,324618272.00
2024/02/21,12.05,12.52,11.92,12.07,27448134,341158304.00
2024/02/22,12.00,12.39,12.00,12.25,21548106,267397488.00
2024/02/23,12.45,12.80,12.14,12.72,34201251,434444576.00
2024/02/26,12.57,12.99,12.35,12.65,29634986,379513504.00
2024/02/27,12.56,13.02,12.45,12.96,27473394,357076032.00
2024/02/28,12.90,13.17,12.02,12.05,37297130,480591136.00
2024/02/29,11.95,12.57,11.92,12.56,21968149,276843392.00
2024/03/01,12.59,12.68,12.37,12.67,22519204,287150624.00
2024/03/04,12.62,13.14,12.21,13.12,35874089,461356096.00
2024/03/05,12.85,13.03,12.63,12.75,28244685,367863296.00
2024/03/06,12.70,12.88,12.47,12.72,20084149,258469696.00
2024/03/07,12.68,12.75,12.18,12.18,20395518,257528048.00
2024/03/08,12.20,12.35,12.03,12.30,15108834,187450432.00
2024/03/11,12.40,12.73,12.30,12.72,25069287,319647072.00
2024/03/12,12.65,12.78,12.53,12.75,20397575,262744288.00
2024/03/13,12.75,13.29,12.71,13.03,38113135,505551584.00
2024/03/14,12.89,12.92,12.50,12.70,21251311,274769984.00
2024/03/15,12.61,12.72,12.37,12.71,16333563,208172544.00
2024/03/18,12.72,13.05,12.63,13.02,24059469,314495456.00
2024/03/19,13.05,13.15,12.92,12.95,20359182,269247520.00
2024/03/20,12.97,13.38,12.95,13.28,30257293,404756128.00
2024/03/21,13.37,13.66,13.28,13.29,32935588,448899136.00
2024/03/22,13.22,13.80,13.06,13.65,39381052,537897792.00
2024/03/25,13.80,13.80,13.06,13.12,31352605,427429088.00
2024/03/26,12.96,13.07,12.39,12.60,25900897,334417120.00
2024/03/27,12.55,12.76,11.90,11.91,19304120,239311040.00
2024/03/28,11.86,12.41,11.85,12.28,14988006,186367104.00
2024/03/29,12.18,12.33,12.00,12.33,10997863,135773232.00
2024/04/01,12.40,12.66,12.40,12.65,13437746,171598704.00
2024/04/02,12.65,12.65,12.17,12.22,14631258,183137792.00
2024/04/03,12.20,12.21,11.82,11.90,13522112,164085232.00
2024/04/08,11.91,11.91,11.60,11.64,9544134,113603248.00
2024/04/09,11.56,11.83,11.56,11.83,7546303,90089400.00
2024/04/10,11.74,11.75,11.30,11.42,11578710,135466688.00
2024/04/11,11.36,11.67,11.32,11.53,10938944,128714088.00
2024/04/12,11.53,11.61,11.31,11.33,8910089,103693568.00
2024/04/15,11.31,11.42,10.94,11.23,10926218,124221792.00
2024/04/16,11.19,11.20,10.65,10.69,12354743,136590688.00
2024/04/17,10.94,11.46,10.92,11.43,12764402,145688768.00
2024/04/18,11.29,11.48,11.15,11.26,11675490,134566800.00
2024/04/19,11.17,11.35,11.10,11.11,8098929,92232088.00
2024/04/22,10.85,11.14,10.75,11.03,6537874,72973368.00
2024/04/23,11.13,11.33,11.11,11.16,7734728,88302440.00
2024/04/24,11.19,11.53,11.14,11.53,10216051,118352608.00
2024/04/25,11.48,11.59,11.33,11.59,10253571,119605384.00
2024/04/26,10.69,11.50,10.42,11.11,30565097,337284032.00
2024/04/29,11.05,11.20,10.91,11.08,17459230,196514000.00
2024/04/30,11.13,11.21,10.80,10.87,12123214,135242272.00
2024/05/06,11.05,11.23,10.86,10.97,13434160,150943936.00
2024/05/07,10.96,11.13,10.90,10.98,10229072,114600544.00
2024/05/08,10.93,10.93,10.55,10.58,13091116,142434032.00
2024/05/09,10.60,10.98,10.59,10.78,9997406,109583368.00
2024/05/10,10.87,10.87,10.57,10.61,8775300,95202208.00
2024/05/13,10.50,10.51,10.22,10.26,9143803,96403352.00
2024/05/14,10.40,10.51,10.31,10.40,7571982,80327368.00
2024/05/15,10.44,10.48,10.25,10.28,6322234,66709936.00
2024/05/16,10.36,10.42,10.23,10.32,6152034,64868260.00
2024/05/17,10.33,10.40,10.12,10.30,7743292,80578808.00
2024/05/20,10.30,10.45,10.22,10.44,7108234,75198632.00
2024/05/21,10.50,10.60,10.42,10.49,9687778,103797008.00
2024/05/22,10.49,10.62,10.37,10.62,7649449,81998680.00
2024/05/23,10.59,10.60,10.34,10.35,7231569,76874488.00
2024/05/24,10.34,10.42,10.12,10.13,6068834,63256660.00
2024/05/27,10.13,10.20,9.95,10.14,5841894,59848720.00
2024/05/28,10.10,10.14,9.90,9.91,5225532,53104664.00
2024/05/29,9.91,10.01,9.84,9.88,4582735,46328092.00
2024/05/30,9.86,10.00,9.73,9.93,4205628,42575544.00
2024/05/31,9.95,10.08,9.95,10.06,3867970,39565884.00
2024/06/03,10.06,10.06,9.77,9.82,5369281,54036928.00
2024/06/04,9.80,9.80,9.61,9.67,5638620,55639600.00
2024/06/05,9.65,9.72,9.58,9.59,3336986,32845176.00
2024/06/06,9.18,9.26,8.61,8.61,18850462,168820512.00
2024/06/07,8.64,8.90,8.58,8.80,11135404,97420512.00
2024/06/11,8.79,8.97,8.61,8.93,7481230,66049000.00
2024/06/12,8.99,9.16,8.91,9.13,6344447,57670248.00
2024/06/13,9.14,9.19,9.05,9.11,6076278,55451888.00
2024/06/14,9.15,9.17,9.00,9.12,5018736,45578904.00
2024/06/17,9.10,9.14,9.01,9.03,4629412,41993456.00
2024/06/18,9.02,9.23,9.00,9.16,5764909,52866600.00
2024/06/19,9.22,9.24,9.00,9.01,4486276,40766912.00
2024/06/20,9.00,9.03,8.68,8.70,6929335,61065628.00
2024/06/21,8.67,8.78,8.58,8.62,4012496,34738680.00
2024/06/24,8.57,8.57,8.21,8.24,7952628,66323680.00
2024/06/25,8.25,8.41,8.19,8.26,4642787,38482520.00
2024/06/26,8.26,8.78,8.22,8.76,8711637,74371664.00
2024/06/27,8.70,8.88,8.66,8.69,6832394,59962432.00
2024/06/28,8.67,8.84,8.51,8.54,5992265,52056776.00
2024/07/01,8.47,8.56,8.30,8.45,5452527,45859768.00
2024/07/02,8.42,8.57,8.40,8.44,4217632,35808224.00
2024/07/03,8.48,8.50,8.26,8.28,4167482,34736216.00
2024/07/04,8.28,8.37,7.86,7.90,9722690,77950632.00
2024/07/05,7.87,8.04,7.80,8.04,5038318,40049264.00
2024/07/08,8.04,8.04,7.67,7.69,6239371,48531584.00
2024/07/09,7.69,7.84,7.50,7.78,7554976,57970816.00
2024/07/10,7.03,7.14,7.00,7.00,11435704,80171216.00
2024/07/11,6.90,7.31,6.90,7.25,17236182,123977008.00
2024/07/12,7.25,7.34,7.15,7.16,8147733,58907856.00
2024/07/15,7.23,7.23,6.98,7.07,7283980,51454144.00
2024/07/16,7.11,7.22,6.99,7.19,7580110,54034612.00
2024/07/17,7.22,7.29,7.15,7.17,5903681,42546424.00
2024/07/18,7.14,7.19,6.98,7.17,6010506,42572992.00
2024/07/19,7.13,7.25,7.09,7.21,5949052,42810248.00
2024/07/22,7.21,7.35,7.13,7.32,5695112,41408120.00
2024/07/23,7.34,7.38,7.13,7.13,5191028,37734832.00
2024/07/24,7.12,7.18,6.93,6.95,6078500,42693072.00
2024/07/25,6.88,7.11,6.81,7.06,4901491,34298848.00
2024/07/26,7.04,7.19,7.02,7.13,4531056,32262634.00
2024/07/29,7.13,7.20,7.00,7.13,5022016,35729112.00
2024/07/30,7.13,7.25,7.07,7.18,5045084,36183204.00
2024/07/31,7.20,7.55,7.18,7.55,8243549,61229704.00
2024/08/01,7.58,7.69,7.44,7.50,5848419,44108720.00
2024/08/02,7.48,7.56,7.35,7.36,4129044,30800424.00
2024/08/05,7.35,7.55,7.18,7.18,7288894,53541992.00
2024/08/06,7.27,7.41,7.25,7.39,5940207,43519732.00
2024/08/07,7.37,7.42,7.32,7.34,4412794,32468148.00
2024/08/08,7.32,7.41,7.15,7.32,4576704,33357482.00
2024/08/09,7.34,7.42,7.15,7.16,5267900,38241116.00
2024/08/12,7.16,7.18,7.02,7.05,3652874,25829632.00
2024/08/13,7.04,7.15,6.98,7.10,4112251,29060328.00
2024/08/14,7.08,7.20,7.03,7.16,4242409,30272496.00
2024/08/15,7.12,7.50,7.08,7.35,9071152,66638800.00
2024/08/16,7.36,7.44,7.30,7.31,5941042,43741868.00
2024/08/19,7.31,7.39,7.23,7.29,4234892,30985336.00
2024/08/20,7.28,7.35,7.14,7.22,5607628,40469960.00
2024/08/21,7.20,7.38,7.04,7.06,6573927,47197476.00
2024/08/22,7.02,7.16,6.76,6.79,8662860,59900400.00
2024/08/23,6.85,7.06,6.67,6.82,8607005,58922064.00
2024/08/26,6.78,6.91,6.69,6.78,5120342,34871584.00
2024/08/27,6.72,6.82,6.58,6.59,5821883,38735740.00
2024/08/28,6.56,6.73,6.49,6.69,5548742,36792336.00
2024/08/29,6.65,6.90,6.62,6.85,5066100,34431816.00
2024/08/30,6.85,7.21,6.80,7.12,7870885,55713804.00
2024/09/02,7.12,7.49,6.89,7.21,20355762,146285920.00
2024/09/03,7.42,7.93,7.32,7.93,45733221,355252800.00
2024/09/04,7.84,8.65,7.73,8.11,54778956,447163264.00
2024/09/05,7.90,8.12,7.58,8.12,41329455,324126272.00
2024/09/06,8.02,8.35,7.75,7.75,34972585,280541248.00
2024/09/09,7.87,8.03,7.58,7.61,26993613,208807120.00
2024/09/10,7.71,7.75,7.28,7.67,25216800,188625984.00
2024/09/11,7.41,7.55,7.30,7.36,18443643,136027520.00
2024/09/12,7.36,7.54,7.06,7.09,21304411,154606704.00
2024/09/13,7.08,7.10,6.78,6.79,16215397,111512136.00
2024/09/18,6.80,6.85,6.52,6.58,10583206,70103240.00
2024/09/19,6.64,6.81,6.53,6.79,12047367,80832168.00
2024/09/20,6.80,6.80,6.60,6.68,9717510,64849296.00
2024/09/23,6.65,6.77,6.58,6.72,8343064,55885472.00
2024/09/24,6.76,7.04,6.60,7.04,17189598,117661600.00
2024/09/25,7.09,7.49,7.09,7.26,19180757,139915856.00
2024/09/26,7.23,7.51,7.21,7.51,15509125,114226504.00
2024/09/27,7.56,7.90,7.52,7.82,15870384,122453984.00
2024/09/30,8.18,8.59,7.92,8.59,33579104,279183712.00
2024/10/08,9.45,9.45,8.54,9.09,37829842,340615040.00
2024/10/09,8.90,8.90,8.18,8.18,27962607,234380816.00
2024/10/10,8.20,8.40,7.81,7.99,19693933,158895216.00
2024/10/11,7.95,7.96,7.50,7.56,14232998,109824736.00
2024/10/14,7.57,8.02,7.54,7.98,15226709,118594720.00
2024/10/15,7.98,8.10,7.78,7.82,13076866,103926408.00
2024/10/16,7.65,8.20,7.63,8.06,16099327,128609160.00
2024/10/17,8.12,8.21,7.92,7.93,13704632,110267472.00
2024/10/18,7.93,8.20,7.81,8.04,16345038,130742056.00
2024/10/21,8.06,8.39,8.06,8.27,17460024,144230368.00
2024/10/22,8.27,8.64,8.21,8.43,20767916,174715904.00
2024/10/23,8.40,8.44,8.16,8.20,21641808,179827408.00
2024/10/24,8.22,8.26,8.05,8.14,12684833,103349368.00
2024/10/25,8.08,8.42,8.08,8.40,16290346,135576448.00
2024/10/28,8.41,8.58,8.37,8.53,14951828,127048408.00
2024/10/29,8.63,8.70,8.16,8.17,18681165,156069024.00
2024/10/30,8.10,8.47,8.03,8.38,17109617,142239872.00
2024/10/31,8.39,8.85,8.25,8.60,24828171,212613920.00
2024/11/01,8.62,8.72,8.13,8.15,20447575,170701840.00
2024/11/04,8.08,8.38,8.06,8.32,10755002,88811984.00
2024/11/05,8.35,8.68,8.26,8.61,18211788,155597392.00
2024/11/06,8.57,9.30,8.53,8.89,32077067,286055552.00
2024/11/07,8.80,9.03,8.75,9.00,19615276,175412464.00
2024/11/08,9.03,9.26,8.90,8.95,37203925,338368800.00
2024/11/11,8.83,9.20,8.75,9.13,28520234,258001488.00
2024/11/12,9.30,9.37,8.89,9.00,23554690,214950096.00
2024/11/13,8.92,9.22,8.91,9.09,18842636,171065152.00
2024/11/14,9.07,9.28,8.91,8.98,27292968,248390384.00
2024/11/15,9.05,9.45,8.95,8.99,36447341,336612928.00
2024/11/18,9.05,9.10,8.30,8.37,29969994,255338144.00
2024/11/19,8.36,8.58,8.24,8.58,15588599,131271472.00
2024/11/20,8.56,9.20,8.55,9.19,32493180,291001856.00
2024/11/21,9.20,9.29,9.03,9.14,23984695,219761952.00
2024/11/22,9.11,9.40,8.88,8.88,26122256,239627840.00
数据来源:通达信
