603813 原尚股份 日线 前复权
      日期	    开盘	    最高	    最低	    收盘	    成交量	    成交额
2017/09/18,13.41,13.41,13.41,13.41,7600,111264.00
2017/09/19,14.87,14.87,14.87,14.87,2747,44227.00
2017/09/20,16.48,16.48,16.48,16.48,5119,90657.00
2017/09/21,18.25,18.25,18.25,18.25,13646,265824.00
2017/09/22,20.20,20.20,20.20,20.20,37541,804504.00
2017/09/25,22.34,22.34,22.34,22.34,26541,625571.00
2017/09/26,24.70,24.70,24.70,24.70,39542,1025324.00
2017/09/27,27.29,27.29,27.29,27.29,51689,1474170.00
2017/09/28,30.14,30.14,30.14,30.14,97707,3065069.00
2017/09/29,33.28,33.28,33.28,33.28,161927,5588101.00
2017/10/09,36.73,36.73,36.73,36.73,361829,13735029.00
2017/10/10,34.73,40.53,33.35,40.53,15861207,617137216.00
2017/10/11,39.78,44.71,38.95,44.71,14601559,628095488.00
2017/10/12,48.77,49.30,45.27,49.30,12215644,602976320.00
2017/10/13,49.77,54.35,47.77,54.35,14583458,771106560.00
2017/10/16,53.72,53.76,48.79,48.79,4185655,216765472.00
2017/10/17,45.76,53.79,44.80,53.79,14610055,744216896.00
2017/10/18,52.77,53.27,48.29,48.52,12858119,667417984.00
2017/10/19,47.20,50.65,45.77,47.78,9639650,476828704.00
2017/10/20,48.24,52.05,47.22,49.39,11366821,578024128.00
2017/10/23,49.77,54.27,48.85,52.46,12234953,651324800.00
2017/10/24,48.77,49.55,47.09,47.09,8527004,417577216.00
2017/10/25,45.32,46.06,43.78,44.77,7874719,362015200.00
2017/10/26,44.27,44.75,42.89,43.31,6233802,278723680.00
2017/10/27,43.10,43.93,41.48,41.70,5088604,223530976.00
2017/10/30,40.77,41.43,37.52,37.74,5030761,202532272.00
2017/10/31,38.40,41.44,38.07,40.81,7193379,296094624.00
2017/11/01,40.79,41.14,38.87,39.92,5433194,223900352.00
2017/11/02,40.27,42.06,39.77,40.98,5681478,240718960.00
2017/11/03,40.68,41.76,40.17,41.04,4639226,196430032.00
2017/11/06,41.79,43.17,41.19,41.46,4398803,189522544.00
2017/11/07,40.77,41.37,39.77,41.27,4461445,185163312.00
2017/11/08,40.81,43.65,40.58,42.71,7846223,342858624.00
2017/11/09,41.79,42.23,40.87,41.24,5458319,232923360.00
2017/11/10,41.42,41.42,38.78,40.21,5448576,223385040.00
2017/11/13,39.83,40.08,38.45,38.83,4348094,175434128.00
2017/11/14,38.67,38.77,37.58,37.82,3371267,132253056.00
2017/11/15,37.32,37.76,35.57,35.94,3772798,141622736.00
2017/11/16,36.07,36.66,35.78,36.04,2646048,99237136.00
2017/11/17,35.79,36.24,32.31,32.32,3696971,128773240.00
2017/11/20,32.17,33.15,29.90,32.95,2906803,96466024.00
2017/11/21,32.57,32.97,30.59,32.14,2356193,78070104.00
2017/11/22,32.04,32.57,31.19,31.61,1631574,53956980.00
2017/11/23,31.56,31.56,28.89,29.09,2241292,70640688.00
2017/11/24,28.65,29.65,28.56,28.77,1557507,47229228.00
2017/11/27,28.77,29.49,28.22,28.64,1467505,44251196.00
2017/11/28,28.44,29.62,28.44,29.59,1739907,52979712.00
2017/11/29,29.72,29.72,28.78,29.30,1690507,51403144.00
2017/11/30,29.20,30.05,29.19,29.61,1906559,58802504.00
2017/12/01,29.61,29.61,28.84,29.44,1458214,44471240.00
2017/12/04,29.17,29.17,26.42,26.51,2705336,77558088.00
2017/12/05,26.37,27.07,24.77,25.46,2109517,57381992.00
2017/12/06,25.46,26.41,25.08,26.33,2033979,55176552.00
2017/12/07,26.07,26.66,25.92,26.20,1550459,42632620.00
2017/12/08,26.22,28.94,26.02,28.94,4214754,123355808.00
2017/12/11,28.70,28.73,28.10,28.58,3556181,105447456.00
2017/12/12,28.02,28.66,27.15,27.30,2941302,85648616.00
2017/12/13,27.04,28.06,27.03,27.80,2154905,62407580.00
2017/12/14,27.47,28.55,26.77,28.19,2594405,74581640.00
2017/12/15,27.90,27.97,27.03,27.22,2017170,57914688.00
2017/12/18,27.22,27.51,26.57,26.97,1385883,38996616.00
2017/12/19,27.15,28.65,26.98,27.98,2948764,85773704.00
2017/12/20,27.66,27.79,26.80,26.95,2104346,59907716.00
2017/12/21,27.04,27.25,25.88,27.02,1582141,44171780.00
2017/12/22,26.78,27.43,26.60,26.69,1327612,37503556.00
2017/12/25,26.27,27.72,25.92,27.61,1916856,53516616.00
2017/12/26,27.42,30.47,27.38,29.91,5699430,173399664.00
2017/12/27,29.19,30.27,28.97,29.08,4557492,139915408.00
2017/12/28,28.62,30.37,28.17,30.14,3648664,111274072.00
2017/12/29,29.65,30.24,29.16,29.38,2526074,78051272.00
2018/01/02,29.91,29.96,28.79,29.48,1713883,52462612.00
2018/01/03,29.37,29.45,28.91,29.17,1554272,47180964.00
2018/01/04,29.27,29.95,28.95,29.86,1887120,57727052.00
2018/01/05,29.57,29.76,28.75,28.79,1833074,55896044.00
2018/01/08,28.51,28.73,27.67,28.63,1947567,57172980.00
2018/01/09,28.44,29.10,28.23,29.06,1928539,57884772.00
2018/01/10,29.05,29.05,27.38,27.65,2029588,59532232.00
2018/01/11,27.36,28.65,27.32,28.28,1784695,52558412.00
2018/01/12,28.17,28.94,27.87,28.45,2025975,60260592.00
2018/01/15,28.45,30.54,28.37,28.91,3979472,122354440.00
2018/01/16,27.96,31.65,26.77,30.77,6246687,194560704.00
2018/01/17,30.41,31.65,30.12,31.25,5611636,180335984.00
2018/01/18,30.76,31.23,30.35,30.76,2888663,92466088.00
2018/01/19,30.71,31.62,30.37,30.45,3631704,117544976.00
2018/01/22,29.92,29.93,27.28,28.73,2619092,78646376.00
2018/01/23,28.37,29.16,28.37,28.67,1385982,41481696.00
2018/01/24,28.82,31.66,28.82,31.66,3735326,120188952.00
2018/01/25,33.36,34.95,33.35,34.73,11290445,404327744.00
2018/01/26,34.01,34.01,32.35,32.99,7814501,268958592.00
2018/01/29,32.84,33.37,31.94,32.46,5639123,191290592.00
2018/01/30,32.19,33.06,31.68,33.04,4435810,148759088.00
2018/01/31,32.57,36.47,32.02,34.20,7907489,279856064.00
2018/02/01,33.57,36.26,32.27,34.75,7989962,282762496.00
2018/02/02,32.79,37.77,32.27,34.39,9388456,344043520.00
2018/02/05,32.25,32.63,30.83,30.83,5303708,172371392.00
2018/02/06,27.62,27.76,27.62,27.62,765800,22093814.00
2018/02/07,25.14,27.07,24.74,25.21,6068056,163350832.00
2018/02/08,24.83,26.26,24.40,25.47,3647428,96723864.00
2018/02/09,23.77,24.28,22.80,22.80,3535257,86982296.00
2018/02/12,23.17,23.78,22.80,23.35,2219749,54686576.00
2018/02/13,23.61,24.07,23.09,23.60,2695998,66893336.00
2018/02/14,23.52,23.64,22.09,22.13,2427379,58432940.00
2018/02/22,22.57,23.17,22.27,23.10,2135119,51164436.00
2018/02/23,23.28,23.62,23.10,23.55,2482778,61085056.00
2018/02/26,25.21,26.03,25.18,26.03,2374842,64340656.00
2018/02/27,26.57,27.65,26.28,26.35,6076575,170912560.00
2018/02/28,26.34,28.07,26.32,26.85,5108282,144504352.00
2018/03/01,25.35,27.05,24.83,27.01,4788080,130858424.00
2018/03/02,26.63,26.63,25.48,25.80,3266350,89417320.00
2018/03/05,26.02,26.44,25.57,26.10,2433800,66467760.00
2018/03/06,26.27,27.61,26.02,27.21,4674857,131976272.00
2018/03/07,27.21,27.56,26.59,26.97,2729258,76700920.00
2018/03/08,27.12,27.92,27.12,27.81,4340108,124778472.00
2018/03/09,27.47,28.95,27.12,28.48,4920382,143751872.00
2018/03/12,28.28,29.42,28.28,29.37,5571356,167259344.00
2018/03/13,29.19,29.19,28.27,28.41,3136200,93787680.00
2018/03/14,28.08,28.33,27.58,27.66,1996723,58116064.00
2018/03/15,26.68,27.16,24.82,25.33,3788701,102053456.00
2018/03/16,25.28,26.14,25.27,25.71,2117579,56952808.00
2018/03/19,25.76,26.67,25.39,26.55,2048792,56174208.00
2018/03/20,26.46,27.35,26.00,27.29,2744589,77194336.00
2018/03/21,27.40,27.70,26.57,26.77,2528946,71644992.00
2018/03/22,27.15,28.31,27.14,27.30,3195316,92521656.00
2018/03/23,24.78,25.95,24.45,24.47,3294400,86624688.00
2018/03/26,23.48,25.34,23.17,24.98,1729984,44218576.00
2018/03/27,25.26,26.62,25.24,25.87,2174132,58870072.00
2018/03/28,24.97,27.17,24.97,26.16,2679433,74046520.00
2018/03/29,26.53,26.97,25.77,26.93,2654726,73565184.00
2018/03/30,27.07,27.30,26.58,27.10,2718415,76952760.00
2018/04/02,27.07,29.07,27.05,28.20,4855767,142906336.00
2018/04/03,27.09,29.75,25.26,29.10,5484521,162641024.00
2018/04/04,29.67,29.67,28.28,29.11,4144555,124485040.00
2018/04/09,28.76,30.76,28.62,30.39,5687971,176767280.00
2018/04/10,29.87,30.14,27.93,29.54,4364368,132543304.00
2018/04/11,29.26,30.75,29.07,30.17,4876117,153369024.00
2018/04/12,29.67,30.35,29.07,29.33,3127522,96761848.00
2018/04/13,29.80,30.57,29.42,29.61,2835760,88592672.00
2018/04/16,30.32,30.67,29.14,29.42,2799785,87164640.00
2018/04/17,29.39,30.17,27.67,28.12,2840288,86310848.00
2018/04/18,28.74,29.27,27.07,29.20,3023888,90770392.00
2018/04/19,29.61,30.65,28.87,29.03,3484161,108487096.00
2018/04/20,28.53,32.06,28.53,30.02,5497172,174000176.00
2018/04/23,29.91,30.03,26.90,27.06,4971684,143534016.00
2018/04/24,26.53,28.47,26.53,28.24,2922846,84365544.00
2018/04/25,27.91,28.23,27.19,27.51,2683205,77344224.00
2018/04/26,27.31,27.57,24.92,25.35,2997459,81794192.00
2018/04/27,25.66,26.04,24.97,25.34,1286048,34315236.00
2018/05/02,25.58,25.92,25.18,25.66,1018245,27281476.00
2018/05/03,25.76,26.12,25.17,26.07,1392519,37428588.00
2018/05/04,25.77,26.12,25.58,25.62,1150941,31093932.00
2018/05/07,25.78,26.33,25.59,26.27,1268804,34724056.00
2018/05/08,26.24,27.55,26.24,27.18,2332542,65700080.00
2018/05/09,26.87,27.17,26.66,27.05,1552003,43689312.00
2018/05/10,27.12,28.53,26.90,28.44,3780201,110069456.00
2018/05/11,28.22,28.77,27.77,28.33,2995579,88600368.00
2018/05/14,28.18,29.77,28.18,29.15,4057780,122379896.00
2018/05/15,28.60,28.97,27.67,28.89,3049277,90440032.00
2018/05/16,29.03,29.76,28.25,28.66,2523684,75952832.00
2018/05/17,29.77,31.65,29.77,31.65,2306484,75135360.00
2018/05/18,32.77,34.77,30.97,31.34,10111389,346271104.00
2018/05/21,30.27,32.47,29.95,31.27,5973623,193535472.00
2018/05/22,30.57,31.13,30.13,30.69,4583537,145562560.00
2018/05/23,32.81,33.88,31.82,33.88,6866324,235607296.00
2018/05/24,33.81,37.39,31.90,37.38,12537951,441895392.00
2018/05/25,36.23,41.24,36.08,41.24,15048330,625745408.00
2018/05/28,39.77,45.49,36.99,41.33,17150370,708559808.00
2018/05/29,37.77,39.52,37.07,37.07,9056577,351838176.00
2018/05/30,33.43,34.47,33.24,33.24,7706102,267292016.00
2018/05/31,33.28,34.77,32.77,34.50,8794113,308162048.00
2018/06/01,33.77,34.61,31.97,32.40,6910557,237497280.00
2018/06/04,32.15,33.77,30.64,32.87,6555281,219510592.00
2018/06/05,32.39,34.62,32.39,34.36,7928217,279070848.00
2018/06/06,35.27,37.87,35.27,36.26,11126045,418220608.00
2018/06/07,35.67,35.77,33.47,34.03,7158356,255552800.00
2018/06/08,33.87,34.25,32.60,34.12,4778796,164477168.00
2018/06/11,33.37,36.05,33.27,35.63,7204577,261402336.00
2018/06/12,35.15,35.35,32.43,34.89,5225740,185656944.00
2018/06/13,34.51,35.73,33.61,34.29,4721813,170147104.00
2018/06/14,33.55,35.35,32.96,33.27,3221017,112373136.00
2018/06/15,33.61,33.90,30.27,31.57,4547797,148773488.00
2018/06/19,30.26,30.55,28.31,28.31,2452378,74458112.00
2018/06/20,27.45,29.51,26.48,28.78,3563447,103880736.00
2018/06/21,28.55,28.90,26.72,27.32,2830633,81758624.00
2018/06/22,26.59,28.40,26.45,27.94,3067828,88436888.00
2018/06/25,28.15,28.77,27.81,28.08,2691876,78818800.00
2018/06/26,26.98,28.95,26.98,28.81,3188046,93437248.00
2018/06/27,28.99,29.65,28.87,29.26,3978000,120719120.00
2018/06/28,29.12,30.28,28.60,29.59,4298741,130934240.00
2018/06/29,29.06,30.43,29.06,30.12,4026305,124669920.00
2018/07/02,29.58,30.12,28.17,28.76,3327978,101090736.00
2018/07/03,28.84,29.03,27.27,28.93,3011411,88734432.00
2018/07/04,28.75,28.85,26.26,26.84,3009078,86493864.00
2018/07/05,26.67,27.20,25.06,25.12,2466678,67410424.00
2018/07/06,25.20,26.13,24.63,25.56,2618241,69702000.00
2018/07/09,25.64,26.52,25.64,26.45,2355602,64280148.00
2018/07/10,26.64,27.61,26.64,27.32,2911217,82029216.00
2018/07/11,26.85,26.85,25.49,26.31,2692741,73528192.00
2018/07/12,26.59,27.44,26.59,27.22,3081440,86829320.00
2018/07/13,27.51,29.99,27.39,28.10,4354364,127793960.00
2018/07/16,28.54,28.80,27.60,28.38,2929441,85377888.00
2018/07/17,27.95,28.94,27.83,28.73,3270799,96585648.00
2018/07/18,28.70,28.85,28.16,28.27,2251900,66743696.00
2018/07/19,28.27,28.61,26.96,27.24,1892322,54169424.00
2018/07/20,27.25,27.83,27.25,27.66,1510622,43288836.00
2018/07/23,27.75,27.91,27.08,27.32,1594677,45332604.00
2018/07/24,27.30,28.22,27.23,28.04,1922918,55485800.00
2018/07/25,27.95,29.04,27.75,28.17,2253180,66067536.00
2018/07/26,27.99,28.16,26.55,26.67,2397600,67573488.00
2018/07/27,27.12,29.35,27.00,28.34,4709561,137184096.00
2018/07/30,28.09,28.23,26.75,26.84,3013977,86317712.00
2018/07/31,26.64,27.52,25.75,26.41,2055841,56827400.00
2018/08/01,26.96,27.95,26.05,26.20,2106007,59036716.00
2018/08/02,25.11,25.78,24.73,25.11,2024743,53116464.00
2018/08/03,25.11,25.21,23.95,24.06,1750900,44701468.00
2018/08/06,24.04,24.10,22.81,23.07,1383280,33775392.00
2018/08/07,23.08,23.77,22.95,23.70,1115121,27347880.00
2018/08/08,23.57,24.10,22.75,22.76,1190000,29084120.00
2018/08/09,22.96,23.74,22.91,23.41,1281346,31363972.00
2018/08/10,23.55,24.43,23.30,24.30,2058546,51418744.00
2018/08/13,23.78,25.68,23.56,25.41,3202927,82484120.00
2018/08/14,25.20,26.53,24.87,26.15,3952612,105519064.00
2018/08/15,26.11,26.11,24.75,25.17,2512564,66338708.00
2018/08/16,24.75,25.13,24.19,24.43,1302097,33442710.00
2018/08/17,24.64,25.19,23.66,23.91,2120677,53950080.00
2018/08/20,23.30,23.92,22.71,23.61,1444120,35161472.00
2018/08/21,23.74,23.95,22.96,23.55,1080420,26547786.00
2018/08/22,23.53,23.53,22.73,22.88,1061885,25537018.00
2018/08/23,22.96,23.35,22.80,23.17,933185,22549048.00
2018/08/24,23.03,23.21,22.85,22.87,815300,19607104.00
2018/08/27,22.79,23.67,22.79,23.60,1332380,32495536.00
2018/08/28,23.71,24.25,23.26,23.35,1691600,41774484.00
2018/08/29,23.27,23.30,22.75,22.88,1204227,28868726.00
2018/08/30,23.12,23.13,22.45,22.48,781750,18601872.00
2018/08/31,22.50,22.50,21.20,21.23,1410800,32158944.00
2018/09/03,21.23,21.33,19.96,20.40,1147700,24620736.00
2018/09/04,20.44,20.88,20.28,20.68,912900,19759570.00
2018/09/05,20.65,20.79,20.12,20.15,974800,20987236.00
2018/09/06,20.22,20.50,19.96,20.11,702566,14942658.00
2018/09/07,20.11,21.75,19.66,20.76,1802617,39598800.00
2018/09/10,20.55,20.55,19.96,20.07,1104900,23439856.00
2018/09/11,20.33,20.33,19.83,19.93,798541,16793228.00
2018/09/12,20.00,20.81,19.41,20.26,1342702,28161032.00
2018/09/13,20.36,21.25,20.07,21.01,2090027,45490684.00
2018/09/14,20.72,20.92,20.03,20.12,1195866,25748198.00
2018/09/17,19.93,20.52,19.65,20.14,932466,19733028.00
2018/09/18,19.77,20.85,19.77,20.69,1899543,40897968.00
2018/09/19,20.60,21.10,20.25,20.71,1677341,36490872.00
2018/09/20,20.57,20.93,20.41,20.48,800182,17325000.00
2018/09/21,20.73,20.93,20.47,20.78,1143944,24870776.00
2018/09/25,20.60,21.43,20.60,21.11,1501585,33264372.00
2018/09/26,21.14,22.25,20.88,21.92,2874682,65164608.00
2018/09/27,21.75,21.80,20.95,21.04,1782644,40072736.00
2018/09/28,21.25,21.74,21.03,21.50,1554944,35072472.00
2018/10/08,20.75,21.18,20.15,20.38,960700,20956372.00
2018/10/09,20.54,20.93,20.45,20.90,832400,18146160.00
2018/10/10,20.91,21.44,20.76,21.40,1171700,26081792.00
2018/10/11,20.15,20.77,19.16,19.16,1620500,33829224.00
2018/10/12,19.32,19.32,17.23,18.18,1306461,25205404.00
2018/10/15,18.22,18.75,17.99,18.04,887485,17292168.00
2018/10/16,18.15,18.45,17.67,17.96,774844,14841105.00
2018/10/17,18.45,18.45,17.75,18.23,808541,15495616.00
2018/10/18,18.23,18.25,17.65,17.76,1021841,19323598.00
2018/10/19,16.96,18.47,16.66,18.44,1044241,19680648.00
2018/10/22,18.38,19.54,18.38,19.15,1060600,21275604.00
2018/10/23,18.98,19.99,18.83,18.93,1334177,27306952.00
2018/10/24,18.46,19.21,18.46,18.81,779610,15443327.00
2018/10/25,18.42,18.42,17.85,18.25,650744,12456789.00
2018/10/26,18.45,18.60,18.01,18.14,653066,12607487.00
2018/10/29,18.27,18.90,17.97,18.20,762966,14772346.00
2018/10/30,18.10,18.34,17.55,18.16,906166,17284072.00
2018/10/31,18.15,18.53,18.15,18.36,958676,18616258.00
2018/11/01,18.47,20.30,18.36,20.17,4070357,83873688.00
2018/11/02,19.65,20.43,19.55,20.37,3195216,67585328.00
2018/11/05,20.35,20.35,19.17,19.69,2865800,59558392.00
2018/11/06,19.35,19.55,19.07,19.44,1493500,30467872.00
2018/11/07,19.44,19.73,19.21,19.28,1062900,21782080.00
2018/11/08,18.92,19.24,18.78,18.91,1352413,27068196.00
2018/11/09,18.91,19.05,18.53,18.54,864446,17181154.00
2018/11/12,18.41,19.15,18.41,19.03,1207366,24061046.00
2018/11/13,18.83,19.45,18.66,19.23,1461200,29464884.00
2018/11/14,19.48,19.82,19.13,19.23,1576900,32285986.00
2018/11/15,19.41,20.33,19.23,20.14,3012206,63131360.00
2018/11/16,20.55,21.20,20.53,20.62,4133226,90487712.00
2018/11/19,20.65,21.51,20.65,20.92,2568600,56602240.00
2018/11/20,20.74,21.42,20.45,20.57,2515506,55335892.00
2018/11/21,20.25,21.20,20.25,21.13,1925400,41888416.00
2018/11/22,21.10,21.33,20.46,20.62,1930654,42393608.00
2018/11/23,20.50,20.85,19.46,19.47,1484479,31305438.00
2018/11/26,19.23,19.52,18.46,18.66,1651507,33039008.00
2018/11/27,18.81,19.05,18.14,18.41,1164500,22801264.00
2018/11/28,18.25,18.70,17.97,18.62,980100,19008810.00
2018/11/29,18.80,18.88,17.57,17.63,1252741,24140288.00
2018/11/30,17.70,18.08,17.42,18.02,932060,17575670.00
2018/12/03,18.49,19.41,18.38,19.28,1938207,38827904.00
2018/12/04,19.13,19.75,18.75,19.32,2137341,43446616.00
2018/12/05,18.55,19.03,18.55,18.78,1378970,27347876.00
2018/12/06,18.75,18.94,18.41,18.43,976100,19208856.00
2018/12/07,18.54,18.81,18.33,18.63,526907,10337991.00
2018/12/10,18.52,18.61,18.11,18.15,494348,9586556.00
2018/12/11,18.12,18.59,18.12,18.50,561695,10937127.00
2018/12/12,18.55,18.78,18.51,18.66,537313,10582360.00
2018/12/13,18.70,18.92,18.50,18.73,754266,14949440.00
2018/12/14,18.67,19.05,18.42,18.50,751200,14861588.00
2018/12/17,18.49,18.75,18.18,18.69,637100,12482674.00
2018/12/18,18.35,18.55,18.25,18.39,620900,12044308.00
2018/12/19,18.45,18.45,17.65,17.84,777400,14783736.00
2018/12/20,17.66,18.05,17.56,17.95,435500,8247044.00
2018/12/21,17.78,18.17,17.78,17.99,428400,8152422.00
2018/12/24,17.99,18.44,17.80,18.31,623100,12040430.00
2018/12/25,18.29,18.38,17.68,18.25,786100,15030947.00
2018/12/26,18.00,18.52,18.00,18.04,621400,11962221.00
2018/12/27,18.53,18.53,17.46,17.66,628600,12017019.00
2018/12/28,17.47,17.80,17.37,17.45,516200,9607044.00
2019/01/02,17.60,17.75,17.17,17.36,387494,7162902.00
2019/01/03,17.18,17.51,17.12,17.14,471200,8629335.00
2019/01/04,16.95,17.43,16.77,17.40,562500,10276976.00
2019/01/07,17.40,17.73,17.36,17.62,679140,12649576.00
2019/01/08,17.62,17.62,17.35,17.48,469200,8678916.00
2019/01/09,17.40,17.91,17.40,17.47,723100,13557369.00
2019/01/10,17.59,17.59,17.20,17.25,588194,10839606.00
2019/01/11,17.32,17.54,17.17,17.52,658000,12138879.00
2019/01/14,17.47,17.61,17.18,17.24,614000,11305805.00
2019/01/15,17.24,17.51,17.15,17.46,600800,11073437.00
2019/01/16,17.54,17.62,17.36,17.40,684000,12670934.00
2019/01/17,17.45,17.50,17.10,17.15,599927,11020359.00
2019/01/18,17.33,17.42,17.13,17.31,524400,9616040.00
2019/01/21,17.33,17.60,17.33,17.51,513948,9529397.00
2019/01/22,17.53,17.59,17.41,17.55,577294,10703535.00
2019/01/23,17.45,17.59,17.37,17.46,476193,8809391.00
2019/01/24,17.54,17.68,17.41,17.57,629994,11727357.00
2019/01/25,17.58,17.89,17.35,17.35,771699,14434550.00
2019/01/28,17.39,17.53,17.13,17.15,535200,9820029.00
2019/01/29,17.07,17.09,15.50,16.01,1043142,18031408.00
2019/01/30,15.93,16.23,15.63,15.70,493900,8436466.00
2019/01/31,16.05,16.05,15.35,15.45,572348,9598212.00
2019/02/01,15.45,15.92,15.45,15.82,390500,6547483.00
2019/02/11,15.72,16.29,15.72,16.28,573794,9866438.00
2019/02/12,16.27,16.93,16.10,16.62,730900,12879217.00
2019/02/13,16.54,17.41,16.48,17.22,1309125,23809964.00
2019/02/14,17.24,17.41,17.11,17.21,950002,17387796.00
2019/02/15,17.33,17.33,17.12,17.23,774602,14153157.00
2019/02/18,17.45,17.69,17.33,17.67,1130425,21025618.00
2019/02/19,18.96,18.98,17.83,17.87,3089800,60139684.00
2019/02/20,17.62,17.86,17.49,17.66,1430200,26743848.00
2019/02/21,17.82,17.92,17.55,17.59,1006581,18904828.00
2019/02/22,17.47,17.73,17.45,17.68,895500,16704905.00
2019/02/25,17.85,18.43,17.83,18.38,1897450,36466400.00
2019/02/26,18.42,18.53,18.00,18.24,2076100,40097276.00
2019/02/27,18.11,18.42,18.04,18.09,1193402,23000736.00
2019/02/28,18.10,18.45,18.06,18.37,1107100,21458404.00
2019/03/01,18.17,18.45,18.17,18.31,823240,15917015.00
2019/03/04,18.42,18.90,18.35,18.55,1781635,34979624.00
2019/03/05,18.54,18.85,18.26,18.82,1436099,28188328.00
2019/03/06,18.86,19.30,18.56,19.22,2101235,41881648.00
2019/03/07,19.12,19.83,18.90,19.57,2468653,50394288.00
2019/03/08,19.05,19.24,18.19,18.25,2196464,43702900.00
2019/03/11,18.33,19.41,18.33,19.26,1931921,38804432.00
2019/03/12,19.60,19.92,19.23,19.50,2100609,43204604.00
2019/03/13,19.52,19.84,19.00,19.10,1689233,34632196.00
2019/03/14,19.16,19.41,18.76,19.14,1345805,27068780.00
2019/03/15,19.16,19.46,19.05,19.29,1336248,27092980.00
2019/03/18,19.45,19.50,19.00,19.43,1347447,27335008.00
2019/03/19,19.40,19.48,19.16,19.25,1225340,24934756.00
2019/03/20,19.24,19.33,18.97,19.22,1079041,21806104.00
2019/03/21,19.35,19.80,19.15,19.38,1811425,37145540.00
2019/03/22,19.26,19.79,19.26,19.71,1662585,34239264.00
2019/03/25,19.43,19.70,19.14,19.29,1397248,28507920.00
2019/03/26,19.35,19.39,18.65,18.75,1084900,21798780.00
2019/03/27,18.90,19.21,18.67,19.18,806678,16085222.00
2019/03/28,19.18,19.70,18.97,19.53,1749200,35856264.00
2019/03/29,19.65,20.44,19.46,20.43,2601199,54952760.00
2019/04/01,20.46,20.91,20.09,20.91,3689500,80143960.00
2019/04/02,21.30,21.30,20.37,20.42,2705537,58492892.00
2019/04/03,20.20,22.15,19.81,21.63,4961743,108831008.00
2019/04/04,21.46,21.46,20.46,21.36,3669556,80991272.00
2019/04/08,21.05,21.07,20.36,20.71,2174900,47329932.00
2019/04/09,20.64,20.65,20.30,20.50,1208502,25981352.00
2019/04/10,20.52,20.57,20.11,20.20,1345100,28614188.00
2019/04/11,20.40,20.40,19.65,19.66,1302700,27463854.00
2019/04/12,19.74,19.74,19.20,19.42,1171900,23982184.00
2019/04/15,19.66,20.10,19.25,19.31,1088500,22554104.00
2019/04/16,19.16,19.78,19.06,19.73,1119200,22937252.00
2019/04/17,19.74,19.87,19.59,19.82,1100800,22918480.00
2019/04/18,19.82,19.84,19.57,19.74,959000,19904980.00
2019/04/19,19.65,20.16,19.63,20.05,898500,18788438.00
2019/04/22,20.01,20.37,19.87,20.03,1048100,22187154.00
2019/04/23,19.87,20.14,19.45,19.57,845200,17581908.00
2019/04/24,19.55,20.10,19.43,20.01,820300,17016804.00
2019/04/25,20.01,20.02,19.53,19.55,870500,18137432.00
2019/04/26,19.45,19.46,18.55,18.68,756400,15200031.00
2019/04/29,18.89,19.00,18.30,18.34,582800,11507223.00
2019/04/30,18.34,18.91,17.95,18.76,719400,14215882.00
2019/05/06,18.56,18.56,16.96,17.17,761978,14375580.00
2019/05/07,17.84,17.84,17.13,17.34,441300,8117121.00
2019/05/08,17.10,17.60,17.10,17.54,345000,6379546.00
2019/05/09,17.62,17.62,17.26,17.31,376300,6955151.00
2019/05/10,17.41,17.90,17.10,17.78,622700,11654121.00
2019/05/13,17.73,17.86,17.53,17.85,429900,8100161.00
2019/05/14,17.81,17.95,17.61,17.73,359500,6755079.00
2019/05/15,17.83,18.05,17.79,18.05,432800,8235492.00
2019/05/16,17.90,18.11,17.90,18.07,273380,5212897.00
2019/05/17,18.17,18.17,17.39,17.44,421100,7902937.00
2019/05/20,17.63,17.70,16.74,17.25,502500,9159962.00
2019/05/21,17.30,17.51,17.12,17.48,393659,7204876.00
2019/05/22,17.48,17.54,17.26,17.34,344600,6290880.00
2019/05/23,17.43,17.43,16.65,16.91,430200,7668070.00
2019/05/24,17.00,17.06,16.73,16.96,322739,5750092.00
2019/05/27,16.73,17.37,16.73,17.36,427680,7729508.00
2019/05/28,17.36,17.53,17.13,17.38,387300,7079940.00
2019/05/29,17.39,17.53,17.28,17.43,339400,6211131.00
2019/05/30,17.43,18.10,17.23,17.75,546838,10085723.00
2019/05/31,17.69,18.33,17.64,17.84,497962,9323500.00
2019/06/03,19.71,19.71,18.75,18.75,3165327,64194888.00
2019/06/04,17.63,18.10,16.79,17.20,2158327,39876640.00
2019/06/05,17.24,17.43,16.85,16.93,938127,16825732.00
2019/06/06,17.00,17.00,16.21,16.24,902800,15662493.00
2019/06/10,16.24,16.51,16.15,16.35,482000,8292448.00
2019/06/11,16.48,17.00,16.36,16.95,587800,10366498.00
2019/06/12,17.00,17.00,16.66,16.76,544732,9639790.00
2019/06/13,16.73,16.97,16.69,16.92,367725,6528475.00
2019/06/14,16.92,17.19,16.48,16.51,545961,9644023.00
2019/06/17,16.69,17.03,16.52,16.71,387639,6849629.00
2019/06/18,16.76,16.93,16.56,16.77,359147,6332498.00
2019/06/19,17.03,17.25,16.94,17.07,837747,15045265.00
2019/06/20,17.17,17.32,16.85,17.25,669980,12005708.00
2019/06/21,17.31,17.79,17.30,17.55,993566,18280672.00
2019/06/24,17.57,17.68,17.40,17.56,529486,9744520.00
2019/06/25,17.53,17.66,17.17,17.31,537786,9776208.00
2019/06/26,17.30,17.61,17.26,17.45,401300,7357113.00
2019/06/27,17.62,17.69,17.35,17.47,465800,8559996.00
2019/06/28,17.43,17.66,17.19,17.42,525000,9592164.00
2019/07/01,17.51,17.91,17.51,17.78,847936,15779074.00
2019/07/02,17.83,17.86,17.68,17.83,524800,9787392.00
2019/07/03,17.92,17.92,17.47,17.70,446836,8282685.00
2019/07/04,17.79,17.88,17.60,17.75,469700,8736112.00
2019/07/05,17.84,17.84,17.61,17.75,346400,6448105.00
2019/07/08,17.75,17.82,16.88,17.00,680200,12332753.00
2019/07/09,17.05,17.58,16.89,17.56,711700,12914000.00
2019/07/10,17.35,17.60,17.00,17.29,601900,10929737.00
2019/07/11,17.47,17.53,17.21,17.34,469400,8566593.00
2019/07/12,17.48,17.60,17.25,17.47,385900,7071482.00
2019/07/15,17.50,17.68,17.09,17.55,373000,6863480.00
2019/07/16,17.56,17.86,17.44,17.86,597800,11106358.00
2019/07/17,17.92,17.92,17.44,17.64,568200,10522167.00
2019/07/18,17.63,17.63,17.15,17.19,439000,7977554.00
2019/07/19,17.40,17.65,17.20,17.26,457986,8347805.00
2019/07/22,17.36,17.41,16.65,16.71,593027,10496232.00
2019/07/23,16.91,16.91,16.46,16.69,757832,13253173.00
2019/07/24,16.73,17.10,16.66,16.90,578100,10249659.00
2019/07/25,16.92,17.04,16.77,17.04,557241,9926892.00
2019/07/26,16.93,17.22,16.78,17.11,554600,9908923.00
2019/07/29,17.11,17.17,16.85,16.94,417700,7462014.00
2019/07/30,17.11,17.32,16.86,17.13,580000,10464766.00
2019/07/31,17.30,17.34,16.84,17.16,645800,11651262.00
2019/08/01,17.18,17.18,16.79,17.02,529100,9437763.00
2019/08/02,16.89,16.89,15.73,16.70,601941,10511077.00
2019/08/05,16.71,17.08,16.44,16.51,609700,10757579.00
2019/08/06,16.13,16.59,15.96,16.36,757941,12994936.00
2019/08/07,16.56,16.56,15.93,16.13,582600,9923604.00
2019/08/08,16.11,16.19,15.91,16.11,624800,10541906.00
2019/08/09,15.96,16.12,15.72,15.76,507247,8502820.00
2019/08/12,15.86,15.96,15.61,15.88,303900,5062613.00
2019/08/13,15.82,15.82,15.55,15.68,264541,4372990.00
2019/08/14,15.84,15.99,15.72,15.81,361900,6043304.00
2019/08/15,15.63,15.83,15.18,15.83,497464,8151735.00
2019/08/16,15.79,16.07,15.51,15.88,405500,6801090.00
2019/08/19,16.03,16.38,15.61,16.36,724400,12377974.00
2019/08/20,16.38,16.50,16.32,16.38,512529,8856091.00
2019/08/21,16.38,16.43,16.22,16.29,276729,4756753.00
2019/08/22,16.63,16.63,16.11,16.26,374800,6420707.00
2019/08/23,16.26,16.40,16.13,16.27,332500,5709289.00
2019/08/26,15.94,16.23,15.81,16.14,405861,6860179.00
2019/08/27,16.13,16.49,16.07,16.30,620767,10690170.00
2019/08/28,16.31,16.57,16.30,16.53,596954,10332686.00
2019/08/29,16.46,16.58,16.40,16.53,632867,10990952.00
2019/08/30,16.65,16.88,16.31,16.43,917500,16078477.00
2019/09/02,16.53,16.85,16.32,16.85,1056472,18570430.00
2019/09/03,16.85,17.02,16.63,16.92,609200,10806014.00
2019/09/04,16.95,17.08,16.79,16.95,823354,14674818.00
2019/09/05,17.01,17.20,16.93,16.97,1105183,19806232.00
2019/09/06,17.06,17.06,16.81,16.96,715860,12748318.00
2019/09/09,17.05,17.27,16.98,17.24,704911,12703484.00
2019/09/10,17.28,17.38,17.09,17.33,566241,10238208.00
2019/09/11,17.38,17.58,17.19,17.42,637841,11643987.00
2019/09/12,17.51,17.51,17.21,17.34,488477,8891094.00
2019/09/16,17.38,17.51,17.19,17.44,524308,9584002.00
2019/09/17,17.41,17.48,16.90,17.15,552100,9914480.00
2019/09/18,17.15,17.25,17.09,17.19,361800,6528597.00
2019/09/19,17.05,17.45,17.05,17.41,523200,9509667.00
2019/09/20,17.50,17.91,17.47,17.59,880300,16280744.00
2019/09/23,17.38,17.58,17.07,17.46,519678,9453422.00
2019/09/24,17.44,17.63,17.33,17.55,508754,9337266.00
2019/09/25,17.55,17.56,16.48,17.48,560854,10235781.00
2019/09/26,17.67,17.67,16.73,17.01,802253,14355243.00
2019/09/27,17.05,17.26,16.43,17.19,796161,14248448.00
2019/09/30,17.25,18.01,17.03,17.40,1607719,29572960.00
2019/10/08,17.31,17.63,16.99,16.99,765041,13987045.00
2019/10/09,17.09,18.78,17.09,18.78,3533225,67387136.00
2019/10/10,19.63,20.75,19.38,20.75,5914953,126441128.00
2019/10/11,20.64,21.08,19.17,19.22,9296627,195946080.00
2019/10/14,19.19,20.12,18.80,19.71,6270477,127781040.00
2019/10/15,19.12,19.28,18.63,18.83,4293291,84884352.00
2019/10/16,18.69,19.36,18.69,18.93,2988073,59329876.00
2019/10/17,18.79,19.03,18.24,18.36,2691813,52295160.00
2019/10/18,18.35,18.61,18.18,18.54,2070473,39908660.00
2019/10/21,18.42,19.62,17.99,19.36,3810646,75263752.00
2019/10/22,19.33,19.59,18.90,19.27,3021161,60684116.00
2019/10/23,19.03,19.08,18.60,18.70,2032719,39997368.00
2019/10/24,18.51,18.78,18.16,18.32,1538878,29728556.00
2019/10/25,18.32,18.68,18.19,18.58,1477962,28643296.00
2019/10/28,18.48,19.28,18.25,19.01,2013231,39722088.00
2019/10/29,19.02,19.47,18.98,19.05,2324766,46584636.00
2019/10/30,18.94,19.62,18.83,19.29,2423020,48954688.00
2019/10/31,19.31,19.57,18.80,19.28,1644799,32978334.00
2019/11/01,19.42,19.42,18.86,18.93,1381178,27474952.00
2019/11/04,18.85,19.19,18.44,19.02,1727335,33832304.00
2019/11/05,18.93,19.08,18.53,18.60,1038653,20352442.00
2019/11/06,18.79,18.79,17.85,17.89,1268078,24158452.00
2019/11/07,17.85,18.18,17.85,18.03,841200,15889830.00
2019/11/08,18.08,18.24,17.81,17.84,773900,14617884.00
2019/11/11,17.60,18.37,17.57,18.06,1191605,22481540.00
2019/11/12,17.87,18.12,17.28,17.56,1048400,19386080.00
2019/11/13,17.25,17.59,16.43,16.85,1195800,21385740.00
2019/11/14,16.90,17.47,16.74,17.26,1018700,18411240.00
2019/11/15,17.44,17.52,17.10,17.10,651200,11829060.00
2019/11/18,17.10,17.43,16.98,17.33,623053,11304216.00
2019/11/19,17.36,17.93,17.33,17.74,806100,14881942.00
2019/11/20,17.53,17.74,17.18,17.25,665700,12179181.00
2019/11/21,17.71,17.77,17.14,17.21,507400,9207691.00
2019/11/22,17.22,17.55,16.78,16.94,564400,10127011.00
2019/11/25,16.98,17.05,16.63,16.88,428766,7584734.00
2019/11/26,16.88,17.20,16.73,16.98,379800,6758840.00
2019/11/27,17.11,17.11,16.68,16.72,404600,7150923.00
2019/11/28,16.72,16.79,16.41,16.48,280700,4900479.00
2019/11/29,16.43,16.48,16.23,16.40,366700,6308881.00
2019/12/02,16.59,16.59,16.29,16.39,321566,5555406.00
2019/12/03,16.39,16.39,16.15,16.36,343500,5877138.00
2019/12/04,16.43,16.43,16.13,16.37,377500,6483226.00
2019/12/05,16.38,16.68,16.28,16.65,448100,7787234.00
2019/12/06,16.64,16.80,16.55,16.80,436554,7679652.00
2019/12/09,16.70,16.96,16.66,16.87,355620,6303011.00
2019/12/10,16.80,16.97,16.73,16.86,287620,5096481.00
2019/12/11,16.94,17.09,16.76,16.99,417240,7432588.00
2019/12/12,17.02,17.08,16.70,16.77,431100,7626635.00
2019/12/13,16.80,17.18,16.79,17.11,533200,9521216.00
2019/12/16,17.42,17.51,17.11,17.47,430268,7827798.00
2019/12/17,17.53,18.24,17.35,18.16,1550226,28958956.00
2019/12/18,18.18,18.63,17.73,17.83,1738100,32840982.00
2019/12/19,17.84,17.95,17.75,17.84,674950,12627999.00
2019/12/20,17.85,18.08,17.63,17.69,642125,11979261.00
2019/12/23,17.65,17.65,17.14,17.23,490380,8963518.00
2019/12/24,17.23,17.54,17.23,17.49,341198,6226485.00
2019/12/25,17.53,17.87,17.42,17.65,520300,9650138.00
2019/12/26,17.64,17.74,17.47,17.66,389700,7196510.00
2019/12/27,17.75,17.98,17.54,17.56,540540,10089421.00
2019/12/30,17.73,18.45,17.51,18.05,1066142,20074336.00
2019/12/31,18.05,18.10,17.79,18.09,684675,12876340.00
2020/01/02,18.21,18.34,18.01,18.27,779395,14850309.00
2020/01/03,18.41,18.41,18.00,18.09,652648,12410039.00
2020/01/06,18.09,18.30,17.96,18.15,923441,17557020.00
2020/01/07,18.23,18.47,18.13,18.40,771555,14819530.00
2020/01/08,18.40,18.50,17.96,18.08,826168,15779193.00
2020/01/09,18.16,18.59,18.09,18.58,873947,16862240.00
2020/01/10,18.59,18.67,18.33,18.55,597440,11577402.00
2020/01/13,18.34,18.62,18.31,18.57,500400,9673984.00
2020/01/14,18.58,18.70,18.44,18.44,465962,9035406.00
2020/01/15,18.45,18.53,18.04,18.34,693238,13256778.00
2020/01/16,18.30,18.55,18.09,18.18,775600,14849784.00
2020/01/17,18.20,18.28,18.11,18.20,446419,8513595.00
2020/01/20,18.19,18.38,17.51,18.33,702420,13323642.00
2020/01/21,18.28,18.36,18.07,18.23,412987,7878825.00
2020/01/22,17.99,18.30,17.71,18.20,562070,10601788.00
2020/01/23,17.91,18.06,17.43,17.78,679100,12611115.00
2020/02/03,15.92,15.92,15.92,15.92,141800,2380822.00
2020/02/04,14.28,15.85,14.28,15.39,1084545,17427170.00
2020/02/05,15.13,15.83,15.13,15.63,647100,10681248.00
2020/02/06,15.91,16.21,15.58,16.11,705940,11908652.00
2020/02/07,15.99,16.46,15.74,16.46,664851,11296578.00
2020/02/10,16.23,16.77,16.08,16.76,1047207,18135044.00
2020/02/11,16.73,16.73,16.43,16.44,509140,8885418.00
2020/02/12,16.63,16.70,16.41,16.63,611700,10652466.00
2020/02/13,16.55,16.76,16.11,16.11,921932,15828780.00
2020/02/14,16.00,16.33,15.88,15.98,1034659,17467226.00
2020/02/17,16.73,16.87,16.15,16.78,1498025,26204564.00
2020/02/18,16.60,17.02,16.45,16.93,1077107,19046284.00
2020/02/19,16.83,17.01,16.71,16.71,765996,13584544.00
2020/02/20,16.75,17.02,16.58,17.02,846478,14995720.00
2020/02/21,17.02,17.20,16.89,17.14,950016,17050390.00
2020/02/24,17.23,17.23,16.87,17.15,772578,13877683.00
2020/02/25,16.88,17.11,16.33,17.08,1069336,18898808.00
2020/02/26,16.90,17.70,16.65,17.30,1616130,29517660.00
2020/02/27,17.33,17.69,17.28,17.43,1165601,21450884.00
2020/02/28,17.09,17.09,16.14,16.17,1842961,32196704.00
2020/03/02,16.93,16.94,16.45,16.93,821510,14435867.00
2020/03/03,17.26,17.36,16.74,16.87,856200,15324096.00
2020/03/04,17.13,17.13,16.78,17.09,895225,15940448.00
2020/03/05,17.11,17.43,17.09,17.41,1172369,21257972.00
2020/03/06,17.23,17.51,17.06,17.12,1457725,26454524.00
2020/03/09,17.20,17.48,16.73,16.83,1053325,18879948.00
2020/03/10,17.01,17.13,16.46,17.12,1136252,20139048.00
2020/03/11,17.28,17.48,16.63,17.01,1385825,25134296.00
2020/03/12,16.89,17.10,16.63,16.80,990780,17485440.00
2020/03/13,16.13,17.15,15.88,17.03,1089176,18934824.00
2020/03/16,17.03,17.34,16.68,16.83,869327,15546378.00
2020/03/17,16.78,16.97,16.43,16.70,672715,11807815.00
2020/03/18,16.83,16.88,16.44,16.44,579500,10192532.00
2020/03/19,16.51,16.52,16.01,16.47,433947,7442108.00
2020/03/20,16.63,16.71,16.47,16.62,468902,8177007.00
2020/03/23,16.40,16.52,16.16,16.18,387940,6664662.00
2020/03/24,16.41,16.49,16.13,16.46,305945,5274430.00
2020/03/25,16.62,16.83,16.58,16.74,652400,11453787.00
2020/03/26,16.23,16.95,16.23,16.58,774100,13641232.00
2020/03/27,16.81,17.28,16.63,17.15,1811275,32281844.00
2020/03/30,17.15,17.28,16.41,16.71,1212580,21382052.00
2020/03/31,16.49,17.02,16.24,16.93,2198134,38610640.00
2020/04/01,16.74,16.95,16.42,16.42,1009560,17698456.00
2020/04/02,16.31,16.92,16.23,16.67,786368,13686397.00
2020/04/03,16.63,16.81,16.34,16.34,620927,10799500.00
2020/04/07,16.62,16.70,16.43,16.61,865773,15091823.00
2020/04/08,16.70,16.80,16.49,16.76,666876,11681352.00
2020/04/09,16.76,17.01,16.70,16.93,1170509,20778520.00
2020/04/10,17.03,17.03,16.43,16.49,713300,12481658.00
2020/04/13,16.53,16.57,16.15,16.32,556523,9555210.00
2020/04/14,16.62,16.80,16.36,16.77,621707,10894871.00
2020/04/15,16.83,16.83,16.41,16.58,490900,8550520.00
2020/04/16,16.93,16.93,16.43,16.68,546066,9558738.00
2020/04/17,17.09,17.09,16.63,16.63,591490,10447931.00
2020/04/20,16.63,16.79,16.40,16.70,622090,10882364.00
2020/04/21,16.92,16.92,16.38,16.52,768000,13371253.00
2020/04/22,16.67,16.67,16.36,16.53,543500,9425554.00
2020/04/23,16.42,16.52,16.23,16.28,919259,15798574.00
2020/04/24,16.28,16.33,15.27,15.47,1603600,26657380.00
2020/04/27,15.63,15.63,15.31,15.47,325554,5328187.00
2020/04/28,15.34,15.63,14.70,15.13,454066,7241082.00
2020/04/29,15.42,15.42,14.93,15.14,288792,4638146.00
2020/04/30,15.13,15.53,15.13,15.38,432828,7027841.00
2020/05/06,15.13,15.84,15.13,15.73,563364,9242799.00
2020/05/07,15.91,16.30,15.72,16.11,1016261,17179616.00
2020/05/08,16.28,16.34,16.06,16.32,900784,15419137.00
2020/05/11,16.05,16.83,16.05,16.55,1619208,28321764.00
2020/05/12,16.33,16.72,16.33,16.58,1191700,20818130.00
2020/05/13,16.56,16.77,16.56,16.65,742411,12873160.00
2020/05/14,16.67,18.38,16.47,17.76,5668055,104207000.00
2020/05/15,17.76,17.94,17.15,17.57,2575800,46651500.00
2020/05/18,17.37,17.57,17.24,17.42,1133345,20392708.00
2020/05/19,17.49,18.44,17.39,18.36,2352011,43878816.00
2020/05/20,18.19,19.20,18.19,19.08,3673211,71573680.00
2020/05/21,19.66,19.66,17.11,17.11,10095500,197086096.00
2020/05/22,15.37,16.08,15.34,15.35,4783006,77073256.00
2020/05/25,15.19,15.30,14.80,15.02,1887144,29604552.00
2020/05/26,15.06,15.40,15.00,15.37,1066305,16981658.00
2020/05/27,15.53,15.53,15.26,15.31,885805,14155511.00
2020/05/28,15.31,15.39,14.85,15.19,1399705,21975144.00
2020/05/29,15.12,15.31,15.03,15.24,963500,15285995.00
2020/06/01,15.43,15.56,15.29,15.52,1202480,19330144.00
2020/06/02,15.66,15.67,15.48,15.65,947000,15359406.00
2020/06/03,15.66,15.97,15.63,15.69,1161340,19075664.00
2020/06/04,15.69,15.88,15.57,15.72,747100,12228198.00
2020/06/05,15.72,15.82,15.57,15.72,594600,9679646.00
2020/06/08,16.57,16.66,15.75,15.76,1211200,20069488.00
2020/06/09,15.76,15.80,15.59,15.71,675100,11019058.00
2020/06/10,15.70,15.76,15.52,15.54,711200,11537030.00
2020/06/11,15.57,15.65,15.46,15.58,659500,10690417.00
2020/06/12,15.49,15.59,15.36,15.50,454000,7314591.00
2020/06/15,16.12,16.12,15.37,15.40,721040,11671768.00
2020/06/16,15.42,15.63,15.42,15.57,657300,10620226.00
2020/06/17,15.55,15.74,15.52,15.72,698600,11333259.00
2020/06/18,15.70,15.78,15.62,15.69,447862,7306025.00
2020/06/19,15.68,16.07,15.65,16.07,1131235,18681068.00
2020/06/22,16.07,16.52,16.06,16.28,1515577,25667452.00
2020/06/23,16.07,16.34,15.98,16.03,595025,9963687.00
2020/06/24,16.07,16.15,15.82,15.87,410700,6788081.00
2020/06/29,15.88,15.88,15.53,15.58,774400,12598565.00
2020/06/30,15.58,15.79,15.55,15.65,627700,10248732.00
2020/07/01,15.63,15.82,15.61,15.74,581933,9530083.00
2020/07/02,15.87,15.99,15.78,15.94,578533,9562085.00
2020/07/03,15.96,16.61,15.93,16.39,1425233,24112650.00
2020/07/06,16.42,16.85,16.42,16.74,1584271,27464732.00
2020/07/07,16.82,18.12,16.50,17.67,4198529,75889992.00
2020/07/08,17.58,19.16,17.52,19.02,4157587,78526968.00
2020/07/09,18.76,20.02,18.64,19.37,5120379,102435864.00
2020/07/10,21.25,21.25,18.22,19.32,14011318,290956896.00
2020/07/13,17.37,18.62,17.37,18.26,6403293,119107632.00
2020/07/14,17.98,18.30,17.70,17.89,3226800,59958076.00
2020/07/15,17.81,17.96,17.17,17.20,2930160,53046012.00
2020/07/16,17.27,17.37,16.87,17.00,1975090,35113768.00
2020/07/17,17.02,17.32,16.97,17.17,989500,17562616.00
2020/07/20,17.15,17.62,17.15,17.60,1352950,24473808.00
2020/07/21,17.91,17.91,17.45,17.52,1112700,20250160.00
2020/07/22,17.52,17.67,17.44,17.54,1188300,21628982.00
2020/07/23,17.44,17.53,17.00,17.39,1198941,21480458.00
2020/07/24,17.48,17.61,16.93,17.06,1117934,20038428.00
2020/07/27,18.25,18.25,16.99,17.46,910374,16414532.00
2020/07/28,17.48,17.63,17.36,17.50,801734,14540396.00
2020/07/29,17.53,17.70,17.38,17.64,882040,16032929.00
2020/07/30,17.66,17.82,17.53,17.62,756700,13830305.00
2020/07/31,17.43,17.80,17.43,17.73,967985,17720036.00
2020/08/03,17.69,18.27,17.69,18.13,1622940,30284706.00
2020/08/04,18.15,18.36,17.92,18.32,1713124,32243768.00
2020/08/05,18.32,18.47,17.97,18.39,966138,18244276.00
2020/08/06,18.27,18.47,17.98,18.13,1152700,21610796.00
2020/08/07,18.10,18.10,17.70,17.86,1080884,19979100.00
2020/08/10,17.86,18.27,17.86,18.10,636400,11901449.00
2020/08/11,18.03,18.18,17.68,17.78,631000,11743160.00
2020/08/12,17.89,17.89,17.47,17.83,776500,14185959.00
2020/08/13,17.90,18.24,17.78,18.05,618160,11548035.00
2020/08/14,18.10,18.22,17.82,18.17,423700,7913507.00
2020/08/17,18.33,18.41,18.17,18.26,839000,15871541.00
2020/08/18,18.32,18.32,18.12,18.19,682385,12838523.00
2020/08/19,18.11,18.23,17.89,17.98,660000,12330288.00
2020/08/20,17.92,18.07,17.68,17.90,522200,9700631.00
2020/08/21,18.05,18.32,17.91,18.06,775365,14548739.00
2020/08/24,18.24,18.32,17.90,18.25,911700,17164862.00
2020/08/25,18.16,18.66,18.15,18.35,1248600,23805000.00
2020/08/26,18.35,18.46,18.18,18.45,1397877,26512916.00
2020/08/27,18.28,18.91,18.28,18.77,1320000,25443364.00
2020/08/28,19.21,19.21,18.34,18.46,1250000,23969848.00
2020/08/31,18.46,18.56,18.23,18.23,1112100,21094706.00
2020/09/01,18.22,18.36,18.02,18.35,776430,14619078.00
2020/09/02,18.46,19.01,18.38,18.75,1700521,32949842.00
2020/09/03,18.75,18.89,18.41,18.49,835800,16100096.00
2020/09/04,18.37,18.87,18.12,18.75,989285,18935556.00
2020/09/07,18.66,19.33,18.58,18.96,1434959,28195290.00
2020/09/08,19.24,19.24,18.73,19.08,1295270,25398104.00
2020/09/09,19.08,19.24,18.43,18.51,1302107,25439306.00
2020/09/10,18.87,18.87,17.65,17.92,1575072,29264568.00
2020/09/11,17.97,18.25,17.43,18.17,1017397,18846656.00
2020/09/14,18.10,18.96,18.10,18.61,1172780,22593290.00
2020/09/15,18.67,18.81,18.36,18.67,806678,15478492.00
2020/09/16,18.76,18.76,18.27,18.41,610300,11660391.00
2020/09/17,18.65,19.15,18.39,18.93,1902400,37054752.00
2020/09/18,18.86,19.22,18.37,18.85,1300000,25122266.00
2020/09/21,18.68,19.03,18.68,18.97,573500,11195660.00
2020/09/22,18.90,18.90,18.10,18.17,945500,17970016.00
2020/09/23,18.20,18.36,17.86,18.16,671153,12517579.00
2020/09/24,17.88,18.39,17.74,18.39,1091819,20359124.00
2020/09/25,18.35,18.74,17.50,17.90,1024600,18993664.00
2020/09/28,17.77,17.82,17.17,17.25,988235,17804840.00
2020/09/29,17.32,17.54,16.69,16.91,478770,8395011.00
2020/09/30,17.01,17.11,16.77,16.97,276385,4865698.00
2020/10/09,17.22,17.67,17.18,17.60,427560,7732453.00
2020/10/12,17.60,18.01,17.54,17.93,436900,8090747.00
2020/10/13,17.94,17.94,17.75,17.81,303500,5597963.00
2020/10/14,17.77,18.00,17.69,17.82,259695,4786832.00
2020/10/15,17.83,17.98,17.57,17.60,293975,5401239.00
2020/10/16,18.30,18.30,17.53,17.78,535762,9906025.00
2020/10/19,17.70,17.91,17.54,17.60,394200,7220912.00
2020/10/20,17.55,18.00,17.39,17.95,366210,6735262.00
2020/10/21,17.68,17.98,17.57,17.64,257675,4721225.00
2020/10/22,17.57,18.00,17.42,17.82,331900,6119716.00
2020/10/23,17.82,18.00,17.57,17.64,215040,3960720.00
2020/10/26,17.77,17.77,17.37,17.76,324000,5899737.00
2020/10/27,17.64,17.72,17.41,17.47,239360,4346367.00
2020/10/28,17.47,17.71,17.37,17.64,338800,6157422.00
2020/10/29,17.35,18.12,17.35,17.92,545000,10078908.00
2020/10/30,17.97,18.25,17.54,17.78,590600,10930346.00
2020/11/02,18.37,18.37,17.30,17.40,662745,12005654.00
2020/11/03,17.37,17.89,17.29,17.73,548385,10015164.00
2020/11/04,17.76,17.99,17.55,17.68,382877,7036939.00
2020/11/05,17.95,18.07,17.61,17.84,471300,8698639.00
2020/11/06,17.74,17.88,17.45,17.59,456800,8337364.00
2020/11/09,17.48,17.99,17.48,17.79,877400,16198867.00
2020/11/10,17.86,17.86,17.35,17.42,912800,16556151.00
2020/11/11,17.48,17.48,17.25,17.25,333700,5981147.00
2020/11/12,17.27,17.55,17.20,17.31,357000,6411246.00
2020/11/13,17.23,17.31,16.97,17.07,667600,11818996.00
2020/11/16,17.02,17.15,16.97,17.14,570900,10090099.00
2020/11/17,17.11,17.16,16.97,17.15,683789,12116373.00
2020/11/18,17.15,17.37,17.01,17.32,495100,8876006.00
2020/11/19,17.27,17.42,17.25,17.32,296660,5321057.00
2020/11/20,17.32,17.44,17.18,17.31,379900,6807052.00
2020/11/23,17.32,17.37,17.00,17.13,765200,13624977.00
2020/11/24,17.16,17.22,17.05,17.11,239600,4255372.00
2020/11/25,17.23,17.26,17.05,17.05,364300,6466769.00
2020/11/26,17.05,17.12,16.89,16.94,245600,4323484.00
2020/11/27,16.94,17.07,16.80,17.03,227000,3990526.00
2020/11/30,17.10,17.10,16.83,16.87,245700,4319358.00
2020/12/01,17.05,17.17,16.83,17.10,383300,6777249.00
2020/12/02,17.13,17.19,16.98,17.10,268500,4761547.00
2020/12/03,17.19,17.19,17.01,17.03,206500,3652468.00
2020/12/04,17.02,17.12,17.00,17.10,264217,4678123.00
2020/12/07,17.16,17.16,16.98,17.01,202200,3574143.00
2020/12/08,17.07,17.07,16.82,16.84,225100,3950504.00
2020/12/09,16.89,16.97,16.36,16.47,470400,8082614.00
2020/12/10,16.47,16.55,16.19,16.40,231100,3943627.00
2020/12/11,16.42,16.44,15.82,15.97,381800,6373113.00
2020/12/14,16.08,16.08,15.82,16.06,192600,3197799.00
2020/12/15,16.06,16.29,15.94,16.22,212100,3547648.00
2020/12/16,16.18,16.18,15.46,15.48,665221,10913633.00
2020/12/17,15.53,15.62,14.83,15.26,1144600,18030302.00
2020/12/18,15.27,15.27,14.94,15.01,915410,14371604.00
2020/12/21,15.00,15.10,14.92,14.97,884659,13819141.00
2020/12/22,15.00,15.00,14.67,14.78,1013400,15663532.00
2020/12/23,14.87,15.00,14.65,14.78,586000,9018532.00
2020/12/24,14.78,14.78,14.23,14.27,802100,12070773.00
2020/12/25,14.25,14.67,14.17,14.58,918533,13821248.00
2020/12/28,14.58,14.66,13.87,13.94,1098800,16211509.00
2020/12/29,13.94,14.18,13.81,13.98,618400,9030121.00
2020/12/30,13.98,14.03,13.83,13.93,569000,8278395.00
2020/12/31,13.93,14.23,13.88,14.16,625274,9220251.00
2021/01/04,14.17,14.24,13.98,14.15,1129600,16612510.00
2021/01/05,14.09,14.20,12.67,13.88,957900,13880553.00
2021/01/06,13.95,13.95,13.10,13.15,1351900,18906932.00
2021/01/07,13.14,13.14,12.45,12.52,1302678,17398422.00
2021/01/08,12.53,12.75,12.20,12.52,895178,11796922.00
2021/01/11,13.45,13.45,12.49,12.55,1997764,26558106.00
2021/01/12,12.29,12.76,12.29,12.58,646200,8540450.00
2021/01/13,12.65,12.65,12.17,12.39,890500,11550736.00
2021/01/14,12.26,12.49,12.00,12.49,703800,9075556.00
2021/01/15,12.57,12.71,12.36,12.71,768700,10183485.00
2021/01/18,13.17,13.17,12.65,12.75,915985,12335696.00
2021/01/19,12.76,13.10,12.68,12.97,741843,10023152.00
2021/01/20,13.06,13.06,12.80,12.87,533175,7199779.00
2021/01/21,12.92,12.98,12.71,12.87,1051200,14208800.00
2021/01/22,12.89,12.89,12.37,12.56,575800,7639379.00
2021/01/25,12.56,12.56,12.10,12.25,599100,7724803.00
2021/01/26,12.17,12.35,12.07,12.18,424400,5453982.00
2021/01/27,12.29,12.30,12.10,12.24,360100,4622879.00
2021/01/28,12.21,12.45,12.11,12.29,431500,5569731.00
2021/01/29,12.18,12.22,11.08,11.86,2358563,28646312.00
2021/02/01,12.32,12.36,11.43,11.53,1697100,21331872.00
2021/02/02,11.47,11.66,11.38,11.48,579000,7031015.00
2021/02/03,11.47,11.47,11.20,11.23,550200,6570691.00
2021/02/04,11.22,11.31,10.82,11.03,621004,7242729.00
2021/02/05,11.03,11.25,10.87,11.23,396800,4663411.50
2021/02/08,11.22,11.25,10.99,11.01,481600,5656952.00
2021/02/09,10.91,11.13,10.76,11.13,925577,10692455.00
2021/02/10,11.09,11.25,11.05,11.25,327600,3867143.00
2021/02/18,11.55,11.73,11.28,11.55,502100,6096971.00
2021/02/19,11.57,12.18,11.51,12.01,629817,7871514.00
2021/02/22,12.01,12.70,12.01,12.30,664700,8658847.00
2021/02/23,12.39,12.40,12.06,12.08,400156,5124007.50
2021/02/24,12.02,12.37,12.02,12.06,613204,7841418.50
2021/02/25,12.16,12.31,11.89,11.93,752100,9529776.00
2021/02/26,11.84,12.23,11.72,11.99,612400,7781102.00
2021/03/01,12.03,12.36,12.01,12.32,480600,6177570.00
2021/03/02,12.38,12.47,12.13,12.17,313449,4034874.00
2021/03/03,12.17,12.34,12.09,12.24,343200,4421640.00
2021/03/04,12.27,12.60,11.87,12.38,564900,7364345.00
2021/03/05,12.39,12.70,12.28,12.63,356248,4699419.00
2021/03/08,12.70,13.07,12.51,12.58,761156,10243031.00
2021/03/09,12.80,12.83,12.17,12.38,583752,7632014.00
2021/03/10,12.36,12.40,12.07,12.11,369900,4745938.00
2021/03/11,12.10,12.31,11.91,12.28,294260,3758765.75
2021/03/12,12.28,12.29,12.05,12.14,338900,4320713.00
2021/03/15,12.15,12.30,12.05,12.18,219100,2804263.00
2021/03/16,12.19,12.62,12.13,12.54,419400,5469174.00
2021/03/17,12.54,12.73,12.51,12.59,402500,5331884.00
2021/03/18,12.58,12.85,12.58,12.70,479400,6392030.00
2021/03/19,12.59,12.82,12.55,12.65,367000,4888860.00
2021/03/22,12.65,12.89,12.63,12.80,464000,6239051.00
2021/03/23,12.83,12.84,12.48,12.50,524700,6930253.00
2021/03/24,12.56,12.75,12.38,12.58,434000,5743293.00
2021/03/25,12.52,13.01,12.47,12.87,671800,9054136.00
2021/03/26,12.87,13.17,12.80,12.85,666984,9076300.00
2021/03/29,12.80,13.06,12.62,12.80,462700,6204346.00
2021/03/30,12.80,12.80,12.47,12.52,439700,5805413.00
2021/03/31,12.52,12.89,12.44,12.74,415900,5546480.00
2021/04/01,12.83,12.97,12.72,12.87,420460,5673975.00
2021/04/02,12.87,13.31,12.76,13.04,785548,10745091.00
2021/04/06,13.04,13.26,12.90,12.97,508200,6919310.00
2021/04/07,12.88,13.06,12.87,13.05,384733,5241150.00
2021/04/08,12.96,13.05,12.76,12.79,473677,6396956.00
2021/04/09,12.70,12.93,12.59,12.82,372900,4982254.00
2021/04/12,12.87,13.12,12.47,12.59,619933,8295938.00
2021/04/13,12.53,12.85,12.53,12.66,434000,5782656.00
2021/04/14,12.57,12.95,12.57,12.83,536513,7210587.00
2021/04/15,12.83,12.98,12.75,12.83,414801,5586949.50
2021/04/16,12.79,13.04,12.70,12.95,1104337,14897692.00
2021/04/19,12.91,13.00,12.87,12.94,742217,10065263.00
2021/04/20,12.87,13.12,12.87,12.93,599637,8163226.00
2021/04/21,12.93,12.97,12.84,12.87,364700,4930284.00
2021/04/22,12.87,12.94,12.72,12.77,390000,5250751.00
2021/04/23,12.77,12.78,12.46,12.52,775283,10272697.00
2021/04/26,12.53,12.73,12.51,12.52,396400,5235345.00
2021/04/27,12.52,12.53,12.29,12.32,385300,5004046.00
2021/04/28,12.32,12.37,11.99,12.28,357500,4586466.00
2021/04/29,12.28,12.57,12.23,12.47,501500,6564248.00
2021/04/30,12.47,12.47,12.12,12.20,233483,3007726.75
2021/05/06,12.20,12.48,12.16,12.37,474699,6169023.00
2021/05/07,12.32,12.47,12.20,12.24,295100,3806167.50
2021/05/10,12.23,12.28,12.05,12.05,320089,4092125.25
2021/05/11,12.05,12.23,11.96,12.23,250800,3204149.00
2021/05/12,12.23,12.43,12.13,12.36,269289,3480293.75
2021/05/13,12.25,12.48,12.25,12.46,297100,3877045.00
2021/05/14,12.36,12.75,12.36,12.74,477300,6329719.00
2021/05/17,12.69,12.73,12.44,12.55,457700,6015112.00
2021/05/18,12.55,12.55,12.26,12.44,261100,3403155.00
2021/05/19,12.39,12.47,12.24,12.28,440100,5697542.00
2021/05/20,12.30,12.41,12.20,12.35,238200,3086188.00
2021/05/21,12.39,12.45,12.26,12.40,326578,4239870.00
2021/05/24,12.37,12.46,12.33,12.45,291200,3793955.00
2021/05/25,12.36,12.65,12.36,12.61,445200,5861231.00
2021/05/26,12.61,12.81,12.55,12.74,630647,8385001.00
2021/05/27,12.76,12.83,12.67,12.81,441900,5928465.00
2021/05/28,12.84,12.85,12.71,12.82,390500,5238259.00
2021/05/31,12.82,12.95,12.71,12.91,354100,4782048.00
2021/06/01,12.93,12.97,12.83,12.93,403400,5456948.00
2021/06/02,13.00,13.04,12.67,13.02,589619,7984310.00
2021/06/03,12.97,13.14,12.95,12.99,1022119,13965987.00
2021/06/04,12.99,13.37,12.81,12.87,1481953,20347098.00
2021/06/07,12.87,12.92,12.68,12.80,896800,12015731.00
2021/06/08,12.80,13.15,12.68,13.09,1123553,15297150.00
2021/06/09,13.14,13.22,12.89,12.96,631900,8614131.00
2021/06/10,12.95,13.04,12.88,12.96,385800,5228128.00
2021/06/11,12.89,13.03,12.89,12.90,397500,5402285.00
2021/06/15,13.02,13.02,12.72,12.76,475753,6379198.00
2021/06/16,12.81,12.86,12.67,12.70,255100,3413420.00
2021/06/17,12.71,12.80,12.58,12.61,317053,4218010.50
2021/06/18,12.61,12.76,12.48,12.76,332100,4406994.00
2021/06/21,12.76,13.00,12.75,12.98,401800,5444806.00
2021/06/22,12.98,13.07,12.97,13.00,364300,4971517.00
2021/06/23,13.00,13.35,12.89,12.95,426800,5808966.00
2021/06/24,12.94,13.08,12.77,13.08,331500,4493733.00
2021/06/25,13.02,13.06,12.83,12.90,456233,6186501.50
2021/06/28,12.83,13.06,12.82,12.85,275300,3723835.00
2021/06/29,12.85,12.92,12.75,12.80,254200,3420165.00
2021/06/30,12.72,12.85,12.68,12.79,208683,2799314.50
2021/07/01,12.80,12.91,12.74,12.80,244060,3282640.75
2021/07/02,12.80,12.89,12.69,12.76,321600,4318098.00
2021/07/05,12.73,12.97,12.72,12.97,385400,5208868.00
2021/07/06,12.98,13.15,12.89,13.15,499360,6800363.00
2021/07/07,13.32,13.32,12.95,13.04,683900,9384382.00
2021/07/08,12.99,13.08,12.83,12.83,515100,6986328.00
2021/07/09,12.83,13.02,12.77,13.01,476400,6453475.00
2021/07/12,12.97,13.21,12.97,13.06,556000,7624325.00
2021/07/13,13.03,13.43,13.00,13.31,900800,12521474.00
2021/07/14,13.30,13.35,13.14,13.32,591417,8214675.00
2021/07/15,13.30,13.32,12.80,12.82,875799,11866988.00
2021/07/16,12.86,12.91,12.65,12.71,502799,6735758.50
2021/07/19,12.65,12.76,12.53,12.63,384333,5078649.50
2021/07/20,12.58,12.70,12.53,12.70,531717,7034333.50
2021/07/21,12.68,12.82,12.68,12.77,507400,6789756.00
2021/07/22,12.70,12.77,12.66,12.74,364700,4864119.00
2021/07/23,12.76,12.76,12.47,12.51,472900,6239606.00
2021/07/26,12.43,12.62,12.11,12.18,332633,4298824.00
2021/07/27,12.27,12.30,12.06,12.13,294133,3773739.00
2021/07/28,12.11,12.12,11.43,11.50,628534,7777971.50
2021/07/29,11.62,11.72,11.58,11.68,492471,6053428.00
2021/07/30,11.67,11.79,11.60,11.75,453700,5593527.00
2021/08/02,11.76,11.94,11.62,11.94,385400,4799523.00
2021/08/03,11.80,12.10,11.79,12.02,342517,4324723.00
2021/08/04,12.02,12.08,11.89,12.03,352070,4448500.00
2021/08/05,11.99,12.11,11.92,12.02,276600,3494999.00
2021/08/06,12.07,12.07,11.78,11.86,375000,4684252.00
2021/08/09,11.87,12.29,11.87,12.27,530359,6770512.50
2021/08/10,12.25,12.39,12.08,12.28,328359,4230540.00
2021/08/11,12.27,12.51,12.26,12.42,355531,4641575.50
2021/08/12,12.38,12.60,12.35,12.54,400400,5264142.00
2021/08/13,12.54,12.73,12.26,12.73,458600,6003649.00
2021/08/16,12.63,12.63,12.32,12.41,559600,7297277.00
2021/08/17,12.40,12.52,12.19,12.22,377500,4901937.00
2021/08/18,12.22,12.44,12.19,12.40,263300,3413535.00
2021/08/19,12.42,12.48,12.28,12.39,161300,2103462.00
2021/08/20,12.47,12.47,12.18,12.33,264100,3404795.00
2021/08/23,12.31,12.67,12.24,12.61,492459,6489643.50
2021/08/24,12.68,12.87,12.60,12.83,587447,7870855.00
2021/08/25,12.83,13.14,12.70,13.12,721900,9821532.00
2021/08/26,13.16,13.25,13.02,13.15,669800,9241973.00
2021/08/27,13.03,13.23,13.03,13.14,551700,7587508.00
2021/08/30,13.07,13.21,12.91,12.97,592500,8075029.00
2021/08/31,12.90,13.14,12.80,13.02,505400,6892051.00
2021/09/01,13.03,13.09,12.72,13.06,439800,5966805.00
2021/09/02,13.07,13.51,12.92,13.47,1000733,13925240.00
2021/09/03,13.51,13.60,13.30,13.31,484900,6815346.00
2021/09/06,13.42,13.62,13.28,13.46,608500,8566910.00
2021/09/07,13.48,13.57,13.38,13.53,581600,8213768.00
2021/09/08,13.50,13.84,13.50,13.79,636820,9134022.00
2021/09/09,13.79,13.79,13.58,13.67,538600,7701136.00
2021/09/10,13.70,13.91,13.48,13.48,653231,9334793.00
2021/09/13,13.59,13.72,13.49,13.62,400300,5708653.00
2021/09/14,13.60,13.69,13.21,13.34,591596,8301706.00
2021/09/15,13.25,13.69,13.24,13.57,368600,5223930.00
2021/09/16,13.63,13.72,13.43,13.51,318400,4528386.00
2021/09/17,13.43,13.58,13.18,13.32,536500,7498306.00
2021/09/22,13.19,13.56,13.19,13.39,248900,3471637.00
2021/09/23,13.33,13.63,13.33,13.55,398600,5623604.00
2021/09/24,13.50,13.65,13.20,13.22,404200,5678415.00
2021/09/27,13.22,13.46,12.49,12.58,704533,9435461.00
2021/09/28,13.25,13.25,12.37,12.52,750800,9958031.00
2021/09/29,12.42,12.72,12.25,12.45,590875,7746898.00
2021/09/30,12.38,12.70,12.38,12.60,300200,3962690.00
2021/10/08,12.67,13.31,12.66,13.28,737000,10133013.00
2021/10/11,13.27,13.53,13.22,13.40,508334,7129935.00
2021/10/12,13.44,13.53,13.18,13.42,769100,10770558.00
2021/10/13,13.40,13.58,13.27,13.57,404600,5701467.00
2021/10/14,13.57,13.57,13.17,13.36,437100,6093185.00
2021/10/15,13.41,13.52,13.17,13.20,387700,5414787.00
2021/10/18,13.20,13.41,13.02,13.36,387500,5367051.00
2021/10/19,13.46,13.62,13.26,13.51,601900,8495068.00
2021/10/20,13.39,13.50,13.10,13.12,394500,5470555.00
2021/10/21,13.13,13.22,12.81,12.88,461900,6279806.00
2021/10/22,13.01,13.01,12.53,12.54,369400,4921229.00
2021/10/25,12.50,12.74,12.40,12.54,220900,2897279.00
2021/10/26,12.48,12.52,12.15,12.16,521000,6734300.00
2021/10/27,12.09,12.16,11.62,11.70,726700,9013933.00
2021/10/28,11.67,11.85,11.51,11.71,429000,5281727.00
2021/10/29,11.81,12.26,11.63,12.13,524400,6638557.00
2021/11/01,12.19,12.42,12.05,12.42,266700,3446869.00
2021/11/02,12.42,12.55,11.98,12.26,485700,6250239.00
2021/11/03,12.25,12.38,12.00,12.26,302000,3880623.00
2021/11/04,12.41,12.41,12.20,12.25,180600,2327189.00
2021/11/05,12.70,12.70,12.18,12.29,455300,5900973.00
2021/11/08,12.17,12.68,12.14,12.67,659400,8653657.00
2021/11/09,12.74,13.31,12.43,12.73,1386300,18521980.00
2021/11/10,12.59,12.87,12.42,12.86,812283,10774433.00
2021/11/11,12.75,13.16,12.75,13.11,757400,10344415.00
2021/11/12,13.10,13.23,12.91,13.10,370870,5088536.00
2021/11/15,13.18,13.51,12.93,13.29,926600,12910740.00
2021/11/16,13.37,13.49,13.24,13.24,713270,9989111.00
2021/11/17,13.24,13.52,13.19,13.37,589900,8262627.00
2021/11/18,13.60,13.60,13.15,13.15,521600,7288570.00
2021/11/19,13.17,13.51,13.15,13.42,590700,8257448.00
2021/11/22,13.48,13.52,13.22,13.32,276900,3867501.00
2021/11/23,13.42,13.43,13.19,13.32,353300,4926109.00
2021/11/24,13.41,13.47,13.23,13.32,345700,4831621.00
2021/11/25,13.42,13.49,13.29,13.43,299100,4199122.00
2021/11/26,13.33,13.42,13.05,13.23,575900,7947698.00
2021/11/29,13.17,13.21,12.98,12.98,352900,4829697.00
2021/11/30,12.98,13.38,12.97,13.34,764862,10600773.00
2021/12/01,13.30,13.57,13.30,13.57,609200,8588423.00
2021/12/02,13.57,13.81,13.47,13.49,710500,10154540.00
2021/12/03,13.57,13.75,13.37,13.59,698000,9911456.00
2021/12/06,13.54,13.69,13.08,13.10,686100,9529895.00
2021/12/07,13.22,13.25,12.70,12.88,736400,9959335.00
2021/12/08,12.90,13.44,12.76,13.33,891100,12272738.00
2021/12/09,13.23,13.62,13.11,13.49,923000,13030962.00
2021/12/10,13.52,14.35,13.39,14.29,2558560,37450240.00
2021/12/13,14.35,15.78,14.30,15.78,3912700,62109164.00
2021/12/14,16.85,16.85,15.03,15.18,6858860,111865160.00
2021/12/15,14.93,15.95,14.70,15.23,3410593,54290564.00
2021/12/16,14.94,16.56,14.90,16.15,4319029,71076400.00
2021/12/17,16.06,17.46,16.04,17.36,4883976,85855112.00
2021/12/20,17.23,17.61,16.61,16.97,3308060,58348288.00
2021/12/21,16.75,17.22,16.61,16.91,1598900,27951890.00
2021/12/22,16.61,17.42,16.61,17.25,1572400,28029896.00
2021/12/23,17.25,17.48,16.66,17.17,1732078,30782452.00
2021/12/24,17.28,17.37,16.95,16.96,1275980,22695056.00
2021/12/27,16.88,16.99,16.38,16.67,1597500,27740580.00
2021/12/28,17.03,17.03,16.40,16.74,722338,12453280.00
2021/12/29,16.93,16.93,16.30,16.44,806300,13797431.00
2021/12/30,16.32,16.74,16.17,16.58,872700,15010941.00
2021/12/31,16.62,16.74,16.18,16.24,733800,12456113.00
2022/01/04,16.23,17.37,16.23,16.96,1151200,20067860.00
2022/01/05,16.90,17.15,16.04,16.46,1173260,19942940.00
2022/01/06,16.19,16.66,16.12,16.21,678823,11513945.00
2022/01/07,16.22,16.42,15.67,15.69,845900,14002785.00
2022/01/10,15.72,16.04,15.48,15.93,547700,9009780.00
2022/01/11,16.08,16.55,15.83,15.93,697700,11723606.00
2022/01/12,16.15,16.27,15.70,15.73,1281300,21188740.00
2022/01/13,15.73,15.89,15.09,15.22,1938300,31018674.00
2022/01/14,15.18,15.48,14.92,14.94,944500,14896445.00
2022/01/17,15.18,15.25,14.67,14.86,2617260,40672164.00
2022/01/18,14.87,14.94,14.12,14.17,2244200,33629872.00
2022/01/19,14.08,14.48,14.08,14.33,1225100,18323456.00
2022/01/20,14.28,14.50,13.86,13.87,1171600,17182516.00
2022/01/21,14.02,14.57,13.88,14.45,1727900,25796180.00
2022/01/24,14.47,14.47,14.05,14.17,915700,13636990.00
2022/01/25,14.17,14.40,13.63,13.63,921400,13402828.00
2022/01/26,13.87,13.93,13.60,13.76,711000,10243256.00
2022/01/27,13.91,14.00,13.36,13.39,1369138,19341896.00
2022/01/28,13.85,14.02,13.48,13.80,1049423,15089433.00
2022/02/07,13.97,14.15,13.60,13.92,783000,11391792.00
2022/02/08,13.92,14.46,13.88,14.46,1138600,17000328.00
2022/02/09,14.48,14.56,14.30,14.41,863178,13018483.00
2022/02/10,14.46,14.56,14.23,14.33,586500,8778990.00
2022/02/11,14.23,14.46,14.05,14.18,630000,9359963.00
2022/02/14,14.15,14.68,13.94,14.52,1306960,19717874.00
2022/02/15,14.44,14.55,14.29,14.40,657100,9884816.00
2022/02/16,14.40,14.80,14.40,14.74,712400,10877013.00
2022/02/17,14.70,15.03,14.62,14.77,927900,14344240.00
2022/02/18,14.83,14.90,14.54,14.87,691100,10619203.00
2022/02/21,14.93,15.11,14.85,14.93,933900,14552293.00
2022/02/22,14.99,15.04,14.37,14.87,733800,11340171.00
2022/02/23,14.88,15.14,14.82,15.12,655800,10256660.00
2022/02/24,15.05,15.33,14.59,14.84,1486238,23286152.00
2022/02/25,14.93,15.66,14.93,15.57,2474900,39880716.00
2022/02/28,15.79,15.80,15.17,15.64,1325978,21390296.00
2022/03/01,15.64,15.75,15.42,15.64,818400,13264224.00
2022/03/02,15.62,16.05,15.55,16.02,1035600,17121040.00
2022/03/03,15.97,16.23,15.83,16.05,1059800,17671568.00
2022/03/04,16.06,16.12,15.79,16.02,1300700,21595532.00
2022/03/07,15.84,16.00,15.59,15.73,1140378,18707564.00
2022/03/08,15.73,15.76,14.77,14.82,1323980,20891608.00
2022/03/09,15.05,15.22,13.96,14.56,1289600,19738568.00
2022/03/10,14.84,15.23,14.79,14.84,629800,9850809.00
2022/03/11,14.67,15.60,14.64,15.42,1247900,19630950.00
2022/03/14,15.37,15.65,15.02,15.02,897700,14366477.00
2022/03/15,15.02,15.02,14.09,14.22,1181000,17943554.00
2022/03/16,14.71,14.82,14.10,14.75,1034480,15642236.00
2022/03/17,14.83,15.65,14.59,14.72,1424800,22400736.00
2022/03/18,14.80,15.44,14.45,15.33,2013880,31808302.00
2022/03/21,15.33,16.21,15.17,16.13,2232600,36907504.00
2022/03/22,16.09,16.28,15.80,16.21,1135578,18965156.00
2022/03/23,16.27,16.32,15.92,16.17,945800,15826100.00
2022/03/24,16.05,16.47,15.69,15.83,1484000,24650084.00
2022/03/25,15.76,16.44,15.75,16.17,1297200,21867592.00
2022/03/28,16.20,16.54,15.85,16.45,1265500,21405800.00
2022/03/29,16.50,16.50,16.07,16.26,815400,13786716.00
2022/03/30,16.35,16.35,15.75,15.81,1025200,16939768.00
2022/03/31,15.76,16.19,15.38,16.00,1429100,23516906.00
2022/04/01,15.87,16.14,15.40,15.67,1050700,17131764.00
2022/04/06,15.59,16.65,15.53,16.57,1707380,28749792.00
2022/04/07,16.59,16.74,15.79,15.83,1004200,16913528.00
2022/04/08,15.91,16.16,15.34,15.52,822548,13318046.00
2022/04/11,16.72,17.14,15.38,15.64,3058200,51993808.00
2022/04/12,15.37,16.01,14.67,15.87,2660600,42421192.00
2022/04/13,15.79,16.92,15.76,16.43,4818635,82552576.00
2022/04/14,16.26,18.14,15.47,18.14,4350895,76177608.00
2022/04/15,17.43,17.70,16.67,17.10,7475600,132551024.00
2022/04/18,16.68,17.22,16.13,16.68,4911004,84699152.00
2022/04/19,16.51,17.25,15.48,15.49,5184800,87366312.00
2022/04/20,15.35,15.93,14.87,15.92,5136100,82516640.00
2022/04/21,15.57,15.72,14.27,14.27,3849700,59800856.00
2022/04/22,14.26,14.87,13.75,13.98,3927600,58668644.00
2022/04/25,13.46,14.10,12.99,13.57,3734600,52747128.00
2022/04/26,13.51,13.89,12.91,13.74,3267400,45923760.00
2022/04/27,13.26,13.37,12.31,12.89,3777878,49632132.00
2022/04/28,13.06,13.54,12.17,12.30,3119500,41991980.00
2022/04/29,12.27,13.12,12.17,12.89,3186400,42461200.00
2022/05/05,12.84,13.63,12.82,13.48,2139332,29764286.00
2022/05/06,13.22,13.82,13.10,13.57,2264000,31846790.00
2022/05/09,13.47,14.11,13.27,13.64,1443400,20662448.00
2022/05/10,13.64,13.92,13.40,13.76,1421900,20256854.00
2022/05/11,13.76,14.34,13.61,14.00,2034600,29645188.00
2022/05/12,13.94,14.58,13.74,14.46,1631700,24247912.00
2022/05/13,14.35,14.83,14.22,14.80,1348900,20378932.00
2022/05/16,15.04,15.04,14.47,14.87,1220700,18670272.00
2022/05/17,14.80,14.91,14.15,14.32,1549200,23035544.00
2022/05/18,14.32,14.61,14.10,14.43,1211300,18125162.00
2022/05/19,14.27,14.85,14.18,14.62,1269400,19200344.00
2022/05/20,14.77,15.29,14.58,15.15,1850800,28825348.00
2022/05/23,15.08,15.54,14.98,15.39,1133100,17961228.00
2022/05/24,15.39,15.77,14.74,14.74,1443699,22607860.00
2022/05/25,14.74,15.17,14.59,15.00,940300,14557767.00
2022/05/26,15.00,15.11,14.46,15.00,1111000,17052624.00
2022/05/27,15.00,15.12,14.72,14.85,789400,12160057.00
2022/05/30,15.03,15.03,14.65,14.90,838900,12865748.00
2022/05/31,14.87,14.89,14.47,14.82,1052500,16013056.00
2022/06/01,14.77,15.27,14.76,15.21,1264800,19752576.00
2022/06/02,15.02,15.27,14.81,15.13,971678,15114317.00
2022/06/06,15.11,15.54,14.93,15.27,1167678,18428100.00
2022/06/07,15.32,15.50,14.97,15.01,925900,14511343.00
2022/06/08,15.16,15.35,14.72,14.95,996500,15520663.00
2022/06/09,15.04,15.04,14.38,14.45,1025900,15472600.00
2022/06/10,14.45,14.72,14.41,14.57,704300,10648249.00
2022/06/13,14.85,14.85,14.35,14.59,821900,12356807.00
2022/06/14,14.55,14.55,14.03,14.33,893900,13209256.00
2022/06/15,14.36,14.65,14.33,14.40,859300,12929005.00
2022/06/16,14.56,14.73,14.31,14.64,834000,12585387.00
2022/06/17,14.48,14.59,14.19,14.31,951700,14151266.00
2022/06/20,14.35,14.55,14.32,14.55,896000,13453202.00
2022/06/21,14.66,14.66,14.29,14.45,765878,11488301.00
2022/06/22,14.44,14.57,14.16,14.17,737200,10929579.00
2022/06/23,14.08,14.54,14.08,14.47,832100,12456832.00
2022/06/24,14.54,14.74,14.40,14.65,702600,10625843.00
2022/06/27,14.71,14.83,14.43,14.59,896400,13567316.00
2022/06/28,14.51,15.87,14.51,15.57,3394300,54104944.00
2022/06/29,15.53,15.59,14.70,14.75,2330200,36221952.00
2022/06/30,14.67,14.89,14.54,14.64,1601500,24373684.00
2022/07/01,14.65,14.82,14.57,14.65,1184400,18034596.00
2022/07/04,14.74,15.33,14.57,15.05,2096099,32718202.00
2022/07/05,14.97,15.17,14.49,14.72,1692900,25849388.00
2022/07/06,14.53,14.72,14.27,14.38,1366100,20360112.00
2022/07/07,14.38,14.61,14.33,14.37,852600,12748152.00
2022/07/08,14.48,14.61,14.36,14.38,881200,13228247.00
2022/07/11,14.41,14.51,14.12,14.50,1105800,16433261.00
2022/07/12,14.44,14.65,14.12,14.13,1050900,15548326.00
2022/07/13,14.22,14.67,14.22,14.63,2043500,30739190.00
2022/07/14,14.64,14.79,14.53,14.69,1212600,18428984.00
2022/07/15,14.78,14.78,14.25,14.28,1221400,18308336.00
2022/07/18,14.22,15.15,14.22,14.99,1940133,29949776.00
2022/07/19,15.09,15.43,14.89,15.38,1406500,22243954.00
2022/07/20,15.37,15.46,15.14,15.25,1077000,16986528.00
2022/07/21,15.30,15.42,15.15,15.34,991000,15711530.00
2022/07/22,15.46,15.77,15.40,15.62,1419500,22841552.00
2022/07/25,15.95,15.95,15.57,15.74,1093600,17826780.00
2022/07/26,15.95,16.06,15.58,15.91,1262000,20599598.00
2022/07/27,16.01,16.12,15.81,16.07,948600,15716204.00
2022/07/28,16.12,16.16,15.87,16.08,741800,12320820.00
2022/07/29,16.05,16.37,15.89,16.09,1076200,17958808.00
2022/08/01,16.34,16.35,15.97,16.05,908800,15126362.00
2022/08/02,15.97,16.04,15.23,15.48,1319400,21113508.00
2022/08/03,15.67,16.00,15.57,15.66,1214700,19849648.00
2022/08/04,15.52,15.75,15.40,15.74,936578,15088352.00
2022/08/05,15.76,15.81,15.32,15.57,903600,14468232.00
2022/08/08,15.57,15.86,15.27,15.86,904700,14647292.00
2022/08/09,15.87,15.97,15.75,15.93,597600,9807690.00
2022/08/10,16.03,16.18,15.93,16.16,781780,12984269.00
2022/08/11,16.16,16.33,15.99,16.26,827000,13836454.00
2022/08/12,16.18,16.35,16.13,16.17,870300,14586720.00
2022/08/15,16.27,16.41,15.98,16.28,733800,12349838.00
2022/08/16,16.32,16.47,16.13,16.39,614680,10399751.00
2022/08/17,16.39,16.49,16.05,16.34,1079480,18075798.00
2022/08/18,16.18,16.27,16.03,16.20,612600,10214157.00
2022/08/19,16.18,16.35,15.80,15.80,733000,12141723.00
2022/08/22,15.87,16.08,15.48,16.00,975300,15983311.00
2022/08/23,16.03,16.05,15.57,15.69,806400,13085067.00
2022/08/24,15.67,15.95,15.12,15.20,1144778,18139988.00
2022/08/25,15.30,15.56,15.05,15.18,632200,9979033.00
2022/08/26,15.08,15.50,14.98,15.10,656900,10379112.00
2022/08/29,15.37,15.40,14.68,15.32,702900,11016766.00
2022/08/30,15.19,15.52,15.12,15.44,666000,10621156.00
2022/08/31,15.46,15.46,14.77,14.81,855800,13282125.00
2022/09/01,14.81,15.32,14.81,15.10,815900,12755479.00
2022/09/02,15.10,15.41,14.99,15.38,673600,10655689.00
2022/09/05,15.44,15.75,15.41,15.75,609000,9847942.00
2022/09/06,15.82,15.90,15.64,15.86,695500,11346965.00
2022/09/07,15.94,16.00,15.73,15.98,742200,12176094.00
2022/09/08,15.97,16.13,15.81,15.92,872678,14371728.00
2022/09/09,16.04,16.17,15.65,15.69,667405,10918304.00
2022/09/13,15.82,16.19,15.70,16.02,1089100,18051272.00
2022/09/14,16.02,16.37,15.83,16.13,1412800,23488688.00
2022/09/15,16.13,16.27,15.48,15.72,931200,15223635.00
2022/09/16,15.80,15.86,15.22,15.25,892700,14306046.00
2022/09/19,14.98,15.18,14.47,14.58,784600,12017833.00
2022/09/20,14.82,15.58,14.67,14.88,1154500,18104998.00
2022/09/21,14.88,15.41,14.83,15.11,924500,14515225.00
2022/09/22,15.19,15.41,15.08,15.10,720100,11334806.00
2022/09/23,15.11,15.40,14.27,14.39,1208500,18505386.00
2022/09/26,14.27,14.44,13.57,13.65,1018200,14745528.00
2022/09/27,13.75,14.37,13.67,14.26,1149500,16850414.00
2022/09/28,14.20,14.38,13.81,13.94,821900,11985103.00
2022/09/29,14.01,14.22,13.44,13.51,755400,10744819.00
2022/09/30,13.51,13.80,13.36,13.42,502400,7046979.00
2022/10/10,13.42,13.59,12.99,13.11,598100,8254184.00
2022/10/11,13.11,13.25,12.71,13.00,613600,8272355.00
2022/10/12,13.00,13.22,12.83,13.16,811400,10990636.00
2022/10/13,13.17,13.53,13.02,13.39,818100,11345697.00
2022/10/14,13.59,13.80,13.45,13.67,638800,9067714.00
2022/10/17,13.67,14.07,13.58,13.99,768700,11071711.00
2022/10/18,14.20,14.66,13.97,14.40,1360900,20379112.00
2022/10/19,14.40,14.53,14.17,14.35,683800,10157566.00
2022/10/20,14.30,14.65,14.28,14.42,801400,12020772.00
2022/10/21,14.64,14.64,14.30,14.44,313260,4689626.00
2022/10/24,14.52,14.52,13.82,13.87,645000,9487825.00
2022/10/25,13.87,14.12,13.65,13.82,607800,8749593.00
2022/10/26,13.82,14.42,13.78,14.32,880800,12971974.00
2022/10/27,14.42,14.62,14.22,14.37,851300,12752748.00
2022/10/28,14.22,14.41,13.97,14.08,840600,12347633.00
2022/10/31,14.22,14.42,14.10,14.13,657800,9720132.00
2022/11/01,14.16,14.60,14.16,14.59,849000,12711996.00
2022/11/02,14.63,14.67,14.39,14.44,608600,9174100.00
2022/11/03,14.47,14.70,14.42,14.62,513500,7763273.00
2022/11/04,14.62,14.77,14.54,14.66,497400,7553343.00
2022/11/07,14.72,14.88,14.48,14.86,725100,11083511.00
2022/11/08,14.95,14.99,14.62,14.94,1045100,16027857.00
2022/11/09,14.82,14.87,14.58,14.78,761400,11564760.00
2022/11/10,14.63,14.71,14.39,14.43,1073700,16159059.00
2022/11/11,14.66,14.85,14.52,14.67,1373533,20895490.00
2022/11/14,14.76,14.80,14.50,14.65,795800,12076602.00
2022/11/15,14.74,14.74,14.45,14.54,906800,13638767.00
2022/11/16,14.57,14.71,14.54,14.62,941000,14254290.00
2022/11/17,14.66,14.83,14.51,14.83,649200,9897326.00
2022/11/18,14.83,14.91,14.69,14.70,671917,10308363.00
2022/11/21,14.71,14.97,14.47,14.60,930800,14115145.00
2022/11/22,14.59,14.94,14.55,14.60,790400,12086886.00
2022/11/23,14.54,14.65,14.17,14.39,817500,12187637.00
2022/11/24,14.52,14.74,14.38,14.53,713500,10786046.00
2022/11/25,14.57,14.77,14.51,14.69,638000,9696503.00
2022/11/28,14.54,14.59,14.35,14.51,639200,9584223.00
2022/11/29,14.44,14.77,14.38,14.75,602900,9156396.00
2022/11/30,14.82,14.88,14.58,14.72,555160,8470321.00
2022/12/01,14.67,14.99,14.67,14.93,814960,12588086.00
2022/12/02,14.90,15.19,14.78,15.09,791200,12332880.00
2022/12/05,15.25,15.37,14.98,15.34,852200,13457981.00
2022/12/06,15.20,15.34,15.03,15.15,733400,11500264.00
2022/12/07,15.22,15.33,15.06,15.18,686400,10779032.00
2022/12/08,15.20,15.64,15.06,15.41,966200,15370651.00
2022/12/09,15.30,15.49,15.10,15.15,984400,15502436.00
2022/12/12,15.15,15.35,14.92,14.94,520900,8100706.00
2022/12/13,14.96,15.30,14.87,15.19,672400,10548309.00
2022/12/14,15.26,15.58,15.10,15.42,858300,13690218.00
2022/12/15,15.57,15.82,15.27,15.52,1045600,16748935.00
2022/12/16,15.52,15.69,15.37,15.54,751900,12051630.00
2022/12/19,15.54,15.63,14.94,15.05,909100,14269969.00
2022/12/20,15.06,15.19,14.71,15.04,910800,14117435.00
2022/12/21,15.05,15.25,14.87,15.07,471100,7355382.00
2022/12/22,15.07,15.32,14.64,14.72,741900,11456566.00
2022/12/23,14.63,15.12,14.37,14.51,667100,10153085.00
2022/12/26,14.56,14.68,14.27,14.36,474500,7098618.00
2022/12/27,14.42,14.51,14.16,14.31,764200,11311137.00
2022/12/28,14.30,14.30,13.62,13.77,1113800,15975676.00
2022/12/29,13.85,13.85,13.41,13.45,758400,10703304.00
2022/12/30,13.45,14.06,13.38,13.99,969300,13835230.00
2023/01/03,13.99,14.67,13.80,14.03,1478000,21488052.00
2023/01/04,14.03,14.19,13.94,14.13,675100,9857296.00
2023/01/05,14.13,14.37,13.98,14.23,663010,9740003.00
2023/01/06,14.30,14.30,13.89,13.92,611400,8908807.00
2023/01/09,14.09,14.09,13.93,14.02,484300,7045748.00
2023/01/10,14.02,14.18,13.82,14.18,679983,9879579.00
2023/01/11,14.20,14.24,14.03,14.18,862810,12659051.00
2023/01/12,14.18,14.18,13.77,13.82,843259,12153182.00
2023/01/13,13.93,14.13,13.72,13.83,1315000,18936424.00
2023/01/16,13.83,14.03,13.82,13.96,991200,14334477.00
2023/01/17,13.96,13.99,13.88,13.94,438400,6337807.00
2023/01/18,13.95,14.42,13.82,14.34,1160400,17088948.00
2023/01/19,14.42,14.44,14.22,14.44,687600,10224730.00
2023/01/20,14.44,14.67,14.29,14.52,781400,11776169.00
2023/01/30,14.64,14.94,14.62,14.77,912200,13962147.00
2023/01/31,14.89,14.97,14.70,14.92,589623,9087331.00
2023/02/01,14.93,15.31,14.82,15.22,793400,12442327.00
2023/02/02,15.28,15.36,15.07,15.30,577200,9104609.00
2023/02/03,15.26,15.45,15.09,15.25,737306,11631138.00
2023/02/06,15.26,15.38,15.14,15.27,571290,9000933.00
2023/02/07,15.30,15.35,15.18,15.30,504600,7967442.00
2023/02/08,15.38,15.46,15.19,15.31,478990,7618412.00
2023/02/09,15.24,15.46,15.23,15.41,424200,6756773.00
2023/02/10,15.46,15.54,15.27,15.45,434300,6923830.00
2023/02/13,15.50,15.56,15.37,15.50,489100,7839349.00
2023/02/14,15.59,15.81,15.50,15.72,903600,14642323.00
2023/02/15,15.71,15.72,15.50,15.55,523400,8440881.00
2023/02/16,15.57,15.72,15.16,15.25,811300,12973706.00
2023/02/17,15.20,15.60,15.16,15.22,629200,9964726.00
2023/02/20,15.42,15.42,14.97,15.23,1115200,17454004.00
2023/02/21,15.29,15.43,15.11,15.24,696700,11021309.00
2023/02/22,15.29,15.55,15.22,15.46,705600,11257220.00
2023/02/23,15.62,15.62,15.26,15.39,419900,6698211.00
2023/02/24,15.37,15.53,15.31,15.45,409600,6538728.00
2023/02/27,15.45,15.52,15.15,15.23,686660,10875075.00
2023/02/28,15.33,15.50,15.29,15.50,675500,10774706.00
2023/03/01,15.50,15.57,15.39,15.55,524100,8402657.00
2023/03/02,15.59,15.62,15.41,15.52,672300,10798378.00
2023/03/03,15.53,15.53,15.37,15.47,573000,9151265.00
2023/03/06,15.54,15.61,15.35,15.56,592769,9514645.00
2023/03/07,15.64,15.74,14.96,15.25,598080,9519217.00
2023/03/08,15.08,15.47,15.02,15.42,730069,11598546.00
2023/03/09,15.46,16.43,15.46,15.76,2464500,40480576.00
2023/03/10,15.59,16.56,15.55,15.62,2104269,34642160.00
2023/03/13,15.53,16.05,15.43,15.66,1545000,25009200.00
2023/03/14,15.54,16.15,15.51,16.07,2938400,48296276.00
2023/03/15,16.03,16.03,15.58,15.82,2032700,33144628.00
2023/03/16,15.66,15.74,15.09,15.58,1857183,29761104.00
2023/03/17,15.62,15.62,15.23,15.34,1782500,28300726.00
2023/03/20,15.38,15.38,14.90,15.00,1332400,20810280.00
2023/03/21,15.11,15.42,14.89,15.41,1343300,21196592.00
2023/03/22,15.49,15.81,15.41,15.65,1782500,28760722.00
2023/03/23,15.76,15.76,15.09,15.19,1443700,22799572.00
2023/03/24,15.20,15.37,15.15,15.25,991200,15630069.00
2023/03/27,15.27,15.37,14.94,15.15,931300,14561894.00
2023/03/28,15.16,15.22,14.90,14.91,857600,13311813.00
2023/03/29,14.93,15.00,14.82,14.83,817400,12603788.00
2023/03/30,14.87,14.87,14.47,14.54,895400,13523568.00
2023/03/31,14.62,14.65,14.50,14.61,609300,9213426.00
2023/04/03,14.67,14.79,14.59,14.75,667800,10160789.00
2023/04/04,14.73,14.73,14.45,14.49,781000,11766909.00
2023/04/06,14.48,14.52,14.22,14.29,605500,8997681.00
2023/04/07,14.31,14.56,14.21,14.54,497400,7437744.00
2023/04/10,14.54,14.60,14.17,14.18,539100,8002227.00
2023/04/11,14.17,14.24,13.99,14.22,573400,8396577.00
2023/04/12,14.12,14.40,14.12,14.38,404600,6013657.00
2023/04/13,14.39,14.47,14.30,14.35,345500,5153657.00
2023/04/14,14.36,14.41,14.26,14.30,331500,4921463.00
2023/04/17,14.24,14.46,14.24,14.36,468700,6971022.00
2023/04/18,14.42,14.42,14.26,14.28,322600,4792735.00
2023/04/19,14.28,14.29,14.03,14.09,466200,6837849.00
2023/04/20,14.16,14.16,13.78,13.89,359500,5184040.00
2023/04/21,13.96,13.98,13.50,13.51,625100,8864392.00
2023/04/24,13.57,13.72,13.29,13.41,856800,11990816.00
2023/04/25,13.23,13.30,12.67,12.92,1351800,18160876.00
2023/04/26,12.77,13.22,12.74,13.01,849600,11535179.00
2023/04/27,13.00,13.45,12.94,13.19,772400,10660606.00
2023/04/28,13.53,13.80,13.27,13.77,823300,11444429.00
2023/05/04,13.76,14.00,13.76,13.99,949500,13460754.00
2023/05/05,14.04,14.12,13.83,14.06,841900,11997322.00
2023/05/08,14.06,14.21,13.83,13.97,933099,13332533.00
2023/05/09,13.91,14.14,13.70,13.71,585900,8278996.00
2023/05/10,13.78,13.95,13.71,13.81,392700,5520375.00
2023/05/11,13.94,14.03,13.78,14.00,325900,4616121.00
2023/05/12,14.00,14.16,13.90,14.00,411200,5876507.00
2023/05/15,14.10,14.22,13.89,14.18,509000,7274100.00
2023/05/16,14.17,14.24,13.99,14.05,328400,4709643.00
2023/05/17,13.97,14.22,13.95,14.18,425800,6113608.00
2023/05/18,14.14,14.34,14.08,14.30,386800,5604516.00
2023/05/19,14.25,14.29,14.11,14.18,391500,5652733.00
2023/05/22,14.18,14.51,14.18,14.20,439300,6393765.00
2023/05/23,14.18,14.43,14.14,14.21,431900,6268892.00
2023/05/24,14.16,14.31,14.05,14.15,588800,8497326.00
2023/05/25,14.16,14.16,13.77,14.06,636000,9039809.00
2023/05/26,14.05,14.09,13.82,14.00,430900,6118527.00
2023/05/29,14.08,14.11,13.85,14.04,605800,8639715.00
2023/05/30,14.04,14.04,13.78,13.97,500236,7076141.00
2023/05/31,13.98,14.07,13.86,13.98,481800,6848906.00
2023/06/01,13.88,13.93,13.70,13.71,627400,8805097.00
2023/06/02,13.76,14.10,13.71,13.91,576100,8172561.00
2023/06/05,14.06,14.15,13.96,14.15,485000,6951690.00
2023/06/06,14.15,14.20,13.79,13.84,474100,6745752.00
2023/06/07,13.86,14.00,13.75,13.89,641500,9045728.00
2023/06/08,13.84,14.01,13.79,13.85,372400,5269083.00
2023/06/09,13.80,13.90,13.54,13.63,411100,5745241.00
2023/06/12,13.81,13.87,13.33,13.81,886700,12292983.00
2023/06/13,13.80,14.08,13.73,13.91,625800,8896173.00
2023/06/14,13.90,13.98,13.66,13.85,458500,6441990.00
2023/06/15,13.84,13.84,13.57,13.59,466000,6474595.00
2023/06/16,13.59,13.74,13.51,13.53,557800,7732400.00
2023/06/19,13.53,13.68,13.38,13.45,677000,9324971.00
2023/06/20,13.44,13.50,13.30,13.39,446978,6104981.00
2023/06/21,13.39,13.49,13.27,13.37,339300,4629483.00
2023/06/26,13.40,13.48,13.13,13.16,782800,10550606.00
2023/06/27,13.22,13.57,13.07,13.51,684877,9343024.00
2023/06/28,13.51,13.57,13.17,13.55,628700,8593414.00
2023/06/29,13.53,13.88,13.46,13.86,645300,9036957.00
2023/06/30,13.84,14.19,13.82,14.18,749300,10731798.00
2023/07/03,14.25,14.40,14.18,14.36,884400,12874642.00
2023/07/04,14.36,14.45,14.31,14.38,533100,7792661.00
2023/07/05,14.48,14.49,14.27,14.32,582800,8531416.00
2023/07/06,14.35,14.46,14.29,14.44,583800,8552078.00
2023/07/07,14.47,14.60,14.43,14.55,536600,7938817.00
2023/07/10,14.64,14.65,14.53,14.61,479500,7121360.00
2023/07/11,14.61,14.65,14.55,14.64,403900,6004537.00
2023/07/12,14.64,14.80,14.45,14.56,507600,7562290.00
2023/07/13,14.59,14.74,14.52,14.68,479000,7126873.00
2023/07/14,14.68,14.68,14.48,14.61,432060,6413824.00
2023/07/17,14.71,14.74,14.45,14.71,541200,8044666.00
2023/07/18,14.70,14.80,14.63,14.75,544238,8159246.00
2023/07/19,14.73,14.88,14.67,14.80,345678,5206163.00
2023/07/20,14.80,14.83,14.65,14.69,565700,8484999.00
2023/07/21,14.72,14.81,14.48,14.64,481400,7174083.00
2023/07/24,14.71,14.80,14.61,14.70,437400,6538066.00
2023/07/25,14.73,14.85,14.73,14.84,582100,8772508.00
2023/07/26,14.83,14.95,14.78,14.88,470100,7104184.00
2023/07/27,14.91,15.02,14.81,14.93,606295,9207487.00
2023/07/28,14.93,15.02,14.74,15.01,628500,9552398.00
2023/07/31,15.10,15.10,14.71,14.89,677960,10231541.00
2023/08/01,14.82,14.98,14.72,14.90,503660,7606887.00
2023/08/02,14.93,15.01,14.85,14.90,428700,6494452.00
2023/08/03,14.88,14.99,14.55,14.72,791100,11822610.00
2023/08/04,14.86,14.95,14.40,14.44,883200,13170992.00
2023/08/07,14.53,14.53,14.27,14.38,590400,8627047.00
2023/08/08,14.51,14.62,14.21,14.53,715900,10500826.00
2023/08/09,14.53,14.66,14.18,14.23,591517,8640629.00
2023/08/10,14.25,14.59,14.22,14.54,436800,6404929.00
2023/08/11,14.54,14.75,14.30,14.31,933000,13785851.00
2023/08/14,14.16,14.48,14.09,14.38,609000,8839236.00
2023/08/15,14.38,14.64,14.25,14.55,509800,7497460.00
2023/08/16,14.55,14.57,14.10,14.32,611900,8912586.00
2023/08/17,14.25,14.80,14.15,14.80,929000,13744441.00
2023/08/18,14.78,15.30,14.72,15.07,1596377,24551404.00
2023/08/21,15.23,15.25,14.70,14.84,1161716,17598376.00
2023/08/22,14.88,14.95,14.25,14.45,1239200,18297652.00
2023/08/23,14.46,14.77,14.31,14.32,751200,11054163.00
2023/08/24,14.34,14.54,13.97,14.16,752600,10860773.00
2023/08/25,14.17,14.35,13.80,13.88,552060,7864200.00
2023/08/28,14.64,14.76,14.28,14.31,1203500,17780284.00
2023/08/29,14.20,14.90,14.20,14.90,1056400,15796820.00
2023/08/30,14.95,15.27,14.82,15.24,1145300,17670938.00
2023/08/31,15.18,15.29,14.83,14.97,1295900,19782604.00
2023/09/01,14.97,15.29,14.94,15.28,1362000,21014468.00
2023/09/04,15.26,15.55,15.15,15.51,883600,13825118.00
2023/09/05,15.45,15.57,15.26,15.37,828100,12941412.00
2023/09/06,15.25,15.59,15.25,15.49,858100,13474415.00
2023/09/07,15.49,15.65,15.33,15.43,636100,10002012.00
2023/09/08,15.36,15.58,15.26,15.32,906900,14171444.00
2023/09/11,15.36,15.55,15.33,15.46,929900,14627767.00
2023/09/12,15.47,15.52,15.24,15.44,618500,9670317.00
2023/09/13,15.44,15.54,15.18,15.34,763700,11917759.00
2023/09/14,15.34,15.41,15.06,15.26,926900,14372739.00
2023/09/15,15.15,15.33,15.01,15.21,550900,8525130.00
2023/09/18,15.25,15.43,15.08,15.37,962100,15016388.00
2023/09/19,15.37,15.45,15.24,15.32,840500,13121722.00
2023/09/20,15.17,15.38,15.15,15.18,548300,8511283.00
2023/09/21,15.01,15.24,15.01,15.09,625900,9627997.00
2023/09/22,15.06,15.25,14.95,15.13,980300,15099751.00
2023/09/25,15.13,15.40,14.97,15.11,1021300,15701636.00
2023/09/26,15.01,15.19,14.90,15.11,763200,11700843.00
2023/09/27,15.17,15.26,15.04,15.13,647900,9995093.00
2023/09/28,15.19,15.76,15.00,15.71,1088000,17201788.00
2023/10/09,15.67,15.67,14.71,14.76,1938100,29690084.00
2023/10/10,14.79,15.10,14.72,14.79,1466500,22200824.00
2023/10/11,14.89,14.95,14.36,14.77,1246100,18549160.00
2023/10/12,14.83,14.94,14.59,14.91,1000300,15050887.00
2023/10/13,14.86,14.86,14.58,14.65,649500,9690889.00
2023/10/16,14.69,15.16,14.58,15.09,1087400,16531457.00
2023/10/17,15.09,15.29,15.01,15.22,562200,8664850.00
2023/10/18,15.11,15.33,14.82,14.84,613400,9371113.00
2023/10/19,14.60,15.19,14.55,14.75,857254,12968715.00
2023/10/20,14.80,15.05,14.56,14.91,637900,9590852.00
2023/10/23,14.91,14.99,14.27,14.40,1222400,18079946.00
2023/10/24,14.41,15.35,14.41,15.32,1396100,21455208.00
2023/10/25,15.41,15.78,15.24,15.71,1095500,17395122.00
2023/10/26,15.68,15.72,15.45,15.69,754100,11964017.00
2023/10/27,15.68,16.00,15.67,15.81,997400,16032054.00
2023/10/30,15.81,15.90,15.55,15.60,1141200,18239544.00
2023/10/31,15.56,15.82,15.39,15.70,1109900,17681248.00
2023/11/01,15.65,16.11,15.61,16.07,1152954,18626410.00
2023/11/02,16.07,16.07,15.78,15.94,804154,13009230.00
2023/11/03,15.98,16.10,15.77,15.92,688500,11143836.00
2023/11/06,15.99,16.10,15.83,15.97,724100,11731161.00
2023/11/07,15.95,16.25,15.77,16.18,849700,13834880.00
2023/11/08,16.25,16.51,16.06,16.28,1176500,19459768.00
2023/11/09,16.28,16.33,16.06,16.14,753200,12374966.00
2023/11/10,16.04,16.45,15.99,16.39,970000,15994515.00
2023/11/13,16.45,16.74,16.29,16.64,1298800,21760212.00
2023/11/14,16.58,16.73,16.38,16.46,853100,14287399.00
2023/11/15,16.59,16.73,16.14,16.46,759400,12632087.00
2023/11/16,16.40,16.52,16.06,16.24,1715500,28458750.00
2023/11/17,16.24,16.71,16.06,16.49,1372300,22830932.00
2023/11/20,16.48,16.84,16.28,16.83,1148400,19393472.00
2023/11/21,16.76,16.98,16.45,16.55,1303400,22094904.00
2023/11/22,16.65,16.73,16.42,16.52,619400,10407886.00
2023/11/23,16.43,16.68,16.34,16.60,889300,14898860.00
2023/11/24,16.60,16.70,16.43,16.64,1069200,17989644.00
2023/11/27,16.64,16.85,16.42,16.74,1006000,17010168.00
2023/11/28,16.74,17.05,16.51,16.94,923500,15822882.00
2023/11/29,16.95,17.28,16.88,17.08,772000,13369783.00
2023/11/30,17.03,17.07,16.37,16.70,1811100,30602820.00
2023/12/01,16.68,16.81,16.52,16.79,888200,15064740.00
2023/12/04,16.85,17.17,16.83,17.14,1189000,20586440.00
2023/12/05,17.11,17.25,16.76,16.77,748800,12852181.00
2023/12/06,16.67,17.09,16.65,17.04,621200,10696784.00
2023/12/07,17.07,17.07,16.77,16.96,737800,12661945.00
2023/12/08,16.95,17.16,15.97,16.13,1365100,22713784.00
2023/12/11,15.90,16.42,15.76,16.15,1565900,25709914.00
2023/12/12,16.17,16.50,16.00,16.45,1221100,20132484.00
2023/12/13,16.53,16.84,16.38,16.59,887800,14994984.00
2023/12/14,16.76,17.00,16.61,16.70,756200,12898873.00
2023/12/15,16.79,16.79,16.55,16.66,625400,10573737.00
2023/12/18,16.60,18.33,16.57,18.23,3458000,60517912.00
2023/12/19,17.55,17.56,16.38,16.40,5582600,93727520.00
2023/12/20,16.03,16.83,15.74,16.15,5207700,86432024.00
2023/12/21,16.15,16.39,15.60,16.24,3303995,53806976.00
2023/12/22,16.20,16.65,15.76,15.94,2866500,47236400.00
2023/12/25,15.83,15.94,15.14,15.35,2674700,41781688.00
2023/12/26,15.06,16.55,15.06,15.43,3043100,48756496.00
2023/12/27,15.54,15.65,15.08,15.14,2139100,33108354.00
2023/12/28,15.16,15.53,15.02,15.34,1814600,28217074.00
2023/12/29,15.34,15.94,15.30,15.90,1608900,25699632.00
2024/01/02,16.11,16.75,16.11,16.54,2235500,37357796.00
2024/01/03,16.49,16.68,16.33,16.47,1388000,23215314.00
2024/01/04,16.62,16.86,16.39,16.74,1285400,21666590.00
2024/01/05,16.52,17.12,16.25,16.36,1441600,24251712.00
2024/01/08,16.43,16.43,16.01,16.05,755000,12449315.00
2024/01/09,16.03,16.76,15.99,16.52,1756700,29404144.00
2024/01/10,16.61,16.61,16.24,16.34,1305300,21715136.00
2024/01/11,16.34,16.70,16.29,16.51,1167600,19545116.00
2024/01/12,16.51,16.80,16.31,16.37,1036800,17459006.00
2024/01/15,16.26,16.81,16.26,16.72,1476200,24908752.00
2024/01/16,16.70,16.78,16.25,16.51,1076700,18025194.00
2024/01/17,16.45,16.69,16.24,16.28,1166395,19505958.00
2024/01/18,16.33,16.35,15.49,15.91,1174900,18894344.00
2024/01/19,16.00,16.12,15.68,16.00,1233461,19893232.00
2024/01/22,16.82,16.82,14.38,14.38,2259600,35251592.00
2024/01/23,13.93,14.62,13.63,14.17,2872500,40889692.00
2024/01/24,14.45,15.49,14.01,15.49,2019600,29907708.00
2024/01/25,14.86,16.63,13.92,16.63,4583200,67736768.00
2024/01/26,15.10,15.23,14.94,14.94,6109900,93484512.00
2024/01/29,14.20,14.79,13.59,13.75,4970600,71072864.00
2024/01/30,13.41,13.56,13.07,13.20,3035000,41136348.00
2024/01/31,13.15,13.19,12.31,12.47,2312300,29841012.00
2024/02/01,12.35,12.38,11.62,12.03,2524700,30847618.00
2024/02/02,12.03,12.32,10.80,11.08,2630700,30953096.00
2024/02/05,10.76,10.80,9.95,9.95,1702400,17613450.00
2024/02/06,8.95,9.37,8.93,8.93,3399100,31411812.00
2024/02/07,8.96,8.96,8.01,8.01,2668900,22426856.00
2024/02/08,7.35,8.69,7.25,8.55,3408477,27863806.00
2024/02/19,8.64,9.43,8.55,9.43,2387400,22210858.00
2024/02/20,10.15,10.15,9.09,9.49,2771400,27112008.00
2024/02/21,9.50,10.40,9.36,9.95,2745233,28042576.00
2024/02/22,10.00,10.50,9.95,10.45,1992800,20875592.00
2024/02/23,10.59,11.05,10.50,11.00,1602177,17682804.00
2024/02/26,11.14,11.63,11.11,11.39,1737200,20214572.00
2024/02/27,11.39,12.17,11.16,11.89,2445286,29605072.00
2024/02/28,11.89,13.10,11.22,11.26,8413538,106985152.00
2024/02/29,10.75,11.79,10.11,11.45,7293600,82422368.00
2024/03/01,11.51,12.33,10.86,11.43,5017800,58205684.00
2024/03/04,11.20,11.28,10.77,10.96,3390000,38105172.00
2024/03/05,10.95,10.95,10.37,10.42,2506300,27146724.00
2024/03/06,10.45,10.74,10.35,10.59,2107900,22834182.00
2024/03/07,10.69,10.84,10.53,10.55,2199800,24044476.00
2024/03/08,10.68,10.71,10.34,10.58,1494700,16117736.00
2024/03/11,10.58,10.76,10.53,10.76,1477099,16139976.00
2024/03/12,10.80,11.26,10.80,11.23,2130300,24105124.00
2024/03/13,11.29,11.36,10.98,11.22,1390500,15907029.00
2024/03/14,11.26,11.55,11.11,11.36,1782500,20636150.00
2024/03/15,11.35,11.57,11.30,11.53,1395676,16332823.00
2024/03/18,11.53,11.94,11.53,11.90,1604900,19283346.00
2024/03/19,11.96,12.15,11.75,11.86,1488050,18055312.00
2024/03/20,11.86,12.25,11.80,12.25,1594276,19676538.00
2024/03/21,12.25,12.46,12.01,12.45,2059600,25752038.00
2024/03/22,12.45,12.51,12.17,12.35,1960700,24779334.00
2024/03/25,12.75,13.61,12.75,13.61,4613800,63662896.00
2024/03/26,13.96,14.15,12.43,12.46,8414400,110945032.00
2024/03/27,12.54,13.73,12.53,13.73,3421000,47234376.00
2024/03/28,13.45,14.75,12.91,13.55,8375078,115598152.00
2024/03/29,13.26,13.35,12.81,13.10,5274578,69880216.00
2024/04/01,13.11,13.35,12.81,13.14,4213956,56103884.00
2024/04/02,13.30,14.48,13.17,13.60,5293588,73318128.00
2024/04/03,13.23,13.38,12.95,13.17,3419456,45896176.00
2024/04/08,13.43,13.71,12.35,12.36,3291200,43394348.00
2024/04/09,12.00,13.62,12.00,13.62,4273000,58595800.00
2024/04/10,13.22,13.55,12.43,12.70,5476586,71748656.00
2024/04/11,12.76,14.00,12.71,14.00,3290900,46468836.00
2024/04/12,15.43,15.43,15.43,15.43,1435500,22508640.00
2024/04/15,16.75,17.00,13.86,13.86,12199056,198015680.00
2024/04/16,12.45,12.45,12.45,12.45,871700,11070590.00
2024/04/17,11.18,12.91,11.18,11.80,11300244,134576016.00
2024/04/18,11.43,11.44,10.76,10.80,7327444,82212024.00
2024/04/19,10.44,10.77,10.27,10.42,4391800,47132960.00
2024/04/22,10.43,10.65,10.15,10.18,3419656,36268160.00
2024/04/23,10.20,10.47,10.20,10.41,3164676,33653924.00
2024/04/24,10.42,10.65,10.37,10.65,2488576,26872902.00
2024/04/25,10.70,11.13,10.58,11.08,3324300,37169364.00
2024/04/26,10.85,10.91,10.56,10.76,2990188,32884840.00
2024/04/29,10.58,11.11,10.58,11.07,3150900,35320752.00
2024/04/30,11.08,11.23,10.85,11.03,2323700,26145912.00
2024/05/06,11.05,11.54,11.05,11.47,2796400,32416004.00
2024/05/07,11.55,11.95,11.55,11.92,2790000,33418860.00
2024/05/08,11.92,11.92,11.47,11.58,1864900,22210476.00
2024/05/09,11.65,11.89,11.49,11.75,1550900,18281808.00
2024/05/10,11.78,11.97,11.43,11.47,1363700,15806458.00
2024/05/13,11.50,11.61,11.10,11.11,1657800,18579966.00
2024/05/14,11.12,11.46,11.11,11.42,1268100,14373442.00
2024/05/15,11.42,11.66,11.31,11.36,1160800,13319196.00
2024/05/16,11.46,11.75,11.38,11.66,1713100,19951804.00
2024/05/17,11.66,11.85,11.59,11.77,1339600,15681909.00
2024/05/20,11.80,12.08,11.76,12.02,1661800,19846740.00
2024/05/21,12.25,12.25,11.74,11.78,1213000,14382740.00
2024/05/22,11.72,11.94,11.72,11.79,841000,9920172.00
2024/05/23,11.70,11.76,11.23,11.33,1884100,21560812.00
2024/05/24,11.29,11.41,11.10,11.16,1092200,12296348.00
2024/05/27,11.16,11.41,11.16,11.29,1310400,14765162.00
2024/05/28,11.27,11.31,11.11,11.14,1130900,12651668.00
2024/05/29,11.04,11.34,11.04,11.21,937600,10484995.00
2024/05/30,11.15,11.18,10.93,11.00,1386200,15266500.00
2024/05/31,10.95,11.16,10.92,11.13,794000,8775990.00
2024/06/03,11.13,11.16,10.40,10.57,1744000,18575832.00
2024/06/04,10.45,10.53,9.76,9.97,2532400,25387464.00
2024/06/05,9.97,9.99,9.54,9.84,1627600,16026150.00
2024/06/06,9.77,9.90,8.97,9.12,2480630,23054290.00
2024/06/07,9.20,10.03,9.20,10.03,2359100,23095728.00
2024/06/11,10.31,10.35,9.51,9.86,2989800,29290004.00
2024/06/12,9.96,10.23,9.75,10.15,1597900,16024207.00
2024/06/13,10.15,10.16,9.87,10.00,1319200,13164366.00
2024/06/14,10.07,10.48,9.83,10.33,2162400,22216642.00
2024/06/17,10.17,10.33,9.77,9.84,2178800,21558584.00
2024/06/18,9.84,10.00,9.61,9.96,1448500,14339234.00
2024/06/19,9.98,10.13,9.89,10.08,1294000,13002352.00
2024/06/20,10.04,10.12,9.66,9.71,1206400,11828570.00
2024/06/21,9.70,9.80,9.47,9.60,971000,9330464.00
2024/06/24,9.47,9.50,9.01,9.13,1540700,14140289.00
2024/06/25,9.05,9.45,9.01,9.31,1338000,12431366.00
2024/06/26,9.26,9.83,9.09,9.79,1570500,14886679.00
2024/06/27,9.70,9.89,9.46,9.49,1228100,11807201.00
2024/06/28,9.43,9.75,9.40,9.44,809200,7735611.00
2024/07/01,9.55,9.64,9.36,9.48,851900,8075476.00
2024/07/02,9.50,9.75,9.44,9.67,775000,7485799.00
2024/07/03,9.73,9.73,9.51,9.55,672200,6449354.00
2024/07/04,9.61,9.71,9.08,9.16,1119800,10357352.00
2024/07/05,9.10,9.38,9.00,9.33,718900,6640625.00
2024/07/08,9.30,9.32,8.93,9.01,859500,7789671.00
2024/07/09,8.93,9.20,8.67,9.18,1091000,9780256.00
2024/07/10,9.13,9.18,8.82,8.95,850800,7634483.00
2024/07/11,9.02,9.45,9.01,9.37,1024700,9515330.00
2024/07/12,9.37,9.70,9.23,9.33,755400,7119401.00
2024/07/15,9.21,9.60,8.94,9.00,947394,8598408.00
2024/07/16,9.00,9.05,8.86,8.92,566400,5060504.00
2024/07/17,8.95,8.99,8.77,8.90,612400,5440990.00
2024/07/18,8.88,8.88,8.56,8.75,759300,6580923.00
2024/07/19,8.76,9.09,8.66,8.94,1188499,10579808.00
2024/07/22,8.94,9.25,8.83,9.06,1080300,9787710.00
2024/07/23,9.04,9.28,8.94,8.99,1203200,10977523.00
2024/07/24,8.96,9.07,8.66,8.85,1297000,11458487.00
2024/07/25,8.77,9.10,8.71,8.97,972599,8671726.00
2024/07/26,8.94,9.13,8.89,9.11,675300,6120158.00
2024/07/29,9.11,9.30,8.91,9.14,876494,8008487.00
2024/07/30,9.16,9.33,9.07,9.28,839700,7752124.00
2024/07/31,9.30,9.70,9.27,9.68,1781300,17055444.00
2024/08/01,9.68,9.72,9.52,9.68,1155500,11116106.00
2024/08/02,9.60,9.78,9.48,9.61,740300,7160364.00
2024/08/05,9.52,9.80,9.30,9.36,1280894,12237989.00
2024/08/06,9.51,9.65,9.10,9.53,1733000,16331011.00
2024/08/07,9.39,9.60,9.35,9.58,1432500,13563897.00
2024/08/08,9.49,9.63,9.23,9.51,887200,8353409.00
2024/08/09,9.53,9.78,9.45,9.47,949800,9061700.00
2024/08/12,9.68,9.68,9.30,9.48,847800,8043473.00
2024/08/13,9.53,9.58,9.24,9.57,775200,7327030.00
2024/08/14,9.57,9.70,9.41,9.57,887800,8547619.00
2024/08/15,9.53,9.60,9.35,9.52,860900,8171406.00
2024/08/16,9.50,9.59,9.31,9.31,734100,6932146.00
2024/08/19,9.20,9.48,9.20,9.41,774200,7269318.00
2024/08/20,9.41,9.50,9.15,9.16,822500,7659488.00
2024/08/21,9.20,9.26,9.09,9.18,427100,3916511.00
2024/08/22,9.19,9.29,9.06,9.10,594200,5437177.00
2024/08/23,9.05,9.06,8.65,8.71,1205800,10595367.00
2024/08/26,8.82,9.09,8.71,9.00,1329000,11920459.00
2024/08/27,9.00,9.13,8.82,8.92,894700,8010641.00
2024/08/28,8.88,9.21,8.81,9.04,727500,6574209.00
2024/08/29,9.05,9.16,8.85,9.12,725800,6520715.00
2024/08/30,9.06,9.33,9.06,9.25,1176400,10859739.00
2024/09/02,9.25,9.38,9.15,9.15,1007300,9343126.00
2024/09/03,9.17,9.40,9.11,9.25,823300,7630422.00
2024/09/04,9.24,9.24,8.92,9.01,852100,7697560.00
2024/09/05,9.03,9.22,8.95,9.16,874400,7960344.00
2024/09/06,9.14,9.26,8.98,9.02,885800,8055594.00
2024/09/09,9.02,9.23,8.75,8.99,1116900,10087680.00
2024/09/10,9.02,9.17,8.92,9.10,1000500,9054000.00
2024/09/11,9.10,9.11,8.88,8.93,858100,7691954.00
2024/09/12,8.92,9.05,8.88,8.90,651200,5843988.00
2024/09/13,8.97,8.97,8.66,8.68,766400,6709205.00
2024/09/18,8.68,8.70,8.29,8.53,1271800,10748595.00
2024/09/19,8.57,8.92,8.49,8.90,1360500,11963374.00
2024/09/20,8.90,9.01,8.78,8.83,983700,8733830.00
2024/09/23,8.84,9.04,8.76,8.89,713800,6368844.00
2024/09/24,8.91,9.28,8.91,9.25,904200,8249707.00
2024/09/25,9.43,9.62,9.38,9.40,1334400,12666659.00
2024/09/26,9.36,9.70,9.36,9.70,1065000,10172902.00
2024/09/27,9.89,10.05,9.70,10.02,940200,9303366.00
2024/09/30,10.50,10.95,9.91,10.76,2944700,30879168.00
2024/10/08,11.82,11.83,10.80,11.49,3482800,39331644.00
2024/10/09,11.33,11.33,10.34,10.34,2967600,31529052.00
2024/10/10,10.38,11.20,10.26,10.64,2504499,26622662.00
2024/10/11,10.60,10.71,10.23,10.38,1572400,16439123.00
2024/10/14,10.48,10.64,10.26,10.58,1312400,13772272.00
2024/10/15,10.55,10.85,10.40,10.46,991800,10515092.00
2024/10/16,10.42,10.68,10.26,10.43,1185800,12391482.00
2024/10/17,10.40,10.60,10.27,10.29,1292100,13500680.00
2024/10/18,10.35,10.75,10.15,10.61,1697334,17848188.00
2024/10/21,10.62,10.88,10.56,10.72,1901600,20325950.00
2024/10/22,10.62,11.08,10.62,11.05,2177234,23760234.00
2024/10/23,11.05,11.33,10.94,11.20,1366300,15266485.00
2024/10/24,11.10,11.26,10.96,11.18,1019600,11347368.00
2024/10/25,11.12,11.72,11.12,11.56,1494300,17170436.00
2024/10/28,11.92,12.05,11.45,11.93,2838300,33535904.00
2024/10/29,11.98,12.26,11.60,11.70,3065793,36514188.00
2024/10/30,11.81,11.99,11.36,11.58,1839400,21433192.00
2024/10/31,11.54,11.90,11.45,11.90,1787200,20964582.00
2024/11/01,12.31,13.00,11.30,11.39,4376254,52638476.00
2024/11/04,11.60,11.90,11.20,11.71,2420893,27927928.00
2024/11/05,11.75,12.21,11.68,12.13,2225738,26640492.00
2024/11/06,12.15,12.38,11.99,12.12,1737138,21134852.00
2024/11/07,12.00,12.64,12.00,12.60,2499600,30900944.00
2024/11/08,12.65,12.71,12.35,12.46,1892000,23607176.00
2024/11/11,12.46,12.80,12.11,12.73,1622600,20485666.00
2024/11/12,12.75,13.15,12.62,12.83,2082700,26889800.00
2024/11/13,12.78,13.02,12.52,12.95,1335100,17080020.00
2024/11/14,12.93,12.98,12.39,12.43,1260299,15873949.00
2024/11/15,12.58,12.69,12.25,12.29,1547700,19266816.00
2024/11/18,12.31,12.52,11.81,11.93,1935500,23413972.00
2024/11/19,11.90,12.17,11.63,12.07,2081038,24841940.00
2024/11/20,12.07,12.48,11.88,12.46,1542300,18947322.00
2024/11/21,12.40,12.65,12.29,12.52,1341300,16725290.00
2024/11/22,12.53,12.70,11.93,11.95,1588000,19480124.00
数据来源:通达信
