605168 三人行 日线 前复权
      日期	    开盘	    最高	    最低	    收盘	    成交量	    成交额
2020/05/28,19.22,24.00,19.22,24.00,100963,8769410.00
2020/05/29,26.87,26.87,26.87,26.87,54705,5252774.00
2020/06/01,30.03,30.03,30.03,30.03,50279,5310468.00
2020/06/02,33.49,33.49,33.49,33.49,43087,5005848.00
2020/06/03,37.31,37.31,37.31,37.31,94711,12104066.00
2020/06/04,41.51,41.51,41.51,41.51,68004,9560002.00
2020/06/05,46.13,46.13,46.13,46.13,128658,19895672.00
2020/06/08,51.21,51.21,51.21,51.21,113116,19241032.00
2020/06/09,56.80,56.80,56.80,56.80,83800,15679818.00
2020/06/10,62.95,62.95,57.75,62.95,11893248,2427247872.00
2020/06/11,64.32,69.71,62.97,69.71,6707733,1446005504.00
2020/06/12,77.15,77.15,77.15,77.15,278000,69233120.00
2020/06/15,85.33,85.33,82.04,85.33,4163477,1139603072.00
2020/06/16,86.66,88.96,82.69,87.88,6828853,1891996288.00
2020/06/17,85.68,89.94,83.81,89.62,5204692,1444722560.00
2020/06/18,88.96,91.26,80.35,80.81,5572813,1518026496.00
2020/06/19,81.40,85.35,81.12,83.05,3524841,944284736.00
2020/06/22,81.34,87.39,78.74,86.34,4417057,1174744192.00
2020/06/23,86.02,87.81,84.70,86.50,2967022,820751424.00
2020/06/24,86.33,91.19,83.39,83.71,3394333,943279168.00
2020/06/29,83.05,85.44,81.91,83.48,2372176,637473216.00
2020/06/30,83.81,87.55,82.08,86.99,3526989,957578560.00
2020/07/01,86.10,87.18,82.39,83.42,3204488,873993856.00
2020/07/02,82.39,84.32,81.41,82.75,2309736,613623168.00
2020/07/03,82.06,82.61,77.68,77.79,3039543,779491456.00
2020/07/06,77.13,82.02,76.94,80.91,3245443,825980928.00
2020/07/07,80.74,82.70,79.76,82.36,3250911,851255488.00
2020/07/08,81.73,83.77,80.51,82.80,2875292,761684416.00
2020/07/09,82.06,91.55,82.03,91.55,3170819,898595456.00
2020/07/10,93.56,96.19,90.93,91.85,3875563,1154399360.00
2020/07/13,94.38,95.04,82.42,85.66,5298645,1470367360.00
2020/07/14,83.28,85.83,83.25,84.69,2607972,702650304.00
2020/07/15,84.52,88.91,84.20,85.77,2699606,749379520.00
2020/07/16,85.89,85.90,76.78,76.90,2521433,638414272.00
2020/07/17,76.31,76.31,71.72,74.98,1817740,431656672.00
2020/07/20,74.34,76.41,72.63,76.05,1147027,275878496.00
2020/07/21,75.55,76.75,74.60,75.79,1028753,249412608.00
2020/07/22,75.16,80.31,74.01,77.81,1842006,457969376.00
2020/07/23,76.31,79.74,76.21,78.96,1413269,354503072.00
2020/07/24,78.49,79.58,71.83,73.03,1735788,418298944.00
2020/07/27,72.37,73.14,71.38,72.70,699505,162761904.00
2020/07/28,73.96,74.98,73.03,73.36,785189,187220720.00
2020/07/29,72.37,74.87,72.00,74.55,1108659,263682992.00
2020/07/30,74.56,77.96,74.01,77.63,1298873,318844704.00
2020/07/31,76.64,85.51,76.64,82.54,2058308,531107168.00
2020/08/03,81.90,83.63,81.24,82.46,1189082,313351616.00
2020/08/04,82.56,91.12,82.56,87.16,3416689,964225024.00
2020/08/05,85.51,87.07,79.60,82.75,2653662,697433664.00
2020/08/06,82.06,84.59,80.22,82.56,1386026,363117664.00
2020/08/07,82.92,84.48,78.28,79.76,1338379,344939008.00
2020/08/10,78.28,78.28,74.01,75.62,1162562,283470400.00
2020/08/11,75.75,76.48,74.84,75.00,689682,167758880.00
2020/08/12,74.51,74.67,71.43,73.78,971514,228023760.00
2020/08/13,73.55,75.16,72.37,74.51,792746,188382672.00
2020/08/14,73.62,74.76,73.04,74.68,479011,113968064.00
2020/08/17,74.69,76.61,74.42,75.61,767530,186067264.00
2020/08/18,75.66,76.57,72.70,73.42,945542,227200880.00
2020/08/19,72.70,72.70,68.39,69.40,1343742,305674336.00
2020/08/20,68.10,70.72,66.82,70.31,590391,131621448.00
2020/08/21,70.40,71.32,69.15,70.35,484733,109740248.00
2020/08/24,70.54,72.14,69.16,71.27,501092,114077936.00
2020/08/25,71.35,73.97,70.45,70.73,769400,178682096.00
2020/08/26,70.72,70.72,65.80,66.23,1074882,234776304.00
2020/08/27,66.46,67.11,64.85,66.04,619370,132257552.00
2020/08/28,65.66,67.30,65.66,67.21,505025,108732376.00
2020/08/31,67.18,68.75,67.17,67.47,519914,114117320.00
2020/09/01,67.77,67.77,65.51,66.90,391800,84350352.00
2020/09/02,66.88,67.70,65.75,65.90,373800,80232544.00
2020/09/03,65.75,65.90,62.61,62.78,953900,198148160.00
2020/09/04,61.69,63.60,61.26,63.30,511964,104258896.00
2020/09/07,62.74,63.83,58.43,58.77,1073318,211714256.00
2020/09/08,58.90,59.16,56.60,57.42,864830,163040208.00
2020/09/09,56.60,56.60,53.72,54.03,850341,153621152.00
2020/09/10,54.80,56.08,53.65,53.79,626300,112549440.00
2020/09/11,53.32,54.89,52.75,54.89,468900,82994744.00
2020/09/14,54.96,56.00,54.31,55.07,453000,81744072.00
2020/09/15,55.45,56.24,54.69,55.09,511711,92765008.00
2020/09/16,54.96,56.49,53.91,56.11,711211,128969240.00
2020/09/17,55.84,61.43,55.78,61.40,1556911,299543584.00
2020/09/18,61.02,67.96,60.54,67.96,2149900,452986592.00
2020/09/21,68.32,69.41,66.03,67.90,1338155,291830208.00
2020/09/22,66.46,67.69,65.31,65.31,706005,151603744.00
2020/09/23,65.54,65.96,63.66,64.33,697770,145744352.00
2020/09/24,63.83,67.44,63.50,64.35,850434,180108256.00
2020/09/25,64.34,65.70,63.83,64.17,566746,118840248.00
2020/09/28,67.41,67.44,63.43,63.43,760600,160550528.00
2020/09/29,63.81,67.94,63.81,65.98,1180963,253592240.00
2020/09/30,66.13,66.88,65.47,66.21,521598,111753648.00
2020/10/09,67.11,70.53,66.97,69.53,912611,203719984.00
2020/10/12,69.81,71.34,69.09,70.73,687798,155529168.00
2020/10/13,70.71,73.03,70.13,72.69,821741,190427984.00
2020/10/14,72.14,73.68,72.04,73.25,520800,121959288.00
2020/10/15,72.73,73.49,72.06,72.37,398000,93032056.00
2020/10/16,71.91,73.18,71.11,72.21,446954,104023152.00
2020/10/19,74.36,75.13,71.38,72.48,533354,124923368.00
2020/10/20,72.05,79.34,72.05,78.90,1031441,254484960.00
2020/10/21,78.61,79.69,78.02,78.86,498656,125947120.00
2020/10/22,78.51,79.47,73.68,74.66,966098,234360320.00
2020/10/23,74.60,78.17,74.34,74.73,744220,181923856.00
2020/10/26,74.73,79.27,73.32,77.30,884123,217548176.00
2020/10/27,76.94,78.78,76.38,78.22,583429,145481808.00
2020/10/28,78.56,79.78,77.96,79.15,540400,136539152.00
2020/10/29,78.41,80.26,77.96,79.32,535900,135896176.00
2020/10/30,79.04,82.56,78.61,78.81,1011145,261396016.00
2020/11/02,79.89,81.08,78.03,80.78,557395,142811984.00
2020/11/03,80.96,82.15,80.52,81.49,456300,118563864.00
2020/11/04,81.41,81.89,77.90,78.78,877093,222636832.00
2020/11/05,79.60,81.88,79.27,79.83,676059,174523536.00
2020/11/06,79.93,80.87,76.97,77.95,818166,205457552.00
2020/11/09,77.97,82.50,77.94,81.78,793866,204284816.00
2020/11/10,81.45,82.88,79.15,79.29,540500,139733888.00
2020/11/11,78.77,78.77,71.38,71.52,1094098,259992640.00
2020/11/12,71.52,72.61,70.42,72.21,490600,113388424.00
2020/11/13,72.14,73.02,70.40,71.41,313000,72185936.00
2020/11/16,71.38,72.23,70.07,70.98,309100,70547416.00
2020/11/17,70.99,71.67,65.24,66.85,912871,198537792.00
2020/11/18,66.71,66.71,64.16,65.43,384100,81130536.00
2020/11/19,65.14,65.14,63.36,64.23,489800,101895784.00
2020/11/20,64.29,64.77,63.83,64.63,276003,57496192.00
2020/11/23,64.33,64.48,62.84,63.79,341500,70550096.00
2020/11/24,63.83,65.43,63.50,64.25,365700,76255640.00
2020/11/25,64.27,64.78,62.38,62.38,416600,85865904.00
2020/11/26,62.44,63.71,62.09,62.39,332246,67866880.00
2020/11/27,62.02,63.46,60.99,62.18,332000,66848724.00
2020/11/30,62.51,62.83,60.25,60.75,402400,79749552.00
2020/12/01,60.77,63.66,60.46,63.33,404100,81641216.00
2020/12/02,63.50,63.82,62.17,62.60,320500,65311632.00
2020/12/03,62.83,64.68,62.22,63.50,378400,78336080.00
2020/12/04,63.46,64.79,63.22,64.55,359700,74945592.00
2020/12/07,64.46,65.46,64.16,64.18,309400,64814576.00
2020/12/08,64.25,64.35,62.85,63.45,229200,47241272.00
2020/12/09,63.46,64.00,61.49,61.63,331900,67510600.00
2020/12/10,61.33,62.18,60.71,61.86,337423,67376768.00
2020/12/11,61.79,62.12,58.93,60.61,427923,84018208.00
2020/12/14,60.61,62.51,59.92,62.18,349900,69962560.00
2020/12/15,62.17,65.47,62.04,64.58,567923,118718848.00
2020/12/16,64.45,64.45,60.80,61.03,627800,126022008.00
2020/12/17,61.19,61.49,59.72,61.17,357778,70593624.00
2020/12/18,61.49,61.49,57.70,57.70,552300,106775976.00
2020/12/21,57.40,59.05,56.73,57.79,409850,77423984.00
2020/12/22,57.85,57.91,55.09,55.15,513072,94381552.00
2020/12/23,55.28,57.45,54.23,56.17,394372,71737368.00
2020/12/24,56.88,57.36,55.83,55.83,333995,61664552.00
2020/12/25,55.84,56.22,54.40,54.63,374700,67558528.00
2020/12/28,54.63,56.93,52.92,55.28,385200,68860072.00
2020/12/29,54.90,57.02,54.90,56.54,393583,72316408.00
2020/12/30,56.35,57.13,55.22,55.40,400154,73196416.00
2020/12/31,54.96,55.94,54.66,55.40,325278,58908100.00
2021/01/04,55.61,57.11,55.20,56.89,512012,94282928.00
2021/01/05,56.90,59.13,56.73,57.54,541200,102189504.00
2021/01/06,57.48,58.07,55.94,56.27,533000,98454128.00
2021/01/07,55.95,56.19,52.98,53.49,624100,110358296.00
2021/01/08,53.58,54.79,51.34,54.36,452700,78998104.00
2021/01/11,56.27,60.21,55.69,60.21,1096372,208366720.00
2021/01/12,60.22,62.25,58.79,59.56,1116840,220906464.00
2021/01/13,59.72,60.53,56.07,56.10,898472,168830640.00
2021/01/14,55.93,58.73,52.92,57.72,897672,163860800.00
2021/01/15,57.58,59.88,56.83,58.96,676907,129850288.00
2021/01/18,59.22,59.86,57.13,58.40,591800,112217904.00
2021/01/19,57.79,59.10,56.97,57.15,511600,96743400.00
2021/01/20,57.19,57.58,56.13,57.36,378000,70200880.00
2021/01/21,57.26,57.58,56.13,56.44,436400,80888016.00
2021/01/22,56.04,56.21,54.30,54.56,599127,107536360.00
2021/01/25,54.18,55.88,53.73,54.30,464900,83421728.00
2021/01/26,54.18,55.12,52.92,53.00,496900,87384904.00
2021/01/27,53.41,56.07,52.67,54.91,475300,84384200.00
2021/01/28,53.84,56.16,53.16,53.38,448003,80190808.00
2021/01/29,53.42,54.59,51.37,51.95,534800,91837456.00
2021/02/01,51.13,52.56,51.01,51.81,411209,70088552.00
2021/02/02,52.00,53.44,51.28,52.16,392200,67404672.00
2021/02/03,52.25,53.21,48.68,48.70,875200,146004352.00
2021/02/04,48.39,49.93,47.44,48.83,598500,96040704.00
2021/02/05,48.80,49.83,47.10,47.20,391853,62666468.00
2021/02/08,45.64,47.24,45.64,45.92,546400,83729144.00
2021/02/09,45.82,47.73,45.82,47.16,696400,107709392.00
2021/02/10,46.74,47.59,46.45,47.27,390200,60782304.00
2021/02/18,47.77,50.14,47.40,48.04,826638,133176304.00
2021/02/19,48.12,49.20,47.74,48.85,680684,109280984.00
2021/02/22,48.91,50.36,48.10,48.29,987162,160871056.00
2021/02/23,47.73,47.84,46.58,46.70,584112,91033432.00
2021/02/24,46.65,47.24,46.25,46.41,665862,102907792.00
2021/02/25,46.58,46.96,44.45,44.57,820032,123183984.00
2021/02/26,43.71,44.73,42.90,44.13,555577,81033168.00
2021/03/01,44.57,45.35,44.15,45.17,490700,73347088.00
2021/03/02,45.42,45.42,43.58,43.98,491126,72477480.00
2021/03/03,43.98,47.33,43.72,46.37,935402,142429504.00
2021/03/04,45.75,45.95,44.25,44.45,578089,86356120.00
2021/03/05,43.79,45.76,43.54,45.43,455669,67902480.00
2021/03/08,45.17,45.76,43.72,43.76,501300,74307808.00
2021/03/09,43.46,43.93,41.52,41.81,470900,66977416.00
2021/03/10,42.31,42.47,40.87,41.04,418303,58122148.00
2021/03/11,41.42,41.63,40.59,41.22,627400,86477272.00
2021/03/12,41.09,41.73,39.58,40.33,595500,81128336.00
2021/03/15,39.85,41.09,39.32,40.11,407600,55147536.00
2021/03/16,40.50,40.89,39.69,40.23,443686,60102096.00
2021/03/17,40.17,43.75,39.94,42.47,1040720,146046640.00
2021/03/18,42.47,42.93,41.30,41.50,625800,87938736.00
2021/03/19,41.13,43.45,40.86,43.45,848300,121444496.00
2021/03/22,43.45,44.71,42.88,43.56,626273,91122736.00
2021/03/23,43.46,45.42,43.10,44.61,1014669,150091008.00
2021/03/24,44.61,45.10,43.98,44.44,586304,86873720.00
2021/03/25,44.07,46.65,44.06,46.34,938831,142601328.00
2021/03/26,46.15,47.20,45.79,46.92,786282,121682800.00
2021/03/29,46.92,47.40,46.05,46.90,468389,72462208.00
2021/03/30,46.15,46.95,45.36,45.74,689525,105570272.00
2021/03/31,46.52,47.69,45.76,47.32,553000,86038880.00
2021/04/01,47.40,47.40,45.69,46.02,513808,78704680.00
2021/04/02,46.02,46.90,44.72,44.79,885403,134006400.00
2021/04/06,45.01,45.59,44.54,45.30,633609,95003800.00
2021/04/07,45.30,45.73,44.63,44.97,566000,84853784.00
2021/04/08,45.22,45.69,44.56,44.75,501235,75098056.00
2021/04/09,44.77,44.80,42.87,43.08,850656,123309064.00
2021/04/12,43.22,43.94,41.91,42.21,562761,80696576.00
2021/04/13,42.30,43.25,42.18,42.36,509024,72562096.00
2021/04/14,42.17,43.09,41.32,42.97,794464,112189256.00
2021/04/15,42.14,43.65,40.46,43.59,1108360,155856128.00
2021/04/16,43.16,45.23,43.03,43.62,980852,143857408.00
2021/04/19,41.49,41.81,39.85,40.13,2581213,350103744.00
2021/04/20,39.84,39.85,39.11,39.16,1346336,178359088.00
2021/04/21,39.13,39.13,38.25,38.34,876117,114001128.00
2021/04/22,38.27,38.66,38.27,38.39,607800,78748640.00
2021/04/23,38.40,38.43,36.27,37.25,1328133,166586768.00
2021/04/26,37.55,38.26,37.35,37.43,760048,97142496.00
2021/04/27,37.31,38.03,36.40,36.62,736400,92465704.00
2021/04/28,36.40,36.95,36.02,36.84,512385,63475488.00
2021/04/29,36.75,36.78,36.11,36.11,553200,68128000.00
2021/04/30,36.22,36.22,34.36,34.49,882955,105117720.00
2021/05/06,34.31,34.67,33.27,33.67,716926,83028464.00
2021/05/07,33.88,34.97,33.49,34.18,700174,82127736.00
2021/05/10,34.09,34.09,32.14,32.52,859245,96572832.00
2021/05/11,32.32,32.88,32.03,32.58,446071,49822472.00
2021/05/12,32.42,33.05,32.32,32.90,469800,52785692.00
2021/05/13,32.61,33.20,32.31,32.44,486245,54675384.00
2021/05/14,32.58,33.21,32.36,33.19,563985,63735736.00
2021/05/17,33.14,34.35,32.94,34.32,743904,86299256.00
2021/05/18,34.52,35.46,33.70,35.17,703576,82899944.00
2021/05/19,34.91,35.79,34.42,35.41,804480,96115688.00
2021/05/20,35.08,35.72,34.59,35.51,814427,97768888.00
2021/05/21,35.48,35.83,34.77,34.77,580960,67959968.00
2021/05/24,34.22,36.33,33.85,36.20,1005420,117491304.00
2021/05/25,35.90,39.02,35.77,38.17,1605173,200519856.00
2021/05/26,37.81,38.17,36.85,37.87,875124,108650704.00
2021/05/27,37.57,38.65,37.57,37.70,526196,66000124.00
2021/05/28,37.78,39.05,37.62,38.28,865660,109484296.00
2021/05/31,38.20,39.12,38.04,39.02,902769,115418872.00
2021/06/01,39.02,39.35,38.29,38.96,557196,71394440.00
2021/06/02,38.88,39.06,37.73,38.06,560602,70585144.00
2021/06/03,38.12,38.85,37.87,38.67,594937,75222648.00
2021/06/04,38.63,38.63,37.41,37.72,497960,62370556.00
2021/06/07,37.70,41.26,37.44,41.08,1596020,208540864.00
2021/06/08,40.96,42.27,40.92,41.36,1043659,142095392.00
2021/06/09,41.13,43.96,40.99,43.51,1269306,177239936.00
2021/06/10,43.76,44.62,42.33,43.31,955923,134889040.00
2021/06/11,43.31,43.31,41.61,42.36,567249,78480680.00
2021/06/15,42.21,42.62,41.50,42.10,524261,72441000.00
2021/06/16,42.16,42.47,41.02,41.31,472528,64479568.00
2021/06/17,41.31,42.07,40.55,41.90,530191,72139056.00
2021/06/18,41.91,43.39,41.67,43.31,692601,97155848.00
2021/06/21,43.59,44.11,42.34,43.71,544926,77009144.00
2021/06/22,43.73,44.03,43.28,43.68,329000,46927616.00
2021/06/23,43.68,44.49,42.84,43.35,581913,83081864.00
2021/06/24,43.17,43.52,42.21,42.70,484805,67831128.00
2021/06/25,42.98,46.74,42.47,46.35,1056289,155424496.00
2021/06/28,46.44,48.65,45.76,48.09,694211,107303352.00
2021/06/29,48.05,49.13,47.47,48.42,919809,144974032.00
2021/06/30,48.39,48.71,47.08,47.19,672231,103957440.00
2021/07/01,47.29,48.71,46.85,47.07,486600,75435968.00
2021/07/02,46.59,47.70,46.33,47.05,518201,79211128.00
2021/07/05,47.40,48.42,46.59,47.25,413915,63505768.00
2021/07/06,46.91,47.39,44.85,45.72,727509,108775744.00
2021/07/07,45.46,47.24,45.46,46.90,456517,68760496.00
2021/07/08,46.90,47.71,44.95,45.04,565864,84679472.00
2021/07/09,44.77,46.48,43.87,44.94,522266,77272520.00
2021/07/12,45.26,45.72,43.83,44.65,492430,71526600.00
2021/07/13,44.71,46.14,43.97,46.12,408045,60338880.00
2021/07/14,46.13,47.08,44.87,45.33,432026,64056324.00
2021/07/15,45.33,45.44,42.51,43.34,549940,78378936.00
2021/07/16,42.97,43.35,41.32,42.80,724260,100431512.00
2021/07/19,45.68,45.79,43.10,43.40,891209,129067120.00
2021/07/20,43.13,45.29,42.33,44.11,654184,93925712.00
2021/07/21,44.11,45.16,43.19,43.30,465960,66273884.00
2021/07/22,43.25,43.29,41.85,42.04,458440,63600624.00
2021/07/23,41.98,42.51,40.94,41.24,441115,59999616.00
2021/07/26,40.67,41.70,39.12,39.70,695069,91154840.00
2021/07/27,39.72,40.17,38.28,38.36,457774,59084864.00
2021/07/28,38.49,38.96,37.29,38.13,508760,64042868.00
2021/07/29,38.63,38.69,37.71,38.40,386918,48893724.00
2021/07/30,38.40,38.47,37.37,37.87,411087,51265576.00
2021/08/02,37.68,38.93,36.89,38.46,432182,54207280.00
2021/08/03,38.50,39.18,37.79,37.87,372732,46931400.00
2021/08/04,37.71,38.17,37.13,37.84,378692,47079548.00
2021/08/05,37.48,37.83,36.90,37.08,368536,45245636.00
2021/08/06,36.98,37.08,36.23,36.79,328554,39730504.00
2021/08/09,36.65,38.67,36.41,38.23,431559,54109324.00
2021/08/10,38.38,41.01,37.94,40.80,686308,90102368.00
2021/08/11,40.93,41.15,40.34,40.50,313748,41892332.00
2021/08/12,40.50,41.12,40.33,40.42,232245,30962418.00
2021/08/13,40.50,42.47,40.32,42.44,517123,70974544.00
2021/08/16,42.47,44.05,41.49,42.34,468463,65339804.00
2021/08/17,42.51,43.13,41.09,41.34,361896,49588932.00
2021/08/18,40.17,40.36,37.71,38.89,1076006,136732032.00
2021/08/19,39.48,40.10,38.06,38.17,462667,59066164.00
2021/08/20,37.80,38.63,37.33,38.20,367268,46224180.00
2021/08/23,37.97,39.84,37.55,39.44,373598,47912272.00
2021/08/24,39.19,40.79,38.82,38.93,396046,51738796.00
2021/08/25,39.04,39.84,38.69,39.24,249556,32171728.00
2021/08/26,39.31,39.47,38.00,38.06,263620,33406494.00
2021/08/27,38.24,38.81,37.39,38.63,248532,31357744.00
2021/08/30,38.53,39.15,37.54,37.61,301030,37919324.00
2021/08/31,37.19,38.47,37.19,37.37,222973,27605262.00
2021/09/01,37.54,38.85,37.21,37.45,525302,65516920.00
2021/09/02,37.48,38.00,36.96,37.12,397830,48958168.00
2021/09/03,36.90,37.49,36.72,36.72,415205,50749416.00
2021/09/06,36.56,37.64,36.52,37.59,400270,49246412.00
2021/09/07,37.48,38.12,37.07,37.99,416414,51796408.00
2021/09/08,38.29,39.45,38.15,39.20,541996,69466016.00
2021/09/09,39.20,39.70,38.62,38.97,320800,41314144.00
2021/09/10,38.96,39.44,38.16,39.19,317975,40713096.00
2021/09/13,39.14,39.51,38.56,39.19,283363,36497168.00
2021/09/14,38.92,39.68,38.22,38.68,307400,39437876.00
2021/09/15,38.84,38.86,37.54,38.13,305895,38642964.00
2021/09/16,37.95,38.45,37.59,37.61,255655,32088588.00
2021/09/17,37.91,38.03,37.30,37.83,199500,24856510.00
2021/09/22,37.80,37.83,36.39,37.19,323150,39479976.00
2021/09/23,37.16,37.51,36.92,37.16,251366,30938516.00
2021/09/24,37.28,37.37,36.78,36.93,212000,25928326.00
2021/09/27,37.04,37.97,36.89,36.98,368458,45633972.00
2021/09/28,36.62,36.72,34.59,35.08,454880,53226196.00
2021/09/29,34.62,35.24,34.08,35.01,319505,36761104.00
2021/09/30,35.17,35.56,34.56,34.60,397387,46106200.00
2021/10/08,34.69,36.79,34.66,36.66,551460,65628468.00
2021/10/11,36.56,38.34,36.56,37.26,419586,51986060.00
2021/10/12,37.16,37.76,35.58,35.87,333503,40162648.00
2021/10/13,35.74,36.71,35.74,36.26,232845,27958468.00
2021/10/14,36.10,36.54,35.47,36.02,514000,61074868.00
2021/10/15,35.89,37.54,35.72,37.41,451252,55152532.00
2021/10/18,35.79,35.86,33.35,33.35,1175331,132755824.00
2021/10/19,33.39,33.76,32.47,33.67,609625,67275840.00
2021/10/20,33.67,33.75,33.04,33.29,381600,42371184.00
2021/10/21,33.29,33.40,32.73,32.94,386691,42592572.00
2021/10/22,32.78,33.71,32.78,33.04,426909,47228032.00
2021/10/25,33.50,33.68,32.52,32.75,487210,53355228.00
2021/10/26,32.55,33.79,32.55,32.88,468897,51778336.00
2021/10/27,32.87,33.11,31.56,31.63,580700,62249328.00
2021/10/28,31.63,32.15,30.97,31.87,342013,36232184.00
2021/10/29,31.87,32.24,31.79,32.08,319012,34214304.00
2021/11/01,31.96,32.86,31.37,31.87,518450,55676408.00
2021/11/02,31.89,32.78,31.36,31.56,428560,45906220.00
2021/11/03,31.58,32.76,31.58,32.52,439584,47534428.00
2021/11/04,32.55,33.53,32.55,33.27,457307,50601284.00
2021/11/05,33.27,34.05,33.01,33.93,552737,62075864.00
2021/11/08,34.17,34.22,32.98,33.51,350599,39017320.00
2021/11/09,33.17,34.19,33.10,33.78,318225,35740936.00
2021/11/10,33.78,34.13,33.33,33.77,276523,31043734.00
2021/11/11,33.40,35.06,33.40,34.66,474007,54368440.00
2021/11/12,34.66,35.08,34.36,35.06,461707,53366376.00
2021/11/15,35.24,37.21,34.85,36.40,715031,85608216.00
2021/11/16,36.28,37.80,36.09,36.74,802049,98204472.00
2021/11/17,36.68,38.46,36.35,38.08,873262,109060896.00
2021/11/18,38.25,38.31,36.28,36.38,776340,94573128.00
2021/11/19,36.45,36.97,35.90,36.07,380050,45649616.00
2021/11/22,35.91,36.54,35.60,36.10,402386,47978412.00
2021/11/23,36.22,37.63,35.96,37.39,680278,83604720.00
2021/11/24,37.39,37.98,36.85,37.28,345300,42476968.00
2021/11/25,37.21,37.54,36.79,37.21,322548,39475692.00
2021/11/26,37.02,37.07,35.84,35.87,377100,45211648.00
2021/11/29,35.20,35.47,34.42,34.54,459919,53192108.00
2021/11/30,34.69,35.01,34.53,34.55,326318,37649364.00
2021/12/01,34.51,35.10,33.79,34.80,486929,55733224.00
2021/12/02,34.61,34.62,33.31,33.40,436108,49180232.00
2021/12/03,33.49,33.93,32.84,33.05,482824,53402728.00
2021/12/06,32.97,32.98,32.48,32.62,387363,42317520.00
2021/12/07,32.61,33.39,32.55,32.82,428930,47085160.00
2021/12/08,33.01,33.08,32.47,33.03,368961,40469808.00
2021/12/09,33.04,35.14,33.04,34.60,947129,108366848.00
2021/12/10,35.05,36.22,33.93,36.03,963823,113122088.00
2021/12/13,35.91,38.03,35.87,37.87,1230765,152049840.00
2021/12/14,37.84,41.98,37.78,41.98,1664147,225375360.00
2021/12/15,42.89,46.08,42.18,45.04,3258860,472552736.00
2021/12/16,45.31,47.33,44.65,45.17,2473555,368593920.00
2021/12/17,45.36,46.37,44.11,45.40,1691765,249970160.00
2021/12/20,46.36,46.41,43.42,43.45,1550983,226526112.00
2021/12/21,43.13,44.56,42.56,42.80,1067663,151202336.00
2021/12/22,42.96,45.49,42.31,44.78,1671702,241861072.00
2021/12/23,44.78,44.94,42.99,43.70,954400,135760704.00
2021/12/24,43.58,46.22,43.32,46.08,1942384,288426528.00
2021/12/27,46.34,50.97,45.27,46.09,2103244,324930880.00
2021/12/28,46.34,47.69,44.94,45.11,1509406,227526240.00
2021/12/29,44.73,45.05,41.99,44.11,2161267,305154688.00
2021/12/30,44.44,48.85,44.34,48.85,2208788,338069824.00
2021/12/31,50.35,53.72,49.01,52.32,3484875,584279808.00
2022/01/04,53.64,56.58,50.59,54.30,3483012,599552256.00
2022/01/05,53.32,57.04,52.96,55.28,2576995,458818304.00
2022/01/06,53.00,57.58,53.00,57.26,1824968,327223712.00
2022/01/07,56.95,63.30,56.95,61.85,3939334,775272064.00
2022/01/10,61.82,65.75,59.93,62.84,3080524,616859840.00
2022/01/11,60.87,63.82,56.47,62.84,3277215,633731968.00
2022/01/12,61.79,64.32,57.12,63.08,3123100,607797952.00
2022/01/13,62.58,63.76,59.88,59.88,1689206,331669632.00
2022/01/14,58.63,66.19,58.57,66.19,2057956,410753312.00
2022/01/17,67.11,73.02,66.13,69.05,1938702,433498720.00
2022/01/18,69.05,75.66,69.05,70.73,1809011,415451232.00
2022/01/19,70.72,71.06,63.33,64.80,2100317,443168320.00
2022/01/20,65.00,65.47,62.12,63.34,1759428,359626880.00
2022/01/21,62.51,66.13,60.54,60.94,1429203,285688224.00
2022/01/24,59.43,63.93,59.43,62.81,1125460,224049072.00
2022/01/25,62.33,63.40,58.24,58.89,1244852,239810112.00
2022/01/26,59.39,65.10,59.39,65.10,1330830,269763776.00
2022/01/27,67.61,68.72,58.58,60.08,2222436,440119680.00
2022/01/28,60.63,64.16,58.50,58.72,1383333,266755424.00
2022/02/07,58.84,59.88,52.53,56.28,1917576,341982656.00
2022/02/08,55.94,57.02,54.59,55.91,1004516,180618944.00
2022/02/09,55.36,61.42,54.65,60.35,1192519,226448624.00
2022/02/10,59.92,60.51,56.60,58.68,924392,174413008.00
2022/02/11,58.52,59.68,56.08,56.75,900999,166952208.00
2022/02/14,56.72,57.98,55.78,56.03,714696,130007064.00
2022/02/15,56.27,60.21,55.94,59.71,1027056,194214640.00
2022/02/16,59.23,60.21,57.69,59.20,891722,168984736.00
2022/02/17,58.25,59.48,56.61,59.19,887197,166093024.00
2022/02/18,58.42,59.67,57.26,57.45,641617,119537736.00
2022/02/21,57.26,58.31,55.02,55.73,858809,155247200.00
2022/02/22,55.28,55.91,52.16,53.78,889807,153352448.00
2022/02/23,53.67,54.63,53.46,54.22,482656,84200208.00
2022/02/24,53.97,54.52,51.51,52.42,747794,127308144.00
2022/02/25,52.84,53.50,52.00,52.80,468987,79958992.00
2022/02/28,52.42,54.20,51.79,53.54,458706,78298544.00
2022/03/01,53.48,55.94,53.10,54.83,713823,126017672.00
2022/03/02,54.40,56.98,54.00,54.63,759483,135755072.00
2022/03/03,54.58,55.12,52.51,52.64,484130,82878584.00
2022/03/04,52.33,55.81,52.33,55.28,958951,168864192.00
2022/03/07,55.28,55.28,52.52,53.48,634541,109357304.00
2022/03/08,52.84,54.43,49.67,49.99,702531,116450176.00
2022/03/09,50.44,53.27,49.64,52.59,992848,165057936.00
2022/03/10,53.92,55.22,50.36,50.50,916100,153783840.00
2022/03/11,49.71,50.59,49.06,49.98,538743,87055472.00
2022/03/14,49.97,50.51,48.10,48.65,509728,80782624.00
2022/03/15,48.87,48.99,46.57,46.57,458734,70941464.00
2022/03/16,47.25,47.86,44.67,46.48,1020782,153259440.00
2022/03/17,46.73,50.20,46.32,49.67,1048186,166303184.00
2022/03/18,48.90,49.54,48.39,49.06,355500,56466808.00
2022/03/21,49.37,51.57,49.07,49.96,697258,113494392.00
2022/03/22,49.81,51.50,49.08,50.39,570058,93277216.00
2022/03/23,50.85,52.16,49.63,51.41,812305,133947088.00
2022/03/24,51.26,51.50,49.26,50.47,681043,110975360.00
2022/03/25,51.38,51.38,49.10,49.37,360638,58300152.00
2022/03/28,49.37,51.59,48.80,50.47,716975,117237040.00
2022/03/29,50.76,52.52,49.73,50.07,602504,99269072.00
2022/03/30,50.44,50.68,48.72,49.35,711008,114121680.00
2022/03/31,49.86,49.86,47.40,48.25,664373,104153712.00
2022/04/01,48.12,53.40,47.43,53.40,1277403,212068512.00
2022/04/06,54.37,59.05,54.37,57.55,2320135,427303136.00
2022/04/07,56.93,59.06,56.83,58.02,982590,182760992.00
2022/04/08,58.02,58.05,54.63,55.11,912873,162435744.00
2022/04/11,53.36,56.17,52.62,52.95,1458847,253431152.00
2022/04/12,52.84,53.82,48.12,49.61,1293565,210102288.00
2022/04/13,49.42,49.42,44.97,45.10,1210365,183503440.00
2022/04/14,45.06,45.84,43.13,43.33,1082741,155694384.00
2022/04/15,43.46,43.56,39.79,39.92,1558418,207847984.00
2022/04/18,38.95,39.12,37.48,38.27,1510032,190196832.00
2022/04/19,38.03,39.02,37.79,38.66,1186673,150515920.00
2022/04/20,38.53,39.35,37.01,37.65,1248970,157895168.00
2022/04/21,37.08,38.35,35.72,35.94,1001728,122164728.00
2022/04/22,35.88,36.23,34.16,35.53,1225835,142823680.00
2022/04/25,34.62,34.74,32.72,32.73,869800,98087296.00
2022/04/26,33.01,33.20,31.33,31.66,729400,79055536.00
2022/04/27,30.64,33.27,30.64,32.89,807865,86681320.00
2022/04/28,32.46,33.87,31.67,32.94,764300,83768496.00
2022/04/29,32.78,36.52,32.16,35.77,1497316,170984992.00
2022/05/05,35.34,35.56,34.27,34.75,903212,104597104.00
2022/05/06,33.74,35.57,33.23,35.05,681286,78078776.00
2022/05/09,34.85,35.80,34.31,34.91,511613,59571476.00
2022/05/10,34.93,35.56,33.97,35.39,652827,76161392.00
2022/05/11,35.08,37.09,35.08,35.87,685102,82310880.00
2022/05/12,35.51,36.53,35.34,35.96,365170,43487232.00
2022/05/13,36.20,36.39,35.25,35.61,437346,51605812.00
2022/05/16,35.90,37.30,35.64,36.11,578746,69892328.00
2022/05/17,36.11,36.36,35.07,36.23,444530,52696728.00
2022/05/18,36.44,37.48,35.74,35.93,756300,91101536.00
2022/05/19,35.57,35.98,35.01,35.96,943354,111048280.00
2022/05/20,35.81,36.79,35.57,36.49,778965,93536440.00
2022/05/23,37.43,39.35,36.79,37.59,1547163,194554992.00
2022/05/24,38.20,38.86,35.75,35.86,1038330,128287416.00
2022/05/25,35.90,36.52,35.10,36.30,787424,93371920.00
2022/05/26,36.69,37.09,35.59,36.94,782600,94492320.00
2022/05/27,37.42,37.50,35.33,35.79,880463,105022088.00
2022/05/30,35.80,36.15,35.22,35.54,945267,75064320.00
2022/05/31,35.45,36.68,33.83,36.58,1507456,119149472.00
2022/06/01,36.59,38.53,36.22,37.49,1398010,116319424.00
2022/06/02,37.29,41.46,37.07,41.46,2483524,218886720.00
2022/06/06,42.54,44.58,42.50,44.15,3579781,345758784.00
2022/06/07,43.92,44.39,42.20,42.75,2342267,223253712.00
2022/06/08,42.99,47.25,42.76,47.25,2934935,294957408.00
2022/06/09,49.33,49.39,46.06,47.22,2857057,298326688.00
2022/06/10,47.25,52.16,45.96,50.38,3020908,330825792.00
2022/06/13,50.04,54.62,49.85,53.40,3145903,363708448.00
2022/06/14,51.93,53.32,48.44,51.55,3199525,354802816.00
2022/06/15,51.28,54.85,49.15,53.38,3037786,343766240.00
2022/06/16,53.22,55.70,52.74,52.96,2439591,288808896.00
2022/06/17,52.94,53.95,51.05,53.25,2595805,298576512.00
2022/06/20,52.86,54.14,51.60,52.48,2155830,249614528.00
2022/06/21,52.00,54.56,51.46,53.81,2222657,258807376.00
2022/06/22,53.39,57.13,52.00,52.06,2122046,251695648.00
2022/06/23,52.63,53.61,48.34,50.57,3189571,352194880.00
2022/06/24,50.10,50.81,49.06,49.21,1993906,217492672.00
2022/06/27,49.59,51.23,48.95,49.85,1455731,159893440.00
2022/06/28,49.64,50.00,48.51,49.45,989888,106702608.00
2022/06/29,49.53,49.62,46.83,46.91,1907526,201125920.00
2022/06/30,46.83,50.75,46.83,49.21,1632637,176244880.00
2022/07/01,49.21,49.42,46.32,46.77,1384492,145044576.00
2022/07/04,46.77,47.90,45.58,46.29,2323510,237497216.00
2022/07/05,46.38,47.33,45.60,45.91,1365362,139045712.00
2022/07/06,45.94,46.47,44.91,45.34,1186631,119041264.00
2022/07/07,45.53,46.24,44.18,45.20,1139589,113584128.00
2022/07/08,45.31,47.42,45.15,46.04,1657515,169724112.00
2022/07/11,45.82,47.01,44.81,45.26,1053184,105801984.00
2022/07/12,45.15,45.16,43.77,44.03,782044,76293488.00
2022/07/13,44.16,46.68,43.94,44.87,1180196,118198776.00
2022/07/14,44.95,45.32,43.01,43.40,1515111,146422480.00
2022/07/15,43.73,43.83,42.43,42.44,1183443,112428160.00
2022/07/18,42.54,43.29,42.29,42.78,1086347,102871632.00
2022/07/19,43.05,43.92,42.26,43.55,1078132,102695248.00
2022/07/20,43.58,45.91,43.43,44.25,1673049,164312736.00
2022/07/21,44.25,45.62,43.79,44.49,1561364,154622032.00
2022/07/22,44.88,46.58,43.91,44.39,1629988,161979696.00
2022/07/25,44.87,47.01,44.24,45.88,1894629,191012384.00
2022/07/26,45.88,46.77,45.45,46.34,1529254,155164688.00
2022/07/27,45.83,46.72,44.40,44.74,1399920,139453488.00
2022/07/28,45.33,45.96,44.50,45.22,978792,97873248.00
2022/07/29,44.93,45.22,43.76,44.34,909018,89405016.00
2022/08/01,44.20,47.27,43.03,46.25,1498320,151992704.00
2022/08/02,46.25,46.25,43.44,45.09,1525522,150782000.00
2022/08/03,45.09,45.70,44.17,44.24,1042552,103325584.00
2022/08/04,44.49,45.06,43.82,44.44,698346,68393824.00
2022/08/05,44.50,46.39,44.38,45.93,1445433,145981008.00
2022/08/08,46.06,46.06,44.42,44.97,1202693,119524240.00
2022/08/09,44.73,44.93,43.44,44.40,1299657,126421256.00
2022/08/10,44.86,49.06,44.44,49.06,2945766,311720000.00
2022/08/11,49.95,50.94,48.20,50.58,3515418,383528384.00
2022/08/12,50.33,50.84,48.67,48.78,1444233,156356464.00
2022/08/15,48.78,50.10,48.51,49.12,1442177,156421984.00
2022/08/16,49.09,49.09,47.27,47.67,1502672,158180160.00
2022/08/17,47.25,49.80,46.49,49.58,2372065,251400320.00
2022/08/18,49.15,49.76,48.32,49.65,1669375,180278480.00
2022/08/19,49.34,51.58,48.25,48.31,1979845,216760096.00
2022/08/22,47.71,48.77,46.84,48.61,1849439,193300896.00
2022/08/23,48.15,48.56,46.29,46.39,1578804,163540784.00
2022/08/24,46.39,47.56,45.28,46.80,1325565,136171872.00
2022/08/25,46.83,46.89,45.30,46.27,876528,88592048.00
2022/08/26,46.20,47.50,45.51,45.92,841355,85719024.00
2022/08/29,45.34,46.37,44.87,46.17,762168,76584200.00
2022/08/30,45.82,47.04,45.69,46.32,462743,47329968.00
2022/08/31,46.01,47.10,45.66,46.49,733445,75027152.00
2022/09/01,45.34,46.48,44.42,44.54,1044020,104092944.00
2022/09/02,44.55,45.72,44.42,45.58,823844,82064184.00
2022/09/05,45.81,45.81,43.44,43.78,1304657,126782488.00
2022/09/06,43.90,44.39,42.60,42.69,1389264,131571776.00
2022/09/07,42.67,43.43,42.44,43.15,715144,67981096.00
2022/09/08,42.87,43.56,41.83,42.11,968288,90693344.00
2022/09/09,42.01,42.16,40.78,41.28,1180873,107789048.00
2022/09/13,41.29,42.39,41.29,41.53,721025,66902804.00
2022/09/14,40.83,41.80,40.30,41.59,556622,50798840.00
2022/09/15,41.69,41.87,38.81,39.68,1250645,110946144.00
2022/09/16,39.41,40.77,38.94,39.49,1067103,94047552.00
2022/09/19,39.29,39.35,38.18,38.59,656378,56483080.00
2022/09/20,38.61,39.06,38.23,38.38,713660,61217356.00
2022/09/21,38.43,38.92,37.34,38.85,840237,71074600.00
2022/09/22,38.23,39.20,37.95,37.99,483657,41284672.00
2022/09/23,38.13,38.35,36.74,37.02,551725,45786868.00
2022/09/26,36.78,37.35,36.49,36.81,520428,42809616.00
2022/09/27,36.82,37.50,36.59,37.45,512972,42402916.00
2022/09/28,37.26,37.64,36.39,36.40,524373,43166636.00
2022/09/29,36.79,37.35,35.69,36.02,769640,62492108.00
2022/09/30,36.06,36.54,35.32,35.67,561510,44917480.00
2022/10/10,35.96,36.05,34.98,35.05,568910,45006544.00
2022/10/11,35.04,35.36,34.29,34.40,656924,51048200.00
2022/10/12,34.65,35.61,33.94,35.61,726356,56281948.00
2022/10/13,35.55,37.50,35.15,36.73,963344,78786864.00
2022/10/14,36.87,38.20,36.87,37.85,725316,60788040.00
2022/10/17,38.01,38.78,37.50,38.20,669533,56869196.00
2022/10/18,38.68,38.68,37.67,38.16,621233,52621168.00
2022/10/19,37.88,38.41,37.56,38.13,590771,50003080.00
2022/10/20,37.96,38.95,37.38,37.73,1015572,85557624.00
2022/10/21,36.07,36.07,33.74,33.74,2445577,186370112.00
2022/10/24,33.35,33.35,30.64,31.07,3028008,214655840.00
2022/10/25,31.07,31.22,30.18,30.50,1782707,123010088.00
2022/10/26,30.60,31.46,30.50,30.92,1592972,111336112.00
2022/10/27,31.29,33.07,31.04,32.63,1981981,143291936.00
2022/10/28,32.18,32.43,30.74,31.07,1445366,102175216.00
2022/10/31,31.07,31.40,30.44,30.93,1219885,84827128.00
2022/11/01,31.03,32.50,30.49,32.41,1621214,115211056.00
2022/11/02,33.01,34.71,33.01,33.17,2383398,180953152.00
2022/11/03,32.65,33.44,32.50,33.22,1019003,75380312.00
2022/11/04,33.13,34.87,33.13,34.59,1864934,142038000.00
2022/11/07,34.21,36.11,34.08,35.83,2356680,185342352.00
2022/11/08,35.83,35.87,34.98,35.50,1021356,80778744.00
2022/11/09,35.50,35.83,35.07,35.45,612439,48566344.00
2022/11/10,35.48,36.68,35.13,35.99,1227271,98599520.00
2022/11/11,37.03,37.17,35.40,35.47,1276176,102678688.00
2022/11/14,35.21,36.35,35.21,35.52,1264595,100874400.00
2022/11/15,35.70,37.02,35.46,36.57,1112349,90370520.00
2022/11/16,36.59,38.02,36.46,37.94,1456345,121111984.00
2022/11/17,38.20,40.34,37.26,40.11,2511753,216416464.00
2022/11/18,40.30,41.90,39.40,39.49,1933301,174208944.00
2022/11/21,38.77,39.50,35.83,36.37,2055801,170623808.00
2022/11/22,36.34,37.42,35.88,36.75,1129209,92482224.00
2022/11/23,36.28,36.28,34.65,35.64,1152383,91128648.00
2022/11/24,35.65,36.15,35.20,35.35,700731,55734204.00
2022/11/25,35.35,35.36,34.20,34.95,599254,46809908.00
2022/11/28,34.55,35.35,34.21,34.78,658077,51168920.00
2022/11/29,34.88,37.25,34.40,36.78,1186087,96433240.00
2022/11/30,36.50,37.15,35.60,35.69,973471,78730984.00
2022/12/01,36.11,37.10,36.11,36.19,941868,76774064.00
2022/12/02,38.21,39.64,36.17,36.72,2243631,187396048.00
2022/12/05,37.11,37.24,36.25,36.63,1130025,92294592.00
2022/12/06,36.25,36.82,36.07,36.38,784803,63548992.00
2022/12/07,36.44,36.74,35.79,36.38,834712,67451520.00
2022/12/08,36.29,38.21,35.59,38.20,1985560,163916080.00
2022/12/09,38.10,38.49,37.16,37.33,1342733,112317072.00
2022/12/12,36.87,37.59,36.41,36.74,755653,62159848.00
2022/12/13,36.68,37.73,36.38,36.63,1095881,90428824.00
2022/12/14,36.40,37.19,36.12,36.74,681247,55665624.00
2022/12/15,36.76,38.33,36.31,37.37,1135513,94649960.00
2022/12/16,37.02,37.35,36.08,36.23,954115,77491168.00
2022/12/19,35.88,36.19,34.56,34.83,789830,62002956.00
2022/12/20,34.88,35.59,34.50,34.66,686369,53409776.00
2022/12/21,34.76,35.67,34.59,35.06,584709,45837872.00
2022/12/22,35.14,35.73,34.17,34.55,570337,44792004.00
2022/12/23,34.17,35.25,34.07,35.25,575907,44972720.00
2022/12/26,35.50,35.97,35.17,35.64,906547,72180592.00
2022/12/27,35.45,38.33,35.45,37.92,2088918,172458304.00
2022/12/28,38.77,41.28,38.73,40.25,3712914,331399424.00
2022/12/29,40.17,40.53,38.28,38.35,2519264,219316464.00
2022/12/30,38.46,40.40,38.21,40.10,1712874,150611856.00
2023/01/03,40.02,42.21,39.76,40.73,2104209,188934704.00
2023/01/04,40.59,42.73,40.59,41.39,2761287,254899472.00
2023/01/05,41.41,45.75,41.41,45.75,3345507,330814816.00
2023/01/06,45.76,48.34,42.97,47.25,6311808,644192832.00
2023/01/09,47.15,48.79,46.77,48.01,2346062,245840640.00
2023/01/10,49.46,50.39,47.15,50.24,3349269,363254272.00
2023/01/11,49.98,49.98,47.29,47.48,2453761,262448144.00
2023/01/12,48.18,50.00,47.83,48.19,2482867,266239808.00
2023/01/13,48.44,48.67,46.94,47.62,2189058,229737664.00
2023/01/16,48.16,48.96,47.86,48.26,1591567,169534544.00
2023/01/17,48.24,48.84,47.70,47.85,1015552,107393976.00
2023/01/18,48.23,48.95,47.20,47.85,980960,103146976.00
2023/01/19,47.48,49.29,47.48,48.36,1338373,142373744.00
2023/01/20,48.34,48.66,47.58,48.23,817630,86348672.00
2023/01/30,49.12,49.77,47.65,47.75,1176017,125156072.00
2023/01/31,47.72,48.59,46.77,48.43,1400487,146856640.00
2023/02/01,48.24,51.39,47.63,50.66,2452756,267547712.00
2023/02/02,50.58,55.95,50.58,55.95,2744702,328077696.00
2023/02/03,55.56,56.96,54.91,55.66,2377244,289759712.00
2023/02/06,55.66,55.66,52.72,54.31,1745129,206843376.00
2023/02/07,54.29,54.34,52.48,53.53,1430073,166642448.00
2023/02/08,53.27,53.47,50.84,51.17,1367307,155574032.00
2023/02/09,50.81,51.99,50.15,51.81,1541664,173416896.00
2023/02/10,51.65,52.70,49.96,51.10,1358559,152175200.00
2023/02/13,50.24,51.52,50.10,51.48,1167075,130096152.00
2023/02/14,50.56,51.35,46.94,48.19,3062827,326982304.00
2023/02/15,47.95,49.86,47.72,48.92,1786592,192476704.00
2023/02/16,48.99,50.72,47.49,47.72,1655415,179250192.00
2023/02/17,47.80,48.17,46.87,47.32,1003821,104673984.00
2023/02/20,47.41,50.48,46.58,49.97,1926898,206409408.00
2023/02/21,49.81,50.58,48.68,49.41,999798,108406800.00
2023/02/22,48.84,49.62,47.96,48.46,795359,84951760.00
2023/02/23,48.75,49.36,48.22,49.03,722655,77601672.00
2023/02/24,48.83,49.29,47.68,47.96,695633,73603320.00
2023/02/27,48.30,48.42,47.57,47.66,544565,57345860.00
2023/02/28,47.91,48.10,47.11,47.72,509937,53252296.00
2023/03/01,47.85,50.75,47.09,50.19,1580135,171059424.00
2023/03/02,50.20,54.14,49.66,53.69,2596313,296948576.00
2023/03/03,52.59,54.70,51.86,52.39,2310052,268485856.00
2023/03/06,52.22,56.06,51.96,55.75,2876800,344664320.00
2023/03/07,55.81,56.48,54.14,54.71,1694779,204564256.00
2023/03/08,54.25,55.45,53.61,54.02,699417,82914976.00
2023/03/09,53.76,54.28,52.74,53.74,1266066,148084160.00
2023/03/10,53.42,55.57,52.96,54.60,1368053,163662576.00
2023/03/13,54.60,56.98,53.24,56.71,1766076,214090304.00
2023/03/14,58.66,62.60,58.66,61.42,5206416,702685696.00
2023/03/15,60.85,62.03,58.60,58.85,2257526,296313376.00
2023/03/16,58.52,60.28,57.85,59.18,1783762,229852064.00
2023/03/17,59.02,64.70,59.02,63.34,3114675,428594496.00
2023/03/20,64.24,69.89,63.42,68.66,4969149,741732480.00
2023/03/21,68.24,69.23,66.51,67.67,2840282,418246816.00
2023/03/22,67.80,67.94,64.37,67.01,3113890,445266464.00
2023/03/23,66.78,70.41,66.54,68.44,2410659,359955008.00
2023/03/24,68.17,70.39,66.85,69.69,1975821,295461632.00
2023/03/27,68.89,73.93,66.89,69.12,3963668,605163648.00
2023/03/28,72.93,76.25,70.37,70.88,5493159,881707776.00
2023/03/29,71.75,77.72,70.03,74.81,3791782,606709504.00
2023/03/30,74.81,74.81,67.70,68.55,3545409,537030016.00
2023/03/31,68.69,73.88,67.08,71.98,3677701,563993280.00
2023/04/03,72.36,74.83,69.23,72.25,4261210,662251456.00
2023/04/04,72.30,74.19,70.13,71.12,2225377,345482304.00
2023/04/06,68.93,69.98,63.79,63.79,3321305,478872928.00
2023/04/07,63.89,65.59,60.47,63.43,4034219,553608448.00
2023/04/10,69.99,69.99,60.80,63.32,3419260,475730336.00
2023/04/11,63.19,69.88,62.83,68.26,4659726,690121984.00
2023/04/12,72.45,75.31,70.73,75.31,5495512,883587712.00
2023/04/13,77.21,83.06,77.21,79.11,6998135,1225583360.00
2023/04/14,80.06,80.06,71.55,74.18,5850902,948185856.00
2023/04/17,74.54,77.01,71.13,71.58,3528113,563223872.00
2023/04/18,71.58,73.92,70.08,71.93,3338171,519139968.00
2023/04/19,71.03,74.31,69.41,70.00,3332646,518369536.00
2023/04/20,70.08,77.22,68.89,76.50,5011037,793491904.00
2023/04/21,76.02,79.47,69.68,69.81,3879073,612606208.00
2023/04/24,69.97,72.69,68.73,69.41,3129739,475571072.00
2023/04/25,66.98,70.55,65.32,67.84,3332903,488962528.00
2023/04/26,67.68,68.65,63.84,66.42,3022857,437289056.00
2023/04/27,66.07,69.31,64.43,66.42,2923389,428180608.00
2023/04/28,65.93,72.93,65.80,71.74,3121604,476005536.00
2023/05/04,71.50,72.21,66.12,70.17,2959718,439488832.00
2023/05/05,68.17,68.62,62.93,63.42,3858629,543040320.00
2023/05/08,63.42,66.72,62.94,65.32,3086388,437019840.00
2023/05/09,63.85,65.32,61.29,61.65,3353376,456624384.00
2023/05/10,61.51,64.36,61.30,62.77,2507892,344918528.00
2023/05/11,63.44,64.96,61.58,62.09,2375358,325111072.00
2023/05/12,61.37,62.38,60.24,60.55,1844406,245165648.00
2023/05/15,60.71,61.19,59.22,60.40,1241447,162690672.00
2023/05/16,59.86,61.04,58.70,58.78,1467759,189942528.00
2023/05/17,58.19,60.94,58.19,59.78,1452889,189054464.00
2023/05/18,59.80,61.36,59.25,60.48,1417687,187135664.00
2023/05/19,60.09,61.04,59.27,59.54,999307,130368528.00
2023/05/22,59.15,59.89,58.60,59.81,1234905,159752416.00
2023/05/23,59.32,60.04,57.54,57.69,1423434,180721072.00
2023/05/24,57.61,58.19,56.72,57.33,1047189,131303936.00
2023/05/25,56.83,58.18,55.66,56.62,1568228,193475280.00
2023/05/26,56.63,57.12,54.39,55.68,1652809,201127360.00
2023/05/29,58.21,61.47,57.89,61.25,5142610,678636800.00
2023/05/30,59.27,61.75,56.98,61.27,3558808,462236256.00
2023/05/31,61.46,64.08,60.88,63.80,3490672,477141472.00
2023/06/01,63.80,67.46,62.89,66.20,3396114,480698016.00
2023/06/02,66.21,68.63,65.42,66.89,2164583,315883616.00
2023/06/05,66.97,67.31,65.73,66.24,1904797,274756000.00
2023/06/06,66.38,67.56,64.74,65.08,1487248,213099120.00
2023/06/07,64.80,67.06,63.90,66.51,1159091,166180352.00
2023/06/08,66.53,66.53,62.32,62.81,2189546,301225952.00
2023/06/09,62.78,64.34,61.99,63.23,1783010,245346064.00
2023/06/12,63.12,64.60,61.76,62.22,1509800,205843584.00
2023/06/13,61.51,63.27,61.38,62.46,1349379,183646752.00
2023/06/14,62.51,66.42,62.46,65.32,2366995,334891008.00
2023/06/15,65.33,71.46,65.33,69.88,4055045,612659840.00
2023/06/16,70.03,72.22,68.22,71.32,2428670,373346496.00
2023/06/19,71.32,71.97,69.59,71.74,1655396,253535696.00
2023/06/20,71.27,72.40,69.84,70.65,1746516,268343088.00
2023/06/21,69.70,70.48,66.99,67.22,1914245,283702944.00
2023/06/26,67.22,67.58,60.28,60.28,2321093,314838496.00
2023/06/27,60.85,61.78,59.56,60.66,1880531,248594336.00
2023/06/28,60.72,61.38,56.54,59.07,2728389,235957680.00
2023/06/29,58.83,60.26,57.28,59.08,2887629,249927088.00
2023/06/30,58.63,59.55,57.83,58.10,1842739,158771664.00
2023/07/03,58.08,58.31,55.52,56.03,3389698,282758720.00
2023/07/04,55.87,56.32,54.90,55.14,2636932,215693808.00
2023/07/05,55.06,55.92,54.17,54.92,1814148,148201136.00
2023/07/06,54.28,55.10,54.01,54.19,1757939,141638512.00
2023/07/07,53.97,54.97,52.46,53.59,1766658,139923856.00
2023/07/10,53.70,54.64,53.28,54.15,1245144,99564704.00
2023/07/11,54.52,55.90,53.28,54.64,2541878,205848448.00
2023/07/12,54.66,54.66,52.14,52.24,2589909,203790880.00
2023/07/13,52.24,55.83,52.24,55.59,3169880,255344880.00
2023/07/14,55.59,56.74,55.16,56.00,2678944,222479616.00
2023/07/17,55.10,55.38,52.66,53.18,2183627,173787328.00
2023/07/18,53.37,53.52,52.08,52.28,1524430,118405600.00
2023/07/19,52.62,52.97,51.94,52.48,1094873,85016720.00
2023/07/20,52.02,53.08,51.79,52.10,1535523,119502744.00
2023/07/21,52.78,53.24,51.53,52.04,1244559,96604016.00
2023/07/24,51.79,52.48,51.02,52.27,1070625,82345520.00
2023/07/25,52.81,55.03,52.54,54.37,2529391,202846720.00
2023/07/26,54.26,54.26,52.83,53.12,1280655,101058968.00
2023/07/27,53.10,53.45,51.86,52.07,993308,77202456.00
2023/07/28,52.08,52.54,51.53,51.86,1164218,89738352.00
2023/07/31,51.33,53.72,51.28,53.10,1693648,132480224.00
2023/08/01,53.17,53.17,51.69,51.81,1328641,102629024.00
2023/08/02,52.08,52.12,50.37,51.56,1747299,132228400.00
2023/08/03,50.89,51.79,50.64,50.79,1127085,85174056.00
2023/08/04,50.90,52.66,50.66,52.30,1812516,139622096.00
2023/08/07,52.30,53.05,51.93,52.39,1335438,103884536.00
2023/08/08,52.01,55.01,52.01,53.18,2216184,176408672.00
2023/08/09,53.18,54.08,51.45,51.59,1626150,126482848.00
2023/08/10,51.59,52.73,51.55,52.19,866419,67008032.00
2023/08/11,52.19,52.69,51.11,51.17,943453,72292592.00
2023/08/14,50.57,52.27,50.21,52.25,1108918,84163288.00
2023/08/15,50.55,50.55,46.90,46.91,4601855,323808576.00
2023/08/16,46.19,49.85,46.19,48.46,4462460,321482944.00
2023/08/17,48.21,48.41,47.38,47.74,1482176,105300608.00
2023/08/18,47.45,47.90,45.97,45.97,1847324,128417376.00
2023/08/21,46.03,47.44,45.52,46.87,1499928,104396432.00
2023/08/22,46.95,48.15,46.28,48.10,1625569,113994488.00
2023/08/23,47.45,52.08,47.10,49.68,4230529,315589472.00
2023/08/24,49.78,52.19,49.23,50.97,3534603,269305856.00
2023/08/25,50.08,50.52,47.52,48.04,2824288,204057664.00
2023/08/28,51.15,51.23,48.62,49.08,2334295,171684048.00
2023/08/29,49.10,51.15,48.54,50.52,2144221,159822400.00
2023/08/30,50.61,51.24,49.17,50.53,2235551,166434272.00
2023/08/31,49.94,53.12,49.94,51.66,2806926,215204240.00
2023/09/01,51.68,52.21,50.36,50.78,1476865,112228888.00
2023/09/04,50.79,51.03,49.57,50.76,1493875,111555264.00
2023/09/05,50.74,50.74,49.59,49.72,1309670,97040856.00
2023/09/06,49.66,49.66,48.33,48.76,1643864,118884512.00
2023/09/07,48.76,49.15,47.72,47.92,997667,71542008.00
2023/09/08,47.70,47.90,46.00,46.14,1803237,124728016.00
2023/09/11,46.14,48.95,45.97,47.94,2133478,149502272.00
2023/09/12,47.73,47.97,46.97,47.08,1075266,75499968.00
2023/09/13,47.12,47.21,45.96,46.24,1293450,89076888.00
2023/09/14,46.28,46.33,45.59,46.00,866390,59224384.00
2023/09/15,46.06,46.31,45.25,45.46,1480736,100721064.00
2023/09/18,45.28,46.62,44.68,45.93,1642506,112116424.00
2023/09/19,45.66,46.35,45.35,45.46,816316,55387852.00
2023/09/20,45.36,45.43,44.43,44.68,1150885,76746016.00
2023/09/21,44.40,44.83,43.56,43.65,1459915,95558016.00
2023/09/22,43.59,46.62,43.39,46.33,2570799,173526416.00
2023/09/25,46.38,46.59,44.79,44.93,1469345,99155296.00
2023/09/26,44.94,46.19,44.92,45.57,1113429,75488776.00
2023/09/27,45.46,46.18,45.10,45.57,1128845,76621088.00
2023/09/28,45.59,46.41,45.37,45.57,1025107,69823712.00
2023/10/09,45.70,45.70,42.69,42.82,2348814,151986400.00
2023/10/10,42.88,43.88,42.76,43.37,1389800,89733592.00
2023/10/11,43.37,45.28,42.94,44.50,1557828,102919592.00
2023/10/12,44.54,44.90,43.10,43.19,2230017,144680208.00
2023/10/13,43.19,43.26,42.14,42.52,1128773,71465800.00
2023/10/16,42.28,42.48,40.76,41.31,1644189,101428472.00
2023/10/17,41.54,41.71,40.81,41.03,1362414,83546784.00
2023/10/18,40.86,40.86,39.43,39.84,2509085,149153760.00
2023/10/19,39.97,41.50,39.77,40.40,2000796,121631808.00
2023/10/20,40.31,40.66,38.76,38.81,1677324,98503192.00
2023/10/23,38.88,39.37,38.41,38.69,1636600,95088232.00
2023/10/24,38.63,39.50,38.14,38.63,1706562,98877272.00
2023/10/25,38.76,39.39,37.86,38.14,2246940,129173184.00
2023/10/26,38.00,38.00,36.81,37.19,2749088,152958592.00
2023/10/27,37.19,38.46,36.54,38.32,2770851,155136864.00
2023/10/30,38.31,40.59,37.91,40.27,3089927,181064992.00
2023/10/31,40.34,41.15,39.70,40.34,3225777,194391216.00
2023/11/01,40.34,41.51,40.07,40.79,2044395,124597128.00
2023/11/02,40.79,41.85,40.48,40.56,2281348,139791424.00
2023/11/03,40.51,41.37,40.08,41.23,2457470,149931776.00
2023/11/06,41.48,43.17,41.47,42.37,2938367,185519472.00
2023/11/07,42.37,42.62,41.06,42.43,3030205,189515600.00
2023/11/08,42.16,43.70,42.14,43.37,3078288,197641024.00
2023/11/09,43.08,43.55,42.49,42.69,1827529,117013840.00
2023/11/10,42.28,42.62,41.95,42.06,1539947,96821288.00
2023/11/13,42.28,43.26,42.02,42.25,1877816,119213752.00
2023/11/14,42.34,42.78,42.08,42.48,1264939,79920056.00
2023/11/15,42.90,43.08,42.38,42.48,1545700,98391408.00
2023/11/16,42.74,43.51,41.91,43.03,1960634,125190200.00
2023/11/17,42.97,43.58,42.57,43.08,2112438,135200416.00
2023/11/20,43.03,43.76,42.49,43.43,2263887,145605984.00
2023/11/21,43.58,45.37,43.56,44.08,3507268,231380800.00
2023/11/22,43.68,48.04,43.68,46.55,7654864,523219584.00
2023/11/23,45.76,46.61,44.34,45.65,5764446,386879712.00
2023/11/24,46.30,48.14,45.38,46.37,6669221,462012128.00
2023/11/27,46.40,47.62,44.69,44.69,4253624,287165024.00
2023/11/28,44.50,44.61,43.03,43.56,3310187,214953088.00
2023/11/29,43.23,46.83,43.00,45.01,4361307,292555936.00
2023/11/30,45.26,46.48,44.34,45.03,3564372,240901376.00
2023/12/01,45.26,47.66,45.05,46.80,6032158,415496416.00
2023/12/04,47.79,49.86,47.09,48.44,6957780,503081216.00
2023/12/05,48.12,48.81,46.12,46.19,4199697,295308192.00
2023/12/06,45.72,47.66,44.90,47.37,3766556,261181952.00
2023/12/07,48.03,50.24,47.50,49.63,5311468,389161216.00
2023/12/08,49.72,51.22,48.84,49.17,3602206,265195296.00
2023/12/11,48.85,51.70,48.83,51.45,4078144,304744448.00
2023/12/12,51.39,51.86,50.21,50.76,3055223,231061952.00
2023/12/13,50.43,50.88,48.49,48.62,3828188,281336288.00
2023/12/14,48.63,49.23,48.30,48.69,2068047,149798176.00
2023/12/15,48.41,48.76,47.12,47.76,2885013,204758656.00
2023/12/18,47.17,47.59,45.31,45.65,4160301,285963104.00
2023/12/19,45.50,46.94,45.38,46.90,2761279,190737520.00
2023/12/20,46.95,47.10,45.03,45.12,2387943,162675392.00
2023/12/21,44.74,46.49,44.72,46.05,2081657,141660848.00
2023/12/22,46.17,46.17,41.32,41.85,6665397,424879616.00
2023/12/25,42.00,43.33,41.97,42.34,2574094,162683824.00
2023/12/26,42.16,42.58,40.63,41.00,1862852,114791928.00
2023/12/27,41.18,41.24,40.14,40.66,1579235,95505728.00
2023/12/28,40.66,41.50,39.45,41.28,2832517,171559616.00
2023/12/29,41.14,43.09,41.00,42.52,2748116,173019408.00
2024/01/02,42.65,43.31,42.14,42.76,1879632,119693024.00
2024/01/03,42.34,42.62,41.28,41.72,1639459,102548272.00
2024/01/04,41.43,42.01,40.62,40.80,1398154,85344088.00
2024/01/05,40.79,42.70,40.40,41.64,2378082,147493072.00
2024/01/08,41.45,41.45,40.55,40.69,1829511,111572784.00
2024/01/09,40.97,41.28,40.46,40.83,1229270,74857776.00
2024/01/10,40.71,40.74,39.24,39.24,1728595,102585600.00
2024/01/11,38.86,41.45,38.86,41.25,1881485,113594680.00
2024/01/12,41.24,41.24,39.88,39.96,1591057,95860728.00
2024/01/15,39.63,40.62,39.53,39.71,1089192,65082164.00
2024/01/16,39.61,39.69,38.88,39.57,1100225,64500584.00
2024/01/17,39.45,39.61,38.34,38.36,967130,56175032.00
2024/01/18,38.14,39.09,37.17,39.03,1711456,97000048.00
2024/01/19,39.09,40.34,38.90,39.73,1875785,111255488.00
2024/01/22,39.44,39.71,36.34,36.54,1991334,112416056.00
2024/01/23,36.52,37.43,35.71,36.92,1675926,91841552.00
2024/01/24,36.94,37.59,35.48,36.87,1451559,79180856.00
2024/01/25,36.89,39.43,36.34,39.05,2139074,121616408.00
2024/01/26,39.06,39.64,38.08,38.09,1503796,86885312.00
2024/01/29,38.14,38.28,36.28,36.28,1325126,73317536.00
2024/01/30,35.99,36.11,34.55,34.57,1271514,67237392.00
2024/01/31,34.34,35.70,33.62,33.82,1652212,85788992.00
2024/02/01,33.54,34.68,32.63,33.49,1830939,92353552.00
2024/02/02,33.43,34.55,31.00,32.09,1975067,96908384.00
2024/02/05,31.44,31.48,28.77,29.00,3015469,135480496.00
2024/02/06,27.90,31.61,27.03,31.38,2609831,116031992.00
2024/02/07,31.52,34.26,30.56,33.45,2909176,145197888.00
2024/02/08,33.45,35.69,33.45,35.34,2251358,118243344.00
2024/02/19,36.54,36.86,35.34,36.07,3550362,190577312.00
2024/02/20,35.66,36.14,34.77,35.90,2044760,108960920.00
2024/02/21,35.17,38.83,35.03,38.12,3713469,208422688.00
2024/02/22,37.79,38.74,37.61,38.36,1816461,103690824.00
2024/02/23,38.43,38.96,37.86,38.95,1694530,97512464.00
2024/02/26,38.73,38.97,37.99,38.43,1833055,105235880.00
2024/02/27,38.34,39.63,38.01,39.62,1872951,108643104.00
2024/02/28,39.62,40.48,37.33,37.37,3135132,182826576.00
2024/02/29,36.93,38.79,36.77,38.79,1753531,100166704.00
2024/03/01,38.86,39.32,38.25,39.10,2049263,118842792.00
2024/03/04,39.25,39.52,38.38,39.21,1640407,95462592.00
2024/03/05,38.99,39.19,37.97,38.47,1834753,105869456.00
2024/03/06,38.34,41.57,38.34,39.51,3862304,229618688.00
2024/03/07,39.32,40.01,38.70,38.70,2524772,147974096.00
2024/03/08,39.15,42.68,39.15,42.68,5051475,310772096.00
2024/03/11,45.23,47.07,44.72,45.14,11853213,812471168.00
2024/03/12,45.03,45.59,42.37,43.80,7149068,465183200.00
2024/03/13,43.66,48.30,43.57,46.83,10488828,727249536.00
2024/03/14,45.98,47.19,45.04,46.01,5323672,362670048.00
2024/03/15,45.77,46.41,44.21,45.04,3896706,260487808.00
2024/03/18,45.00,49.23,44.34,48.70,6733479,469995936.00
2024/03/19,48.63,49.21,47.66,47.74,3933068,282410112.00
2024/03/20,47.46,48.97,46.75,48.14,4006549,284881376.00
2024/03/21,48.07,48.69,46.95,47.07,3046227,216462624.00
2024/03/22,46.90,48.07,45.72,47.59,3307217,231566944.00
2024/03/25,47.10,47.78,45.17,45.17,2910496,201500912.00
2024/03/26,45.01,45.54,43.02,43.99,3304020,217236128.00
2024/03/27,43.81,43.99,41.59,41.59,3295493,207821520.00
2024/03/28,42.00,43.09,41.49,42.26,3082544,193876912.00
2024/03/29,42.06,42.13,40.79,41.80,2335154,144417184.00
2024/04/01,42.33,43.71,42.17,43.14,2475040,158357824.00
2024/04/02,43.67,43.86,41.45,41.65,2212911,138568144.00
2024/04/03,41.42,41.45,40.12,40.46,2428459,147104960.00
2024/04/08,40.12,40.46,38.49,38.49,2606723,152772032.00
2024/04/09,38.54,38.97,37.94,38.81,1836027,105861384.00
2024/04/10,38.63,38.63,36.69,37.14,2171666,121534336.00
2024/04/11,37.03,38.06,36.80,37.36,1957183,109855096.00
2024/04/12,37.32,37.63,36.70,36.70,1323421,73440384.00
2024/04/15,36.94,37.29,35.52,36.19,2564822,139424576.00
2024/04/16,36.12,36.19,33.90,33.94,2660255,138310640.00
2024/04/17,34.61,35.68,34.59,35.20,3222939,169906432.00
2024/04/18,35.54,36.26,34.35,35.48,2877646,152410176.00
2024/04/19,35.07,35.43,34.46,34.81,1828527,95506608.00
2024/04/22,34.55,35.20,33.87,34.89,1537572,79745112.00
2024/04/23,34.90,35.52,34.63,35.30,1926744,101219144.00
2024/04/24,35.34,36.95,34.95,36.87,2814174,152843744.00
2024/04/25,36.86,37.31,36.15,36.66,1891658,103952328.00
2024/04/26,36.65,38.40,36.54,38.00,2848650,159652768.00
2024/04/29,37.85,39.17,37.81,38.77,2759390,159590992.00
2024/04/30,34.78,34.78,34.78,34.78,2592500,135147024.00
2024/05/06,34.33,35.21,33.71,34.34,5326284,274682528.00
2024/05/07,34.26,35.17,34.07,34.43,3683608,190775056.00
2024/05/08,34.40,34.41,32.07,32.41,5848158,288600544.00
2024/05/09,32.07,32.87,32.07,32.20,4263885,207397808.00
2024/05/10,32.34,32.62,30.81,30.96,5416904,255692240.00
2024/05/13,30.91,31.00,29.87,30.74,3042331,139861808.00
2024/05/14,30.74,31.36,30.74,31.17,3401621,159318992.00
2024/05/15,31.25,32.02,30.94,31.81,4105206,195340448.00
2024/05/16,31.90,32.22,31.52,31.73,3460988,166030000.00
2024/05/17,31.79,31.81,31.11,31.80,2372767,112538256.00
2024/05/20,31.64,32.24,31.52,32.13,2881970,138510208.00
2024/05/21,32.19,32.79,31.86,32.50,3249000,158518976.00
2024/05/22,32.48,32.48,31.83,32.10,2332533,112313392.00
2024/05/23,31.90,31.93,30.97,31.03,2638878,124343248.00
2024/05/24,31.22,31.28,30.27,30.31,1914356,88448896.00
2024/05/27,30.33,30.59,29.19,30.06,3027327,135539824.00
2024/05/28,29.94,29.95,29.39,29.58,1730011,77057832.00
2024/05/29,29.25,30.03,29.25,29.82,1653579,74296296.00
2024/05/30,29.79,30.36,29.45,30.29,1951920,88515272.00
2024/05/31,30.33,30.90,30.10,30.69,1946100,89647104.00
2024/06/03,31.07,31.07,29.86,30.02,2451700,112269920.00
2024/06/04,30.02,30.21,29.59,30.18,1730592,77821168.00
2024/06/05,30.14,30.71,29.64,29.66,2089285,94810096.00
2024/06/06,29.74,29.97,28.61,28.97,2811760,122865704.00
2024/06/07,29.25,29.26,28.17,28.67,2790888,80083304.00
2024/06/11,28.65,29.35,28.21,29.34,2888890,83646152.00
2024/06/12,29.35,30.10,29.34,29.76,2841375,84509144.00
2024/06/13,29.68,29.95,29.40,29.66,2025283,60057252.00
2024/06/14,29.79,29.84,29.16,29.47,2270565,66772936.00
2024/06/17,29.45,29.85,29.03,29.38,2165050,64003088.00
2024/06/18,29.48,29.75,29.28,29.55,1979168,58397220.00
2024/06/19,29.64,29.65,28.97,28.99,1859046,54180976.00
2024/06/20,28.82,29.29,28.42,28.42,2383537,68393112.00
2024/06/21,28.30,28.40,27.83,27.99,1638699,46037864.00
2024/06/24,27.67,27.89,26.41,26.43,3260638,88000288.00
2024/06/25,26.41,26.72,25.58,25.85,2897085,75634728.00
2024/06/26,25.90,27.27,25.72,27.25,4503964,119759384.00
2024/06/27,27.22,27.56,26.72,26.79,2845518,77367456.00
2024/06/28,26.78,27.32,26.26,26.33,2939112,78860568.00
2024/07/01,26.28,26.64,25.80,26.60,2539841,66428004.00
2024/07/02,26.44,26.71,26.11,26.21,2319650,61236352.00
2024/07/03,26.22,26.25,25.46,25.63,2502619,64374928.00
2024/07/04,25.69,25.70,24.46,24.60,2953353,73384600.00
2024/07/05,24.55,24.84,24.06,24.58,2307066,56514480.00
2024/07/08,24.30,24.50,23.30,23.37,3708325,87682728.00
2024/07/09,23.10,23.88,22.76,23.80,3602595,84086208.00
2024/07/10,23.83,24.30,23.49,23.88,2870075,68572568.00
2024/07/11,24.30,24.52,24.10,24.44,2747644,66873252.00
2024/07/12,24.47,24.62,24.04,24.04,2141458,52022544.00
2024/07/15,24.03,24.09,23.60,23.67,1847713,43911656.00
2024/07/16,23.68,23.82,23.34,23.71,1392643,32865260.00
2024/07/17,24.56,25.14,24.24,24.40,5335300,131287968.00
2024/07/18,24.00,24.13,23.45,23.97,2884518,68672280.00
2024/07/19,23.97,24.35,23.92,24.22,2058054,49677752.00
2024/07/22,24.23,24.40,23.93,24.38,2076480,50313204.00
2024/07/23,24.31,24.42,23.48,23.55,1907759,45766960.00
2024/07/24,23.49,23.67,23.00,23.00,1835245,42592512.00
2024/07/25,22.76,23.80,22.70,23.46,2091979,48879808.00
2024/07/26,23.25,23.90,23.25,23.59,1947580,46039072.00
2024/07/29,23.77,23.77,23.12,23.21,1551638,36110252.00
2024/07/30,23.08,23.56,22.92,23.52,1557377,36311240.00
2024/07/31,23.46,24.91,23.46,24.90,3567364,87057872.00
2024/08/01,24.86,25.19,24.60,24.80,2659411,66122528.00
2024/08/02,24.72,25.07,24.35,24.44,1877560,46448032.00
2024/08/05,24.25,24.98,23.72,23.74,2914333,70839664.00
2024/08/06,24.01,24.60,24.01,24.47,2524831,61302688.00
2024/08/07,24.39,24.85,24.25,24.54,2108176,51835908.00
2024/08/08,24.35,24.79,23.92,24.65,2334631,56986088.00
2024/08/09,24.58,25.24,24.58,24.70,3097366,77087136.00
2024/08/12,24.40,24.70,24.08,24.20,1806263,43914240.00
2024/08/13,24.09,24.32,23.61,24.05,1852219,44348288.00
2024/08/14,24.00,24.36,23.80,24.13,1721593,41476400.00
2024/08/15,24.09,25.15,23.82,24.68,3667494,90536968.00
2024/08/16,24.56,24.80,24.38,24.46,1471325,36083664.00
2024/08/19,24.39,24.85,24.31,24.46,1385535,34028996.00
2024/08/20,24.45,24.66,24.06,24.21,1871764,45390016.00
2024/08/21,24.06,24.69,23.55,23.57,2035135,48919108.00
2024/08/22,23.50,23.80,22.92,22.96,2007709,46533868.00
2024/08/23,22.99,23.17,22.60,23.00,1607540,36747952.00
2024/08/26,22.99,23.45,22.91,23.18,1176867,27276372.00
2024/08/27,22.92,23.23,22.54,22.59,1443997,32904468.00
2024/08/28,22.49,22.94,22.00,22.76,1373003,30913230.00
2024/08/29,22.62,23.05,22.58,22.84,2097316,47984616.00
2024/08/30,23.00,25.12,22.81,25.12,5611286,137071776.00
2024/09/02,25.60,25.75,24.73,24.80,7063364,178258544.00
2024/09/03,24.79,25.07,24.49,25.00,3675137,91328160.00
2024/09/04,24.80,25.49,24.68,25.23,4049507,101678016.00
2024/09/05,25.23,26.03,25.23,25.95,6336004,163080960.00
2024/09/06,25.97,28.55,25.66,26.50,9799447,262420736.00
2024/09/09,26.44,26.45,25.51,25.68,5244620,135750192.00
2024/09/10,25.70,26.00,25.17,25.92,4217941,107749840.00
2024/09/11,25.79,25.94,25.31,25.51,2662432,68141400.00
2024/09/12,25.31,25.86,24.95,25.00,3501128,88600128.00
2024/09/13,24.87,25.17,24.57,24.59,2261300,56191180.00
2024/09/18,24.60,24.79,23.50,23.80,2553509,61086408.00
2024/09/19,24.05,25.32,23.90,24.95,4263430,105702360.00
2024/09/20,24.96,25.15,24.53,24.95,3197780,79383808.00
2024/09/23,24.98,26.49,24.97,25.93,6485074,167193584.00
2024/09/24,25.63,26.98,25.43,26.89,7133906,187125280.00
2024/09/25,27.19,27.98,26.88,26.90,7735609,211091712.00
2024/09/26,26.79,28.19,26.68,28.09,6474382,177879936.00
2024/09/27,28.55,29.60,28.09,29.60,4437093,127774832.00
2024/09/30,31.08,32.50,29.94,32.39,12213867,383525376.00
2024/10/08,35.62,35.63,31.76,34.28,13284844,449409184.00
2024/10/09,32.97,33.00,30.85,30.85,9255532,291783520.00
2024/10/10,30.85,31.33,29.40,30.19,7405899,224170064.00
2024/10/11,32.00,32.00,29.45,29.94,7995890,245483152.00
2024/10/14,30.28,30.37,28.30,30.02,7482899,217899504.00
2024/10/15,29.80,30.16,29.11,29.11,6378923,189123808.00
2024/10/16,28.56,29.77,28.45,28.99,3743787,109168912.00
2024/10/17,29.16,30.02,29.10,29.20,4927071,145379216.00
2024/10/18,29.00,30.45,28.66,29.74,7549635,223206304.00
2024/10/21,29.75,30.60,29.70,29.95,6233310,187644432.00
2024/10/22,29.86,31.66,29.86,30.98,10332388,318303360.00
2024/10/23,30.86,30.90,29.93,30.47,7227616,218853264.00
2024/10/24,30.06,30.19,29.45,29.46,4231541,125516128.00
2024/10/25,29.46,30.78,29.30,30.74,5839153,175983136.00
2024/10/28,31.00,31.56,30.45,31.50,7429174,230731056.00
2024/10/29,31.43,31.51,29.40,29.64,7733913,234753424.00
2024/10/30,30.00,31.33,29.53,30.64,7308376,221850704.00
2024/10/31,30.80,31.50,29.45,30.47,10423852,316078816.00
2024/11/01,30.00,30.14,28.90,29.00,6245300,183951952.00
2024/11/04,29.92,31.90,29.92,31.90,9613856,301088800.00
2024/11/05,32.88,33.89,32.26,33.19,18584758,616427008.00
2024/11/06,32.69,33.68,32.53,32.96,10650817,351871616.00
2024/11/07,32.66,33.42,32.43,33.31,9027222,297503776.00
2024/11/08,34.50,34.50,32.49,32.63,9072871,302296576.00
2024/11/11,32.16,35.80,31.99,35.30,12714959,435468384.00
2024/11/12,35.30,35.41,33.41,33.79,9294700,320947968.00
2024/11/13,33.61,35.02,33.15,34.79,10102794,347617728.00
2024/11/14,34.28,35.34,32.69,32.78,8432139,284993856.00
2024/11/15,32.52,34.18,32.00,32.84,6881252,229933952.00
2024/11/18,33.16,33.23,29.80,30.18,8552519,263917968.00
2024/11/19,30.34,30.90,29.68,30.75,4730665,143263056.00
2024/11/20,30.76,32.00,30.53,31.75,6446002,201961088.00
2024/11/21,31.50,32.45,31.25,31.51,6039654,191454192.00
2024/11/22,31.27,32.76,30.28,30.30,7991208,253524960.00
数据来源:通达信
