688057 金达莱 日线 前复权
      日期	    开盘	    最高	    最低	    收盘	    成交量	    成交额
2020/11/11,38.55,44.98,38.50,40.46,41406390,1855720960.00
2020/11/12,39.50,39.50,34.39,35.14,25502668,1013396672.00
2020/11/13,34.39,39.75,33.62,37.77,19585021,792990272.00
2020/11/16,38.00,40.47,36.47,40.35,16005996,669266944.00
2020/11/17,39.50,41.07,37.50,39.00,14262571,608546304.00
2020/11/18,39.01,39.10,35.77,35.95,13292922,542693248.00
2020/11/19,35.58,37.15,35.18,35.95,7416334,292883040.00
2020/11/20,35.53,36.16,34.39,35.19,9257621,356811744.00
2020/11/23,35.19,36.47,34.75,35.80,8195923,320960672.00
2020/11/24,35.81,36.87,35.39,36.08,7213397,286233920.00
2020/11/25,35.93,36.67,34.55,34.69,7838459,303532128.00
2020/11/26,34.68,34.99,34.20,34.39,4444737,168956064.00
2020/11/27,34.54,34.64,32.90,33.20,6336381,235566656.00
2020/11/30,33.22,33.73,32.60,32.94,3398532,124503824.00
2020/12/01,32.81,33.38,32.80,32.95,3166547,115809360.00
2020/12/02,33.09,33.95,32.69,33.50,4343117,159155520.00
2020/12/03,33.65,33.65,33.01,33.09,2603206,95681848.00
2020/12/04,33.26,33.26,32.60,32.63,2916194,105767760.00
2020/12/07,32.63,32.68,31.85,31.91,3171200,113083712.00
2020/12/08,31.91,32.45,31.86,32.12,2032886,72350184.00
2020/12/09,32.12,32.46,31.64,31.71,2634832,93450672.00
2020/12/10,31.68,31.96,31.18,31.20,2483291,86914216.00
2020/12/11,31.21,31.22,29.57,30.31,3814028,128761104.00
2020/12/14,30.25,30.66,30.00,30.35,1465851,49561096.00
2020/12/15,30.40,30.63,29.85,30.28,1579559,53275680.00
2020/12/16,30.20,31.26,30.18,30.40,1755468,60152520.00
2020/12/17,30.49,30.70,29.53,30.70,1957705,66186772.00
2020/12/18,30.70,31.19,30.22,30.28,1869235,64036512.00
2020/12/21,30.29,30.30,29.74,30.06,2159137,72077848.00
2020/12/22,30.18,30.18,29.58,29.64,2110099,70313512.00
2020/12/23,29.66,30.07,29.50,30.05,2006314,66669152.00
2020/12/24,29.88,30.06,29.65,29.78,1601499,53323728.00
2020/12/25,29.75,30.92,29.50,30.40,2459412,83240824.00
2020/12/28,30.10,30.49,29.60,29.76,1772523,59409684.00
2020/12/29,29.76,30.01,29.30,29.50,1718139,56843764.00
2020/12/30,29.50,29.65,28.48,29.50,2554746,83122664.00
2020/12/31,29.47,29.69,29.09,29.48,1484662,48758624.00
2021/01/04,29.50,29.89,29.24,29.67,1615754,53429580.00
2021/01/05,29.56,29.77,29.04,29.35,2150205,70483432.00
2021/01/06,29.32,30.29,28.78,30.29,2721226,90084256.00
2021/01/07,29.96,30.95,29.96,30.31,2656994,90016176.00
2021/01/08,30.38,32.43,30.02,32.19,3711494,130213792.00
2021/01/11,32.20,33.07,31.19,31.32,3737288,133354408.00
2021/01/12,32.65,33.00,31.36,32.11,3371995,120591344.00
2021/01/13,31.63,31.86,30.00,30.01,2774209,94549280.00
2021/01/14,29.73,30.74,29.32,30.15,1503409,50439128.00
2021/01/15,29.76,30.71,29.76,30.12,1185834,40121028.00
2021/01/18,29.88,30.43,29.84,29.90,1238471,41523624.00
2021/01/19,29.90,30.45,29.85,29.91,1109580,37327012.00
2021/01/20,29.93,30.25,29.85,29.92,863653,28916074.00
2021/01/21,29.92,30.25,29.85,29.98,1072304,35984440.00
2021/01/22,29.87,30.04,28.00,28.44,2477346,80495592.00
2021/01/25,28.29,28.78,27.75,27.80,1387167,43991144.00
2021/01/26,27.81,28.30,27.14,27.19,1239120,38501452.00
2021/01/27,27.01,27.21,26.30,26.35,1736136,52069764.00
2021/01/28,26.18,26.57,25.92,26.27,866415,25829592.00
2021/01/29,26.49,26.49,25.08,25.41,1163352,33981140.00
2021/02/01,25.40,26.20,25.00,25.80,1039232,30221780.00
2021/02/02,25.80,26.20,25.30,25.61,1036837,30365078.00
2021/02/03,25.51,25.77,25.01,25.01,947204,27325862.00
2021/02/04,25.04,25.05,23.77,23.90,1107497,30703422.00
2021/02/05,24.16,25.16,23.92,24.42,1250527,35002308.00
2021/02/08,24.49,25.05,23.98,24.00,745779,20747418.00
2021/02/09,24.10,24.61,23.88,24.37,677669,18790878.00
2021/02/10,24.98,25.85,24.49,25.50,1214879,35148432.00
2021/02/18,25.65,26.10,25.65,25.85,906381,26671430.00
2021/02/19,25.80,27.29,25.80,26.86,1550617,46976344.00
2021/02/22,27.00,27.39,26.46,26.46,1402129,42596720.00
2021/02/23,26.47,26.64,26.20,26.40,625523,18687146.00
2021/02/24,26.23,27.37,26.23,26.48,915928,27569074.00
2021/02/25,27.09,27.29,26.36,26.66,1280602,38851452.00
2021/02/26,26.40,27.16,26.15,26.70,943237,28412082.00
2021/03/01,26.89,27.59,26.89,27.48,1116366,34330400.00
2021/03/02,27.73,28.00,27.25,27.82,1475214,45905204.00
2021/03/03,28.50,29.70,28.49,29.30,3386133,110801888.00
2021/03/04,29.65,31.87,29.65,30.88,4609254,156764080.00
2021/03/05,30.80,31.10,29.74,29.74,2607583,88057320.00
2021/03/08,29.85,30.84,29.61,29.83,2033862,68559264.00
2021/03/09,29.92,30.55,28.70,29.71,2226388,73722688.00
2021/03/10,30.09,30.47,29.11,29.60,1392333,46391736.00
2021/03/11,29.60,30.22,29.38,29.56,1219220,40662684.00
2021/03/12,29.57,30.53,29.40,29.98,1810659,60850916.00
2021/03/15,29.52,29.88,28.73,28.98,1735054,56943364.00
2021/03/16,29.19,30.79,28.78,30.36,2188415,73376856.00
2021/03/17,30.16,30.84,29.90,30.20,1370951,46358196.00
2021/03/18,30.45,31.06,30.10,30.74,1772638,60636896.00
2021/03/19,30.50,34.15,30.26,31.97,4454961,160238464.00
2021/03/22,32.10,33.99,32.10,33.42,3204761,118198528.00
2021/03/23,33.50,34.36,32.22,32.62,2498504,91720536.00
2021/03/24,32.50,33.17,31.80,31.99,1701657,61083048.00
2021/03/25,31.50,32.33,30.69,30.90,1666193,58063420.00
2021/03/26,31.38,32.81,31.35,31.43,1852469,65711488.00
2021/03/29,31.93,32.80,31.72,32.12,2320359,82721608.00
2021/03/30,32.30,32.41,30.92,31.20,1406546,49168908.00
2021/03/31,31.05,31.56,30.91,31.39,784410,27265842.00
2021/04/01,31.50,31.51,29.26,29.48,2253943,75263136.00
2021/04/02,29.50,29.73,28.98,29.35,1057472,34763396.00
2021/04/06,29.50,30.27,29.49,29.78,762545,25421002.00
2021/04/07,29.56,30.25,29.26,30.10,891947,29676038.00
2021/04/08,30.30,30.88,29.93,29.94,1094914,37099980.00
2021/04/09,30.10,30.10,29.42,29.65,727402,24114068.00
2021/04/12,29.65,29.65,28.88,29.04,809171,26419154.00
2021/04/13,29.08,29.16,28.86,28.93,479216,15556799.00
2021/04/14,28.84,29.16,28.78,28.98,510330,16548686.00
2021/04/15,28.98,29.09,28.71,29.09,415681,13487962.00
2021/04/16,29.23,30.35,29.16,30.01,939451,31404102.00
2021/04/19,30.38,30.66,29.90,30.52,1116972,37750136.00
2021/04/20,31.09,31.99,30.58,30.89,1418914,49159188.00
2021/04/21,30.50,30.64,30.10,30.26,718510,24324816.00
2021/04/22,30.30,30.84,29.69,29.93,1039708,34867768.00
2021/04/23,29.91,30.09,28.27,28.41,1689958,52851000.00
2021/04/26,28.50,28.60,27.24,27.59,2197704,66424928.00
2021/04/27,27.98,29.35,27.80,28.65,1307465,40716668.00
2021/04/28,29.00,29.16,28.18,28.51,593063,18372380.00
2021/04/29,28.51,28.84,28.21,28.50,755884,23481816.00
2021/04/30,28.54,28.78,27.96,28.03,768152,23570534.00
2021/05/06,27.73,28.37,27.73,28.04,392039,11948641.00
2021/05/07,28.04,28.04,27.30,27.48,635739,19132248.00
2021/05/10,27.50,27.52,26.53,26.72,933325,27459874.00
2021/05/11,26.51,27.27,25.80,27.05,1806366,52231804.00
2021/05/12,26.38,27.70,26.38,27.69,1010477,30087180.00
2021/05/13,27.72,28.35,27.20,27.61,858571,26108016.00
2021/05/14,27.68,28.38,27.40,28.25,818814,24970436.00
2021/05/17,28.13,28.47,27.60,28.20,1065971,32625190.00
2021/05/18,28.10,28.40,27.88,28.11,642201,19660988.00
2021/05/19,28.48,28.48,28.00,28.10,569458,17436338.00
2021/05/20,27.81,28.30,27.80,28.06,672539,20618342.00
2021/05/21,28.06,28.30,27.53,27.61,553266,16786986.00
2021/05/24,27.62,28.60,27.52,28.30,619414,18985020.00
2021/05/25,28.50,28.61,28.00,28.35,382462,11760156.00
2021/05/26,28.37,28.49,28.10,28.26,615385,18936106.00
2021/05/27,28.26,29.38,28.10,29.06,1078586,33850668.00
2021/05/28,29.00,29.48,28.57,28.68,747279,23595238.00
2021/05/31,28.71,28.92,28.18,28.35,1186630,36615124.00
2021/06/01,28.58,30.55,28.25,30.30,2392065,76848672.00
2021/06/02,30.53,30.53,29.48,30.04,1660867,53971628.00
2021/06/03,30.20,30.20,29.50,29.70,1162804,37498556.00
2021/06/04,29.81,29.95,29.59,29.74,919765,29639086.00
2021/06/07,29.99,30.81,29.60,30.69,1182700,38941480.00
2021/06/08,30.80,30.80,29.80,29.82,1022581,33320748.00
2021/06/09,30.01,30.27,29.56,29.80,709570,22937578.00
2021/06/10,29.73,30.38,29.40,30.20,1194049,38769064.00
2021/06/11,30.30,30.37,29.73,29.73,1015972,32927670.00
2021/06/15,30.49,31.50,29.73,29.89,1575528,52272556.00
2021/06/16,29.79,30.99,29.51,30.29,1202447,39622324.00
2021/06/17,30.11,30.59,30.08,30.43,865786,28384764.00
2021/06/18,30.38,30.80,30.17,30.32,779483,25689098.00
2021/06/21,30.33,30.50,29.87,30.00,957047,31157996.00
2021/06/22,30.19,30.30,29.71,29.92,757873,24554578.00
2021/06/23,30.01,30.32,29.85,30.16,755501,24620170.00
2021/06/24,30.16,30.16,29.40,29.41,911208,29301060.00
2021/06/25,29.49,29.69,28.70,29.15,1013770,32003948.00
2021/06/28,29.25,29.29,28.72,28.78,628653,19747408.00
2021/06/29,28.73,28.96,28.62,28.65,518068,16163905.00
2021/06/30,28.50,29.00,28.50,28.82,484546,15196146.00
2021/07/01,29.11,29.11,28.38,28.49,647024,20165612.00
2021/07/02,28.61,28.78,28.17,28.50,575266,17863774.00
2021/07/05,28.78,28.78,27.80,27.89,656976,20134640.00
2021/07/06,27.89,27.99,27.50,27.57,615478,18573852.00
2021/07/07,27.78,27.78,27.20,27.50,1005684,30068474.00
2021/07/08,27.60,28.42,27.30,28.16,889423,27034070.00
2021/07/09,28.12,28.90,27.81,28.51,956563,29691708.00
2021/07/12,28.95,28.95,28.13,28.58,747817,23218444.00
2021/07/13,28.60,28.65,28.20,28.49,581234,17973566.00
2021/07/14,28.50,28.80,28.09,28.30,433741,13335678.00
2021/07/15,28.02,28.11,26.71,27.22,702777,20992536.00
2021/07/16,27.30,27.43,26.91,26.98,574215,16997916.00
2021/07/19,27.06,27.26,26.01,26.63,560042,16275738.00
2021/07/20,26.68,26.88,26.20,26.81,391618,11355782.00
2021/07/21,26.98,27.42,26.82,26.89,567347,16776192.00
2021/07/22,26.92,27.19,26.46,26.93,700418,20433176.00
2021/07/23,27.11,27.90,26.83,27.26,820103,24602136.00
2021/07/26,27.50,27.75,26.20,26.50,790960,23055340.00
2021/07/27,26.50,27.01,26.20,26.26,661831,19259200.00
2021/07/28,26.26,26.57,25.59,25.76,739221,21052960.00
2021/07/29,26.06,26.27,25.69,25.71,815150,23135686.00
2021/07/30,25.71,26.07,25.34,25.87,639753,18023884.00
2021/08/02,25.55,26.70,25.50,26.40,803961,22941594.00
2021/08/03,26.38,26.65,26.04,26.13,742227,21322760.00
2021/08/04,26.38,26.38,25.84,25.96,675992,19221554.00
2021/08/05,25.81,26.23,25.80,25.86,594640,16905882.00
2021/08/06,25.73,25.91,25.22,25.38,939338,26293102.00
2021/08/09,25.26,26.44,25.26,26.15,872850,24910816.00
2021/08/10,26.15,26.89,25.90,26.72,949675,27498076.00
2021/08/11,26.58,26.90,26.42,26.47,791372,23054376.00
2021/08/12,26.48,26.79,26.34,26.74,512907,14923607.00
2021/08/13,26.81,26.96,26.52,26.87,679668,19877536.00
2021/08/16,26.90,27.47,26.58,27.32,866783,25696714.00
2021/08/17,27.25,27.71,27.03,27.30,1058072,31559302.00
2021/08/18,27.12,28.09,27.12,27.67,1076486,32483234.00
2021/08/19,27.87,28.06,27.01,27.16,761590,22751200.00
2021/08/20,27.01,27.19,26.46,27.01,629135,18426532.00
2021/08/23,27.09,27.84,26.96,27.81,775231,23260238.00
2021/08/24,27.81,28.27,27.73,27.82,884908,26966292.00
2021/08/25,27.21,27.67,26.67,27.50,1553412,45908928.00
2021/08/26,28.11,28.11,26.82,26.99,774537,22902054.00
2021/08/27,26.92,27.27,26.77,27.16,644371,19003154.00
2021/08/30,27.22,27.26,26.26,26.26,998587,29196498.00
2021/08/31,27.10,28.72,26.69,27.40,2537646,77148056.00
2021/09/01,27.20,27.50,26.30,26.97,1686088,49516672.00
2021/09/02,26.98,27.15,26.60,27.05,600457,17680850.00
2021/09/03,27.05,27.38,26.78,26.86,714342,21055984.00
2021/09/06,26.80,27.35,26.52,27.19,739016,21768800.00
2021/09/07,27.35,28.70,27.35,27.99,1323949,40597012.00
2021/09/08,28.46,28.46,27.60,27.78,866528,26370822.00
2021/09/09,27.93,28.06,27.59,27.92,624747,18927362.00
2021/09/10,28.00,28.01,27.50,27.62,626830,18913126.00
2021/09/13,27.83,28.51,27.83,28.23,1019831,31312016.00
2021/09/14,28.22,28.38,27.60,27.78,714770,21772002.00
2021/09/15,27.60,28.15,27.34,27.40,514536,15432276.00
2021/09/16,27.35,27.97,27.35,27.35,810442,24464366.00
2021/09/17,27.32,27.50,26.37,26.69,938738,27447812.00
2021/09/22,26.50,26.93,26.27,26.54,455058,13216604.00
2021/09/23,26.55,27.78,26.55,27.32,839553,24893068.00
2021/09/24,27.65,27.65,26.95,27.05,577328,17169532.00
2021/09/27,27.05,27.34,26.36,26.50,653270,19016380.00
2021/09/28,26.50,26.75,26.20,26.59,582547,16835280.00
2021/09/29,26.38,26.47,25.63,25.74,553453,15764171.00
2021/09/30,26.00,26.10,25.74,25.79,293337,8316884.00
2021/10/08,26.29,26.49,26.09,26.29,265160,7638907.00
2021/10/11,26.12,26.37,25.98,26.08,222285,6362286.00
2021/10/12,26.08,26.08,25.26,25.53,372167,10476204.00
2021/10/13,25.53,25.74,25.25,25.58,256137,7169772.00
2021/10/14,25.82,25.89,25.43,25.56,242911,6816693.00
2021/10/15,25.66,25.67,24.80,24.80,609349,16795888.00
2021/10/18,25.17,25.17,24.26,24.38,559492,15069821.00
2021/10/19,24.45,24.66,24.35,24.41,251328,6763632.00
2021/10/20,24.79,24.89,24.00,24.77,589308,15853642.00
2021/10/21,24.77,24.77,24.40,24.48,226839,6133448.00
2021/10/22,24.75,24.75,24.30,24.49,172525,4648392.00
2021/10/25,24.32,24.61,24.08,24.42,250490,6740160.00
2021/10/26,24.47,24.85,24.21,24.79,318331,8622065.00
2021/10/27,24.58,24.58,24.15,24.39,313525,8397072.00
2021/10/28,24.30,24.30,23.71,23.80,409258,10796707.00
2021/10/29,23.83,23.97,22.77,23.05,927489,23805960.00
2021/11/01,23.05,23.32,22.38,22.99,543488,13794563.00
2021/11/02,23.00,23.20,22.24,22.41,672985,16912388.00
2021/11/03,22.41,22.66,22.22,22.36,407059,10137385.00
2021/11/04,22.36,22.59,22.30,22.48,337121,8409868.00
2021/11/05,22.55,22.58,22.33,22.33,341541,8500825.00
2021/11/08,22.33,23.70,22.20,23.30,1020805,26193164.00
2021/11/09,23.00,23.48,22.66,22.73,1026342,26161610.00
2021/11/10,22.78,24.26,22.77,23.60,1389800,36424536.00
2021/11/11,23.00,23.48,22.40,23.27,5061630,129114880.00
2021/11/12,23.18,24.18,23.06,23.90,3053847,80384400.00
2021/11/15,24.07,24.92,23.83,24.67,2711096,73391696.00
2021/11/16,24.57,24.87,24.29,24.50,2177461,58840032.00
2021/11/17,24.50,24.59,24.02,24.31,1708087,45755668.00
2021/11/18,24.40,24.44,23.69,23.75,1601133,42571056.00
2021/11/19,23.69,24.25,23.51,24.06,1468661,38845552.00
2021/11/22,23.96,24.61,23.87,24.09,1214857,32401816.00
2021/11/23,23.90,24.88,23.81,24.42,1767076,47746280.00
2021/11/24,24.66,24.66,24.00,24.16,1222917,32609724.00
2021/11/25,24.16,24.29,23.80,24.23,916109,24310172.00
2021/11/26,24.53,24.88,24.04,24.21,1593751,42801860.00
2021/11/29,24.00,24.35,23.57,23.92,1266474,33521404.00
2021/11/30,23.99,24.13,23.72,23.85,1475395,38899032.00
2021/12/01,23.78,24.33,23.74,24.16,1457506,38633004.00
2021/12/02,24.07,24.08,23.21,23.35,1689370,43991576.00
2021/12/03,23.47,23.50,23.11,23.30,558668,14408911.00
2021/12/06,23.30,23.56,22.93,22.93,865394,22151480.00
2021/12/07,23.12,23.19,22.63,22.73,736900,18623536.00
2021/12/08,22.75,22.99,22.75,22.90,639732,16229617.00
2021/12/09,23.00,23.19,22.78,23.07,776687,19845740.00
2021/12/10,23.12,23.27,22.98,23.26,556038,14271118.00
2021/12/13,23.26,23.56,23.10,23.54,826532,21368100.00
2021/12/14,23.47,23.90,23.31,23.70,1314286,34357336.00
2021/12/15,23.68,23.99,23.52,23.64,939917,24644518.00
2021/12/16,23.75,23.87,23.49,23.61,651842,17033992.00
2021/12/17,23.61,23.69,23.10,23.10,853091,21979536.00
2021/12/20,23.11,23.34,23.00,23.12,533294,13672186.00
2021/12/21,23.03,23.24,22.78,23.15,853055,21718256.00
2021/12/22,23.26,23.29,23.00,23.05,1044307,26708380.00
2021/12/23,23.02,23.07,22.80,22.85,585088,14852027.00
2021/12/24,22.82,23.00,22.36,22.88,847284,21290868.00
2021/12/27,22.87,23.24,22.83,23.10,605619,15468066.00
2021/12/28,23.03,23.39,23.00,23.07,463455,11894364.00
2021/12/29,23.07,23.32,22.85,23.17,670789,17201844.00
2021/12/30,23.30,23.34,22.93,23.22,489482,12576832.00
2021/12/31,23.24,23.37,23.10,23.23,639235,16475402.00
2022/01/04,23.18,23.65,23.18,23.46,1374057,35705176.00
2022/01/05,23.50,23.50,23.06,23.23,823676,21211040.00
2022/01/06,23.25,23.69,23.19,23.55,1923404,50059840.00
2022/01/07,23.62,23.83,23.46,23.69,1109804,28974922.00
2022/01/10,23.61,24.25,23.32,24.11,1605792,42433468.00
2022/01/11,24.22,24.28,23.91,24.16,1380660,36750128.00
2022/01/12,24.08,24.25,23.98,24.15,892773,23762084.00
2022/01/13,24.09,24.35,23.81,23.83,1209283,32119432.00
2022/01/14,23.95,24.04,23.42,23.55,893899,23406776.00
2022/01/17,23.50,23.92,23.43,23.82,727937,19090120.00
2022/01/18,23.74,24.14,23.53,23.83,1059770,27965436.00
2022/01/19,23.82,23.95,23.57,23.90,682654,17962788.00
2022/01/20,23.80,23.95,23.06,23.07,851535,22050040.00
2022/01/21,23.09,23.23,22.39,22.45,1275848,32026882.00
2022/01/24,22.40,22.58,22.21,22.49,400353,9977495.00
2022/01/25,22.35,22.48,21.30,21.37,1035477,25289822.00
2022/01/26,21.39,21.70,21.39,21.63,397110,9560723.00
2022/01/27,21.63,21.68,20.90,20.99,638738,15149139.00
2022/01/28,20.99,21.38,20.50,21.03,535142,12603173.00
2022/02/07,21.20,21.46,21.15,21.46,299702,7151674.00
2022/02/08,21.50,21.94,21.31,21.72,588111,14205874.00
2022/02/09,21.66,21.75,21.50,21.69,626124,15113408.00
2022/02/10,21.88,22.20,21.62,21.71,895486,21840258.00
2022/02/11,22.20,22.20,21.53,21.57,1067587,25899580.00
2022/02/14,21.30,21.30,20.30,20.35,1954975,45358712.00
2022/02/15,20.40,20.41,19.63,19.80,2142430,47820280.00
2022/02/16,19.82,20.00,19.75,19.95,1705305,38148988.00
2022/02/17,20.09,21.65,20.00,20.46,4852272,113140456.00
2022/02/18,20.45,20.45,19.91,20.31,1780791,40418160.00
2022/02/21,20.50,20.75,20.20,20.29,2064555,47168440.00
2022/02/22,20.27,20.27,19.59,19.76,2500889,55655356.00
2022/02/23,19.83,20.08,19.69,19.99,1714655,38449128.00
2022/02/24,19.98,20.10,18.91,19.06,2296045,50375896.00
2022/02/25,19.25,19.70,19.15,19.18,2608204,57075328.00
2022/02/28,19.20,19.20,18.53,18.85,1920705,40941208.00
2022/03/01,18.79,19.09,18.65,18.78,1854778,39475632.00
2022/03/02,18.75,18.85,18.58,18.78,1720548,36556544.00
2022/03/03,18.85,18.87,18.48,18.56,1750003,37010000.00
2022/03/04,18.63,18.66,18.18,18.25,1473694,30803812.00
2022/03/07,18.25,18.25,17.63,17.71,1717423,34923908.00
2022/03/08,17.83,17.83,16.51,16.55,4094442,80021712.00
2022/03/09,16.61,16.84,15.61,16.20,2769390,51971244.00
2022/03/10,16.47,16.75,16.00,16.13,3355501,63318576.00
2022/03/11,15.80,16.23,15.36,16.05,3188419,57820512.00
2022/03/14,15.96,16.38,15.72,15.72,1722685,31837658.00
2022/03/15,15.70,15.73,14.84,14.90,2536061,45110660.00
2022/03/16,15.00,15.42,14.64,15.35,1642855,28920916.00
2022/03/17,15.43,15.94,15.43,15.76,1944696,35474544.00
2022/03/18,15.68,16.07,15.65,15.99,1478539,27216796.00
2022/03/21,15.96,16.15,15.86,16.08,1234716,22877480.00
2022/03/22,16.04,16.19,15.72,16.03,1091905,20183404.00
2022/03/23,16.09,16.13,15.90,15.98,933856,17269524.00
2022/03/24,15.90,15.94,15.65,15.76,817429,14957052.00
2022/03/25,15.70,16.33,15.70,16.10,1613299,30102514.00
2022/03/28,16.15,16.15,15.50,15.83,1252370,23020990.00
2022/03/29,15.90,16.00,15.29,15.40,1485287,26864116.00
2022/03/30,15.74,15.75,15.45,15.70,850147,15403726.00
2022/03/31,15.78,16.12,15.68,15.85,1325827,24428676.00
2022/04/01,15.77,15.84,15.49,15.72,1394162,25246054.00
2022/04/06,15.63,16.08,15.63,15.95,1002275,18470712.00
2022/04/07,15.90,16.07,15.56,15.56,926738,16932252.00
2022/04/08,15.57,15.66,15.23,15.41,958319,17139884.00
2022/04/11,15.28,15.45,14.83,14.95,1120249,19738248.00
2022/04/12,15.03,15.24,14.78,15.21,798947,13984360.00
2022/04/13,15.22,15.27,14.82,15.00,630792,11092672.00
2022/04/14,15.15,15.28,15.09,15.22,670555,11870513.00
2022/04/15,15.22,15.22,14.85,15.00,750587,13101676.00
2022/04/18,15.00,15.31,14.70,15.28,725504,12755431.00
2022/04/19,15.28,15.40,15.14,15.25,442345,7857840.00
2022/04/20,15.36,15.43,15.07,15.13,655341,11631547.00
2022/04/21,15.13,15.25,14.52,14.58,1115301,19360852.00
2022/04/22,14.58,14.65,14.28,14.38,902147,15284763.00
2022/04/25,14.57,14.57,13.73,13.73,1608568,26803892.00
2022/04/26,13.80,14.13,13.56,13.69,980196,16017964.00
2022/04/27,13.59,14.07,13.20,14.03,1279092,20500008.00
2022/04/28,14.10,14.50,13.70,14.04,1349872,22476628.00
2022/04/29,14.15,14.56,14.03,14.37,1682466,26653938.00
2022/05/05,14.30,15.16,14.30,15.10,1588253,26013450.00
2022/05/06,14.85,15.03,14.65,14.76,794756,12982109.00
2022/05/09,14.89,15.04,14.70,14.78,837164,13692195.00
2022/05/10,14.68,15.34,14.52,15.18,1184332,19666124.00
2022/05/11,15.30,15.70,15.18,15.21,1924330,32637584.00
2022/05/12,15.24,15.58,15.14,15.51,1246926,21084690.00
2022/05/13,15.51,15.58,15.10,15.35,896693,15086437.00
2022/05/16,15.36,15.58,15.15,15.20,886596,14916135.00
2022/05/17,15.23,15.25,14.93,15.08,743420,12302198.00
2022/05/18,15.10,15.34,14.92,15.27,884848,14788263.00
2022/05/19,15.01,15.16,15.00,15.09,773456,12817700.00
2022/05/20,15.09,15.47,15.09,15.42,1132906,19066534.00
2022/05/23,15.46,15.60,15.32,15.56,962507,16350021.00
2022/05/24,15.63,15.66,14.63,14.72,1572837,26196462.00
2022/05/25,14.83,15.08,14.73,14.97,682963,11202244.00
2022/05/26,15.10,15.15,14.74,15.07,662756,10933713.00
2022/05/27,15.09,15.25,15.00,15.09,739886,12315964.00
2022/05/30,15.02,15.59,15.02,15.55,1321454,22397994.00
2022/05/31,15.61,15.81,15.38,15.79,1346891,23116500.00
2022/06/01,15.79,16.56,15.62,16.23,2104912,37281896.00
2022/06/02,16.26,17.06,16.16,16.96,3037121,55305312.00
2022/06/06,17.10,17.49,16.82,17.22,3506821,65856812.00
2022/06/07,17.13,17.24,16.58,16.74,2746548,50302936.00
2022/06/08,16.88,16.88,16.10,16.52,1745489,31358806.00
2022/06/09,16.55,16.55,16.00,16.06,1425410,25199996.00
2022/06/10,16.05,16.29,16.01,16.23,1275042,22554488.00
2022/06/13,16.50,16.50,15.98,16.16,1365262,24184298.00
2022/06/14,15.89,16.27,15.67,16.20,1420063,24776182.00
2022/06/15,16.22,16.45,16.09,16.13,1381434,24601356.00
2022/06/16,16.19,16.48,16.13,16.34,1086689,19403612.00
2022/06/17,16.30,16.32,15.87,16.24,1213688,21427108.00
2022/06/20,16.15,16.38,16.08,16.24,1229595,21839314.00
2022/06/21,16.31,16.49,16.11,16.26,1013488,18048900.00
2022/06/22,16.20,16.38,15.88,15.90,966419,16971408.00
2022/06/23,15.86,16.15,15.84,16.15,909392,15948324.00
2022/06/24,16.13,16.45,16.00,16.40,1322974,23601644.00
2022/06/27,16.55,17.37,16.40,16.99,3099236,57120316.00
2022/06/28,16.89,17.32,16.83,17.32,1933610,35922432.00
2022/06/29,17.35,17.70,16.96,16.97,2178900,40878448.00
2022/06/30,17.09,17.28,16.82,16.99,1435280,26626664.00
2022/07/01,16.99,17.08,16.77,16.79,1297206,23857958.00
2022/07/04,16.79,16.95,16.68,16.92,685918,12582897.00
2022/07/05,16.85,16.95,16.38,16.56,1407303,25478524.00
2022/07/06,16.44,16.79,16.35,16.55,944193,17078556.00
2022/07/07,16.50,16.70,16.38,16.53,878078,15862093.00
2022/07/08,16.58,16.84,16.50,16.51,745556,13529460.00
2022/07/11,16.51,16.60,16.22,16.32,879367,15710126.00
2022/07/12,16.32,16.33,15.95,15.96,854735,15037384.00
2022/07/13,16.07,16.27,15.94,16.10,659015,11605969.00
2022/07/14,16.11,16.34,16.02,16.31,937781,16603736.00
2022/07/15,16.25,16.46,16.00,16.01,1173657,20813124.00
2022/07/18,16.05,16.90,16.00,16.69,2566638,46551096.00
2022/07/19,16.89,16.89,16.60,16.86,1901171,34709492.00
2022/07/20,16.83,16.96,16.67,16.85,984289,17969584.00
2022/07/21,16.86,16.93,16.69,16.69,1210345,22159056.00
2022/07/22,16.69,17.09,16.62,16.80,1796326,33004308.00
2022/07/25,16.81,17.00,16.43,16.55,1474947,26754148.00
2022/07/26,16.62,16.62,16.14,16.42,1490190,26573336.00
2022/07/27,16.40,16.62,16.38,16.48,1153883,20774314.00
2022/07/28,16.54,16.88,16.54,16.85,2262288,41360536.00
2022/07/29,16.89,16.89,16.67,16.70,1453626,26557864.00
2022/08/01,16.71,16.71,16.46,16.67,1122630,20311590.00
2022/08/02,16.51,16.51,15.20,15.53,2441497,42017992.00
2022/08/03,15.40,15.96,15.40,15.47,1498354,25824944.00
2022/08/04,15.61,15.66,15.34,15.55,828589,14093098.00
2022/08/05,15.59,15.98,15.50,15.93,1418760,24444698.00
2022/08/08,15.93,16.02,15.70,16.00,1166034,20234980.00
2022/08/09,15.92,15.99,15.70,15.80,1227741,21201420.00
2022/08/10,15.75,15.95,15.64,15.79,1369982,23739104.00
2022/08/11,15.83,16.09,15.83,16.07,1955399,34206080.00
2022/08/12,16.09,16.15,15.80,15.84,1581856,27628256.00
2022/08/15,15.93,15.93,15.51,15.62,1595594,27313348.00
2022/08/16,15.63,15.85,15.63,15.74,1460727,25224948.00
2022/08/17,15.89,16.18,15.73,15.81,2323258,40415976.00
2022/08/18,15.79,15.81,15.56,15.73,1376552,23657686.00
2022/08/19,15.67,15.82,15.34,15.36,1971200,33609536.00
2022/08/22,15.37,15.46,15.26,15.43,1109705,18720576.00
2022/08/23,15.43,15.45,15.20,15.25,951877,15996125.00
2022/08/24,15.39,15.41,14.72,14.83,1680670,27690968.00
2022/08/25,14.83,14.89,14.56,14.69,1179669,19111138.00
2022/08/26,14.74,14.98,14.68,14.72,845207,13786646.00
2022/08/29,14.54,14.80,14.43,14.73,915399,14820245.00
2022/08/30,14.54,14.68,14.38,14.51,1832679,29377776.00
2022/08/31,14.45,14.50,14.10,14.11,1782330,28009684.00
2022/09/01,14.12,14.27,13.98,14.01,1025675,16040219.00
2022/09/02,14.21,14.25,14.08,14.23,562078,8811450.00
2022/09/05,14.23,14.49,14.10,14.20,643462,10088698.00
2022/09/06,14.14,14.40,14.14,14.40,564534,8917332.00
2022/09/07,14.40,14.43,14.26,14.38,526719,8351143.00
2022/09/08,14.42,14.45,14.30,14.32,383501,6079916.00
2022/09/09,14.25,14.39,14.25,14.35,354188,5607097.00
2022/09/13,14.38,14.43,14.31,14.32,390540,6188395.00
2022/09/14,14.23,14.23,14.02,14.10,456034,7110132.00
2022/09/15,14.15,14.17,13.75,13.87,865023,13347703.00
2022/09/16,13.95,13.95,13.51,13.54,752822,11433529.00
2022/09/19,13.53,13.54,13.24,13.28,510068,7592719.00
2022/09/20,13.45,13.46,13.29,13.30,329033,4891690.00
2022/09/21,13.40,13.52,13.15,13.46,505153,7501173.00
2022/09/22,13.39,13.58,13.21,13.29,473155,7057713.00
2022/09/23,13.30,13.33,12.96,13.09,816043,11936606.00
2022/09/26,13.12,13.12,12.73,12.79,607399,8756610.00
2022/09/27,12.85,13.03,12.78,13.01,395333,5701773.00
2022/09/28,12.98,13.15,12.76,12.81,461493,6646547.00
2022/09/29,12.91,12.94,12.60,12.66,550689,7864509.00
2022/09/30,12.69,12.74,12.46,12.51,426149,5996987.00
2022/10/10,12.51,12.58,12.22,12.27,621241,8609096.00
2022/10/11,12.27,12.42,12.19,12.30,418720,5772703.00
2022/10/12,12.22,12.75,12.17,12.66,623596,8701437.00
2022/10/13,12.60,12.89,12.55,12.83,646613,9229940.00
2022/10/14,12.85,13.17,12.83,13.05,1163692,16910960.00
2022/10/17,13.04,13.30,12.98,13.22,782450,11487934.00
2022/10/18,13.35,13.35,13.09,13.17,529268,7762444.00
2022/10/19,13.31,13.33,13.03,13.04,523289,7648485.00
2022/10/20,13.04,13.22,13.00,13.08,484572,7068879.00
2022/10/21,13.08,13.20,13.02,13.07,369397,5385841.00
2022/10/24,13.19,13.33,12.66,12.80,549124,7966372.00
2022/10/25,12.88,12.89,12.40,12.68,471955,6675301.00
2022/10/26,12.55,13.07,12.55,12.97,630912,9091397.00
2022/10/27,13.04,13.11,12.93,12.97,444935,6455622.00
2022/10/28,12.82,12.87,12.12,12.15,1444572,20115532.00
2022/10/31,12.08,12.68,12.08,12.47,854607,11898449.00
2022/11/01,12.62,12.96,12.47,12.91,781839,11160111.00
2022/11/02,12.90,13.17,12.90,13.10,851236,12400926.00
2022/11/03,13.02,13.19,12.90,13.17,688518,10041940.00
2022/11/04,13.20,13.61,13.19,13.48,1781467,26692846.00
2022/11/07,13.43,13.53,13.36,13.42,790045,11802035.00
2022/11/08,13.37,13.50,13.30,13.50,772670,11518570.00
2022/11/09,13.50,13.54,13.42,13.46,438487,6563332.00
2022/11/10,13.35,13.46,13.30,13.43,728688,10830275.00
2022/11/11,13.62,13.68,13.42,13.48,776853,11682067.00
2022/11/14,13.47,13.89,13.35,13.74,1612222,24480296.00
2022/11/15,13.89,13.89,13.66,13.81,949498,14491173.00
2022/11/16,13.81,13.81,13.61,13.65,857307,13038836.00
2022/11/17,13.75,13.75,13.58,13.73,684410,10393960.00
2022/11/18,13.80,13.80,13.62,13.63,725104,11007640.00
2022/11/21,13.64,13.64,13.43,13.63,499719,7507840.00
2022/11/22,13.71,13.82,13.59,13.62,802926,12204785.00
2022/11/23,13.60,13.63,13.38,13.49,739389,11079307.00
2022/11/24,13.43,13.58,13.43,13.45,459735,6893517.00
2022/11/25,13.46,13.60,13.39,13.43,468227,7016680.00
2022/11/28,13.30,13.30,12.97,13.03,1013643,14768218.00
2022/11/29,13.05,13.44,13.05,13.40,1090148,16133152.00
2022/11/30,13.48,13.49,13.29,13.34,717686,10674611.00
2022/12/01,13.56,13.56,13.36,13.40,614502,9177705.00
2022/12/02,13.42,13.52,13.35,13.50,696718,10405405.00
2022/12/05,13.51,13.95,13.50,13.85,1764805,26866708.00
2022/12/06,13.85,13.85,13.62,13.67,755929,11492255.00
2022/12/07,13.63,13.70,13.58,13.65,448743,6790804.00
2022/12/08,13.59,13.67,13.51,13.58,605805,9139563.00
2022/12/09,13.52,13.57,13.34,13.42,866596,12954383.00
2022/12/12,13.49,13.49,13.18,13.36,1221447,18087672.00
2022/12/13,13.43,13.43,13.20,13.30,546458,8077611.00
2022/12/14,13.40,13.40,13.21,13.26,382080,5651469.00
2022/12/15,13.25,13.35,13.22,13.34,461532,6835897.00
2022/12/16,13.32,13.33,13.13,13.20,417852,6150565.00
2022/12/19,13.14,13.27,12.70,12.77,823590,11845158.00
2022/12/20,12.71,12.86,12.65,12.76,300007,4277029.00
2022/12/21,12.75,12.81,12.49,12.58,420957,5947843.00
2022/12/22,12.68,12.68,12.25,12.30,621275,8641059.00
2022/12/23,12.25,12.44,12.23,12.35,343252,4752466.00
2022/12/26,12.36,12.47,12.34,12.41,603466,8394124.00
2022/12/27,12.41,12.48,12.35,12.48,357971,4984331.00
2022/12/28,12.43,12.43,12.02,12.33,527100,7272029.00
2022/12/29,12.32,12.40,12.15,12.20,440903,6066401.00
2022/12/30,12.27,12.40,12.21,12.36,411311,5683153.00
2023/01/03,12.36,12.62,12.33,12.58,399199,5592450.00
2023/01/04,12.61,12.73,12.58,12.68,379927,5381869.00
2023/01/05,12.75,12.75,12.61,12.70,332866,4723475.00
2023/01/06,12.75,12.79,12.67,12.70,396567,5643284.00
2023/01/09,12.75,12.75,12.60,12.63,348237,4935290.00
2023/01/10,12.63,12.63,12.50,12.54,351064,4930894.00
2023/01/11,12.64,12.64,12.47,12.47,394852,5540233.00
2023/01/12,12.55,12.55,12.38,12.44,347411,4841400.00
2023/01/13,12.42,12.50,12.42,12.47,262260,3661251.00
2023/01/16,12.47,12.72,12.47,12.66,670119,9465449.00
2023/01/17,12.69,12.72,12.59,12.59,480526,6795080.00
2023/01/18,12.61,12.72,12.53,12.68,709539,10032114.00
2023/01/19,12.73,12.88,12.61,12.82,778352,11079494.00
2023/01/20,12.89,12.92,12.81,12.91,740757,10636593.00
2023/01/30,13.03,13.19,13.00,13.05,798280,11641608.00
2023/01/31,12.99,13.11,12.97,13.04,740069,10769502.00
2023/02/01,13.06,13.42,13.03,13.38,1276742,18886646.00
2023/02/02,13.35,13.39,13.30,13.39,931930,13831921.00
2023/02/03,13.33,13.40,13.10,13.30,933479,13775836.00
2023/02/06,13.31,13.34,13.19,13.24,661425,9754726.00
2023/02/07,13.25,13.47,13.24,13.44,1325445,19719484.00
2023/02/08,13.46,13.57,13.38,13.39,776150,11593984.00
2023/02/09,13.36,13.50,13.32,13.48,938381,14015427.00
2023/02/10,13.50,13.57,13.39,13.50,1000232,14986901.00
2023/02/13,13.57,13.77,13.51,13.73,1610678,24467344.00
2023/02/14,13.78,13.87,13.62,13.73,818997,12464350.00
2023/02/15,13.74,13.82,13.66,13.75,1107164,16871696.00
2023/02/16,13.73,13.95,13.42,13.51,2402666,36749524.00
2023/02/17,13.52,14.28,13.49,13.87,3675402,56804804.00
2023/02/20,13.85,13.90,13.61,13.76,1946256,29640516.00
2023/02/21,13.81,13.91,13.67,13.88,1133332,17342910.00
2023/02/22,13.78,13.81,13.63,13.71,1233809,18771804.00
2023/02/23,13.77,13.79,13.58,13.66,1029411,15624096.00
2023/02/24,13.65,13.74,13.55,13.61,653911,9884420.00
2023/02/27,13.60,13.61,13.30,13.33,1053830,15748235.00
2023/02/28,13.71,14.48,13.71,14.10,4540584,71008376.00
2023/03/01,14.19,14.69,14.10,14.61,4251081,67854720.00
2023/03/02,14.61,14.65,14.30,14.45,2301043,36868680.00
2023/03/03,14.47,14.63,14.31,14.55,1816844,29020160.00
2023/03/06,14.60,14.65,14.34,14.44,1443023,23093444.00
2023/03/07,14.49,14.56,14.15,14.16,1758200,27881680.00
2023/03/08,14.15,14.64,14.08,14.64,2257955,36030856.00
2023/03/09,14.67,15.35,14.52,15.10,3982746,65723520.00
2023/03/10,14.96,15.16,14.69,14.79,2377971,38862400.00
2023/03/13,14.71,14.79,14.45,14.64,1773924,28531516.00
2023/03/14,14.69,14.73,14.26,14.30,1760958,27973008.00
2023/03/15,14.35,14.55,14.30,14.33,1151114,18292296.00
2023/03/16,14.25,14.37,14.12,14.16,1086898,17082994.00
2023/03/17,14.18,14.38,14.18,14.27,974866,15388956.00
2023/03/20,14.29,14.47,14.09,14.18,1207004,19035736.00
2023/03/21,14.20,14.42,14.15,14.30,745573,11768788.00
2023/03/22,14.40,15.02,14.37,15.00,2838561,46250900.00
2023/03/23,14.86,14.96,14.77,14.88,1498601,24504164.00
2023/03/24,14.86,14.89,14.65,14.72,977268,15882290.00
2023/03/27,14.64,14.66,14.39,14.63,1188289,19070674.00
2023/03/28,14.63,14.70,14.40,14.51,957081,15367026.00
2023/03/29,14.64,14.68,14.41,14.62,1003697,16110699.00
2023/03/30,14.56,14.68,14.42,14.45,792035,12694447.00
2023/03/31,14.48,14.60,14.46,14.55,531880,8531045.00
2023/04/03,14.60,14.85,14.53,14.64,1651191,26644044.00
2023/04/04,14.64,14.69,14.45,14.55,1039455,16692519.00
2023/04/06,14.43,14.68,14.41,14.46,873537,13966132.00
2023/04/07,14.43,14.55,14.41,14.44,913425,14573353.00
2023/04/10,14.43,14.59,14.15,14.15,1803284,28524132.00
2023/04/11,14.20,14.36,14.06,14.18,803973,12632070.00
2023/04/12,14.13,14.38,14.12,14.32,651210,10277455.00
2023/04/13,14.35,14.38,14.05,14.08,941111,14706049.00
2023/04/14,14.08,14.83,14.05,14.75,2425118,38888992.00
2023/04/17,14.62,15.05,14.58,14.86,2007743,32734340.00
2023/04/18,14.94,15.01,14.71,14.80,1130576,18508028.00
2023/04/19,14.90,14.91,14.60,14.62,810442,13141058.00
2023/04/20,14.68,14.68,14.25,14.31,878869,13939846.00
2023/04/21,14.36,14.52,13.75,13.79,1581207,24596276.00
2023/04/24,13.86,13.90,13.54,13.68,1041172,15786711.00
2023/04/25,13.76,13.76,13.15,13.22,1278519,19011184.00
2023/04/26,13.15,13.58,13.15,13.53,993313,14791815.00
2023/04/27,13.48,13.61,13.37,13.52,555526,8340212.00
2023/04/28,13.34,13.39,13.00,13.34,2142535,31439504.00
2023/05/04,13.35,13.58,13.17,13.56,1491499,22155772.00
2023/05/05,13.56,13.73,13.40,13.69,1193193,17989608.00
2023/05/08,13.65,13.79,13.54,13.71,781433,11839591.00
2023/05/09,13.77,13.86,13.58,13.66,795224,12071371.00
2023/05/10,13.61,13.85,13.61,13.73,496680,7560876.00
2023/05/11,13.70,13.89,13.68,13.76,499335,7635220.00
2023/05/12,13.73,13.81,13.64,13.72,551896,8388626.00
2023/05/15,13.83,13.87,13.56,13.82,657514,9990796.00
2023/05/16,13.89,13.89,13.70,13.77,713231,10920092.00
2023/05/17,13.88,14.07,13.73,14.06,861291,13315456.00
2023/05/18,14.10,14.26,14.06,14.15,547108,8564308.00
2023/05/19,14.15,14.27,14.07,14.16,790907,12382174.00
2023/05/22,14.26,14.29,14.05,14.08,524977,8191888.00
2023/05/23,14.15,14.22,13.91,13.99,670337,10464836.00
2023/05/24,13.94,14.16,13.83,14.02,561536,8717841.00
2023/05/25,14.00,14.14,13.80,14.11,939635,14554285.00
2023/05/26,14.11,14.24,13.92,14.13,561588,8730977.00
2023/05/29,14.28,14.33,14.04,14.08,909672,14260413.00
2023/05/30,14.10,14.15,13.93,14.09,602762,9361943.00
2023/05/31,14.09,14.27,14.00,14.00,549619,8568175.00
2023/06/01,13.90,14.20,13.78,14.09,1291114,19996520.00
2023/06/02,14.12,14.12,13.62,13.80,1713894,24621858.00
2023/06/05,13.81,13.94,13.79,13.85,535040,7678980.00
2023/06/06,13.89,13.90,13.11,13.21,1829800,25577288.00
2023/06/07,13.25,13.44,13.18,13.33,680101,9394580.00
2023/06/08,13.32,13.41,13.23,13.28,406646,5615304.00
2023/06/09,13.30,13.44,13.20,13.35,462901,6394652.00
2023/06/12,13.35,13.74,13.21,13.67,1226957,17133104.00
2023/06/13,13.66,13.66,13.47,13.50,563738,7904118.00
2023/06/14,13.55,13.55,13.40,13.49,400964,5601787.00
2023/06/15,13.45,13.57,13.45,13.54,381407,5353748.00
2023/06/16,13.60,13.62,13.44,13.62,725650,10183227.00
2023/06/19,13.62,13.66,13.55,13.56,353420,4982320.00
2023/06/20,13.56,13.61,13.46,13.49,367309,5148267.00
2023/06/21,13.63,13.63,13.33,13.36,452483,6300364.00
2023/06/26,13.36,13.36,12.85,12.92,1201405,16284343.00
2023/06/27,13.04,13.28,12.92,13.23,482020,6601586.00
2023/06/28,13.24,13.33,13.07,13.32,456216,6251728.00
2023/06/29,13.29,13.75,13.28,13.58,885537,12483235.00
2023/06/30,13.65,13.76,13.51,13.73,838209,11892964.00
2023/07/03,13.73,13.93,13.66,13.83,835277,11955678.00
2023/07/04,13.89,13.93,13.74,13.88,531154,7638258.00
2023/07/05,13.88,15.13,13.83,14.90,6587695,99862416.00
2023/07/06,14.90,15.77,14.71,15.68,7426713,118225944.00
2023/07/07,15.54,15.78,15.18,15.32,2640091,42033144.00
2023/07/10,15.48,15.50,15.10,15.34,1538400,24254370.00
2023/07/11,15.22,15.35,15.09,15.26,1256628,19766400.00
2023/07/12,15.36,15.58,15.10,15.19,1595590,25194040.00
2023/07/13,15.20,15.34,15.05,15.15,1200973,18778526.00
2023/07/14,15.27,15.32,15.07,15.11,832004,13048660.00
2023/07/17,15.08,15.20,14.96,15.08,1039423,16159802.00
2023/07/18,15.10,15.24,14.98,15.15,770973,12053069.00
2023/07/19,15.16,15.59,15.15,15.21,1522772,24131408.00
2023/07/20,15.21,15.26,14.68,14.73,2589605,39823588.00
2023/07/21,14.79,14.88,14.37,14.39,1894592,28563588.00
2023/07/24,14.51,14.64,14.39,14.57,694269,10458398.00
2023/07/25,14.68,15.33,14.63,15.23,2043637,31751314.00
2023/07/26,15.23,15.46,15.17,15.22,1005896,15867357.00
2023/07/27,15.22,15.34,15.03,15.08,955802,14925983.00
2023/07/28,15.19,15.20,14.81,15.15,1106690,17221554.00
2023/07/31,15.25,15.61,15.10,15.19,2401456,38023924.00
2023/08/01,15.10,15.28,15.04,15.17,1200681,18781026.00
2023/08/02,15.10,15.24,14.88,14.90,1056915,16381227.00
2023/08/03,14.91,15.13,14.76,14.97,1804271,27904676.00
2023/08/04,15.05,15.22,14.90,14.94,962016,14976719.00
2023/08/07,14.80,15.07,14.51,14.56,1255697,19007944.00
2023/08/08,14.60,14.88,14.51,14.59,1046608,15881065.00
2023/08/09,14.52,14.84,14.46,14.58,671882,10139700.00
2023/08/10,14.62,14.83,14.44,14.56,751929,11350504.00
2023/08/11,14.56,14.57,14.27,14.28,785107,11695232.00
2023/08/14,14.28,14.28,14.05,14.25,864536,12663936.00
2023/08/15,14.20,14.28,14.02,14.12,973672,14229225.00
2023/08/16,14.07,14.23,13.91,13.94,715871,10418678.00
2023/08/17,13.93,14.30,13.80,14.28,832193,12099989.00
2023/08/18,14.45,14.85,14.23,14.54,1576511,23830102.00
2023/08/21,14.63,14.97,14.50,14.72,1738553,26548934.00
2023/08/22,14.83,14.83,14.11,14.47,1905214,28444520.00
2023/08/23,14.58,14.93,14.40,14.68,1823080,27678334.00
2023/08/24,14.53,14.84,14.12,14.36,1689558,25090104.00
2023/08/25,14.45,15.07,14.41,14.50,2500941,38130532.00
2023/08/28,15.10,15.13,14.42,14.55,2707182,41277068.00
2023/08/29,14.50,15.02,14.38,14.88,2305882,35300032.00
2023/08/30,14.50,14.74,14.31,14.71,2930547,44077740.00
2023/08/31,14.71,14.74,14.23,14.25,1595340,23695924.00
2023/09/01,14.26,14.38,13.72,13.78,2447892,35281912.00
2023/09/04,13.76,14.09,13.76,14.00,1462317,21169968.00
2023/09/05,14.00,14.00,13.74,13.80,967848,13853637.00
2023/09/06,13.80,13.83,13.66,13.83,619210,8822627.00
2023/09/07,13.83,13.84,13.45,13.47,1287003,18121824.00
2023/09/08,13.49,13.66,13.46,13.54,583806,8189060.00
2023/09/11,13.55,13.83,13.45,13.77,963031,13638017.00
2023/09/12,13.80,13.80,13.68,13.73,338752,4816142.00
2023/09/13,13.75,13.75,13.50,13.59,825539,11629661.00
2023/09/14,13.59,13.60,13.44,13.50,335328,4696853.00
2023/09/15,13.60,13.66,13.48,13.49,411460,5787423.00
2023/09/18,13.55,13.73,13.44,13.69,582464,8236356.00
2023/09/19,13.63,13.72,13.53,13.57,443142,6254641.00
2023/09/20,13.63,13.63,13.43,13.48,437737,6132525.00
2023/09/21,13.43,13.49,13.37,13.41,430114,5988679.00
2023/09/22,13.41,13.58,13.35,13.56,691593,9670173.00
2023/09/25,13.56,13.63,13.46,13.48,583603,8181869.00
2023/09/26,13.58,13.58,13.43,13.45,393531,5505588.00
2023/09/27,13.45,13.55,13.36,13.49,657264,9197524.00
2023/09/28,13.49,13.66,13.49,13.62,558771,7874018.00
2023/10/09,13.59,13.74,13.44,13.47,739889,10372623.00
2023/10/10,13.54,13.67,13.34,13.38,620076,8637647.00
2023/10/11,13.51,13.51,13.11,13.27,1128531,15595529.00
2023/10/12,13.33,13.33,13.13,13.22,651450,8937925.00
2023/10/13,13.25,13.26,13.06,13.07,775211,10556249.00
2023/10/16,13.10,13.13,12.94,12.98,678438,9157976.00
2023/10/17,12.98,13.16,12.93,12.98,338671,4562231.00
2023/10/18,12.92,13.00,12.62,12.64,1220895,16187856.00
2023/10/19,12.67,12.80,12.50,12.59,800968,10527204.00
2023/10/20,12.53,12.70,12.47,12.47,672111,8763188.00
2023/10/23,12.49,12.57,12.20,12.24,789474,10117469.00
2023/10/24,12.23,12.66,12.22,12.62,873128,11337893.00
2023/10/25,12.65,12.92,12.58,12.85,723482,9649071.00
2023/10/26,12.72,12.87,12.68,12.84,448410,5944315.00
2023/10/27,12.78,13.02,12.78,12.99,752300,10121668.00
2023/10/30,13.09,13.22,13.01,13.20,962946,13133652.00
2023/10/31,13.23,13.27,13.07,13.24,801893,10982141.00
2023/11/01,13.22,13.53,13.14,13.48,1489603,20741878.00
2023/11/02,13.54,13.54,13.30,13.32,615020,8549192.00
2023/11/03,13.40,13.48,13.26,13.32,671710,9324488.00
2023/11/06,13.38,13.65,13.30,13.57,1104841,15482498.00
2023/11/07,13.58,13.64,13.50,13.57,403815,5675919.00
2023/11/08,13.64,13.64,13.40,13.43,771853,10795825.00
2023/11/09,13.50,13.59,13.32,13.40,699993,9752647.00
2023/11/10,13.50,13.50,13.27,13.38,452611,6269509.00
2023/11/13,13.43,13.59,13.41,13.57,548590,7683830.00
2023/11/14,13.58,13.67,13.51,13.59,472059,6646240.00
2023/11/15,13.63,13.74,13.61,13.68,466268,6614790.00
2023/11/16,13.68,13.71,13.58,13.59,429231,6069303.00
2023/11/17,13.59,13.72,13.50,13.68,491853,6968997.00
2023/11/20,13.72,13.75,13.59,13.72,747718,10617803.00
2023/11/21,13.62,13.78,13.62,13.65,596824,8485102.00
2023/11/22,13.65,13.74,13.55,13.56,465031,6573676.00
2023/11/23,13.57,13.94,13.57,13.85,1367511,19514052.00
2023/11/24,13.93,13.96,13.65,13.72,907476,12914383.00
2023/11/27,13.80,13.82,13.69,13.73,772713,11010212.00
2023/11/28,13.74,14.08,13.63,14.04,1450785,20972376.00
2023/11/29,13.98,14.01,13.83,13.86,835467,12039418.00
2023/11/30,13.90,13.91,13.70,13.84,760767,10877662.00
2023/12/01,13.83,13.89,13.68,13.77,526091,7504003.00
2023/12/04,13.84,13.86,13.66,13.75,564489,8045494.00
2023/12/05,13.69,13.77,13.50,13.53,759390,10723259.00
2023/12/06,13.46,13.66,13.46,13.55,512901,7231379.00
2023/12/07,13.55,13.61,13.42,13.54,418942,5870691.00
2023/12/08,13.58,13.66,13.29,13.35,638895,8902660.00
2023/12/11,13.38,13.39,13.15,13.31,630710,8684779.00
2023/12/12,13.32,13.40,13.20,13.36,441976,6105982.00
2023/12/13,13.34,13.49,13.27,13.33,507505,7041425.00
2023/12/14,13.27,13.47,13.27,13.37,349922,4863827.00
2023/12/15,13.38,13.41,13.30,13.33,443713,6147534.00
2023/12/18,13.31,13.44,13.20,13.23,619980,8572860.00
2023/12/19,13.39,13.39,13.02,13.16,712356,9717161.00
2023/12/20,13.18,13.38,13.13,13.15,408899,5630629.00
2023/12/21,13.15,13.38,12.87,13.33,681552,9286465.00
2023/12/22,13.36,13.36,13.00,13.12,519508,7100199.00
2023/12/25,13.05,13.26,12.96,13.05,772538,10478456.00
2023/12/26,12.97,13.10,12.81,12.91,602768,8070551.00
2023/12/27,12.91,13.00,12.73,12.92,402311,5374229.00
2023/12/28,12.80,13.28,12.77,13.24,529559,7219782.00
2023/12/29,13.24,13.68,13.24,13.66,1079840,15129695.00
2024/01/02,13.72,13.84,13.50,13.76,968152,13779433.00
2024/01/03,13.70,13.76,13.56,13.64,380751,5384113.00
2024/01/04,13.73,13.74,13.56,13.71,468701,6634854.00
2024/01/05,13.77,13.77,13.44,13.49,491243,6922523.00
2024/01/08,13.49,13.59,13.32,13.33,566546,7875072.00
2024/01/09,13.35,13.50,13.26,13.48,572358,7952356.00
2024/01/10,13.41,13.64,13.24,13.45,385100,5373936.00
2024/01/11,13.26,13.55,13.26,13.48,386532,5390526.00
2024/01/12,13.54,13.82,13.53,13.53,618022,8752567.00
2024/01/15,13.62,13.62,13.30,13.46,560343,7810937.00
2024/01/16,13.46,13.50,13.17,13.34,513960,7109375.00
2024/01/17,13.34,13.42,13.08,13.10,483014,6637300.00
2024/01/18,13.02,13.09,12.50,12.79,971864,12899727.00
2024/01/19,12.79,12.91,12.60,12.66,470826,6222183.00
2024/01/22,12.79,12.80,11.70,11.80,1095420,13907995.00
2024/01/23,11.80,11.97,11.60,11.76,1133317,13917925.00
2024/01/24,11.76,11.94,11.41,11.89,1035241,12623955.00
2024/01/25,11.91,12.58,11.84,12.55,882752,11305119.00
2024/01/26,12.58,12.72,12.41,12.48,645364,8419676.00
2024/01/29,12.61,12.71,12.13,12.20,585500,7496171.00
2024/01/30,12.30,12.31,11.61,11.75,1181311,14723798.00
2024/01/31,11.63,11.72,10.95,10.95,1951396,22824840.00
2024/02/01,11.06,11.07,10.46,10.68,1591748,17870764.00
2024/02/02,10.58,10.90,9.83,10.16,1566978,16895464.00
2024/02/05,10.06,10.06,8.71,9.05,2405678,23800864.00
2024/02/06,8.78,9.49,8.43,9.33,1988201,18547820.00
2024/02/07,9.31,9.32,8.92,9.14,1618003,15596721.00
2024/02/08,9.12,10.23,9.04,10.18,1669796,17092252.00
2024/02/19,10.33,10.59,10.32,10.55,1399758,15365841.00
2024/02/20,10.61,10.61,10.32,10.42,835071,9103958.00
2024/02/21,10.32,10.80,10.26,10.59,1154625,12813059.00
2024/02/22,10.64,10.71,10.43,10.57,1615506,17802620.00
2024/02/23,10.52,10.68,10.45,10.65,1637573,18093276.00
2024/02/26,10.71,11.17,10.70,10.97,1649676,18831512.00
2024/02/27,10.95,11.27,10.80,11.26,1051895,12211119.00
2024/02/28,11.26,11.47,10.41,10.50,2048997,23364214.00
2024/02/29,10.50,10.72,10.30,10.68,1592528,17616020.00
2024/03/01,10.70,10.76,10.56,10.75,1332239,14872833.00
2024/03/04,10.75,10.86,10.60,10.70,996852,11175044.00
2024/03/05,10.75,10.75,10.41,10.48,821086,9052396.00
2024/03/06,10.41,10.59,10.39,10.54,912652,10026254.00
2024/03/07,10.59,10.78,10.57,10.61,1051977,11757079.00
2024/03/08,10.66,10.69,10.52,10.57,295670,3275205.00
2024/03/11,10.61,10.79,10.48,10.79,652846,7303504.00
2024/03/12,10.79,10.99,10.73,10.97,861434,9786449.00
2024/03/13,10.99,11.03,10.86,10.97,638411,7305283.00
2024/03/14,10.97,11.03,10.79,10.93,526382,6026743.00
2024/03/15,10.93,11.18,10.72,11.15,676584,7821207.00
2024/03/18,11.22,11.29,11.08,11.29,1070075,12517697.00
2024/03/19,11.24,11.31,11.17,11.20,403915,4738550.00
2024/03/20,11.19,11.36,11.14,11.34,665767,7836119.00
2024/03/21,11.38,11.39,11.15,11.30,810724,9555758.00
2024/03/22,11.32,11.34,11.06,11.18,792533,9262603.00
2024/03/25,11.07,11.19,10.89,10.90,600628,6946528.00
2024/03/26,10.85,10.99,10.75,10.87,579256,6583926.00
2024/03/27,10.99,10.99,10.50,10.50,786933,8843506.00
2024/03/28,10.48,10.85,10.47,10.66,788057,8820603.00
2024/03/29,10.66,11.06,10.63,11.02,1037105,11803031.00
2024/04/01,11.01,11.20,10.95,11.15,771617,8951295.00
2024/04/02,11.15,11.33,11.09,11.27,834149,9795188.00
2024/04/03,11.31,11.35,11.15,11.30,905190,10622055.00
2024/04/08,11.25,11.29,10.98,10.98,799162,9271242.00
2024/04/09,10.96,11.18,10.91,11.18,483876,5597838.00
2024/04/10,11.14,11.17,10.73,10.76,761325,8677041.00
2024/04/11,10.74,11.15,10.67,10.97,868381,10008332.00
2024/04/12,10.98,11.04,10.71,10.78,493678,5613293.00
2024/04/15,10.78,11.00,10.21,10.26,1150714,12593381.00
2024/04/16,10.26,10.26,9.42,9.45,1430823,14520366.00
2024/04/17,9.66,10.34,9.66,10.14,1094312,11485482.00
2024/04/18,10.04,10.20,9.91,9.93,890860,9378346.00
2024/04/19,9.85,10.02,9.79,9.82,669037,6939697.00
2024/04/22,9.82,10.02,9.63,9.79,577619,5956406.00
2024/04/23,9.86,10.00,9.77,9.89,760693,7900701.00
2024/04/24,9.89,10.05,9.84,10.04,670351,7025728.00
2024/04/25,10.05,10.29,9.93,10.16,684966,7315218.00
2024/04/26,10.17,10.55,10.11,10.51,1127455,12289924.00
2024/04/29,10.62,11.22,10.29,11.10,2122632,23982728.00
2024/04/30,11.12,11.12,10.76,10.78,1218025,13835310.00
2024/05/06,10.93,11.16,10.88,11.15,1524747,17613694.00
2024/05/07,11.10,11.21,11.05,11.14,865080,10049555.00
2024/05/08,11.16,11.20,11.03,11.12,1084598,12611211.00
2024/05/09,11.11,11.34,11.02,11.29,973679,11463584.00
2024/05/10,11.29,11.31,11.19,11.28,772392,9083463.00
2024/05/13,11.24,11.42,11.14,11.31,854138,10074210.00
2024/05/14,11.42,11.42,11.22,11.29,617878,7296196.00
2024/05/15,11.29,11.32,11.05,11.17,540454,6346613.00
2024/05/16,11.23,11.40,11.16,11.21,633975,7480350.00
2024/05/17,11.26,11.40,11.18,11.40,564348,6664355.00
2024/05/20,11.40,11.63,11.40,11.62,1006825,12140092.00
2024/05/21,11.66,11.66,11.22,11.25,1013978,12013876.00
2024/05/22,11.27,11.38,11.22,11.24,497593,5858271.00
2024/05/23,11.25,11.25,10.91,10.93,872942,10050053.00
2024/05/24,10.93,11.10,10.86,10.90,418158,4798570.00
2024/05/27,11.06,11.13,10.88,11.05,781849,8963252.00
2024/05/28,11.05,11.10,10.81,10.83,569484,6498954.00
2024/05/29,10.83,10.99,10.80,10.89,527217,6013395.00
2024/05/30,10.83,10.96,10.78,10.83,498529,5655357.00
2024/05/31,10.79,10.89,10.79,10.81,455544,5160916.00
2024/06/03,10.80,10.81,10.33,10.43,1096887,12089769.00
2024/06/04,10.43,10.43,10.10,10.21,836943,8947211.00
2024/06/05,10.20,10.21,9.75,9.80,1428616,14917041.00
2024/06/06,9.85,9.92,9.34,9.43,2000952,19994268.00
2024/06/07,9.49,9.71,9.45,9.57,1074832,10831398.00
2024/06/11,9.61,9.65,9.38,9.56,786801,7876504.00
2024/06/12,9.56,9.75,9.54,9.67,890536,9058569.00
2024/06/13,9.73,9.80,9.56,9.74,798691,8134022.00
2024/06/14,9.68,9.81,9.68,9.76,483779,4949742.00
2024/06/17,9.79,9.79,9.67,9.67,474353,4840789.00
2024/06/18,9.74,9.79,9.62,9.72,625769,6383406.00
2024/06/19,9.75,9.81,9.68,9.69,481898,4928303.00
2024/06/20,9.67,9.88,9.61,9.80,1202646,12351259.00
2024/06/21,9.75,9.83,9.51,9.52,1072031,10879643.00
2024/06/24,9.51,9.57,9.09,9.11,1305144,12747870.00
2024/06/25,9.11,9.28,9.10,9.17,562637,5442762.00
2024/06/26,9.19,9.44,9.10,9.40,593203,5815815.00
2024/06/27,9.40,9.48,9.26,9.29,462381,4549677.00
2024/06/28,9.29,9.45,9.25,9.31,599787,5906568.00
2024/07/01,9.32,9.35,9.15,9.30,548073,5348456.00
2024/07/02,9.24,9.39,9.24,9.28,465975,4570310.00
2024/07/03,9.31,9.36,9.22,9.24,441099,4312200.00
2024/07/04,9.27,9.30,9.01,9.01,576124,5542410.00
2024/07/05,8.99,9.15,8.95,9.13,405795,3877497.00
2024/07/08,9.11,9.11,8.86,8.89,477199,4508955.00
2024/07/09,8.84,9.12,8.77,9.07,934762,8831460.00
2024/07/10,9.06,9.17,8.89,9.05,425955,4071335.00
2024/07/11,9.17,9.61,9.13,9.51,1252069,12327856.00
2024/07/12,9.40,9.54,9.31,9.47,960596,9538053.00
2024/07/15,9.45,9.45,9.18,9.18,432367,4221426.00
2024/07/16,9.20,9.23,9.07,9.18,338476,3263637.00
2024/07/17,9.27,9.41,9.22,9.31,743654,7299829.00
2024/07/18,9.30,9.41,9.17,9.39,447457,4386999.00
2024/07/19,9.32,9.65,9.32,9.64,949320,9556486.00
2024/07/22,9.56,9.69,9.48,9.50,642772,6438333.00
2024/07/23,9.53,9.67,9.53,9.56,1239451,12512291.00
2024/07/24,9.49,9.50,9.26,9.39,1312315,12270002.00
2024/07/25,9.30,9.65,9.30,9.49,443912,4209944.00
2024/07/26,9.60,9.62,9.45,9.58,623478,5944128.00
2024/07/29,9.65,9.65,9.39,9.41,366006,3472388.00
2024/07/30,9.45,9.52,9.39,9.48,307346,2908723.00
2024/07/31,9.53,9.75,9.45,9.73,723412,6993782.00
2024/08/01,9.74,9.83,9.66,9.71,534822,5193761.00
2024/08/02,9.65,9.76,9.58,9.61,444691,4299411.00
2024/08/05,9.57,9.71,9.38,9.38,516731,4902491.00
2024/08/06,9.44,9.53,9.36,9.47,377132,3565342.00
2024/08/07,9.42,9.52,9.38,9.42,236889,2237320.00
2024/08/08,9.41,9.43,9.27,9.37,362644,3387899.00
2024/08/09,9.37,9.48,9.36,9.39,311113,2929620.00
2024/08/12,9.50,9.56,9.44,9.51,441001,4194723.00
2024/08/13,9.51,9.66,9.36,9.66,567950,5445341.00
2024/08/14,9.66,9.70,9.57,9.62,328740,3168521.00
2024/08/15,9.68,9.68,9.53,9.55,578170,5551263.00
2024/08/16,9.56,9.56,9.42,9.47,308809,2927325.00
2024/08/19,9.51,9.55,9.41,9.44,334056,3167233.00
2024/08/20,9.39,9.42,9.27,9.32,383274,3571056.00
2024/08/21,9.32,9.37,9.27,9.31,338441,3149651.00
2024/08/22,9.25,9.36,9.17,9.20,397194,3666994.00
2024/08/23,9.19,9.21,9.03,9.09,398370,3625309.00
2024/08/26,9.03,9.25,9.03,9.11,387155,3535980.00
2024/08/27,9.05,9.11,8.97,9.02,415499,3748954.00
2024/08/28,9.01,9.06,8.90,8.97,380433,3414606.00
2024/08/29,8.92,9.18,8.92,9.10,592034,5377243.00
2024/08/30,9.10,9.46,9.09,9.35,807737,7524330.00
2024/09/02,9.37,9.59,9.36,9.44,969822,9216405.00
2024/09/03,9.48,9.53,9.38,9.47,370088,3507322.00
2024/09/04,9.40,9.51,9.34,9.37,338920,3196756.00
2024/09/05,9.47,9.49,9.38,9.45,175958,1663024.00
2024/09/06,9.39,9.49,9.30,9.30,385809,3620963.00
2024/09/09,9.30,9.43,9.23,9.40,481187,4501293.00
2024/09/10,9.32,9.51,9.29,9.50,354210,3324251.00
2024/09/11,9.38,9.52,9.36,9.42,194357,1832299.00
2024/09/12,9.49,9.49,9.38,9.40,166293,1566657.00
2024/09/13,9.46,9.46,9.23,9.23,302333,2809903.00
2024/09/18,9.25,9.28,9.03,9.13,231003,2106719.00
2024/09/19,9.15,9.39,9.13,9.32,269011,2497078.00
2024/09/20,9.33,9.34,9.22,9.30,202317,1876218.00
2024/09/23,9.29,9.35,9.22,9.31,222681,2070725.00
2024/09/24,9.29,9.62,9.29,9.57,861035,8164388.00
2024/09/25,9.66,9.90,9.66,9.72,925832,9069983.00
2024/09/26,9.71,9.97,9.68,9.96,1010788,9935778.00
2024/09/27,10.10,10.41,10.03,10.37,1145558,11696448.00
2024/09/30,10.70,11.74,10.60,11.58,3898258,43754896.00
2024/10/08,13.56,13.56,11.81,12.53,5835858,74034136.00
2024/10/09,12.42,12.42,11.61,11.84,3816057,46130416.00
2024/10/10,12.09,12.10,11.60,11.80,2002380,23780728.00
2024/10/11,11.73,11.79,11.03,11.14,1647131,18707688.00
2024/10/14,11.38,11.47,10.99,11.40,1225776,13796165.00
2024/10/15,11.32,11.43,11.15,11.15,667236,7545744.00
2024/10/16,11.13,11.24,11.04,11.07,657426,7319341.00
2024/10/17,11.23,11.35,11.08,11.08,735563,8253925.00
2024/10/18,11.10,11.55,11.00,11.43,1386952,15639100.00
2024/10/21,11.60,11.68,11.44,11.52,1713016,19789912.00
2024/10/22,11.42,11.60,11.42,11.50,944474,10868300.00
2024/10/23,11.58,11.67,11.45,11.52,1128753,13061300.00
2024/10/24,11.49,11.55,11.37,11.52,651082,7478964.00
2024/10/25,11.41,11.73,11.41,11.67,1710841,19901696.00
2024/10/28,11.61,11.93,11.61,11.91,2154751,25360514.00
2024/10/29,11.91,12.01,11.52,11.53,1641800,19282968.00
2024/10/30,11.59,11.64,11.31,11.43,966977,11082981.00
2024/10/31,11.45,11.90,11.45,11.75,1846676,21778540.00
2024/11/01,11.75,11.82,11.33,11.36,1855374,21313170.00
2024/11/04,11.45,11.53,11.36,11.52,764234,8774857.00
2024/11/05,11.46,11.78,11.46,11.70,1552114,18083942.00
2024/11/06,11.73,11.84,11.65,11.69,1791098,21058170.00
2024/11/07,11.70,12.08,11.58,12.07,3047472,36375696.00
2024/11/08,12.15,12.88,11.99,12.34,5553213,68829080.00
2024/11/11,12.50,12.65,12.36,12.63,3141298,39323552.00
2024/11/12,12.75,12.75,11.95,12.28,4187003,51590920.00
2024/11/13,12.40,12.43,12.05,12.18,2370422,28930978.00
2024/11/14,12.16,12.23,11.91,11.93,1819412,21932392.00
2024/11/15,11.93,12.03,11.60,11.66,3100468,36553720.00
2024/11/18,11.69,11.88,11.41,11.48,2093698,24340420.00
2024/11/19,11.49,11.65,11.42,11.64,1654204,19078392.00
2024/11/20,11.66,11.85,11.62,11.84,1903533,22350874.00
2024/11/21,11.84,12.04,11.77,11.98,2158832,25824584.00
2024/11/22,12.01,12.03,11.57,11.59,2448635,28839860.00
数据来源:通达信
