001270 铖昌科技 日线 前复权
      日期	    开盘	    最高	    最低	    收盘	    成交量	    成交额
2022/06/06,13.95,16.80,13.95,16.80,594922,18478654.00
2022/06/07,18.52,18.52,18.52,18.52,98323,3376411.75
2022/06/08,20.40,20.40,20.40,20.40,115013,4344041.00
2022/06/09,22.48,22.48,22.48,22.48,189589,7877423.00
2022/06/10,24.76,24.76,24.76,24.76,300936,13755785.00
2022/06/13,27.27,27.27,27.27,27.27,790921,39767508.00
2022/06/14,30.04,30.04,30.04,30.04,288441,15953672.00
2022/06/15,33.08,33.08,33.08,33.08,124897,7598733.50
2022/06/16,36.42,36.42,36.42,36.42,162858,10898457.00
2022/06/17,40.09,40.09,40.09,40.09,427810,31491094.00
2022/06/20,44.14,44.14,44.14,44.14,7775101,629549952.00
2022/06/21,46.90,48.59,45.74,48.59,12472186,1085504000.00
2022/06/22,48.59,53.48,46.91,51.03,18052846,1672091392.00
2022/06/23,54.32,56.17,54.12,56.17,5623295,570984640.00
2022/06/24,58.24,61.82,57.89,58.38,10330377,1127767040.00
2022/06/27,58.50,62.99,58.45,62.62,8957583,1002126400.00
2022/06/28,61.25,62.18,57.40,60.63,9833469,1078096000.00
2022/06/29,60.64,61.18,54.53,54.59,9795770,1001048192.00
2022/06/30,54.65,56.18,53.50,55.25,6388293,644466752.00
2022/07/01,54.59,60.81,53.54,60.81,7715060,818753536.00
2022/07/04,60.64,60.64,54.70,54.70,8704357,896609408.00
2022/07/05,53.51,54.51,49.19,50.58,8258086,779106240.00
2022/07/06,49.68,52.21,49.05,50.88,5042250,471054848.00
2022/07/07,50.41,51.85,48.49,50.91,4703238,432560352.00
2022/07/08,50.91,52.80,49.86,50.25,4674876,437602080.00
2022/07/11,49.73,50.74,45.53,46.50,7417888,643513536.00
2022/07/12,46.52,49.83,46.52,48.15,5630159,496146464.00
2022/07/13,47.43,47.43,45.41,46.35,4384847,371782656.00
2022/07/14,45.43,47.66,45.28,46.95,3529470,302952448.00
2022/07/15,46.90,51.68,46.35,49.59,7101177,653439104.00
2022/07/18,49.59,51.55,49.37,51.24,4901985,454356000.00
2022/07/19,51.19,56.40,50.51,56.40,5112973,508161984.00
2022/07/20,57.34,62.08,56.80,62.08,8059437,882086592.00
2022/07/21,60.91,62.73,59.54,62.20,5431427,609206848.00
2022/07/22,61.47,65.08,58.32,59.54,5913725,659668608.00
2022/07/25,58.77,65.53,58.77,64.95,7393572,862506944.00
2022/07/26,63.38,63.93,61.19,62.84,5478277,627102592.00
2022/07/27,62.89,65.03,61.46,64.59,4136452,479457536.00
2022/07/28,64.76,67.83,60.82,61.19,5788190,677573376.00
2022/07/29,60.61,62.84,59.54,60.19,3695701,415192480.00
2022/08/01,58.32,62.56,58.32,61.74,3194235,357664960.00
2022/08/02,61.46,63.93,58.76,59.90,3731538,418088832.00
2022/08/03,60.22,65.92,60.22,65.92,5960581,702793856.00
2022/08/04,66.68,66.68,61.52,63.71,6543884,762424960.00
2022/08/05,63.38,70.12,63.38,70.12,6654575,829411072.00
2022/08/08,71.08,71.63,66.06,70.52,6346167,793944192.00
2022/08/09,69.36,69.42,66.49,67.94,4651379,574772480.00
2022/08/10,67.23,69.34,65.21,65.36,4348918,533752032.00
2022/08/11,65.58,66.63,63.38,66.14,3839946,457044512.00
2022/08/12,65.13,65.43,60.16,60.98,4747215,542909568.00
2022/08/15,60.64,62.84,58.98,62.40,3400523,381885376.00
2022/08/16,62.29,62.83,61.19,61.75,2060169,233014224.00
2022/08/17,61.35,62.37,60.25,61.64,1920755,215799744.00
2022/08/18,61.63,65.66,60.70,65.56,4372859,511911872.00
2022/08/19,64.97,66.41,59.17,59.86,4445606,506827264.00
2022/08/22,58.99,58.99,55.14,57.52,3386065,353378016.00
2022/08/23,57.37,58.16,56.13,56.79,2489014,258658048.00
2022/08/24,56.79,57.23,52.96,53.93,2737451,276326304.00
2022/08/25,54.16,56.18,53.93,54.55,2256097,227262208.00
2022/08/26,54.36,56.76,53.45,54.24,2469500,248514016.00
2022/08/29,53.49,56.26,52.96,56.01,2388702,243145824.00
2022/08/30,56.21,58.99,54.87,58.63,3621276,378765536.00
2022/08/31,58.99,59.73,55.69,56.90,2744979,288401312.00
2022/09/01,56.25,57.99,54.20,54.42,2195584,224981072.00
2022/09/02,53.51,59.90,53.51,58.75,5202808,554284096.00
2022/09/05,60.30,62.24,57.07,59.32,5812613,635590848.00
2022/09/06,57.94,60.08,56.54,59.37,3688279,395866016.00
2022/09/07,58.44,62.40,58.32,59.59,3824868,426859776.00
2022/09/08,60.14,65.59,58.65,64.25,5571287,636424128.00
2022/09/09,63.93,65.08,61.80,63.49,2992610,347519168.00
2022/09/13,63.50,64.57,61.74,63.45,2205459,255155328.00
2022/09/14,62.21,66.19,61.78,66.13,3531380,418083008.00
2022/09/15,65.62,65.85,60.03,61.38,3455062,396191168.00
2022/09/16,61.18,64.81,60.64,62.89,3509341,405870592.00
2022/09/19,62.75,63.74,59.53,61.02,2573884,289236992.00
2022/09/20,60.86,62.80,59.87,62.29,2240340,252833760.00
2022/09/21,61.73,62.32,60.27,60.75,1624894,181778896.00
2022/09/22,60.64,63.75,60.36,62.35,2333394,267606912.00
2022/09/23,61.74,62.82,58.71,60.96,2424418,268757280.00
2022/09/26,60.74,61.40,59.26,60.21,1603629,176569488.00
2022/09/27,60.23,61.90,59.92,60.79,1733668,193008112.00
2022/09/28,60.42,60.51,55.08,55.08,3292903,343758112.00
2022/09/29,55.08,58.25,54.59,57.07,2332366,242196272.00
2022/09/30,56.42,57.50,53.93,54.54,1987121,199910816.00
2022/10/10,54.16,54.59,51.08,51.47,1509252,143959392.00
2022/10/11,51.29,52.65,50.25,51.68,1057413,100125056.00
2022/10/12,51.68,55.63,51.30,55.55,1793168,174563584.00
2022/10/13,55.68,60.30,54.59,58.88,3368777,361132128.00
2022/10/14,58.26,59.35,56.79,58.00,1864797,197317552.00
2022/10/17,57.11,61.25,57.11,61.14,2817909,308913536.00
2022/10/18,60.64,61.72,59.20,60.97,1658694,184049024.00
2022/10/19,60.91,63.22,59.98,61.38,2236772,253034272.00
2022/10/20,60.82,64.48,60.09,62.58,2512962,288847424.00
2022/10/21,62.01,63.48,61.70,62.87,1756787,201053888.00
2022/10/24,63.36,68.63,62.93,65.87,3003668,360621344.00
2022/10/25,65.03,71.01,64.84,68.87,3388802,426905152.00
2022/10/26,68.33,70.68,66.68,70.26,2596581,328723520.00
2022/10/27,69.85,69.87,67.77,68.49,2162235,271736352.00
2022/10/28,69.15,71.63,66.96,67.23,2280277,287511712.00
2022/10/31,65.86,71.81,65.86,70.71,3967389,509285056.00
2022/11/01,72.18,73.15,69.50,70.97,3256840,422650304.00
2022/11/02,70.09,70.68,67.01,68.20,3364429,421303552.00
2022/11/03,67.18,69.52,67.05,69.31,2314809,291472992.00
2022/11/04,68.88,71.68,66.96,71.01,2850015,363119616.00
2022/11/07,70.82,71.96,66.19,67.21,3270241,406584928.00
2022/11/08,67.21,67.62,65.40,65.61,2104697,254509984.00
2022/11/09,66.45,67.34,63.67,65.91,2165735,261408896.00
2022/11/10,65.14,66.34,62.84,63.11,2029197,237865568.00
2022/11/11,64.76,66.32,63.44,63.99,2268287,269404800.00
2022/11/14,63.66,64.31,61.90,62.80,1614970,186277248.00
2022/11/15,62.56,66.41,62.56,66.07,2745296,328606816.00
2022/11/16,65.58,67.51,63.98,64.14,2552790,307166080.00
2022/11/17,63.60,69.13,61.74,68.27,3601188,432764384.00
2022/11/18,68.03,71.07,66.68,66.95,3167138,398617216.00
2022/11/21,65.99,68.36,65.29,67.65,1999844,245274352.00
2022/11/22,67.51,69.84,66.37,68.38,2035464,254758976.00
2022/11/23,67.92,68.41,63.48,66.06,2098656,251880304.00
2022/11/24,66.63,67.01,64.39,65.06,1258151,150860320.00
2022/11/25,65.69,66.09,63.14,63.96,1367369,160850880.00
2022/11/28,62.90,64.70,61.86,63.05,1465100,168742976.00
2022/11/29,63.04,63.54,62.03,62.62,1308129,150360032.00
2022/11/30,62.45,62.79,59.81,60.63,1924600,213592800.00
2022/12/01,61.08,62.56,60.41,61.87,1521407,172069280.00
2022/12/02,61.86,63.88,60.97,63.02,1670507,192161040.00
2022/12/05,63.14,63.45,61.38,63.14,1405084,160688784.00
2022/12/06,62.84,64.18,62.48,62.82,1110978,128336728.00
2022/12/07,62.04,63.86,61.19,61.74,1501427,171115504.00
2022/12/08,61.40,61.67,60.09,60.17,1232623,137203936.00
2022/12/09,60.36,60.36,58.82,59.43,1219816,132452184.00
2022/12/12,59.41,63.93,58.71,63.04,2327454,264062448.00
2022/12/13,62.33,64.46,60.83,61.01,1619168,184851328.00
2022/12/14,62.22,63.64,62.00,62.45,1748531,201330272.00
2022/12/15,61.24,63.63,60.23,61.90,1350915,153725568.00
2022/12/16,61.57,61.57,60.09,60.53,899337,99714632.00
2022/12/19,61.19,61.27,59.29,59.43,601862,66247004.00
2022/12/20,59.01,60.24,58.99,59.34,445521,48578356.00
2022/12/21,59.04,59.52,56.72,57.98,1103456,116945312.00
2022/12/22,57.88,58.00,56.24,56.35,579904,60658424.00
2022/12/23,56.24,56.53,55.25,55.75,494845,50524460.00
2022/12/26,55.75,61.36,55.14,61.36,1662522,180979536.00
2022/12/27,62.26,65.08,61.35,64.48,2318111,268567456.00
2022/12/28,65.57,66.13,64.48,65.61,1931599,231381760.00
2022/12/29,65.69,68.60,65.22,66.13,1452888,176364944.00
2022/12/30,66.57,67.23,65.24,66.68,1313440,158956160.00
2023/01/03,67.23,67.89,66.24,67.41,1350838,165888256.00
2023/01/04,67.17,69.04,67.17,68.38,1164626,145310832.00
2023/01/05,67.99,68.60,67.47,68.11,1006290,125231944.00
2023/01/06,67.62,68.98,67.56,68.05,1147622,142965248.00
2023/01/09,68.06,68.33,66.23,66.86,1248190,152817376.00
2023/01/10,67.31,67.31,66.14,66.40,889905,108510224.00
2023/01/11,66.31,66.84,63.50,63.71,1418078,167603216.00
2023/01/12,64.21,64.26,62.77,62.80,837151,96908512.00
2023/01/13,63.05,63.05,59.43,60.25,1747205,193497168.00
2023/01/16,60.23,61.02,59.56,60.51,1136093,125708624.00
2023/01/17,60.58,62.58,60.52,60.77,1556517,174976080.00
2023/01/18,61.12,61.45,59.94,61.30,1016289,112726072.00
2023/01/19,61.63,64.63,60.91,64.21,2031384,234081984.00
2023/01/20,64.01,64.01,61.85,62.99,1504142,172805232.00
2023/01/30,63.54,63.91,62.22,62.87,1322935,151866960.00
2023/01/31,62.61,62.88,61.29,62.07,1167646,132391416.00
2023/02/01,62.07,64.04,61.68,63.65,1310747,151610208.00
2023/02/02,63.82,64.79,63.17,63.94,1455109,170613488.00
2023/02/03,63.86,65.09,63.33,64.66,1289425,151475872.00
2023/02/06,64.66,65.45,62.84,62.88,1068931,124638840.00
2023/02/07,62.84,69.20,62.35,69.20,2825719,344255552.00
2023/02/08,69.98,70.52,66.68,67.47,3257967,408031584.00
2023/02/09,67.45,70.57,66.16,70.16,2867763,360236864.00
2023/02/10,69.47,76.02,69.47,73.34,3507432,472129920.00
2023/02/13,74.38,75.41,72.74,73.26,2518138,340927264.00
2023/02/14,73.45,74.10,71.44,71.90,1612604,213254048.00
2023/02/15,72.11,73.93,70.88,73.58,2059963,273145536.00
2023/02/16,73.27,73.27,69.04,69.54,2092606,271937984.00
2023/02/17,69.71,70.25,67.78,68.12,1342534,168814576.00
2023/02/20,68.57,69.70,67.61,68.99,1078901,135292976.00
2023/02/21,68.60,71.35,68.33,69.45,1355601,172324496.00
2023/02/22,70.66,76.43,69.76,76.43,3439910,463739776.00
2023/02/23,78.12,82.05,77.12,79.04,5900424,857454912.00
2023/02/24,78.22,79.03,76.46,76.91,3275526,463847968.00
2023/02/27,76.93,79.01,76.54,78.22,3063732,436420832.00
2023/02/28,77.62,79.62,76.85,78.98,2525392,361870720.00
2023/03/01,78.82,81.44,78.33,80.90,2898911,424280480.00
2023/03/02,82.62,89.02,80.31,83.16,5617313,864371008.00
2023/03/03,80.97,81.52,77.45,78.16,3537115,508896640.00
2023/03/06,78.58,78.91,74.68,75.39,3941547,551502848.00
2023/03/07,75.20,76.34,73.88,74.92,2324672,319511328.00
2023/03/08,74.37,77.38,73.99,77.19,2527776,352513920.00
2023/03/09,75.80,77.21,75.08,76.28,1716459,238581936.00
2023/03/10,75.47,76.29,73.90,75.68,1422164,195678352.00
2023/03/13,75.47,75.47,73.04,73.86,1820763,245800032.00
2023/03/14,73.82,78.85,72.99,77.40,3338828,466424256.00
2023/03/15,76.12,76.74,74.96,75.16,1782458,246626528.00
2023/03/16,74.54,77.95,74.15,75.37,1930512,269196192.00
2023/03/17,75.97,76.18,69.16,70.48,3945034,520575072.00
2023/03/20,69.43,69.43,65.40,65.42,3748347,454561760.00
2023/03/21,65.55,66.94,65.41,65.90,2043427,247100976.00
2023/03/22,65.91,65.91,64.09,65.29,2003585,237513168.00
2023/03/23,64.48,68.88,63.76,68.79,3116348,380810720.00
2023/03/24,68.43,68.60,66.25,66.52,1884234,231163216.00
2023/03/27,66.52,70.25,66.15,69.72,2562892,322456128.00
2023/03/28,69.17,70.23,68.33,68.96,1401083,177410224.00
2023/03/29,67.18,67.23,62.34,64.14,3505062,409336128.00
2023/03/30,63.25,64.37,63.19,63.74,1488520,173540512.00
2023/03/31,63.93,64.32,62.84,62.91,1817370,210577168.00
2023/04/03,62.29,67.23,61.75,65.59,2984087,354826944.00
2023/04/04,65.52,68.38,65.14,66.64,2416555,296522624.00
2023/04/06,65.58,69.43,65.04,68.35,2181901,271777216.00
2023/04/07,68.81,68.87,67.23,67.85,1551589,193072624.00
2023/04/10,67.73,68.19,65.14,65.46,2147621,260303120.00
2023/04/11,65.55,68.56,64.95,67.20,1830029,224181120.00
2023/04/12,66.87,66.96,65.63,66.28,1134059,137177440.00
2023/04/13,66.24,66.25,64.47,64.85,1103435,131667888.00
2023/04/14,65.03,66.96,64.68,66.12,1401865,169467056.00
2023/04/17,67.41,72.76,67.34,72.76,2738787,358646048.00
2023/04/18,73.82,73.83,69.90,72.89,3361522,443220960.00
2023/04/19,72.93,73.99,71.57,72.41,2023459,268978560.00
2023/04/20,73.41,74.20,71.90,72.96,1952335,259963392.00
2023/04/21,72.96,76.40,70.03,70.19,2942297,394569824.00
2023/04/24,69.98,70.09,66.45,67.60,1887446,234847712.00
2023/04/25,67.59,67.89,64.15,64.76,1673518,201040048.00
2023/04/26,64.48,66.60,63.46,65.25,1180962,140784816.00
2023/04/27,66.00,66.55,64.03,66.28,1636966,195883040.00
2023/04/28,66.20,67.01,65.59,66.71,1051383,128039552.00
2023/05/04,66.13,67.76,65.13,66.76,902142,110142928.00
2023/05/05,66.12,67.23,64.26,64.48,1342300,159667504.00
2023/05/08,64.97,67.45,64.76,65.79,1272723,154316304.00
2023/05/09,65.08,67.78,64.55,66.68,1436287,174665136.00
2023/05/10,66.60,66.60,65.26,66.03,710154,85335336.00
2023/05/11,66.23,67.23,65.36,66.97,776128,94056896.00
2023/05/12,67.29,69.23,66.76,66.92,1205181,106075464.00
2023/05/15,66.77,70.37,66.00,69.39,1965395,175309200.00
2023/05/16,69.37,69.67,67.82,68.58,1202374,107409960.00
2023/05/17,68.62,69.65,68.00,68.65,1312409,117735368.00
2023/05/18,68.38,70.88,67.38,67.58,1921479,172359616.00
2023/05/19,66.58,67.18,63.78,65.35,2020778,171828080.00
2023/05/22,64.71,65.74,62.16,63.43,1973439,162758464.00
2023/05/23,63.31,63.66,62.23,62.23,1015940,83239728.00
2023/05/24,61.83,63.99,61.75,63.37,1083994,88918984.00
2023/05/25,63.23,64.15,62.21,62.71,1048989,86219464.00
2023/05/26,62.68,63.35,61.92,63.00,741243,60713576.00
2023/05/29,62.92,63.98,62.92,63.46,809800,66927124.00
2023/05/30,62.70,62.92,57.22,58.97,2689653,207720992.00
2023/05/31,58.31,58.92,57.00,58.26,1565324,118218536.00
2023/06/01,57.70,60.52,57.31,59.90,1818736,140426896.00
2023/06/02,59.91,61.06,58.18,60.34,1324177,103188272.00
2023/06/05,60.37,62.75,59.71,60.11,1809121,144120096.00
2023/06/06,59.84,60.02,58.31,58.52,1154682,88868504.00
2023/06/07,58.52,62.32,57.92,61.15,2484529,194331728.00
2023/06/08,61.15,61.90,60.25,60.39,1371634,109067560.00
2023/06/09,60.62,60.62,58.92,59.08,1569671,121616224.00
2023/06/12,58.78,59.92,57.86,57.87,1713631,131057576.00
2023/06/13,57.85,58.03,56.78,57.31,1660636,123951872.00
2023/06/14,57.22,59.54,56.84,59.51,1882380,143295664.00
2023/06/15,59.50,59.66,57.73,58.49,1341204,102239312.00
2023/06/16,58.55,64.35,58.32,63.52,5101820,415533984.00
2023/06/19,62.92,65.52,62.23,64.33,3244027,270105632.00
2023/06/20,64.29,67.35,64.01,66.55,3228037,277284064.00
2023/06/21,66.77,67.30,65.32,65.42,2093362,179971488.00
2023/06/26,64.92,67.00,63.54,65.13,1933220,164325696.00
2023/06/27,65.50,66.06,64.08,65.23,1421054,120356536.00
2023/06/28,65.05,65.62,63.45,64.20,1106201,92691136.00
2023/06/29,64.10,67.38,63.78,67.08,2652131,228640048.00
2023/06/30,66.92,68.15,65.78,67.00,1998598,174495120.00
2023/07/03,68.98,71.93,67.00,68.53,3304847,298104512.00
2023/07/04,68.77,72.15,68.38,71.22,3117860,285463520.00
2023/07/05,74.46,75.68,71.54,72.58,4678112,450398496.00
2023/07/06,71.83,73.83,71.15,71.29,2388315,224253584.00
2023/07/07,70.87,71.49,68.78,68.99,2241154,202920928.00
2023/07/10,71.19,75.91,68.62,75.91,6792114,645757184.00
2023/07/11,74.99,79.50,74.97,78.08,6084428,615494848.00
2023/07/12,78.46,79.08,73.92,74.08,4168682,410582048.00
2023/07/13,74.76,75.84,74.00,74.87,2804802,273840576.00
2023/07/14,74.77,75.61,72.62,73.28,3185371,305782688.00
2023/07/17,72.92,72.95,70.37,70.67,2490215,231516320.00
2023/07/18,70.66,72.42,70.08,71.40,2727548,253711376.00
2023/07/19,71.22,71.22,68.45,69.45,2343540,212318400.00
2023/07/20,69.23,69.65,66.41,66.57,2554033,225056832.00
2023/07/21,66.50,67.15,64.74,65.23,1615575,138508336.00
2023/07/24,65.55,66.38,64.92,65.69,1366220,117281216.00
2023/07/25,65.94,66.66,64.48,65.30,1702428,144721504.00
2023/07/26,65.42,66.23,64.49,65.08,1744149,148746512.00
2023/07/27,65.04,65.46,63.42,63.58,1451708,121372056.00
2023/07/28,63.68,64.56,63.08,64.21,1281879,106875712.00
2023/07/31,64.15,66.23,63.54,65.74,1777625,151473504.00
2023/08/01,65.96,66.00,64.46,64.80,1159551,98180648.00
2023/08/02,64.78,65.22,64.05,65.11,850630,71639168.00
2023/08/03,64.98,66.13,64.47,65.58,944129,80587960.00
2023/08/04,65.22,67.40,65.11,66.82,1579471,136547952.00
2023/08/07,66.82,68.69,66.38,67.26,1381948,121101720.00
2023/08/08,67.18,67.38,64.92,65.34,1280692,110444408.00
2023/08/09,64.98,67.04,64.77,66.73,1317971,113546120.00
2023/08/10,66.78,69.74,66.15,69.05,2272449,202414512.00
2023/08/11,69.00,69.00,66.77,66.97,1353320,119479720.00
2023/08/14,66.77,66.77,60.62,64.08,2849739,234283024.00
2023/08/15,63.69,64.31,61.54,61.95,1557778,127006432.00
2023/08/16,61.64,62.63,61.46,61.95,691796,55861880.00
2023/08/17,61.62,66.76,61.62,64.58,1805617,151154192.00
2023/08/18,64.71,65.07,62.54,62.54,885200,73676104.00
2023/08/21,62.54,63.98,61.15,61.22,1172616,94891904.00
2023/08/22,61.18,62.35,60.00,61.93,1189192,94993056.00
2023/08/23,61.66,61.89,60.67,60.92,719000,57270176.00
2023/08/24,60.92,62.43,60.62,61.67,1264851,101552880.00
2023/08/25,61.05,62.46,59.68,59.68,1285962,101712600.00
2023/08/28,62.92,62.92,54.46,55.83,3024051,227457968.00
2023/08/29,55.85,60.12,55.83,59.85,2608472,198156480.00
2023/08/30,60.62,65.85,60.62,65.85,4990563,418863840.00
2023/08/31,65.85,67.29,65.18,66.68,3995263,346305728.00
2023/09/01,65.95,67.29,65.23,66.46,1734229,149541648.00
2023/09/04,67.15,70.62,66.02,69.88,4611927,412048768.00
2023/09/05,69.73,71.36,68.69,69.22,3281901,297964384.00
2023/09/06,69.22,69.74,67.98,69.15,3229929,289275872.00
2023/09/07,69.68,73.69,68.31,69.79,6019830,556744320.00
2023/09/08,69.68,73.54,69.42,72.82,4927324,460663968.00
2023/09/11,71.82,71.82,68.21,68.99,5325759,481084864.00
2023/09/12,69.07,70.19,68.57,69.12,2758654,249861952.00
2023/09/13,69.08,69.08,67.08,67.82,1988610,175934112.00
2023/09/14,67.82,68.31,66.95,67.35,1414400,124406968.00
2023/09/15,67.82,67.92,66.00,66.87,1838114,159934176.00
2023/09/18,66.54,66.54,64.08,64.52,2839491,239732880.00
2023/09/19,64.31,64.31,62.43,62.48,1929906,158143792.00
2023/09/20,62.61,63.00,61.38,61.85,1324068,106995640.00
2023/09/21,61.98,63.08,61.13,61.56,1358700,109667256.00
2023/09/22,61.78,62.77,61.06,62.65,1983977,159985504.00
2023/09/25,62.61,63.02,61.46,62.55,1531640,124791528.00
2023/09/26,62.42,62.43,61.12,61.70,1541887,123888768.00
2023/09/27,61.62,62.77,61.24,61.67,1656633,133621616.00
2023/09/28,61.75,64.06,61.67,63.55,2257879,185432688.00
2023/10/09,64.54,64.69,62.62,63.61,1474389,122612128.00
2023/10/10,63.36,64.20,63.15,63.88,1226230,101891712.00
2023/10/11,63.87,65.69,62.70,64.78,2237900,188061152.00
2023/10/12,65.08,65.77,61.31,62.71,3089500,253339024.00
2023/10/13,62.27,63.45,61.15,61.23,2405235,194354560.00
2023/10/16,61.35,61.53,59.42,60.31,2224843,174048368.00
2023/10/17,60.35,62.58,59.08,61.54,2451872,194670384.00
2023/10/18,61.40,61.66,59.46,59.67,1913934,150479600.00
2023/10/19,59.10,65.65,59.08,65.65,8279743,695292608.00
2023/10/20,65.23,65.91,61.38,61.39,6238390,517476320.00
2023/10/23,61.44,67.55,61.39,67.55,8224261,708566016.00
2023/10/24,69.08,69.76,65.23,65.54,9236303,804734656.00
2023/10/25,65.83,68.22,65.69,66.15,6108791,530621792.00
2023/10/26,64.97,69.45,63.70,68.17,7764187,680173056.00
2023/10/27,66.75,68.69,64.70,66.99,6919409,596672640.00
2023/10/30,66.00,70.23,65.88,69.08,6946773,620230656.00
2023/10/31,68.77,70.54,67.15,67.81,4788040,425746112.00
2023/11/01,66.77,67.65,65.63,66.12,3299198,284806400.00
2023/11/02,66.12,66.12,61.92,62.77,4242182,351848288.00
2023/11/03,62.15,65.01,62.15,64.25,2844935,237071120.00
2023/11/06,63.85,67.30,63.85,66.74,4001054,343606336.00
2023/11/07,66.69,67.48,65.78,66.91,3033536,263205360.00
2023/11/08,66.85,66.86,65.02,65.99,3772350,323492160.00
2023/11/09,65.62,66.38,64.69,65.17,2163367,184132144.00
2023/11/10,65.15,68.13,64.38,66.08,4722798,409035392.00
2023/11/13,66.09,68.39,64.88,67.67,6176628,542047424.00
2023/11/14,68.31,69.07,67.15,67.91,5621467,498652928.00
2023/11/15,68.19,68.21,65.74,67.37,5247298,456733344.00
2023/11/16,67.15,67.76,66.39,66.91,3191593,278668512.00
2023/11/17,66.40,67.94,65.46,67.85,4042377,352457952.00
2023/11/20,67.20,68.22,65.69,68.05,5157677,450428640.00
2023/11/21,68.06,69.23,65.38,65.58,5836116,506782048.00
2023/11/22,65.23,65.77,62.62,62.73,4055595,336400224.00
2023/11/23,62.45,63.76,62.45,63.60,2081045,171581232.00
2023/11/24,63.78,63.98,60.62,60.87,3415133,273586528.00
2023/11/27,60.62,61.77,60.54,61.59,1959545,156956016.00
2023/11/28,62.15,62.15,61.14,61.78,1771324,142249472.00
2023/11/29,61.72,62.29,61.39,61.78,1745694,140842752.00
2023/11/30,61.62,61.75,60.02,61.42,1939786,154194144.00
2023/12/01,61.31,61.77,60.77,61.62,1626246,129847592.00
2023/12/04,61.49,62.28,61.14,61.72,1766769,142360912.00
2023/12/05,61.38,61.42,58.73,58.90,2961206,230118464.00
2023/12/06,59.08,59.98,58.69,58.94,1800118,138795968.00
2023/12/07,58.92,59.58,58.32,59.45,1908731,147322544.00
2023/12/08,59.46,61.15,59.19,59.56,3663254,287169824.00
2023/12/11,59.16,60.16,58.59,59.77,2728700,211790656.00
2023/12/12,59.81,60.23,58.73,59.15,2298959,177635952.00
2023/12/13,59.07,60.23,58.69,58.71,2163794,167356192.00
2023/12/14,58.82,59.20,55.62,56.38,4005807,296518944.00
2023/12/15,56.31,56.38,54.97,55.21,2105038,152074944.00
2023/12/18,54.98,54.98,52.07,52.32,3446575,239324336.00
2023/12/19,52.22,52.60,49.85,50.72,3642355,241710192.00
2023/12/20,50.62,50.85,47.63,47.65,4423496,281109536.00
2023/12/21,47.15,49.69,47.14,48.12,4368924,276327648.00
2023/12/22,48.11,48.77,46.02,47.58,3061682,190558176.00
2023/12/25,47.55,48.51,47.15,47.33,2290747,142594192.00
2023/12/26,47.11,47.32,45.28,45.80,3284213,196683200.00
2023/12/27,45.69,46.32,45.42,46.24,2174225,130241544.00
2023/12/28,46.46,49.27,46.25,48.62,4697232,293804480.00
2023/12/29,48.73,49.08,47.85,48.08,3412792,215201728.00
2024/01/02,48.50,50.58,48.08,49.50,5225648,337694528.00
2024/01/03,49.15,49.15,47.65,48.47,2720029,171465104.00
2024/01/04,48.32,48.77,47.62,48.00,1835904,115445288.00
2024/01/05,48.05,48.47,46.45,46.82,2314220,142658560.00
2024/01/08,46.82,46.91,45.24,45.37,1763599,105608824.00
2024/01/09,45.47,46.15,44.13,44.50,2767284,162083664.00
2024/01/10,44.64,44.65,43.31,43.32,2592101,148352512.00
2024/01/11,43.48,44.58,43.18,44.22,2966461,170030704.00
2024/01/12,43.92,45.51,43.48,44.77,3810689,221503520.00
2024/01/15,44.21,44.72,43.27,43.94,2734165,156798400.00
2024/01/16,43.84,43.88,42.48,43.25,2782330,156445440.00
2024/01/17,43.05,43.22,41.40,41.42,2265780,124518032.00
2024/01/18,41.11,42.14,40.28,41.98,2625097,141071072.00
2024/01/19,41.68,42.39,40.94,41.00,1559996,84637272.00
2024/01/22,40.90,41.26,37.85,38.31,2479141,128076400.00
2024/01/23,37.74,39.19,37.74,39.02,2406124,121811848.00
2024/01/24,39.31,39.35,37.38,38.92,2445365,122379384.00
2024/01/25,39.00,40.77,38.70,40.40,2758239,143860960.00
2024/01/26,40.31,40.40,38.78,38.85,2127419,109825384.00
2024/01/29,39.21,40.22,37.89,37.89,1982132,100256560.00
2024/01/30,37.85,38.42,36.52,36.55,1884660,92203552.00
2024/01/31,36.59,36.90,34.34,34.43,2650374,122645560.00
2024/02/01,34.29,34.81,33.31,34.08,2583668,115068432.00
2024/02/02,34.25,34.73,30.75,31.77,3634826,154088960.00
2024/02/05,31.65,31.67,28.58,28.58,4200719,161371696.00
2024/02/06,26.63,30.61,26.61,30.18,5583730,208074032.00
2024/02/07,30.18,33.22,29.89,32.28,5432506,229777696.00
2024/02/08,32.28,35.45,32.28,35.17,6898776,308181888.00
2024/02/19,35.62,36.00,34.35,35.13,5205577,236596464.00
2024/02/20,34.94,36.13,34.33,35.85,4367372,201490208.00
2024/02/21,35.75,37.37,35.08,36.20,4568906,217195744.00
2024/02/22,35.92,37.45,35.78,37.35,3219976,155054400.00
2024/02/23,37.54,39.21,36.98,38.93,4393320,217655376.00
2024/02/26,38.54,40.69,38.06,39.75,5351098,276908352.00
2024/02/27,40.62,43.68,40.35,43.12,8119133,444328576.00
2024/02/28,42.91,43.47,38.79,38.79,8686614,470495872.00
2024/02/29,38.39,41.03,38.35,41.02,5213530,273411104.00
2024/03/01,41.45,42.83,41.39,42.70,6439338,354881216.00
2024/03/04,43.14,44.53,42.42,42.95,5475766,309496768.00
2024/03/05,42.25,43.60,42.15,42.46,4454394,249607296.00
2024/03/06,42.46,43.32,41.38,42.78,4227293,233684640.00
2024/03/07,42.81,43.15,41.15,41.17,3391560,186127024.00
2024/03/08,41.08,42.66,40.62,42.47,3568455,194680976.00
2024/03/11,42.04,42.83,41.69,42.65,2708257,149828864.00
2024/03/12,42.41,45.37,42.36,44.69,6488074,373464064.00
2024/03/13,44.68,46.77,43.83,45.66,6872023,406643392.00
2024/03/14,45.50,45.98,43.69,44.61,4175876,243781616.00
2024/03/15,44.99,45.18,43.88,44.98,3188769,185279808.00
2024/03/18,45.00,45.83,44.70,45.38,3661377,215821504.00
2024/03/19,45.38,47.40,45.00,46.34,4830977,292824544.00
2024/03/20,46.50,49.06,46.50,47.79,5083051,316389856.00
2024/03/21,47.72,47.74,46.12,46.32,4501287,274468896.00
2024/03/22,46.32,46.67,44.51,45.15,3982003,236365392.00
2024/03/25,45.24,45.29,43.25,43.33,2833565,164078160.00
2024/03/26,43.46,43.91,42.21,42.48,2741748,153507936.00
2024/03/27,42.33,42.37,40.08,40.09,2768650,148566112.00
2024/03/28,39.88,44.01,39.88,43.08,4499228,248107536.00
2024/03/29,42.92,43.79,41.45,43.20,2960907,164300960.00
2024/04/01,43.04,45.11,43.01,44.92,3914028,226132752.00
2024/04/02,44.96,44.96,43.16,43.92,3087176,176854096.00
2024/04/03,43.61,44.31,42.91,43.35,2236560,127063624.00
2024/04/08,42.92,43.14,41.31,41.33,2457070,134804288.00
2024/04/09,41.33,41.95,40.68,41.15,1763541,94667328.00
2024/04/10,41.00,41.00,38.76,39.45,2360270,121725744.00
2024/04/11,38.92,39.73,38.52,38.75,2156530,109711752.00
2024/04/12,38.76,40.19,38.25,39.16,2470835,126105104.00
2024/04/15,39.13,39.85,37.14,37.94,3136551,156426992.00
2024/04/16,37.28,38.15,34.92,35.07,3364141,157813120.00
2024/04/17,35.88,37.45,35.88,37.41,3025184,145381584.00
2024/04/18,37.36,38.19,36.29,37.20,2528156,122840896.00
2024/04/19,36.77,37.76,36.19,37.06,2386798,115070424.00
2024/04/22,35.32,37.01,34.14,36.54,2872807,135469168.00
2024/04/23,36.64,37.88,36.54,37.27,2713430,131927336.00
2024/04/24,37.12,38.54,37.08,38.46,2490500,123735624.00
2024/04/25,38.41,39.28,38.32,38.69,1971343,100016616.00
2024/04/26,38.65,39.60,38.57,39.05,2569165,131421296.00
2024/04/29,39.00,41.19,38.86,40.80,2753235,145119216.00
2024/04/30,40.80,40.99,39.64,40.35,2375985,124557712.00
2024/05/06,40.83,41.48,40.62,41.11,2294075,123106704.00
2024/05/07,41.22,45.22,40.56,43.65,9570467,416948480.00
2024/05/08,43.82,45.02,42.74,42.99,8670235,379861024.00
2024/05/09,42.89,43.35,42.53,42.99,4550072,195453120.00
2024/05/10,43.00,43.19,41.40,41.52,4216622,177179952.00
2024/05/13,41.39,41.39,39.71,39.88,3662753,147042000.00
2024/05/14,40.21,40.67,39.30,39.40,2329612,92851120.00
2024/05/15,39.30,40.37,38.50,39.15,2357600,93265704.00
2024/05/16,39.15,39.99,38.70,38.86,2161409,84830568.00
2024/05/17,39.00,39.71,38.26,39.42,2693616,105308240.00
2024/05/20,39.35,41.56,38.87,41.35,5578520,226988752.00
2024/05/21,41.38,42.14,39.95,41.00,5438944,221714992.00
2024/05/22,40.74,42.00,40.02,41.42,4232582,174264608.00
2024/05/23,41.39,41.49,40.21,40.29,3020262,123097504.00
2024/05/24,40.12,40.29,38.71,38.76,2899196,114089176.00
2024/05/27,38.77,38.90,37.08,38.90,3180127,120100648.00
2024/05/28,38.91,40.87,38.20,39.81,3884882,155180704.00
2024/05/29,41.38,42.38,39.00,39.18,4540842,183796432.00
2024/05/30,38.50,41.43,38.02,40.61,6654192,267397888.00
2024/05/31,40.55,42.50,40.21,41.84,7284510,302539744.00
2024/06/03,42.00,43.41,41.67,41.90,8636555,366300192.00
2024/06/04,41.48,42.58,40.75,41.20,5434955,224563984.00
2024/06/05,41.00,43.33,40.85,41.45,7726413,327005056.00
2024/06/06,41.20,41.68,39.00,39.11,6495629,260883264.00
2024/06/07,39.25,39.80,38.30,38.60,3507677,136476528.00
2024/06/11,38.58,41.43,37.47,41.10,5718770,228448224.00
2024/06/12,40.89,41.57,40.55,40.71,2931084,120016392.00
2024/06/13,40.58,41.80,40.20,41.03,4574038,187978736.00
2024/06/14,40.60,40.90,39.75,40.19,3096011,124160432.00
2024/06/17,39.92,40.85,39.67,40.20,2697798,108892736.00
2024/06/18,40.55,42.35,40.22,41.92,5968356,247984832.00
2024/06/19,41.69,42.17,40.60,40.75,4764189,196337360.00
2024/06/20,40.16,41.26,39.19,39.19,5057662,202928160.00
2024/06/21,39.00,39.50,38.13,38.95,2855889,110740720.00
2024/06/24,39.34,39.71,37.10,37.22,3858879,147478832.00
2024/06/25,37.24,37.60,35.35,35.86,3515976,127402128.00
2024/06/26,36.10,37.49,35.15,37.48,3422675,125030912.00
2024/06/27,37.13,37.57,36.42,36.46,2181532,80657536.00
2024/06/28,36.23,37.62,36.20,36.72,2944227,109065920.00
2024/07/01,36.73,36.80,34.83,35.40,3524454,124948624.00
2024/07/02,35.26,35.45,34.57,34.63,2440602,85197488.00
2024/07/03,34.71,34.87,33.78,34.21,2211980,75846880.00
2024/07/04,34.20,34.39,32.68,32.85,2835964,94541336.00
2024/07/05,32.78,32.78,31.99,32.18,2485400,80229512.00
2024/07/08,32.50,32.53,31.00,31.16,2223790,70021544.00
2024/07/09,31.25,31.90,30.60,31.66,3311891,103774528.00
2024/07/10,31.66,32.08,30.97,31.31,2603344,82306296.00
2024/07/11,31.50,31.75,30.50,30.70,4726684,146095328.00
2024/07/12,30.90,30.90,30.03,30.06,2868014,86552832.00
2024/07/15,30.40,31.75,30.06,30.38,4606008,141738128.00
2024/07/16,29.89,30.36,29.67,30.24,3611369,108186720.00
2024/07/17,30.30,30.39,29.53,29.57,2519340,75018240.00
2024/07/18,29.31,30.13,28.67,29.77,3053594,89390824.00
2024/07/19,29.87,32.38,29.50,31.66,6098117,190788752.00
2024/07/22,31.46,33.38,31.43,32.83,5413026,176683312.00
2024/07/23,32.52,32.95,31.60,31.65,3322448,107241592.00
2024/07/24,31.54,32.61,31.32,31.66,3718562,118524064.00
2024/07/25,31.66,32.80,31.49,32.45,4696218,151670160.00
2024/07/26,32.55,35.05,32.30,34.42,8798264,297549024.00
2024/07/29,35.04,36.02,34.51,34.76,7748922,271725024.00
2024/07/30,34.56,35.81,34.00,35.02,6856219,239417456.00
2024/07/31,34.70,35.85,34.40,35.82,7355877,258997568.00
2024/08/01,35.50,37.15,35.50,37.05,7180286,262949904.00
2024/08/02,36.31,37.20,35.43,35.43,6589946,238642208.00
2024/08/05,35.09,36.20,34.00,34.08,5369778,187925424.00
2024/08/06,34.43,35.32,34.05,34.60,4027809,139729072.00
2024/08/07,34.68,38.06,34.68,38.06,16095704,602236224.00
2024/08/08,38.06,38.30,34.66,34.78,15319401,551758528.00
2024/08/09,34.90,36.09,33.70,33.70,8663775,301368032.00
2024/08/12,32.83,33.13,32.05,32.59,5519790,179762560.00
2024/08/13,32.58,33.25,32.20,32.77,3448800,112631632.00
2024/08/14,32.88,32.99,32.15,32.15,2447524,79547768.00
2024/08/15,31.90,32.75,31.40,31.95,3669852,117655792.00
2024/08/16,32.88,32.90,31.36,31.41,3500320,111625736.00
2024/08/19,31.03,31.57,30.81,31.40,2627920,82232336.00
2024/08/20,31.40,31.96,30.74,30.81,2517937,78469752.00
2024/08/21,30.62,31.18,30.46,30.61,1820804,55942056.00
2024/08/22,30.59,31.47,30.21,30.26,3051524,93856960.00
2024/08/23,30.08,30.42,29.68,29.68,2400117,71756328.00
2024/08/26,29.84,30.10,29.44,29.52,2084614,61976344.00
2024/08/27,29.36,29.79,28.86,28.91,1806471,52503292.00
2024/08/28,28.69,29.05,28.50,28.60,1638826,47074852.00
2024/08/29,28.51,29.69,28.40,29.42,2648121,77168392.00
2024/08/30,29.40,30.40,29.24,29.97,3789626,113739608.00
2024/09/02,30.00,30.00,28.61,28.65,2773248,81200432.00
2024/09/03,28.61,29.04,28.40,28.99,2348723,67558512.00
2024/09/04,28.66,29.79,28.60,29.46,2822028,82772008.00
2024/09/05,29.40,30.14,29.28,29.52,2403879,71261024.00
2024/09/06,29.55,29.68,28.51,28.54,2388300,69096856.00
2024/09/09,28.51,28.66,27.75,27.95,2284649,64250252.00
2024/09/10,27.90,28.55,27.51,28.35,2216588,62112084.00
2024/09/11,28.23,28.38,27.86,28.06,1529660,42958604.00
2024/09/12,28.20,28.48,27.72,27.78,1869000,52592468.00
2024/09/13,27.78,28.09,27.01,27.01,1815634,49648280.00
2024/09/18,27.28,27.49,26.47,26.87,1498886,40165148.00
2024/09/19,27.11,27.81,26.82,27.55,1962468,53759336.00
2024/09/20,27.55,27.88,27.20,27.51,1834214,50409768.00
2024/09/23,27.45,28.32,27.15,27.80,2622894,73155192.00
2024/09/24,27.90,28.55,27.24,28.54,3624651,101733576.00
2024/09/25,28.84,29.40,28.70,28.89,3677077,106780632.00
2024/09/26,28.88,29.78,28.63,29.78,4111531,120191288.00
2024/09/27,30.45,32.59,30.37,32.33,6095673,191711152.00
2024/09/30,34.00,35.56,33.33,35.56,8575207,299156640.00
2024/10/08,39.12,39.12,37.80,39.12,9589567,373005728.00
2024/10/09,39.12,41.94,37.22,38.79,12645301,501708064.00
2024/10/10,39.30,39.84,36.87,37.16,7358250,279764672.00
2024/10/11,36.30,36.98,33.99,34.36,5140054,180628304.00
2024/10/14,34.88,37.66,34.78,37.20,7615484,276069088.00
2024/10/15,37.10,38.22,36.27,36.55,5709547,213343936.00
2024/10/16,36.00,36.80,35.56,36.11,3359739,121522896.00
2024/10/17,36.60,38.36,36.27,37.08,6851909,255647808.00
2024/10/18,37.12,40.45,36.48,39.59,9537878,369207584.00
2024/10/21,40.09,41.69,39.88,40.31,10244435,416289312.00
2024/10/22,39.88,41.82,39.06,40.98,10376231,422771584.00
2024/10/23,40.48,45.00,40.18,42.65,13837382,602502784.00
2024/10/24,42.71,42.71,40.02,40.23,8608216,351241696.00
2024/10/25,40.27,41.32,40.25,40.95,5618384,229281104.00
2024/10/28,40.95,42.17,40.76,41.48,5122277,211679936.00
2024/10/29,41.75,45.49,41.30,43.29,12528006,547404800.00
2024/10/30,43.40,43.50,41.93,42.47,5786948,246465264.00
2024/10/31,42.32,44.36,41.38,43.73,6403075,275300352.00
2024/11/01,43.30,43.72,40.20,40.42,7155185,296833568.00
2024/11/04,40.40,44.46,40.25,44.46,8036365,345541696.00
2024/11/05,44.47,47.52,44.47,46.26,11589959,533263936.00
2024/11/06,46.88,49.92,45.35,48.89,14678675,703092608.00
2024/11/07,48.01,51.25,47.45,48.90,9245215,452186496.00
2024/11/08,48.90,53.70,48.90,51.92,12038642,627090752.00
2024/11/11,54.28,54.78,50.90,51.93,11182360,584781760.00
2024/11/12,51.70,52.29,48.89,49.43,9218260,464883200.00
2024/11/13,48.95,50.15,47.56,49.22,5456122,266219568.00
2024/11/14,49.90,49.98,47.51,47.76,4673040,226055072.00
2024/11/15,47.50,47.98,44.41,44.44,7858577,359031392.00
2024/11/18,44.40,45.23,42.20,43.80,5033831,220261536.00
2024/11/19,43.80,45.80,43.80,45.48,4495965,201265392.00
2024/11/20,45.20,46.91,44.98,46.40,4613592,213111376.00
2024/11/21,46.53,47.53,45.25,45.66,3725642,171792240.00
2024/11/22,45.28,46.56,43.66,43.87,4156661,188079024.00
数据来源:通达信
