002998 优彩资源 日线 前复权
      日期	    开盘	    最高	    最低	    收盘	    成交量	    成交额
2020/09/25,6.72,8.12,6.72,8.12,415926,3491440.00
2020/09/28,8.96,8.96,8.96,8.96,175991,1629676.63
2020/09/29,9.89,9.89,9.89,9.89,5397110,54996552.00
2020/09/30,10.90,10.91,8.97,9.55,37354754,365240352.00
2020/10/09,9.35,10.54,9.05,10.54,30540887,303254176.00
2020/10/12,10.30,11.62,10.25,11.62,30334574,344588000.00
2020/10/13,11.50,11.50,10.80,11.04,30717915,350115008.00
2020/10/14,10.95,11.28,10.74,10.77,22708978,255250912.00
2020/10/15,10.88,10.88,10.21,10.25,17957511,191565312.00
2020/10/16,10.14,10.34,9.99,10.22,10887652,114039592.00
2020/10/19,10.30,10.48,10.12,10.26,12742391,135059152.00
2020/10/20,10.10,10.63,9.90,10.36,13784618,145566080.00
2020/10/21,10.33,10.54,10.20,10.21,12573664,134116160.00
2020/10/22,10.12,10.68,9.98,10.33,14284539,152195072.00
2020/10/23,10.40,10.47,9.72,9.75,15580725,160815376.00
2020/10/26,9.71,9.82,9.46,9.57,8282962,82358992.00
2020/10/27,9.50,9.64,9.34,9.44,7576234,73999456.00
2020/10/28,9.46,9.48,9.27,9.40,5855583,56567200.00
2020/10/29,9.26,9.41,9.22,9.30,4952250,47641820.00
2020/10/30,9.30,9.31,8.76,8.76,8759234,81843792.00
2020/11/02,8.73,8.85,8.55,8.70,6618903,59352024.00
2020/11/03,8.76,9.07,8.70,9.01,6241699,57507364.00
2020/11/04,9.05,9.30,8.81,9.10,7858782,73359128.00
2020/11/05,9.12,9.29,9.07,9.23,7640212,72347056.00
2020/11/06,9.19,9.22,8.97,9.11,6984544,65555256.00
2020/11/09,9.16,10.05,9.16,10.05,24872475,250543840.00
2020/11/10,9.90,10.30,9.72,9.86,17606125,180381168.00
2020/11/11,9.79,10.32,9.79,10.30,21939928,228450992.00
2020/11/12,10.14,10.50,9.98,10.21,17250368,181358320.00
2020/11/13,9.91,10.62,9.68,10.49,21703467,228572944.00
2020/11/16,10.42,11.20,10.25,10.88,27830057,307336480.00
2020/11/17,10.58,10.90,10.24,10.28,20483862,220412544.00
2020/11/18,10.28,10.95,10.22,10.86,23631307,258273920.00
2020/11/19,10.58,10.73,10.29,10.51,16129698,173816064.00
2020/11/20,10.40,10.41,10.08,10.24,10584339,111311080.00
2020/11/23,10.21,11.29,10.00,10.85,29898106,332128832.00
2020/11/24,10.99,11.97,10.88,11.97,36759808,431292960.00
2020/11/25,11.71,12.00,11.18,11.19,33669436,398821600.00
2020/11/26,11.22,11.45,10.85,11.03,17614378,200883696.00
2020/11/27,10.89,10.93,10.41,10.59,13555082,149043024.00
2020/11/30,10.52,10.82,10.41,10.44,12784600,139623872.00
2020/12/01,10.41,10.70,10.31,10.68,9971636,108163480.00
2020/12/02,10.65,10.69,10.38,10.59,9513331,102999264.00
2020/12/03,10.52,10.58,10.14,10.15,11077079,117138896.00
2020/12/04,10.06,10.32,9.99,10.18,7358016,77134648.00
2020/12/07,10.17,10.38,9.96,10.11,7941661,83186472.00
2020/12/08,10.02,10.16,9.83,9.87,6803369,69987968.00
2020/12/09,9.93,10.03,9.70,9.71,6461574,65945716.00
2020/12/10,9.70,9.84,9.65,9.80,4797191,48205748.00
2020/12/11,9.80,9.84,9.33,9.52,6719708,66179640.00
2020/12/14,9.46,9.75,9.35,9.72,5365158,52823276.00
2020/12/15,9.60,9.71,9.58,9.58,3915656,38914048.00
2020/12/16,9.62,9.62,9.19,9.21,5913671,56835980.00
2020/12/17,9.18,9.38,9.00,9.33,5198678,49458696.00
2020/12/18,9.29,9.39,9.13,9.23,3993335,38293356.00
2020/12/21,9.22,9.28,9.10,9.17,3482571,33051056.00
2020/12/22,9.08,9.30,8.90,8.93,6407272,60238028.00
2020/12/23,8.90,8.98,8.82,8.85,4021011,36962080.00
2020/12/24,8.86,8.87,8.58,8.59,4399573,39622480.00
2020/12/25,8.51,8.85,8.51,8.76,3770465,34117572.00
2020/12/28,8.77,8.82,8.44,8.48,4224078,37549312.00
2020/12/29,8.55,8.76,8.47,8.62,3751540,33485768.00
2020/12/30,8.56,8.80,8.50,8.74,4028197,36176920.00
2020/12/31,8.74,9.18,8.69,8.96,6350291,59006576.00
2021/01/04,8.96,9.06,8.88,8.98,4164239,38644292.00
2021/01/05,8.96,9.02,8.80,9.00,4577377,42115380.00
2021/01/06,8.96,9.07,8.79,8.81,3731190,34273376.00
2021/01/07,8.87,8.87,8.25,8.31,5827532,51290612.00
2021/01/08,8.22,8.42,8.11,8.30,2868762,24627128.00
2021/01/11,8.35,8.43,7.81,7.86,4658123,38593664.00
2021/01/12,7.84,8.05,7.84,7.94,2676064,22068334.00
2021/01/13,8.36,8.46,8.05,8.06,4765727,40613824.00
2021/01/14,7.88,8.09,7.77,7.97,4303932,35469484.00
2021/01/15,7.96,8.40,7.95,8.29,5417166,46319984.00
2021/01/18,8.24,8.48,8.22,8.35,3904458,33840016.00
2021/01/19,8.34,8.56,8.27,8.46,4228894,37108688.00
2021/01/20,8.50,8.60,8.38,8.53,3683835,32435776.00
2021/01/21,8.47,8.57,8.30,8.53,4492874,39422856.00
2021/01/22,8.52,8.52,8.31,8.36,2720900,23584012.00
2021/01/25,8.33,8.41,8.08,8.09,2817106,23894740.00
2021/01/26,8.06,8.47,8.00,8.35,4890989,42115012.00
2021/01/27,8.28,8.89,8.15,8.66,7175334,63636132.00
2021/01/28,8.53,8.76,8.45,8.47,6325706,56277716.00
2021/01/29,8.58,8.58,8.03,8.16,4844895,41367364.00
2021/02/01,8.06,9.01,8.06,8.79,10407705,93333880.00
2021/02/02,8.73,9.05,8.73,8.84,10505092,96712416.00
2021/02/03,8.77,8.88,8.53,8.58,6899003,61950236.00
2021/02/04,8.51,8.81,8.40,8.76,6197735,55298420.00
2021/02/05,8.69,9.05,8.63,8.94,8891463,81686464.00
2021/02/08,9.05,9.12,8.72,8.77,7227045,66425332.00
2021/02/09,8.77,9.09,8.68,9.05,7577993,70005168.00
2021/02/10,9.03,9.94,8.93,9.49,14122968,136620272.00
2021/02/18,9.61,10.06,9.61,10.05,14854903,150171808.00
2021/02/19,9.86,11.09,9.78,11.09,27604275,302504832.00
2021/02/22,11.45,12.23,11.03,12.23,29023031,353392672.00
2021/02/23,12.71,13.48,11.78,13.48,37189870,481636416.00
2021/02/24,13.30,13.37,12.10,12.10,19713198,251239440.00
2021/02/25,11.79,13.34,11.73,13.34,32941454,424402976.00
2021/02/26,13.34,14.70,12.67,14.70,35698671,507010496.00
2021/03/01,15.06,16.20,14.62,16.20,31943060,507621056.00
2021/03/02,16.50,16.50,14.55,14.55,8522600,130232968.00
2021/03/03,13.15,15.38,13.07,13.36,45559960,628958464.00
2021/03/04,13.38,14.73,12.61,14.73,43281641,613335232.00
2021/03/05,14.50,15.05,13.23,13.23,38027865,529403936.00
2021/03/08,12.52,13.08,11.88,12.16,33342468,421191680.00
2021/03/09,11.80,11.88,10.91,10.91,26617027,304923424.00
2021/03/10,10.80,11.32,10.41,11.14,25933367,288538048.00
2021/03/11,10.81,11.48,10.63,11.20,23736092,270595168.00
2021/03/12,11.07,11.58,10.98,11.06,20867708,241035424.00
2021/03/15,10.73,11.39,10.72,11.37,19197648,220000864.00
2021/03/16,11.65,11.85,11.04,11.10,20701710,241325472.00
2021/03/17,10.82,11.26,10.82,11.22,15051587,170124288.00
2021/03/18,11.12,11.89,10.95,11.55,26571401,313281216.00
2021/03/19,11.50,12.28,11.28,12.02,31031978,378649536.00
2021/03/22,11.94,12.25,11.73,11.96,22985168,281721024.00
2021/03/23,11.75,11.77,10.73,10.73,22369244,253036016.00
2021/03/24,10.38,10.48,9.90,10.10,16634941,174394784.00
2021/03/25,10.25,10.40,10.03,10.04,10823453,113568280.00
2021/03/26,9.96,10.26,9.90,10.23,10852872,113199272.00
2021/03/29,10.24,11.16,10.14,10.77,17978258,196039680.00
2021/03/30,10.89,10.89,10.40,10.54,12885316,139712032.00
2021/03/31,10.55,10.77,10.41,10.74,11408730,124818184.00
2021/04/01,10.75,10.80,10.43,10.58,10313530,112188192.00
2021/04/02,10.63,10.85,10.42,10.72,11941642,131152464.00
2021/04/06,10.77,11.13,10.75,10.88,11740337,131723200.00
2021/04/07,10.88,11.60,10.88,11.41,19934716,230796144.00
2021/04/08,11.40,11.65,11.22,11.28,17688100,206969888.00
2021/04/09,11.14,11.37,11.10,11.18,9883353,113878944.00
2021/04/12,11.42,11.52,10.92,10.99,13974353,161156640.00
2021/04/13,11.10,11.10,10.68,10.76,9850777,109770808.00
2021/04/14,10.79,11.87,10.63,11.51,21526806,251916304.00
2021/04/15,11.43,11.76,11.06,11.10,13665971,158678416.00
2021/04/16,11.16,11.79,11.10,11.59,15404531,181912464.00
2021/04/19,11.51,11.93,11.42,11.74,17343758,209006752.00
2021/04/20,11.59,11.86,11.26,11.37,15630200,184352880.00
2021/04/21,11.33,11.45,11.05,11.44,10199700,118075816.00
2021/04/22,11.42,11.44,11.05,11.14,9639397,110723560.00
2021/04/23,11.14,11.15,10.52,10.58,11650546,128722840.00
2021/04/26,10.50,10.74,10.40,10.51,5613763,60965036.00
2021/04/27,10.46,10.52,10.10,10.12,6403047,67245680.00
2021/04/28,10.05,10.23,10.04,10.13,3353399,34966060.00
2021/04/29,10.13,10.80,10.06,10.46,7245390,77612560.00
2021/04/30,10.54,10.56,10.20,10.37,4515700,48065736.00
2021/05/06,10.41,10.63,10.39,10.44,4349064,46910836.00
2021/05/07,10.34,10.62,10.30,10.49,5054800,54320504.00
2021/05/10,10.39,10.48,10.17,10.21,5300516,55935736.00
2021/05/11,10.11,10.16,9.81,9.96,5822104,59634556.00
2021/05/12,9.94,10.20,9.87,10.18,4533913,46816504.00
2021/05/13,10.07,10.17,9.90,9.93,3803704,39246624.00
2021/05/14,9.93,10.05,9.93,9.97,2957372,30415536.00
2021/05/17,9.99,10.06,9.65,9.70,5388910,54056384.00
2021/05/18,9.68,9.68,9.49,9.57,4932722,48574544.00
2021/05/19,9.56,9.62,9.44,9.47,4274516,41876416.00
2021/05/20,9.40,9.75,9.22,9.70,8467654,83077632.00
2021/05/21,9.62,9.77,9.57,9.61,4317376,42852876.00
2021/05/24,9.61,9.66,9.55,9.63,2654543,26301796.00
2021/05/25,9.70,10.62,9.64,10.62,14330995,153657488.00
2021/05/26,10.64,11.26,10.43,10.83,24942249,277210400.00
2021/05/27,10.55,10.87,10.55,10.70,12375923,135364112.00
2021/05/28,10.61,10.95,10.54,10.87,12323567,135925840.00
2021/05/31,10.86,11.65,10.80,11.19,16730381,193228544.00
2021/06/01,11.18,11.19,10.77,11.03,10924558,123056960.00
2021/06/02,10.90,11.12,10.77,10.80,7671367,85693696.00
2021/06/03,10.86,10.92,10.63,10.63,6498011,72018728.00
2021/06/04,10.56,10.77,10.40,10.56,5662911,61472980.00
2021/06/07,10.56,10.84,10.56,10.67,4914606,53930140.00
2021/06/08,10.63,10.63,10.36,10.45,5203186,55892516.00
2021/06/09,10.45,11.04,10.35,10.99,12783395,142311552.00
2021/06/10,10.90,10.96,10.68,10.80,8077786,89495112.00
2021/06/11,10.70,10.94,10.51,10.51,6688839,73558728.00
2021/06/15,10.44,10.44,9.79,9.84,7920118,81394880.00
2021/06/16,9.83,10.21,9.74,9.94,4452424,45312232.00
2021/06/17,9.81,9.90,9.76,9.77,3229347,32641536.00
2021/06/18,9.72,9.89,9.60,9.85,3549791,35678528.00
2021/06/21,9.80,9.98,9.74,9.90,3100433,31629560.00
2021/06/22,9.90,10.20,9.88,10.01,3686800,38114344.00
2021/06/23,9.94,9.99,9.77,9.86,4217000,42791448.00
2021/06/24,9.80,10.00,9.70,9.94,4116600,41908904.00
2021/06/25,10.05,10.30,9.83,10.30,7719657,80690744.00
2021/06/28,10.26,10.28,10.02,10.04,4372470,45407660.00
2021/06/29,10.10,10.14,9.82,9.96,3596558,36988664.00
2021/06/30,9.98,9.98,9.75,9.84,2985744,30261236.00
2021/07/01,9.86,9.94,9.74,9.77,2887900,29163230.00
2021/07/02,9.76,9.84,9.67,9.70,1978116,19820968.00
2021/07/05,9.73,9.82,9.70,9.79,2103200,21146028.00
2021/07/06,9.89,9.97,9.80,9.87,2688700,27392704.00
2021/07/07,9.84,9.98,9.77,9.94,2392736,24415756.00
2021/07/08,9.89,10.06,9.77,9.98,3819842,39050632.00
2021/07/09,9.96,10.19,9.96,10.08,2902960,30100766.00
2021/07/12,10.11,10.21,10.03,10.13,3787513,39435884.00
2021/07/13,10.12,10.67,9.91,10.35,8758040,92884616.00
2021/07/14,10.31,10.88,10.27,10.61,10665393,115860128.00
2021/07/15,10.42,10.93,10.36,10.63,8832913,96602816.00
2021/07/16,10.55,10.55,10.27,10.37,6374558,68027120.00
2021/07/19,10.40,10.62,10.31,10.38,4560647,49003168.00
2021/07/20,10.28,10.30,9.94,10.02,4519855,46726840.00
2021/07/21,10.10,10.12,9.99,10.00,3149720,32556210.00
2021/07/22,10.00,10.45,9.96,10.45,6824393,71708776.00
2021/07/23,10.52,10.55,10.03,10.07,5886154,61897716.00
2021/07/26,10.05,10.20,9.80,9.88,3577244,36790688.00
2021/07/27,9.89,10.08,9.66,9.78,3620916,36691816.00
2021/07/28,9.69,9.74,9.30,9.39,3366658,32983866.00
2021/07/29,9.49,9.65,9.49,9.52,2371558,23381424.00
2021/07/30,9.50,9.54,9.31,9.46,2376653,23076340.00
2021/08/02,9.41,9.76,9.41,9.75,2639600,26232890.00
2021/08/03,9.75,9.89,9.66,9.79,2620300,26322452.00
2021/08/04,9.78,9.83,9.65,9.81,1869053,18784068.00
2021/08/05,9.90,9.90,9.56,9.61,2304313,22978606.00
2021/08/06,9.51,9.65,9.44,9.51,2113700,20705244.00
2021/08/09,9.46,9.73,9.46,9.66,1895000,18817324.00
2021/08/10,9.71,9.80,9.66,9.78,2462800,24728458.00
2021/08/11,9.72,9.82,9.72,9.76,2290211,23042144.00
2021/08/12,9.78,9.91,9.71,9.77,2648800,26748420.00
2021/08/13,9.73,10.10,9.73,10.06,5721000,58790692.00
2021/08/16,10.08,10.08,9.91,9.97,2895100,29755708.00
2021/08/17,9.95,10.07,9.65,9.68,3402600,34599936.00
2021/08/18,9.62,9.92,9.62,9.88,2353400,23801140.00
2021/08/19,9.88,9.93,9.65,9.74,2078000,20861996.00
2021/08/20,9.74,9.74,9.57,9.66,1919200,19075268.00
2021/08/23,9.60,9.85,9.60,9.80,2608722,26290448.00
2021/08/24,9.87,9.94,9.78,9.89,2812500,28585424.00
2021/08/25,9.89,9.99,9.81,9.95,2456500,25121484.00
2021/08/26,9.95,10.39,9.76,10.33,8489000,89018904.00
2021/08/27,10.25,10.59,10.15,10.49,9858665,105845696.00
2021/08/30,10.49,10.49,9.94,9.97,7942435,82615576.00
2021/08/31,9.95,9.95,9.71,9.78,4122727,41629416.00
2021/09/01,9.82,9.90,9.61,9.73,3497758,35075316.00
2021/09/02,9.66,9.78,9.63,9.78,2338852,23462452.00
2021/09/03,9.79,10.46,9.76,10.28,9605224,100667216.00
2021/09/06,10.46,10.46,10.08,10.23,4329282,45406068.00
2021/09/07,10.19,10.39,10.12,10.23,3724458,39248004.00
2021/09/08,10.23,10.53,10.08,10.51,7755170,82806472.00
2021/09/09,10.44,10.44,10.24,10.31,4400576,46738440.00
2021/09/10,10.26,10.31,10.01,10.04,4407006,45942376.00
2021/09/13,10.05,10.33,10.02,10.28,3652754,38409352.00
2021/09/14,10.28,10.28,9.98,9.99,3418100,35505308.00
2021/09/15,9.96,10.11,9.90,10.00,2568606,26449434.00
2021/09/16,9.97,10.31,9.95,10.02,5323822,55696944.00
2021/09/17,9.97,10.00,9.57,9.68,5400903,54156544.00
2021/09/22,9.66,9.80,9.39,9.80,2161179,21505474.00
2021/09/23,9.78,9.78,9.60,9.60,2646600,26390852.00
2021/09/24,9.60,9.60,9.30,9.30,3047513,29613954.00
2021/09/27,9.38,9.39,8.72,8.84,3593400,33169790.00
2021/09/28,8.93,8.93,8.73,8.79,1438458,13076774.00
2021/09/29,8.79,8.95,8.73,8.75,1663996,15201858.00
2021/09/30,8.85,8.90,8.76,8.86,749900,6851225.00
2021/10/08,8.86,8.91,8.80,8.90,1476443,13540564.00
2021/10/11,8.90,9.00,8.82,8.85,1423900,13087022.00
2021/10/12,9.05,9.05,8.76,8.83,1374200,12547237.00
2021/10/13,8.78,8.84,8.75,8.80,895100,8129142.00
2021/10/14,8.80,8.83,8.73,8.76,1089900,9892533.00
2021/10/15,8.76,8.79,8.60,8.61,1152600,10392599.00
2021/10/18,8.58,8.59,8.09,8.31,2630200,22600692.00
2021/10/19,8.33,8.39,8.28,8.31,1120713,9661716.00
2021/10/20,8.34,8.35,8.23,8.29,1043400,8952479.00
2021/10/21,8.32,8.44,8.29,8.41,1725813,14941388.00
2021/10/22,8.48,8.49,8.33,8.33,1103900,9574789.00
2021/10/25,8.33,8.33,8.12,8.15,1517100,12855665.00
2021/10/26,8.18,8.27,8.13,8.24,926200,7863968.00
2021/10/27,8.23,8.45,8.20,8.38,1611058,13845953.00
2021/10/28,8.38,8.47,8.17,8.20,1030101,8714761.00
2021/10/29,8.20,8.43,8.18,8.39,1533646,13102443.00
2021/11/01,8.36,8.50,8.30,8.45,932900,8061892.50
2021/11/02,8.45,8.49,8.21,8.28,1070956,9181660.00
2021/11/03,8.26,8.38,8.26,8.32,828100,7039785.00
2021/11/04,8.31,8.31,8.15,8.24,1735538,14573421.00
2021/11/05,8.20,8.45,8.19,8.31,1742200,14821864.00
2021/11/08,8.31,8.31,8.20,8.25,963000,8138993.00
2021/11/09,8.25,8.32,8.18,8.31,1786573,15081955.00
2021/11/10,8.31,8.52,8.29,8.51,3383638,29207324.00
2021/11/11,8.52,8.54,8.42,8.48,1949538,16905564.00
2021/11/12,8.47,8.52,8.42,8.48,1774800,15408669.00
2021/11/15,8.48,8.64,8.46,8.62,2206800,19351622.00
2021/11/16,8.63,8.64,8.53,8.53,1877900,16467679.00
2021/11/17,8.53,8.59,8.46,8.58,1840700,16067557.00
2021/11/18,8.57,8.84,8.55,8.75,4009901,35896508.00
2021/11/19,8.79,8.83,8.67,8.75,1948000,17378576.00
2021/11/22,8.79,8.79,8.63,8.65,2175600,19318026.00
2021/11/23,8.63,8.67,8.56,8.59,1699001,14950448.00
2021/11/24,8.59,8.70,8.53,8.69,1995169,17628468.00
2021/11/25,8.79,8.79,8.64,8.66,1891500,16818368.00
2021/11/26,8.66,8.68,8.55,8.58,1551600,13658724.00
2021/11/29,8.48,8.52,8.37,8.41,1860300,16065759.00
2021/11/30,8.41,8.60,8.40,8.51,2603100,22634756.00
2021/12/01,8.46,8.90,8.45,8.86,5544501,49780420.00
2021/12/02,8.84,8.84,8.65,8.76,3378598,30203676.00
2021/12/03,8.85,9.11,8.70,9.05,4979926,45589076.00
2021/12/06,9.05,9.12,8.76,8.89,3969500,36067208.00
2021/12/07,8.86,8.90,8.75,8.88,1830700,16483569.00
2021/12/08,9.10,9.11,8.74,8.82,5058238,45960468.00
2021/12/09,8.77,8.80,8.66,8.73,2114614,18874174.00
2021/12/10,8.68,8.81,8.68,8.71,1759616,15713620.00
2021/12/13,8.73,8.75,8.64,8.65,2161029,19213162.00
2021/12/14,8.61,8.74,8.51,8.65,2231285,19622702.00
2021/12/15,8.64,8.68,8.60,8.62,2015998,17808118.00
2021/12/16,8.60,8.62,8.58,8.60,2068736,18195376.00
2021/12/17,8.60,8.62,8.53,8.53,1929900,16921832.00
2021/12/20,8.53,8.53,8.36,8.37,3240500,27896712.00
2021/12/21,8.37,8.57,8.37,8.48,2761800,23913776.00
2021/12/22,8.58,8.65,8.50,8.50,2670798,23404040.00
2021/12/23,8.49,8.52,8.35,8.36,2548221,21935472.00
2021/12/24,8.36,8.40,8.23,8.25,1994800,16939318.00
2021/12/27,8.24,8.38,8.21,8.37,2036058,17357548.00
2021/12/28,8.35,8.43,8.35,8.42,1434800,12332329.00
2021/12/29,8.45,8.60,8.36,8.56,3270374,28457362.00
2021/12/30,8.53,8.54,8.39,8.42,3722816,32212344.00
2021/12/31,8.38,8.47,8.36,8.40,2152796,18512296.00
2022/01/04,8.44,8.55,8.40,8.54,3370753,29329344.00
2022/01/05,8.55,8.57,8.38,8.44,2586900,22382856.00
2022/01/06,8.44,8.57,8.39,8.55,3433974,29978664.00
2022/01/07,8.58,8.63,8.47,8.48,2713100,23725826.00
2022/01/10,8.43,8.59,8.43,8.56,1748258,15274154.00
2022/01/11,8.56,8.67,8.52,8.56,2923253,25695608.00
2022/01/12,8.56,8.70,8.56,8.70,2945500,26097804.00
2022/01/13,8.70,8.72,8.61,8.66,2775453,24572912.00
2022/01/14,8.64,8.67,8.45,8.45,3524738,30907190.00
2022/01/17,8.45,8.67,8.43,8.67,3159953,27837124.00
2022/01/18,8.73,8.73,8.50,8.53,4033953,35285960.00
2022/01/19,8.52,8.64,8.50,8.59,2501696,21943446.00
2022/01/20,8.65,8.65,8.28,8.30,4937321,42441172.00
2022/01/21,8.26,8.45,8.22,8.34,2648900,22521598.00
2022/01/24,8.38,8.39,8.18,8.19,2114400,17799872.00
2022/01/25,8.19,8.19,7.66,7.69,3942700,31884118.00
2022/01/26,7.71,7.82,7.64,7.75,1409600,11175183.00
2022/01/27,7.71,7.78,7.45,7.47,2364460,18304532.00
2022/01/28,7.49,7.72,7.40,7.64,1701817,13226284.00
2022/02/07,7.66,7.96,7.66,7.89,2272258,18323004.00
2022/02/08,7.89,8.11,7.86,8.08,2159407,17782954.00
2022/02/09,8.08,8.14,8.05,8.05,1172958,9706592.00
2022/02/10,8.02,8.06,7.94,7.98,1283458,10508744.00
2022/02/11,7.97,8.00,7.82,7.86,1345900,10879944.00
2022/02/14,7.81,7.93,7.81,7.90,794500,6425628.00
2022/02/15,7.84,7.92,7.83,7.88,766700,6188605.00
2022/02/16,7.87,8.09,7.86,8.06,1455100,11968356.00
2022/02/17,8.07,8.08,7.93,7.95,1169900,9579727.00
2022/02/18,7.96,8.00,7.88,7.99,921221,7505777.50
2022/02/21,7.99,8.23,7.95,8.20,1714200,14223468.00
2022/02/22,8.14,8.15,8.03,8.08,1357600,11231726.00
2022/02/23,8.11,8.20,8.03,8.16,1397234,11676353.00
2022/02/24,8.15,8.19,7.83,7.93,2260600,18558594.00
2022/02/25,7.94,8.08,7.94,8.00,1252029,10274276.00
2022/02/28,7.92,8.02,7.83,7.91,1135358,9193659.00
2022/03/01,7.89,8.01,7.89,7.95,648229,5274662.50
2022/03/02,7.96,8.22,7.91,8.14,2145329,17789548.00
2022/03/03,8.14,8.27,8.12,8.21,3367300,28285360.00
2022/03/04,8.14,8.22,8.10,8.11,1357900,11341097.00
2022/03/07,8.07,8.15,7.98,8.01,1331000,11014383.00
2022/03/08,8.01,8.02,7.80,7.80,1273206,10294208.00
2022/03/09,7.80,7.94,7.31,7.67,2098200,16494676.00
2022/03/10,7.72,7.95,7.72,7.81,1314400,10597490.00
2022/03/11,7.81,7.87,7.65,7.83,1149500,9126371.00
2022/03/14,7.90,7.90,7.61,7.61,1022500,8140576.00
2022/03/15,7.58,7.61,7.18,7.19,2050731,15612766.00
2022/03/16,7.31,7.44,7.05,7.37,1568400,11704726.00
2022/03/17,7.43,7.52,7.41,7.48,1230900,9439657.00
2022/03/18,7.46,7.61,7.42,7.60,1007200,7808575.00
2022/03/21,7.60,7.73,7.58,7.69,818600,6429295.00
2022/03/22,7.67,7.74,7.62,7.72,707405,5572061.00
2022/03/23,7.74,7.76,7.66,7.66,539000,4258584.00
2022/03/24,7.66,7.66,7.51,7.61,1040000,8083431.00
2022/03/25,7.59,7.75,7.59,7.68,904531,7133901.50
2022/03/28,7.68,7.74,7.50,7.66,810100,6335627.00
2022/03/29,7.62,7.73,7.51,7.57,580100,4523286.00
2022/03/30,7.55,7.67,7.50,7.61,762700,5938879.00
2022/03/31,7.61,7.90,7.55,7.69,1773600,14107513.00
2022/04/01,7.66,7.74,7.58,7.71,1152326,9020303.00
2022/04/06,7.69,7.90,7.67,7.77,1645800,13181091.00
2022/04/07,7.73,7.79,7.61,7.61,1507500,11911300.00
2022/04/08,7.68,7.68,7.43,7.51,1406659,10846173.00
2022/04/11,7.65,7.79,7.33,7.37,2417658,18726688.00
2022/04/12,7.36,7.56,7.18,7.52,2016943,15324682.00
2022/04/13,7.49,7.51,7.36,7.37,1256726,9582093.00
2022/04/14,7.37,7.40,7.18,7.36,2001500,15035097.00
2022/04/15,7.32,7.32,7.10,7.12,1488100,10995520.00
2022/04/18,7.11,7.26,6.91,7.20,1119900,8190797.00
2022/04/19,7.17,7.32,7.17,7.22,901400,6714311.00
2022/04/20,7.22,7.31,7.13,7.14,852000,6324108.00
2022/04/21,7.13,7.26,6.89,6.90,2497858,17987064.00
2022/04/22,6.97,7.18,6.82,7.05,2147700,15535847.00
2022/04/25,6.88,7.13,6.51,6.56,2625466,18512584.00
2022/04/26,6.58,6.66,6.20,6.33,2269100,15089178.00
2022/04/27,6.14,6.34,5.82,6.19,2790800,17466838.00
2022/04/28,6.21,6.28,6.04,6.14,2130300,13514936.00
2022/04/29,6.15,6.36,6.13,6.31,1845858,11950313.00
2022/05/05,6.28,6.41,6.19,6.33,1556858,10140632.00
2022/05/06,6.12,6.39,6.12,6.37,1857816,12052112.00
2022/05/09,6.32,6.52,6.32,6.49,1432200,9567741.00
2022/05/10,6.37,6.56,6.37,6.53,1089100,7297397.00
2022/05/11,6.54,6.69,6.47,6.52,1205536,8227805.00
2022/05/12,6.49,6.63,6.43,6.51,1085000,7284191.00
2022/05/13,6.52,6.61,6.50,6.56,919800,6212632.00
2022/05/16,6.60,6.65,6.51,6.56,993200,6745256.00
2022/05/17,6.54,6.60,6.48,6.57,970900,6534394.00
2022/05/18,6.58,6.74,6.52,6.71,1328600,9156371.00
2022/05/19,6.68,6.70,6.49,6.69,877600,6001623.00
2022/05/20,6.62,6.87,6.62,6.80,1278700,8903951.00
2022/05/23,6.83,7.02,6.78,7.00,2242300,16052911.00
2022/05/24,7.05,7.09,6.73,6.74,1816584,12906172.00
2022/05/25,6.70,6.91,6.70,6.87,913684,6430354.00
2022/05/26,6.89,6.96,6.74,6.85,1399700,9859784.00
2022/05/27,6.85,6.94,6.82,6.87,1204787,8528842.00
2022/05/30,6.85,6.95,6.82,6.95,1227487,8724066.00
2022/05/31,6.94,6.99,6.87,6.96,1147500,8192380.00
2022/06/01,7.28,7.68,7.15,7.68,18947723,148461152.00
2022/06/02,7.40,7.40,7.06,7.22,18143972,134447040.00
2022/06/06,7.13,7.38,7.10,7.26,10406171,77271384.00
2022/06/07,7.24,7.25,7.03,7.16,7082857,51833436.00
2022/06/08,7.16,7.21,6.93,7.08,5103200,37134680.00
2022/06/09,7.07,7.10,6.94,7.08,2842800,20540162.00
2022/06/10,7.01,7.15,7.00,7.06,3339058,24315642.00
2022/06/13,7.06,7.10,6.99,7.07,2970962,21531040.00
2022/06/14,7.05,7.16,6.97,7.11,5439229,39597656.00
2022/06/15,7.10,7.19,7.05,7.05,4324296,31643358.00
2022/06/16,7.03,7.07,6.98,6.99,3107200,22430520.00
2022/06/17,6.96,6.99,6.85,6.93,2758864,19637706.00
2022/06/20,6.96,7.03,6.91,7.02,2253600,16143682.00
2022/06/21,7.04,7.04,6.88,6.93,2333699,16689272.00
2022/06/22,6.92,6.94,6.72,6.72,3972887,27859162.00
2022/06/23,6.73,6.78,6.67,6.78,1802400,12502402.00
2022/06/24,6.84,6.84,6.77,6.80,1809300,12666562.00
2022/06/27,6.83,7.02,6.82,6.92,3872900,27651312.00
2022/06/28,6.88,7.01,6.88,6.99,3112954,22308922.00
2022/06/29,7.04,7.04,6.87,6.87,2217110,15830351.00
2022/06/30,6.89,6.96,6.87,6.91,2546453,18123772.00
2022/07/01,6.87,6.96,6.85,6.90,1930700,13727995.00
2022/07/04,6.94,6.95,6.87,6.90,1620654,11497726.00
2022/07/05,6.91,6.94,6.81,6.86,1845354,13048691.00
2022/07/06,6.86,6.86,6.63,6.68,3662300,25313606.00
2022/07/07,6.71,6.76,6.68,6.69,1255900,8695424.00
2022/07/08,6.73,6.76,6.68,6.70,1237652,8569658.00
2022/07/11,6.72,6.72,6.58,6.64,2090852,14268959.00
2022/07/12,6.64,6.64,6.51,6.55,1781552,12064887.00
2022/07/13,6.55,6.63,6.52,6.63,1382454,9403692.00
2022/07/14,6.63,6.85,6.58,6.80,3313700,23052652.00
2022/07/15,6.77,6.93,6.61,6.61,3100000,21450732.00
2022/07/18,6.60,6.92,6.57,6.88,4023700,28322986.00
2022/07/19,6.87,6.92,6.83,6.89,2153073,15242170.00
2022/07/20,6.89,6.97,6.86,6.97,2499000,17847376.00
2022/07/21,6.94,7.16,6.92,7.02,4951635,35989936.00
2022/07/22,7.01,7.10,6.93,7.03,2297700,16572122.00
2022/07/25,7.08,7.20,6.98,7.10,3531600,25812772.00
2022/07/26,7.12,7.14,7.01,7.12,2288200,16692686.00
2022/07/27,7.09,7.36,7.09,7.22,3989158,29500550.00
2022/07/28,7.22,7.51,7.15,7.34,5595058,41925664.00
2022/07/29,7.29,7.47,7.22,7.43,5775101,43610192.00
2022/08/01,7.43,7.60,7.38,7.52,5991300,46214596.00
2022/08/02,7.49,7.52,7.20,7.32,4261988,32012986.00
2022/08/03,7.32,7.55,7.19,7.23,4771358,36054460.00
2022/08/04,7.23,7.36,7.22,7.29,2747158,20560760.00
2022/08/05,7.36,7.39,7.17,7.30,2439200,18213844.00
2022/08/08,7.30,7.39,7.20,7.33,2477500,18597344.00
2022/08/09,7.33,7.52,7.25,7.51,4523800,34528992.00
2022/08/10,7.54,7.97,7.50,7.63,14463558,114683888.00
2022/08/11,7.70,7.72,7.49,7.60,5707271,44513696.00
2022/08/12,7.59,7.78,7.52,7.59,8985058,70502272.00
2022/08/15,7.79,8.00,7.47,7.60,9494485,74821352.00
2022/08/16,7.60,7.67,7.46,7.53,4936500,38302720.00
2022/08/17,7.54,7.59,7.44,7.46,3108900,23864272.00
2022/08/18,7.44,7.45,7.22,7.36,4289153,32215770.00
2022/08/19,7.36,7.40,7.22,7.24,2643564,19808760.00
2022/08/22,7.24,7.40,7.13,7.40,2460600,18450926.00
2022/08/23,7.38,7.41,7.26,7.33,2025100,15249442.00
2022/08/24,7.39,7.40,7.12,7.18,2527212,18722506.00
2022/08/25,7.15,7.19,7.02,7.10,3192800,23292862.00
2022/08/26,7.08,7.22,7.06,7.07,2013500,14765554.00
2022/08/29,7.00,7.17,6.88,7.12,1909300,13872926.00
2022/08/30,7.10,7.22,7.08,7.20,1883800,13829546.00
2022/08/31,7.17,7.25,7.00,7.10,2152774,15708900.00
2022/09/01,7.11,7.22,7.10,7.11,2140242,15736528.00
2022/09/02,7.18,7.34,7.13,7.34,2585400,19219000.00
2022/09/05,7.50,7.60,7.00,7.17,8042142,59778768.00
2022/09/06,7.05,7.18,6.96,7.13,4579300,33247410.00
2022/09/07,7.10,7.16,7.05,7.10,2338900,17078616.00
2022/09/08,7.11,7.30,6.89,6.91,8279100,60322712.00
2022/09/09,6.89,7.06,6.69,6.70,6782987,47718200.00
2022/09/13,6.71,6.94,6.70,6.92,4756229,33549288.00
2022/09/14,6.84,6.89,6.78,6.82,1970100,13847424.00
2022/09/15,6.86,6.86,6.56,6.62,3764275,25799326.00
2022/09/16,6.62,6.64,6.44,6.44,1958800,13160447.00
2022/09/19,6.48,6.48,6.28,6.31,1505300,9860708.00
2022/09/20,6.36,6.47,6.36,6.44,1818253,12039804.00
2022/09/21,6.41,6.55,6.31,6.52,1604997,10706935.00
2022/09/22,6.48,6.56,6.45,6.49,1113800,7467326.50
2022/09/23,6.49,6.51,6.31,6.31,1806300,11945671.00
2022/09/26,6.29,6.30,6.10,6.12,1685300,10789818.00
2022/09/27,6.17,6.27,6.13,6.24,1762900,11293882.00
2022/09/28,6.25,6.45,6.19,6.23,2482221,16138778.00
2022/09/29,6.25,6.32,6.14,6.18,1508811,9682697.00
2022/09/30,6.15,6.19,6.06,6.08,1287211,8122990.00
2022/10/10,6.08,6.13,5.97,5.97,1705196,10631559.00
2022/10/11,6.01,6.04,5.91,6.00,1280700,7907567.00
2022/10/12,6.03,6.13,5.92,6.11,1384000,8592002.00
2022/10/13,6.11,6.34,6.07,6.27,1896825,12171364.00
2022/10/14,6.27,6.49,6.27,6.45,2112235,13993696.00
2022/10/17,6.42,6.58,6.40,6.58,1455779,9790576.00
2022/10/18,6.60,6.62,6.52,6.61,1482700,10045564.00
2022/10/19,6.55,6.75,6.55,6.63,2537558,17452634.00
2022/10/20,6.63,6.70,6.52,6.59,1543229,10492697.00
2022/10/21,6.55,6.63,6.36,6.56,1296313,8745646.00
2022/10/24,6.61,6.68,6.48,6.52,1457300,9898533.00
2022/10/25,6.53,6.53,6.36,6.44,1614500,10687614.00
2022/10/26,6.42,6.64,6.40,6.57,2677100,18041294.00
2022/10/27,6.58,6.66,6.51,6.55,1093800,7403245.00
2022/10/28,6.50,6.55,6.23,6.25,1461100,9586650.00
2022/10/31,6.32,6.41,6.28,6.32,1786400,11723350.00
2022/11/01,6.40,6.52,6.37,6.50,2103800,14015663.00
2022/11/02,6.50,6.60,6.50,6.55,1724900,11649033.00
2022/11/03,6.55,6.65,6.46,6.57,1552900,10524607.00
2022/11/04,6.54,6.67,6.53,6.65,1744266,11911428.00
2022/11/07,6.66,6.75,6.64,6.74,2253997,15575998.00
2022/11/08,6.75,6.79,6.63,6.77,2350100,16278016.00
2022/11/09,6.77,6.81,6.69,6.71,1868688,12971632.00
2022/11/10,6.73,6.77,6.65,6.69,1609800,11114189.00
2022/11/11,6.80,6.82,6.71,6.74,2658300,18500064.00
2022/11/14,6.74,6.82,6.71,6.75,1530958,10656516.00
2022/11/15,6.77,6.96,6.71,6.92,4225629,29935762.00
2022/11/16,6.96,6.97,6.85,6.89,1738800,12349839.00
2022/11/17,6.94,6.94,6.85,6.91,1803290,12794690.00
2022/11/18,6.92,6.97,6.86,6.89,1839322,13091783.00
2022/11/21,6.86,6.95,6.85,6.89,1963422,13921658.00
2022/11/22,6.89,7.00,6.85,6.90,3844600,27425972.00
2022/11/23,6.86,6.87,6.68,6.74,4020200,27913450.00
2022/11/24,6.78,6.85,6.70,6.77,2735600,19064120.00
2022/11/25,6.77,6.82,6.66,6.66,2464000,17037528.00
2022/11/28,6.63,6.72,6.58,6.60,2838300,19390594.00
2022/11/29,6.60,6.76,6.58,6.74,2499300,17245148.00
2022/11/30,6.76,6.89,6.76,6.82,3088800,21678508.00
2022/12/01,6.86,6.94,6.80,6.92,2851200,20214932.00
2022/12/02,6.94,7.09,6.86,7.02,5182400,37331172.00
2022/12/05,7.06,7.15,7.01,7.07,4122100,29910616.00
2022/12/06,7.08,7.11,7.03,7.06,2486600,18073912.00
2022/12/07,7.06,7.18,7.00,7.13,3135413,22885796.00
2022/12/08,7.13,7.17,7.07,7.14,2065553,15146575.00
2022/12/09,7.16,7.18,7.09,7.17,2316138,17020610.00
2022/12/12,7.25,7.34,7.17,7.28,9714789,72327936.00
2022/12/13,7.22,7.33,7.18,7.33,11425500,85415296.00
2022/12/14,6.97,6.99,6.72,6.82,13051058,92022368.00
2022/12/15,6.80,6.83,6.64,6.65,6385437,44065500.00
2022/12/16,6.62,6.88,6.62,6.68,5637543,39032132.00
2022/12/19,6.71,6.78,6.42,6.47,4306453,28977116.00
2022/12/20,6.49,6.52,6.39,6.44,2655500,17671940.00
2022/12/21,6.44,6.54,6.40,6.48,2871200,19147484.00
2022/12/22,6.49,6.55,6.29,6.30,2625961,17397800.00
2022/12/23,6.29,6.36,6.24,6.29,2103411,13690327.00
2022/12/26,6.28,6.42,6.26,6.38,2529513,16585726.00
2022/12/27,6.37,6.52,6.37,6.46,3010713,20009578.00
2022/12/28,6.42,6.48,6.31,6.32,1675550,11002493.00
2022/12/29,6.31,6.34,6.23,6.23,1373676,8902191.00
2022/12/30,6.27,6.44,6.23,6.36,2560000,16759605.00
2023/01/03,6.37,6.55,6.37,6.52,2116213,14156088.00
2023/01/04,6.52,6.68,6.52,6.61,2651707,18024864.00
2023/01/05,6.60,6.60,6.49,6.53,2518800,16949792.00
2023/01/06,6.57,6.65,6.53,6.60,3101700,21060068.00
2023/01/09,6.63,6.70,6.60,6.66,4217300,28910508.00
2023/01/10,6.68,6.68,6.54,6.58,2714700,18421076.00
2023/01/11,6.65,6.65,6.41,6.43,2489100,16644282.00
2023/01/12,6.44,6.47,6.35,6.40,2054800,13600816.00
2023/01/13,6.44,6.46,6.33,6.38,2458158,16208936.00
2023/01/16,6.36,6.50,6.34,6.48,2381300,15792104.00
2023/01/17,6.48,6.50,6.39,6.45,2315000,15392794.00
2023/01/18,6.49,6.51,6.43,6.51,1959700,13091974.00
2023/01/19,6.51,6.69,6.48,6.68,3342600,22778780.00
2023/01/20,6.67,6.74,6.67,6.71,2310600,15960776.00
2023/01/30,6.75,6.86,6.75,6.84,3872350,27154216.00
2023/01/31,6.85,6.92,6.79,6.90,2384400,16831590.00
2023/02/01,6.93,7.12,6.85,7.10,5419150,39214180.00
2023/02/02,7.10,7.17,7.05,7.15,3566500,26081464.00
2023/02/03,7.18,7.18,7.00,7.09,2988900,21760280.00
2023/02/06,7.09,7.19,7.03,7.13,3850500,28276092.00
2023/02/07,7.14,7.18,7.05,7.13,1903800,13889081.00
2023/02/08,7.14,7.16,7.06,7.08,2096900,15325195.00
2023/02/09,7.07,7.26,7.06,7.22,4013300,29675992.00
2023/02/10,7.21,7.27,7.09,7.13,3082143,22715470.00
2023/02/13,7.16,7.23,7.14,7.19,2284800,16869104.00
2023/02/14,7.19,7.23,7.13,7.20,3072300,22697930.00
2023/02/15,7.23,7.25,7.11,7.15,2650300,19504744.00
2023/02/16,7.14,7.19,6.85,6.90,4162600,30116290.00
2023/02/17,6.90,7.05,6.90,6.96,3596596,25818372.00
2023/02/20,6.99,6.99,6.85,6.98,3050300,21709528.00
2023/02/21,7.02,7.04,6.90,6.94,2205800,15784906.00
2023/02/22,6.95,7.04,6.89,7.00,3067100,22015092.00
2023/02/23,6.99,7.05,6.94,6.98,1810200,13010639.00
2023/02/24,6.98,7.12,6.92,7.07,3160053,22788230.00
2023/02/27,7.05,7.09,6.92,6.94,2475000,17757322.00
2023/02/28,6.99,7.06,6.95,7.03,2346288,16905344.00
2023/03/01,7.04,7.07,6.96,7.06,2010388,14548830.00
2023/03/02,7.05,7.10,6.98,7.04,2204000,15968998.00
2023/03/03,7.04,7.05,6.95,7.02,1882400,13554851.00
2023/03/06,7.00,7.05,6.96,6.98,2011900,14468683.00
2023/03/07,7.03,7.04,6.82,6.82,2214558,15765407.00
2023/03/08,6.80,6.93,6.77,6.90,2858400,20180060.00
2023/03/09,6.93,6.95,6.86,6.92,2057100,14611112.00
2023/03/10,6.93,6.93,6.81,6.85,2511700,17716318.00
2023/03/13,6.80,6.85,6.71,6.76,2365400,16494585.00
2023/03/14,6.75,6.76,6.50,6.62,2396500,16342935.00
2023/03/15,6.71,6.84,6.67,6.81,2303800,16070423.00
2023/03/16,6.80,6.80,6.63,6.64,1614700,11145654.00
2023/03/17,6.72,6.80,6.65,6.67,1759900,12146648.00
2023/03/20,6.67,6.79,6.64,6.71,2757400,19067320.00
2023/03/21,6.72,6.86,6.68,6.86,2877600,20137500.00
2023/03/22,6.85,6.96,6.83,6.88,2392153,16983282.00
2023/03/23,6.86,6.97,6.84,6.92,2486053,17677010.00
2023/03/24,6.90,6.95,6.85,6.93,2425300,17242688.00
2023/03/27,6.96,6.99,6.84,6.92,2516300,17866804.00
2023/03/28,6.96,6.99,6.86,6.89,2167853,15418698.00
2023/03/29,6.85,6.89,6.75,6.79,2968000,20796676.00
2023/03/30,6.79,6.87,6.65,6.66,2782400,19220444.00
2023/03/31,6.67,6.75,6.60,6.68,2232900,15352507.00
2023/04/03,6.69,6.73,6.62,6.66,2438800,16740174.00
2023/04/04,6.69,6.72,6.44,6.47,3608375,24270220.00
2023/04/06,6.47,6.48,6.36,6.37,3763400,24821844.00
2023/04/07,6.39,6.41,6.33,6.37,3128139,20520634.00
2023/04/10,6.37,6.38,6.18,6.20,5577106,35963620.00
2023/04/11,6.22,6.23,6.07,6.15,5120216,32490504.00
2023/04/12,6.31,6.51,6.19,6.26,10646611,69533368.00
2023/04/13,6.31,6.40,6.21,6.32,6823700,44412696.00
2023/04/14,6.34,6.43,6.26,6.29,3766405,24542538.00
2023/04/17,6.29,6.37,6.25,6.34,3164400,20659976.00
2023/04/18,6.29,6.36,6.28,6.28,2333300,15172455.00
2023/04/19,6.30,6.31,6.26,6.30,2322200,15062751.00
2023/04/20,6.27,6.28,6.17,6.28,3188213,20488540.00
2023/04/21,6.26,6.31,6.08,6.09,3275100,20851928.00
2023/04/24,6.11,6.12,5.93,6.05,3161616,19637726.00
2023/04/25,6.08,6.21,5.90,6.00,4648247,28926636.00
2023/04/26,6.02,6.21,5.92,6.17,4091747,25702396.00
2023/04/27,6.18,6.27,6.09,6.21,3507237,22450936.00
2023/04/28,6.17,6.52,6.17,6.50,6185300,40865272.00
2023/05/04,6.49,6.68,6.45,6.63,5609200,38230984.00
2023/05/05,6.66,6.69,6.54,6.64,3300100,22449654.00
2023/05/08,6.68,6.68,6.58,6.61,3079878,21022016.00
2023/05/09,6.60,6.62,6.46,6.47,3189300,21488652.00
2023/05/10,6.48,6.56,6.46,6.53,1611600,10840775.00
2023/05/11,6.56,6.67,6.48,6.65,2636800,17894600.00
2023/05/12,6.63,6.67,6.56,6.60,2274100,15476891.00
2023/05/15,6.59,6.71,6.56,6.69,2269189,15519789.00
2023/05/16,6.69,6.77,6.63,6.73,2939100,20311026.00
2023/05/17,6.72,6.83,6.66,6.79,2883300,20146428.00
2023/05/18,6.80,6.83,6.75,6.80,2619600,18319932.00
2023/05/19,6.79,6.79,6.71,6.76,1904400,13242911.00
2023/05/22,6.76,6.86,6.71,6.81,2158200,15108807.00
2023/05/23,6.85,6.89,6.76,6.82,3259500,22990804.00
2023/05/24,6.77,6.83,6.75,6.77,2335258,16326956.00
2023/05/25,6.94,6.94,6.71,6.80,2998400,20912150.00
2023/05/26,6.80,6.80,6.70,6.77,2727500,18970088.00
2023/05/29,6.77,6.82,6.66,6.69,2289899,15897865.00
2023/05/30,6.71,6.78,6.66,6.76,2824753,19556750.00
2023/05/31,6.74,6.78,6.58,6.60,2702600,18483852.00
2023/06/01,6.62,6.70,6.59,6.62,2234200,15318674.00
2023/06/02,6.65,6.71,6.60,6.70,2123658,14605037.00
2023/06/05,6.68,6.80,6.68,6.78,2070857,14396268.00
2023/06/06,6.79,6.79,6.60,6.60,2536857,17454526.00
2023/06/07,6.66,6.70,6.60,6.67,2546600,17478820.00
2023/06/08,6.61,6.74,6.61,6.68,2038500,14037034.00
2023/06/09,6.65,6.67,6.55,6.62,2845700,19380050.00
2023/06/12,6.61,6.67,6.49,6.66,2181100,14819188.00
2023/06/13,6.61,6.75,6.59,6.73,2363100,16310900.00
2023/06/14,6.73,6.75,6.61,6.63,2708900,18543668.00
2023/06/15,6.67,6.69,6.56,6.65,3332500,22764796.00
2023/06/16,6.68,6.73,6.59,6.62,2789000,19123216.00
2023/06/19,6.61,6.68,6.54,6.55,2388900,16230895.00
2023/06/20,6.59,6.59,6.47,6.48,2052200,13746258.00
2023/06/21,6.54,6.54,6.36,6.41,2634280,17488654.00
2023/06/26,6.38,6.49,6.33,6.34,2425400,15968029.00
2023/06/27,6.34,6.64,6.34,6.60,2712500,18317330.00
2023/06/28,6.61,6.69,6.51,6.68,2217000,15113596.00
2023/06/29,6.68,6.78,6.60,6.74,2713700,18823140.00
2023/06/30,6.79,6.91,6.76,6.90,3462490,24467724.00
2023/07/03,6.90,6.98,6.88,6.93,3678000,26213760.00
2023/07/04,6.90,7.00,6.82,6.99,2575500,18475560.00
2023/07/05,7.00,7.01,6.91,6.94,2654800,18974280.00
2023/07/06,7.04,7.05,6.87,7.00,4178000,30043670.00
2023/07/07,7.01,7.12,6.94,7.00,4163800,30147620.00
2023/07/10,7.13,7.17,7.05,7.11,5066600,37045140.00
2023/07/11,7.13,7.41,7.12,7.37,10001613,75184848.00
2023/07/12,7.33,7.53,7.30,7.37,7867850,59705592.00
2023/07/13,7.29,7.46,7.29,7.40,6009500,45590776.00
2023/07/14,7.40,7.50,7.32,7.45,4866900,37141152.00
2023/07/17,7.35,7.54,7.30,7.52,5732000,44057272.00
2023/07/18,7.51,7.65,7.45,7.62,4520000,35112040.00
2023/07/19,7.56,7.74,7.55,7.71,4203553,33063730.00
2023/07/20,7.70,7.86,7.65,7.70,4505300,35819156.00
2023/07/21,7.67,7.74,7.60,7.64,4207033,33085322.00
2023/07/24,7.63,7.69,7.59,7.64,3259800,25533436.00
2023/07/25,7.62,7.77,7.61,7.71,3260200,25743882.00
2023/07/26,7.69,7.76,7.65,7.73,3534200,27963904.00
2023/07/27,7.74,7.82,7.64,7.69,3517700,27865976.00
2023/07/28,7.66,7.75,7.58,7.62,3986099,31329454.00
2023/07/31,7.63,7.69,7.50,7.54,5781800,44935568.00
2023/08/01,7.58,7.70,7.53,7.67,9020900,70670032.00
2023/08/02,7.67,7.84,7.61,7.70,5872100,46383112.00
2023/08/03,7.69,7.72,7.57,7.66,4905300,38465116.00
2023/08/04,7.66,7.72,7.55,7.57,3664200,28645852.00
2023/08/07,7.58,7.74,7.53,7.61,5555300,43579136.00
2023/08/08,7.60,7.75,7.56,7.72,4626000,36447672.00
2023/08/09,7.71,7.73,7.54,7.55,3396900,26540436.00
2023/08/10,7.56,7.76,7.47,7.72,4788500,37631004.00
2023/08/11,7.73,7.76,7.54,7.54,3079100,24093132.00
2023/08/14,7.50,7.60,7.43,7.59,3727300,28785124.00
2023/08/15,7.58,7.72,7.51,7.55,3253500,25393800.00
2023/08/16,7.58,7.62,7.48,7.49,3749100,28948656.00
2023/08/17,7.52,7.60,7.39,7.58,4470267,34361248.00
2023/08/18,7.65,7.65,7.49,7.51,3932100,30502812.00
2023/08/21,7.50,7.61,7.45,7.51,4056600,31466652.00
2023/08/22,7.54,7.58,7.29,7.44,4368600,33166446.00
2023/08/23,7.44,7.55,7.38,7.47,4367700,33515344.00
2023/08/24,7.49,7.53,7.33,7.46,3763458,28710102.00
2023/08/25,7.38,7.52,7.31,7.34,3149686,23964504.00
2023/08/28,7.60,7.71,7.45,7.49,5396012,42142916.00
2023/08/29,7.51,7.61,7.42,7.59,3552600,27465860.00
2023/08/30,7.55,7.68,7.52,7.58,5169300,40311932.00
2023/08/31,7.59,7.60,7.34,7.45,4935858,37647360.00
2023/09/01,7.46,7.52,7.36,7.40,5107800,38938320.00
2023/09/04,7.41,7.66,7.38,7.63,7708200,59932304.00
2023/09/05,7.60,7.62,7.40,7.46,5286000,40499084.00
2023/09/06,7.43,7.65,7.43,7.57,6802100,52927144.00
2023/09/07,7.57,7.63,7.47,7.47,4549500,35244532.00
2023/09/08,7.44,7.63,7.43,7.44,4019800,30928716.00
2023/09/11,7.42,7.63,7.42,7.58,5458400,42407472.00
2023/09/12,7.62,7.62,7.40,7.43,4608600,35207960.00
2023/09/13,7.40,7.48,7.31,7.40,4189900,31832130.00
2023/09/14,7.44,7.44,7.27,7.34,3104600,23383574.00
2023/09/15,7.34,7.38,7.25,7.28,3221500,24214976.00
2023/09/18,7.26,7.60,7.16,7.56,6396100,49054196.00
2023/09/19,7.59,7.59,7.30,7.34,4445900,33753424.00
2023/09/20,7.34,7.46,7.27,7.32,2996900,22652648.00
2023/09/21,7.35,7.41,7.28,7.30,2756850,20778504.00
2023/09/22,7.34,7.47,7.26,7.45,3768300,28619400.00
2023/09/25,7.48,7.52,7.34,7.46,3092558,23616694.00
2023/09/26,7.50,7.51,7.33,7.49,3564000,27149964.00
2023/09/27,7.48,7.53,7.26,7.44,3496400,26695644.00
2023/09/28,7.45,7.60,7.44,7.58,3295900,25518714.00
2023/10/09,7.63,7.69,7.49,7.57,7577201,57787116.00
2023/10/10,7.63,7.83,7.60,7.63,7291300,56538744.00
2023/10/11,7.68,7.77,7.61,7.65,5686600,43927556.00
2023/10/12,7.66,7.77,7.64,7.73,4719100,36649288.00
2023/10/13,7.72,7.78,7.60,7.65,5777800,44521724.00
2023/10/16,7.68,7.75,7.50,7.63,7885000,60383184.00
2023/10/17,7.63,8.37,7.55,7.94,22169701,178828000.00
2023/10/18,8.00,8.14,7.65,7.70,17732200,139442080.00
2023/10/19,7.67,7.84,7.57,7.74,12367207,96077112.00
2023/10/20,7.75,8.25,7.70,7.92,17558062,140547872.00
2023/10/23,7.91,7.95,7.60,7.68,16230100,126154432.00
2023/10/24,7.68,8.20,7.63,8.07,18320885,147638240.00
2023/10/25,8.16,8.24,7.97,8.05,14957758,121562640.00
2023/10/26,8.01,8.28,7.97,8.18,15411900,126444400.00
2023/10/27,8.16,8.39,8.02,8.23,16216347,133891936.00
2023/10/30,8.20,8.41,8.15,8.24,13216412,109739880.00
2023/10/31,8.16,8.26,8.01,8.19,10811862,88821088.00
2023/11/01,8.17,8.37,8.12,8.28,10098728,84151952.00
2023/11/02,8.30,8.32,8.08,8.09,9953800,81860464.00
2023/11/03,8.10,8.23,8.02,8.05,10110900,82361816.00
2023/11/06,8.09,8.18,8.04,8.15,7104170,58064004.00
2023/11/07,8.13,8.57,8.08,8.52,15152800,127586376.00
2023/11/08,8.54,8.54,8.31,8.35,10069900,85026184.00
2023/11/09,8.38,8.83,8.35,8.59,14454500,125249208.00
2023/11/10,8.49,8.82,8.43,8.68,13249200,115680928.00
2023/11/13,8.70,8.75,8.53,8.63,8835200,76369856.00
2023/11/14,8.63,8.76,8.47,8.56,7930600,68445784.00
2023/11/15,8.59,8.62,8.45,8.54,5965900,51039656.00
2023/11/16,8.54,8.64,8.48,8.57,6952800,59966352.00
2023/11/17,8.47,8.63,8.44,8.50,7422800,63542244.00
2023/11/20,8.50,8.53,8.42,8.49,5564500,47363592.00
2023/11/21,8.47,8.61,8.42,8.47,5966000,51044424.00
2023/11/22,8.44,8.50,8.40,8.41,4101300,34877548.00
2023/11/23,8.41,8.52,8.35,8.51,3902900,33159996.00
2023/11/24,8.51,8.52,8.35,8.38,4034704,34171104.00
2023/11/27,8.41,8.44,8.33,8.38,3846000,32428668.00
2023/11/28,8.35,8.51,8.33,8.45,3130000,26634924.00
2023/11/29,8.47,8.55,8.40,8.40,3812180,32438716.00
2023/11/30,8.41,8.46,8.17,8.26,5935000,49337820.00
2023/12/01,8.26,8.35,8.15,8.16,5890700,48846648.00
2023/12/04,8.13,8.24,8.12,8.20,4663453,38460456.00
2023/12/05,8.17,8.26,8.10,8.10,3251700,26718254.00
2023/12/06,8.10,8.29,8.07,8.20,3128000,25850362.00
2023/12/07,8.23,8.23,8.05,8.10,3795400,30932816.00
2023/12/08,8.09,8.12,7.91,7.93,4526200,36454860.00
2023/12/11,7.88,8.02,7.86,7.94,5423900,43328856.00
2023/12/12,7.94,8.06,7.81,7.93,3689100,29337720.00
2023/12/13,7.85,8.00,7.85,7.91,3466700,27733538.00
2023/12/14,7.94,8.02,7.92,7.93,2519548,20205114.00
2023/12/15,7.96,7.98,7.87,7.92,2335366,18584518.00
2023/12/18,7.93,7.96,7.86,7.88,5230907,41655552.00
2023/12/19,7.86,7.94,7.79,7.91,2812200,22289404.00
2023/12/20,7.97,8.02,7.87,7.88,2409800,19275354.00
2023/12/21,7.87,7.95,7.71,7.92,5419100,42525632.00
2023/12/22,7.92,7.96,7.77,7.81,4290900,33916800.00
2023/12/25,7.78,7.83,7.65,7.75,3952700,30714054.00
2023/12/26,7.79,7.84,7.69,7.71,3720400,29047672.00
2023/12/27,7.70,7.80,7.57,7.68,6261212,48507796.00
2023/12/28,7.69,7.75,7.55,7.70,4990000,38524368.00
2023/12/29,7.76,7.95,7.69,7.90,5318512,41908296.00
2024/01/02,7.86,8.12,7.86,8.05,4743700,38417044.00
2024/01/03,8.07,8.14,8.00,8.11,3852100,31341130.00
2024/01/04,8.08,8.18,8.04,8.17,4452800,36368544.00
2024/01/05,8.20,8.22,8.00,8.04,4055966,33120894.00
2024/01/08,8.06,8.07,7.88,7.91,4236000,33962248.00
2024/01/09,7.90,8.01,7.84,7.93,3548300,28303448.00
2024/01/10,7.92,7.96,7.81,7.88,3393100,26941406.00
2024/01/11,7.90,7.94,7.77,7.90,3712755,29395558.00
2024/01/12,7.85,8.09,7.85,7.91,3801200,30494150.00
2024/01/15,7.88,8.00,7.83,7.86,3108200,24689036.00
2024/01/16,7.88,7.95,7.76,7.82,3744751,29548354.00
2024/01/17,7.85,7.92,7.67,7.68,3033867,23811236.00
2024/01/18,7.67,7.67,7.34,7.52,4536600,34196760.00
2024/01/19,7.56,7.68,7.47,7.51,3856000,29354444.00
2024/01/22,7.52,7.60,6.85,6.95,5109500,37014996.00
2024/01/23,6.89,6.99,6.61,6.79,9217800,62765164.00
2024/01/24,6.81,7.01,6.56,6.86,6696105,45829252.00
2024/01/25,6.92,7.15,6.89,7.15,5532400,39203736.00
2024/01/26,7.30,7.38,7.16,7.21,3988065,29160646.00
2024/01/29,7.30,7.30,6.91,6.95,5233700,37111696.00
2024/01/30,6.89,6.96,6.56,6.59,5377200,36513916.00
2024/01/31,6.61,6.65,6.25,6.27,6140600,39611752.00
2024/02/01,6.27,6.28,5.89,6.07,7248224,44192740.00
2024/02/02,6.11,6.21,5.49,5.74,7202156,42361880.00
2024/02/05,5.68,5.73,5.16,5.16,9032453,47685568.00
2024/02/06,4.89,5.17,4.64,4.92,16138239,78188088.00
2024/02/07,5.00,5.03,4.57,4.64,16978020,80732264.00
2024/02/08,4.70,5.11,4.51,5.11,14605909,71883712.00
2024/02/19,5.21,5.51,5.15,5.38,13443828,72883792.00
2024/02/20,5.40,5.50,5.24,5.47,7495700,41031488.00
2024/02/21,5.46,5.83,5.43,5.63,8045979,46112084.00
2024/02/22,5.61,5.85,5.59,5.84,6150900,35654480.00
2024/02/23,5.85,6.04,5.79,6.00,5611200,33416246.00
2024/02/26,6.03,6.37,6.00,6.21,7047990,44004624.00
2024/02/27,6.21,6.34,6.12,6.32,4637450,29236328.00
2024/02/28,6.33,6.50,5.68,5.68,12525899,76291968.00
2024/02/29,5.63,5.88,5.61,5.85,9889900,57815668.00
2024/03/01,5.88,6.06,5.85,6.01,7566350,45423808.00
2024/03/04,6.03,6.12,5.87,6.10,7349483,44591296.00
2024/03/05,6.09,6.10,5.88,5.95,5230750,31417482.00
2024/03/06,5.90,6.13,5.87,6.05,4858200,29466636.00
2024/03/07,6.10,6.21,6.01,6.01,4972500,30671908.00
2024/03/08,6.00,6.19,5.99,6.16,5734250,35391604.00
2024/03/11,6.16,6.34,6.16,6.34,6000710,37907964.00
2024/03/12,6.35,6.43,6.26,6.38,4839610,31057534.00
2024/03/13,6.42,6.45,6.32,6.40,4891050,31429324.00
2024/03/14,6.40,6.43,6.26,6.36,3370953,21592034.00
2024/03/15,6.33,6.49,6.29,6.48,4202802,27029530.00
2024/03/18,6.48,6.57,6.40,6.55,5569600,36599344.00
2024/03/19,6.57,6.72,6.55,6.67,5772838,38634288.00
2024/03/20,6.66,6.90,6.66,6.84,6132557,42152120.00
2024/03/21,6.85,6.93,6.74,6.88,4974599,34187960.00
2024/03/22,6.88,7.00,6.78,6.85,6753000,46715232.00
2024/03/25,6.79,6.85,6.63,6.63,6955300,47301400.00
2024/03/26,6.66,6.73,6.58,6.70,4107699,27561524.00
2024/03/27,6.71,6.79,6.59,6.60,3888700,26115844.00
2024/03/28,6.58,6.79,6.58,6.69,4815750,32450370.00
2024/03/29,6.70,6.83,6.68,6.82,4280010,29255598.00
2024/04/01,6.90,7.10,6.83,7.06,5000585,35291960.00
2024/04/02,7.13,7.21,7.05,7.20,4718368,34020408.00
2024/04/03,7.23,7.23,7.10,7.22,3824250,27605016.00
2024/04/08,7.21,7.30,7.07,7.08,5198600,37550300.00
2024/04/09,7.08,7.21,7.07,7.21,3832000,27619432.00
2024/04/10,7.20,7.21,6.97,7.02,4760174,33862736.00
2024/04/11,7.06,7.21,6.95,7.06,3516600,25148408.00
2024/04/12,7.05,7.12,6.99,7.03,2591700,18439952.00
2024/04/15,7.07,7.13,6.56,6.69,8078226,55353304.00
2024/04/16,6.63,6.70,6.02,6.02,8229866,50478132.00
2024/04/17,5.96,6.43,5.96,6.41,9187400,58315520.00
2024/04/18,6.40,6.54,6.28,6.41,5553216,35959840.00
2024/04/19,6.36,6.52,6.34,6.44,4148300,26812058.00
2024/04/22,6.35,6.45,6.14,6.20,4828249,30461020.00
2024/04/23,6.17,6.33,6.17,6.29,5041657,31843696.00
2024/04/24,6.31,6.52,6.31,6.52,4358449,28316176.00
2024/04/25,6.55,6.67,6.45,6.59,5434949,36128432.00
2024/04/26,6.56,6.74,6.47,6.74,4538361,30326440.00
2024/04/29,6.68,6.70,6.35,6.66,8307100,54794664.00
2024/04/30,6.75,6.80,6.65,6.69,7620800,51628424.00
2024/05/06,6.85,7.07,6.71,7.05,11525336,79905376.00
2024/05/07,7.02,7.11,6.94,7.06,7515800,53053104.00
2024/05/08,7.08,7.13,7.01,7.03,5494300,39088320.00
2024/05/09,7.04,7.10,6.98,7.03,3265200,23107970.00
2024/05/10,7.03,7.18,6.91,6.98,8326700,58823848.00
2024/05/13,6.92,6.95,6.65,6.67,8194100,55684392.00
2024/05/14,6.70,6.77,6.64,6.69,5384300,36307520.00
2024/05/15,6.70,7.05,6.62,6.80,8140000,56267024.00
2024/05/16,6.79,7.02,6.79,6.87,6236049,43422792.00
2024/05/17,6.86,7.21,6.86,7.21,17452500,124401688.00
2024/05/20,7.11,7.13,6.68,6.71,22241313,152906864.00
2024/05/21,6.70,6.72,6.48,6.58,10485200,69504960.00
2024/05/22,6.52,6.61,6.46,6.51,7649500,50258240.00
2024/05/23,6.51,6.54,6.34,6.35,8817100,56995012.00
2024/05/24,6.35,6.46,6.29,6.38,5340900,34435244.00
2024/05/27,6.42,6.44,6.25,6.41,6059900,38685688.00
2024/05/28,6.42,6.42,6.31,6.31,3513600,22486520.00
2024/05/29,6.30,6.42,6.29,6.33,4484200,28752714.00
2024/05/30,6.33,6.40,6.23,6.24,3612800,22968590.00
2024/05/31,6.25,6.28,6.20,6.23,3874800,24344150.00
2024/06/03,6.29,6.29,6.03,6.10,5708300,35298744.00
2024/06/04,6.07,6.13,5.88,5.96,4859000,29109832.00
2024/06/05,5.95,5.95,5.77,5.77,4311700,25415886.00
2024/06/06,5.76,5.84,5.36,5.45,7583733,42291640.00
2024/06/07,5.49,5.78,5.49,5.76,7015000,40149432.00
2024/06/11,5.68,5.78,5.57,5.68,4270300,24348760.00
2024/06/12,5.67,5.80,5.61,5.80,3484119,20187488.00
2024/06/13,5.80,5.85,5.67,5.71,3689700,21130902.00
2024/06/14,5.71,5.74,5.62,5.69,3592600,20398212.00
2024/06/17,5.66,5.71,5.57,5.59,3733500,21061502.00
2024/06/18,5.63,5.73,5.57,5.71,3689050,20947000.00
2024/06/19,5.73,5.82,5.70,5.76,3813100,22002532.00
2024/06/20,5.76,5.80,5.62,5.65,2851900,16259621.00
2024/06/21,5.65,5.72,5.55,5.67,3239800,18308212.00
2024/06/24,5.65,5.70,5.31,5.39,6113500,33264564.00
2024/06/25,5.47,5.58,5.44,5.53,4515200,24913048.00
2024/06/26,5.50,5.72,5.45,5.70,3790300,21131136.00
2024/06/27,5.69,5.82,5.63,5.63,4699008,26868174.00
2024/06/28,5.75,5.75,5.62,5.67,3310976,18874162.00
2024/07/01,5.66,5.78,5.56,5.76,4736000,26836980.00
2024/07/02,5.75,5.82,5.70,5.76,3449475,19907350.00
2024/07/03,5.75,5.84,5.71,5.73,3403039,19631420.00
2024/07/04,5.71,5.76,5.52,5.54,3263550,18283972.00
2024/07/05,5.50,5.64,5.47,5.62,2658318,14810816.00
2024/07/08,5.61,5.61,5.43,5.45,3049300,16732995.00
2024/07/09,5.45,5.56,5.33,5.53,3759958,20487828.00
2024/07/10,5.53,5.57,5.41,5.46,2688050,14762149.00
2024/07/11,5.54,5.68,5.51,5.66,3562050,19940876.00
2024/07/12,5.68,5.74,5.61,5.69,2676600,15211764.00
2024/07/15,5.71,5.72,5.51,5.57,2675963,14870587.00
2024/07/16,5.53,5.54,5.38,5.42,3994402,21702268.00
2024/07/17,5.40,5.46,5.36,5.37,2991471,16123681.00
2024/07/18,5.35,5.40,5.21,5.36,3359021,17807580.00
2024/07/19,5.33,5.38,5.27,5.34,2115400,11292421.00
2024/07/22,5.35,5.39,5.29,5.33,2097300,11185358.00
2024/07/23,5.33,5.39,5.23,5.23,3249700,17245180.00
2024/07/24,5.28,5.28,5.14,5.17,3222864,16737720.00
2024/07/25,5.16,5.27,5.11,5.22,2884000,14992821.00
2024/07/26,5.21,5.32,5.21,5.32,2947300,15602939.00
2024/07/29,5.33,5.36,5.25,5.32,2032068,10783729.00
2024/07/30,5.28,5.36,5.27,5.34,2100958,11178361.00
2024/07/31,5.36,5.50,5.32,5.50,3742201,20342364.00
2024/08/01,5.49,5.55,5.45,5.50,3242500,17855644.00
2024/08/02,5.47,5.52,5.40,5.42,3305200,18063426.00
2024/08/05,5.39,5.49,5.28,5.30,3190700,17196780.00
2024/08/06,5.33,5.42,5.33,5.42,2516200,13525873.00
2024/08/07,5.42,5.47,5.36,5.42,2469904,13383293.00
2024/08/08,5.42,5.47,5.36,5.43,2339400,12672740.00
2024/08/09,5.45,5.49,5.40,5.41,2096500,11424756.00
2024/08/12,5.41,5.44,5.37,5.40,2160800,11667633.00
2024/08/13,5.42,5.44,5.35,5.44,1886300,10200805.00
2024/08/14,5.46,5.49,5.41,5.42,1722000,9383255.00
2024/08/15,5.40,5.47,5.34,5.40,2927900,15848149.00
2024/08/16,5.40,5.43,5.32,5.34,2419150,12966330.00
2024/08/19,5.33,5.36,5.27,5.28,2706150,14359006.00
2024/08/20,5.29,5.30,5.13,5.14,3255000,16886328.00
2024/08/21,5.10,5.18,5.10,5.14,1954600,10040339.00
2024/08/22,5.14,5.16,5.06,5.06,2337224,11918590.00
2024/08/23,5.05,5.08,4.98,5.00,2640510,13259082.00
2024/08/26,5.02,5.16,5.00,5.14,3115900,15931209.00
2024/08/27,5.09,5.18,5.07,5.10,3880100,19869964.00
2024/08/28,5.09,5.17,4.93,5.05,5680802,28628052.00
2024/08/29,5.01,5.15,4.95,5.10,5273966,26641764.00
2024/08/30,5.12,5.26,5.09,5.19,3688179,19151190.00
2024/09/02,5.19,5.24,5.15,5.17,3437502,17877680.00
2024/09/03,5.17,5.22,5.13,5.18,2182900,11304262.00
2024/09/04,5.17,5.22,5.11,5.14,2665700,13763018.00
2024/09/05,5.14,5.22,5.14,5.22,2296800,11891585.00
2024/09/06,5.22,5.22,5.14,5.17,3147300,16271458.00
2024/09/09,5.13,5.27,5.12,5.27,4641934,24182278.00
2024/09/10,5.28,5.80,5.18,5.25,14719850,80430320.00
2024/09/11,5.19,5.20,5.03,5.08,12976827,66202404.00
2024/09/12,5.08,5.12,5.05,5.06,4707350,23934720.00
2024/09/13,5.03,5.06,4.96,4.97,3708100,18563284.00
2024/09/18,4.96,4.99,4.78,4.85,4418400,21424998.00
2024/09/19,4.88,5.05,4.86,5.03,5284400,26350164.00
2024/09/20,5.03,5.05,4.96,4.99,2372880,11848752.00
2024/09/23,4.97,5.05,4.95,4.97,3246100,16205589.00
2024/09/24,4.99,5.19,4.99,5.18,5235780,26697998.00
2024/09/25,5.25,5.35,5.20,5.27,5874269,31105654.00
2024/09/26,5.26,5.40,5.26,5.40,3703600,19752122.00
2024/09/27,5.48,5.68,5.46,5.61,6978335,38809708.00
2024/09/30,5.75,6.10,5.62,6.05,13838256,81443520.00
2024/10/08,6.66,6.66,5.98,6.30,15517639,97580280.00
2024/10/09,6.25,6.25,5.84,5.86,10962800,65993804.00
2024/10/10,5.94,6.03,5.84,5.93,7878472,46859948.00
2024/10/11,5.90,5.94,5.67,5.73,6137869,35568720.00
2024/10/14,5.73,5.87,5.73,5.85,5179912,30100550.00
2024/10/15,5.75,5.80,5.68,5.70,7342600,42121260.00
2024/10/16,5.64,5.74,5.61,5.68,3869200,21969740.00
2024/10/17,5.73,5.78,5.59,5.59,3976300,22567284.00
2024/10/18,5.62,5.77,5.56,5.71,5893203,33426902.00
2024/10/21,5.75,5.78,5.69,5.72,5055692,28963876.00
2024/10/22,5.70,5.83,5.69,5.83,6103831,35279996.00
2024/10/23,5.83,5.90,5.81,5.84,4803446,28150276.00
2024/10/24,5.82,5.89,5.80,5.88,4478603,26207406.00
2024/10/25,5.87,6.03,5.87,6.02,5802382,34605600.00
2024/10/28,6.02,6.30,6.01,6.28,7714328,47486428.00
2024/10/29,6.27,6.32,6.10,6.11,7613782,47256752.00
2024/10/30,6.08,6.17,6.01,6.09,4520521,27537374.00
2024/10/31,6.08,6.26,6.07,6.19,4284100,26497376.00
2024/11/01,6.20,6.22,5.98,6.04,5993447,36461260.00
2024/11/04,6.02,6.12,6.01,6.11,4064458,24717608.00
2024/11/05,6.09,6.21,6.09,6.19,5426800,33469108.00
2024/11/06,6.19,6.24,6.15,6.20,5106854,31646048.00
2024/11/07,6.18,6.36,6.15,6.36,5926500,37254508.00
2024/11/08,6.36,6.42,6.29,6.37,5296664,33644180.00
2024/11/11,6.38,6.49,6.35,6.49,4556935,29328428.00
2024/11/12,6.51,6.54,6.36,6.42,5079500,32833334.00
2024/11/13,6.42,6.49,6.32,6.46,4448400,28522190.00
2024/11/14,6.42,6.55,6.27,6.28,4003100,25489216.00
2024/11/15,6.33,6.39,6.24,6.26,4594507,29001760.00
2024/11/18,6.26,6.34,6.13,6.19,4629100,28874174.00
2024/11/19,6.19,6.53,6.19,6.47,7842338,49985884.00
2024/11/20,6.47,6.81,6.40,6.76,12660602,84105576.00
2024/11/21,6.72,6.85,6.68,6.84,8830620,59915712.00
2024/11/22,6.80,6.87,6.61,6.62,7728242,51928344.00
数据来源:通达信
