001318 阳光乳业 日线 前复权
      日期	    开盘	    最高	    最低	    收盘	    成交量	    成交额
2022/05/20,11.04,13.31,11.04,13.31,2240421,30391430.00
2022/05/23,14.67,14.67,14.67,14.67,416569,6240203.50
2022/05/24,16.17,16.17,16.17,16.17,988705,16293858.00
2022/05/25,17.82,17.82,17.82,17.82,412102,7471409.50
2022/05/26,19.63,19.63,19.63,19.63,1035683,20651520.00
2022/05/27,19.63,21.62,19.63,21.62,35463582,759501312.00
2022/05/30,21.69,23.81,21.19,23.81,45950101,1075959680.00
2022/05/31,24.69,26.22,22.97,26.22,37193355,946580224.00
2022/06/01,28.04,28.87,27.54,28.87,16822021,482565696.00
2022/06/02,31.79,31.79,25.95,25.95,10886464,324222784.00
2022/06/06,23.32,23.32,23.32,23.32,1428100,33746004.00
2022/06/07,22.21,23.27,20.96,20.99,52274802,1162238848.00
2022/06/08,20.14,21.99,19.94,21.50,38145816,813129280.00
2022/06/09,20.79,21.06,19.69,19.77,27721090,573406976.00
2022/06/10,19.24,20.23,19.17,19.80,19489628,392263616.00
2022/06/13,19.56,21.67,19.56,20.49,30007739,623517184.00
2022/06/14,20.03,20.06,19.17,19.61,21222366,422438336.00
2022/06/15,19.39,19.59,18.74,18.74,20282816,393575744.00
2022/06/16,18.67,19.22,18.67,19.06,13854634,267092432.00
2022/06/17,18.88,19.13,18.38,18.50,15220721,288405696.00
2022/06/20,18.40,18.83,18.40,18.74,11262712,213204736.00
2022/06/21,18.74,19.79,18.48,19.67,25804998,504453792.00
2022/06/22,19.30,20.66,18.89,19.90,26168670,520767712.00
2022/06/23,19.59,19.88,19.30,19.65,15639738,311569152.00
2022/06/24,19.55,20.19,19.04,19.80,20591932,411028608.00
2022/06/27,19.77,21.49,19.61,20.44,29599423,617336448.00
2022/06/28,19.97,20.23,19.59,19.69,20216690,405804608.00
2022/06/29,19.49,20.58,19.19,19.79,19868719,400987744.00
2022/06/30,19.29,21.80,19.29,21.80,37413589,803299904.00
2022/07/01,21.27,22.91,20.38,20.90,43488404,962392000.00
2022/07/04,19.84,20.38,19.31,20.07,23361225,470069696.00
2022/07/05,19.79,19.93,18.95,19.11,19335317,379882304.00
2022/07/06,18.91,19.14,18.39,18.49,13135241,249354944.00
2022/07/07,18.49,18.60,17.97,18.30,9274108,171923632.00
2022/07/08,18.30,18.59,18.20,18.42,7883852,147676816.00
2022/07/11,18.42,18.78,18.01,18.74,9388456,177056832.00
2022/07/12,18.59,19.08,18.21,18.86,11477731,217909584.00
2022/07/13,18.69,19.04,18.69,18.85,8231274,157880512.00
2022/07/14,18.88,18.88,18.36,18.43,7307455,137862928.00
2022/07/15,18.32,18.65,18.01,18.39,8216220,153324144.00
2022/07/18,18.39,18.93,18.26,18.74,8009721,152173856.00
2022/07/19,18.84,19.10,18.44,18.64,9081139,172897872.00
2022/07/20,18.69,18.86,18.51,18.67,7191323,136368912.00
2022/07/21,18.68,18.83,18.16,18.22,8313004,155539904.00
2022/07/22,18.14,18.29,17.39,17.45,9374250,169875520.00
2022/07/25,17.47,17.80,17.24,17.68,5927354,105744888.00
2022/07/26,17.59,17.81,17.44,17.69,4541789,81338136.00
2022/07/27,17.59,17.68,17.19,17.25,6394416,113136720.00
2022/07/28,17.27,17.48,17.21,17.31,4896904,86434864.00
2022/07/29,17.28,17.84,17.17,17.53,7793373,138950320.00
2022/08/01,17.53,17.92,17.19,17.70,8254583,148583632.00
2022/08/02,17.59,17.59,15.90,16.16,9842449,165887040.00
2022/08/03,15.98,17.19,15.98,16.54,10355567,176705168.00
2022/08/04,16.58,16.84,16.42,16.76,5422073,91860752.00
2022/08/05,16.75,16.99,16.66,16.94,4582128,78649336.00
2022/08/08,16.89,17.08,16.85,16.90,3116550,53682052.00
2022/08/09,16.95,17.01,16.63,16.80,3668204,62570416.00
2022/08/10,16.84,16.88,16.54,16.61,3216856,54534296.00
2022/08/11,16.62,16.97,16.62,16.85,4162259,71198064.00
2022/08/12,16.83,17.36,16.71,17.00,7876615,136785584.00
2022/08/15,17.01,18.19,16.42,17.54,12199593,214050528.00
2022/08/16,17.25,17.71,17.18,17.39,8619083,152929968.00
2022/08/17,17.63,17.82,17.11,17.18,7514764,132568968.00
2022/08/18,16.95,17.09,16.72,16.75,5610552,96309368.00
2022/08/19,16.71,16.86,16.38,16.46,4934438,83528416.00
2022/08/22,16.47,16.54,16.19,16.53,3179497,53275436.00
2022/08/23,16.49,16.57,16.24,16.29,3927682,65466296.00
2022/08/24,16.20,16.35,15.86,15.88,4563169,74558584.00
2022/08/25,15.85,15.96,15.56,15.71,3640751,58383356.00
2022/08/26,15.74,16.67,15.74,16.07,7631700,126497680.00
2022/08/29,15.73,16.42,15.59,16.20,5817468,94933192.00
2022/08/30,16.14,16.46,16.04,16.35,5221616,86540040.00
2022/08/31,16.25,16.65,15.85,16.61,10030738,167387328.00
2022/09/01,16.42,16.48,15.97,15.99,7721813,127490696.00
2022/09/02,15.84,15.99,15.73,15.93,3861158,62400284.00
2022/09/05,15.86,15.90,15.50,15.61,4333435,69149952.00
2022/09/06,15.60,15.73,15.50,15.70,2868716,45701844.00
2022/09/07,15.69,15.77,15.57,15.58,2696542,42974240.00
2022/09/08,15.60,15.65,15.14,15.14,4599127,71971536.00
2022/09/09,15.14,15.27,15.09,15.25,2337809,36238868.00
2022/09/13,15.26,15.61,15.26,15.44,3116071,49129368.00
2022/09/14,15.17,15.78,15.07,15.65,6306720,99930368.00
2022/09/15,15.59,15.74,15.19,15.29,4531077,71387136.00
2022/09/16,15.34,15.34,14.49,14.50,4883194,73911992.00
2022/09/19,14.40,14.54,13.94,14.22,2993587,43447208.00
2022/09/20,14.23,15.06,14.23,14.98,6662568,100650776.00
2022/09/21,14.81,15.12,14.75,14.95,3204580,48960528.00
2022/09/22,14.90,15.15,14.84,14.90,2574017,39376504.00
2022/09/23,14.90,14.96,14.41,14.42,2942768,43940508.00
2022/09/26,14.29,14.40,13.90,13.94,2413642,34927988.00
2022/09/27,13.94,15.37,13.90,15.37,6519535,99549240.00
2022/09/28,15.71,16.27,15.39,15.60,20390565,328006976.00
2022/09/29,15.49,15.68,14.80,14.82,12503087,193562320.00
2022/09/30,14.77,15.37,14.69,14.73,7632330,116444296.00
2022/10/10,14.78,14.88,13.94,14.25,6419898,94303168.00
2022/10/11,14.16,14.34,13.24,13.74,7358683,102816920.00
2022/10/12,13.49,13.87,13.22,13.83,5486535,76092376.00
2022/10/13,13.63,14.18,13.55,13.89,5461200,77950312.00
2022/10/14,13.86,14.25,13.86,14.10,4665654,67316544.00
2022/10/17,13.98,14.25,13.98,14.14,3445398,49694400.00
2022/10/18,14.20,14.38,14.05,14.22,4291822,62296196.00
2022/10/19,14.19,14.19,13.74,13.75,4524462,64232820.00
2022/10/20,13.64,13.99,13.60,13.78,2709422,38331976.00
2022/10/21,13.71,13.90,13.49,13.55,3495600,48881776.00
2022/10/24,13.55,13.68,13.00,13.05,4303934,58674240.00
2022/10/25,13.04,13.12,12.66,13.02,3104664,41018580.00
2022/10/26,13.00,13.33,12.95,13.18,2819622,38055756.00
2022/10/27,13.19,13.30,13.13,13.13,2419842,32717600.00
2022/10/28,13.11,13.11,12.49,12.49,3861322,50245524.00
2022/10/31,12.30,12.67,12.29,12.59,2415142,31093954.00
2022/11/01,12.68,13.15,12.59,13.14,3968966,52744028.00
2022/11/02,13.01,13.62,13.01,13.52,5419322,74504104.00
2022/11/03,13.42,13.66,13.37,13.54,3151068,43654092.00
2022/11/04,13.54,13.83,13.49,13.70,3370516,47263860.00
2022/11/07,13.76,13.91,13.64,13.78,2319349,32718976.00
2022/11/08,13.83,13.89,13.60,13.69,1909600,26731552.00
2022/11/09,13.69,14.34,13.69,13.88,5317122,75912680.00
2022/11/10,13.67,13.90,13.54,13.73,3446716,48277960.00
2022/11/11,14.01,14.20,13.82,13.83,4209651,60127108.00
2022/11/14,13.85,13.98,13.73,13.77,2128380,30120792.00
2022/11/15,13.69,13.97,13.67,13.93,2318300,32927912.00
2022/11/16,13.93,14.35,13.92,14.29,6339157,92159832.00
2022/11/17,14.17,14.35,14.02,14.11,3863978,55910952.00
2022/11/18,14.09,14.28,14.02,14.07,3003454,43325032.00
2022/11/21,14.02,14.06,13.71,13.88,3003600,42423260.00
2022/11/22,13.99,14.01,13.61,13.71,2957300,41764540.00
2022/11/23,13.74,13.76,13.38,13.54,2611271,36168644.00
2022/11/24,13.63,13.72,13.52,13.58,1415664,19681996.00
2022/11/25,13.60,13.68,13.45,13.67,2055806,28582638.00
2022/11/28,13.41,13.59,13.20,13.57,1935005,26595314.00
2022/11/29,13.60,14.14,13.51,13.99,4388097,62411728.00
2022/11/30,13.97,14.17,13.87,13.93,3218400,46057052.00
2022/12/01,14.12,15.35,14.12,15.35,9268792,141651392.00
2022/12/02,16.92,16.92,16.92,16.92,4669693,80458808.00
2022/12/05,18.39,18.39,16.42,16.64,37164338,659967936.00
2022/12/06,15.87,18.34,15.70,17.68,35727657,621859904.00
2022/12/07,16.79,18.18,16.45,17.40,29391691,514457760.00
2022/12/08,16.99,17.22,16.54,16.74,17814871,305084256.00
2022/12/09,16.78,17.09,16.20,16.93,16736731,283998912.00
2022/12/12,16.80,17.69,16.59,17.46,19812033,346599264.00
2022/12/13,16.96,19.24,16.80,18.11,30906652,566685312.00
2022/12/14,17.46,19.13,17.36,18.83,29901785,558683200.00
2022/12/15,18.37,18.69,17.48,17.59,19553698,357345440.00
2022/12/16,17.14,17.68,16.79,17.12,12774344,222995984.00
2022/12/19,17.01,17.09,16.30,16.53,11015203,186440256.00
2022/12/20,16.49,16.95,16.01,16.63,10446855,175417760.00
2022/12/21,16.33,17.04,16.29,16.84,10285635,176331616.00
2022/12/22,16.79,17.33,16.69,17.13,12676667,220017776.00
2022/12/23,16.99,17.57,16.79,16.92,11308151,198195920.00
2022/12/26,16.44,17.16,16.44,16.62,8940906,152146656.00
2022/12/27,16.61,17.23,16.07,17.17,13949181,237479104.00
2022/12/28,16.98,18.92,16.89,18.13,36761378,687158592.00
2022/12/29,17.19,19.92,17.14,19.04,39473115,738149888.00
2022/12/30,18.29,19.89,17.64,18.89,34302271,648237952.00
2023/01/03,18.25,19.19,17.87,19.06,24541222,460266144.00
2023/01/04,18.81,19.54,18.37,18.41,19836968,378368256.00
2023/01/05,18.41,18.41,17.57,18.08,13257986,242998768.00
2023/01/06,18.06,18.06,17.19,17.37,14156984,252473040.00
2023/01/09,17.27,17.65,17.19,17.57,7737042,137464656.00
2023/01/10,17.42,17.69,16.75,16.77,11247407,195849296.00
2023/01/11,16.69,17.06,16.38,16.87,7992989,136513888.00
2023/01/12,16.84,16.84,16.15,16.20,8933813,149298928.00
2023/01/13,16.15,16.44,16.13,16.29,4600932,76404320.00
2023/01/16,16.37,16.64,16.30,16.58,5741242,96398992.00
2023/01/17,16.55,16.57,16.02,16.09,5168984,85424816.00
2023/01/18,16.07,16.24,16.01,16.08,2737400,44927224.00
2023/01/19,16.02,16.12,15.82,15.98,3381774,55102092.00
2023/01/20,15.99,16.28,15.98,16.20,3674280,60475248.00
2023/01/30,16.31,16.56,16.22,16.49,6096188,101915552.00
2023/01/31,16.55,16.60,16.30,16.42,5154310,86207336.00
2023/02/01,16.42,16.49,16.23,16.49,5215435,86903168.00
2023/02/02,16.48,16.89,16.35,16.89,8561341,145398848.00
2023/02/03,16.88,16.88,16.41,16.50,5718514,96565224.00
2023/02/06,16.35,16.40,15.99,15.99,5263600,86828976.00
2023/02/07,16.00,16.09,15.70,15.80,5598887,90359440.00
2023/02/08,15.74,15.95,15.71,15.77,3134361,50547824.00
2023/02/09,15.71,15.87,15.69,15.87,3228700,52046392.00
2023/02/10,15.85,16.16,15.79,16.15,5259445,85882624.00
2023/02/13,16.16,16.80,16.07,16.80,10904141,183984848.00
2023/02/14,16.81,16.87,16.46,16.66,7599187,128757096.00
2023/02/15,16.66,16.72,16.41,16.50,4353818,73223944.00
2023/02/16,16.51,16.56,15.50,15.81,7597001,124898128.00
2023/02/17,15.89,16.54,15.82,16.04,6653128,109882120.00
2023/02/20,16.05,16.87,15.80,16.76,11955290,201716544.00
2023/02/21,16.69,16.74,16.44,16.64,7028574,118725968.00
2023/02/22,16.58,16.84,16.45,16.80,7588711,129430296.00
2023/02/23,16.86,17.05,16.49,16.66,7371142,126104232.00
2023/02/24,16.66,16.89,16.29,16.38,5863200,98631864.00
2023/02/27,16.29,16.52,16.06,16.28,3921400,65073652.00
2023/02/28,16.29,16.37,16.01,16.24,3161400,52075060.00
2023/03/01,16.24,16.28,16.04,16.27,3310922,54537024.00
2023/03/02,16.24,16.24,15.95,16.00,3989280,65329104.00
2023/03/03,16.00,16.12,15.83,16.01,3342283,54341288.00
2023/03/06,16.13,16.13,15.89,15.90,2721784,44248056.00
2023/03/07,15.90,15.96,15.43,15.43,4357800,69638560.00
2023/03/08,15.39,15.53,15.35,15.48,1951393,30717666.00
2023/03/09,15.50,15.52,15.00,15.01,3852800,59671280.00
2023/03/10,15.04,15.09,14.78,14.81,2532380,38587040.00
2023/03/13,14.69,14.85,14.60,14.85,2602899,39077784.00
2023/03/14,14.84,14.84,14.30,14.42,2613654,38739056.00
2023/03/15,14.57,14.63,14.44,14.45,1950097,28974662.00
2023/03/16,14.43,14.45,14.25,14.40,2005200,29411884.00
2023/03/17,14.48,14.55,14.28,14.40,2054080,30254298.00
2023/03/20,14.45,14.49,13.99,14.20,2280445,33048426.00
2023/03/21,14.29,14.53,14.11,14.53,2352200,34615904.00
2023/03/22,14.59,14.72,14.44,14.54,1979400,29460706.00
2023/03/23,14.51,14.53,14.32,14.36,2174000,31984720.00
2023/03/24,14.36,14.51,14.32,14.38,1446800,21292092.00
2023/03/27,14.39,14.41,14.17,14.23,1566400,22803388.00
2023/03/28,14.28,14.83,14.23,14.51,3640267,53978232.00
2023/03/29,14.39,14.59,14.20,14.22,2131200,31161368.00
2023/03/30,14.27,14.29,14.00,14.17,1900200,27476972.00
2023/03/31,14.20,14.42,14.19,14.26,1508074,22010746.00
2023/04/03,14.31,14.35,14.19,14.35,1780299,25997916.00
2023/04/04,14.32,14.58,14.13,14.18,2835819,41539040.00
2023/04/06,14.15,14.15,13.83,13.85,3280080,46770108.00
2023/04/07,13.87,14.02,13.77,13.95,1823542,25996848.00
2023/04/10,13.97,13.97,13.69,13.74,2234100,31454958.00
2023/04/11,13.74,13.84,13.68,13.73,1354200,19027896.00
2023/04/12,13.69,13.76,13.46,13.57,2221174,30817586.00
2023/04/13,13.55,13.76,13.49,13.64,2258402,31441446.00
2023/04/14,13.64,13.72,13.43,13.53,1986842,27525638.00
2023/04/17,13.59,13.77,13.49,13.75,2508736,35104552.00
2023/04/18,13.72,14.42,13.67,14.25,6586516,95106272.00
2023/04/19,14.09,14.19,13.99,14.15,3338664,48099552.00
2023/04/20,14.15,14.51,13.93,14.34,4804800,70272072.00
2023/04/21,14.33,14.67,14.30,14.51,6535681,96921640.00
2023/04/24,14.56,14.57,13.73,13.79,4544400,64630612.00
2023/04/25,13.71,13.95,12.79,13.10,4092100,55741848.00
2023/04/26,13.08,13.56,12.91,13.47,3101242,42192216.00
2023/04/27,13.49,13.49,13.17,13.20,2302200,31359912.00
2023/04/28,13.24,14.07,13.21,13.94,4579723,64524556.00
2023/05/04,13.81,14.07,13.74,13.86,2581000,36532524.00
2023/05/05,13.75,13.87,13.31,13.45,2640400,36417820.00
2023/05/08,13.44,13.48,13.28,13.33,1885100,25741934.00
2023/05/09,13.34,13.36,12.99,13.02,2538200,34068472.00
2023/05/10,12.93,13.08,12.89,13.03,1427500,18963440.00
2023/05/11,13.04,13.22,13.04,13.13,1574942,21169860.00
2023/05/12,13.14,13.24,12.89,12.89,1817642,24197496.00
2023/05/15,12.91,13.01,12.84,12.98,1361003,18020338.00
2023/05/16,13.00,13.21,12.94,13.10,1445083,19344376.00
2023/05/17,13.08,13.11,12.95,13.11,1034203,13805253.00
2023/05/18,13.04,13.17,13.04,13.09,1219442,16344414.00
2023/05/19,13.13,13.35,12.89,13.32,2783716,37555532.00
2023/05/22,13.20,13.63,13.19,13.59,2874400,39696784.00
2023/05/23,13.53,13.99,13.51,13.73,4453684,62783720.00
2023/05/24,13.67,13.73,13.46,13.49,2222454,30894156.00
2023/05/25,13.48,13.54,13.24,13.38,1629100,22260286.00
2023/05/26,13.46,13.47,13.10,13.23,1674184,22632688.00
2023/05/29,13.20,13.34,13.06,13.14,1387922,18677888.00
2023/05/30,13.15,13.18,12.89,13.10,1524200,20348662.00
2023/05/31,13.03,13.14,12.99,13.01,1070500,14299471.00
2023/06/01,13.00,13.41,13.00,13.30,2004760,27136552.00
2023/06/02,13.27,13.54,13.24,13.51,1889300,25930642.00
2023/06/05,13.48,13.53,13.32,13.39,1258200,17245570.00
2023/06/06,13.35,13.48,13.19,13.20,1305500,17786996.00
2023/06/07,13.19,13.27,13.11,13.22,1168600,15768821.00
2023/06/08,13.18,13.50,13.15,13.42,2160700,29644112.00
2023/06/09,13.50,13.54,13.36,13.41,1386684,19033450.00
2023/06/12,13.41,13.72,13.17,13.64,2829284,39102048.00
2023/06/13,13.59,13.76,13.55,13.59,1565900,21837008.00
2023/06/14,13.58,13.92,13.56,13.82,3379322,47686516.00
2023/06/15,13.74,13.82,13.49,13.61,2962344,41237480.00
2023/06/16,13.74,13.75,13.57,13.65,1865939,25737062.00
2023/06/19,13.64,13.72,13.40,13.40,1778280,24307702.00
2023/06/20,13.41,13.45,13.30,13.40,1177200,15936117.00
2023/06/21,13.39,13.43,13.22,13.22,1182342,15886935.00
2023/06/26,13.22,13.22,12.80,12.92,2031242,26636616.00
2023/06/27,12.92,13.14,12.92,13.13,1213242,16055976.00
2023/06/28,13.13,13.27,12.89,13.19,1420342,18826004.00
2023/06/29,13.19,13.26,13.14,13.22,860342,11505332.00
2023/06/30,13.16,13.49,13.16,13.37,1423952,19279092.00
2023/07/03,13.57,13.99,13.45,13.75,4911255,68196736.00
2023/07/04,13.75,13.91,13.61,13.90,4216197,58882456.00
2023/07/05,13.85,13.90,13.68,13.72,2283655,31819080.00
2023/07/06,13.68,13.77,13.61,13.62,1162500,16089932.00
2023/07/07,13.58,13.82,13.54,13.74,1533500,21267848.00
2023/07/10,13.77,13.83,13.63,13.68,1434900,19919280.00
2023/07/11,13.68,13.78,13.59,13.70,1109900,15333672.00
2023/07/12,13.72,13.79,13.52,13.54,1792546,24665620.00
2023/07/13,13.55,13.66,13.54,13.58,1208536,16605729.00
2023/07/14,13.54,13.60,13.40,13.43,1390900,18986054.00
2023/07/17,13.41,13.41,13.20,13.37,1023942,13793171.00
2023/07/18,13.37,13.42,13.29,13.35,826700,11180244.00
2023/07/19,13.40,13.49,13.32,13.40,1210320,16409200.00
2023/07/20,13.44,13.96,13.43,13.65,4923542,68073456.00
2023/07/21,13.58,14.60,13.58,14.36,13387316,192004368.00
2023/07/24,14.15,14.23,13.86,14.22,8298510,117767384.00
2023/07/25,14.15,14.35,13.98,14.34,8005380,114843704.00
2023/07/26,14.22,14.82,14.00,14.63,11183189,162919536.00
2023/07/27,14.44,14.62,14.21,14.28,7374225,107518512.00
2023/07/28,14.19,14.59,14.05,14.32,5807129,84251120.00
2023/07/31,14.49,14.90,14.24,14.87,11017266,162766240.00
2023/08/01,14.81,14.81,14.39,14.40,6553681,96531312.00
2023/08/02,14.40,14.60,14.28,14.43,4235742,61704428.00
2023/08/03,14.34,15.08,14.32,14.87,11318557,169472160.00
2023/08/04,14.79,15.14,14.66,14.71,9928496,149249136.00
2023/08/07,14.68,14.78,14.45,14.61,4695261,69262136.00
2023/08/08,14.52,14.84,14.15,14.67,6525667,95741640.00
2023/08/09,14.35,14.52,14.09,14.17,4371545,63165992.00
2023/08/10,14.18,14.79,14.06,14.43,4763045,69445424.00
2023/08/11,14.44,14.59,13.94,14.00,3715518,53473128.00
2023/08/14,13.84,14.04,13.78,13.96,2291000,32202288.00
2023/08/15,13.96,13.96,13.49,13.67,2979442,41212256.00
2023/08/16,13.66,13.88,13.52,13.66,2078000,28828670.00
2023/08/17,13.60,13.81,13.32,13.79,2377600,32723676.00
2023/08/18,13.80,13.91,13.63,13.68,2327800,32378424.00
2023/08/21,13.62,13.96,13.59,13.75,2341200,32732608.00
2023/08/22,13.69,13.86,13.18,13.42,3226000,43786904.00
2023/08/23,13.41,13.44,13.13,13.19,1758200,23584724.00
2023/08/24,13.15,13.54,12.99,13.43,2557300,34451384.00
2023/08/25,13.53,13.82,13.45,13.50,3476600,48005044.00
2023/08/28,14.09,14.34,13.69,13.76,4294145,60914464.00
2023/08/29,13.86,13.99,13.58,13.97,2681600,37517804.00
2023/08/30,13.95,14.08,13.78,13.84,2116142,29788162.00
2023/08/31,13.75,13.96,13.69,13.84,1648542,23033240.00
2023/09/01,13.88,14.48,13.87,14.22,6024500,86757592.00
2023/09/04,14.14,14.18,13.94,14.18,4010700,57144676.00
2023/09/05,14.10,14.14,13.93,14.02,2065600,29290350.00
2023/09/06,13.99,13.99,13.88,13.95,1501600,21153584.00
2023/09/07,13.95,13.95,13.65,13.65,2328774,32448476.00
2023/09/08,13.60,13.75,13.58,13.65,1695500,23456728.00
2023/09/11,13.69,13.78,13.52,13.72,1409271,19470460.00
2023/09/12,13.73,13.88,13.64,13.86,1662671,23194478.00
2023/09/13,13.79,14.02,13.58,13.65,2117374,29484714.00
2023/09/14,13.62,13.71,13.43,13.47,1676822,22936014.00
2023/09/15,13.56,13.59,13.45,13.49,957900,13100585.00
2023/09/18,13.49,13.91,13.35,13.86,2505668,34810984.00
2023/09/19,13.81,13.83,13.58,13.61,1347100,18603182.00
2023/09/20,13.61,13.76,13.49,13.51,1463084,20164430.00
2023/09/21,13.62,13.62,13.14,13.19,2488700,33471344.00
2023/09/22,13.16,13.40,13.05,13.37,1398538,18751234.00
2023/09/25,13.33,13.53,13.30,13.45,1370310,18610090.00
2023/09/26,13.39,13.50,13.26,13.40,1222000,16584685.00
2023/09/27,13.37,13.51,13.31,13.41,840123,11416209.00
2023/09/28,13.41,13.54,13.39,13.53,956300,13041021.00
2023/10/09,13.53,13.53,13.10,13.22,1987597,26560844.00
2023/10/10,13.24,13.41,13.22,13.25,1320126,17764414.00
2023/10/11,13.27,13.37,13.25,13.33,1032790,13914748.00
2023/10/12,13.30,13.42,13.17,13.27,1211500,16236391.00
2023/10/13,13.17,13.23,12.72,12.76,3671300,47975888.00
2023/10/16,12.73,12.98,12.66,12.86,1832042,23829758.00
2023/10/17,12.86,12.98,12.70,12.80,847400,10961210.00
2023/10/18,12.72,12.79,12.53,12.56,1610018,20597974.00
2023/10/19,12.47,12.75,12.44,12.54,1107862,14147012.00
2023/10/20,12.49,12.60,12.41,12.52,906800,11469229.00
2023/10/23,12.40,12.51,12.06,12.12,1587700,19658432.00
2023/10/24,12.12,12.58,12.12,12.56,2018500,25423872.00
2023/10/25,12.65,12.78,12.62,12.70,1136600,14616840.00
2023/10/26,12.58,12.74,12.47,12.66,1387700,17677788.00
2023/10/27,12.70,12.89,12.61,12.84,1805000,23422728.00
2023/10/30,12.75,12.96,12.75,12.92,1330602,17384096.00
2023/10/31,12.95,12.98,12.87,12.96,1226494,16048552.00
2023/11/01,13.11,13.19,12.90,13.14,2397000,31798408.00
2023/11/02,13.14,13.16,12.90,12.91,1351300,17766752.00
2023/11/03,12.94,13.17,12.94,13.12,1499500,19881918.00
2023/11/06,13.19,13.19,13.05,13.17,1451200,19273284.00
2023/11/07,13.14,13.23,13.05,13.19,1286580,17125192.00
2023/11/08,13.16,13.21,13.07,13.18,1076122,14311411.00
2023/11/09,13.17,13.17,13.02,13.09,1208842,15999686.00
2023/11/10,13.09,13.11,12.90,13.05,1078100,14184698.00
2023/11/13,13.05,13.11,13.01,13.11,1000500,13227977.00
2023/11/14,13.11,13.20,13.06,13.13,1335532,17738574.00
2023/11/15,13.18,13.39,13.10,13.28,2106500,28293046.00
2023/11/16,13.29,13.29,13.09,13.09,1370600,18261952.00
2023/11/17,13.03,13.19,13.02,13.15,1016042,13467871.00
2023/11/20,13.20,13.29,13.13,13.26,1367000,18305576.00
2023/11/21,13.29,13.35,13.21,13.27,1118942,15039730.00
2023/11/22,13.29,13.43,13.23,13.28,1626600,21967316.00
2023/11/23,13.28,13.33,13.15,13.22,1576680,21104874.00
2023/11/24,13.15,13.37,13.15,13.32,1658780,22295728.00
2023/11/27,13.27,13.38,13.13,13.20,1510600,20208988.00
2023/11/28,13.15,13.32,13.09,13.31,1407074,18889236.00
2023/11/29,13.31,13.49,13.23,13.35,1840156,24856608.00
2023/11/30,13.30,13.47,13.17,13.38,2194700,29573716.00
2023/12/01,13.38,13.70,13.28,13.48,4150655,56815044.00
2023/12/04,13.55,13.55,13.18,13.19,2804880,37690880.00
2023/12/05,13.19,14.53,13.18,14.53,9315181,135228832.00
2023/12/06,14.57,14.57,13.89,13.99,19701302,280850656.00
2023/12/07,13.99,13.99,13.54,13.84,10948695,152437952.00
2023/12/08,13.68,15.13,13.58,14.32,20622060,299190048.00
2023/12/11,13.84,14.52,13.72,14.51,13717758,197400816.00
2023/12/12,14.43,14.94,14.26,14.60,12057180,177846944.00
2023/12/13,14.46,14.58,14.09,14.09,8212100,118173952.00
2023/12/14,14.19,15.52,14.12,14.71,17639261,264102848.00
2023/12/15,14.49,15.02,14.28,14.64,10609414,156320320.00
2023/12/18,14.34,14.53,13.87,14.10,8322407,118882456.00
2023/12/19,13.96,13.99,13.59,13.75,5640413,78370696.00
2023/12/20,13.71,14.82,13.66,14.01,9447833,136935344.00
2023/12/21,13.84,14.31,13.84,14.22,7430114,106279344.00
2023/12/22,14.09,14.22,13.55,13.66,6665300,93479536.00
2023/12/25,13.77,14.52,13.63,14.14,7165834,102221128.00
2023/12/26,14.04,14.50,14.04,14.07,8308401,119978216.00
2023/12/27,14.00,15.39,13.85,14.87,19454643,288757088.00
2023/12/28,14.69,14.94,14.53,14.66,14362803,213264272.00
2023/12/29,14.60,14.79,14.55,14.68,9112242,135046976.00
2024/01/02,14.70,15.49,14.45,15.11,14551923,219121744.00
2024/01/03,14.99,15.02,14.53,14.68,9405400,139709648.00
2024/01/04,14.54,14.62,14.28,14.60,5731242,83832784.00
2024/01/05,14.54,14.61,13.82,13.92,7556600,108070192.00
2024/01/08,13.77,14.12,13.57,13.77,4269442,59449452.00
2024/01/09,13.70,13.94,13.59,13.82,3920760,54551616.00
2024/01/10,13.83,14.29,13.71,14.26,8758377,125029672.00
2024/01/11,14.09,14.19,13.86,14.10,5534000,78418848.00
2024/01/12,14.05,14.24,13.76,13.76,4803481,67936080.00
2024/01/15,13.62,13.93,13.49,13.65,4007997,55463764.00
2024/01/16,13.61,14.53,12.96,14.33,13966063,193249120.00
2024/01/17,14.22,14.40,13.65,13.73,7992279,113659640.00
2024/01/18,13.50,13.59,12.64,13.07,8488800,111776880.00
2024/01/19,13.03,13.03,12.63,12.63,3858142,50129768.00
2024/01/22,12.63,12.64,11.54,11.68,5424100,66109688.00
2024/01/23,11.62,11.67,11.32,11.65,3521643,41142268.00
2024/01/24,11.74,12.51,11.37,12.38,6952042,84236560.00
2024/01/25,12.02,12.56,12.02,12.46,5670542,70864072.00
2024/01/26,12.42,12.66,12.25,12.33,4242717,53531652.00
2024/01/29,12.38,12.47,11.93,11.97,3264417,40054720.00
2024/01/30,11.74,12.04,11.54,11.57,2368600,28231712.00
2024/01/31,11.53,11.69,10.74,10.92,4158700,47146680.00
2024/02/01,10.80,10.88,10.38,10.65,3046274,32904816.00
2024/02/02,10.66,11.73,10.66,11.73,14230724,166422960.00
2024/02/05,11.67,12.09,10.59,10.93,11993900,137802176.00
2024/02/06,10.92,11.29,9.82,10.71,11701400,122915856.00
2024/02/07,10.64,10.95,9.99,10.24,8130142,86054696.00
2024/02/08,10.10,10.85,10.10,10.83,5800376,62180232.00
2024/02/19,10.84,11.10,10.76,10.98,5022966,55768972.00
2024/02/20,10.99,11.20,10.81,11.08,4053622,45392348.00
2024/02/21,10.97,11.92,10.90,11.31,7168211,82828200.00
2024/02/22,11.17,11.49,11.16,11.45,5264069,60498756.00
2024/02/23,11.41,11.58,11.31,11.57,4244445,49362108.00
2024/02/26,11.54,11.78,11.45,11.64,4386900,51652512.00
2024/02/27,11.51,11.83,11.51,11.83,4142518,49303052.00
2024/02/28,11.84,12.06,10.92,10.98,7291200,85538424.00
2024/02/29,10.82,11.35,10.74,11.29,4597279,51993396.00
2024/03/01,11.28,11.35,11.16,11.29,2823500,32225832.00
2024/03/04,11.29,11.46,11.08,11.44,2969500,33928988.00
2024/03/05,11.40,11.40,11.14,11.14,2457600,27983870.00
2024/03/06,11.11,11.26,11.05,11.18,1985200,22456230.00
2024/03/07,11.18,11.31,11.09,11.13,2526817,28691036.00
2024/03/08,11.14,11.19,10.94,11.08,2082973,23341972.00
2024/03/11,11.10,11.32,11.06,11.32,2405244,27342404.00
2024/03/12,11.32,11.73,11.31,11.68,4678344,54823976.00
2024/03/13,11.55,11.67,11.49,11.58,2527864,29665912.00
2024/03/14,11.59,11.69,11.37,11.53,2487300,29100800.00
2024/03/15,11.46,11.71,11.45,11.66,2547600,30011752.00
2024/03/18,11.65,11.74,11.61,11.74,2503400,29655260.00
2024/03/19,11.72,11.96,11.69,11.81,3183280,38219572.00
2024/03/20,11.85,11.90,11.71,11.84,2512974,30030484.00
2024/03/21,11.82,11.92,11.71,11.88,2734905,32824688.00
2024/03/22,11.84,11.90,11.54,11.63,2423240,28684094.00
2024/03/25,11.62,11.66,11.30,11.31,2301600,26822604.00
2024/03/26,11.34,11.46,11.15,11.41,2379000,27313880.00
2024/03/27,11.40,11.95,11.39,11.51,4863364,57471088.00
2024/03/28,11.34,11.62,11.19,11.62,3806123,44054868.00
2024/03/29,11.59,11.64,11.44,11.57,2342780,27416446.00
2024/04/01,11.63,11.83,11.59,11.81,3068300,36487180.00
2024/04/02,11.81,11.86,11.70,11.82,2843875,33967264.00
2024/04/03,11.80,12.10,11.66,12.10,4982100,60265412.00
2024/04/08,12.06,12.81,11.84,12.39,7941916,98674096.00
2024/04/09,12.24,12.29,11.93,12.11,4993775,61142216.00
2024/04/10,11.99,12.11,11.76,11.80,3582500,43275964.00
2024/04/11,11.76,12.02,11.62,11.98,3889175,46885268.00
2024/04/12,11.91,11.92,11.61,11.68,3229455,38534248.00
2024/04/15,11.67,11.84,10.84,11.17,4298559,48998680.00
2024/04/16,11.09,11.09,10.14,10.17,4895875,51817544.00
2024/04/17,10.29,10.84,10.22,10.84,3622180,39177760.00
2024/04/18,10.78,10.93,10.61,10.79,2333200,25600988.00
2024/04/19,10.79,10.90,10.59,10.78,1822075,19861228.00
2024/04/22,10.66,10.90,10.46,10.70,1749075,19015258.00
2024/04/23,10.71,10.95,10.66,10.89,2056800,22595312.00
2024/04/24,10.89,10.97,10.75,10.94,1745900,19259564.00
2024/04/25,10.90,11.08,10.87,10.95,1568220,17464016.00
2024/04/26,10.99,10.99,10.84,10.96,1929774,21385548.00
2024/04/29,10.98,11.22,10.95,11.22,2342700,26412906.00
2024/04/30,11.22,11.29,11.07,11.18,1807865,20500166.00
2024/05/06,11.29,11.73,11.24,11.52,2798507,32553996.00
2024/05/07,11.46,11.63,11.42,11.51,2079026,24247804.00
2024/05/08,11.51,11.60,11.43,11.45,1834600,21382208.00
2024/05/09,11.46,11.58,11.45,11.58,1770100,20714776.00
2024/05/10,11.61,11.76,11.52,11.57,2026500,23855206.00
2024/05/13,11.49,11.49,11.24,11.30,2008000,23103528.00
2024/05/14,11.36,11.55,11.29,11.48,1543200,17876978.00
2024/05/15,11.44,11.45,11.19,11.21,1856574,21276068.00
2024/05/16,11.25,11.40,11.25,11.28,1342448,15419567.00
2024/05/17,11.36,11.46,11.24,11.39,1625642,18692178.00
2024/05/20,11.32,11.71,11.32,11.51,2727641,31913416.00
2024/05/21,11.41,11.56,11.28,11.32,1568900,18066640.00
2024/05/22,11.31,11.41,11.22,11.33,1365900,15649888.00
2024/05/23,11.33,11.33,11.00,11.02,2022900,22726220.00
2024/05/24,10.95,11.61,10.95,11.01,3179000,36149528.00
2024/05/27,11.02,11.05,10.73,10.89,2494974,27438448.00
2024/05/28,10.79,10.93,10.75,10.83,1715627,18875098.00
2024/05/29,10.81,10.97,10.75,10.86,1457274,16067362.00
2024/05/30,10.73,10.88,10.72,10.75,1397689,15280422.00
2024/05/31,10.74,10.86,10.74,10.82,1026200,11251024.00
2024/06/03,10.89,10.91,10.52,10.62,1675374,18127956.00
2024/06/04,10.55,10.69,10.41,10.54,1303300,13870420.00
2024/06/05,10.54,10.54,10.27,10.28,1467374,15465877.00
2024/06/06,10.30,10.36,9.82,9.96,3183000,32206844.00
2024/06/07,9.99,10.20,9.98,10.19,1989537,20448748.00
2024/06/11,10.14,10.22,10.00,10.16,1224464,12566036.00
2024/06/12,10.18,10.36,10.16,10.31,1509274,15776130.00
2024/06/13,10.30,10.32,10.14,10.19,1280400,13253294.00
2024/06/14,10.38,10.92,10.35,10.43,3876600,41466580.00
2024/06/17,10.26,10.45,10.12,10.14,2580500,26720232.00
2024/06/18,10.18,10.23,10.13,10.19,1677100,17354436.00
2024/06/19,10.28,10.28,10.12,10.17,1032800,10674798.00
2024/06/20,10.15,10.22,9.89,9.96,1543800,15747649.00
2024/06/21,9.94,10.04,9.87,10.03,858274,8702061.00
2024/06/24,9.93,9.96,9.70,9.75,1871942,18610330.00
2024/06/25,9.79,10.44,9.79,10.22,4714405,48641536.00
2024/06/26,10.24,10.29,10.10,10.26,1848200,19170040.00
2024/06/27,10.20,10.28,10.17,10.26,1373574,14279168.00
2024/06/28,10.22,10.48,10.22,10.29,1928588,19902738.00
2024/07/01,10.29,10.44,10.21,10.44,1482700,15376748.00
2024/07/02,10.43,10.47,10.34,10.39,869042,9041610.00
2024/07/03,10.38,10.70,10.30,10.33,1957774,20474986.00
2024/07/04,10.33,10.33,10.08,10.11,1741699,17712416.00
2024/07/05,10.02,10.22,10.01,10.20,766300,7776811.00
2024/07/08,10.16,10.30,9.99,10.18,1363400,13808885.00
2024/07/09,10.09,10.33,10.01,10.33,1497001,15237706.00
2024/07/10,10.34,10.40,10.20,10.25,1052201,10855536.00
2024/07/11,10.39,10.44,10.29,10.40,1582371,16409767.00
2024/07/12,10.38,10.50,10.27,10.28,1274400,13218794.00
2024/07/15,10.20,10.25,10.07,10.10,943942,9546739.00
2024/07/16,10.10,10.16,10.06,10.14,650500,6573864.00
2024/07/17,10.13,10.19,10.08,10.10,793400,8037733.00
2024/07/18,10.07,10.14,9.95,10.09,921000,9252041.00
2024/07/19,10.10,10.20,10.05,10.17,969200,9822933.00
2024/07/22,10.15,10.21,10.04,10.08,881100,8900090.00
2024/07/23,10.05,10.13,9.93,9.93,920800,9227142.00
2024/07/24,9.94,10.00,9.72,9.80,1368200,13439990.00
2024/07/25,9.80,9.91,9.73,9.88,769200,7561483.00
2024/07/26,9.88,10.02,9.88,9.95,975000,9718702.00
2024/07/29,10.00,10.00,9.83,9.84,660742,6533636.50
2024/07/30,9.86,9.96,9.80,9.88,688900,6801981.00
2024/07/31,9.90,10.13,9.89,10.12,1634100,16414292.00
2024/08/01,10.16,10.16,10.01,10.05,1182008,11887839.00
2024/08/02,9.99,10.20,9.95,10.04,1235700,12437333.00
2024/08/05,10.18,10.32,9.91,9.91,2476500,25093816.00
2024/08/06,10.02,10.23,9.96,10.23,2384500,24103304.00
2024/08/07,10.18,10.20,10.06,10.14,1374900,13920499.00
2024/08/08,10.09,10.41,10.07,10.29,2022600,20744256.00
2024/08/09,10.30,10.38,10.17,10.19,1430436,14674528.00
2024/08/12,10.18,10.22,10.08,10.11,873700,8851801.00
2024/08/13,10.13,10.15,10.04,10.13,775400,7812274.00
2024/08/14,10.13,10.20,10.06,10.19,1093000,11093798.00
2024/08/15,10.11,10.25,10.09,10.21,1137000,11568628.00
2024/08/16,10.20,10.41,10.12,10.37,2158244,22225520.00
2024/08/19,10.30,10.41,10.28,10.39,1635407,16938480.00
2024/08/20,10.39,10.39,10.31,10.35,1493400,15453551.00
2024/08/21,10.35,10.47,10.20,10.35,1400100,14498019.00
2024/08/22,10.79,10.99,10.17,10.19,5340945,55840124.00
2024/08/23,10.06,10.39,10.02,10.25,3219517,32838386.00
2024/08/26,10.20,10.53,10.19,10.48,2843800,29597098.00
2024/08/27,10.46,10.96,10.43,10.72,6435787,69087096.00
2024/08/28,10.72,10.80,10.58,10.66,2681000,28666648.00
2024/08/29,10.60,10.72,10.58,10.67,1855642,19746732.00
2024/08/30,10.65,11.10,10.61,10.98,4106022,44940736.00
2024/09/02,11.04,11.20,10.85,10.90,2422045,26717716.00
2024/09/03,10.95,11.80,10.93,11.52,7960200,91532640.00
2024/09/04,11.36,11.71,10.55,10.73,15257389,171521296.00
2024/09/05,10.30,10.32,9.81,10.05,9491587,95040768.00
2024/09/06,9.97,10.05,9.89,9.99,3556000,35532768.00
2024/09/09,9.90,10.10,9.82,10.05,2718380,27194948.00
2024/09/10,10.06,10.16,10.00,10.08,1896500,19091882.00
2024/09/11,10.07,10.11,9.95,10.00,1456100,14583716.00
2024/09/12,9.96,10.07,9.95,9.95,1073100,10737011.00
2024/09/13,10.00,10.00,9.75,9.75,1798730,17732658.00
2024/09/18,9.76,9.88,9.28,9.35,2823055,26690040.00
2024/09/19,9.40,9.89,9.39,9.87,3473048,33799116.00
2024/09/20,9.75,9.85,9.71,9.75,1566300,15298747.00
2024/09/23,9.71,9.87,9.65,9.67,1505700,14698070.00
2024/09/24,9.76,9.90,9.65,9.88,2313178,22684172.00
2024/09/25,9.95,10.11,9.89,9.90,2962000,29595748.00
2024/09/26,9.99,10.32,9.80,10.32,3545607,35880984.00
2024/09/27,10.80,10.97,10.58,10.83,7655274,82465584.00
2024/09/30,11.04,11.77,10.85,11.66,10005556,113438680.00
2024/10/08,12.72,12.80,11.41,11.96,11580200,140297856.00
2024/10/09,11.71,11.71,10.83,10.83,6509310,73307608.00
2024/10/10,10.95,11.23,10.93,11.03,3920100,43531288.00
2024/10/11,11.09,11.48,10.81,10.99,5233575,58273420.00
2024/10/14,10.99,11.16,10.80,11.15,3664101,40339928.00
2024/10/15,11.08,11.20,10.92,10.92,2306393,25546736.00
2024/10/16,10.91,11.03,10.82,10.91,1937493,21204238.00
2024/10/17,11.06,11.14,10.88,10.89,1745526,19252884.00
2024/10/18,10.89,11.12,10.86,11.01,3739579,41038632.00
2024/10/21,11.02,11.05,10.91,11.00,2971400,32631836.00
2024/10/22,11.02,11.24,10.98,11.20,2988711,33323056.00
2024/10/23,11.33,11.36,11.11,11.16,2467180,27629192.00
2024/10/24,11.21,11.21,11.05,11.13,1508676,16778000.00
2024/10/25,11.15,11.25,11.13,11.22,2263081,25358242.00
2024/10/28,11.24,11.62,11.24,11.48,4353289,49670096.00
2024/10/29,11.74,11.75,11.30,11.30,4350695,50031044.00
2024/10/30,11.34,11.60,11.11,11.22,3055600,34525116.00
2024/10/31,11.22,11.29,11.08,11.12,2935400,32708772.00
2024/11/01,11.15,11.48,10.89,11.07,4672600,51947684.00
2024/11/04,11.13,11.31,11.01,11.31,3162300,35348120.00
2024/11/05,11.24,11.35,11.24,11.34,3942000,44578040.00
2024/11/06,11.35,11.39,11.23,11.33,3597082,40713220.00
2024/11/07,11.27,11.79,11.23,11.78,7953800,92584808.00
2024/11/08,11.85,11.93,11.57,11.70,6126900,71558056.00
2024/11/11,11.61,11.72,11.55,11.68,3368782,39185076.00
2024/11/12,11.77,11.88,11.63,11.72,4766675,56177404.00
2024/11/13,11.70,11.78,11.48,11.71,2860800,33267152.00
2024/11/14,11.72,11.74,11.39,11.40,2787700,32185890.00
2024/11/15,11.40,11.54,11.25,11.27,2111300,24094368.00
2024/11/18,11.27,11.35,10.97,11.02,2482300,27627648.00
2024/11/19,11.10,11.23,11.00,11.23,1797945,19975354.00
2024/11/20,11.22,11.40,11.13,11.40,1785587,20208402.00
2024/11/21,11.47,11.60,11.36,11.55,2642087,30351394.00
2024/11/22,11.58,11.61,11.10,11.12,2238300,25431012.00
数据来源:通达信
