001288 运机集团 日线 前复权
      日期	    开盘	    最高	    最低	    收盘	    成交量	    成交额
2021/11/01,17.01,20.50,17.01,19.55,19413099,391106240.00
2021/11/02,17.55,19.08,17.55,17.60,15504325,285668576.00
2021/11/03,16.74,16.74,15.80,15.80,12177240,200466112.00
2021/11/04,15.23,16.12,15.15,15.72,9709269,157016272.00
2021/11/05,15.73,17.34,15.45,17.34,14408754,248015872.00
2021/11/08,17.55,17.55,16.15,16.49,13630048,231899920.00
2021/11/09,16.10,16.82,16.10,16.38,8009871,135416624.00
2021/11/10,16.15,16.33,15.92,16.27,6143440,101802488.00
2021/11/11,16.15,17.05,16.11,16.67,8471105,144571552.00
2021/11/12,16.41,16.90,16.35,16.90,8216914,140570880.00
2021/11/15,16.76,17.50,16.74,17.15,9051785,159042640.00
2021/11/16,16.90,18.43,16.76,17.81,11908980,213357536.00
2021/11/17,17.35,17.69,17.10,17.43,7854494,140058544.00
2021/11/18,17.35,17.35,16.56,16.60,8422744,145502592.00
2021/11/19,16.63,16.73,16.24,16.54,4514808,76399872.00
2021/11/22,16.51,16.78,16.51,16.71,3719148,63602992.00
2021/11/23,16.56,16.71,16.37,16.42,4506047,76212128.00
2021/11/24,16.35,17.21,16.35,17.01,7747783,134290912.00
2021/11/25,16.94,17.08,16.63,16.88,5739026,99274256.00
2021/11/26,16.78,17.16,16.65,16.74,4346386,75444824.00
2021/11/29,16.35,16.52,16.05,16.38,3119377,52537624.00
2021/11/30,16.44,16.68,16.23,16.32,3203964,54158112.00
2021/12/01,16.22,16.50,16.21,16.43,2485613,41857616.00
2021/12/02,16.36,16.52,16.12,16.16,3067249,51308364.00
2021/12/03,16.15,16.23,15.67,15.97,3098825,50692872.00
2021/12/06,15.95,15.95,15.69,15.74,2796260,45331608.00
2021/12/07,15.73,16.43,15.69,16.17,4397201,72551144.00
2021/12/08,16.13,16.14,15.97,16.04,2416903,39888476.00
2021/12/09,16.08,16.72,15.97,16.45,5233331,87872952.00
2021/12/10,16.30,16.86,16.29,16.49,5002162,85214648.00
2021/12/13,16.35,16.77,16.17,16.53,4038720,68210296.00
2021/12/14,16.45,16.88,16.31,16.78,5935166,101538816.00
2021/12/15,17.05,17.52,16.91,16.95,9856492,174253120.00
2021/12/16,16.87,17.33,16.73,16.92,7411422,129281976.00
2021/12/17,16.94,18.66,16.90,18.66,11088887,209758816.00
2021/12/20,18.86,20.57,17.60,20.57,17128327,330466592.00
2021/12/21,22.37,22.67,21.55,22.67,6284471,143488144.00
2021/12/22,24.98,24.98,22.67,22.69,29572108,737632960.00
2021/12/23,20.41,21.44,20.38,20.38,8752460,184834256.00
2021/12/24,18.73,19.43,18.30,18.30,19444001,372106048.00
2021/12/27,18.25,18.30,17.65,18.08,10762213,197851776.00
2021/12/28,18.05,18.26,17.73,18.09,8984161,166221648.00
2021/12/29,17.95,18.31,17.45,17.97,7774401,142834176.00
2021/12/30,17.80,18.10,17.76,17.80,5870392,107932168.00
2021/12/31,17.76,17.84,17.36,17.36,6566711,118360312.00
2022/01/04,17.43,17.70,17.40,17.62,4245440,76490000.00
2022/01/05,17.60,17.68,16.98,17.26,4696583,82914176.00
2022/01/06,17.16,17.61,17.16,17.40,3369281,60178768.00
2022/01/07,17.43,17.60,17.13,17.22,4003592,71415152.00
2022/01/10,17.17,17.35,16.83,17.29,2775811,48930216.00
2022/01/11,17.29,17.44,17.20,17.23,2608103,46326432.00
2022/01/12,17.20,17.54,17.17,17.47,2959773,52817196.00
2022/01/13,17.47,17.72,17.30,17.68,4499135,81109440.00
2022/01/14,17.60,17.60,16.77,16.87,5653870,99640368.00
2022/01/17,16.70,16.99,16.70,16.88,2296260,39756660.00
2022/01/18,16.84,16.88,16.26,16.34,4244907,72012760.00
2022/01/19,16.34,16.58,16.30,16.50,2119741,35809188.00
2022/01/20,16.56,16.56,15.98,16.05,2888617,47975888.00
2022/01/21,15.99,16.19,15.87,16.05,1738746,28719674.00
2022/01/24,15.95,16.23,15.83,16.08,1493697,24602744.00
2022/01/25,16.06,16.06,15.45,15.45,2677363,43209976.00
2022/01/26,15.50,15.65,15.37,15.57,1514285,24206210.00
2022/01/27,15.54,15.63,15.15,15.16,1614908,25482486.00
2022/01/28,15.25,15.64,15.25,15.50,1769675,28163152.00
2022/02/07,15.80,15.85,15.61,15.70,1565203,25323670.00
2022/02/08,15.70,16.03,15.66,16.01,1815121,29709690.00
2022/02/09,16.03,16.15,15.92,16.09,1677708,27681876.00
2022/02/10,16.05,16.08,15.88,15.94,1618786,26537034.00
2022/02/11,15.86,15.90,15.62,15.63,1539466,24882024.00
2022/02/14,15.61,17.22,15.46,16.34,4270464,71831744.00
2022/02/15,16.11,16.54,16.10,16.32,2894180,48552820.00
2022/02/16,16.32,16.51,16.32,16.41,1755353,29552676.00
2022/02/17,16.39,16.75,16.34,16.58,2638824,44842336.00
2022/02/18,16.64,16.64,16.26,16.47,1728868,29138132.00
2022/02/21,16.33,16.93,16.26,16.73,2807599,47951708.00
2022/02/22,16.63,16.83,16.45,16.62,2454186,41942808.00
2022/02/23,16.61,16.78,16.45,16.70,2247929,38436716.00
2022/02/24,16.60,16.72,15.77,16.00,3160446,52788868.00
2022/02/25,16.06,16.51,16.01,16.20,1924853,32235044.00
2022/02/28,16.16,16.46,15.85,16.15,1268446,20960810.00
2022/03/01,16.15,16.41,16.14,16.40,1543847,25903604.00
2022/03/02,16.30,16.60,16.27,16.60,1738134,29395696.00
2022/03/03,16.87,17.27,16.47,17.17,5998421,104439040.00
2022/03/04,16.90,18.47,16.65,17.62,10497883,189086704.00
2022/03/07,17.25,18.18,16.96,17.77,8838277,160038960.00
2022/03/08,17.56,19.59,17.35,18.81,16116096,313269408.00
2022/03/09,18.17,18.32,16.88,17.72,12510325,226006736.00
2022/03/10,17.67,18.02,16.89,17.12,11119937,198117264.00
2022/03/11,16.81,16.81,15.66,16.17,8675405,142742928.00
2022/03/14,15.84,16.03,15.48,15.54,4426472,71763928.00
2022/03/15,15.38,15.38,14.33,14.33,5400005,82783264.00
2022/03/16,14.61,14.78,14.05,14.71,3998577,59746120.00
2022/03/17,14.85,15.05,14.70,14.76,3598938,55171216.00
2022/03/18,14.67,15.20,14.63,15.07,2945118,45410864.00
2022/03/21,15.08,15.30,14.95,15.27,2829423,44273944.00
2022/03/22,15.26,15.29,14.99,15.15,2704028,42148860.00
2022/03/23,15.15,15.28,14.96,14.99,2274921,35332104.00
2022/03/24,15.00,15.01,14.63,14.75,2139100,32569362.00
2022/03/25,14.90,15.14,14.75,14.91,2320634,35732404.00
2022/03/28,14.94,15.15,14.56,14.88,2298260,35123592.00
2022/03/29,14.88,14.93,14.60,14.61,1835193,27779052.00
2022/03/30,14.69,14.75,14.59,14.69,1473148,22285948.00
2022/03/31,14.65,14.90,14.58,14.73,1658808,25218110.00
2022/04/01,14.70,14.70,14.44,14.59,1419272,21281254.00
2022/04/06,14.54,14.88,14.53,14.84,1763057,26837354.00
2022/04/07,14.82,14.82,14.63,14.72,1384882,20976048.00
2022/04/08,14.70,14.78,14.41,14.62,1743844,26276954.00
2022/04/11,14.72,15.02,14.55,14.60,2334557,35406520.00
2022/04/12,14.60,14.74,14.21,14.64,2177151,32372164.00
2022/04/13,14.64,15.20,14.45,15.12,4472656,69025264.00
2022/04/14,15.07,15.19,14.90,15.10,2438933,37699564.00
2022/04/15,15.12,15.12,14.55,14.61,2195979,33302340.00
2022/04/18,14.43,14.67,14.15,14.61,1564425,23241752.00
2022/04/19,14.55,14.74,14.48,14.55,1019781,15326504.00
2022/04/20,14.56,14.90,14.52,14.76,2168137,32938066.00
2022/04/21,14.69,14.84,14.38,14.55,2033337,30534160.00
2022/04/22,14.55,15.43,14.41,15.36,4989497,77447992.00
2022/04/25,15.19,15.19,14.05,14.12,3997125,60201228.00
2022/04/26,14.12,14.37,12.66,12.79,3312440,46363816.00
2022/04/27,12.42,12.99,11.73,12.92,2754407,34947220.00
2022/04/28,12.75,12.75,12.05,12.13,1683124,21609446.00
2022/04/29,12.20,13.08,12.20,12.99,2112391,27955856.00
2022/05/05,12.99,13.96,12.83,13.51,2236225,31178364.00
2022/05/06,13.17,13.89,13.05,13.56,1763731,24713484.00
2022/05/09,13.55,14.37,13.36,13.95,1748572,25194078.00
2022/05/10,13.97,14.22,13.85,14.06,1705691,24738522.00
2022/05/11,14.00,14.25,13.77,13.82,1938500,28112316.00
2022/05/12,13.68,15.25,13.58,15.25,4899830,74950800.00
2022/05/13,16.54,16.82,15.38,15.78,17367453,294430048.00
2022/05/16,15.57,15.65,14.58,15.21,10570176,162795904.00
2022/05/17,14.86,15.09,14.50,14.67,4849523,73611304.00
2022/05/18,14.77,14.95,14.56,14.59,3915107,59609340.00
2022/05/19,14.18,14.64,14.17,14.49,2948357,43893112.00
2022/05/20,14.70,15.10,14.36,14.84,5599846,85253872.00
2022/05/23,14.85,14.92,14.61,14.65,2851708,43277344.00
2022/05/24,14.73,14.76,13.67,14.05,3518574,51468236.00
2022/05/25,14.55,15.50,13.65,14.83,9184883,142287888.00
2022/05/26,14.84,14.90,14.12,14.17,6482393,95778384.00
2022/05/27,14.17,14.27,13.83,13.98,3239724,46903544.00
2022/05/30,13.92,14.03,13.65,13.85,2049769,29174518.00
2022/05/31,13.90,13.97,13.58,13.95,1936928,27565032.00
2022/06/01,13.98,14.02,13.83,13.96,1663946,23947000.00
2022/06/02,13.95,14.19,13.75,14.07,1849100,26651402.00
2022/06/06,14.11,14.53,14.10,14.49,3568437,52858472.00
2022/06/07,14.52,14.52,14.16,14.38,2395831,35424388.00
2022/06/08,14.31,14.50,13.96,14.16,1928783,28020408.00
2022/06/09,14.16,14.16,13.83,13.84,1428700,20432346.00
2022/06/10,13.81,14.00,13.77,13.94,929897,13286947.00
2022/06/13,13.98,14.04,13.83,13.90,1047700,14963600.00
2022/06/14,13.85,13.88,13.43,13.87,1388623,19439182.00
2022/06/15,13.87,14.18,13.81,13.92,1741289,24946928.00
2022/06/16,13.45,14.04,13.45,13.92,1207900,17215778.00
2022/06/17,13.78,14.18,13.76,14.05,1509346,21689098.00
2022/06/20,14.05,14.23,14.00,14.19,1422096,20582426.00
2022/06/21,14.19,14.36,14.00,14.36,2087361,30472756.00
2022/06/22,14.30,14.43,14.12,14.13,1254900,18339330.00
2022/06/23,14.11,14.38,14.02,14.27,1618746,23542834.00
2022/06/24,14.31,14.47,14.24,14.38,1645866,24153322.00
2022/06/27,14.38,14.78,14.34,14.71,2770083,41392100.00
2022/06/28,15.65,15.65,15.05,15.08,6114489,95546824.00
2022/06/29,15.11,16.15,14.79,15.47,5661834,88893832.00
2022/06/30,15.25,15.63,15.10,15.26,3675594,57748424.00
2022/07/01,15.26,16.10,15.01,15.79,3782431,60244224.00
2022/07/04,15.81,15.91,15.36,15.50,2454472,38985000.00
2022/07/05,15.50,15.59,14.97,15.10,2405491,37427604.00
2022/07/06,15.08,15.83,14.80,15.48,3182760,49853836.00
2022/07/07,15.40,15.99,15.38,15.46,2572823,41227280.00
2022/07/08,15.30,15.95,15.30,15.42,1626000,25727852.00
2022/07/11,15.33,15.65,15.11,15.40,1771273,27787592.00
2022/07/12,15.34,15.80,15.19,15.78,3151321,50307052.00
2022/07/13,15.76,16.38,15.53,16.27,4179503,68909320.00
2022/07/14,16.17,16.44,15.87,16.07,2643400,43403400.00
2022/07/15,15.98,16.10,15.60,15.64,2101202,33844452.00
2022/07/18,15.66,16.32,15.64,16.19,2017215,33052876.00
2022/07/19,16.20,16.20,15.86,16.15,1695669,27778948.00
2022/07/20,16.10,16.28,15.95,16.08,1280111,21028000.00
2022/07/21,16.07,16.36,15.92,16.08,1561601,25734170.00
2022/07/22,15.98,16.70,15.96,16.53,2667592,44761952.00
2022/07/25,16.55,18.22,16.55,17.56,5932882,105375280.00
2022/07/26,17.35,17.56,16.95,17.29,3198467,56269672.00
2022/07/27,17.33,17.80,17.12,17.53,2378381,42404548.00
2022/07/28,17.43,17.72,17.26,17.31,2012100,35882056.00
2022/07/29,17.31,17.64,16.94,17.48,2152823,38157632.00
2022/08/01,17.40,18.18,17.09,17.97,2447451,44111232.00
2022/08/02,17.98,17.98,16.56,16.73,3066527,53717360.00
2022/08/03,16.73,17.58,16.69,17.02,2453091,43174804.00
2022/08/04,17.20,17.49,16.75,17.03,1254600,21783436.00
2022/08/05,17.14,17.26,16.83,17.04,1202546,20897996.00
2022/08/08,16.94,17.44,16.87,17.38,1319737,23282406.00
2022/08/09,17.33,17.80,17.23,17.45,1209560,21577782.00
2022/08/10,17.69,17.69,17.17,17.25,957376,16905874.00
2022/08/11,17.31,17.55,17.20,17.22,1103693,19466910.00
2022/08/12,17.30,17.30,16.71,16.72,1641524,28366622.00
2022/08/15,16.73,16.85,16.40,16.65,1725350,29264160.00
2022/08/16,16.65,16.96,16.38,16.83,1647010,28009282.00
2022/08/17,16.84,16.87,16.52,16.59,860736,14603897.00
2022/08/18,16.53,16.75,16.34,16.37,857600,14433244.00
2022/08/19,16.37,16.48,15.95,15.95,1288310,21164718.00
2022/08/22,15.95,16.40,15.85,16.05,1304160,21378240.00
2022/08/23,16.05,16.38,15.95,16.17,996628,16426029.00
2022/08/24,16.14,16.26,15.85,15.96,889260,14554332.00
2022/08/25,15.95,16.06,15.40,15.63,955765,15336528.00
2022/08/26,15.75,15.84,15.46,15.53,641127,10227594.00
2022/08/29,15.46,15.67,15.24,15.53,699500,11110085.00
2022/08/30,15.51,15.83,15.37,15.41,822323,13044530.00
2022/08/31,15.41,15.51,14.84,14.86,909000,13963862.00
2022/09/01,15.04,15.72,15.04,15.23,979000,15396199.00
2022/09/02,15.28,16.79,15.17,16.79,3696156,61657592.00
2022/09/05,16.76,17.36,16.23,16.58,4152045,70634720.00
2022/09/06,16.45,16.63,16.25,16.61,2024491,34040676.00
2022/09/07,17.02,17.34,16.67,17.28,2923034,50812252.00
2022/09/08,17.22,17.59,16.81,17.31,2315692,40526276.00
2022/09/09,19.05,19.08,19.05,19.08,6216471,120752768.00
2022/09/13,19.08,19.08,17.15,17.19,9748171,178421248.00
2022/09/14,15.45,16.65,15.45,16.26,5167718,85163000.00
2022/09/15,16.09,16.52,15.57,16.50,4117781,67571784.00
2022/09/16,16.11,16.31,15.68,15.86,2445400,39847148.00
2022/09/19,15.86,16.05,15.14,15.16,2430000,38071224.00
2022/09/20,15.26,15.55,15.21,15.33,1311974,20587536.00
2022/09/21,15.21,16.04,14.93,15.55,1570718,24909842.00
2022/09/22,15.28,16.03,15.16,15.75,1501721,24066750.00
2022/09/23,15.75,16.55,15.58,15.64,1895342,30959778.00
2022/09/26,15.57,16.30,15.52,15.94,2491397,40813944.00
2022/09/27,15.65,15.99,15.20,15.64,1870143,29686858.00
2022/09/28,15.51,15.70,15.25,15.28,1295476,20439034.00
2022/09/29,15.30,15.50,14.50,15.09,1685983,25815776.00
2022/09/30,14.90,15.04,14.42,14.42,927148,13906533.00
2022/10/10,14.46,14.77,14.31,14.39,683037,10207479.00
2022/10/11,14.51,14.58,14.11,14.57,429523,6342013.00
2022/10/12,14.56,15.10,14.44,15.06,773811,11743490.00
2022/10/13,15.04,15.20,14.75,15.05,504300,7775984.00
2022/10/14,15.32,15.73,15.21,15.73,1176823,18579828.00
2022/10/17,15.50,16.03,15.48,15.98,1044618,16939558.00
2022/10/18,16.08,16.18,15.87,15.88,1327123,21704556.00
2022/10/19,15.94,15.94,15.31,15.46,1206423,19123254.00
2022/10/20,15.46,15.63,15.25,15.25,775700,12223354.00
2022/10/21,15.25,15.55,15.21,15.35,539223,8508291.00
2022/10/24,15.35,15.56,14.95,15.03,690400,10781290.00
2022/10/25,15.04,15.60,14.65,15.25,947823,14604667.00
2022/10/26,15.25,15.98,15.03,15.85,1662759,26612614.00
2022/10/27,15.83,16.05,15.64,15.85,998400,16135297.00
2022/10/28,15.93,15.93,15.03,15.56,1245937,19514538.00
2022/10/31,16.16,16.18,15.13,15.57,1670510,26792284.00
2022/11/01,15.65,15.85,15.20,15.74,1365996,21769134.00
2022/11/02,15.75,16.27,15.53,16.15,1717893,28031750.00
2022/11/03,15.95,16.59,15.82,16.31,3401823,56611284.00
2022/11/04,16.31,16.67,16.14,16.30,3036405,50589224.00
2022/11/07,16.32,16.51,16.15,16.26,1937583,32316472.00
2022/11/08,16.19,16.34,16.02,16.10,744637,12270831.00
2022/11/09,16.15,16.44,16.03,16.19,1249226,20703134.00
2022/11/10,16.09,16.13,15.65,15.74,1207556,19579306.00
2022/11/11,15.83,16.23,15.25,15.29,2842934,45859984.00
2022/11/14,15.27,15.40,15.00,15.09,1177600,18295768.00
2022/11/15,15.01,15.34,15.00,15.29,1093600,17009214.00
2022/11/16,15.34,15.68,15.22,15.66,1890860,29917198.00
2022/11/17,15.46,16.05,15.25,15.71,1760334,28047788.00
2022/11/18,15.65,15.77,15.37,15.43,1039323,16619517.00
2022/11/21,15.36,15.67,15.36,15.62,1320700,21044016.00
2022/11/22,15.62,15.80,15.43,15.65,1600100,25571136.00
2022/11/23,15.64,15.64,15.15,15.26,780000,12261243.00
2022/11/24,15.27,15.57,15.26,15.44,502100,7919108.00
2022/11/25,15.48,15.48,15.29,15.34,455343,7144086.50
2022/11/28,15.15,15.33,15.05,15.11,507360,7861789.00
2022/11/29,14.93,15.41,14.93,15.35,983823,15329518.00
2022/11/30,15.39,15.45,15.17,15.25,864600,13501985.00
2022/12/01,15.34,15.56,15.15,15.35,1465012,22972188.00
2022/12/02,15.42,16.16,15.25,15.95,3917880,63288656.00
2022/12/05,16.05,16.15,15.76,15.98,2124434,34617056.00
2022/12/06,15.98,16.25,15.79,15.84,2363023,38698952.00
2022/12/07,15.84,15.95,15.65,15.71,848900,13647649.00
2022/12/08,15.75,15.88,15.60,15.78,995897,16062685.00
2022/12/09,15.78,15.81,15.38,15.38,837000,13302022.00
2022/12/12,15.41,15.49,15.23,15.49,550474,8673408.00
2022/12/13,15.34,15.57,15.30,15.43,596923,9402390.00
2022/12/14,15.33,15.52,15.26,15.46,577800,9091550.00
2022/12/15,15.51,15.64,15.36,15.49,678323,10723555.00
2022/12/16,15.86,15.86,15.18,15.33,1209900,19138070.00
2022/12/19,15.43,15.43,14.83,15.03,820297,12609649.00
2022/12/20,15.03,15.19,14.86,15.02,389123,5985743.50
2022/12/21,15.10,15.15,14.77,14.82,430060,6562266.00
2022/12/22,14.95,15.03,14.77,14.81,467460,7095289.00
2022/12/23,14.81,14.95,14.55,14.86,416523,6299750.50
2022/12/26,15.00,15.03,14.81,14.91,302100,4622237.00
2022/12/27,14.91,15.15,14.88,14.93,479423,7343745.00
2022/12/28,15.13,15.13,14.45,14.46,583437,8756000.00
2022/12/29,14.34,14.60,14.33,14.42,436293,6446332.00
2022/12/30,14.59,14.59,14.37,14.49,343623,5083696.00
2023/01/03,14.59,14.82,14.47,14.78,526323,7910357.50
2023/01/04,14.74,14.91,14.69,14.80,297900,4512172.00
2023/01/05,14.80,14.90,14.70,14.89,395723,6003097.50
2023/01/06,14.87,14.95,14.51,14.56,809906,12188304.00
2023/01/09,14.70,14.71,14.56,14.67,369923,5552773.50
2023/01/10,14.62,14.85,14.57,14.83,592306,8940557.00
2023/01/11,14.71,15.15,14.69,14.85,1970352,30204552.00
2023/01/12,14.72,14.79,14.54,14.64,541800,8134024.00
2023/01/13,14.56,14.68,14.56,14.58,290000,4338845.00
2023/01/16,14.56,15.09,14.56,14.89,1078546,16468244.00
2023/01/17,14.90,14.96,14.77,14.90,316200,4807035.00
2023/01/18,14.77,15.03,14.77,14.94,441100,6737897.00
2023/01/19,14.94,14.99,14.83,14.90,632137,9616795.00
2023/01/20,14.80,15.13,14.80,15.05,587037,9018708.00
2023/01/30,15.14,15.30,15.11,15.19,1008237,15701585.00
2023/01/31,15.25,15.55,15.20,15.39,1743692,27417974.00
2023/02/01,15.42,15.51,15.28,15.42,812623,12789579.00
2023/02/02,15.40,15.73,15.30,15.45,1524800,24192596.00
2023/02/03,15.55,15.71,15.38,15.46,1860512,29603590.00
2023/02/06,15.38,15.75,15.32,15.47,1364100,21615276.00
2023/02/07,15.45,15.92,15.39,15.70,2835412,45345764.00
2023/02/08,15.95,15.95,15.48,15.73,1360990,21715078.00
2023/02/09,15.63,15.78,15.52,15.71,1679100,26843404.00
2023/02/10,15.79,15.79,15.56,15.68,721000,11533717.00
2023/02/13,15.67,16.15,15.60,15.98,2695800,43863116.00
2023/02/14,15.94,16.05,15.59,15.70,1696300,27271524.00
2023/02/15,15.80,15.82,15.58,15.63,1024800,16435861.00
2023/02/16,15.68,15.72,15.27,15.31,1597222,25301936.00
2023/02/17,15.35,15.52,15.27,15.36,961700,15173865.00
2023/02/20,15.49,15.65,15.35,15.59,815200,12964332.00
2023/02/21,15.56,15.81,15.53,15.64,979046,15631420.00
2023/02/22,15.53,15.77,15.52,15.68,1017460,16282908.00
2023/02/23,15.55,15.79,15.54,15.78,1197560,19275152.00
2023/02/24,15.89,15.92,15.67,15.85,1064823,17195736.00
2023/02/27,15.85,15.91,15.67,15.72,695100,11209491.00
2023/02/28,15.73,15.87,15.70,15.83,1006900,16235556.00
2023/03/01,15.85,15.89,15.77,15.87,798200,12929089.00
2023/03/02,15.85,15.95,15.69,15.76,653300,10539425.00
2023/03/03,15.73,15.79,15.66,15.79,550800,8858448.00
2023/03/06,15.77,15.95,15.70,15.81,872100,14104621.00
2023/03/07,15.83,15.83,15.35,15.41,709783,11289671.00
2023/03/08,15.35,15.63,15.35,15.61,559637,8881627.00
2023/03/09,15.60,15.72,15.54,15.67,410000,6543434.00
2023/03/10,15.68,15.72,15.39,15.44,497900,7870905.00
2023/03/13,15.58,15.58,15.29,15.48,502300,7917646.00
2023/03/14,15.45,15.59,15.32,15.40,1104217,17461836.00
2023/03/15,15.46,15.79,15.37,15.73,909223,14555069.00
2023/03/16,15.68,15.95,15.57,15.59,1183400,19073724.00
2023/03/17,15.71,15.81,15.62,15.73,895546,14378161.00
2023/03/20,15.81,16.35,15.66,16.17,3029746,49845872.00
2023/03/21,16.43,16.43,15.86,15.99,2662283,43483344.00
2023/03/22,16.00,16.17,15.76,15.84,1891023,30791512.00
2023/03/23,15.91,15.91,15.71,15.85,1432431,23161330.00
2023/03/24,15.97,16.18,15.87,16.13,1761720,28953120.00
2023/03/27,16.10,16.21,15.70,15.81,1069200,17364468.00
2023/03/28,15.86,15.88,15.51,15.53,887037,14220036.00
2023/03/29,15.56,15.67,15.36,15.48,739000,11707972.00
2023/03/30,15.49,15.49,15.05,15.11,920900,14295011.00
2023/03/31,15.15,15.31,15.12,15.24,442923,6899448.00
2023/04/03,15.23,15.61,15.23,15.58,1127954,17888922.00
2023/04/04,15.57,16.34,15.42,15.72,1233903,19834578.00
2023/04/06,15.60,15.85,15.36,15.37,954300,15188161.00
2023/04/07,15.37,15.63,15.28,15.58,754400,11988528.00
2023/04/10,15.56,15.58,15.02,15.09,1283200,19972544.00
2023/04/11,15.05,15.25,14.88,14.96,756460,11570281.00
2023/04/12,15.03,15.23,14.96,15.16,491000,7588416.00
2023/04/13,15.13,15.27,14.98,15.12,438060,6790546.00
2023/04/14,15.11,15.29,15.11,15.24,388200,6041905.00
2023/04/17,15.11,15.95,15.11,15.62,1169669,18538442.00
2023/04/18,15.62,15.83,15.34,15.37,1013937,16030327.00
2023/04/19,15.41,15.55,15.35,15.47,589169,9326384.00
2023/04/20,15.55,15.60,15.21,15.30,537400,8424162.00
2023/04/21,15.30,15.55,15.07,15.39,800900,12419657.00
2023/04/24,15.25,15.30,14.88,15.07,793800,12191286.00
2023/04/25,14.93,15.01,14.48,14.64,692237,10376599.00
2023/04/26,14.88,14.90,14.48,14.89,387800,5821520.00
2023/04/27,14.88,15.25,14.66,15.13,609283,9325161.00
2023/04/28,15.11,15.62,15.11,15.57,729323,11416628.00
2023/05/04,15.41,15.90,15.39,15.87,1296023,20822592.00
2023/05/05,15.99,15.99,15.67,15.81,560846,8981374.00
2023/05/08,15.81,15.93,15.70,15.77,585469,9403443.00
2023/05/09,15.87,15.87,15.49,15.66,554223,8785115.00
2023/05/10,15.50,15.82,15.50,15.62,610700,9729215.00
2023/05/11,15.58,15.81,15.58,15.73,318083,5069744.00
2023/05/12,15.73,15.90,15.61,15.90,942718,15149298.00
2023/05/15,15.90,15.95,15.59,15.80,733500,11702317.00
2023/05/16,15.77,15.77,15.58,15.65,473100,7534224.00
2023/05/17,15.65,16.28,15.59,16.28,2282300,37214928.00
2023/05/18,16.28,16.41,16.13,16.38,1856500,30718336.00
2023/05/19,16.31,16.38,16.15,16.35,1004800,16606476.00
2023/05/22,16.52,18.01,16.39,18.01,4981157,88768344.00
2023/05/23,18.01,18.01,16.98,17.15,8005856,140570064.00
2023/05/24,16.97,17.41,16.79,17.21,5917152,102989304.00
2023/05/25,17.19,17.19,16.61,17.05,3780065,64869852.00
2023/05/26,17.01,17.05,16.45,16.82,2743874,46504628.00
2023/05/29,16.82,16.84,16.48,16.68,1981500,33485586.00
2023/05/30,16.75,18.37,16.51,17.58,8963269,159679744.00
2023/05/31,17.11,19.36,16.99,19.21,17383621,329484032.00
2023/06/01,19.11,20.22,18.59,18.60,16850791,330725152.00
2023/06/02,18.60,19.40,17.99,18.60,8274499,157087808.00
2023/06/05,18.81,19.10,18.33,18.51,4004207,75589400.00
2023/06/06,18.49,18.70,17.83,17.90,3402669,62574420.00
2023/06/07,18.15,18.36,17.85,17.93,2807092,51270736.00
2023/06/08,18.00,18.24,17.50,17.87,4113392,74424296.00
2023/06/09,17.86,18.62,17.86,18.20,3457137,63872836.00
2023/06/12,18.15,18.70,17.63,18.42,3380123,62449960.00
2023/06/13,18.49,18.82,18.27,18.68,2603400,49031184.00
2023/06/14,18.67,18.67,18.13,18.25,2265300,41992824.00
2023/06/15,18.31,18.50,17.95,18.35,2201200,40958656.00
2023/06/16,18.41,18.81,18.25,18.56,2508660,47235196.00
2023/06/19,18.69,19.18,18.45,18.52,2602800,49471576.00
2023/06/20,18.63,18.95,18.51,18.63,2759100,52226872.00
2023/06/21,18.55,18.91,18.53,18.64,3076346,58420380.00
2023/06/26,18.60,19.07,18.35,18.35,2493100,46994244.00
2023/06/27,18.48,19.16,18.35,18.94,3554446,67934280.00
2023/06/28,18.86,19.32,18.07,19.00,3868982,72742904.00
2023/06/29,18.93,19.61,18.75,19.17,4389453,85352344.00
2023/06/30,18.97,19.04,18.50,18.65,3932692,74487136.00
2023/07/03,18.70,19.00,17.80,17.90,4435300,82237216.00
2023/07/04,17.85,18.29,17.75,18.15,2245547,41164124.00
2023/07/05,18.05,18.05,17.56,17.63,2025300,36440460.00
2023/07/06,17.54,17.69,17.41,17.57,1199800,21365784.00
2023/07/07,17.53,17.53,17.21,17.35,1338600,23597404.00
2023/07/10,17.44,17.60,17.01,17.28,1570900,27381680.00
2023/07/11,17.34,17.77,17.13,17.72,1668523,29670460.00
2023/07/12,17.72,18.12,17.44,17.45,1627900,29435918.00
2023/07/13,17.60,17.85,17.34,17.39,1099037,19519020.00
2023/07/14,17.33,17.49,17.19,17.39,950262,16726414.00
2023/07/17,17.40,17.46,17.13,17.31,706223,12402376.00
2023/07/18,17.44,17.81,17.18,17.57,1755497,31311612.00
2023/07/19,17.50,17.79,17.20,17.22,888123,15652297.00
2023/07/20,17.42,17.42,16.23,16.30,3415500,57566476.00
2023/07/21,16.30,16.52,16.17,16.28,1913150,31806748.00
2023/07/24,16.36,16.84,16.18,16.68,1455587,24509482.00
2023/07/25,16.86,17.32,16.62,17.26,1854900,31951888.00
2023/07/26,17.40,17.40,16.95,16.99,1014300,17574592.00
2023/07/27,17.00,17.10,16.83,16.92,868300,14970529.00
2023/07/28,16.86,16.87,16.68,16.74,710600,12100455.00
2023/07/31,16.80,17.26,16.80,17.17,1620100,28073036.00
2023/08/01,17.30,17.34,17.00,17.15,1140739,19796192.00
2023/08/02,17.16,17.37,17.05,17.34,661400,11576990.00
2023/08/03,17.35,17.40,17.11,17.21,629700,10990991.00
2023/08/04,17.35,17.40,16.89,16.92,1859500,32238692.00
2023/08/07,17.01,17.15,16.83,16.91,1087300,18747672.00
2023/08/08,16.93,17.03,16.73,16.93,863500,14780062.00
2023/08/09,16.93,17.27,16.67,16.88,1184200,20434996.00
2023/08/10,17.05,17.27,16.80,17.05,1151300,19846976.00
2023/08/11,17.11,17.12,16.86,16.86,781600,13448715.00
2023/08/14,16.80,17.23,16.58,17.15,1449146,24803158.00
2023/08/15,17.25,17.83,17.18,17.65,3613800,64452684.00
2023/08/16,17.62,17.69,17.14,17.30,2411837,42633704.00
2023/08/17,17.05,17.65,17.00,17.62,2106000,37024936.00
2023/08/18,17.61,17.84,17.26,17.54,2073000,37078676.00
2023/08/21,17.80,17.83,17.23,17.24,2291237,40569516.00
2023/08/22,17.51,17.56,16.99,17.38,1732900,30267480.00
2023/08/23,17.36,17.43,17.14,17.21,1066800,18690520.00
2023/08/24,17.21,17.28,16.56,16.61,2074423,35318812.00
2023/08/25,16.50,16.81,16.10,16.14,1678276,27854754.00
2023/08/28,16.74,16.96,15.75,15.93,2494100,41423456.00
2023/08/29,15.97,17.07,15.86,17.03,2678900,45395328.00
2023/08/30,17.03,17.63,17.03,17.32,2638200,46512288.00
2023/08/31,17.31,17.90,17.29,17.64,2991922,53624220.00
2023/09/01,17.64,17.70,17.21,17.35,1345522,23696968.00
2023/09/04,17.32,17.56,17.13,17.37,1229200,21576308.00
2023/09/05,17.15,17.61,17.15,17.36,1360200,24035660.00
2023/09/06,17.38,17.45,17.21,17.43,1504700,26462182.00
2023/09/07,17.63,17.65,17.13,17.18,1230323,21579966.00
2023/09/08,17.25,17.37,16.95,17.31,1224623,21398078.00
2023/09/11,17.31,17.55,17.24,17.40,1355200,23916374.00
2023/09/12,17.45,17.61,17.34,17.45,1036200,18330770.00
2023/09/13,17.45,17.48,17.24,17.35,1119100,19692676.00
2023/09/14,17.40,17.40,17.08,17.19,967223,16860230.00
2023/09/15,17.15,17.40,17.02,17.07,768500,13379175.00
2023/09/18,16.99,17.64,16.75,17.50,1776600,31383826.00
2023/09/19,18.15,18.25,17.47,17.63,7870201,141062496.00
2023/09/20,17.55,17.79,17.37,17.78,7091627,126820208.00
2023/09/21,16.28,16.82,16.17,16.50,5837077,97946696.00
2023/09/22,16.31,16.50,16.05,16.44,2620876,43543632.00
2023/09/25,16.34,16.93,16.21,16.50,2399146,40293256.00
2023/09/26,16.45,17.15,16.31,17.07,4215731,72055384.00
2023/09/27,16.95,18.05,16.80,17.66,5812224,103991512.00
2023/09/28,17.77,18.14,17.60,18.06,4067995,74066544.00
2023/10/09,17.93,18.12,17.41,17.47,3589900,64485020.00
2023/10/10,17.49,17.99,16.21,16.37,3843800,65462668.00
2023/10/11,16.60,16.60,15.26,16.24,4919723,79886640.00
2023/10/12,16.16,16.34,15.92,16.06,2111100,34488584.00
2023/10/13,16.06,16.10,15.83,15.97,1834573,29721796.00
2023/10/16,15.95,17.14,15.93,16.57,3542413,59666116.00
2023/10/17,16.57,16.60,16.10,16.45,1792400,29652976.00
2023/10/18,16.35,16.69,15.90,16.62,2246300,37266880.00
2023/10/19,16.41,16.73,15.89,15.95,2259052,37141372.00
2023/10/20,15.80,16.29,15.80,16.08,1624566,26562902.00
2023/10/23,16.16,16.27,15.50,15.67,1794000,28905488.00
2023/10/24,15.70,16.53,15.55,16.44,2010600,33282860.00
2023/10/25,16.53,16.88,16.44,16.66,1558737,26402784.00
2023/10/26,16.63,16.71,16.29,16.59,960600,16073094.00
2023/10/27,16.71,16.71,16.29,16.56,1071037,18012968.00
2023/10/30,16.52,16.63,16.13,16.32,1544900,25597154.00
2023/10/31,16.63,16.63,16.22,16.29,1189100,19722962.00
2023/11/01,16.43,16.85,16.15,16.71,1592900,26871512.00
2023/11/02,16.65,16.87,16.35,16.51,1033000,17334112.00
2023/11/03,16.57,16.90,16.48,16.65,1031300,17484178.00
2023/11/06,16.89,16.89,15.85,16.31,4273723,70693008.00
2023/11/07,17.07,17.38,16.55,16.81,12274803,209643504.00
2023/11/08,16.80,16.80,16.12,16.30,7245704,119381752.00
2023/11/09,16.15,16.20,15.92,15.96,3545037,57786020.00
2023/11/10,15.87,16.08,15.87,16.01,2138686,34719508.00
2023/11/13,16.01,16.45,15.98,16.25,4338200,71623192.00
2023/11/14,16.31,16.31,16.02,16.08,2615460,42722360.00
2023/11/15,16.20,16.21,16.02,16.13,1998000,32689042.00
2023/11/16,16.12,16.16,15.97,15.98,1936244,31558932.00
2023/11/17,15.98,16.10,15.90,16.04,1203774,19589108.00
2023/11/20,16.15,17.03,15.98,16.93,8776245,148084320.00
2023/11/21,16.97,16.99,16.40,16.49,4163137,70064408.00
2023/11/22,16.45,16.50,16.10,16.19,2982468,49163028.00
2023/11/23,16.16,16.46,16.16,16.37,1751900,29071024.00
2023/11/24,16.44,16.44,16.11,16.22,1712600,28180600.00
2023/11/27,16.13,16.30,15.98,16.22,1695723,27770952.00
2023/11/28,16.15,16.52,16.10,16.39,1776823,29564332.00
2023/11/29,16.32,16.52,16.27,16.33,1414337,23451008.00
2023/11/30,16.38,16.38,16.04,16.18,1317300,21608812.00
2023/12/01,16.20,16.32,16.09,16.32,1259780,20738248.00
2023/12/04,16.28,17.03,16.28,16.93,7487307,127656624.00
2023/12/05,16.92,17.01,16.46,16.55,2883757,48657036.00
2023/12/06,16.62,17.03,16.46,16.95,2924899,49974428.00
2023/12/07,17.02,17.13,16.65,16.75,1689800,28761972.00
2023/12/08,16.81,16.85,16.36,16.44,1570523,26425942.00
2023/12/11,16.34,16.54,16.13,16.49,2194823,36370688.00
2023/12/12,16.43,16.61,16.02,16.15,2567000,42107080.00
2023/12/13,16.16,16.48,16.05,16.16,1976000,32556064.00
2023/12/14,16.20,16.35,16.09,16.09,1220700,20090132.00
2023/12/15,16.16,16.25,16.03,16.08,1275900,20871616.00
2023/12/18,16.00,16.25,15.87,15.90,1505460,24549296.00
2023/12/19,16.04,16.18,15.80,16.01,1482500,24033420.00
2023/12/20,16.03,16.53,15.91,16.18,2272300,37624560.00
2023/12/21,16.12,16.31,15.56,16.29,2095800,33953112.00
2023/12/22,16.15,16.62,16.07,16.28,2372650,39295148.00
2023/12/25,16.10,16.38,15.78,16.00,1567400,25373244.00
2023/12/26,15.96,16.13,15.83,15.84,1205886,19540554.00
2023/12/27,15.96,16.13,15.75,16.11,1450386,23515796.00
2023/12/28,16.08,16.68,15.95,16.53,2094824,35010944.00
2023/12/29,16.71,16.71,16.40,16.57,1396331,23414612.00
2024/01/02,16.70,16.95,16.61,16.73,1518300,25857604.00
2024/01/03,16.72,16.80,16.56,16.74,1196200,20261886.00
2024/01/04,16.77,16.84,16.66,16.79,916124,15585147.00
2024/01/05,16.76,17.00,16.45,16.60,1132300,19183836.00
2024/01/08,16.60,16.78,16.49,16.53,1194500,20132744.00
2024/01/09,16.54,16.87,16.42,16.66,1107923,18704030.00
2024/01/10,16.69,16.92,16.33,16.63,1214923,20521330.00
2024/01/11,16.71,16.76,16.52,16.73,1026000,17332996.00
2024/01/12,16.73,16.77,16.50,16.52,904400,15251683.00
2024/01/15,16.55,16.72,16.32,16.69,1237600,20830118.00
2024/01/16,16.75,16.75,16.36,16.58,916600,15384874.00
2024/01/17,16.59,16.62,16.14,16.17,906823,15081557.00
2024/01/18,16.05,16.37,15.57,15.98,1692123,27328762.00
2024/01/19,16.01,16.01,15.64,15.67,1234100,19803396.00
2024/01/22,15.57,15.67,14.45,14.48,1823394,27756274.00
2024/01/23,14.45,14.58,14.06,14.36,1385914,20228408.00
2024/01/24,14.44,14.76,13.85,14.40,1748500,25321400.00
2024/01/25,14.42,15.17,14.34,15.09,1254569,18966568.00
2024/01/26,15.17,15.44,15.02,15.23,872400,13527116.00
2024/01/29,15.24,15.39,14.73,14.84,1173100,17770916.00
2024/01/30,14.80,14.83,14.16,14.19,1006200,14772419.00
2024/01/31,14.19,14.21,13.36,13.45,1417900,19702220.00
2024/02/01,13.73,13.73,12.54,13.27,1961500,26013604.00
2024/02/02,13.36,13.44,11.92,11.92,3447900,42971344.00
2024/02/05,11.88,12.35,10.75,12.12,5031014,58672160.00
2024/02/06,11.95,12.79,11.22,12.68,4098735,50007648.00
2024/02/07,12.45,13.03,11.68,12.69,4592080,58082900.00
2024/02/08,12.69,13.94,12.69,13.86,3392867,46741360.00
2024/02/19,13.75,14.39,13.73,14.12,1322205,18893686.00
2024/02/20,14.06,14.78,13.94,14.75,1523982,22526956.00
2024/02/21,14.77,15.74,14.50,15.37,2077500,32452902.00
2024/02/22,15.48,16.12,15.33,15.85,1639700,26232100.00
2024/02/23,15.86,16.28,15.75,16.11,1979700,32349468.00
2024/02/26,16.07,16.20,15.57,15.89,1557300,25223420.00
2024/02/27,15.87,16.05,15.50,15.68,1870200,30049284.00
2024/02/28,15.93,15.93,14.76,15.30,3534619,54916328.00
2024/02/29,15.09,15.75,14.95,15.74,2487451,38807376.00
2024/03/01,16.91,17.34,16.65,16.83,4816877,82852840.00
2024/03/04,16.82,17.06,16.25,16.73,2427800,41169444.00
2024/03/05,16.58,16.88,16.25,16.36,1960600,32898056.00
2024/03/06,16.36,17.15,16.36,17.07,2274257,38894020.00
2024/03/07,17.20,17.49,16.91,17.13,1649486,28839248.00
2024/03/08,17.21,17.63,17.15,17.44,1488637,26241832.00
2024/03/11,17.44,17.63,16.99,17.39,923300,16146637.00
2024/03/12,17.40,18.01,17.34,17.88,1623200,29244352.00
2024/03/13,17.88,18.04,17.75,17.86,735900,13328272.00
2024/03/14,17.80,18.82,17.80,18.45,2151700,40344476.00
2024/03/15,18.23,18.54,18.00,18.53,1232300,22958136.00
2024/03/18,18.95,19.70,18.75,19.63,2078923,40711236.00
2024/03/19,19.59,19.70,19.23,19.43,1573100,30912330.00
2024/03/20,19.39,19.50,19.06,19.18,1329899,25888264.00
2024/03/21,19.18,19.30,18.65,18.90,1523300,29156640.00
2024/03/22,18.86,19.25,18.69,18.98,1349700,25857804.00
2024/03/25,18.85,19.15,18.47,18.47,1131500,21661242.00
2024/03/26,18.60,18.98,18.19,18.94,2150300,40451156.00
2024/03/27,18.79,19.51,18.76,19.14,2183700,42324200.00
2024/03/28,18.75,19.95,18.55,19.73,2290200,45166308.00
2024/03/29,19.93,20.61,19.49,20.17,2538362,51495824.00
2024/04/01,20.36,22.21,20.08,22.21,3927819,85258536.00
2024/04/02,22.20,22.20,21.30,21.85,3459228,75962800.00
2024/04/03,21.73,22.13,21.35,21.58,2552000,56213536.00
2024/04/08,21.75,22.83,21.48,22.79,3478339,78192752.00
2024/04/09,22.85,22.85,21.75,21.89,2613522,58220476.00
2024/04/10,22.11,22.47,21.81,22.15,2387200,53603032.00
2024/04/11,22.56,22.74,22.07,22.64,1672563,38066392.00
2024/04/12,22.45,24.31,22.26,22.65,3775723,88553544.00
2024/04/15,22.43,22.64,21.30,21.69,3807931,84433464.00
2024/04/16,21.75,22.54,21.06,21.85,3002042,66187476.00
2024/04/17,21.82,23.10,21.57,22.92,2503664,57301412.00
2024/04/18,23.14,24.12,22.93,23.84,2975831,71150528.00
2024/04/19,23.45,24.25,22.46,22.73,3294764,76946800.00
2024/04/22,22.55,23.69,21.85,22.54,2590500,59785424.00
2024/04/23,22.59,22.69,21.95,22.11,1894023,42763248.00
2024/04/24,21.96,22.54,21.79,22.29,1492800,33601072.00
2024/04/25,21.99,23.19,21.99,22.87,1731655,39852848.00
2024/04/26,22.84,23.11,22.35,22.73,1222094,28038404.00
2024/04/29,22.73,23.28,22.50,22.96,1417948,32801230.00
2024/04/30,23.07,23.53,22.01,22.14,2417292,55274108.00
2024/05/06,22.28,22.98,21.79,22.90,1890713,42997180.00
2024/05/07,22.92,23.89,22.65,23.71,2182400,51797020.00
2024/05/08,23.43,23.72,22.96,23.33,1108200,26059396.00
2024/05/09,23.11,23.64,23.11,23.35,1201000,28423856.00
2024/05/10,23.60,24.28,23.40,23.84,1973974,47120104.00
2024/05/13,23.77,23.77,22.53,22.91,2338329,53883016.00
2024/05/14,22.88,23.78,22.88,23.52,1449431,33829988.00
2024/05/15,23.50,23.73,23.25,23.38,1110063,26112874.00
2024/05/16,23.58,24.59,23.23,24.25,3183223,76751144.00
2024/05/17,23.92,24.49,23.20,24.00,2030234,48094948.00
2024/05/20,23.93,24.69,23.68,24.46,2065753,50262160.00
2024/05/21,24.65,24.83,23.83,24.46,1179808,28601172.00
2024/05/22,24.40,24.44,23.69,23.95,1182900,28360124.00
2024/05/23,24.05,24.05,23.10,23.20,1183529,27739958.00
2024/05/24,23.00,23.50,22.60,22.98,1166753,26885998.00
2024/05/27,22.98,23.54,22.75,23.50,942100,21875652.00
2024/05/28,23.43,23.50,22.66,22.95,1003741,22980914.00
2024/05/29,23.05,23.27,22.75,23.09,673900,15561304.00
2024/05/30,23.40,24.30,23.16,23.52,1426905,33922012.00
2024/05/31,23.54,25.87,23.54,25.87,4388227,110790928.00
2024/06/03,26.13,28.46,25.25,27.21,6658141,178955184.00
2024/06/04,26.80,27.19,26.11,26.57,3788704,100452840.00
2024/06/05,26.30,26.79,25.36,25.40,3280849,85034888.00
2024/06/06,25.27,26.60,25.06,25.68,2876574,73725960.00
2024/06/07,25.79,26.39,25.44,26.31,2414362,62605932.00
2024/06/11,26.20,26.63,24.40,26.53,2160662,56132544.00
2024/06/12,26.26,28.42,26.08,27.75,3050352,84065192.00
2024/06/13,27.50,27.88,26.82,27.40,1819723,49975452.00
2024/06/14,27.34,28.18,27.20,27.37,1895100,52496428.00
2024/06/17,27.38,29.48,27.05,29.43,2632437,75757792.00
2024/06/18,29.36,29.36,28.58,28.96,1896210,54895544.00
2024/06/19,28.95,29.56,28.29,28.60,2031756,58683308.00
2024/06/20,28.19,29.00,28.02,28.50,1451423,41452776.00
2024/06/21,28.20,29.16,28.20,28.71,1195123,34331956.00
2024/06/24,28.21,28.84,26.69,28.45,1704831,48116548.00
2024/06/25,28.43,29.10,27.00,27.35,2825050,78955128.00
2024/06/26,27.28,27.46,26.76,27.23,2054023,55528840.00
2024/06/27,27.19,27.92,26.83,27.51,2552200,70540696.00
2024/06/28,27.91,28.70,27.23,27.68,1938264,54559656.00
2024/07/01,27.53,28.79,27.50,28.37,1600600,45363552.00
2024/07/02,28.12,28.55,27.66,27.84,1185300,33075384.00
2024/07/03,28.20,28.22,27.00,27.06,1604000,43882704.00
2024/07/04,27.09,27.86,26.81,27.00,1042400,28495128.00
2024/07/05,26.90,28.00,26.30,27.77,1189463,32448222.00
2024/07/08,27.80,28.05,27.43,27.65,877623,24282322.00
2024/07/09,27.59,28.06,27.00,28.05,1232437,34032408.00
2024/07/10,28.04,28.88,27.84,28.48,1459110,41431376.00
2024/07/11,28.50,29.91,27.37,27.39,3174552,90413416.00
2024/07/12,27.10,27.65,26.80,27.49,1318399,35999124.00
2024/07/15,27.21,28.08,27.21,27.60,1173842,32460204.00
2024/07/16,27.68,28.05,26.30,26.65,1837074,49506960.00
2024/07/17,28.50,28.88,25.60,26.66,3266071,87869248.00
2024/07/18,26.63,26.63,25.62,26.32,1470985,38187648.00
2024/07/19,25.90,27.50,25.90,27.11,1744974,47235272.00
2024/07/22,27.00,27.61,26.70,27.26,1353470,36807052.00
2024/07/23,27.02,27.28,26.00,26.11,1825507,48547328.00
2024/07/24,25.80,26.32,25.18,25.20,1274087,32642398.00
2024/07/25,24.95,25.68,24.66,25.30,950715,23933032.00
2024/07/26,25.18,27.72,25.18,27.50,2719735,73135096.00
2024/07/29,27.52,27.69,26.35,26.36,1565275,42215584.00
2024/07/30,26.42,26.64,25.35,25.60,1361079,35001724.00
2024/07/31,25.60,26.14,25.17,25.80,1526087,39074452.00
2024/08/01,25.70,25.87,24.78,24.87,2073172,52072040.00
2024/08/02,24.78,25.04,24.21,24.71,843955,20834224.00
2024/08/05,24.69,24.81,24.07,24.35,1088863,26566392.00
2024/08/06,24.38,24.93,24.30,24.70,835848,20616056.00
2024/08/07,24.70,25.15,24.65,24.73,556605,13801169.00
2024/08/08,24.73,24.98,24.30,24.72,533000,13154317.00
2024/08/09,24.72,25.57,24.72,25.17,975328,24619776.00
2024/08/12,25.12,25.55,24.85,25.29,466057,11770231.00
2024/08/13,25.56,25.58,24.85,25.12,562277,14075803.00
2024/08/14,25.18,25.45,24.80,24.96,562012,14105656.00
2024/08/15,24.96,25.37,24.86,25.07,520299,13057758.00
2024/08/16,24.99,25.17,24.72,24.86,565500,14079885.00
2024/08/19,24.70,25.05,24.70,24.78,453651,11291385.00
2024/08/20,24.95,24.96,24.29,24.35,649254,15917316.00
2024/08/21,24.14,24.44,23.99,24.24,478900,11580211.00
2024/08/22,24.39,24.41,23.78,23.83,581831,13954697.00
2024/08/23,23.82,24.23,23.82,24.02,503900,12086578.00
2024/08/26,24.02,25.18,24.02,24.63,1066672,26382634.00
2024/08/27,24.45,25.00,24.45,24.62,533409,13143568.00
2024/08/28,24.51,24.87,24.22,24.50,745100,18239552.00
2024/08/29,24.74,25.35,24.73,25.14,1196872,30059370.00
2024/08/30,25.15,25.28,24.85,25.08,1038901,26081034.00
2024/09/02,25.01,25.11,24.73,24.77,664358,16557249.00
2024/09/03,24.78,24.98,24.72,24.84,408800,10151963.00
2024/09/04,24.80,25.06,24.51,24.84,527300,13117912.00
2024/09/05,24.87,24.94,24.66,24.79,368406,9122060.00
2024/09/06,24.75,24.85,24.11,24.23,830200,20237416.00
2024/09/09,24.10,25.18,24.07,24.96,1065213,26148778.00
2024/09/10,24.91,25.32,24.68,25.11,561161,14031842.00
2024/09/11,25.11,25.18,24.75,24.90,385200,9614854.00
2024/09/12,24.81,25.14,24.71,24.75,359954,8940293.00
2024/09/13,24.74,24.94,24.22,24.30,540515,13276159.00
2024/09/18,24.34,24.54,23.79,24.24,546323,13170192.00
2024/09/19,24.25,24.55,23.85,23.96,709900,17116958.00
2024/09/20,24.30,24.45,23.75,24.01,408843,9810794.00
2024/09/23,23.97,24.50,23.66,24.10,650300,15698480.00
2024/09/24,24.20,25.32,24.20,25.01,1174631,29201074.00
2024/09/25,25.30,26.00,24.88,26.00,1295194,33214196.00
2024/09/26,26.00,26.15,25.69,26.07,1184959,30741152.00
2024/09/27,26.13,26.86,25.90,26.53,1404226,36837088.00
2024/09/30,26.80,28.51,26.40,28.16,4271839,117292824.00
2024/10/08,30.90,30.98,28.20,29.83,4603248,137398864.00
2024/10/09,29.82,29.83,26.85,26.88,3125554,86988096.00
2024/10/10,26.82,29.22,26.82,28.27,2845213,80551600.00
2024/10/11,27.99,28.12,26.80,27.08,1485134,40463852.00
2024/10/14,27.18,27.78,26.97,27.52,1829234,50116508.00
2024/10/15,27.29,27.70,26.70,26.78,1410300,38289860.00
2024/10/16,26.82,28.94,26.02,28.21,3999391,111542104.00
2024/10/17,27.60,27.99,26.35,26.50,3205854,86223160.00
2024/10/18,26.50,28.00,26.02,27.21,2463297,66427784.00
2024/10/21,27.21,28.10,26.85,27.34,2352984,64618988.00
2024/10/22,27.32,27.84,27.12,27.72,1228300,33820268.00
2024/10/23,27.89,27.89,26.90,27.17,1313871,35964636.00
2024/10/24,27.30,27.50,26.95,27.10,740300,20139140.00
2024/10/25,27.08,28.10,27.08,27.82,2615168,72746312.00
2024/10/28,28.23,28.88,27.20,27.75,2224523,62499104.00
2024/10/29,27.58,27.91,27.14,27.30,1323046,36281052.00
2024/10/30,27.05,27.53,26.28,27.36,1760773,47730524.00
2024/10/31,27.20,27.42,26.86,27.16,1235786,33452152.00
2024/11/01,27.30,28.00,26.61,27.16,2411623,66001480.00
2024/11/04,27.40,27.82,27.10,27.77,1361029,37510588.00
2024/11/05,27.65,28.18,27.41,28.02,2837223,78794296.00
2024/11/06,28.08,28.68,27.80,28.02,2758717,77495664.00
2024/11/07,28.21,29.57,28.21,29.30,3302034,96112744.00
2024/11/08,30.00,30.60,29.17,29.59,2300203,68406840.00
2024/11/11,29.59,32.55,29.30,32.55,5228333,167254576.00
2024/11/12,32.50,34.05,31.69,33.29,6712068,221597808.00
2024/11/13,33.00,34.40,32.50,34.04,5103432,170741392.00
2024/11/14,34.23,34.74,31.87,32.26,3384914,111872432.00
2024/11/15,31.86,32.90,30.00,30.44,3170811,99406544.00
2024/11/18,30.44,30.70,29.10,30.13,2648619,79025632.00
2024/11/19,30.30,31.98,29.98,30.86,2134070,65285424.00
2024/11/20,30.99,31.50,30.30,30.60,1855971,57182684.00
2024/11/21,30.40,31.07,30.20,30.44,1119905,34219796.00
2024/11/22,30.38,30.78,29.15,29.26,1295331,38737684.00
数据来源:通达信
