002919 名臣健康 日线 前复权
      日期	    开盘	    最高	    最低	    收盘	    成交量	    成交额
2017/12/18,4.54,5.01,4.54,5.01,8902,160886.19
2017/12/19,5.56,5.56,5.56,5.56,3600,71640.00
2017/12/20,6.17,6.17,6.17,6.17,6054,132522.06
2017/12/21,6.83,6.83,6.83,6.83,11142,268299.38
2017/12/22,7.57,7.57,7.57,7.57,29381,778302.69
2017/12/25,8.38,8.38,8.38,8.38,134960,3932734.50
2017/12/26,9.27,9.27,9.27,9.27,255490,8188454.50
2017/12/27,10.25,10.25,10.25,10.25,197438,6961664.00
2018/01/02,11.32,11.32,11.32,11.32,161900,6280101.00
2018/01/03,12.51,12.51,12.51,12.51,97284,4151108.25
2018/01/04,13.81,13.81,11.79,12.36,13578235,580910592.00
2018/01/05,11.69,12.21,11.57,11.82,9274580,376173408.00
2018/01/08,11.54,12.39,11.40,12.26,9751352,398216928.00
2018/01/09,12.00,12.19,11.54,11.86,7477418,303518816.00
2018/01/10,11.39,12.24,11.07,11.87,9325989,371176320.00
2018/01/11,11.39,13.11,11.24,12.99,12504497,526891456.00
2018/01/12,12.43,12.55,11.64,11.64,8829641,362441248.00
2018/01/15,10.77,11.04,10.43,10.43,7161872,258765696.00
2018/01/16,10.17,10.77,10.05,10.36,5941356,214353504.00
2018/01/17,10.23,10.62,10.23,10.42,4528968,162509616.00
2018/01/18,10.31,10.32,9.95,10.01,4096696,142963920.00
2018/01/19,10.02,10.32,10.01,10.07,3588223,125721032.00
2018/01/22,10.11,10.11,9.31,9.46,3982502,131653712.00
2018/01/23,9.40,10.45,9.34,10.45,6464989,222874256.00
2018/01/24,10.44,11.05,10.19,10.56,8728207,317304896.00
2018/01/25,10.32,11.08,10.23,10.84,7429953,272095104.00
2018/01/26,10.66,10.76,9.86,10.07,5253202,187197040.00
2018/01/29,10.08,10.41,9.72,10.13,3894819,135052864.00
2018/01/30,9.92,10.34,9.83,10.29,3729673,130061712.00
2018/01/31,10.17,10.36,9.47,9.51,4207225,144375792.00
2018/02/01,9.25,9.49,8.63,8.86,3836417,120202936.00
2018/02/02,8.85,9.19,8.40,8.96,3188120,98405224.00
2018/02/05,8.50,8.64,8.01,8.02,3449106,99791488.00
2018/02/06,7.59,7.82,7.16,7.16,3495816,91243352.00
2018/02/07,7.42,7.51,6.78,7.39,3901036,99806904.00
2018/02/08,7.26,7.84,7.21,7.50,3026766,79693208.00
2018/02/09,7.16,7.46,6.99,7.15,2453287,62028012.00
2018/02/12,7.47,7.62,7.21,7.41,2014465,52430840.00
2018/02/13,7.52,7.75,7.34,7.48,3040609,80594584.00
2018/02/14,7.42,7.66,7.31,7.35,1431992,37477552.00
2018/02/22,7.42,7.65,7.42,7.59,1412931,37316468.00
2018/02/23,7.62,7.88,7.54,7.74,2045128,55245232.00
2018/02/26,7.87,8.57,7.85,8.49,4614185,132238288.00
2018/02/27,8.30,8.70,8.23,8.49,4566493,134383680.00
2018/02/28,8.33,8.40,8.22,8.27,2154367,62269916.00
2018/03/01,8.28,8.37,8.15,8.31,1699325,48999444.00
2018/03/02,8.34,8.87,8.26,8.62,4188141,124363408.00
2018/03/05,8.55,8.77,8.46,8.63,3384255,101136744.00
2018/03/06,8.64,8.84,8.60,8.71,2582889,78141096.00
2018/03/07,8.73,9.06,8.64,8.93,2611233,80348328.00
2018/03/08,8.85,9.79,8.85,9.40,4789606,155647344.00
2018/03/09,9.37,9.52,9.20,9.32,3248066,105024792.00
2018/03/12,9.25,9.50,9.22,9.43,2546224,82397904.00
2018/03/13,9.39,9.74,9.22,9.30,4337218,142062864.00
2018/03/14,9.16,10.24,9.01,9.69,6567159,218169008.00
2018/03/15,9.68,9.69,9.01,9.55,4714794,152623136.00
2018/03/16,9.53,9.53,8.64,9.17,2647038,84998264.00
2018/03/19,9.00,9.56,9.00,9.27,3693108,119874120.00
2018/03/20,9.06,9.50,8.85,9.47,3420044,109907520.00
2018/03/21,9.50,9.86,9.40,9.56,5088817,169257776.00
2018/03/22,9.53,10.56,9.45,10.56,9274978,324537312.00
2018/03/23,10.34,11.29,9.83,11.02,12508935,454844960.00
2018/03/26,10.53,12.17,10.26,12.17,11677314,446052192.00
2018/03/27,11.85,12.61,11.14,11.70,12024493,483599104.00
2018/03/28,11.03,11.36,10.48,10.48,8099284,301310048.00
2018/03/29,10.20,10.43,9.92,10.24,5923879,207894704.00
2018/03/30,10.34,10.41,10.08,10.36,4999546,176182048.00
2018/04/02,10.24,10.44,10.11,10.14,4156658,146506992.00
2018/04/03,9.84,9.92,9.40,9.85,4042636,136210992.00
2018/04/04,9.96,10.52,9.96,10.23,5870173,206694752.00
2018/04/09,10.24,10.87,10.23,10.76,6603619,240196928.00
2018/04/10,10.49,11.89,9.97,11.89,10791821,407061504.00
2018/04/11,12.30,12.30,11.59,12.00,9909953,401407712.00
2018/04/12,11.82,12.04,11.71,12.02,6542006,266452464.00
2018/04/13,11.98,12.57,11.86,12.19,9027710,377183616.00
2018/04/16,12.12,12.12,11.54,11.94,4315616,174705520.00
2018/04/17,11.97,12.54,11.93,12.09,7632745,316939968.00
2018/04/18,12.61,12.70,11.70,12.18,7844738,324924672.00
2018/04/19,12.00,12.38,11.70,11.94,7171543,295638592.00
2018/04/20,11.94,11.97,10.70,10.70,6575884,258243968.00
2018/04/23,9.94,10.70,9.58,10.50,5870245,203444144.00
2018/04/24,10.35,10.88,10.21,10.72,5537387,201711376.00
2018/04/25,10.68,10.70,10.38,10.63,4704278,169761712.00
2018/04/26,10.55,10.77,10.09,10.23,5729224,207218160.00
2018/04/27,10.23,10.56,10.02,10.28,4740293,167776656.00
2018/05/02,10.41,10.42,9.20,9.20,6433691,216348480.00
2018/05/03,9.43,9.43,8.53,9.40,5998894,187399488.00
2018/05/04,9.27,9.62,9.10,9.61,5073439,164911248.00
2018/05/07,9.61,9.79,9.50,9.61,4655520,154819280.00
2018/05/08,9.61,9.86,9.47,9.82,4833614,160911920.00
2018/05/09,9.83,9.98,9.66,9.96,4453989,150960112.00
2018/05/10,9.97,10.16,9.81,10.08,4730156,162702224.00
2018/05/11,10.01,10.01,9.80,9.83,3164573,107949576.00
2018/05/14,9.64,9.78,9.10,9.55,3592561,117719040.00
2018/05/15,9.50,9.65,9.41,9.63,2332694,77038656.00
2018/05/16,9.61,9.74,9.47,9.49,2435000,80734296.00
2018/05/17,9.48,9.70,9.40,9.48,2069185,68127208.00
2018/05/18,9.47,9.62,9.40,9.46,2171452,71358096.00
2018/05/21,9.56,9.81,9.46,9.74,3169114,105720192.00
2018/05/22,9.80,10.53,9.76,10.32,6590304,231704848.00
2018/05/23,10.23,10.49,10.17,10.20,4274776,151481552.00
2018/05/24,10.09,11.06,10.09,10.74,6177947,224494992.00
2018/05/25,10.66,10.92,10.50,10.79,5161985,190008096.00
2018/05/28,10.72,10.82,10.26,10.28,3516037,126742760.00
2018/05/29,10.29,10.44,10.06,10.06,2387558,84118744.00
2018/05/30,9.56,9.71,9.04,9.34,3313408,108233816.00
2018/05/31,9.66,10.33,9.56,10.33,5463280,189532352.00
2018/06/01,10.57,11.06,10.08,10.26,7345597,266396000.00
2018/06/04,10.30,11.03,10.11,10.79,7513901,274321568.00
2018/06/05,10.68,11.32,10.49,11.10,7895700,293343136.00
2018/06/06,10.99,11.07,10.75,10.90,4940110,184831440.00
2018/06/07,10.88,10.98,10.48,10.59,3642423,133537704.00
2018/06/08,10.61,10.78,10.34,10.73,2871406,104081720.00
2018/06/11,10.59,10.80,9.76,10.04,3323240,119130560.00
2018/06/12,9.97,10.23,9.21,9.85,3757214,126254712.00
2018/06/13,9.72,10.14,9.38,9.38,2844345,95155712.00
2018/06/14,9.28,10.37,9.22,10.37,5775958,199659344.00
2018/06/15,10.50,10.84,10.17,10.61,7792646,278577024.00
2018/06/19,10.42,10.92,10.10,10.66,7581183,271001344.00
2018/06/20,10.52,11.51,10.34,11.08,10312575,388834272.00
2018/06/21,10.87,11.40,10.72,11.01,7960044,299234816.00
2018/06/22,10.37,11.42,10.17,11.27,7111989,266114144.00
2018/06/25,11.24,11.68,11.05,11.36,6710317,258959872.00
2018/06/26,11.24,11.68,11.03,11.50,6870592,266441408.00
2018/06/27,11.45,11.60,11.14,11.24,5236703,202411984.00
2018/06/28,11.14,11.45,10.07,10.07,6562691,242753568.00
2018/06/29,9.55,10.16,9.31,10.07,6819948,226833712.00
2018/07/02,9.86,10.10,9.43,9.71,5092281,171407168.00
2018/07/03,9.70,10.10,9.64,10.08,4538707,154892064.00
2018/07/04,10.13,10.50,9.77,9.84,4816587,166739392.00
2018/07/05,9.62,10.47,8.82,10.39,7523403,252636400.00
2018/07/06,10.38,10.82,9.80,10.66,8554672,305249728.00
2018/07/09,10.61,10.82,10.32,10.80,7080127,256303776.00
2018/07/10,10.66,10.80,10.50,10.76,5071644,184881520.00
2018/07/11,10.53,10.53,9.69,10.02,4714878,162932592.00
2018/07/12,10.00,11.06,9.89,11.06,4936251,179487344.00
2018/07/13,11.16,11.26,10.80,10.85,8640287,325052416.00
2018/07/16,10.67,11.14,10.67,11.06,5420192,202966144.00
2018/07/17,11.00,11.06,10.25,10.71,4465439,163085808.00
2018/07/18,10.75,11.66,10.74,11.01,8504560,324311232.00
2018/07/19,10.50,10.68,9.89,10.43,5538909,196587360.00
2018/07/20,10.26,10.69,10.02,10.44,4217328,149974624.00
2018/07/23,10.26,11.53,10.14,11.17,7508001,280752864.00
2018/07/24,11.16,11.65,11.02,11.45,10042213,390400608.00
2018/07/25,11.42,11.42,11.04,11.17,5874653,224703824.00
2018/07/26,11.25,11.57,10.60,11.26,6235700,235539968.00
2018/07/27,11.09,11.91,10.99,11.71,9406006,369670144.00
2018/07/30,11.46,11.48,10.53,11.01,6074873,226975504.00
2018/07/31,10.82,10.99,10.49,10.67,3656653,133663344.00
2018/08/01,10.67,11.05,10.50,10.78,3862566,142433856.00
2018/08/02,10.53,10.53,10.03,10.23,3865130,136057136.00
2018/08/03,10.23,10.53,10.07,10.07,2692701,95027488.00
2018/08/06,9.79,9.92,9.30,9.33,3047389,100006024.00
2018/08/07,9.41,9.98,9.09,9.78,3458666,114243904.00
2018/08/08,9.76,9.88,9.25,9.25,2884266,94314200.00
2018/08/09,9.08,9.57,9.07,9.31,2747963,88749240.00
2018/08/10,9.46,9.75,9.38,9.53,2791611,91463528.00
2018/08/13,9.34,10.53,9.25,10.53,7072011,246071600.00
2018/08/14,10.53,10.61,10.32,10.45,4362000,156358240.00
2018/08/15,10.56,10.69,10.37,10.61,5461110,196589104.00
2018/08/16,10.37,10.84,10.32,10.47,6372410,231279232.00
2018/08/17,10.44,10.68,10.07,10.32,4919445,174710480.00
2018/08/20,10.26,10.62,10.07,10.59,4632325,164498400.00
2018/08/21,10.56,10.56,10.20,10.39,4028137,142609296.00
2018/08/22,10.24,10.31,9.55,9.57,4269112,144088448.00
2018/08/23,9.50,9.72,9.50,9.64,2192213,72477208.00
2018/08/24,9.65,9.73,9.42,9.47,2070959,67902144.00
2018/08/27,9.19,9.73,9.14,9.55,3023468,98385224.00
2018/08/28,9.55,9.76,9.51,9.74,2794221,92512568.00
2018/08/29,9.74,9.74,9.49,9.51,1956712,64478536.00
2018/08/30,9.62,9.65,9.33,9.34,1600566,51955580.00
2018/08/31,9.35,9.46,9.28,9.36,1145524,36945908.00
2018/09/03,9.37,9.46,8.82,9.38,1804478,57230368.00
2018/09/04,9.37,9.61,9.29,9.54,2005203,65305616.00
2018/09/05,9.53,9.64,9.15,9.18,1641233,53318912.00
2018/09/06,9.01,9.28,8.89,9.03,1681233,52481636.00
2018/09/07,9.03,9.18,8.55,8.60,2563674,78124288.00
2018/09/10,8.49,9.02,7.89,8.72,3380826,98670248.00
2018/09/11,8.53,8.65,8.31,8.37,1839741,53737828.00
2018/09/12,8.38,8.53,8.26,8.28,1124445,32499534.00
2018/09/13,8.40,8.46,8.27,8.34,922933,26585254.00
2018/09/14,8.37,8.39,7.69,7.76,2097950,58143532.00
2018/09/17,7.68,7.71,7.30,7.58,1348750,35386092.00
2018/09/18,7.65,7.77,7.45,7.66,1353990,35887204.00
2018/09/19,7.66,7.90,7.59,7.74,1599412,43203844.00
2018/09/20,7.80,7.84,7.50,7.56,1140077,30269408.00
2018/09/21,7.67,7.98,7.66,7.79,2348170,63813024.00
2018/09/25,7.69,7.83,7.63,7.80,1384354,37129656.00
2018/09/26,7.77,8.22,7.75,8.00,2513954,69432960.00
2018/09/27,8.02,8.04,7.80,7.83,1348783,36927720.00
2018/09/28,7.85,8.00,7.72,7.99,1448964,39697076.00
2018/10/08,7.85,8.84,7.66,8.84,5812972,172506576.00
2018/10/09,8.83,9.00,8.72,8.87,6745162,206354128.00
2018/10/10,8.82,9.00,8.61,8.77,5555714,168880144.00
2018/10/11,8.40,8.64,7.88,8.34,4565786,131450688.00
2018/10/12,8.35,8.61,7.94,8.52,5362069,153878512.00
2018/10/15,8.34,8.38,8.05,8.13,3436952,97264304.00
2018/10/16,7.98,8.07,7.33,7.41,3409140,91321752.00
2018/10/17,7.52,7.58,6.81,7.14,2882459,72497016.00
2018/10/18,7.04,7.11,6.57,6.70,1711821,41087452.00
2018/10/19,6.54,6.92,6.38,6.81,1824954,42855128.00
2018/10/22,6.89,7.33,6.85,7.17,2446730,60501228.00
2018/10/23,7.16,7.33,6.94,7.05,2040777,50885228.00
2018/10/24,7.02,7.05,6.80,6.93,1724078,41665544.00
2018/10/25,6.57,6.68,6.33,6.64,1416673,32708900.00
2018/10/26,6.78,7.17,6.64,6.87,2057095,49366248.00
2018/10/29,6.85,6.85,6.53,6.61,1228421,28743874.00
2018/10/30,6.63,6.87,6.54,6.74,1418320,33348360.00
2018/10/31,6.77,6.96,6.73,6.83,1828112,43821516.00
2018/11/01,6.85,7.11,6.82,6.84,2327860,56462556.00
2018/11/02,6.95,7.11,6.78,7.03,2660852,64850520.00
2018/11/05,7.19,7.19,6.88,7.00,2223900,54443108.00
2018/11/06,6.99,7.11,6.74,7.03,2288597,55107876.00
2018/11/07,7.02,7.14,6.91,6.93,2079116,50965044.00
2018/11/08,6.97,7.01,6.81,6.84,1469857,35372340.00
2018/11/09,6.84,7.17,6.75,7.05,2795757,68506200.00
2018/11/12,7.04,7.33,6.98,7.26,2727119,68438032.00
2018/11/13,7.14,7.29,7.05,7.26,2536692,63598076.00
2018/11/14,7.22,7.36,7.17,7.22,2252123,56976968.00
2018/11/15,7.37,7.75,7.23,7.58,4219281,109733696.00
2018/11/16,7.44,7.57,7.37,7.46,2681737,69763712.00
2018/11/19,7.42,7.47,7.32,7.38,1721356,44188860.00
2018/11/20,7.33,7.41,7.04,7.09,1656212,41879096.00
2018/11/21,7.06,7.23,6.97,7.19,1444636,35947192.00
2018/11/22,7.31,7.46,7.22,7.24,1931015,49348772.00
2018/11/23,7.28,7.35,6.67,6.75,1846747,45000960.00
2018/11/26,6.64,6.79,6.39,6.48,1638878,37518116.00
2018/11/27,6.54,6.63,6.48,6.56,959258,22046476.00
2018/11/28,6.57,6.88,6.39,6.77,1811372,42263196.00
2018/11/29,6.77,6.85,6.53,6.53,1272600,29773948.00
2018/11/30,6.51,6.68,6.41,6.61,1097886,25228842.00
2018/12/03,6.83,6.86,6.67,6.75,1631365,38654684.00
2018/12/04,6.75,6.80,6.68,6.77,1233061,29069430.00
2018/12/05,6.61,6.68,6.52,6.64,1131824,26134816.00
2018/12/06,6.62,6.62,6.43,6.48,1112324,25405634.00
2018/12/07,6.44,6.61,6.44,6.51,803212,18365352.00
2018/12/10,6.49,6.58,6.43,6.52,626740,14338060.00
2018/12/11,6.53,6.61,6.49,6.52,583412,13320971.00
2018/12/12,6.53,6.73,6.51,6.62,1160947,26826052.00
2018/12/13,6.59,6.70,6.47,6.61,1310189,30310570.00
2018/12/14,6.49,6.57,6.32,6.37,1228303,27814506.00
2018/12/17,6.27,6.50,6.27,6.47,937739,21124528.00
2018/12/18,6.50,6.67,6.38,6.57,1431489,32787204.00
2018/12/19,6.53,6.59,6.36,6.36,810113,18338992.00
2018/12/20,6.38,6.49,6.37,6.46,542236,12260435.00
2018/12/21,6.42,6.74,6.42,6.65,1824712,42258344.00
2018/12/24,6.57,6.81,6.57,6.77,2136232,50213720.00
2018/12/25,6.65,6.71,6.48,6.66,1708900,39532448.00
2018/12/26,6.69,6.75,6.59,6.60,1381000,32169080.00
2018/12/27,6.66,6.70,6.32,6.32,1601245,36531124.00
2018/12/28,6.11,6.21,5.64,5.64,3023172,62545724.00
2019/01/02,5.62,5.91,5.62,5.74,1458312,29569020.00
2019/01/03,5.67,5.90,5.65,5.65,924345,18869154.00
2019/01/04,5.65,5.88,5.62,5.84,1165973,23798836.00
2019/01/07,5.84,6.08,5.79,6.04,1172518,24540410.00
2019/01/08,6.06,6.06,5.82,5.86,931795,19419424.00
2019/01/09,5.93,6.02,5.86,5.87,844400,17675568.00
2019/01/10,5.90,5.90,5.76,5.76,627160,12923819.00
2019/01/11,5.77,5.89,5.77,5.87,737033,15173060.00
2019/01/14,5.95,5.95,5.72,5.76,802567,16490966.00
2019/01/15,5.80,5.85,5.68,5.84,742190,15162189.00
2019/01/16,5.87,5.88,5.77,5.80,681933,14022051.00
2019/01/17,5.80,5.84,5.68,5.74,660931,13409527.00
2019/01/18,5.76,5.80,5.71,5.76,750225,15265012.00
2019/01/21,5.81,5.90,5.75,5.86,931304,19184282.00
2019/01/22,5.86,5.94,5.75,5.79,813075,16777704.00
2019/01/23,5.84,5.84,5.74,5.80,478930,9803789.00
2019/01/24,5.84,5.93,5.80,5.91,811543,16835016.00
2019/01/25,5.92,5.95,5.75,5.82,745479,15306640.00
2019/01/28,5.88,5.88,5.71,5.83,673159,13749367.00
2019/01/29,5.85,6.46,5.75,5.92,1807803,38175796.00
2019/01/30,5.85,5.92,5.62,5.64,1396510,28339342.00
2019/01/31,5.58,5.61,5.04,5.25,1764680,33262728.00
2019/02/01,5.24,5.45,5.18,5.39,732421,13889226.00
2019/02/11,5.56,5.56,5.41,5.49,641373,12473062.00
2019/02/12,5.54,5.65,5.47,5.55,871142,17198768.00
2019/02/13,5.56,6.15,5.55,6.15,2234547,46433352.00
2019/02/14,6.13,6.13,5.90,5.99,2576861,54432548.00
2019/02/15,5.93,6.03,5.87,5.91,1411280,29635028.00
2019/02/18,5.91,6.09,5.91,6.06,1789587,37933688.00
2019/02/19,6.11,6.14,5.92,5.99,1303274,27565628.00
2019/02/20,6.06,6.06,5.92,6.01,1005761,21177988.00
2019/02/21,6.01,6.15,5.96,6.03,1660470,35418300.00
2019/02/22,6.02,6.10,5.96,6.10,1498065,31956872.00
2019/02/25,6.16,6.41,6.09,6.35,2724019,59810804.00
2019/02/26,6.38,6.45,6.20,6.28,2374516,52660344.00
2019/02/27,6.41,6.43,6.14,6.25,2175767,48195392.00
2019/02/28,6.20,6.56,6.17,6.45,2614394,58445844.00
2019/03/01,6.45,6.46,6.32,6.37,1420488,31758056.00
2019/03/04,6.38,6.52,6.34,6.39,2046827,46037392.00
2019/03/05,6.38,6.49,6.28,6.46,1929490,43301140.00
2019/03/06,6.46,6.74,6.39,6.66,3295914,75787664.00
2019/03/07,6.59,7.01,6.53,6.93,4290180,101620896.00
2019/03/08,6.79,7.01,6.44,6.45,2984498,70488080.00
2019/03/11,6.42,6.65,6.42,6.61,1561458,35878384.00
2019/03/12,6.70,6.96,6.63,6.72,2857180,67448704.00
2019/03/13,6.67,6.77,6.47,6.54,2023200,47049248.00
2019/03/14,6.53,6.61,6.20,6.28,1495812,33439418.00
2019/03/15,6.35,6.44,6.32,6.37,954300,21359434.00
2019/03/18,6.42,6.60,6.33,6.57,1357202,30932894.00
2019/03/19,6.57,6.65,6.53,6.63,1562605,36064236.00
2019/03/20,6.66,6.78,6.53,6.62,1711157,39787904.00
2019/03/21,6.64,6.67,6.57,6.64,1710524,39681220.00
2019/03/22,6.75,6.75,6.51,6.61,1442314,33465328.00
2019/03/25,6.47,6.53,6.40,6.43,1359202,30766030.00
2019/03/26,6.45,6.50,6.20,6.20,1326912,29555420.00
2019/03/27,6.25,6.33,6.11,6.28,874212,19109466.00
2019/03/28,6.21,6.41,6.21,6.33,1151155,25636420.00
2019/03/29,6.26,6.47,6.26,6.44,1229802,27564602.00
2019/04/01,6.44,6.66,6.44,6.62,1774077,40915172.00
2019/04/02,6.63,7.33,6.59,7.33,4751700,117526408.00
2019/04/03,7.25,7.44,7.09,7.15,6390661,161050448.00
2019/04/04,7.08,7.29,6.96,7.14,3787581,93816232.00
2019/04/08,7.18,7.64,7.18,7.31,5656650,144987568.00
2019/04/09,7.16,8.06,6.93,7.76,7731433,202941712.00
2019/04/10,7.56,8.07,7.42,7.88,7431764,200321248.00
2019/04/11,7.78,7.89,7.44,7.73,5151710,137985136.00
2019/04/12,7.73,7.94,7.47,7.47,3721948,99627680.00
2019/04/15,7.45,7.60,7.05,7.05,3991648,102565712.00
2019/04/16,6.98,7.17,6.94,7.09,3174778,78147008.00
2019/04/17,7.08,7.17,6.98,7.04,2284943,56464636.00
2019/04/18,7.07,7.11,6.90,6.92,1787386,43736432.00
2019/04/19,6.92,6.96,6.72,6.84,1803400,43120272.00
2019/04/22,6.90,6.90,6.71,6.73,1346100,31944876.00
2019/04/23,6.71,6.77,6.48,6.53,1447400,33426120.00
2019/04/24,6.52,6.65,6.50,6.62,1202245,27729088.00
2019/04/25,6.61,6.84,6.50,6.53,2092436,49037596.00
2019/04/26,6.45,7.21,6.45,6.72,2032442,48093424.00
2019/04/29,6.71,6.82,6.16,6.19,1777300,40295880.00
2019/04/30,6.26,6.26,5.92,6.22,1242512,26899892.00
2019/05/06,6.08,6.08,5.55,5.55,1565112,31588618.00
2019/05/07,5.62,6.16,5.56,6.16,1763008,36742372.00
2019/05/08,6.07,6.17,5.85,5.88,2277244,48222936.00
2019/05/09,5.86,6.16,5.84,6.01,1549176,32874056.00
2019/05/10,6.12,6.22,5.92,6.14,2047023,44066132.00
2019/05/13,6.08,6.21,6.03,6.18,1277772,27619856.00
2019/05/14,6.10,6.25,6.09,6.17,1106723,24018734.00
2019/05/15,6.25,6.30,6.18,6.23,1111139,24345910.00
2019/05/16,6.23,6.90,6.19,6.90,4784139,112317144.00
2019/05/17,6.89,7.63,6.75,7.63,10652093,271857504.00
2019/05/20,7.59,7.63,7.15,7.27,9403642,241516000.00
2019/05/21,7.26,7.38,7.07,7.24,5109860,128852256.00
2019/05/22,7.11,7.73,7.08,7.39,9615371,246001552.00
2019/05/23,7.54,7.62,7.18,7.23,7850152,201799456.00
2019/05/24,7.08,7.45,7.03,7.25,6175138,156238416.00
2019/05/27,7.25,7.42,7.04,7.39,7495889,188711904.00
2019/05/28,7.39,7.48,7.19,7.24,6394799,162377744.00
2019/05/29,7.29,7.40,6.96,7.23,6326592,159417040.00
2019/05/30,7.13,7.97,6.99,7.63,8898030,228453040.00
2019/05/31,7.39,7.73,7.38,7.59,8165067,215365168.00
2019/06/03,7.51,8.40,7.45,7.79,8335706,229067136.00
2019/06/04,8.03,8.05,7.48,7.87,6084585,164408048.00
2019/06/05,7.86,7.87,7.10,7.35,6468306,169041008.00
2019/06/06,7.26,7.78,7.11,7.29,3668564,94280376.00
2019/06/10,7.39,7.84,7.19,7.79,6171207,162709792.00
2019/06/11,7.76,8.54,7.70,8.49,9563073,266736016.00
2019/06/12,8.34,9.38,8.14,9.38,10595539,313085760.00
2019/06/13,9.32,9.39,8.40,8.48,8976545,272760512.00
2019/06/14,8.46,8.46,7.69,7.74,5350800,146581552.00
2019/06/17,7.51,7.63,7.05,7.24,5443150,91628744.00
2019/06/18,7.21,7.21,6.85,6.97,4374544,70769136.00
2019/06/19,7.07,7.25,6.99,7.13,4539499,74599008.00
2019/06/20,7.05,7.29,6.91,7.19,5157068,85129904.00
2019/06/21,7.21,7.30,7.13,7.22,5209365,86931848.00
2019/06/24,7.22,7.22,6.90,7.04,3969675,64382284.00
2019/06/25,6.98,7.08,6.90,6.94,2535250,40952936.00
2019/06/26,6.90,6.97,6.68,6.84,2838668,45105056.00
2019/06/27,6.85,6.95,6.76,6.86,2390418,38107796.00
2019/06/28,6.86,6.95,6.73,6.80,3456516,54923628.00
2019/07/01,6.90,6.98,6.84,6.98,3586468,57677056.00
2019/07/02,6.98,7.02,6.82,6.88,2842055,45500884.00
2019/07/03,6.88,7.29,6.81,7.16,6512004,107077064.00
2019/07/04,7.11,7.25,7.01,7.19,4207918,69452464.00
2019/07/05,7.20,7.25,7.05,7.13,2909050,48055472.00
2019/07/08,7.06,7.13,6.77,6.85,3237900,51623784.00
2019/07/09,6.85,7.58,6.77,7.20,6396905,106712872.00
2019/07/10,7.21,7.40,7.09,7.28,5157973,86451480.00
2019/07/11,7.20,7.30,7.09,7.09,3508218,58333588.00
2019/07/12,7.13,7.29,7.11,7.22,3299968,55009892.00
2019/07/15,7.18,7.24,6.80,7.06,2950723,48091320.00
2019/07/16,7.13,7.21,6.90,6.96,2833400,46183996.00
2019/07/17,6.90,6.97,6.76,6.82,2769200,44053488.00
2019/07/18,6.85,6.88,6.70,6.71,1844100,29108400.00
2019/07/19,6.75,6.86,6.62,6.64,1718750,26919486.00
2019/07/22,6.68,6.71,5.97,6.13,3093715,44857732.00
2019/07/23,6.11,6.29,6.01,6.26,1649150,23906606.00
2019/07/24,6.21,6.39,6.19,6.25,2331054,34295612.00
2019/07/25,6.25,6.34,6.14,6.20,2260315,32765898.00
2019/07/26,6.28,6.39,6.21,6.28,2150300,31604318.00
2019/07/29,6.31,6.32,6.14,6.15,1975250,28506594.00
2019/07/30,6.18,6.69,6.15,6.49,5007782,75262928.00
2019/07/31,6.43,6.73,6.35,6.67,6094150,93524568.00
2019/08/01,6.55,6.73,6.41,6.45,5096450,77381632.00
2019/08/02,6.25,6.64,6.18,6.54,5119317,77325016.00
2019/08/05,6.53,6.60,6.10,6.40,4091595,61501536.00
2019/08/06,6.26,6.60,6.05,6.50,5904867,87787144.00
2019/08/07,6.50,6.53,6.19,6.21,4579346,67888256.00
2019/08/08,6.18,6.24,5.95,6.05,3973651,56517476.00
2019/08/09,6.00,6.15,5.80,5.82,3250452,45602556.00
2019/08/12,5.83,6.10,5.83,6.03,2912902,40644248.00
2019/08/13,5.98,6.12,5.90,6.04,2389671,33841116.00
2019/08/14,6.12,6.21,6.08,6.11,2341170,33530986.00
2019/08/15,6.05,6.24,5.95,6.19,2440523,35053672.00
2019/08/16,6.21,6.24,6.13,6.17,1887857,27222750.00
2019/08/19,6.17,6.33,6.15,6.32,2827449,41192744.00
2019/08/20,6.31,6.36,6.22,6.30,2072179,30330340.00
2019/08/21,6.26,6.97,6.24,6.80,9257887,144578336.00
2019/08/22,6.70,7.08,6.66,6.86,8349387,133394544.00
2019/08/23,6.86,7.35,6.78,7.09,9195731,148988096.00
2019/08/26,6.83,7.11,6.81,6.90,6206957,99701112.00
2019/08/27,6.79,7.07,6.77,6.87,6583335,105805776.00
2019/08/28,6.79,7.16,6.61,7.15,8807455,141179728.00
2019/08/29,7.08,7.35,6.99,7.09,8444886,140407104.00
2019/08/30,7.09,7.58,7.09,7.21,7915418,132619816.00
2019/09/02,7.16,7.35,7.10,7.28,6923136,116285128.00
2019/09/03,7.26,7.27,6.99,7.15,5784990,95203064.00
2019/09/04,7.09,7.09,6.87,6.95,4618769,74395848.00
2019/09/05,6.95,7.03,6.91,6.91,4402493,71008792.00
2019/09/06,6.95,6.97,6.82,6.93,2977445,47663828.00
2019/09/09,6.97,7.09,6.92,7.06,3940398,64062124.00
2019/09/10,7.06,7.20,6.97,7.14,3952088,64833972.00
2019/09/11,7.14,7.16,6.92,6.94,2798817,45531612.00
2019/09/12,6.95,7.02,6.92,7.01,2215081,35839092.00
2019/09/16,7.00,7.09,6.96,7.00,2201349,35737256.00
2019/09/17,7.00,7.53,6.97,7.43,11406578,192361360.00
2019/09/18,7.35,7.40,7.15,7.33,7328051,123565128.00
2019/09/19,7.31,7.32,7.16,7.30,4195712,70303408.00
2019/09/20,7.30,7.49,7.22,7.35,4975626,84467656.00
2019/09/23,7.27,7.35,6.91,7.02,3637886,59855296.00
2019/09/24,7.01,7.04,6.80,6.80,3549890,56645948.00
2019/09/25,6.78,6.79,6.44,6.49,2676490,40975932.00
2019/09/26,6.50,6.64,6.03,6.21,2169200,32146912.00
2019/09/27,6.19,6.39,6.19,6.32,1415107,20811956.00
2019/09/30,6.31,6.37,6.27,6.30,1059100,15612321.00
2019/10/08,6.32,6.39,6.28,6.35,937580,13866363.00
2019/10/09,6.35,7.03,6.34,7.03,5849530,93341872.00
2019/10/10,7.13,7.78,7.08,7.78,14850163,257390128.00
2019/10/11,7.79,8.60,7.56,8.37,18834748,345743360.00
2019/10/14,8.27,8.48,7.82,7.97,15402277,287615072.00
2019/10/15,7.90,8.05,7.69,7.82,8367679,151861344.00
2019/10/16,7.75,7.97,7.71,7.79,6115766,110368432.00
2019/10/17,7.84,8.18,7.73,7.76,9510602,172907824.00
2019/10/18,7.82,7.86,7.63,7.76,5797939,103333864.00
2019/10/21,7.86,8.27,7.70,7.96,14749973,271541536.00
2019/10/22,8.09,8.21,7.95,8.01,11938390,221183040.00
2019/10/23,7.99,8.27,7.82,8.05,11877220,219390560.00
2019/10/24,8.08,8.17,7.89,7.97,9655507,178843168.00
2019/10/25,8.09,8.09,7.58,7.81,9252641,166571872.00
2019/10/28,7.75,8.22,7.60,7.95,10110262,185302192.00
2019/10/29,8.07,8.19,7.73,7.94,12425355,228298240.00
2019/10/30,8.18,8.78,7.83,8.78,18291832,346475104.00
2019/10/31,8.85,9.64,8.39,9.19,19073000,386162016.00
2019/11/01,8.98,8.98,8.23,8.23,9338400,179546688.00
2019/11/04,7.82,7.82,7.36,7.36,2405200,41303884.00
2019/11/05,6.63,7.02,6.63,6.81,11660443,184060656.00
2019/11/06,6.64,6.66,6.37,6.40,7907187,119513840.00
2019/11/07,6.37,6.61,6.37,6.55,4889996,73820056.00
2019/11/08,6.55,6.63,6.46,6.57,4346264,66276268.00
2019/11/11,6.53,6.56,6.37,6.41,3042350,45607956.00
2019/11/12,6.47,7.08,6.41,6.94,7965349,125108040.00
2019/11/13,6.94,6.94,6.65,6.70,5230768,81908944.00
2019/11/14,6.69,6.80,6.49,6.61,4422150,68038632.00
2019/11/15,6.59,6.60,6.42,6.45,3433700,51756212.00
2019/11/18,6.49,6.57,6.37,6.55,2779590,41993688.00
2019/11/19,6.52,6.65,6.48,6.60,3989153,61050784.00
2019/11/20,6.62,6.63,6.46,6.48,3195468,48417836.00
2019/11/21,6.42,6.50,6.41,6.43,2132534,31990596.00
2019/11/22,6.45,6.54,6.11,6.21,4018936,59308956.00
2019/11/25,6.21,6.21,5.95,6.05,3495650,49357068.00
2019/11/26,6.03,6.10,5.92,5.97,1976300,27726488.00
2019/11/27,5.97,6.09,5.93,6.03,2098600,29598962.00
2019/11/28,6.04,6.12,6.00,6.03,1600600,22624920.00
2019/11/29,6.04,6.20,5.98,6.15,3274418,46534208.00
2019/12/02,6.15,6.27,6.08,6.21,3373331,48769688.00
2019/12/03,6.16,6.43,6.09,6.33,4288900,62625432.00
2019/12/04,6.29,6.56,6.26,6.53,5056400,76085208.00
2019/12/05,6.50,6.56,6.32,6.42,4709300,70310680.00
2019/12/06,6.42,6.43,6.29,6.31,2909981,42962756.00
2019/12/09,6.31,6.37,6.24,6.30,2279050,33453094.00
2019/12/10,6.23,6.33,6.22,6.24,2061345,30052222.00
2019/12/11,6.28,6.41,6.22,6.37,3035813,44681556.00
2019/12/12,6.36,6.36,6.09,6.10,3055300,44353140.00
2019/12/13,6.15,6.18,6.10,6.17,2164150,31043332.00
2019/12/16,6.21,6.28,6.17,6.27,2172450,31599348.00
2019/12/17,6.32,6.46,6.31,6.40,3638678,54096732.00
2019/12/18,6.42,6.51,6.37,6.46,3619837,54333540.00
2019/12/19,6.49,6.57,6.40,6.53,3185439,48135152.00
2019/12/20,6.53,6.58,6.37,6.38,2888412,43442896.00
2019/12/23,6.40,6.46,6.31,6.36,2589900,38562132.00
2019/12/24,6.35,6.49,6.35,6.47,2359662,35286356.00
2019/12/25,6.54,6.56,6.37,6.44,2275475,34154752.00
2019/12/26,6.46,6.66,6.41,6.60,4360838,66613996.00
2019/12/27,6.61,6.67,6.42,6.43,3625446,55053472.00
2019/12/30,6.46,6.46,6.10,6.39,2427961,35870456.00
2019/12/31,6.39,6.57,6.37,6.52,2771311,41971768.00
2020/01/02,6.54,6.73,6.54,6.73,4568978,70584240.00
2020/01/03,6.90,6.95,6.56,6.69,4905302,76157600.00
2020/01/06,6.67,6.83,6.60,6.75,4551881,71012024.00
2020/01/07,6.73,7.08,6.73,6.94,5929118,95015536.00
2020/01/08,6.85,6.90,6.64,6.65,5014500,78719320.00
2020/01/09,6.74,7.13,6.70,6.97,6844564,110106480.00
2020/01/10,6.99,7.67,6.86,7.29,9149028,153166720.00
2020/01/13,7.25,7.27,7.02,7.22,5628948,92828296.00
2020/01/14,7.19,7.26,7.01,7.01,3910499,64098196.00
2020/01/15,7.02,7.03,6.77,6.88,3463064,55197120.00
2020/01/16,6.88,7.06,6.82,6.95,2794288,45041776.00
2020/01/17,6.92,6.95,6.78,6.78,2083068,33072934.00
2020/01/20,6.74,6.82,6.64,6.81,2171042,33922856.00
2020/01/21,6.81,6.99,6.66,6.69,2483356,39445532.00
2020/01/22,6.75,6.75,6.46,6.58,2297057,35069748.00
2020/01/23,6.58,6.62,6.26,6.33,2199500,32937362.00
2020/02/03,5.66,5.66,5.66,5.66,449300,5966704.00
2020/02/04,5.05,5.62,5.05,5.44,3396420,43234868.00
2020/02/05,5.43,5.73,5.41,5.66,2701850,35808156.00
2020/02/06,5.64,6.06,5.55,5.92,3294740,44879204.00
2020/02/07,5.92,6.35,5.77,6.10,4707890,66446140.00
2020/02/10,6.08,6.10,5.93,6.03,2441042,34280956.00
2020/02/11,5.99,6.05,5.83,5.89,2409618,33345940.00
2020/02/12,5.88,5.95,5.82,5.93,1729000,23892012.00
2020/02/13,5.86,6.02,5.86,5.86,1774468,24591736.00
2020/02/14,5.88,5.92,5.79,5.83,1681150,23038618.00
2020/02/17,5.71,5.97,5.66,5.93,2384031,32868098.00
2020/02/18,5.94,6.09,5.92,6.06,2403614,33815912.00
2020/02/19,6.07,6.07,5.93,5.94,2280100,31991772.00
2020/02/20,5.97,6.08,5.88,6.08,2497802,35269536.00
2020/02/21,6.11,6.14,6.05,6.08,2805714,39944744.00
2020/02/24,6.08,6.27,6.05,6.19,2964150,42580072.00
2020/02/25,6.09,6.24,5.83,6.22,3825354,54167140.00
2020/02/26,6.14,6.34,6.04,6.10,3350914,48521888.00
2020/02/27,6.08,6.50,6.08,6.36,4024968,59015388.00
2020/02/28,6.12,6.17,5.71,5.74,3970436,55284844.00
2020/03/02,5.80,6.05,5.78,5.98,2137868,29728594.00
2020/03/03,6.05,6.14,5.94,5.97,2010650,28434014.00
2020/03/04,5.89,6.20,5.89,6.14,3441777,48824268.00
2020/03/05,6.18,6.37,6.15,6.37,3701393,54321980.00
2020/03/06,6.29,6.51,6.20,6.30,3376300,49963348.00
2020/03/09,6.25,6.76,6.25,6.49,7364248,111893216.00
2020/03/10,6.40,7.15,6.29,7.08,8203836,128839432.00
2020/03/11,6.99,7.12,6.84,7.02,7539297,121161488.00
2020/03/12,6.89,7.24,6.79,7.13,5736421,93672976.00
2020/03/13,6.90,7.56,6.49,7.24,6287120,104072744.00
2020/03/16,7.36,7.44,6.68,6.76,3547050,58048304.00
2020/03/17,6.67,7.13,6.33,6.70,4104518,64000720.00
2020/03/18,6.65,6.78,6.21,6.23,3307100,50394288.00
2020/03/19,6.21,6.23,5.80,6.00,3025366,42292816.00
2020/03/20,6.05,6.19,5.94,6.07,1812236,25622370.00
2020/03/23,5.94,6.14,5.73,5.92,1291450,18055280.00
2020/03/24,6.05,6.11,5.88,6.10,1406133,19813546.00
2020/03/25,6.21,6.33,6.16,6.27,1633500,23821948.00
2020/03/26,6.35,6.86,6.22,6.65,3334127,51171728.00
2020/03/27,6.65,6.94,6.65,6.75,2944918,46230124.00
2020/03/30,6.60,6.87,6.55,6.63,2278301,35411652.00
2020/03/31,6.68,7.03,6.63,6.92,3362954,53297032.00
2020/04/01,6.90,7.04,6.58,6.58,2852150,44686992.00
2020/04/02,6.74,6.74,6.44,6.68,1980950,30335032.00
2020/04/03,6.63,6.97,6.63,6.76,2506468,39692872.00
2020/04/07,6.92,7.12,6.81,6.93,3536000,56907300.00
2020/04/08,6.93,7.12,6.85,6.96,3338550,53972180.00
2020/04/09,6.98,7.03,6.72,6.77,3200200,50581012.00
2020/04/10,6.81,7.13,6.59,6.60,3978950,63073460.00
2020/04/13,6.39,6.76,6.28,6.55,2416586,36475164.00
2020/04/14,6.60,6.70,6.49,6.63,1576750,24207768.00
2020/04/15,6.67,6.73,6.52,6.53,1673100,25779166.00
2020/04/16,6.53,6.60,6.35,6.53,1710650,25793472.00
2020/04/17,6.53,6.67,6.39,6.41,1864750,28400298.00
2020/04/20,6.41,6.50,6.35,6.39,1764950,26323058.00
2020/04/21,6.39,6.40,6.16,6.21,1680268,24414632.00
2020/04/22,6.21,6.35,6.17,6.31,1247618,18248964.00
2020/04/23,6.35,6.71,6.33,6.61,2923400,44418024.00
2020/04/24,6.56,6.67,6.26,6.30,2074850,31123612.00
2020/04/27,6.30,6.97,6.22,6.97,4914752,77840328.00
2020/04/28,7.03,7.12,6.64,6.80,8046438,128058032.00
2020/04/29,6.81,6.81,6.09,6.09,7473720,112153048.00
2020/04/30,5.86,6.08,5.81,5.98,4927334,68608248.00
2020/05/06,5.89,6.06,5.85,6.04,2207100,30844804.00
2020/05/07,6.05,6.67,6.05,6.42,5234152,77394496.00
2020/05/08,6.46,6.65,6.40,6.52,4901523,74413520.00
2020/05/11,6.62,6.63,6.29,6.34,3025052,45110004.00
2020/05/12,6.34,6.42,6.22,6.30,2101218,30954556.00
2020/05/13,6.26,6.97,6.17,6.97,6502699,101952656.00
2020/05/14,6.99,7.44,6.84,7.08,14110873,232435024.00
2020/05/15,7.12,7.32,7.00,7.15,9407531,156584912.00
2020/05/18,7.26,7.30,6.86,6.96,6613800,107060104.00
2020/05/19,6.98,7.66,6.91,7.40,11371986,192000576.00
2020/05/20,7.31,7.50,7.01,7.19,7720731,129462536.00
2020/05/21,7.15,7.19,6.88,6.92,4400031,71332616.00
2020/05/22,6.97,6.98,6.53,6.72,4565062,71158528.00
2020/05/25,6.74,6.88,6.57,6.74,4503436,69937720.00
2020/05/26,6.72,7.01,6.65,6.94,5702619,90851248.00
2020/05/27,6.95,7.14,6.86,7.04,5491136,89123744.00
2020/05/28,7.00,7.03,6.74,6.93,3873679,61683392.00
2020/05/29,6.94,7.26,6.89,7.02,5807600,95179280.00
2020/06/01,7.08,7.23,6.99,7.22,5926598,98127520.00
2020/06/02,7.15,7.22,6.93,6.99,5697150,92807888.00
2020/06/03,7.00,7.73,6.95,7.73,12013450,207138080.00
2020/06/04,7.59,7.88,7.41,7.66,12337868,216485136.00
2020/06/05,7.52,7.66,7.41,7.50,6697089,115764864.00
2020/06/08,7.50,7.53,7.27,7.37,5221484,88823912.00
2020/06/09,7.43,7.61,7.36,7.47,5953049,102403720.00
2020/06/10,7.39,7.39,7.15,7.22,4838515,80850648.00
2020/06/11,7.21,7.28,6.97,6.99,4497451,74207768.00
2020/06/12,6.80,7.06,6.76,6.97,2995653,48166404.00
2020/06/15,7.02,7.08,6.88,6.91,2692500,43461740.00
2020/06/16,6.97,7.11,6.96,7.08,2510936,40999672.00
2020/06/17,7.08,7.25,7.02,7.23,3638596,60357884.00
2020/06/18,7.19,7.21,7.06,7.13,2312904,38083196.00
2020/06/19,7.13,7.15,7.05,7.10,1984550,32566304.00
2020/06/22,7.10,7.11,6.93,7.04,1710200,27753360.00
2020/06/23,7.06,7.10,6.92,6.97,2103410,33992488.00
2020/06/24,7.01,7.01,6.84,6.85,2012950,31979030.00
2020/06/29,6.84,7.11,6.70,7.09,2905097,46268608.00
2020/06/30,7.09,7.15,7.03,7.11,2443431,39821660.00
2020/07/01,7.11,7.16,7.02,7.11,2200050,35930788.00
2020/07/02,7.08,7.24,7.02,7.19,3453000,56824488.00
2020/07/03,7.19,7.24,7.09,7.20,2997278,49466964.00
2020/07/06,7.19,7.48,7.19,7.41,4541751,76774848.00
2020/07/07,7.47,7.54,7.33,7.37,5291950,90295328.00
2020/07/08,7.41,7.60,7.31,7.52,4636173,79509040.00
2020/07/09,7.53,7.84,7.52,7.74,5488561,96844392.00
2020/07/10,7.68,7.86,7.57,7.57,4489216,79226304.00
2020/07/13,7.55,8.09,7.53,7.98,5705318,103266824.00
2020/07/14,7.99,8.41,7.89,8.30,7395841,138450064.00
2020/07/15,8.17,8.24,7.63,7.67,6099700,109348864.00
2020/07/16,7.63,8.05,7.42,7.46,4338119,76734112.00
2020/07/17,7.63,7.63,7.29,7.51,2937267,50178872.00
2020/07/20,7.51,7.84,7.51,7.79,3235817,57382280.00
2020/07/21,7.81,7.92,7.71,7.80,2814450,50300400.00
2020/07/22,7.75,8.00,7.67,7.80,3387246,60802112.00
2020/07/23,7.75,8.15,7.54,8.05,4928056,88630320.00
2020/07/24,7.98,8.05,7.31,7.41,4387593,77387368.00
2020/07/27,7.41,8.08,7.39,7.95,5259242,94529480.00
2020/07/28,8.04,8.12,7.75,8.02,4229955,76931952.00
2020/07/29,7.87,8.32,7.86,8.20,5082798,94496824.00
2020/07/30,8.31,8.31,7.95,8.09,3503340,64595364.00
2020/07/31,8.16,8.68,8.00,8.36,7468191,142959296.00
2020/08/03,8.42,8.68,8.29,8.62,5089200,98823328.00
2020/08/04,8.55,8.62,8.35,8.49,4203078,81375760.00
2020/08/05,8.45,8.54,8.22,8.50,2586700,49656364.00
2020/08/06,8.47,8.76,8.34,8.67,3949000,77220448.00
2020/08/07,8.69,9.36,8.57,9.06,6460296,131504496.00
2020/08/10,10.01,10.01,10.01,10.01,558100,12657708.00
2020/08/11,11.04,11.04,9.58,9.91,11846036,283206432.00
2020/08/12,10.19,10.94,10.14,10.94,7622122,181725600.00
2020/08/13,11.79,12.08,10.20,12.08,10603985,276332864.00
2020/08/14,11.99,13.32,11.97,13.32,11235942,322402432.00
2020/08/17,12.67,14.68,12.67,13.82,11319334,345042656.00
2020/08/18,13.02,15.17,13.00,14.51,10120094,326519008.00
2020/08/19,14.55,15.14,13.87,14.56,8382566,271121888.00
2020/08/20,14.27,15.14,13.65,14.73,5829150,187849616.00
2020/08/21,14.91,16.24,14.39,16.24,8049335,280662336.00
2020/08/24,16.10,17.90,16.10,17.90,8634246,330316096.00
2020/08/25,18.33,19.24,16.62,17.35,11111206,447253504.00
2020/08/26,17.34,17.94,16.11,17.47,7425427,285493152.00
2020/08/27,17.02,17.45,16.32,16.32,6622090,248211824.00
2020/08/28,15.88,17.11,15.88,16.24,5399350,198206384.00
2020/08/31,16.88,16.94,15.94,16.42,3799608,139698800.00
2020/09/01,16.60,18.11,16.33,18.11,4572008,176180592.00
2020/09/02,18.30,19.95,18.30,19.72,6480440,277202976.00
2020/09/03,20.01,20.01,18.62,19.56,4436221,191580080.00
2020/09/04,19.08,19.31,18.39,18.61,4380564,182958480.00
2020/09/07,18.82,19.07,18.19,18.84,3050376,127066584.00
2020/09/08,18.85,19.68,18.63,18.92,3206768,135982752.00
2020/09/09,18.62,18.85,17.13,17.53,4486914,178456864.00
2020/09/10,17.20,18.98,17.20,18.65,3302319,134956064.00
2020/09/11,18.15,20.17,18.15,19.66,4066087,177050768.00
2020/09/14,19.68,20.03,18.76,19.52,3591036,154783712.00
2020/09/15,19.54,20.32,19.23,20.27,3077986,136438432.00
2020/09/16,20.34,20.64,19.59,19.76,2767336,122421432.00
2020/09/17,19.76,20.17,19.53,19.63,1780600,78565336.00
2020/09/18,20.03,20.29,19.45,20.23,2910118,129876688.00
2020/09/21,20.22,21.60,19.90,21.48,2651550,124314256.00
2020/09/22,21.06,21.82,21.06,21.48,1991291,94981968.00
2020/09/23,21.28,22.00,20.96,21.32,1918940,91615160.00
2020/09/24,21.10,21.59,20.67,20.77,1652902,77306376.00
2020/09/25,20.80,21.13,20.36,20.82,1049400,48451764.00
2020/09/28,20.64,21.23,20.00,20.21,1988300,90934248.00
2020/09/29,20.58,20.80,19.56,19.56,1912950,85345880.00
2020/09/30,19.74,19.99,18.90,19.58,2846500,122697760.00
2020/10/09,19.79,20.33,19.63,20.09,1677214,74360040.00
2020/10/12,20.04,21.35,20.00,21.35,2858200,132168152.00
2020/10/13,21.35,23.53,21.35,23.53,3858754,193681264.00
2020/10/14,23.97,25.65,23.76,25.28,3593019,198939088.00
2020/10/15,25.29,25.47,23.84,25.09,2831589,154609872.00
2020/10/16,24.80,25.63,24.48,25.54,2025488,112810744.00
2020/10/19,25.72,26.58,24.85,26.04,2714200,154839088.00
2020/10/20,25.72,26.58,25.52,26.20,1996900,115762576.00
2020/10/21,26.13,26.77,25.94,25.99,1865950,108897944.00
2020/10/22,26.25,26.54,25.24,26.30,2020400,116199800.00
2020/10/23,26.27,26.73,25.03,25.72,2615300,151107520.00
2020/10/26,25.88,26.45,24.70,25.33,2341118,132235456.00
2020/10/27,25.22,25.98,25.12,25.33,1673918,94612632.00
2020/10/28,25.10,25.86,25.07,25.31,1706518,96529584.00
2020/10/29,25.52,25.86,25.12,25.53,1824250,103317128.00
2020/10/30,25.58,25.81,25.13,25.28,1721500,96998528.00
2020/11/02,25.57,25.67,25.03,25.13,1398689,78562600.00
2020/11/03,25.04,25.25,24.65,25.08,1212819,66940344.00
2020/11/04,25.27,25.77,24.58,25.73,1634240,91275872.00
2020/11/05,26.04,26.86,25.35,26.48,1827643,105266616.00
2020/11/06,26.41,26.90,25.84,26.50,1884700,110667264.00
2020/11/09,26.50,26.50,23.81,23.81,2233554,121795728.00
2020/11/10,21.39,21.59,21.39,21.39,628900,29907328.00
2020/11/11,19.22,19.22,19.22,19.22,218700,9360360.00
2020/11/12,17.26,20.22,17.26,19.76,5739154,232343760.00
2020/11/13,18.42,19.71,18.03,18.81,4940659,205878224.00
2020/11/16,18.90,18.90,17.02,17.07,3817790,149241776.00
2020/11/17,17.04,17.56,16.03,17.43,3453029,128580728.00
2020/11/18,17.37,17.70,16.87,17.05,1974568,76101840.00
2020/11/19,17.06,17.29,16.79,16.80,1587050,60061516.00
2020/11/20,16.97,17.65,16.78,17.30,2680500,103461840.00
2020/11/23,17.34,17.61,17.02,17.17,1161850,44583900.00
2020/11/24,16.87,17.24,16.80,16.92,770750,29165520.00
2020/11/25,16.93,17.07,16.42,16.69,1020100,38021852.00
2020/11/26,16.69,16.79,16.46,16.79,1040150,38638336.00
2020/11/27,16.84,17.23,16.37,17.18,1965050,73467704.00
2020/11/30,17.02,17.25,16.56,16.84,1449950,54603060.00
2020/12/01,16.89,17.23,16.70,17.18,1562454,59440772.00
2020/12/02,17.18,17.32,16.92,17.02,1116250,42454404.00
2020/12/03,16.88,17.10,16.83,16.95,809750,30647350.00
2020/12/04,16.96,17.22,16.72,17.11,1309172,49914608.00
2020/12/07,17.15,17.18,16.90,16.97,711500,27027604.00
2020/12/08,17.12,17.34,16.88,17.22,1447150,55599992.00
2020/12/09,17.39,18.98,17.29,18.98,3385526,140611600.00
2020/12/10,19.07,19.20,17.16,17.48,3885500,154635008.00
2020/12/11,17.07,17.59,16.64,17.25,1988928,76150824.00
2020/12/14,17.25,17.29,16.33,16.76,1449118,54076384.00
2020/12/15,17.25,17.34,16.49,17.02,1569468,58712132.00
2020/12/16,16.93,17.16,16.56,16.75,929500,34806512.00
2020/12/17,16.72,16.89,16.41,16.72,1192894,44226076.00
2020/12/18,16.71,17.42,16.38,16.97,1287627,48539648.00
2020/12/21,16.89,17.02,16.52,16.94,728150,27281364.00
2020/12/22,16.93,17.07,16.72,16.88,711868,26812884.00
2020/12/23,16.79,17.39,16.57,17.09,1066350,40545064.00
2020/12/24,17.09,17.45,16.93,17.42,905844,35010356.00
2020/12/25,18.39,18.39,16.79,17.37,1621544,62618556.00
2020/12/28,17.02,17.25,16.60,16.88,1071199,40216476.00
2020/12/29,16.64,16.86,16.42,16.56,989703,36648856.00
2020/12/30,16.93,16.93,14.87,15.73,2573500,88260192.00
2020/12/31,15.60,17.09,15.15,17.02,2428518,88684504.00
2021/01/04,17.01,17.62,16.84,17.34,1811783,69844040.00
2021/01/05,17.29,17.53,17.16,17.33,1134218,43891328.00
2021/01/06,17.47,17.47,16.52,16.94,1647850,61704068.00
2021/01/07,16.77,16.89,16.15,16.63,1005592,37408736.00
2021/01/08,16.63,16.79,16.52,16.67,711100,26373842.00
2021/01/11,16.32,16.65,15.65,16.56,908850,32743516.00
2021/01/12,16.50,16.55,16.05,16.55,899300,32700200.00
2021/01/13,16.74,17.52,15.88,17.02,1074546,40132616.00
2021/01/14,16.96,17.31,16.55,17.08,1129677,42783072.00
2021/01/15,16.64,17.52,16.64,17.29,830800,31940232.00
2021/01/18,16.25,17.47,16.25,17.23,1968107,74720168.00
2021/01/19,17.07,17.33,17.01,17.13,848516,32546772.00
2021/01/20,17.13,17.89,17.04,17.66,1214956,47692268.00
2021/01/21,17.66,19.26,17.02,18.76,1891774,78461848.00
2021/01/22,18.64,18.65,17.51,17.87,1623500,64628984.00
2021/01/25,17.87,18.65,17.53,18.03,1311642,52925216.00
2021/01/26,17.71,18.18,17.48,17.51,867500,34344500.00
2021/01/27,17.43,17.65,17.19,17.30,991150,38367568.00
2021/01/28,17.07,18.12,17.07,17.77,1470486,58184944.00
2021/01/29,17.52,18.85,17.52,18.58,1744850,71681304.00
2021/02/01,18.62,19.78,18.39,19.60,1732413,73832000.00
2021/02/02,19.77,20.06,18.93,19.30,1350763,58328812.00
2021/02/03,18.91,20.20,18.90,19.94,1257850,55073008.00
2021/02/04,19.77,20.65,19.69,20.23,1570144,70976832.00
2021/02/05,20.18,21.23,20.00,20.36,1315092,60607480.00
2021/02/08,19.31,20.18,19.31,19.64,1453600,63793664.00
2021/02/09,19.34,20.59,19.34,19.87,943144,42048220.00
2021/02/10,19.96,21.48,19.72,21.23,1604642,74302800.00
2021/02/18,21.81,22.00,20.69,21.40,1380024,65831208.00
2021/02/19,21.36,21.81,20.74,21.23,981210,46487188.00
2021/02/22,21.19,21.83,21.19,21.33,919268,43928912.00
2021/02/23,21.10,21.47,20.02,20.60,998168,45880168.00
2021/02/24,20.60,20.93,20.26,20.41,663300,30278628.00
2021/02/25,20.41,20.66,19.84,19.99,999200,44743188.00
2021/02/26,19.90,20.37,19.63,20.00,825900,36786100.00
2021/03/01,20.02,20.55,19.86,20.17,605300,27275552.00
2021/03/02,20.17,20.36,19.31,19.84,810142,35749504.00
2021/03/03,19.85,20.74,19.68,20.67,1062800,48334520.00
2021/03/04,20.67,21.03,19.84,20.34,731250,33090454.00
2021/03/05,20.42,20.72,20.20,20.63,561550,25648674.00
2021/03/08,20.65,21.03,20.22,20.55,626700,28573584.00
2021/03/09,20.54,20.78,19.77,20.62,578977,26317640.00
2021/03/10,21.00,21.00,20.17,20.27,571150,25956326.00
2021/03/11,20.27,20.36,19.45,19.50,951050,41804424.00
2021/03/12,19.51,19.88,19.32,19.58,391050,17098564.00
2021/03/15,19.45,20.04,18.63,19.13,879850,38135756.00
2021/03/16,19.30,19.59,18.90,19.39,528990,22815260.00
2021/03/17,19.06,20.07,19.00,19.75,675868,29745718.00
2021/03/18,19.55,20.48,19.55,20.33,847068,37891904.00
2021/03/19,20.22,20.66,19.94,20.49,735955,33408828.00
2021/03/22,20.53,20.66,19.30,20.17,740203,33031826.00
2021/03/23,20.29,20.45,19.90,20.25,420350,18887238.00
2021/03/24,20.04,20.23,19.64,19.96,430100,19009000.00
2021/03/25,19.54,19.95,19.32,19.84,281000,12371642.00
2021/03/26,19.72,20.17,19.61,19.88,540750,23908018.00
2021/03/29,19.72,20.45,19.65,19.96,613250,27312108.00
2021/03/30,20.05,20.96,20.05,20.88,1328816,61210380.00
2021/03/31,20.91,21.29,20.69,21.12,912635,42845196.00
2021/04/01,21.19,21.40,21.00,21.19,638608,30029244.00
2021/04/02,21.19,21.23,20.74,20.87,505108,23511144.00
2021/04/06,20.68,20.99,20.46,20.84,456168,20969886.00
2021/04/07,20.84,21.21,20.68,21.09,330143,15391161.00
2021/04/08,21.22,21.36,20.68,21.12,356200,16703501.00
2021/04/09,21.09,21.22,20.68,20.88,250050,11635165.00
2021/04/12,20.89,21.36,20.42,20.48,492067,22780768.00
2021/04/13,20.37,20.63,19.77,20.09,435600,19660632.00
2021/04/14,20.13,20.46,19.86,20.17,473400,21257886.00
2021/04/15,20.43,20.83,20.08,20.20,545904,24906898.00
2021/04/16,20.11,20.83,20.04,20.68,546168,25009206.00
2021/04/19,20.73,21.69,20.73,21.14,671909,31716328.00
2021/04/20,21.14,21.54,20.45,21.28,574049,27007048.00
2021/04/21,21.28,21.58,21.10,21.41,457900,21782826.00
2021/04/22,21.38,21.58,21.15,21.46,633100,30140268.00
2021/04/23,21.46,21.64,21.05,21.41,345708,16425243.00
2021/04/26,21.42,21.69,21.22,21.37,480592,22923096.00
2021/04/27,21.37,21.97,21.21,21.95,735077,35544656.00
2021/04/28,21.95,23.83,21.95,23.54,1444835,74262376.00
2021/04/29,24.34,24.58,23.21,23.98,1542309,82663360.00
2021/04/30,23.57,24.47,23.44,24.08,887600,47303364.00
2021/05/06,24.35,24.36,23.75,23.80,826034,43959996.00
2021/05/07,23.76,24.22,22.97,23.11,825350,42786836.00
2021/05/10,23.11,24.48,22.92,24.29,1076042,57821464.00
2021/05/11,24.38,24.52,23.52,24.24,545891,29302906.00
2021/05/12,24.28,24.34,23.71,24.08,464655,24754686.00
2021/05/13,23.74,24.25,23.46,23.75,333450,17671768.00
2021/05/14,23.75,24.09,23.46,23.76,346635,18305922.00
2021/05/17,23.96,24.23,23.29,23.43,573750,30163384.00
2021/05/18,23.82,23.82,22.96,23.13,612501,31616422.00
2021/05/19,23.14,23.62,22.33,22.46,661833,33507020.00
2021/05/20,22.18,22.84,22.18,22.46,534700,26806552.00
2021/05/21,22.45,23.25,22.12,22.52,578091,28921426.00
2021/05/24,22.41,22.72,22.19,22.40,509900,25401152.00
2021/05/25,22.40,22.84,21.97,22.12,548650,27080468.00
2021/05/26,22.36,22.36,21.88,22.04,365600,17920832.00
2021/05/27,22.03,23.07,21.90,23.07,945109,47291248.00
2021/05/28,23.09,23.94,22.58,23.16,902176,46555416.00
2021/05/31,23.16,23.59,22.29,22.87,606349,30673980.00
2021/06/01,22.70,22.86,22.16,22.23,532992,26435738.00
2021/06/02,22.15,22.46,21.76,21.87,423408,20752250.00
2021/06/03,21.87,23.14,21.74,22.46,679542,34137992.00
2021/06/04,22.29,22.51,21.67,21.79,544220,26507774.00
2021/06/07,22.04,22.33,21.68,21.83,375117,18341626.00
2021/06/08,22.02,22.10,21.32,21.60,407850,19623636.00
2021/06/09,21.60,21.91,21.42,21.44,419850,20172018.00
2021/06/10,21.44,22.23,21.32,22.12,698233,33650488.00
2021/06/11,21.88,22.74,21.88,22.71,800283,39884788.00
2021/06/15,22.71,22.79,21.94,22.06,446384,22071384.00
2021/06/16,22.44,22.44,21.19,21.21,595250,28451340.00
2021/06/17,21.21,21.39,20.71,21.27,436867,20510836.00
2021/06/18,20.91,22.30,20.61,21.20,515318,24011856.00
2021/06/21,21.16,21.70,20.83,21.11,745900,35267320.00
2021/06/22,21.41,21.42,20.61,20.66,720690,33649776.00
2021/06/23,21.22,21.22,20.23,20.48,613360,28193082.00
2021/06/24,20.45,20.47,19.73,20.00,706750,31437552.00
2021/06/25,20.02,20.20,19.71,20.11,374133,16623656.00
2021/06/28,20.23,20.98,19.98,20.80,640486,29335450.00
2021/06/29,20.91,20.96,20.46,20.74,447166,20502770.00
2021/06/30,20.98,20.98,20.19,20.43,615050,27789318.00
2021/07/01,20.29,20.69,19.88,20.16,488478,21806098.00
2021/07/02,20.16,20.28,19.66,19.67,486244,21415528.00
2021/07/05,19.67,19.79,19.15,19.28,576483,24734740.00
2021/07/06,19.43,19.79,18.50,18.77,482476,20330878.00
2021/07/07,18.83,19.23,18.46,19.00,593150,24669610.00
2021/07/08,18.75,18.84,18.34,18.38,683584,28120084.00
2021/07/09,18.33,18.87,18.03,18.70,650860,26791536.00
2021/07/12,18.91,19.83,18.74,19.41,840731,36095256.00
2021/07/13,19.35,19.35,18.62,18.70,454468,18969540.00
2021/07/14,18.70,19.18,18.66,18.84,445436,18682936.00
2021/07/15,18.91,19.08,18.51,18.59,299668,12398034.00
2021/07/16,18.48,18.65,17.96,18.49,353873,14397043.00
2021/07/19,18.24,18.83,18.14,18.43,347736,14233916.00
2021/07/20,18.18,18.73,17.53,17.96,670186,26654848.00
2021/07/21,18.19,18.32,17.70,18.04,380250,15226334.00
2021/07/22,18.21,19.88,18.08,19.72,1572160,67161264.00
2021/07/23,19.90,20.52,18.82,18.96,1422468,61291128.00
2021/07/26,19.40,19.43,17.77,18.36,844120,34609768.00
2021/07/27,18.36,18.56,17.60,17.97,679032,27261642.00
2021/07/28,17.88,18.68,16.93,18.42,1091187,43233696.00
2021/07/29,18.42,19.10,17.96,19.10,1057933,43330292.00
2021/07/30,19.88,20.34,18.52,18.55,1433952,61492688.00
2021/08/02,18.06,19.21,18.05,18.94,672197,27847134.00
2021/08/03,18.93,19.05,18.14,18.17,765150,31458370.00
2021/08/04,18.17,18.31,17.86,18.13,284708,11420360.00
2021/08/05,18.21,18.21,17.50,17.88,749550,29564466.00
2021/08/06,17.78,18.04,17.27,17.55,590850,22998356.00
2021/08/09,17.55,17.82,17.17,17.77,528488,20669426.00
2021/08/10,17.74,18.73,17.68,18.08,926400,37270316.00
2021/08/11,17.97,18.42,17.73,17.85,513968,20433336.00
2021/08/12,17.75,17.97,17.34,17.38,377300,14677894.00
2021/08/13,17.42,17.54,17.15,17.50,833154,32055582.00
2021/08/16,17.50,17.99,17.46,17.69,521936,20524798.00
2021/08/17,17.71,17.96,17.09,17.16,481750,18579760.00
2021/08/18,17.14,17.82,16.64,17.65,1257343,48303732.00
2021/08/19,17.47,17.47,16.92,17.36,572379,21763808.00
2021/08/20,17.27,17.27,16.69,16.99,410630,15448591.00
2021/08/23,17.11,17.63,16.78,17.40,565500,21730770.00
2021/08/24,17.50,17.58,17.31,17.31,247650,9552716.00
2021/08/25,17.38,17.44,17.17,17.23,230108,8817938.00
2021/08/26,17.35,17.76,17.16,17.49,458500,17784924.00
2021/08/27,17.78,17.96,16.95,17.76,778842,30606252.00
2021/08/30,17.66,18.51,17.14,17.46,1240192,49091276.00
2021/08/31,17.46,17.52,16.45,17.12,1420198,53658176.00
2021/09/01,16.94,16.95,16.31,16.60,834753,30637486.00
2021/09/02,16.53,16.53,15.67,15.74,721700,25526700.00
2021/09/03,15.31,15.89,15.31,15.73,608607,21141194.00
2021/09/06,15.76,15.83,15.40,15.52,1171121,40514288.00
2021/09/07,15.51,15.76,15.49,15.55,696503,24130566.00
2021/09/08,15.54,16.71,15.50,16.36,1425375,51046380.00
2021/09/09,16.23,17.03,15.71,15.81,939768,33692840.00
2021/09/10,15.81,16.13,15.43,15.67,803371,27934626.00
2021/09/13,15.50,15.91,15.42,15.53,635000,22039364.00
2021/09/14,15.47,16.85,15.40,16.56,1226700,44130328.00
2021/09/15,16.63,18.24,16.45,18.24,1643659,63937888.00
2021/09/16,18.24,20.06,18.24,19.97,2216971,95265392.00
2021/09/17,20.04,20.85,19.19,19.47,1876959,81803872.00
2021/09/22,19.47,20.57,19.19,20.42,1212008,54062076.00
2021/09/23,20.80,21.42,20.30,21.13,1219125,56372852.00
2021/09/24,21.13,21.37,20.54,20.69,826508,37978916.00
2021/09/27,20.69,21.03,20.02,20.33,908300,41118112.00
2021/09/28,20.33,20.75,19.66,20.06,786608,34816400.00
2021/09/29,20.21,20.21,19.41,19.44,836000,36386424.00
2021/09/30,19.44,20.57,19.44,20.57,738856,32849442.00
2021/10/08,21.28,21.72,19.46,19.82,962512,42629092.00
2021/10/11,19.77,20.73,19.67,20.56,572525,25687454.00
2021/10/12,20.54,21.26,20.35,21.01,818650,37770708.00
2021/10/13,21.02,21.43,20.50,21.24,460125,21404408.00
2021/10/14,21.38,21.62,21.03,21.36,409450,19309144.00
2021/10/15,21.49,21.58,20.58,21.43,497250,23395808.00
2021/10/18,21.53,21.94,20.88,21.07,689950,32412656.00
2021/10/19,21.20,21.62,21.04,21.07,726400,34111648.00
2021/10/20,20.98,21.20,20.72,20.96,685000,31630016.00
2021/10/21,20.98,21.94,20.57,21.94,817292,39106120.00
2021/10/22,21.95,22.17,21.10,21.48,732634,34600692.00
2021/10/25,21.48,21.62,20.84,21.15,422550,19720844.00
2021/10/26,21.03,21.35,20.62,21.18,360900,16761701.00
2021/10/27,21.18,21.18,20.70,20.88,286850,13273385.00
2021/10/28,20.46,21.36,20.35,21.18,612550,28616732.00
2021/10/29,21.17,21.62,20.85,21.29,660000,31077818.00
2021/11/01,22.17,23.44,21.26,21.97,2441250,121716392.00
2021/11/02,21.45,22.11,19.79,19.79,1817656,83021560.00
2021/11/03,19.69,19.69,17.79,18.05,1716410,69611928.00
2021/11/04,18.05,19.88,17.82,19.88,1853710,78352440.00
2021/11/05,20.27,21.85,19.03,19.70,2178250,97007616.00
2021/11/08,19.70,20.16,18.97,19.64,996868,43400564.00
2021/11/09,19.58,20.49,19.45,20.27,672950,29900600.00
2021/11/10,20.18,21.19,20.10,20.31,779700,35426628.00
2021/11/11,20.33,20.74,19.98,20.06,612903,27456644.00
2021/11/12,19.89,20.16,19.66,19.79,667600,29334226.00
2021/11/15,19.70,20.11,19.32,19.49,416018,17992530.00
2021/11/16,19.33,20.16,19.20,19.96,906300,39627028.00
2021/11/17,19.82,20.17,19.30,19.57,468242,20336250.00
2021/11/18,20.46,20.46,19.79,20.29,1398968,62528944.00
2021/11/19,20.27,21.17,19.98,20.96,1106718,50637072.00
2021/11/22,20.53,21.02,20.23,20.34,958459,43441936.00
2021/11/23,20.32,20.43,19.81,19.82,595650,26442352.00
2021/11/24,19.82,19.99,19.44,19.66,398118,17288438.00
2021/11/25,19.50,20.14,18.97,19.70,981113,42453200.00
2021/11/26,19.79,20.54,19.36,20.23,1061945,47439888.00
2021/11/29,19.82,20.34,19.39,19.81,1211950,52862020.00
2021/11/30,20.18,20.20,19.42,19.47,503850,21879548.00
2021/12/01,19.46,19.73,19.20,19.48,488518,21099368.00
2021/12/02,19.59,19.59,19.20,19.20,400200,17085344.00
2021/12/03,19.13,19.58,18.79,18.93,366900,15393619.00
2021/12/06,18.99,19.02,18.33,18.36,502700,20593204.00
2021/12/07,18.42,18.52,17.95,18.17,407717,16412772.00
2021/12/08,18.35,19.19,17.85,18.68,608800,25297208.00
2021/12/09,18.74,18.79,18.43,18.62,301300,12395334.00
2021/12/10,19.66,19.66,18.57,19.32,971900,41049552.00
2021/12/13,19.28,20.25,18.97,19.98,1250535,54544792.00
2021/12/14,20.04,20.73,19.61,20.33,1110400,49743656.00
2021/12/15,20.45,20.47,20.07,20.20,1361809,60985732.00
2021/12/16,20.15,20.59,19.37,19.43,975500,42605208.00
2021/12/17,19.54,19.72,18.97,19.32,659777,28071958.00
2021/12/20,19.26,19.32,18.42,18.56,763508,31567054.00
2021/12/21,18.53,19.43,18.53,19.03,726958,30752466.00
2021/12/22,19.20,19.39,18.66,18.97,554653,23198874.00
2021/12/23,18.97,19.19,18.37,18.46,864345,35624712.00
2021/12/24,18.47,18.92,18.37,18.41,577350,23824070.00
2021/12/27,18.41,18.62,17.91,17.97,748500,29983784.00
2021/12/28,18.16,18.27,17.97,18.00,307000,12305252.00
2021/12/29,18.08,18.79,17.89,18.41,960550,39042224.00
2021/12/30,18.41,18.90,18.24,18.34,858147,35227580.00
2021/12/31,18.19,18.39,17.37,17.77,2068939,81461064.00
2022/01/04,17.68,17.79,16.99,17.47,1352292,52118184.00
2022/01/05,17.57,17.57,16.97,17.37,715850,27318784.00
2022/01/06,17.26,17.44,17.14,17.26,409800,15654523.00
2022/01/07,17.26,17.36,16.75,16.90,775250,29168726.00
2022/01/10,16.90,17.15,16.39,16.61,1165516,43175324.00
2022/01/11,16.68,16.98,16.26,16.40,1274550,46712088.00
2022/01/12,16.49,16.67,16.29,16.53,849709,31051330.00
2022/01/13,16.54,16.63,16.34,16.55,1038474,38045584.00
2022/01/14,16.56,17.05,16.11,16.89,1784730,66128172.00
2022/01/17,16.69,16.94,16.34,16.38,1359377,49909392.00
2022/01/18,16.53,16.53,16.11,16.18,556145,19988360.00
2022/01/19,15.99,16.32,15.87,15.99,401050,14271167.00
2022/01/20,15.96,16.30,15.41,15.44,770550,26794652.00
2022/01/21,15.32,15.56,15.24,15.45,351700,12053657.00
2022/01/24,15.45,16.12,15.31,15.47,956877,33310958.00
2022/01/25,15.47,15.49,14.62,14.66,721018,23986448.00
2022/01/26,14.70,15.16,14.53,15.08,614668,20425762.00
2022/01/27,15.05,15.08,14.26,14.30,581450,18808734.00
2022/01/28,14.30,14.65,14.18,14.20,610300,19456404.00
2022/02/07,14.42,14.78,14.33,14.61,588350,19068706.00
2022/02/08,14.74,14.90,14.52,14.88,409100,13444203.00
2022/02/09,14.98,15.24,14.85,15.24,320018,10734286.00
2022/02/10,15.14,15.33,14.98,15.31,450700,15214078.00
2022/02/11,15.27,15.39,14.90,15.14,429200,14394804.00
2022/02/14,14.98,15.40,14.94,15.05,443800,14900998.00
2022/02/15,15.05,15.14,14.71,14.88,383550,12699266.00
2022/02/16,14.89,15.31,14.89,15.17,487418,16416348.00
2022/02/17,15.17,15.37,15.04,15.06,559824,18885772.00
2022/02/18,15.06,15.25,14.76,15.18,335900,11237955.00
2022/02/21,15.19,15.31,14.94,15.24,258050,8714493.00
2022/02/22,15.19,15.19,14.54,14.69,654150,21378114.00
2022/02/23,14.83,15.28,14.73,15.27,713150,23973664.00
2022/02/24,15.25,15.25,13.72,14.42,962350,31180480.00
2022/02/25,14.59,15.02,14.54,14.85,505900,16650223.00
2022/02/28,14.85,15.04,14.32,14.61,392900,12732179.00
2022/03/01,14.75,14.85,14.55,14.64,278600,9110320.00
2022/03/02,14.70,14.85,14.39,14.49,293900,9476842.00
2022/03/03,14.49,14.55,14.22,14.28,269700,8593372.00
2022/03/04,14.39,14.39,13.98,14.04,295600,9275823.00
2022/03/07,14.16,14.16,13.48,13.57,619000,18810614.00
2022/03/08,13.57,14.28,13.57,13.71,1386200,42914008.00
2022/03/09,13.93,13.93,12.56,13.49,970050,28851762.00
2022/03/10,13.61,14.08,13.02,13.12,1052400,31577068.00
2022/03/11,13.08,13.19,12.76,13.11,685000,19778120.00
2022/03/14,13.16,13.34,12.46,13.06,1492150,42834200.00
2022/03/15,12.97,12.97,11.83,12.00,1358450,37267556.00
2022/03/16,12.10,12.33,11.23,11.78,1351921,35140960.00
2022/03/17,11.78,12.93,11.78,12.56,1573071,43809456.00
2022/03/18,12.25,12.69,12.25,12.30,508550,14075518.00
2022/03/21,12.27,12.96,12.01,12.92,981100,27753238.00
2022/03/22,12.86,13.28,12.59,12.89,961900,27667602.00
2022/03/23,12.88,13.01,12.76,12.79,528600,15154762.00
2022/03/24,12.81,12.96,12.59,12.71,297400,8445622.00
2022/03/25,12.71,13.12,12.56,12.70,457050,13103818.00
2022/03/28,12.70,13.02,12.38,12.97,1057275,30172028.00
2022/03/29,12.98,13.06,12.57,12.69,660900,18759646.00
2022/03/30,12.69,13.10,12.49,12.97,501875,14395125.00
2022/03/31,13.08,13.23,12.90,13.04,461000,13447514.00
2022/04/01,12.96,13.14,12.70,13.03,485050,13952841.00
2022/04/06,13.02,13.12,12.84,13.01,512900,14861798.00
2022/04/07,12.89,13.03,12.54,12.76,750086,21263440.00
2022/04/08,12.77,12.77,12.05,12.28,634650,17269292.00
2022/04/11,12.33,12.65,12.05,12.07,1022200,28213512.00
2022/04/12,12.49,13.30,12.47,13.30,2931685,86189544.00
2022/04/13,13.47,14.16,13.10,14.11,5677180,173588176.00
2022/04/14,13.98,14.09,13.54,13.76,2474116,75627848.00
2022/04/15,13.74,13.74,13.15,13.18,1759940,52352236.00
2022/04/18,13.06,13.33,12.56,13.27,1229524,35790660.00
2022/04/19,13.27,13.37,12.66,12.83,1396808,40215868.00
2022/04/20,12.91,12.92,12.34,12.38,964600,27006826.00
2022/04/21,12.34,12.38,11.51,11.55,1275600,33883420.00
2022/04/22,11.29,11.40,10.73,10.98,1076208,26619672.00
2022/04/25,10.98,10.98,9.86,9.86,1625592,37283812.00
2022/04/26,9.86,10.64,9.44,10.15,2573453,58899200.00
2022/04/27,10.41,10.77,10.19,10.47,2543209,59555996.00
2022/04/28,10.31,10.56,10.02,10.16,1267750,29160734.00
2022/04/29,10.25,10.53,10.06,10.30,1811300,41828204.00
2022/05/05,10.16,10.53,9.98,10.33,931100,21531380.00
2022/05/06,10.16,10.45,10.05,10.36,576100,13311579.00
2022/05/09,10.37,10.78,10.27,10.36,472100,11052336.00
2022/05/10,10.45,10.45,10.04,10.38,571585,13214858.00
2022/05/11,10.40,11.07,10.31,10.74,1074950,25768594.00
2022/05/12,10.59,10.86,10.54,10.72,545000,13032112.00
2022/05/13,10.79,10.86,10.44,10.47,526350,12423854.00
2022/05/16,10.47,10.65,10.39,10.51,328050,7706689.00
2022/05/17,10.56,10.58,10.25,10.34,381924,8828470.00
2022/05/18,10.31,10.84,10.30,10.59,588300,13951322.00
2022/05/19,10.58,10.58,10.35,10.41,449400,10500633.00
2022/05/20,10.41,11.14,10.41,11.03,932150,22635092.00
2022/05/23,11.09,11.46,10.86,11.25,785926,19757058.00
2022/05/24,11.26,11.28,10.73,10.73,554200,13629399.00
2022/05/25,10.81,11.16,10.79,11.03,482643,11834611.00
2022/05/26,11.07,11.07,10.76,10.97,298350,7272162.50
2022/05/27,11.14,11.44,11.10,11.31,552333,13937735.00
2022/05/30,11.30,11.42,11.18,11.32,510882,12874518.00
2022/05/31,11.39,12.37,11.20,11.83,1603650,42257744.00
2022/06/01,11.80,12.31,11.80,11.91,1063861,28572326.00
2022/06/02,11.91,12.16,11.66,12.10,609645,16286528.00
2022/06/06,12.11,12.18,11.85,12.05,755900,14359014.00
2022/06/07,12.05,12.61,11.94,11.97,928180,17772196.00
2022/06/08,12.31,12.31,11.67,11.94,756600,14255029.00
2022/06/09,11.95,11.95,11.42,11.53,736520,13528646.00
2022/06/10,11.41,11.71,11.29,11.43,986280,17771096.00
2022/06/13,11.29,11.42,11.02,11.22,1761900,31047560.00
2022/06/14,11.23,11.23,10.73,11.02,733360,12640290.00
2022/06/15,11.14,11.23,10.84,10.86,959838,16664764.00
2022/06/16,10.97,11.23,10.71,11.04,874150,15212298.00
2022/06/17,11.04,11.14,10.72,11.08,1485669,25734294.00
2022/06/20,11.09,11.25,10.84,11.22,1329533,23221842.00
2022/06/21,11.23,11.75,11.09,11.15,1715643,30792176.00
2022/06/22,11.15,11.18,10.80,10.82,826840,14276271.00
2022/06/23,10.86,11.00,10.76,10.89,701332,12028969.00
2022/06/24,10.93,11.70,10.93,11.50,1865522,33503214.00
2022/06/27,11.50,11.84,11.38,11.64,1110501,20425258.00
2022/06/28,11.73,11.82,11.47,11.70,1090420,20095008.00
2022/06/29,11.58,11.85,11.52,11.54,963170,17677798.00
2022/06/30,11.54,12.71,11.54,12.57,4003219,78195808.00
2022/07/01,12.57,12.64,11.71,11.79,2950700,55835256.00
2022/07/04,11.96,12.05,11.66,11.72,1470450,27263960.00
2022/07/05,11.78,11.88,11.48,11.61,1219443,22333346.00
2022/07/06,11.61,11.77,11.43,11.48,974840,17731590.00
2022/07/07,11.54,11.57,11.38,11.43,711540,12847362.00
2022/07/08,11.43,11.80,11.41,11.65,1225420,22404154.00
2022/07/11,11.66,11.67,11.26,11.38,784094,14080878.00
2022/07/12,11.38,11.49,11.03,11.07,728200,12799257.00
2022/07/13,11.07,11.17,11.01,11.07,541862,9472388.00
2022/07/14,11.35,11.35,10.91,10.96,706589,12263665.00
2022/07/15,10.90,11.03,10.63,10.76,1001519,17068888.00
2022/07/18,10.66,11.21,10.63,11.16,889668,15458049.00
2022/07/19,11.16,11.96,11.16,11.81,2122104,39020364.00
2022/07/20,11.79,12.55,11.71,12.23,2537580,49059136.00
2022/07/21,12.39,12.43,12.05,12.18,1134060,21816232.00
2022/07/22,12.25,12.80,12.18,12.64,2081750,41269788.00
2022/07/25,12.67,13.29,12.48,12.50,2513560,50936252.00
2022/07/26,12.51,13.27,12.51,12.98,2759600,56370244.00
2022/07/27,12.70,13.56,12.70,13.42,2583360,54179660.00
2022/07/28,13.43,13.53,12.93,13.11,2077235,43040248.00
2022/07/29,13.17,13.17,12.62,13.02,1675662,33948972.00
2022/08/01,13.03,13.75,12.87,13.67,2082650,44186476.00
2022/08/02,13.79,13.79,12.85,13.04,1796054,37173668.00
2022/08/03,13.33,13.35,12.70,12.83,1362659,28046470.00
2022/08/04,12.92,13.18,12.73,12.91,827580,16838876.00
2022/08/05,13.16,13.32,12.82,13.25,763650,15786861.00
2022/08/08,13.24,14.31,13.16,14.22,2116708,46539492.00
2022/08/09,14.22,15.66,14.17,15.66,3096070,74898032.00
2022/08/10,15.99,17.12,15.34,16.88,6058698,158358512.00
2022/08/11,17.20,17.57,16.67,17.06,3649970,97812096.00
2022/08/12,17.33,17.57,16.86,17.11,1797860,48476008.00
2022/08/15,17.19,17.20,16.35,16.41,2801910,73193728.00
2022/08/16,16.53,16.77,16.11,16.23,1370650,35047384.00
2022/08/17,16.32,16.80,16.00,16.14,1463620,37402384.00
2022/08/18,16.52,16.52,15.97,16.22,1225920,31216458.00
2022/08/19,16.38,17.48,16.17,17.39,3297733,88436256.00
2022/08/22,17.18,17.39,16.82,17.16,2029710,54428100.00
2022/08/23,17.16,17.37,16.74,17.07,992330,26385846.00
2022/08/24,17.39,17.64,16.61,16.92,2265600,60987424.00
2022/08/25,17.41,17.41,16.46,16.88,1462210,38494392.00
2022/08/26,16.98,17.17,16.61,16.73,886020,23404318.00
2022/08/29,16.86,17.30,16.48,17.11,1606690,42923260.00
2022/08/30,17.15,17.48,16.53,16.73,1729560,45907636.00
2022/08/31,17.05,17.05,15.91,16.19,2179319,55422608.00
2022/09/01,16.40,16.47,15.91,16.22,1088198,27706086.00
2022/09/02,16.34,17.04,16.17,16.98,1337881,34930480.00
2022/09/05,16.98,18.64,16.91,18.61,2952559,83685840.00
2022/09/06,18.79,19.57,18.41,18.79,3761482,112786248.00
2022/09/07,18.79,18.82,18.00,18.51,1737881,50242708.00
2022/09/08,19.21,19.21,17.38,17.87,1333090,37815112.00
2022/09/09,17.86,18.45,17.70,18.09,1136077,32223778.00
2022/09/13,18.05,18.69,17.91,18.64,1003290,29000668.00
2022/09/14,18.64,19.42,17.96,18.64,1854340,54422108.00
2022/09/15,18.64,19.23,18.25,19.03,2185590,64164264.00
2022/09/16,19.10,20.06,18.82,19.41,2792886,85594192.00
2022/09/19,19.43,19.68,18.66,19.14,2050829,61366000.00
2022/09/20,19.11,19.73,18.98,19.39,1337243,40843396.00
2022/09/21,19.38,19.74,18.38,18.96,1633240,48315940.00
2022/09/22,19.23,19.29,18.68,18.78,1696206,50700504.00
2022/09/23,18.79,18.96,18.11,18.58,1312330,38077104.00
2022/09/26,18.78,19.30,18.14,18.88,1485154,44083232.00
2022/09/27,18.89,19.42,18.82,19.04,1024466,30617092.00
2022/09/28,18.84,19.29,18.21,18.43,1288176,37873552.00
2022/09/29,18.98,19.04,18.47,18.50,1398416,41147292.00
2022/09/30,18.79,19.43,17.38,17.68,3844103,111477672.00
2022/10/10,17.39,18.15,17.18,17.44,1408060,39028132.00
2022/10/11,17.70,17.70,16.56,17.14,1274070,33837796.00
2022/10/12,17.12,17.49,16.49,17.35,1636380,43621892.00
2022/10/13,17.34,17.80,16.64,17.37,1040880,28421090.00
2022/10/14,17.43,17.70,17.19,17.31,782794,21345418.00
2022/10/17,17.31,17.45,16.71,16.88,967190,25790558.00
2022/10/18,17.18,17.94,16.77,17.74,2118658,58505136.00
2022/10/19,17.82,18.21,17.22,17.34,1600070,44779296.00
2022/10/20,17.34,17.80,16.88,17.16,1120180,30425068.00
2022/10/21,17.16,17.56,16.55,16.97,835860,22198350.00
2022/10/24,17.29,17.29,16.11,16.74,995034,26009228.00
2022/10/25,15.92,16.54,15.91,16.30,971110,24842088.00
2022/10/26,16.35,17.05,16.06,16.45,1748190,44904788.00
2022/10/27,16.80,18.11,16.24,17.76,5527999,153290704.00
2022/10/28,18.16,18.26,16.73,17.09,2933370,79155008.00
2022/10/31,16.71,17.75,15.92,17.59,2038897,55235544.00
2022/11/01,17.58,18.64,17.58,18.59,2009375,57588744.00
2022/11/02,18.68,19.27,18.26,19.05,1800497,53497328.00
2022/11/03,19.52,19.52,18.63,19.39,1856320,56126736.00
2022/11/04,19.39,19.84,18.08,18.77,3239790,95836408.00
2022/11/07,18.68,19.62,18.21,19.54,2483480,73962352.00
2022/11/08,19.52,20.14,19.32,20.07,2126170,65992708.00
2022/11/09,19.75,21.99,19.71,21.89,3391743,113144136.00
2022/11/10,21.84,23.13,21.43,23.10,3001715,106082488.00
2022/11/11,23.46,23.58,22.05,22.55,2958863,104436912.00
2022/11/14,22.69,24.28,22.23,24.21,3645835,133220968.00
2022/11/15,24.87,24.87,23.37,23.52,3883150,145712400.00
2022/11/16,23.43,23.45,22.37,23.08,2239130,81094792.00
2022/11/17,23.73,23.91,22.11,22.75,2863950,101496312.00
2022/11/18,22.44,23.49,22.23,22.44,2404940,85380280.00
2022/11/21,22.93,22.93,20.73,21.64,1920544,65606180.00
2022/11/22,21.55,21.66,20.78,20.87,2260150,74840472.00
2022/11/23,21.34,21.34,20.18,20.61,1821720,58758972.00
2022/11/24,20.54,20.91,20.39,20.75,1161967,37691120.00
2022/11/25,20.70,21.43,20.25,20.88,1356116,44135832.00
2022/11/28,20.33,21.46,20.33,20.71,1043365,33910372.00
2022/11/29,20.70,21.03,20.39,20.71,925480,30096604.00
2022/11/30,20.81,21.34,20.20,20.52,1195330,38395888.00
2022/12/01,20.52,21.02,20.20,20.54,1113103,35845524.00
2022/12/02,20.53,21.00,20.00,20.52,1449340,46862328.00
2022/12/05,20.54,20.72,20.39,20.50,1153060,37105504.00
2022/12/06,20.57,21.51,20.46,20.96,2287452,75566368.00
2022/12/07,20.96,22.95,20.71,22.94,4088145,142757328.00
2022/12/08,22.93,23.54,22.55,23.09,2108170,75909912.00
2022/12/09,23.28,23.38,22.45,22.94,2467820,88970128.00
2022/12/12,22.91,23.54,21.88,22.23,2156210,76208160.00
2022/12/13,22.27,23.04,22.13,22.79,2583930,92115072.00
2022/12/14,22.98,23.38,22.48,22.95,1772530,63547152.00
2022/12/15,22.95,23.14,21.67,22.27,1343420,47342032.00
2022/12/16,22.36,22.88,20.59,21.63,3286280,110256496.00
2022/12/19,21.59,21.66,20.72,20.96,1841819,60839844.00
2022/12/20,20.71,21.34,20.13,20.31,2075050,67002952.00
2022/12/21,20.51,20.51,19.03,19.46,2254380,69220464.00
2022/12/22,19.81,19.81,18.47,18.70,1850060,54878740.00
2022/12/23,18.63,20.07,18.34,19.30,4682660,142642208.00
2022/12/26,19.30,21.02,19.30,20.63,3273900,104917896.00
2022/12/27,20.46,20.64,20.00,20.18,2154416,68358352.00
2022/12/28,19.86,21.21,19.36,20.93,5421164,172844384.00
2022/12/29,21.61,22.46,20.82,22.02,4001960,137731616.00
2022/12/30,21.67,22.87,21.67,22.73,2965350,104843584.00
2023/01/03,23.09,23.46,21.93,22.29,3015040,107152704.00
2023/01/04,22.41,23.52,22.07,23.02,4005690,144131168.00
2023/01/05,22.96,23.73,22.73,23.53,2706900,99497432.00
2023/01/06,23.69,24.20,23.57,23.84,1834180,68922136.00
2023/01/09,23.95,23.99,23.20,23.68,1791840,66410456.00
2023/01/10,23.91,24.58,23.59,23.62,2109320,79444216.00
2023/01/11,23.64,24.09,22.02,22.18,3334000,119508200.00
2023/01/12,22.51,22.63,20.94,21.13,4538174,153700320.00
2023/01/13,21.21,21.79,20.86,21.29,2426540,81148232.00
2023/01/16,21.29,21.53,20.06,20.27,4050800,129668192.00
2023/01/17,20.27,20.57,20.00,20.21,1874060,59422592.00
2023/01/18,20.16,20.16,19.61,19.79,1678900,52249080.00
2023/01/19,19.73,19.75,19.30,19.41,1758860,53650180.00
2023/01/20,19.61,20.48,19.36,20.27,3645160,115279520.00
2023/01/30,20.59,20.88,19.88,20.08,3983960,126213824.00
2023/01/31,20.09,20.10,19.24,19.46,3101190,94931288.00
2023/02/01,19.52,20.37,19.52,20.15,3152490,98858440.00
2023/02/02,20.44,20.92,19.90,20.39,3664277,117878592.00
2023/02/03,20.60,20.60,19.77,19.93,1698840,53194672.00
2023/02/06,19.93,20.01,19.64,19.79,1362800,42295952.00
2023/02/07,19.86,20.18,19.59,19.70,1231640,38201920.00
2023/02/08,19.69,19.91,19.52,19.62,1435340,44379032.00
2023/02/09,19.62,20.27,19.58,20.00,1802830,56572232.00
2023/02/10,20.07,20.31,19.70,19.75,1990440,62374560.00
2023/02/13,19.82,20.14,19.70,20.02,1454000,45623332.00
2023/02/14,20.05,20.13,19.75,19.97,1265910,39589176.00
2023/02/15,19.98,20.00,19.52,19.93,1746110,54076488.00
2023/02/16,20.07,21.04,19.75,20.32,3923225,126799944.00
2023/02/17,20.18,21.17,20.16,20.75,2779143,90900104.00
2023/02/20,20.85,21.22,20.16,20.33,3059380,98273928.00
2023/02/21,20.35,21.46,20.29,21.23,4637747,153518992.00
2023/02/22,21.03,21.66,20.95,21.50,2936057,98873576.00
2023/02/23,21.46,22.43,21.40,22.41,2874320,100009192.00
2023/02/24,22.54,22.54,21.88,22.13,2079140,71956432.00
2023/02/27,22.11,22.46,21.52,21.63,2408560,82513208.00
2023/02/28,21.63,22.13,21.50,21.77,1604920,54967180.00
2023/03/01,21.86,21.98,21.01,21.41,2761140,92458424.00
2023/03/02,21.23,21.91,21.23,21.39,1550920,52541240.00
2023/03/03,21.50,21.66,21.04,21.38,965130,32350928.00
2023/03/06,21.38,21.89,21.09,21.49,1655450,55900344.00
2023/03/07,21.49,21.63,20.98,21.02,1022080,33974576.00
2023/03/08,21.02,21.19,20.90,21.13,586200,19373756.00
2023/03/09,21.09,21.24,20.90,21.18,716840,23688322.00
2023/03/10,21.06,21.14,20.71,20.91,749350,24529310.00
2023/03/13,20.71,21.08,20.46,20.90,752260,24604696.00
2023/03/14,20.90,21.08,20.25,20.48,1630440,52614060.00
2023/03/15,20.45,21.63,20.35,20.90,2608597,85966784.00
2023/03/16,20.91,21.21,20.52,20.63,1465560,47722364.00
2023/03/17,20.66,20.84,20.25,20.55,1748660,56416688.00
2023/03/20,20.55,21.70,20.39,21.24,2564550,85326472.00
2023/03/21,21.13,22.96,21.00,22.19,3965330,137622672.00
2023/03/22,22.56,22.95,22.02,22.39,2933580,103058560.00
2023/03/23,22.56,23.57,22.27,23.39,5024154,181470928.00
2023/03/24,23.40,24.37,23.32,23.43,4863800,181639264.00
2023/03/27,23.43,24.55,23.14,23.46,3918280,145870128.00
2023/03/28,23.46,24.05,22.70,23.58,3621540,133616616.00
2023/03/29,23.58,23.63,21.99,22.11,5666725,202405104.00
2023/03/30,22.18,22.95,22.11,22.29,4289840,151908448.00
2023/03/31,22.76,24.11,22.29,23.59,6735541,244027120.00
2023/04/03,23.59,25.96,23.00,25.96,14615533,571291776.00
2023/04/04,25.52,28.57,25.30,27.12,12554669,544179648.00
2023/04/06,28.41,28.41,26.54,27.18,7404521,314766336.00
2023/04/07,26.59,27.58,25.86,26.58,6981520,292175424.00
2023/04/10,26.57,29.03,26.27,27.18,9123220,397074976.00
2023/04/11,26.79,28.44,26.74,27.68,6795930,293826976.00
2023/04/12,28.54,30.46,27.46,30.46,8676485,398161248.00
2023/04/13,31.92,33.52,29.94,30.15,18086348,906071808.00
2023/04/14,30.15,31.61,27.75,28.98,11652910,535236608.00
2023/04/17,28.84,28.84,27.02,27.25,4461632,193344480.00
2023/04/18,27.13,28.46,26.60,27.71,5095548,219989808.00
2023/04/19,27.82,28.08,26.21,26.41,8179810,343522080.00
2023/04/20,26.46,28.68,26.04,28.07,7025362,302284704.00
2023/04/21,28.08,29.02,26.16,27.02,4728410,204050896.00
2023/04/24,27.02,29.73,26.48,29.20,8089154,365028320.00
2023/04/25,28.13,31.71,28.13,30.55,11922152,568734016.00
2023/04/26,30.09,31.22,27.48,27.92,14811251,668945280.00
2023/04/27,25.12,25.12,25.12,25.12,1666000,65607080.00
2023/04/28,22.59,22.59,22.59,22.59,1929100,68367304.00
2023/05/04,24.17,24.59,21.72,24.20,19397857,691075648.00
2023/05/05,23.95,24.62,22.68,23.65,12309359,454394752.00
2023/05/08,23.57,24.80,22.57,22.78,11687455,431697696.00
2023/05/09,22.44,22.95,21.26,21.41,12339872,424583776.00
2023/05/10,21.01,22.41,19.84,21.98,10183800,340081728.00
2023/05/11,22.21,22.86,21.86,21.86,6292500,219880992.00
2023/05/12,22.63,23.43,21.62,21.80,6277270,220664032.00
2023/05/15,22.10,22.27,21.41,22.02,4213935,144578144.00
2023/05/16,21.80,22.43,21.41,21.50,4877200,167310656.00
2023/05/17,21.50,22.11,21.24,21.63,3357230,114006680.00
2023/05/18,21.67,23.80,21.48,23.80,9157600,327932608.00
2023/05/19,25.52,26.20,25.52,26.20,15149937,618648960.00
2023/05/22,25.47,26.40,24.79,25.58,16079231,643552128.00
2023/05/23,25.77,26.01,24.68,24.68,8221494,327296192.00
2023/05/24,24.62,25.07,24.23,24.62,5512660,212829440.00
2023/05/25,24.88,24.88,23.56,23.80,5242200,197009536.00
2023/05/26,24.21,26.20,23.93,26.20,6322057,251694688.00
2023/05/29,27.86,28.83,26.50,28.83,14239787,636957888.00
2023/05/30,28.53,30.07,28.15,29.57,16134876,736661184.00
2023/05/31,29.57,32.57,29.44,32.57,6323923,239594064.00
2023/06/01,32.83,34.48,31.96,32.17,18377348,727810240.00
2023/06/02,32.38,32.79,30.73,31.40,10778648,410560192.00
2023/06/05,31.45,34.54,31.45,33.54,12932986,519375488.00
2023/06/06,33.19,36.45,33.19,33.93,9707593,402278560.00
2023/06/07,33.93,34.87,32.38,33.29,7807932,318999072.00
2023/06/08,33.47,34.13,32.29,33.58,7910918,316271744.00
2023/06/09,33.48,36.44,33.22,35.47,9032334,381411136.00
2023/06/12,35.03,36.28,34.21,35.25,5838610,248024352.00
2023/06/13,35.25,36.53,34.47,34.81,5009528,213878784.00
2023/06/14,34.45,35.36,33.94,34.21,5474731,226925312.00
2023/06/15,34.24,35.15,33.84,34.58,4692928,194707936.00
2023/06/16,34.71,37.09,33.88,36.51,7167639,310224960.00
2023/06/19,38.20,38.20,35.71,36.81,5519708,244345056.00
2023/06/20,36.55,40.50,36.55,40.50,6296597,301526880.00
2023/06/21,39.15,41.53,37.70,37.84,8188715,382479296.00
2023/06/26,36.78,38.81,36.21,36.50,7136128,318587168.00
2023/06/27,35.28,37.71,35.28,37.18,4774238,211912704.00
2023/06/28,36.81,37.79,35.07,37.10,6251206,274261280.00
2023/06/29,37.38,39.71,36.71,38.68,6557491,301418560.00
2023/06/30,39.08,40.53,37.28,37.46,3871460,177414464.00
2023/07/03,37.48,37.63,33.70,33.70,5811456,239610080.00
2023/07/04,34.22,35.23,33.51,34.48,6255916,257610176.00
2023/07/05,34.34,35.87,33.88,34.73,3647482,154173088.00
2023/07/06,35.53,35.79,34.63,34.88,2465305,104202200.00
2023/07/07,34.55,35.48,33.79,34.38,3793227,156302736.00
2023/07/10,34.64,34.64,33.04,33.55,3667292,148155904.00
2023/07/11,33.55,34.45,33.10,33.45,2433712,99127384.00
2023/07/12,33.72,33.72,32.63,32.73,2566404,101887192.00
2023/07/13,32.44,33.48,32.35,32.92,2247519,88822608.00
2023/07/14,32.98,33.37,31.96,32.43,3783480,148055696.00
2023/07/17,32.54,32.54,31.22,31.96,4701843,179530784.00
2023/07/18,31.96,32.11,31.23,31.76,2710664,103813744.00
2023/07/19,31.77,32.54,31.38,32.10,2855340,110465848.00
2023/07/20,32.39,32.76,31.69,31.83,2175040,84159320.00
2023/07/21,32.08,32.13,31.13,31.40,1566776,59703508.00
2023/07/24,31.56,32.35,31.28,32.01,3537420,136320512.00
2023/07/25,32.17,32.24,30.08,30.36,8183400,302286784.00
2023/07/26,30.36,30.36,29.48,29.82,4784432,172605680.00
2023/07/27,29.88,30.27,29.57,29.64,2178590,78495336.00
2023/07/28,29.79,30.03,29.25,29.31,2227708,79485584.00
2023/07/31,29.32,30.11,28.83,29.77,3765600,134516992.00
2023/08/01,29.99,30.26,29.04,30.03,3011942,108706776.00
2023/08/02,29.96,30.06,29.46,29.76,1760330,62949628.00
2023/08/03,29.87,30.74,29.28,29.51,3467370,124930048.00
2023/08/04,29.47,30.11,29.22,29.92,2312984,82634304.00
2023/08/07,29.77,31.24,29.77,30.63,4381843,162252352.00
2023/08/08,30.41,30.87,30.21,30.29,1862740,68405272.00
2023/08/09,30.46,30.46,29.38,29.55,1782622,63734376.00
2023/08/10,29.41,29.56,28.94,29.13,1685082,59279940.00
2023/08/11,28.99,29.87,28.99,29.30,1937920,68839128.00
2023/08/14,29.30,30.34,28.79,30.19,4365641,156736624.00
2023/08/15,30.16,30.23,28.86,28.96,2597502,91772504.00
2023/08/16,28.83,29.34,28.45,28.47,1645084,57027592.00
2023/08/17,28.47,29.50,28.21,29.24,2085625,73168464.00
2023/08/18,29.48,29.48,28.21,28.24,1752541,60781144.00
2023/08/21,28.26,29.08,28.04,28.18,2166220,74234496.00
2023/08/22,28.46,28.46,27.13,28.10,5064690,168346352.00
2023/08/23,28.00,28.25,27.24,27.24,2253872,74935480.00
2023/08/24,27.40,28.49,27.30,27.92,2793952,94132104.00
2023/08/25,27.96,28.03,27.01,27.13,1684960,55534424.00
2023/08/28,28.09,28.50,26.88,27.33,2832292,93686120.00
2023/08/29,27.26,28.71,26.88,28.55,3238052,109942104.00
2023/08/30,28.63,30.82,28.54,29.71,4601594,164970464.00
2023/08/31,29.35,31.49,29.35,30.72,4905090,181149088.00
2023/09/01,30.96,30.96,29.63,29.93,3464690,125784080.00
2023/09/04,29.92,30.03,28.93,29.64,3560371,126352760.00
2023/09/05,29.49,30.02,29.14,29.33,1976516,70461704.00
2023/09/06,29.32,29.58,28.89,29.49,1990574,70069328.00
2023/09/07,29.32,29.96,28.71,28.94,2794390,98301720.00
2023/09/08,28.95,28.95,27.62,27.94,2579820,86980744.00
2023/09/11,27.78,28.78,27.63,28.48,1921059,65635608.00
2023/09/12,28.52,28.68,27.88,27.96,1396192,47369632.00
2023/09/13,27.76,28.05,26.97,27.33,2103946,69360616.00
2023/09/14,26.88,27.50,26.53,26.88,1952110,63160696.00
2023/09/15,26.95,27.20,26.46,26.65,1271502,40927896.00
2023/09/18,26.52,27.03,26.13,26.73,1202990,38737668.00
2023/09/19,26.63,26.73,25.92,26.28,1996459,63083556.00
2023/09/20,26.28,26.54,25.98,26.08,1366750,43279904.00
2023/09/21,26.08,26.32,25.63,25.73,2517740,78496656.00
2023/09/22,25.71,27.78,25.55,27.26,4333286,141176096.00
2023/09/25,26.79,27.38,25.61,25.87,2760540,86908568.00
2023/09/26,25.93,26.34,25.45,25.62,2610190,81553992.00
2023/09/27,25.65,25.82,25.26,25.52,2659570,82055272.00
2023/09/28,25.71,26.01,25.38,25.59,2093800,64601260.00
2023/10/09,25.63,25.83,24.97,25.63,2903900,88987728.00
2023/10/10,25.27,25.96,25.22,25.35,1620494,49685664.00
2023/10/11,25.38,25.96,25.15,25.59,2667903,82152080.00
2023/10/12,25.71,25.71,24.98,25.15,1812911,55062556.00
2023/10/13,25.15,25.15,24.38,24.75,2342161,69632744.00
2023/10/16,24.88,25.53,24.31,24.48,2925901,87186136.00
2023/10/17,24.68,24.75,24.18,24.47,1384340,40733740.00
2023/10/18,24.38,24.58,23.65,23.88,1821550,52702404.00
2023/10/19,23.82,24.33,23.33,23.91,1925062,55926788.00
2023/10/20,23.78,24.15,23.31,23.41,2224900,63320008.00
2023/10/23,24.04,24.04,22.72,22.87,2473084,68981400.00
2023/10/24,23.14,23.62,22.72,23.03,2261728,63321496.00
2023/10/25,23.30,23.46,22.38,22.46,3220370,88455304.00
2023/10/26,22.38,22.45,22.07,22.19,2298390,61584980.00
2023/10/27,22.38,22.58,21.98,22.41,3547159,95333616.00
2023/10/30,22.96,24.44,22.86,23.73,6618552,189581904.00
2023/10/31,24.05,24.26,22.94,23.28,4030730,114002520.00
2023/11/01,23.21,24.56,22.96,23.79,4621150,133510288.00
2023/11/02,23.79,24.68,23.31,24.00,5598886,162788528.00
2023/11/03,23.73,24.23,23.38,24.00,3153117,90708976.00
2023/11/06,24.10,26.42,24.10,26.42,4643318,144115232.00
2023/11/07,28.06,28.32,26.65,26.86,12650470,417308032.00
2023/11/08,27.09,27.41,26.54,27.05,7926244,258813856.00
2023/11/09,27.59,28.18,27.13,27.13,6205968,206327632.00
2023/11/10,27.26,27.77,26.67,26.83,4952730,161923472.00
2023/11/13,26.88,27.35,26.63,26.86,3612780,117380440.00
2023/11/14,26.85,26.86,25.84,26.34,5840982,185084224.00
2023/11/15,26.42,26.50,25.09,25.28,5440381,167779904.00
2023/11/16,25.24,25.83,25.04,25.39,3872959,119037616.00
2023/11/17,25.38,25.87,25.07,25.77,3668980,112963144.00
2023/11/20,25.88,25.93,25.31,25.55,2365951,72725136.00
2023/11/21,25.51,25.84,25.40,25.53,2655959,82160744.00
2023/11/22,25.58,26.03,25.34,25.67,2977310,92551184.00
2023/11/23,25.58,25.93,25.13,25.73,2306606,70996808.00
2023/11/24,25.63,26.13,25.50,25.81,2969684,92497512.00
2023/11/27,25.73,27.54,24.80,27.28,8927502,279631616.00
2023/11/28,27.92,27.94,26.50,27.85,8548298,282389440.00
2023/11/29,28.04,28.08,27.04,27.17,3837717,126808832.00
2023/11/30,27.13,27.13,26.25,26.76,2906095,93049744.00
2023/12/01,26.85,28.21,26.53,27.58,3811948,125805336.00
2023/12/04,27.79,28.48,27.48,27.84,5741174,193865344.00
2023/12/05,27.77,28.05,26.82,26.84,3044624,99732496.00
2023/12/06,26.83,27.64,26.00,26.96,4499373,144496544.00
2023/12/07,26.96,27.38,26.54,26.74,2477770,80243480.00
2023/12/08,26.74,26.83,25.86,26.09,2917267,92316192.00
2023/12/11,25.88,26.42,25.62,26.27,3500700,109669632.00
2023/12/12,26.40,26.78,25.88,26.52,3515556,111703352.00
2023/12/13,26.62,26.62,25.99,26.04,2345510,74328848.00
2023/12/14,26.28,27.28,25.84,26.14,3147905,101160456.00
2023/12/15,26.14,26.38,25.73,25.88,1822000,56963032.00
2023/12/18,25.75,26.03,25.23,25.28,2149690,66196604.00
2023/12/19,25.29,25.97,24.97,25.52,1515180,46752596.00
2023/12/20,25.60,25.86,25.13,25.13,1348754,41417964.00
2023/12/21,25.13,25.52,24.69,25.38,1663950,50412412.00
2023/12/22,25.39,25.64,22.83,22.83,6788370,190643424.00
2023/12/25,22.36,22.36,20.53,20.53,5934772,149121968.00
2023/12/26,20.76,21.25,20.29,20.78,9949229,249618832.00
2023/12/27,20.77,21.26,20.43,20.70,3874268,97600112.00
2023/12/28,20.62,20.83,20.15,20.28,5606553,138376944.00
2023/12/29,20.22,21.28,20.22,21.24,6390614,161321584.00
2024/01/02,21.33,22.49,21.33,21.88,6083752,161311200.00
2024/01/03,21.84,22.20,21.57,21.88,2392817,63130468.00
2024/01/04,21.81,21.94,21.50,21.83,2231700,58596772.00
2024/01/05,21.86,21.86,20.73,20.95,3638300,92929656.00
2024/01/08,20.98,21.21,20.60,20.73,3105331,78369064.00
2024/01/09,20.79,21.05,20.49,20.60,1940122,48489176.00
2024/01/10,20.77,21.08,20.50,20.73,3145167,79108912.00
2024/01/11,20.58,20.97,20.54,20.92,2436558,61195588.00
2024/01/12,20.99,21.13,20.56,20.62,1919690,48157656.00
2024/01/15,20.62,20.84,20.21,20.56,1376830,34273620.00
2024/01/16,20.49,20.66,20.04,20.48,2360902,57733232.00
2024/01/17,20.38,20.68,19.77,19.77,1553232,37957444.00
2024/01/18,19.77,19.93,19.28,19.83,2534090,59945096.00
2024/01/19,19.88,21.27,19.88,20.29,4427304,110358552.00
2024/01/22,20.19,20.39,18.69,18.91,3189990,75260568.00
2024/01/23,18.78,19.43,18.58,19.40,2886490,66697688.00
2024/01/24,19.36,19.50,18.62,19.13,4211830,96548752.00
2024/01/25,19.04,19.63,18.72,19.62,2314280,53971056.00
2024/01/26,19.61,21.59,19.51,21.59,4154110,103851368.00
2024/01/29,21.54,21.80,19.42,19.42,8165170,199045184.00
2024/01/30,17.80,19.08,17.79,18.13,5890314,131737232.00
2024/01/31,18.49,19.95,18.08,18.23,9419373,216600992.00
2024/02/01,17.93,18.52,17.30,17.77,6563080,142298272.00
2024/02/02,17.96,19.56,17.77,18.56,11163216,252947760.00
2024/02/05,17.78,18.03,16.69,16.69,8364271,172878480.00
2024/02/06,15.71,17.21,15.38,16.78,7560634,149366144.00
2024/02/07,16.65,17.02,15.53,15.93,7631274,150763792.00
2024/02/08,16.11,17.54,14.33,17.47,9927609,197735616.00
2024/02/19,17.78,18.12,17.38,17.78,6508119,139051472.00
2024/02/20,18.03,18.48,17.67,18.38,4873850,107260512.00
2024/02/21,18.22,19.43,17.93,18.81,4702000,107154632.00
2024/02/22,18.54,19.18,18.54,19.05,3138527,71768904.00
2024/02/23,19.06,19.38,18.78,19.32,3180796,73274856.00
2024/02/26,19.31,19.72,19.04,19.27,3379520,78967328.00
2024/02/27,19.06,20.08,19.06,20.08,3770836,90066736.00
2024/02/28,20.32,21.34,18.63,18.82,6375448,155925184.00
2024/02/29,18.51,19.50,18.38,19.27,3769189,86702832.00
2024/03/01,19.17,19.40,18.63,19.23,4500268,103035792.00
2024/03/04,19.47,19.68,18.63,19.34,4304030,99292136.00
2024/03/05,19.13,19.35,18.79,18.86,2730330,62823524.00
2024/03/06,18.80,19.14,18.53,18.80,2079430,47291468.00
2024/03/07,18.80,19.03,18.13,18.13,2966570,66316860.00
2024/03/08,18.16,18.38,17.88,18.16,2378356,51934600.00
2024/03/11,18.19,18.69,17.88,18.66,2886426,64062008.00
2024/03/12,19.08,19.41,18.76,19.23,3605224,83301960.00
2024/03/13,19.54,21.16,19.14,21.16,4878033,120156384.00
2024/03/14,21.13,21.29,19.84,20.01,9192817,226342832.00
2024/03/15,20.70,22.03,20.13,21.17,13130070,336346656.00
2024/03/18,20.83,21.68,20.56,21.59,11444573,291653632.00
2024/03/19,21.29,22.20,20.97,21.33,9866833,255826592.00
2024/03/20,21.27,21.64,20.88,21.11,6158652,157297872.00
2024/03/21,21.12,21.54,20.84,20.93,5265052,134311712.00
2024/03/22,20.69,20.96,20.21,20.59,4177521,103644568.00
2024/03/25,20.53,20.79,19.88,19.88,3479622,85043664.00
2024/03/26,20.01,20.01,18.75,19.09,5445600,126303432.00
2024/03/27,19.04,19.25,18.21,18.27,3575469,80629816.00
2024/03/28,18.31,19.10,18.30,18.57,3130422,70652984.00
2024/03/29,18.57,18.81,18.07,18.79,2554600,57021800.00
2024/04/01,18.82,19.58,18.81,19.02,3177281,73343192.00
2024/04/02,19.16,19.17,18.23,18.34,3633392,81218064.00
2024/04/03,18.29,18.33,17.64,17.75,2649115,57216328.00
2024/04/08,17.79,17.80,16.67,16.76,3853091,79703968.00
2024/04/09,16.89,18.21,16.88,17.91,4125562,87840896.00
2024/04/10,17.88,17.95,17.05,17.23,2575700,54025892.00
2024/04/11,17.03,17.60,17.01,17.28,1969132,41443664.00
2024/04/12,17.28,17.51,17.21,17.37,1341772,28157224.00
2024/04/15,17.51,17.51,16.48,17.10,2353352,48344768.00
2024/04/16,16.90,16.99,15.76,15.86,3373301,66127504.00
2024/04/17,16.07,16.71,16.07,16.47,2743154,54656128.00
2024/04/18,16.58,16.68,16.05,16.22,2475630,48893284.00
2024/04/19,16.09,16.32,15.94,16.30,1989598,38745316.00
2024/04/22,16.14,16.60,15.96,16.39,1613085,31818232.00
2024/04/23,16.53,16.76,16.33,16.55,1820723,36452480.00
2024/04/24,16.73,17.00,16.38,16.97,2008023,40669328.00
2024/04/25,16.97,17.04,16.46,16.55,2207924,44626984.00
2024/04/26,16.61,16.96,16.57,16.75,2501536,50759788.00
2024/04/29,17.06,17.75,17.06,17.38,4418365,92946040.00
2024/04/30,17.30,17.32,16.62,16.86,3945286,80908216.00
2024/05/06,17.00,17.34,16.98,17.25,2926223,60780388.00
2024/05/07,17.25,17.43,17.12,17.20,2599649,54176580.00
2024/05/08,17.13,17.19,16.50,16.58,3616336,72956240.00
2024/05/09,16.56,17.00,16.54,16.83,2620671,53078268.00
2024/05/10,16.78,16.98,16.44,16.48,2907675,58158136.00
2024/05/13,16.49,16.50,16.03,16.23,2590000,50698488.00
2024/05/14,16.53,16.84,16.36,16.62,3135800,62887688.00
2024/05/15,16.63,16.91,16.46,16.47,2046765,41208176.00
2024/05/16,16.45,16.62,16.31,16.36,2036400,40512780.00
2024/05/17,16.44,16.44,15.93,16.12,3048200,59430928.00
2024/05/20,16.07,16.11,15.75,15.78,3631466,69738952.00
2024/05/21,15.79,16.06,15.38,15.38,4446658,84002512.00
2024/05/22,15.46,15.46,14.45,15.01,8097209,145684272.00
2024/05/23,14.88,15.06,14.68,14.79,3563092,64005808.00
2024/05/24,14.80,14.80,14.40,14.44,4057837,71320224.00
2024/05/27,14.60,14.78,14.23,14.72,3622914,63489500.00
2024/05/28,14.57,14.63,14.26,14.34,2873700,50039236.00
2024/05/29,14.34,14.51,14.27,14.38,1857100,32335888.00
2024/05/30,14.37,14.37,14.03,14.09,2922062,49907956.00
2024/05/31,14.40,14.78,14.09,14.32,3879594,55763596.00
2024/06/03,14.25,14.35,13.81,13.93,3958687,55442252.00
2024/06/04,13.78,13.87,13.55,13.81,3520065,48166872.00
2024/06/05,13.65,13.74,13.20,13.21,4724242,63520620.00
2024/06/06,13.37,13.38,12.42,12.49,6210583,79180176.00
2024/06/07,12.74,12.93,12.44,12.78,4330448,55026252.00
2024/06/11,12.67,13.35,12.50,13.30,5164917,67407960.00
2024/06/12,13.30,13.70,13.18,13.66,5124120,69412168.00
2024/06/13,13.60,13.93,13.10,13.19,9298130,126239400.00
2024/06/14,13.20,13.28,12.50,12.60,9504385,121799696.00
2024/06/17,12.54,12.75,12.38,12.62,6883368,86492416.00
2024/06/18,12.62,12.85,12.34,12.46,5247797,65920856.00
2024/06/19,12.40,12.54,12.13,12.14,4811254,58895936.00
2024/06/20,12.13,12.20,11.56,11.63,7186525,84506104.00
2024/06/21,11.51,11.73,11.41,11.62,4360396,50573000.00
2024/06/24,11.50,11.52,11.06,11.14,5245212,58913040.00
2024/06/25,11.09,11.28,10.92,11.06,5299310,58811472.00
2024/06/26,11.03,11.78,11.00,11.75,8178024,93763640.00
2024/06/27,11.71,11.95,11.47,11.53,7101300,82843824.00
2024/06/28,11.53,12.25,11.45,11.61,8035569,94877184.00
2024/07/01,11.59,11.66,11.32,11.64,4401642,50607960.00
2024/07/02,11.65,11.92,11.60,11.72,4015898,47243880.00
2024/07/03,11.65,11.72,11.48,11.54,3401236,39432548.00
2024/07/04,11.55,11.65,11.02,11.03,3916507,43978836.00
2024/07/05,11.05,11.42,10.86,11.36,4482996,50136408.00
2024/07/08,11.30,11.36,10.87,10.95,3794952,41788372.00
2024/07/09,10.89,11.24,10.66,10.97,4730200,51648848.00
2024/07/10,10.84,11.17,10.73,10.82,3347891,36723588.00
2024/07/11,10.96,11.27,10.89,11.26,4371067,48828544.00
2024/07/12,11.28,11.45,11.09,11.14,4215732,47411664.00
2024/07/15,11.16,11.16,10.78,10.84,2999716,32618062.00
2024/07/16,10.78,10.92,10.68,10.80,2416351,26050736.00
2024/07/17,10.85,11.04,10.68,10.74,3055852,33081988.00
2024/07/18,10.70,10.79,10.43,10.75,3381682,35855500.00
2024/07/19,10.69,10.89,10.59,10.85,3461480,37382620.00
2024/07/22,10.85,11.07,10.73,11.00,2851846,31190088.00
2024/07/23,11.09,11.09,10.62,10.63,3274786,35458340.00
2024/07/24,10.59,10.64,10.32,10.33,3380328,35278200.00
2024/07/25,10.29,10.73,10.17,10.56,3653040,38414600.00
2024/07/26,10.56,10.80,10.50,10.65,2600400,27693836.00
2024/07/29,10.65,10.78,10.38,10.70,3067128,32494560.00
2024/07/30,10.66,10.83,10.59,10.72,2403824,25752102.00
2024/07/31,10.78,11.23,10.70,11.20,4417428,48866628.00
2024/08/01,11.24,11.38,10.99,11.09,3913640,43652596.00
2024/08/02,10.98,11.35,10.96,11.10,3818548,42654020.00
2024/08/05,11.26,12.21,11.11,12.21,6110796,72952560.00
2024/08/06,13.10,13.43,12.57,13.43,36083426,476008352.00
2024/08/07,12.75,13.10,12.48,12.85,28360338,361614592.00
2024/08/08,12.66,13.90,12.25,13.42,28861797,372268544.00
2024/08/09,13.15,13.55,12.57,12.75,21196419,276830656.00
2024/08/12,12.75,12.88,12.03,12.26,13337853,165902048.00
2024/08/13,12.22,12.25,11.82,12.01,10853380,129790096.00
2024/08/14,11.91,13.21,11.86,13.21,35190256,454798912.00
2024/08/15,13.40,14.53,13.40,14.53,44642698,630237440.00
2024/08/16,14.70,14.70,13.50,13.60,44184340,616946688.00
2024/08/19,13.42,13.86,13.00,13.20,24979398,333481120.00
2024/08/20,13.01,13.45,12.74,13.05,25645478,335756992.00
2024/08/21,13.19,13.82,12.88,13.61,28067176,375950080.00
2024/08/22,13.09,13.16,12.40,12.43,19840200,253818544.00
2024/08/23,12.53,12.72,11.65,11.98,18487060,222573440.00
2024/08/26,11.92,11.99,11.51,11.70,13384237,155973264.00
2024/08/27,11.58,12.19,11.42,11.50,11944473,140494656.00
2024/08/28,11.40,11.64,11.19,11.63,9208124,105464440.00
2024/08/29,11.45,11.84,11.21,11.71,9069580,105362664.00
2024/08/30,11.36,12.25,11.36,12.00,15997089,191591856.00
2024/09/02,11.93,12.09,11.40,11.42,11344141,132366088.00
2024/09/03,11.45,11.65,11.32,11.54,7674936,88073784.00
2024/09/04,11.37,11.52,11.24,11.32,6250396,71027128.00
2024/09/05,11.28,12.45,11.28,12.45,24148525,293799936.00
2024/09/06,12.48,12.73,12.18,12.25,21864481,270792416.00
2024/09/09,12.32,12.64,12.01,12.31,13688719,169014384.00
2024/09/10,12.30,12.58,12.03,12.52,12615482,155679104.00
2024/09/11,12.40,12.70,12.32,12.68,15506740,194973392.00
2024/09/12,12.55,12.75,12.26,12.30,11817838,147022352.00
2024/09/13,12.41,12.45,12.08,12.12,6418929,78164304.00
2024/09/18,12.08,12.47,11.62,12.38,10025218,121456976.00
2024/09/19,12.41,12.64,12.10,12.57,12024690,149549824.00
2024/09/20,12.42,12.55,12.28,12.29,7260234,89794376.00
2024/09/23,12.25,12.34,12.05,12.06,6010038,72962424.00
2024/09/24,12.14,12.80,11.89,12.60,13235518,163636160.00
2024/09/25,12.81,13.20,12.59,12.88,18570528,239222544.00
2024/09/26,12.85,13.14,12.68,13.13,14380620,186073840.00
2024/09/27,13.25,13.96,13.21,13.68,18694070,253207856.00
2024/09/30,14.28,15.03,13.71,14.96,24292910,351284064.00
2024/10/08,16.43,16.45,14.70,15.67,28708614,446081888.00
2024/10/09,15.40,15.45,14.10,14.10,17317828,252026416.00
2024/10/10,13.82,14.34,13.33,13.81,11763411,162005056.00
2024/10/11,13.66,13.76,13.13,13.27,8135212,108784616.00
2024/10/14,13.25,13.57,12.95,13.47,9321565,124038728.00
2024/10/15,13.36,13.78,13.13,13.16,11124581,149983920.00
2024/10/16,12.86,13.40,12.86,13.18,8529818,112448784.00
2024/10/17,13.21,13.80,13.20,13.51,13586000,184365296.00
2024/10/18,13.41,13.96,13.23,13.70,13157196,179074592.00
2024/10/21,13.81,14.17,13.60,13.96,13936982,194694288.00
2024/10/22,13.97,14.42,13.81,14.25,12885252,182452912.00
2024/10/23,14.23,14.23,13.78,13.88,11339994,158955488.00
2024/10/24,13.75,14.05,13.75,13.90,7233316,100454704.00
2024/10/25,13.90,14.15,13.82,14.03,7901352,110458088.00
2024/10/28,14.05,14.39,14.03,14.36,9151209,130560384.00
2024/10/29,14.42,14.54,13.53,13.57,13460520,187331488.00
2024/10/30,13.39,13.66,13.28,13.53,8323075,112099184.00
2024/10/31,13.64,14.88,13.40,14.88,17153762,250528752.00
2024/11/01,15.20,15.93,14.82,14.99,34578365,527497472.00
2024/11/04,15.06,15.54,15.00,15.38,19704388,300395136.00
2024/11/05,15.30,15.50,15.07,15.45,18069422,277438528.00
2024/11/06,15.45,16.35,15.34,15.80,20753451,329165056.00
2024/11/07,15.81,16.63,15.50,16.41,16854021,273052448.00
2024/11/08,16.38,16.70,15.70,15.72,18631681,299425152.00
2024/11/11,15.58,15.98,15.38,15.92,12811355,201339632.00
2024/11/12,15.84,16.45,15.70,15.88,12476746,198426752.00
2024/11/13,15.68,16.42,15.68,16.21,13644956,220001600.00
2024/11/14,16.32,16.58,15.38,15.41,13193970,212326512.00
2024/11/15,15.36,16.00,15.20,15.26,10001326,156511488.00
2024/11/18,15.35,15.50,14.21,14.32,11762860,170813888.00
2024/11/19,14.36,14.74,14.14,14.74,6788236,97706496.00
2024/11/20,14.64,15.25,14.61,15.08,7221420,108022416.00
2024/11/21,15.07,15.25,14.82,15.11,5959814,89687048.00
2024/11/22,15.05,15.81,14.73,14.80,11744583,179858960.00
数据来源:通达信
