002846 英联股份 日线 前复权
      日期	    开盘	    最高	    最低	    收盘	    成交量	    成交额
2017/02/07,3.57,4.35,3.57,4.35,11907,142184.00
2017/02/08,4.82,4.82,4.82,4.82,4900,64680.00
2017/02/09,5.33,5.33,5.33,5.33,4892,71031.84
2017/02/10,5.90,5.90,5.90,5.90,7725,123368.25
2017/02/13,6.52,6.52,6.52,6.52,15992,280979.44
2017/02/14,7.21,7.21,7.21,7.21,5600,108248.00
2017/02/15,7.97,7.97,7.97,7.97,25637,545042.63
2017/02/16,8.80,8.80,8.80,8.80,20917,489248.63
2017/02/17,9.71,9.71,9.71,9.71,24625,633601.25
2017/02/20,10.72,10.72,10.72,10.72,77052,2180571.50
2017/02/21,11.82,11.82,11.82,11.82,441975,13758682.00
2017/02/22,13.04,13.04,13.04,13.04,559488,19156870.00
2017/02/23,13.80,14.37,13.57,14.37,8619789,320050688.00
2017/02/24,14.89,15.84,14.51,15.84,21077118,849380672.00
2017/02/27,14.51,15.21,14.51,14.57,12491711,481620320.00
2017/02/28,14.57,14.85,13.75,14.83,10826037,404012160.00
2017/03/01,14.50,14.81,14.31,14.32,7710908,293402496.00
2017/03/02,14.22,14.61,13.92,14.40,7044897,264604208.00
2017/03/03,14.19,14.85,14.11,14.82,8169100,312047200.00
2017/03/06,14.89,15.09,14.56,14.95,8493835,330282080.00
2017/03/07,14.85,15.28,14.77,15.28,8810834,346442048.00
2017/03/08,15.25,16.02,15.17,15.75,12927757,527715616.00
2017/03/09,15.51,15.51,14.52,14.61,8752709,340623904.00
2017/03/10,14.46,14.95,14.43,14.62,4772239,183797808.00
2017/03/13,14.52,15.29,14.12,15.06,5700841,220488528.00
2017/03/14,15.05,15.87,14.94,15.48,8610590,348960704.00
2017/03/15,15.48,15.91,15.09,15.71,7662305,313240000.00
2017/03/16,15.68,17.32,15.57,17.32,15656516,683015808.00
2017/03/17,17.43,18.22,16.66,16.68,14948650,677014016.00
2017/03/20,16.24,17.04,16.07,16.96,7315482,318637984.00
2017/03/21,16.85,17.94,16.69,17.47,9578439,433299520.00
2017/03/22,17.16,17.86,16.93,17.36,7333952,333439264.00
2017/03/23,17.36,18.02,16.85,17.88,10064701,458437664.00
2017/03/24,18.13,19.26,17.67,18.64,12313526,589127360.00
2017/03/27,18.41,18.61,17.96,18.20,6443428,305902496.00
2017/03/28,18.02,19.00,18.01,18.13,7402398,355136608.00
2017/03/29,17.75,17.89,16.31,16.57,7101324,317612160.00
2017/03/30,16.31,16.46,15.84,16.05,5418318,226832448.00
2017/03/31,16.06,16.52,15.88,16.21,3751752,158090064.00
2017/04/05,16.07,17.50,16.07,17.50,4145108,182838224.00
2017/04/06,17.38,18.64,17.35,18.07,5154651,243516896.00
2017/04/07,17.91,19.11,17.90,18.49,5316702,257891472.00
2017/04/10,18.16,18.78,17.73,17.73,4052001,191373168.00
2017/04/11,17.63,18.14,16.91,18.00,4430955,202569184.00
2017/04/12,17.75,18.00,17.30,17.33,2181589,100080648.00
2017/04/13,17.16,17.77,17.16,17.51,1670171,76472968.00
2017/04/14,17.51,18.32,17.47,17.55,3296971,153372240.00
2017/04/17,16.85,17.04,16.06,16.46,4384733,188047040.00
2017/04/18,16.46,16.65,16.36,16.55,1698342,73179688.00
2017/04/19,16.69,17.08,16.31,16.90,1806536,78654400.00
2017/04/20,16.91,18.09,16.86,18.02,3031065,139054576.00
2017/04/21,18.02,18.22,17.59,17.82,2378199,110640008.00
2017/04/24,17.63,17.82,17.36,17.60,1327905,60769440.00
2017/04/25,17.60,18.13,17.60,18.11,2636451,123415504.00
2017/04/26,18.02,18.31,17.67,17.79,2113695,99541752.00
2017/04/27,17.63,18.61,17.43,18.34,3367366,158645280.00
2017/04/28,18.35,18.57,18.14,18.34,2671742,127812144.00
2017/05/02,18.34,18.55,17.67,18.02,2698881,126853264.00
2017/05/03,18.02,18.55,17.80,18.52,2299559,109191608.00
2017/05/04,18.41,18.80,18.22,18.36,2523621,122186464.00
2017/05/05,18.17,18.64,18.10,18.16,1460021,69851344.00
2017/05/08,18.16,18.33,17.90,17.91,887636,41887792.00
2017/05/09,17.90,19.00,17.90,18.65,2645463,126902568.00
2017/05/10,18.66,19.58,18.65,19.00,4117446,203960560.00
2017/05/11,18.84,19.25,18.45,19.19,2488629,122898024.00
2017/05/12,19.10,19.54,18.80,18.91,1912859,95171616.00
2017/05/15,18.88,19.07,18.55,18.61,1743573,85609488.00
2017/05/16,18.53,18.80,18.22,18.23,1809249,87292752.00
2017/05/17,18.48,20.08,18.45,20.08,7361969,374048160.00
2017/05/18,20.17,21.14,19.39,20.49,6591312,346585120.00
2017/05/19,20.36,21.19,20.11,20.71,4850252,261259680.00
2017/05/22,20.52,20.68,19.78,20.19,2503537,131848400.00
2017/05/23,20.21,20.39,19.39,19.78,2117469,109119272.00
2017/05/24,19.78,20.19,19.40,20.07,1592888,81759536.00
2017/05/25,20.01,20.32,19.41,20.09,1770791,91946304.00
2017/05/26,20.00,20.55,19.86,20.08,1561136,82054400.00
2017/05/31,20.23,20.83,19.60,19.62,1388843,73391200.00
2017/06/01,19.58,19.70,19.00,19.62,2257357,114052056.00
2017/06/02,19.43,19.97,19.35,19.79,1015892,52026348.00
2017/06/05,19.93,20.36,19.78,20.36,1974959,103303680.00
2017/06/06,20.83,20.83,19.58,19.93,3103213,160909552.00
2017/06/07,19.86,20.56,19.69,20.44,3312300,173306656.00
2017/06/08,20.40,21.30,20.27,21.14,6804770,366672640.00
2017/06/09,21.14,21.85,20.83,21.54,3844572,214402528.00
2017/06/12,21.32,21.56,21.11,21.11,2885422,160307152.00
2017/06/13,21.11,21.42,20.85,21.01,2805492,154599872.00
2017/06/14,21.03,21.20,20.75,21.14,883649,48226400.00
2017/06/15,21.03,21.65,20.88,21.38,4685009,258772128.00
2017/06/16,21.18,23.10,19.21,19.21,8545301,500868256.00
2017/06/19,17.25,17.25,17.25,17.25,166500,7499160.00
2017/06/20,15.50,15.50,15.50,15.50,119900,4860746.00
2017/06/21,13.91,13.91,13.91,13.91,941100,34340740.00
2017/06/22,12.49,15.34,12.49,15.34,25769368,881784768.00
2017/06/23,13.77,16.07,13.77,14.63,22471694,845009920.00
2017/06/26,13.87,14.29,13.39,13.58,11805403,427383296.00
2017/06/27,13.61,13.84,13.30,13.60,7572918,270443744.00
2017/06/28,13.34,13.77,13.25,13.30,7090215,250098688.00
2017/06/29,13.12,13.44,12.75,12.89,7884538,269710784.00
2017/06/30,12.92,14.02,12.86,13.25,11153513,393562784.00
2017/07/03,12.93,13.14,12.90,13.03,5859374,200158016.00
2017/07/04,12.98,13.14,12.72,13.02,5711936,194359536.00
2017/07/05,12.90,12.98,12.79,12.93,5330879,180222768.00
2017/07/06,12.86,12.93,12.58,12.69,5062316,169669552.00
2017/07/07,12.72,13.06,12.58,12.89,5601870,188991248.00
2017/07/10,12.75,12.78,12.25,12.30,5081694,167838880.00
2017/07/11,12.17,12.26,11.53,11.59,6004242,187053888.00
2017/07/12,11.69,11.77,11.03,11.55,4424925,132919096.00
2017/07/13,11.64,11.64,11.15,11.22,3309963,98933064.00
2017/07/14,11.22,11.96,11.00,11.36,4630703,140117952.00
2017/07/17,11.21,11.22,10.19,10.19,4544505,126539520.00
2017/07/18,10.04,10.40,9.92,10.24,3090942,83063472.00
2017/07/19,10.21,10.36,10.16,10.27,2496521,67688408.00
2017/07/20,10.25,10.57,10.22,10.29,3100029,85098944.00
2017/07/21,10.26,10.32,9.86,9.91,3301704,87945096.00
2017/07/24,9.77,9.88,9.52,9.86,3402688,87634512.00
2017/07/25,9.89,10.08,9.86,9.92,2876134,75958320.00
2017/07/26,9.94,10.05,9.63,9.66,2704125,70094208.00
2017/07/27,9.58,10.00,9.55,9.95,3684369,96170696.00
2017/07/28,9.91,10.00,9.75,9.76,2671600,69745528.00
2017/07/31,9.80,9.89,9.68,9.77,2074913,53850836.00
2017/08/01,9.74,9.85,9.67,9.83,2331330,60322632.00
2017/08/02,9.82,9.83,9.54,9.55,2659168,68101536.00
2017/08/03,9.45,9.85,9.43,9.73,3119890,79974032.00
2017/08/04,9.73,9.73,9.53,9.54,2158809,54931184.00
2017/08/07,9.47,9.80,9.47,9.68,2651817,68113632.00
2017/08/08,9.66,9.70,9.53,9.65,1993801,50752136.00
2017/08/09,9.63,10.40,9.57,10.22,4367640,115254424.00
2017/08/10,10.05,10.26,9.86,9.88,3933532,104503320.00
2017/08/11,9.77,9.77,9.48,9.54,2402878,61397208.00
2017/08/14,9.50,9.72,9.50,9.65,1457800,37197664.00
2017/08/15,9.62,9.99,9.61,9.82,2669300,69467328.00
2017/08/16,9.86,10.17,9.75,10.11,3840597,101723224.00
2017/08/17,10.02,10.59,9.90,10.41,5667626,153726032.00
2017/08/18,10.37,11.48,10.22,11.48,9162799,265028576.00
2017/08/21,12.04,12.04,11.22,11.49,11190282,345425568.00
2017/08/22,11.61,11.61,11.11,11.18,6088126,181221920.00
2017/08/23,11.11,11.47,10.80,11.13,5532213,162027424.00
2017/08/24,10.98,11.34,10.83,10.84,4334289,125815408.00
2017/08/25,10.84,11.18,10.82,10.93,4120081,119661408.00
2017/08/28,10.98,11.49,10.98,11.45,6542784,195689952.00
2017/08/29,11.47,12.00,11.45,11.49,7625078,234700656.00
2017/08/30,11.31,11.44,11.20,11.33,3696084,110126784.00
2017/08/31,11.55,12.50,11.39,12.50,12690297,404904256.00
2017/09/01,12.47,13.73,12.12,13.32,13658032,449902880.00
2017/09/04,12.86,13.07,12.47,12.61,9100188,306218752.00
2017/09/05,12.48,13.09,12.48,12.71,7014051,236020656.00
2017/09/06,12.63,12.65,12.19,12.38,4851282,157648576.00
2017/09/07,12.32,12.79,12.26,12.37,5316090,175279984.00
2017/09/08,12.36,13.64,12.28,13.43,11100423,384060064.00
2017/09/11,13.31,14.35,13.04,13.79,11663250,418866496.00
2017/09/12,13.56,13.72,13.18,13.26,6866918,241919600.00
2017/09/13,13.04,13.52,13.04,13.41,3667702,128707168.00
2017/09/14,13.41,13.51,13.16,13.21,3141808,109826616.00
2017/09/15,13.23,13.28,12.58,12.68,3943450,133465120.00
2017/09/18,12.79,13.14,12.64,13.03,2897463,98494952.00
2017/09/19,13.07,13.29,12.79,12.81,2478400,84568104.00
2017/09/20,12.78,12.89,12.50,12.86,2974092,99229368.00
2017/09/21,12.86,13.44,12.73,13.25,5024550,173658608.00
2017/09/22,13.11,13.41,12.90,13.11,3526142,121963360.00
2017/09/25,12.94,13.50,12.93,13.31,4657333,162939136.00
2017/09/26,13.25,13.48,11.95,12.14,5595037,186607968.00
2017/09/27,12.00,12.48,12.00,12.28,3121805,100511832.00
2017/09/28,12.47,12.47,11.54,11.70,3706269,117420888.00
2017/09/29,11.71,12.08,11.61,11.73,2300048,71604608.00
2017/10/09,11.80,12.23,11.80,12.04,2431238,77242208.00
2017/10/10,12.09,12.57,12.05,12.50,3206393,103991368.00
2017/10/11,12.50,12.74,12.36,12.47,2821964,93018024.00
2017/10/12,12.42,13.25,12.16,12.77,3962616,132922240.00
2017/10/13,12.64,14.08,12.64,14.08,10395338,372090432.00
2017/10/16,14.47,15.21,13.57,14.22,16359505,617216192.00
2017/10/17,13.59,13.83,12.77,13.76,8260005,290903552.00
2017/10/18,13.57,14.46,13.34,13.64,8415344,307670816.00
2017/10/19,13.29,13.59,12.94,13.17,4667086,161792928.00
2017/10/20,13.14,13.26,12.55,12.65,4973953,166442048.00
2017/10/23,12.73,12.78,12.36,12.61,3713127,122778800.00
2017/10/24,12.62,12.65,12.23,12.50,2894700,94315776.00
2017/10/25,12.82,13.78,12.82,13.78,10769022,380073440.00
2017/10/26,14.07,15.20,13.86,15.20,15015703,574053824.00
2017/10/27,15.75,15.91,14.31,14.66,14722100,573495296.00
2017/10/30,14.93,15.07,13.37,14.76,12602602,480036640.00
2017/10/31,14.16,15.93,14.16,15.11,23081881,561143616.00
2017/11/01,15.24,16.43,15.04,15.05,24580732,624432192.00
2017/11/02,14.64,16.58,14.12,16.58,25319089,630997568.00
2017/11/03,16.05,17.23,16.05,16.30,28637094,771482432.00
2017/11/06,16.04,16.48,15.68,16.21,15513187,405547488.00
2017/11/07,16.05,16.41,15.87,16.14,12423708,325291680.00
2017/11/08,15.99,16.98,15.85,16.88,19280699,519548864.00
2017/11/09,16.61,16.88,16.25,16.68,13660941,367769216.00
2017/11/10,16.52,16.86,16.38,16.49,10035633,271198336.00
2017/11/13,16.24,16.53,16.16,16.16,7546920,199692544.00
2017/11/14,16.14,16.78,15.89,16.28,7871279,210245504.00
2017/11/15,16.01,16.68,15.66,16.21,10798420,285229216.00
2017/11/16,15.91,16.43,15.69,15.93,8131460,212575696.00
2017/11/17,15.87,16.49,15.55,16.14,9187667,239930256.00
2017/11/20,16.23,17.43,15.75,16.86,19965904,535660256.00
2017/11/21,16.49,16.95,15.14,16.40,21481298,570018752.00
2017/11/22,16.40,16.91,15.92,16.79,21039485,564598720.00
2017/11/23,16.54,16.99,16.02,16.02,18292785,490820320.00
2017/11/24,16.10,16.24,15.38,15.93,10907827,283435168.00
2017/11/27,15.98,16.29,15.24,15.39,12538985,318732896.00
2017/11/28,15.36,15.39,13.83,13.83,16209338,375188352.00
2017/11/29,12.99,13.30,12.43,12.43,11370127,236019616.00
2017/11/30,11.99,12.36,11.63,11.70,10001578,194801168.00
2017/12/01,11.64,11.81,11.63,11.68,5647996,108150824.00
2017/12/04,11.69,11.78,10.51,10.61,9245160,165849408.00
2017/12/05,10.62,10.77,9.77,10.01,9113105,152200464.00
2017/12/06,10.05,10.72,10.03,10.42,9232212,156772224.00
2017/12/07,10.33,10.65,10.19,10.45,7377540,126479936.00
2017/12/08,10.48,10.83,10.38,10.67,7213600,126030408.00
2017/12/11,10.71,10.71,10.44,10.64,5186107,89944464.00
2017/12/12,10.52,10.66,10.13,10.34,5514205,93830152.00
2017/12/13,10.29,10.36,10.16,10.31,3406340,57338908.00
2017/12/14,10.31,10.34,10.06,10.18,4055127,67714048.00
2017/12/15,10.18,11.22,10.11,11.22,12844309,228519904.00
2017/12/18,10.99,11.14,10.68,10.71,9375857,166798592.00
2017/12/19,10.55,10.84,10.48,10.77,5887839,103508024.00
2017/12/20,10.71,11.10,10.49,11.06,8156840,144401664.00
2017/12/21,10.90,11.03,10.78,10.84,6345200,113309920.00
2017/12/22,10.86,10.95,10.53,10.55,4926840,86635064.00
2017/12/25,10.52,10.52,9.74,10.04,5833772,96675736.00
2017/12/26,10.08,10.47,9.87,10.30,5456220,91532656.00
2017/12/27,10.26,11.24,10.18,10.60,7962707,140410752.00
2017/12/28,10.36,11.69,10.24,11.63,14178186,257210960.00
2017/12/29,11.63,12.23,11.55,11.67,17329146,337210624.00
2018/01/02,11.87,11.87,11.30,11.55,7145607,134908480.00
2018/01/03,11.52,11.52,11.04,11.38,7498387,138391184.00
2018/01/04,11.18,11.46,11.18,11.27,4567847,84527616.00
2018/01/05,11.27,11.52,11.27,11.33,4390019,81786008.00
2018/01/08,11.33,11.39,11.06,11.14,3631040,66213720.00
2018/01/09,11.14,11.48,11.06,11.37,5037220,93285432.00
2018/01/10,11.39,11.39,10.75,10.84,5088860,91647568.00
2018/01/11,10.80,11.08,10.43,11.05,4647360,82051704.00
2018/01/12,10.96,10.96,10.74,10.76,3269760,58026548.00
2018/01/15,10.68,10.68,10.22,10.39,3772325,64517052.00
2018/01/16,10.36,10.68,10.22,10.61,3609240,62362004.00
2018/01/17,10.61,11.43,10.49,11.21,7800700,140674336.00
2018/01/18,11.15,11.34,11.03,11.08,5048914,92215872.00
2018/01/19,11.05,11.30,10.77,10.79,5333160,96906208.00
2018/01/22,10.55,10.61,10.29,10.53,4026639,69077560.00
2018/01/23,10.46,11.61,10.46,11.61,9371999,175033296.00
2018/01/24,11.86,12.34,11.61,11.66,19364012,377019392.00
2018/01/25,11.69,11.73,11.24,11.34,9873307,184690784.00
2018/01/26,11.20,11.40,10.89,10.91,7038932,128042800.00
2018/01/29,10.86,11.10,10.74,10.96,5447667,97818544.00
2018/01/30,10.91,10.98,10.56,10.73,4260880,74962616.00
2018/01/31,10.73,10.78,10.25,10.42,4713347,81021032.00
2018/02/01,10.33,10.60,9.37,9.37,5565585,90944832.00
2018/02/02,9.11,9.11,8.49,8.69,5254107,76318296.00
2018/02/05,8.43,8.50,8.19,8.19,3806679,52292756.00
2018/02/06,7.87,8.17,7.35,7.38,4347540,55831264.00
2018/02/07,7.65,7.74,7.24,7.63,4084567,51134380.00
2018/02/08,7.55,8.42,7.55,8.42,7334340,99668040.00
2018/02/09,8.34,8.34,7.74,7.96,5368960,71131256.00
2018/02/12,8.09,8.39,8.02,8.15,4826820,65619164.00
2018/02/13,8.18,8.25,7.93,8.00,3221780,43013092.00
2018/02/14,7.93,8.08,7.80,7.83,1724740,22591104.00
2018/02/22,7.88,8.20,7.88,8.16,2719880,36253624.00
2018/02/23,8.08,8.28,8.03,8.19,2939324,39693640.00
2018/02/26,8.29,8.68,8.23,8.54,4171440,58134200.00
2018/02/27,8.48,8.77,8.36,8.64,4559047,64193064.00
2018/02/28,8.53,9.04,8.41,8.74,5056600,72475584.00
2018/03/01,8.58,8.88,8.56,8.77,3558600,51246216.00
2018/03/02,8.68,8.80,8.53,8.55,2804960,40071856.00
2018/03/05,8.56,8.86,8.56,8.76,3030260,43623352.00
2018/03/06,8.79,9.21,8.79,8.89,4501499,66864204.00
2018/03/07,8.99,8.99,8.73,8.73,3223699,46804996.00
2018/03/08,8.74,9.63,8.64,9.63,12893219,201092704.00
2018/03/09,9.59,9.60,9.30,9.46,9826160,152308432.00
2018/03/12,9.41,9.66,9.35,9.50,6954480,108403672.00
2018/03/13,9.46,9.73,9.42,9.42,5540480,87062976.00
2018/03/14,9.37,9.39,9.13,9.16,4430840,67313024.00
2018/03/15,9.16,9.21,8.49,8.81,4923426,71506488.00
2018/03/16,8.77,9.19,8.75,8.91,3587899,53262156.00
2018/03/19,8.84,9.33,8.84,9.26,4535466,68477632.00
2018/03/20,9.24,9.24,8.99,9.24,3313640,49801100.00
2018/03/21,9.24,9.53,8.96,9.08,4616019,70677720.00
2018/03/22,9.18,9.53,8.81,9.47,7347004,112465848.00
2018/03/23,9.11,9.44,8.54,8.72,6648160,99101192.00
2018/03/26,8.54,8.74,7.86,8.68,4407364,60752712.00
2018/03/27,8.80,9.41,8.68,9.11,5454539,81763408.00
2018/03/28,8.94,9.96,8.88,9.58,10254760,158691504.00
2018/03/29,9.49,10.15,9.49,9.91,12423044,200984544.00
2018/03/30,9.66,9.83,9.61,9.65,6813160,108506328.00
2018/04/02,9.58,9.86,9.31,9.56,7463520,118154320.00
2018/04/03,9.29,9.71,9.28,9.63,5006980,77817528.00
2018/04/04,9.71,9.98,9.56,9.76,7679919,123234064.00
2018/04/09,9.66,9.68,9.18,9.44,5117019,79730576.00
2018/04/10,9.49,9.73,9.33,9.54,4195360,65794064.00
2018/04/11,9.55,10.03,9.41,9.88,7865344,126660432.00
2018/04/12,9.80,10.02,9.68,9.98,6859260,110993896.00
2018/04/13,9.99,10.66,9.89,10.24,14328239,241950464.00
2018/04/16,10.03,10.14,9.75,9.80,6000140,97508872.00
2018/04/17,9.81,9.93,9.03,9.05,4766900,74751608.00
2018/04/18,9.10,9.25,8.49,9.19,5135099,75514384.00
2018/04/19,9.10,9.29,8.96,8.98,3793313,56904084.00
2018/04/20,8.94,9.06,8.52,8.56,3332579,47998144.00
2018/04/23,8.58,8.76,8.49,8.70,2232820,31711220.00
2018/04/24,8.73,8.93,8.68,8.91,2526259,36871516.00
2018/04/25,8.86,8.99,8.81,8.92,2209800,32364126.00
2018/04/26,8.91,8.91,8.49,8.49,2504300,35798936.00
2018/04/27,8.49,9.24,8.49,8.81,4276480,62535652.00
2018/05/02,8.85,9.53,8.80,9.44,7796008,119119656.00
2018/05/03,9.26,9.49,8.95,9.38,6470234,98436240.00
2018/05/04,9.28,9.86,9.21,9.35,6231420,97847824.00
2018/05/07,9.30,9.84,9.23,9.61,5988240,94047760.00
2018/05/08,9.50,10.34,9.50,9.88,8976200,145653824.00
2018/05/09,9.66,10.28,9.62,10.08,9088213,147948448.00
2018/05/10,9.98,10.24,9.88,10.03,7239934,119392160.00
2018/05/11,10.11,10.14,9.61,9.66,5520113,88708480.00
2018/05/14,9.58,9.89,9.58,9.72,3400800,54355284.00
2018/05/15,9.84,10.14,9.84,9.94,6134640,100411896.00
2018/05/16,9.83,10.09,9.55,9.63,4605580,74191272.00
2018/05/17,9.52,10.44,9.52,10.10,9794417,161831760.00
2018/05/18,10.00,10.10,9.82,9.96,5726080,93583528.00
2018/05/21,10.01,10.20,9.91,10.05,5007200,82437680.00
2018/05/22,10.00,10.19,9.83,10.16,5305000,87080280.00
2018/05/23,10.06,10.29,9.94,9.96,5611813,93311744.00
2018/05/24,9.85,10.01,9.74,9.81,3254964,52662396.00
2018/05/25,9.81,10.42,9.81,10.16,9034227,150630592.00
2018/05/28,10.12,10.21,9.74,10.09,5555260,90914680.00
2018/05/29,9.92,10.61,9.92,10.29,9276832,156573056.00
2018/05/30,9.93,10.09,9.24,9.24,6755940,105150872.00
2018/05/31,9.28,9.53,9.13,9.32,4598452,70742568.00
2018/06/01,9.20,9.42,8.55,8.83,5118012,75887200.00
2018/06/04,8.95,8.95,8.73,8.82,2372887,34646044.00
2018/06/05,8.86,9.23,8.66,9.14,3251406,48284344.00
2018/06/06,9.06,9.44,9.06,9.26,3426680,51940276.00
2018/06/07,9.30,9.36,9.04,9.08,2694260,40723860.00
2018/06/08,9.08,9.08,8.69,8.90,2432819,35450376.00
2018/06/11,9.03,9.25,8.89,9.08,2770920,41483756.00
2018/06/12,9.05,9.29,8.84,9.24,3216654,48478216.00
2018/06/13,9.14,9.23,8.86,8.88,2716280,40473872.00
2018/06/14,8.77,9.06,8.74,8.91,1577754,23174308.00
2018/06/15,8.96,8.97,8.41,8.52,2636235,37437504.00
2018/06/19,8.49,8.49,7.64,7.64,2880974,37419808.00
2018/06/20,7.86,7.93,7.60,7.81,2245340,28873900.00
2018/06/21,7.81,7.81,7.00,7.10,3533800,43112304.00
2018/06/22,7.05,7.37,6.70,7.28,2431420,28904646.00
2018/06/25,7.43,8.03,7.28,8.03,6596617,86621480.00
2018/06/26,8.00,8.06,7.68,7.88,6350257,81963000.00
2018/06/27,7.84,7.87,7.63,7.78,3547180,45269680.00
2018/06/28,7.76,7.79,7.38,7.44,3722840,46336936.00
2018/06/29,7.35,7.82,7.35,7.71,3576420,45178260.00
2018/07/02,7.69,7.85,7.56,7.65,3323319,42383328.00
2018/07/03,7.65,7.80,7.58,7.80,2474599,31472270.00
2018/07/04,7.80,7.81,7.46,7.58,2282700,28642624.00
2018/07/05,7.58,7.66,7.14,7.20,2088300,25541996.00
2018/07/06,7.26,7.41,6.96,7.33,2292980,27497712.00
2018/07/09,7.33,7.49,7.28,7.47,1641820,20126928.00
2018/07/10,7.29,7.68,7.27,7.64,3413120,42261656.00
2018/07/11,7.46,7.52,7.18,7.31,2358540,28576802.00
2018/07/12,7.23,7.60,7.23,7.51,2378020,29367638.00
2018/07/13,7.51,7.53,7.30,7.45,1674380,20563252.00
2018/07/16,7.46,7.51,7.39,7.46,1172200,14378962.00
2018/07/17,7.47,8.23,7.41,7.96,8913880,118339488.00
2018/07/18,7.81,7.93,7.61,7.64,6540079,83112752.00
2018/07/19,7.67,7.67,7.27,7.31,3483640,42749020.00
2018/07/20,7.24,7.43,7.24,7.39,1921139,23364122.00
2018/07/23,7.39,8.16,7.30,8.16,8436219,110541600.00
2018/07/24,8.15,8.44,8.06,8.27,11633563,157149632.00
2018/07/25,8.23,8.37,7.98,8.16,8277240,111344288.00
2018/07/26,8.12,8.51,8.03,8.22,10671770,145664288.00
2018/07/27,8.20,8.46,7.98,8.14,7694460,104383048.00
2018/07/30,8.01,8.43,7.78,8.11,6874466,91685880.00
2018/07/31,7.89,8.02,7.64,7.78,4627706,59666656.00
2018/08/01,7.89,7.89,7.56,7.56,2711846,34741948.00
2018/08/02,7.56,7.67,7.02,7.31,3397060,40929520.00
2018/08/03,7.33,7.51,7.27,7.33,1811460,22045006.00
2018/08/06,7.44,7.44,7.03,7.03,1944880,23065776.00
2018/08/07,7.08,7.28,7.04,7.26,2022140,23940736.00
2018/08/08,7.25,7.26,7.03,7.07,1685780,19892240.00
2018/08/09,7.14,7.35,7.07,7.27,1950920,23392356.00
2018/08/10,7.24,7.43,7.23,7.39,1905583,23093820.00
2018/08/13,7.27,7.42,7.16,7.37,1742580,20956966.00
2018/08/14,7.36,7.54,7.28,7.49,2278423,28060486.00
2018/08/15,7.53,7.54,7.25,7.30,1793143,21759990.00
2018/08/16,7.18,7.37,7.02,7.23,1360560,16255338.00
2018/08/17,7.38,7.39,7.05,7.08,1319000,15644705.00
2018/08/20,7.16,7.18,6.80,7.03,1685940,19413432.00
2018/08/21,7.07,7.11,6.99,7.08,1219683,14257147.00
2018/08/22,7.05,7.12,6.86,6.88,1262000,14594044.00
2018/08/23,6.88,7.06,6.88,7.00,1382760,15990693.00
2018/08/24,6.97,7.12,6.94,7.01,1188880,13849083.00
2018/08/27,7.11,7.15,7.03,7.13,1463020,17171222.00
2018/08/28,7.13,7.39,7.03,7.16,2326240,27610364.00
2018/08/29,7.08,7.13,7.02,7.04,1294000,15100860.00
2018/08/30,7.04,7.08,6.96,6.96,1136200,13173082.00
2018/08/31,6.93,7.01,6.88,6.89,843480,9676525.00
2018/09/03,7.06,7.37,7.04,7.04,2263300,26603792.00
2018/09/04,6.84,7.07,6.84,7.03,1682140,19363560.00
2018/09/05,6.97,7.03,6.84,6.84,1396620,15987203.00
2018/09/06,6.78,6.92,6.78,6.82,972400,11012529.00
2018/09/07,6.88,6.91,6.80,6.83,895160,10143153.00
2018/09/10,6.82,6.87,6.51,6.52,1516300,16680896.00
2018/09/11,6.71,6.71,6.43,6.53,893620,9643812.00
2018/09/12,6.53,6.68,6.47,6.61,926100,10118130.00
2018/09/13,6.68,6.71,6.58,6.64,871100,9586524.00
2018/09/14,6.67,6.70,6.53,6.55,801843,8766877.00
2018/09/17,6.61,6.66,6.02,6.21,1488440,15609405.00
2018/09/18,6.23,6.34,6.19,6.33,990960,10327828.00
2018/09/19,6.28,6.46,6.28,6.40,1298720,13778587.00
2018/09/20,6.42,6.46,6.25,6.30,1337600,14055760.00
2018/09/21,6.28,6.38,6.28,6.36,1295060,13611187.00
2018/09/25,6.36,6.39,6.30,6.36,902220,9510323.00
2018/09/26,6.34,6.44,6.21,6.36,1271380,13378769.00
2018/09/27,6.42,6.42,6.09,6.09,1701340,17603192.00
2018/09/28,6.08,6.19,6.01,6.13,1103140,11194201.00
2018/10/08,6.13,6.76,5.97,6.76,7874991,86714768.00
2018/10/09,6.64,6.95,6.61,6.67,8836307,98824248.00
2018/10/10,6.46,6.62,6.39,6.54,5551600,59651180.00
2018/10/11,6.20,7.21,6.15,7.21,9239100,104435408.00
2018/10/12,7.96,7.96,7.96,7.96,2775275,36356104.00
2018/10/15,8.78,8.78,7.65,8.05,21294304,291797824.00
2018/10/16,7.58,7.64,7.23,7.23,12607948,153551152.00
2018/10/17,7.04,7.12,6.67,6.81,11111517,126097976.00
2018/10/18,6.81,6.82,6.11,6.11,8287005,87159808.00
2018/10/19,5.89,6.08,5.77,6.03,6269769,61936972.00
2018/10/22,6.03,6.45,6.03,6.38,7481997,77320816.00
2018/10/23,6.31,7.04,6.22,7.04,10255750,113483072.00
2018/10/24,6.98,7.20,6.68,6.69,10722790,122265648.00
2018/10/25,6.39,7.04,6.31,6.89,10220270,113822208.00
2018/10/26,6.83,7.02,6.73,6.80,6927530,78558312.00
2018/10/29,6.68,6.73,6.36,6.45,4296141,46506852.00
2018/10/30,6.35,7.00,6.30,6.63,5089950,55756096.00
2018/10/31,6.61,6.73,6.59,6.62,4047310,44570856.00
2018/11/01,6.74,6.81,6.50,6.51,5070340,55986648.00
2018/11/02,6.64,7.18,6.53,7.18,13239550,152357744.00
2018/11/05,7.14,7.49,7.04,7.36,15111770,181813344.00
2018/11/06,7.25,7.33,7.07,7.18,5746670,67996056.00
2018/11/07,7.16,7.26,7.11,7.24,5158020,61190548.00
2018/11/08,7.26,7.31,7.11,7.12,4200180,49816832.00
2018/11/09,7.11,7.16,6.93,6.95,3878060,44969320.00
2018/11/12,6.98,7.11,6.90,7.11,3636626,42239456.00
2018/11/13,7.02,7.24,6.92,7.18,5276687,61987592.00
2018/11/14,7.13,7.44,7.11,7.17,7315968,87743368.00
2018/11/15,7.09,7.26,7.03,7.25,5641460,66820576.00
2018/11/16,7.26,7.57,7.19,7.41,8842770,107271280.00
2018/11/19,7.29,7.57,7.19,7.51,7640110,92874784.00
2018/11/20,7.38,7.48,7.19,7.21,4649120,56306836.00
2018/11/21,7.12,7.32,7.06,7.22,2899239,34327988.00
2018/11/22,7.24,7.29,7.14,7.18,2345320,27943118.00
2018/11/23,7.15,7.22,6.52,6.54,4129760,46451864.00
2018/11/26,6.49,6.67,6.49,6.63,1940953,21166558.00
2018/11/27,6.63,6.79,6.63,6.73,2176713,24230184.00
2018/11/28,6.73,6.81,6.52,6.75,1935700,21398094.00
2018/11/29,6.81,6.86,6.48,6.50,2046440,22526392.00
2018/11/30,6.51,6.63,6.36,6.58,1786600,19396876.00
2018/12/03,6.74,7.13,6.67,6.88,3423060,38807228.00
2018/12/04,6.86,6.93,6.81,6.88,2309200,26259688.00
2018/12/05,6.74,6.83,6.68,6.74,1869594,20874400.00
2018/12/06,6.79,6.84,6.66,6.66,1647034,18367792.00
2018/12/07,6.68,6.76,6.60,6.64,1123100,12394912.00
2018/12/10,6.57,6.69,6.55,6.58,1032380,11286583.00
2018/12/11,6.66,6.68,6.56,6.62,845400,9267174.00
2018/12/12,6.63,6.74,6.63,6.73,1434290,15896072.00
2018/12/13,6.78,7.01,6.69,6.79,2888164,32625752.00
2018/12/14,6.76,6.94,6.54,6.59,2548700,28564852.00
2018/12/17,6.46,6.66,6.40,6.61,1755094,19024828.00
2018/12/18,6.53,6.63,6.47,6.56,1179600,12820287.00
2018/12/19,6.64,6.66,6.46,6.49,1059880,11491965.00
2018/12/20,6.51,6.60,6.49,6.57,1083620,11768668.00
2018/12/21,6.49,6.62,6.49,6.60,1183500,12868540.00
2018/12/24,6.63,6.80,6.51,6.76,2140821,23773034.00
2018/12/25,6.71,6.71,6.51,6.68,1896979,20753612.00
2018/12/26,6.59,6.84,6.59,6.79,2385521,26656100.00
2018/12/27,6.88,6.92,6.58,6.59,2125000,23772822.00
2018/12/28,6.57,6.71,6.44,6.46,1646380,17784904.00
2019/01/02,6.48,6.54,6.35,6.36,1216280,12991951.00
2019/01/03,6.44,6.49,6.28,6.29,1222060,12919721.00
2019/01/04,6.26,6.44,6.19,6.39,1673860,17651216.00
2019/01/07,6.39,6.54,6.39,6.49,1636755,17589978.00
2019/01/08,6.47,6.55,6.44,6.53,1450868,15647818.00
2019/01/09,6.53,6.72,6.46,6.48,2075240,22572194.00
2019/01/10,6.54,6.56,6.47,6.52,1305660,14083761.00
2019/01/11,6.53,6.70,6.49,6.59,1890680,20632492.00
2019/01/14,6.60,6.60,6.40,6.41,1641060,17612958.00
2019/01/15,6.46,6.54,6.38,6.53,1467560,15712168.00
2019/01/16,6.58,6.63,6.53,6.58,1891960,20623830.00
2019/01/17,6.59,6.59,6.48,6.49,1180520,12741986.00
2019/01/18,6.58,6.58,6.46,6.54,1214500,13094537.00
2019/01/21,6.54,6.61,6.48,6.56,1288940,13948784.00
2019/01/22,6.52,6.54,6.39,6.43,1277220,13670531.00
2019/01/23,6.46,6.47,6.34,6.37,971280,10297478.00
2019/01/24,6.43,6.48,6.36,6.40,1071153,11414738.00
2019/01/25,6.38,6.46,6.25,6.27,1204080,12754264.00
2019/01/28,6.34,6.44,6.24,6.27,1292140,13623807.00
2019/01/29,6.21,6.27,5.95,6.08,1485680,15013159.00
2019/01/30,6.08,6.12,5.89,5.90,1134960,11339631.00
2019/01/31,5.90,6.02,5.77,5.77,1165120,11448628.00
2019/02/01,5.84,5.99,5.84,5.98,776300,7679644.00
2019/02/11,6.03,6.16,5.96,6.15,1022960,10373875.00
2019/02/12,6.17,6.31,6.13,6.23,1325920,13634220.00
2019/02/13,6.27,6.31,6.18,6.28,1389180,14453111.00
2019/02/14,6.34,6.39,6.21,6.28,1409260,14771218.00
2019/02/15,6.31,6.32,6.21,6.26,1440240,15005304.00
2019/02/18,6.33,6.46,6.28,6.46,1799880,19117396.00
2019/02/19,6.53,6.54,6.34,6.45,2181500,23324986.00
2019/02/20,6.48,6.89,6.36,6.64,4480440,48948156.00
2019/02/21,6.55,7.06,6.46,6.94,8195530,91269768.00
2019/02/22,6.78,7.66,6.76,7.66,11220180,135549104.00
2019/02/25,7.89,8.08,7.39,7.74,18766478,238148912.00
2019/02/26,7.57,7.69,7.43,7.46,9381460,116353800.00
2019/02/27,7.33,7.87,7.31,7.53,8933654,111406824.00
2019/02/28,7.55,7.77,7.28,7.29,8044560,99067608.00
2019/03/01,7.31,7.36,7.16,7.24,3324040,39721812.00
2019/03/04,7.24,7.43,7.24,7.33,5314960,64314456.00
2019/03/05,7.24,7.49,7.24,7.46,5116460,62384524.00
2019/03/06,7.52,7.58,7.38,7.51,5373900,66302024.00
2019/03/07,7.49,7.69,7.40,7.61,6971700,86872784.00
2019/03/08,7.33,7.51,7.01,7.04,5658300,68288944.00
2019/03/11,7.06,7.36,7.06,7.36,2968580,35510208.00
2019/03/12,7.43,7.66,7.38,7.52,6157900,76278512.00
2019/03/13,7.51,7.62,7.34,7.34,3919940,48393188.00
2019/03/14,7.31,7.45,7.09,7.14,2899580,34599908.00
2019/03/15,7.14,7.45,7.11,7.19,3421800,41045468.00
2019/03/18,7.23,7.42,7.16,7.42,3296100,39697976.00
2019/03/19,7.44,7.54,7.36,7.54,5281220,65041472.00
2019/03/20,7.52,7.62,7.39,7.58,4292680,53102132.00
2019/03/21,7.58,7.79,7.53,7.56,4639220,58371080.00
2019/03/22,7.58,7.82,7.47,7.78,5330720,67506824.00
2019/03/25,7.68,7.76,7.55,7.71,3448880,43557868.00
2019/03/26,7.74,7.74,7.38,7.54,3334900,41393844.00
2019/03/27,7.75,8.27,7.54,8.14,9274895,121200192.00
2019/03/28,7.91,8.52,7.91,8.38,11010195,149467328.00
2019/03/29,8.26,8.49,8.09,8.38,7050934,96298520.00
2019/04/01,8.38,8.77,8.27,8.56,13301713,185585280.00
2019/04/02,8.55,8.64,8.36,8.46,9442320,131586600.00
2019/04/03,8.36,8.64,8.22,8.52,7767880,107676264.00
2019/04/04,8.57,9.39,8.49,8.94,16253459,237177664.00
2019/04/08,8.97,9.14,8.79,9.05,14147359,208165920.00
2019/04/09,8.96,9.19,8.80,8.94,10101279,148397136.00
2019/04/10,8.78,9.86,8.61,9.86,15163514,230481392.00
2019/04/11,10.01,10.71,9.71,9.71,23601315,395206784.00
2019/04/12,9.41,10.71,9.33,10.71,24321776,398194368.00
2019/04/15,10.64,11.03,10.38,10.64,23367076,409959872.00
2019/04/16,10.64,10.94,10.46,10.79,18933574,330526304.00
2019/04/17,10.94,11.03,9.99,10.71,18976255,330528512.00
2019/04/18,10.60,10.90,10.54,10.59,17374471,304133312.00
2019/04/19,10.59,10.98,10.52,10.59,16666158,291959328.00
2019/04/22,10.61,11.08,10.61,10.69,18815983,331926240.00
2019/04/23,10.39,11.05,9.86,10.60,20628088,358391712.00
2019/04/24,10.61,10.64,10.33,10.33,9656496,165175120.00
2019/04/25,10.41,10.48,9.28,9.28,13708608,222731072.00
2019/04/26,8.89,9.36,8.88,9.25,10621848,159207120.00
2019/04/29,9.30,9.45,8.71,8.84,12115457,180946368.00
2019/04/30,8.98,9.05,8.33,8.77,12044219,171508320.00
2019/05/06,8.57,8.57,7.87,8.21,8178311,108906448.00
2019/05/07,8.33,8.33,7.82,7.96,8667225,114979888.00
2019/05/08,7.77,8.11,7.41,8.01,8090998,103642912.00
2019/05/09,7.84,8.05,7.64,7.64,6035320,77830696.00
2019/05/10,7.73,8.06,7.71,8.03,8047189,104527272.00
2019/05/13,7.94,8.74,7.80,8.41,10799367,146334992.00
2019/05/14,8.17,8.41,8.09,8.14,6510613,88309096.00
2019/05/15,8.24,8.31,8.13,8.25,5076100,68635160.00
2019/05/16,8.19,8.39,8.13,8.19,4912686,66568260.00
2019/05/17,8.24,8.25,7.46,7.62,6637894,85806600.00
2019/05/20,7.63,7.71,6.99,7.39,5709079,69010440.00
2019/05/21,7.47,8.02,7.46,7.86,7272620,93601288.00
2019/05/22,7.99,8.24,7.84,7.90,6028260,79680888.00
2019/05/23,7.94,8.07,7.69,7.76,4500432,58695900.00
2019/05/24,7.97,8.14,7.78,7.93,4682158,61333372.00
2019/05/27,7.95,7.99,7.65,7.98,5091006,65859548.00
2019/05/28,7.87,8.14,7.84,7.84,4291806,56436576.00
2019/05/29,7.79,7.95,7.79,7.86,3239656,41989504.00
2019/05/30,7.88,8.01,7.79,7.87,3075506,39967548.00
2019/05/31,7.95,8.16,7.87,8.06,5074117,67229240.00
2019/06/03,8.03,8.44,8.01,8.31,7265039,98795720.00
2019/06/04,8.24,8.29,7.75,7.87,5490100,72524112.00
2019/06/05,7.89,8.00,7.71,7.71,3167139,41010096.00
2019/06/06,7.71,7.75,7.28,7.39,3601240,44421864.00
2019/06/10,7.46,7.61,7.33,7.48,2423220,29881232.00
2019/06/11,7.51,7.86,7.48,7.84,3786980,48107312.00
2019/06/12,7.86,7.91,7.76,7.81,3246554,41812256.00
2019/06/13,7.86,8.17,7.75,8.01,5301552,69857240.00
2019/06/14,8.02,8.13,7.69,7.69,3945905,51460348.00
2019/06/17,7.75,7.98,7.61,7.73,2998034,38297808.00
2019/06/18,7.68,7.81,7.62,7.70,1862040,23553678.00
2019/06/19,7.83,7.95,7.82,7.83,2816120,36346416.00
2019/06/20,7.81,8.10,7.68,7.99,3666160,47646120.00
2019/06/21,8.06,8.14,7.96,7.97,3658604,48279720.00
2019/06/24,7.96,8.74,7.96,8.61,9808562,135409024.00
2019/06/25,8.41,8.44,8.06,8.14,7185535,96544328.00
2019/06/26,7.93,8.05,7.93,8.01,2956300,38752664.00
2019/06/27,8.02,8.08,7.95,7.98,2783808,36536096.00
2019/06/28,7.98,7.98,7.63,7.71,3197640,40702632.00
2019/07/01,7.83,7.92,7.81,7.88,2796100,36123412.00
2019/07/02,7.94,7.94,7.84,7.93,2834195,36642864.00
2019/07/03,7.93,8.26,7.80,8.16,6636495,88234608.00
2019/07/04,8.16,8.19,7.99,8.14,3722700,49427876.00
2019/07/05,8.08,8.22,7.99,8.17,3415791,45353140.00
2019/07/08,8.14,8.14,7.77,7.77,3206055,41472984.00
2019/07/09,7.75,7.91,7.75,7.84,1695829,21761946.00
2019/07/10,7.79,8.01,7.79,7.86,2198040,28544552.00
2019/07/11,7.89,8.24,7.89,8.14,4281743,56431724.00
2019/07/12,8.36,8.36,8.02,8.06,5784877,77743984.00
2019/07/15,7.98,8.53,7.98,8.38,5939540,80291264.00
2019/07/16,8.34,8.40,8.19,8.29,4552060,61730160.00
2019/07/17,8.23,8.31,8.14,8.16,3800540,51097188.00
2019/07/18,8.16,8.16,7.91,7.99,2775090,36443368.00
2019/07/19,7.99,8.17,7.99,8.05,2454539,32552072.00
2019/07/22,8.05,8.09,7.64,7.66,3593117,45797596.00
2019/07/23,7.61,7.88,7.61,7.83,1985484,25321992.00
2019/07/24,7.93,8.04,7.84,7.99,2434160,31849884.00
2019/07/25,8.01,8.26,8.01,8.16,3873784,51695536.00
2019/07/26,8.11,8.48,8.09,8.34,6622840,90168064.00
2019/07/29,8.41,8.52,8.29,8.48,6202040,85362656.00
2019/07/30,8.43,8.63,8.43,8.46,6397980,89219968.00
2019/07/31,8.43,8.43,8.19,8.21,7606480,103454200.00
2019/08/01,8.30,9.06,8.24,8.52,12201467,172667952.00
2019/08/02,8.23,8.27,7.96,8.18,7797543,104300528.00
2019/08/05,7.99,8.17,7.83,7.84,5257504,68904600.00
2019/08/06,7.60,7.67,7.31,7.45,5445744,67133352.00
2019/08/07,7.52,7.63,7.47,7.51,3477280,43103468.00
2019/08/08,7.51,7.58,7.44,7.48,2764624,34005856.00
2019/08/09,7.55,7.55,7.11,7.20,3972185,47739820.00
2019/08/12,7.19,7.36,7.19,7.36,2154578,25752684.00
2019/08/13,7.32,7.36,7.24,7.26,1739825,20806356.00
2019/08/14,7.36,7.43,7.32,7.36,2018364,24463802.00
2019/08/15,7.19,7.40,7.05,7.40,2627944,31221152.00
2019/08/16,7.40,7.43,7.32,7.35,2070600,25078410.00
2019/08/19,7.43,7.58,7.39,7.55,3354878,41420868.00
2019/08/20,7.66,7.78,7.51,7.59,3526180,44145896.00
2019/08/21,7.55,7.59,7.49,7.50,1859564,22979908.00
2019/08/22,7.50,7.66,7.50,7.58,2589060,32232270.00
2019/08/23,7.61,7.67,7.55,7.59,2203720,27522592.00
2019/08/26,7.31,7.49,7.31,7.42,2367800,28839144.00
2019/08/27,7.42,7.76,7.42,7.58,3250369,40586168.00
2019/08/28,7.64,7.69,7.57,7.60,1749940,21874138.00
2019/08/29,7.58,7.69,7.51,7.54,1928600,23954768.00
2019/08/30,7.61,7.73,7.50,7.53,3042300,38075120.00
2019/09/02,7.48,7.65,7.44,7.62,2985591,37163528.00
2019/09/03,7.62,7.69,7.51,7.66,2770563,34722764.00
2019/09/04,7.67,7.78,7.61,7.69,3342732,42094452.00
2019/09/05,7.72,7.79,7.68,7.75,4194947,53316284.00
2019/09/06,7.76,7.78,7.64,7.72,2524424,31949418.00
2019/09/09,7.79,7.84,7.73,7.81,3282708,41983064.00
2019/09/10,7.81,7.91,7.79,7.88,2766692,35655580.00
2019/09/11,7.93,8.04,7.76,7.77,2971242,38462076.00
2019/09/12,7.82,7.89,7.73,7.83,2080860,26675578.00
2019/09/16,7.84,7.99,7.84,7.91,2893840,37619224.00
2019/09/17,7.93,7.93,7.63,7.69,2618688,33386694.00
2019/09/18,7.69,8.24,7.68,7.93,6867468,90425384.00
2019/09/19,7.94,8.00,7.79,7.96,4049117,52395284.00
2019/09/20,7.98,8.19,7.98,8.16,5680381,75360224.00
2019/09/23,8.09,8.09,7.88,7.99,3440049,44918360.00
2019/09/24,7.98,8.03,7.89,7.91,2572900,33593112.00
2019/09/25,7.90,7.98,7.77,7.77,2535072,32665812.00
2019/09/26,7.78,7.85,7.47,7.51,2685320,33440128.00
2019/09/27,7.49,7.59,7.48,7.54,1557840,19291444.00
2019/09/30,7.54,7.65,7.52,7.53,1216590,15113473.00
2019/10/08,7.56,7.75,7.53,7.68,1846980,23156864.00
2019/10/09,7.66,7.83,7.59,7.83,2070441,26278108.00
2019/10/10,7.84,8.06,7.81,8.04,3874961,50705512.00
2019/10/11,8.04,8.09,7.94,7.99,4139491,54473968.00
2019/10/14,8.06,8.27,8.01,8.21,5302800,71007264.00
2019/10/15,8.17,8.27,8.04,8.19,4062140,54212152.00
2019/10/16,8.20,8.38,8.16,8.26,5621736,76069200.00
2019/10/17,8.40,8.41,7.99,8.04,5509501,73245664.00
2019/10/18,8.04,8.07,7.83,7.89,3517767,45961308.00
2019/10/21,7.79,8.02,7.76,7.94,2578449,33421342.00
2019/10/22,7.95,8.18,7.93,8.14,3600836,47631748.00
2019/10/23,8.20,8.27,8.06,8.11,2807580,37586568.00
2019/10/24,8.11,8.27,8.06,8.10,1992240,26625412.00
2019/10/25,8.14,8.16,7.98,8.16,1884902,24997260.00
2019/10/28,8.11,8.19,7.99,8.14,2498108,33170354.00
2019/10/29,8.13,8.13,7.96,7.98,1572860,20734390.00
2019/10/30,7.91,8.01,7.69,7.77,2254569,28908014.00
2019/10/31,7.77,7.83,7.61,7.73,1460000,18482604.00
2019/11/01,7.71,7.77,7.61,7.71,2239900,28331366.00
2019/11/04,7.69,7.76,7.67,7.70,1515000,19161590.00
2019/11/05,7.69,7.78,7.60,7.76,1523760,19231616.00
2019/11/06,7.78,8.00,7.69,7.93,2997367,38658092.00
2019/11/07,7.93,8.29,7.88,8.11,4723394,62487880.00
2019/11/08,8.11,8.15,8.02,8.05,2553760,33830304.00
2019/11/11,7.96,8.14,7.94,7.98,2896160,38259240.00
2019/11/12,8.08,8.11,7.83,7.99,2376900,31117560.00
2019/11/13,8.01,8.27,7.93,8.22,4786860,64163740.00
2019/11/14,8.22,8.35,8.05,8.23,5466398,73522872.00
2019/11/15,8.21,8.35,8.16,8.20,3299517,44661220.00
2019/11/18,8.21,8.39,8.19,8.36,3225585,43905296.00
2019/11/19,8.40,8.41,8.25,8.31,3513377,47961616.00
2019/11/20,8.25,8.46,8.24,8.36,3047797,41801572.00
2019/11/21,8.25,8.51,8.24,8.44,3659580,50325460.00
2019/11/22,8.44,9.06,8.38,8.61,8077000,114346080.00
2019/11/25,8.43,8.55,7.98,8.13,8010876,107560632.00
2019/11/26,8.07,8.83,8.05,8.59,10667141,149659856.00
2019/11/27,8.48,8.61,8.27,8.43,5840541,81015248.00
2019/11/28,8.38,8.46,8.32,8.36,2490903,34198492.00
2019/11/29,8.36,8.58,8.31,8.53,3330320,46276252.00
2019/12/02,8.53,8.74,8.30,8.63,6150520,86443312.00
2019/12/03,8.59,8.63,8.43,8.63,3271800,45735736.00
2019/12/04,8.58,8.74,8.54,8.73,4354963,61773264.00
2019/12/05,8.73,8.80,8.55,8.68,5291103,75093160.00
2019/12/06,8.68,8.70,8.56,8.64,3295140,46486800.00
2019/12/09,8.69,8.79,8.55,8.74,5026627,71314008.00
2019/12/10,8.71,8.71,8.49,8.62,4228223,59515588.00
2019/12/11,8.61,8.65,8.48,8.50,2867600,40208376.00
2019/12/12,8.50,8.75,8.46,8.64,4400096,62140620.00
2019/12/13,8.72,8.90,8.65,8.85,4705240,67612776.00
2019/12/16,8.90,9.73,8.87,9.44,8439834,129382768.00
2019/12/17,9.39,10.40,9.35,10.40,8793879,143858784.00
2019/12/18,10.44,10.71,10.19,10.67,8261157,141400128.00
2019/12/19,10.86,10.86,10.34,10.58,5232872,90138664.00
2019/12/20,10.57,10.78,10.37,10.53,5307509,91572304.00
2019/12/23,10.79,11.43,10.66,11.22,7571000,136842320.00
2019/12/24,11.11,12.11,11.11,12.11,10237335,193114592.00
2019/12/25,11.86,12.30,11.80,11.80,6558138,127539656.00
2019/12/26,11.85,12.08,11.55,11.90,5332580,102319040.00
2019/12/27,11.93,12.36,11.55,11.98,7583060,148297056.00
2019/12/30,11.96,12.11,11.68,11.99,9029591,174761232.00
2019/12/31,11.99,11.99,11.41,11.55,6492935,122223704.00
2020/01/02,11.59,11.77,11.42,11.71,4678571,88159016.00
2020/01/03,11.71,11.76,11.49,11.60,3178220,60021004.00
2020/01/06,11.66,12.28,11.58,12.28,5508295,107826672.00
2020/01/07,12.39,12.49,11.74,12.04,4274647,84178096.00
2020/01/08,12.08,12.16,11.74,11.76,3526450,68081632.00
2020/01/09,12.04,12.30,11.82,11.98,8823637,172776080.00
2020/01/10,12.18,13.19,12.18,13.19,5113684,108636408.00
2020/01/13,13.43,13.81,12.99,13.79,7879204,172565632.00
2020/01/14,13.57,13.86,13.51,13.73,3312980,73430368.00
2020/01/15,13.87,14.23,12.99,13.34,7889860,173792064.00
2020/01/16,13.34,13.55,12.83,13.04,3687503,78230944.00
2020/01/17,13.23,13.42,12.98,13.04,2723500,58175120.00
2020/01/20,13.21,13.36,12.83,13.02,3829324,80780072.00
2020/01/21,13.01,13.54,12.61,12.93,5260200,110022776.00
2020/01/22,12.93,13.08,12.73,13.04,2449500,51250488.00
2020/01/23,13.24,13.29,12.63,12.93,3795100,78963136.00
2020/02/03,11.68,11.93,11.61,11.68,8942734,169525296.00
2020/02/04,11.10,12.51,11.10,12.46,3777740,75346384.00
2020/02/05,12.41,13.30,12.41,12.89,2503023,52786316.00
2020/02/06,12.64,13.17,12.61,12.92,4195160,87576680.00
2020/02/07,12.83,12.95,12.57,12.68,2404200,49718956.00
2020/02/10,12.68,13.09,12.68,12.86,2593145,54476972.00
2020/02/11,12.86,13.30,12.66,12.96,2950763,61550780.00
2020/02/12,13.11,14.10,12.93,13.89,3790413,83095784.00
2020/02/13,13.67,14.52,13.67,14.19,4142018,95624368.00
2020/02/14,14.12,14.48,13.61,13.69,2334194,52934344.00
2020/02/17,13.86,13.86,13.30,13.50,2943556,64330720.00
2020/02/18,13.50,13.60,13.30,13.50,2835840,61716332.00
2020/02/19,13.54,13.57,13.11,13.12,2723650,58837756.00
2020/02/20,13.14,13.39,13.08,13.20,2443980,52477712.00
2020/02/21,13.24,13.61,13.06,13.36,3234800,69938008.00
2020/02/24,13.26,13.47,12.93,13.14,4038360,86342016.00
2020/02/25,12.95,13.09,12.30,12.98,2709960,56570584.00
2020/02/26,13.08,13.23,12.81,12.83,2491760,52711496.00
2020/02/27,12.84,13.18,12.64,12.89,1820381,38194496.00
2020/02/28,12.85,12.85,12.17,12.30,3246640,65521644.00
2020/03/02,12.32,13.54,12.32,13.52,4123914,88324952.00
2020/03/03,13.76,13.77,13.37,13.54,3537300,77947056.00
2020/03/04,13.67,14.36,13.48,14.06,4189407,95406600.00
2020/03/05,13.86,14.94,13.86,14.66,4533999,107096840.00
2020/03/06,14.68,14.89,14.18,14.81,2748661,65550472.00
2020/03/09,14.61,14.89,13.93,14.19,4162449,97889032.00
2020/03/10,14.41,14.61,13.93,14.48,2850280,66451452.00
2020/03/11,14.51,15.02,13.98,14.03,3319258,77268024.00
2020/03/12,14.05,14.18,13.39,13.58,2974548,65433220.00
2020/03/13,13.11,13.67,12.69,13.60,2102768,44804104.00
2020/03/16,14.02,14.35,13.33,13.46,3275180,74121856.00
2020/03/17,13.58,14.30,12.81,14.18,3206821,70338472.00
2020/03/18,14.24,14.61,13.83,14.08,3061842,70336328.00
2020/03/19,14.18,14.74,13.78,14.57,8301288,189298272.00
2020/03/20,14.80,16.04,14.80,16.04,7893148,200368048.00
2020/03/23,15.61,16.30,15.11,15.15,11239603,283880256.00
2020/03/24,15.22,15.93,14.99,15.46,5386500,134465664.00
2020/03/25,16.05,17.03,15.39,17.03,10666556,282557024.00
2020/03/26,17.16,17.16,16.35,16.46,8688060,232629904.00
2020/03/27,16.61,17.01,16.24,16.60,7475087,200712080.00
2020/03/30,16.36,16.45,15.43,15.86,5642080,145978640.00
2020/03/31,16.05,16.99,15.93,16.48,5370300,143068400.00
2020/04/01,16.42,16.42,15.55,16.05,4214660,110029968.00
2020/04/02,16.01,17.68,15.93,17.68,8720100,242460160.00
2020/04/03,18.44,19.46,18.05,19.46,5984461,184404432.00
2020/04/07,20.35,21.43,19.66,21.43,9144597,306540224.00
2020/04/08,21.98,22.56,19.27,19.80,17192772,557782592.00
2020/04/09,19.18,19.53,17.80,18.55,12651600,370833088.00
2020/04/10,17.83,18.24,17.24,17.84,8573420,245907088.00
2020/04/13,17.61,18.18,16.88,16.96,6739055,190666064.00
2020/04/14,17.23,17.29,16.14,16.63,6817216,181965888.00
2020/04/15,16.61,16.65,16.05,16.24,5023300,132456248.00
2020/04/16,16.09,16.49,15.94,16.23,4324580,113543632.00
2020/04/17,16.27,16.38,16.02,16.03,3281940,85736088.00
2020/04/20,16.09,16.85,15.86,16.71,8656578,227782384.00
2020/04/21,16.49,16.94,16.40,16.76,5529080,149326960.00
2020/04/22,16.63,16.93,16.49,16.77,4403500,119440032.00
2020/04/23,16.70,16.93,15.68,15.96,8734482,229931520.00
2020/04/24,16.04,16.21,14.34,14.34,9884262,242617456.00
2020/04/27,13.83,14.02,12.89,12.89,5659620,120636456.00
2020/04/28,11.58,12.00,11.58,11.58,17920858,338293472.00
2020/04/29,11.18,11.21,10.41,10.41,15871312,276474816.00
2020/04/30,10.40,10.59,10.29,10.42,9849032,168291344.00
2020/05/06,10.33,10.61,10.06,10.55,8935464,151891600.00
2020/05/07,10.67,10.68,10.21,10.31,8475574,143636704.00
2020/05/08,10.36,10.54,10.28,10.53,8047957,136798176.00
2020/05/11,10.58,11.03,10.46,10.83,11446428,200857696.00
2020/05/12,10.75,11.04,10.73,10.88,9779342,173855424.00
2020/05/13,10.81,10.88,10.61,10.68,5491550,95846328.00
2020/05/14,10.76,10.81,10.39,10.39,5150255,88293096.00
2020/05/15,10.37,10.58,10.36,10.43,3982020,67881632.00
2020/05/18,10.36,10.41,10.11,10.24,4546921,76040904.00
2020/05/19,10.34,10.39,10.06,10.24,4385012,73094832.00
2020/05/20,10.24,10.37,10.13,10.29,3770570,63065208.00
2020/05/21,10.26,10.35,9.87,10.23,6180265,101589464.00
2020/05/22,10.09,10.23,9.84,10.15,5792633,94668960.00
2020/05/25,10.05,10.16,9.94,10.08,2703400,44201996.00
2020/05/26,10.11,10.16,10.01,10.12,3070524,50474816.00
2020/05/27,10.08,10.14,10.01,10.08,2385466,39220724.00
2020/05/28,10.07,10.07,9.86,9.90,2298996,37320932.00
2020/05/29,9.91,10.01,9.79,9.89,2530798,41001340.00
2020/06/01,10.01,10.54,9.92,10.50,6528408,109197144.00
2020/06/02,10.57,10.68,10.25,10.32,6663846,112129040.00
2020/06/03,10.41,10.43,10.26,10.33,5835854,97637552.00
2020/06/04,10.44,10.54,10.31,10.53,6684405,112392960.00
2020/06/05,10.50,10.60,10.34,10.51,5535913,93691784.00
2020/06/08,10.56,10.67,10.43,10.51,3862585,65747172.00
2020/06/09,10.53,10.53,10.41,10.44,2656940,44908008.00
2020/06/10,10.48,10.66,10.39,10.54,3881394,66028664.00
2020/06/11,10.57,10.58,10.41,10.44,3061380,51948968.00
2020/06/12,10.29,10.54,10.17,10.51,3044908,51282680.00
2020/06/15,10.53,10.53,10.38,10.41,3406000,57685228.00
2020/06/16,10.47,10.55,10.41,10.54,2922879,49449924.00
2020/06/17,10.54,11.12,10.46,10.88,8389743,147603824.00
2020/06/18,10.92,10.92,10.68,10.78,4073145,70750352.00
2020/06/19,10.78,10.80,10.61,10.64,3081334,53146772.00
2020/06/22,10.57,10.68,10.51,10.59,2441367,41831340.00
2020/06/23,10.53,10.60,10.47,10.48,2443186,41598248.00
2020/06/24,10.50,10.59,10.39,10.51,2138104,36246608.00
2020/06/29,10.55,10.57,10.31,10.33,2089963,35100980.00
2020/06/30,10.38,10.39,10.26,10.32,2102666,35072740.00
2020/07/01,10.31,10.31,9.99,10.19,2870319,47352996.00
2020/07/02,10.21,10.33,10.08,10.33,3000015,49803440.00
2020/07/03,10.31,10.39,10.24,10.38,2941685,49210012.00
2020/07/06,10.44,10.73,10.41,10.68,6108488,104608976.00
2020/07/07,10.76,10.99,10.58,10.85,8076033,141226400.00
2020/07/08,10.90,11.95,10.86,11.95,7968072,149206704.00
2020/07/09,12.74,13.16,12.51,13.16,21483723,450249184.00
2020/07/10,12.82,13.16,12.62,12.88,12562070,260057136.00
2020/07/13,12.69,14.13,12.69,13.60,15337010,330679584.00
2020/07/14,13.33,13.57,12.81,13.06,11353658,241218208.00
2020/07/15,13.09,13.74,12.94,12.96,10470830,224965632.00
2020/07/16,12.72,12.87,11.65,11.65,12288979,241028416.00
2020/07/17,11.32,11.51,10.60,10.74,9993753,176307584.00
2020/07/20,10.76,11.05,10.63,11.03,6238858,109324752.00
2020/07/21,11.02,11.12,10.79,10.89,4137714,73103008.00
2020/07/22,10.93,11.11,10.83,11.02,4757862,84634224.00
2020/07/23,10.86,10.91,10.37,10.73,5770348,99512360.00
2020/07/24,10.68,10.88,10.22,10.36,5229351,89443248.00
2020/07/27,10.36,10.46,10.02,10.14,3624973,59666088.00
2020/07/28,10.18,10.38,10.18,10.31,2817715,46894444.00
2020/07/29,10.36,10.49,10.14,10.48,3599796,60315720.00
2020/07/30,10.49,10.92,10.41,10.74,5277541,91260992.00
2020/07/31,10.74,10.80,10.54,10.70,3632021,62710212.00
2020/08/03,10.71,11.08,10.70,11.06,4766617,84495296.00
2020/08/04,11.12,11.35,10.93,10.94,4475656,79987568.00
2020/08/05,10.94,10.94,10.66,10.83,3440767,59968796.00
2020/08/06,10.84,10.93,10.51,10.71,3361484,58039108.00
2020/08/07,10.74,10.74,10.29,10.43,3384032,57292428.00
2020/08/10,10.48,10.69,10.30,10.63,3235015,55230052.00
2020/08/11,10.66,10.73,10.36,10.37,2848918,48588652.00
2020/08/12,10.43,10.54,10.19,10.54,3012087,50298672.00
2020/08/13,10.61,10.74,10.51,10.54,2771281,47614268.00
2020/08/14,10.51,10.60,10.38,10.58,2309124,39200756.00
2020/08/17,10.68,11.63,10.64,11.32,8827909,158977600.00
2020/08/18,11.27,11.41,11.03,11.09,6946827,125559528.00
2020/08/19,11.09,11.74,10.96,11.58,10025191,185406256.00
2020/08/20,11.43,11.56,11.21,11.38,5299197,97322880.00
2020/08/21,11.43,11.87,11.35,11.59,7113464,133599304.00
2020/08/24,11.57,11.57,11.14,11.23,4987353,91194744.00
2020/08/25,11.24,11.26,10.97,11.00,3961359,70886136.00
2020/08/26,10.95,11.09,10.58,10.62,4046343,70695672.00
2020/08/27,10.62,10.78,10.48,10.78,2458818,42305852.00
2020/08/28,10.80,10.89,10.59,10.82,2408046,41820480.00
2020/08/31,10.89,11.09,10.81,10.86,2450217,43440268.00
2020/09/01,10.84,10.85,10.64,10.72,2036739,35257544.00
2020/09/02,10.73,10.77,10.54,10.72,2262910,39033616.00
2020/09/03,10.71,10.72,10.54,10.58,1777531,30471292.00
2020/09/04,10.39,10.72,10.34,10.66,1875156,32009362.00
2020/09/07,10.67,10.83,10.51,10.55,1959999,33743268.00
2020/09/08,10.55,10.63,10.39,10.57,1999270,33909848.00
2020/09/09,10.48,10.55,10.23,10.26,2646639,44409232.00
2020/09/10,10.29,10.43,9.77,9.78,2800127,45568328.00
2020/09/11,9.72,10.13,9.69,10.13,1646178,26167402.00
2020/09/14,10.08,10.18,10.01,10.06,1205695,19682334.00
2020/09/15,10.08,10.08,9.89,9.96,1230006,19829590.00
2020/09/16,9.96,10.09,9.88,9.94,1186284,19147352.00
2020/09/17,10.00,10.00,9.76,9.82,1634447,26018144.00
2020/09/18,9.78,10.07,9.78,10.02,1495222,24069464.00
2020/09/21,10.04,10.11,9.90,10.02,1224972,19878262.00
2020/09/22,10.00,10.00,9.82,9.83,1063600,17023822.00
2020/09/23,9.88,9.93,9.81,9.87,927190,14789999.00
2020/09/24,9.82,9.83,9.56,9.56,1650337,25837450.00
2020/09/25,9.56,9.65,9.26,9.29,1644100,25051152.00
2020/09/28,9.29,9.41,9.09,9.13,1105263,16540604.00
2020/09/29,9.16,9.29,9.12,9.21,882671,13191176.00
2020/09/30,9.21,9.30,9.05,9.20,1200500,17879354.00
2020/10/09,9.29,9.46,9.29,9.41,1093899,16660326.00
2020/10/12,9.45,9.65,9.45,9.64,1446041,22450476.00
2020/10/13,9.64,9.64,9.44,9.58,1325937,20463178.00
2020/10/14,9.63,9.63,9.45,9.48,996613,15339433.00
2020/10/15,9.49,9.51,9.37,9.37,819300,12491141.00
2020/10/16,9.35,9.45,9.31,9.41,718968,10928281.00
2020/10/19,9.48,9.56,9.26,9.32,1396066,21171670.00
2020/10/20,9.31,9.41,9.20,9.41,1927646,29001686.00
2020/10/21,9.41,9.41,9.14,9.24,1746700,26224264.00
2020/10/22,9.32,9.62,9.14,9.54,3714965,56855348.00
2020/10/23,9.49,9.53,9.21,9.29,2081981,31614236.00
2020/10/26,9.26,9.26,8.99,9.14,1687599,24997200.00
2020/10/27,9.14,9.27,9.14,9.26,1098447,16389659.00
2020/10/28,9.21,9.22,9.04,9.12,1194500,17646776.00
2020/10/29,9.03,9.04,8.88,8.90,1907253,27709594.00
2020/10/30,8.88,8.96,8.37,8.43,2823100,39492796.00
2020/11/02,8.43,8.53,8.33,8.43,1120247,15299450.00
2020/11/03,8.58,8.68,8.46,8.63,1414124,19760364.00
2020/11/04,8.67,8.91,8.61,8.81,2023277,28808438.00
2020/11/05,8.85,9.22,8.81,9.16,2944076,43150560.00
2020/11/06,9.17,9.26,9.03,9.08,1768374,26103098.00
2020/11/09,9.09,9.18,9.08,9.13,1832108,27104962.00
2020/11/10,9.19,9.43,9.08,9.31,2392709,35977768.00
2020/11/11,9.27,9.34,9.18,9.23,1547257,23168812.00
2020/11/12,9.31,9.40,9.18,9.34,1802520,27182744.00
2020/11/13,9.33,9.43,9.32,9.38,1584210,24060872.00
2020/11/16,9.41,9.53,9.34,9.49,1799070,27522344.00
2020/11/17,9.49,9.63,9.44,9.49,1824400,28138236.00
2020/11/18,9.49,9.64,9.48,9.64,1929336,29964752.00
2020/11/19,9.63,9.68,9.41,9.56,2169382,33534988.00
2020/11/20,9.57,9.61,9.44,9.60,1223100,18904664.00
2020/11/23,9.57,9.59,9.38,9.39,1881070,28858038.00
2020/11/24,9.38,9.44,9.23,9.27,1498360,22553582.00
2020/11/25,9.27,9.35,9.08,9.08,1264000,18856780.00
2020/11/26,9.11,9.11,8.91,8.98,1021862,14901922.00
2020/11/27,9.02,9.04,8.77,8.93,893874,12874116.00
2020/11/30,8.94,9.04,8.94,8.98,838374,12214206.00
2020/12/01,8.97,9.03,8.89,9.01,1058162,15379042.00
2020/12/02,8.93,9.44,8.93,9.27,2469206,36888244.00
2020/12/03,9.26,9.26,9.14,9.18,894268,13309645.00
2020/12/04,9.19,9.25,9.11,9.23,870374,12979338.00
2020/12/07,9.21,9.34,9.19,9.22,1046000,15715122.00
2020/12/08,9.22,9.23,9.05,9.12,921339,13638682.00
2020/12/09,9.16,9.17,8.81,8.81,1230500,17802396.00
2020/12/10,8.79,9.01,8.73,8.97,773300,11129724.00
2020/12/11,8.96,8.96,8.70,8.76,823291,11749150.00
2020/12/14,8.73,8.84,8.66,8.84,531200,7551084.00
2020/12/15,8.80,8.83,8.71,8.78,421000,5985154.00
2020/12/16,8.88,8.88,8.58,8.58,880600,12369707.00
2020/12/17,8.61,8.62,8.36,8.53,921677,12644485.00
2020/12/18,8.53,8.58,8.42,8.53,559481,7715314.00
2020/12/21,8.46,8.59,8.33,8.51,878020,12029946.00
2020/12/22,8.49,8.49,8.13,8.13,1456845,19527914.00
2020/12/23,8.13,8.16,7.94,8.04,906405,11859840.00
2020/12/24,8.04,8.07,7.76,7.81,1270600,16285671.00
2020/12/25,7.77,7.91,7.73,7.87,933100,11873108.00
2020/12/28,7.87,7.88,7.56,7.66,1011057,12626561.00
2020/12/29,7.69,8.11,7.59,7.98,1979657,25465676.00
2020/12/30,7.98,8.28,7.83,8.23,1731600,22836342.00
2020/12/31,8.21,8.47,8.21,8.47,1400673,19059142.00
2021/01/04,8.51,8.66,8.30,8.33,1383365,18832116.00
2021/01/05,8.33,8.45,8.24,8.30,709440,9593668.00
2021/01/06,8.27,8.38,8.06,8.08,938200,12422815.00
2021/01/07,8.08,8.08,7.77,7.80,996134,12712494.00
2021/01/08,7.79,8.23,7.63,8.14,1369034,17784342.00
2021/01/11,8.15,8.15,7.88,7.89,996400,12846771.00
2021/01/12,7.87,8.30,7.87,8.08,1189136,15690418.00
2021/01/13,8.09,8.10,7.88,7.94,788147,10155760.00
2021/01/14,7.89,8.06,7.84,7.94,884360,11403422.00
2021/01/15,7.94,8.07,7.93,7.97,710967,9230180.00
2021/01/18,7.94,8.23,7.94,8.16,1139950,14985110.00
2021/01/19,8.18,8.45,8.06,8.33,1844811,24856512.00
2021/01/20,8.33,8.33,8.13,8.18,820360,10899005.00
2021/01/21,8.26,8.31,8.01,8.18,1081400,14424667.00
2021/01/22,8.14,8.32,7.97,8.31,1408860,18710498.00
2021/01/25,8.26,8.34,8.08,8.15,931831,12370811.00
2021/01/26,8.15,8.20,7.89,7.95,770139,10020572.00
2021/01/27,7.94,8.13,7.88,8.04,663910,8658181.00
2021/01/28,7.98,8.03,7.90,7.94,571760,7375923.00
2021/01/29,8.01,8.28,7.93,8.18,1495426,19696462.00
2021/02/01,8.21,8.56,8.10,8.46,1852729,25266000.00
2021/02/02,8.51,8.52,8.29,8.44,1064701,14480266.00
2021/02/03,8.36,8.49,8.31,8.36,713541,9704142.00
2021/02/04,8.28,8.59,8.28,8.59,1509682,20701080.00
2021/02/05,8.61,8.88,8.01,8.38,2315537,32632706.00
2021/02/08,8.32,8.38,8.01,8.23,1486169,19650218.00
2021/02/09,9.06,9.06,9.06,9.06,807074,11855917.00
2021/02/10,9.94,9.97,9.18,9.34,14938446,232161920.00
2021/02/18,9.33,10.29,9.14,10.29,11925452,189524928.00
2021/02/19,10.36,11.05,9.93,10.69,14665321,249037200.00
2021/02/22,10.46,10.59,10.26,10.48,8475901,142875392.00
2021/02/23,10.48,10.59,9.82,10.01,7351672,120049464.00
2021/02/24,9.89,10.65,9.80,10.36,8174660,134730208.00
2021/02/25,10.26,11.17,10.08,10.40,10668646,181589984.00
2021/02/26,10.29,10.82,10.02,10.46,8273238,138399936.00
2021/03/01,10.50,10.81,10.29,10.54,9333634,159047072.00
2021/03/02,10.58,10.85,10.21,10.30,7517984,126830496.00
2021/03/03,10.23,10.23,9.89,10.13,5324850,86643768.00
2021/03/04,10.01,10.11,9.58,9.66,5848031,92927720.00
2021/03/05,9.63,9.93,9.41,9.88,5669123,88953584.00
2021/03/08,9.79,10.28,9.70,10.07,5904044,95200560.00
2021/03/09,9.95,10.61,9.76,10.03,9180554,151257968.00
2021/03/10,10.07,10.26,9.35,9.51,8392359,132550656.00
2021/03/11,9.35,9.80,9.35,9.69,5359779,83266344.00
2021/03/12,9.67,9.69,9.39,9.63,3084997,47631700.00
2021/03/15,9.44,9.56,9.31,9.40,3160881,48261344.00
2021/03/16,9.41,9.81,9.36,9.80,4975385,77528040.00
2021/03/17,9.74,10.79,9.53,10.79,13792973,230930736.00
2021/03/18,10.76,10.96,10.41,10.51,17274690,299116192.00
2021/03/19,10.51,11.11,10.38,10.98,15136835,264518176.00
2021/03/22,10.81,11.06,10.67,10.98,9934653,175021584.00
2021/03/23,10.86,10.86,10.32,10.63,8275220,141408656.00
2021/03/24,10.84,10.84,9.56,9.56,13528202,216524704.00
2021/03/25,9.16,9.51,8.94,9.06,7953101,119028344.00
2021/03/26,9.07,9.98,9.04,9.98,12357997,194270192.00
2021/03/29,10.19,10.99,9.96,10.99,19571850,339228320.00
2021/03/30,11.04,11.94,10.44,10.78,37307548,415784480.00
2021/03/31,11.04,11.86,10.24,11.86,35794800,402708896.00
2021/04/01,11.75,12.68,11.08,11.22,41277443,492289088.00
2021/04/02,10.91,11.29,10.10,10.10,36327700,379360160.00
2021/04/06,9.84,9.86,9.48,9.79,24924784,241868768.00
2021/04/07,9.73,10.17,9.61,10.08,20946624,206706624.00
2021/04/08,9.98,10.08,9.78,9.83,13516812,133733632.00
2021/04/09,9.69,9.82,9.60,9.76,9375915,91095296.00
2021/04/12,9.77,9.82,9.62,9.66,8026103,77932272.00
2021/04/13,9.63,9.63,8.70,8.91,15523961,140857824.00
2021/04/14,8.78,9.24,8.72,9.06,8889224,80242944.00
2021/04/15,8.92,9.00,8.79,8.91,6510004,57945332.00
2021/04/16,8.86,9.27,8.78,9.13,7871323,71237456.00
2021/04/19,9.09,9.21,9.06,9.12,6211040,56808804.00
2021/04/20,9.08,9.15,8.94,8.97,6830000,61738924.00
2021/04/21,8.97,9.07,8.87,9.06,4640616,41786220.00
2021/04/22,9.06,9.08,8.80,8.85,5888515,52592640.00
2021/04/23,8.84,9.34,8.71,9.32,14328966,130972536.00
2021/04/26,9.18,9.26,9.08,9.22,8522221,78083328.00
2021/04/27,9.21,9.48,9.01,9.07,6519840,60014240.00
2021/04/28,8.94,8.95,8.74,8.79,6056837,53563116.00
2021/04/29,8.75,8.86,8.68,8.68,3953840,34662144.00
2021/04/30,8.63,8.68,8.26,8.33,6628572,55816324.00
2021/05/06,8.40,8.43,8.26,8.33,2629798,21968442.00
2021/05/07,8.33,8.36,8.22,8.23,3202624,26592822.00
2021/05/10,8.23,8.28,8.05,8.08,3940793,32024240.00
2021/05/11,8.06,8.19,8.03,8.19,2919959,23821282.00
2021/05/12,8.19,8.28,8.09,8.27,3053339,25091722.00
2021/05/13,8.18,8.30,8.16,8.18,2877696,23708972.00
2021/05/14,8.19,8.34,8.19,8.30,3354890,27807696.00
2021/05/17,8.30,8.31,8.13,8.17,3046484,24975654.00
2021/05/18,8.17,8.38,8.13,8.38,3530095,29271528.00
2021/05/19,8.39,8.40,8.23,8.24,3182335,26386502.00
2021/05/20,8.23,8.42,8.13,8.39,4083580,33800220.00
2021/05/21,8.35,8.35,8.21,8.25,2944216,24388242.00
2021/05/24,8.23,8.29,8.22,8.25,1750336,14472286.00
2021/05/25,8.26,8.32,8.20,8.31,2364870,19572164.00
2021/05/26,8.30,8.36,8.26,8.32,2608075,21754076.00
2021/05/27,8.35,8.37,8.28,8.33,2372763,19786150.00
2021/05/28,8.33,8.35,8.20,8.29,2847637,23582474.00
2021/05/31,8.31,8.31,8.22,8.30,2522332,20908602.00
2021/06/01,8.29,8.37,8.22,8.33,3505912,29197108.00
2021/06/02,8.31,8.31,8.14,8.23,3648074,30013884.00
2021/06/03,8.16,8.22,8.16,8.21,2475740,20305946.00
2021/06/04,8.19,8.19,8.11,8.12,2350320,19171794.00
2021/06/07,8.14,8.16,8.10,8.13,1587900,12933104.00
2021/06/08,8.16,8.31,8.11,8.22,3305739,27189386.00
2021/06/09,8.31,8.31,8.21,8.24,2075435,17156678.00
2021/06/10,8.22,8.24,8.16,8.22,2285620,18783850.00
2021/06/11,8.17,8.25,8.16,8.22,2090769,17209078.00
2021/06/15,8.22,8.22,8.11,8.11,2033664,16606043.00
2021/06/16,8.11,8.13,8.04,8.06,1659439,13439840.00
2021/06/17,8.06,8.06,7.74,7.78,4497699,35339968.00
2021/06/18,7.75,7.87,7.73,7.82,2083253,16257433.00
2021/06/21,7.79,7.84,7.79,7.82,1713653,13420601.00
2021/06/22,7.82,7.85,7.71,7.77,2177146,16987414.00
2021/06/23,7.78,8.55,7.75,8.55,6718380,56135312.00
2021/06/24,8.64,9.10,8.55,8.87,22456284,199132064.00
2021/06/25,8.57,8.71,8.45,8.52,10063455,86345376.00
2021/06/28,8.49,8.68,8.38,8.48,6492441,55434368.00
2021/06/29,8.56,9.26,8.30,9.00,13895362,121257864.00
2021/06/30,8.93,8.93,8.72,8.73,8088740,71216824.00
2021/07/01,8.72,8.96,8.49,8.74,7813795,68472128.00
2021/07/02,8.63,8.94,8.57,8.84,7285424,63866064.00
2021/07/05,8.83,8.90,8.69,8.73,5694782,50196736.00
2021/07/06,8.80,8.82,8.48,8.78,5757933,49778840.00
2021/07/07,8.69,8.83,8.64,8.74,3691792,32391758.00
2021/07/08,8.72,8.72,8.52,8.56,3751967,32285418.00
2021/07/09,8.50,8.60,8.43,8.57,2651272,22608676.00
2021/07/12,8.60,8.68,8.49,8.57,3213660,27652410.00
2021/07/13,8.54,8.80,8.48,8.71,5556096,48506560.00
2021/07/14,8.74,8.92,8.59,8.77,5873577,51509184.00
2021/07/15,8.76,8.76,8.54,8.62,4109957,35560680.00
2021/07/16,8.65,8.66,8.48,8.57,3333504,28504564.00
2021/07/19,8.55,8.55,8.18,8.19,4449640,37199348.00
2021/07/20,8.07,8.22,7.99,8.21,1975980,16087086.00
2021/07/21,8.24,8.27,8.14,8.26,2128500,17505112.00
2021/07/22,8.25,8.33,8.15,8.25,1584480,13074750.00
2021/07/23,8.31,8.31,8.06,8.08,2804460,22927260.00
2021/07/26,8.01,8.13,7.85,7.90,2827460,22610810.00
2021/07/27,7.90,7.97,7.84,7.89,1904702,15094568.00
2021/07/28,7.88,7.88,7.48,7.55,2972741,22719792.00
2021/07/29,7.57,7.64,7.52,7.58,3834460,29043776.00
2021/07/30,7.57,7.60,7.48,7.59,2455663,18571842.00
2021/08/02,7.55,7.83,7.50,7.75,3137352,24192062.00
2021/08/03,7.75,7.82,7.71,7.73,2188000,17009186.00
2021/08/04,7.76,7.76,7.63,7.72,1390608,10753133.00
2021/08/05,7.71,7.83,7.58,7.76,3285702,25367340.00
2021/08/06,7.75,7.81,7.63,7.72,2354916,18214128.00
2021/08/09,7.72,7.79,7.63,7.78,2251996,17499192.00
2021/08/10,7.72,7.96,7.72,7.90,3000161,23670850.00
2021/08/11,7.90,7.98,7.84,7.87,1823340,14438076.00
2021/08/12,7.85,7.89,7.80,7.81,1942641,15249034.00
2021/08/13,7.81,7.86,7.72,7.74,1939682,15110045.00
2021/08/16,7.75,7.91,7.74,7.78,1769985,13838742.00
2021/08/17,7.78,7.80,7.58,7.59,2406239,18486758.00
2021/08/18,7.59,7.66,7.54,7.64,1687916,12872794.00
2021/08/19,7.64,7.67,7.59,7.60,1206512,9213262.00
2021/08/20,7.59,7.60,7.48,7.52,1443880,10890720.00
2021/08/23,7.52,7.69,7.52,7.63,1490084,11392287.00
2021/08/24,7.66,7.74,7.63,7.68,1370148,10557327.00
2021/08/25,7.66,7.72,7.61,7.68,1741320,13406576.00
2021/08/26,7.70,7.71,7.54,7.55,1786025,13645068.00
2021/08/27,7.57,7.77,7.50,7.65,2914963,22220800.00
2021/08/30,7.57,7.64,7.50,7.51,2341020,17739658.00
2021/08/31,7.51,7.54,7.40,7.51,2235296,16705084.00
2021/09/01,7.52,7.67,7.45,7.60,3028045,22985332.00
2021/09/02,7.62,7.68,7.55,7.64,1979404,15093576.00
2021/09/03,7.65,7.69,7.59,7.62,1963220,15030223.00
2021/09/06,7.63,7.71,7.58,7.69,1929628,14792933.00
2021/09/07,7.80,7.80,7.67,7.70,2141305,16538732.00
2021/09/08,7.68,7.79,7.66,7.75,2788152,21628348.00
2021/09/09,7.76,7.95,7.74,7.81,3737256,29404862.00
2021/09/10,7.82,7.82,7.69,7.72,2309742,17938878.00
2021/09/13,7.75,7.75,7.66,7.69,1867671,14427989.00
2021/09/14,7.69,7.74,7.59,7.60,1944000,14951688.00
2021/09/15,7.59,7.62,7.54,7.60,1397915,10636362.00
2021/09/16,7.60,7.70,7.58,7.59,1881192,14393735.00
2021/09/17,7.66,7.66,7.44,7.51,2860387,21527266.00
2021/09/22,7.44,7.56,7.42,7.52,1364500,10238829.00
2021/09/23,7.52,7.65,7.50,7.60,1504720,11451473.00
2021/09/24,7.58,7.58,7.48,7.49,1750020,13191151.00
2021/09/27,7.49,7.54,7.40,7.44,1680541,12556270.00
2021/09/28,7.44,7.45,7.39,7.43,1416136,10536797.00
2021/09/29,7.44,7.48,7.13,7.14,2584456,18761284.00
2021/09/30,7.15,7.27,7.15,7.25,1073580,7791635.00
2021/10/08,7.35,7.43,7.24,7.41,1263510,9331562.00
2021/10/11,7.49,7.52,7.38,7.39,1151372,8584200.00
2021/10/12,7.39,7.44,7.25,7.32,1068901,7836377.00
2021/10/13,7.29,7.45,7.29,7.35,902670,6651174.50
2021/10/14,7.36,7.43,7.36,7.40,806280,5984682.50
2021/10/15,7.34,7.44,7.34,7.36,659860,4876694.50
2021/10/18,7.36,7.36,7.27,7.32,982585,7198086.00
2021/10/19,7.32,7.36,7.24,7.26,1205580,8807410.00
2021/10/20,7.26,7.28,7.22,7.23,643116,4672798.50
2021/10/21,7.41,7.41,7.21,7.23,1102472,8020716.00
2021/10/22,7.22,7.23,7.18,7.18,560020,4046664.25
2021/10/25,7.24,7.24,7.18,7.19,555454,4010084.75
2021/10/26,7.23,7.25,7.18,7.25,821932,5933702.50
2021/10/27,7.27,7.27,7.13,7.15,1653854,11860354.00
2021/10/28,7.15,7.19,6.88,6.91,1727476,12061043.00
2021/10/29,6.93,6.98,6.88,6.96,695928,4841269.50
2021/11/01,6.97,7.05,6.90,7.02,654232,4586697.00
2021/11/02,7.00,7.03,6.85,6.91,1286130,8921957.00
2021/11/03,6.91,7.60,6.88,7.28,5077460,37669420.00
2021/11/04,7.18,7.33,7.08,7.11,2997308,21456322.00
2021/11/05,7.12,7.20,7.11,7.13,1198060,8571025.00
2021/11/08,7.12,7.16,7.06,7.15,784262,5601724.50
2021/11/09,7.16,7.19,7.14,7.16,862902,6198201.50
2021/11/10,7.18,7.18,7.09,7.17,810536,5798855.50
2021/11/11,7.19,7.40,7.16,7.37,2689560,19751696.00
2021/11/12,7.33,7.41,7.30,7.36,1347718,9934358.00
2021/11/15,7.37,7.48,7.32,7.45,1563036,11616917.00
2021/11/16,7.44,7.53,7.38,7.39,1254160,9347954.00
2021/11/17,7.41,7.50,7.41,7.45,1127000,8409891.00
2021/11/18,7.46,7.48,7.32,7.32,1579958,11715075.00
2021/11/19,7.38,7.43,7.29,7.40,1044136,7723146.00
2021/11/22,7.39,7.44,7.34,7.43,1028432,7629741.50
2021/11/23,7.48,7.50,7.41,7.45,1190700,8893931.00
2021/11/24,7.47,7.50,7.40,7.43,1295654,9674025.00
2021/11/25,7.43,7.48,7.39,7.44,1103989,8219418.00
2021/11/26,7.44,7.44,7.30,7.32,1321600,9726150.00
2021/11/29,7.25,7.28,7.20,7.22,1254800,9110107.00
2021/11/30,7.24,7.43,7.23,7.31,1674328,12274042.00
2021/12/01,7.32,7.53,7.30,7.53,3634580,27233402.00
2021/12/02,7.50,7.52,7.43,7.45,1861120,13944617.00
2021/12/03,7.48,7.49,7.40,7.46,1056900,7885625.50
2021/12/06,7.45,7.45,7.28,7.28,2222180,16375840.00
2021/12/07,7.33,7.38,7.22,7.26,1401352,10217006.00
2021/12/08,7.26,7.33,7.22,7.29,934240,6827540.00
2021/12/09,7.32,7.40,7.28,7.39,1351529,9968080.00
2021/12/10,7.45,7.65,7.43,7.54,3825960,28937644.00
2021/12/13,7.54,7.63,7.47,7.49,2143140,16152086.00
2021/12/14,7.46,7.53,7.43,7.50,1671140,12536978.00
2021/12/15,7.52,7.52,7.46,7.49,1559540,11702904.00
2021/12/16,7.49,7.52,7.45,7.51,1453956,10922497.00
2021/12/17,7.51,7.52,7.43,7.44,1286508,9616824.00
2021/12/20,7.44,7.50,7.41,7.43,1375740,10277905.00
2021/12/21,7.38,7.54,7.34,7.51,2800380,21056198.00
2021/12/22,7.53,7.62,7.50,7.61,3226140,24530046.00
2021/12/23,7.62,7.65,7.48,7.50,2525864,19046454.00
2021/12/24,7.54,7.54,7.43,7.49,1845528,13853686.00
2021/12/27,7.47,7.74,7.47,7.70,4677933,35838536.00
2021/12/28,7.70,7.77,7.59,7.70,3955040,30555820.00
2021/12/29,7.68,8.06,7.67,7.88,5965760,47115776.00
2021/12/30,7.85,8.00,7.76,7.89,3376061,26649026.00
2021/12/31,7.88,7.95,7.82,7.84,2746537,21648896.00
2022/01/04,7.87,7.96,7.81,7.92,4379428,34708200.00
2022/01/05,7.90,7.94,7.77,7.83,2869272,22509130.00
2022/01/06,7.86,7.88,7.79,7.85,1643940,12926490.00
2022/01/07,7.83,7.89,7.69,7.70,2530060,19756008.00
2022/01/10,7.73,7.90,7.71,7.87,2185568,17146854.00
2022/01/11,7.85,8.08,7.85,7.90,4137780,33053188.00
2022/01/12,7.92,8.01,7.87,7.98,3646760,29137464.00
2022/01/13,7.98,8.02,7.90,7.93,2331760,18591400.00
2022/01/14,7.92,8.05,7.86,8.02,3849920,30713884.00
2022/01/17,8.20,8.26,7.72,7.89,5397355,42874260.00
2022/01/18,7.93,7.94,7.72,7.79,3071920,24004004.00
2022/01/19,7.79,7.89,7.76,7.82,1888536,14817335.00
2022/01/20,7.81,7.86,7.58,7.59,2758732,21245068.00
2022/01/21,7.62,7.72,7.55,7.59,2344938,17862862.00
2022/01/24,7.59,7.61,7.44,7.44,1531180,11498423.00
2022/01/25,7.48,7.48,7.12,7.16,2336788,17017516.00
2022/01/26,7.21,7.28,7.12,7.17,1306099,9418025.00
2022/01/27,7.21,7.21,7.00,7.01,1788000,12661612.00
2022/01/28,7.02,7.14,7.02,7.09,1285860,9144628.00
2022/02/07,7.16,7.21,7.11,7.16,1173400,8433692.00
2022/02/08,7.14,7.27,7.08,7.23,1497760,10842214.00
2022/02/09,7.24,7.37,7.21,7.31,1429948,10465023.00
2022/02/10,7.29,7.32,7.21,7.28,1258305,9157701.00
2022/02/11,7.29,7.29,7.14,7.16,1412900,10182864.00
2022/02/14,7.16,7.23,7.10,7.22,764596,5513002.00
2022/02/15,7.22,7.23,7.10,7.15,1188460,8533126.00
2022/02/16,7.17,7.23,7.14,7.23,1195660,8632026.00
2022/02/17,7.23,7.27,7.19,7.20,1232742,8919182.00
2022/02/18,7.24,7.24,7.14,7.21,1490980,10786692.00
2022/02/21,7.23,7.34,7.18,7.32,1736731,12685517.00
2022/02/22,7.28,7.34,7.22,7.25,1284560,9352322.00
2022/02/23,7.23,7.39,7.22,7.37,1668942,12269074.00
2022/02/24,7.36,7.36,7.05,7.15,2475140,17838924.00
2022/02/25,7.21,7.28,7.15,7.17,1296220,9375895.00
2022/02/28,7.20,7.20,6.95,7.13,1730709,12241092.00
2022/03/01,7.15,7.30,7.11,7.28,2005440,14484164.00
2022/03/02,7.19,7.35,7.19,7.31,1458460,10683404.00
2022/03/03,7.29,7.46,7.29,7.40,1854700,13756553.00
2022/03/04,7.34,7.42,7.28,7.33,1384567,10190167.00
2022/03/07,7.26,7.32,7.22,7.23,1030220,7505253.00
2022/03/08,7.23,7.24,7.09,7.16,1934260,13900678.00
2022/03/09,7.18,7.57,6.87,7.07,4867357,35349396.00
2022/03/10,7.07,7.26,7.04,7.06,3364211,24059162.00
2022/03/11,7.02,7.06,6.72,7.03,2142480,14781948.00
2022/03/14,7.01,7.03,6.83,6.83,1480273,10282597.00
2022/03/15,6.84,6.84,6.49,6.56,2991583,19853770.00
2022/03/16,6.71,7.03,6.51,6.72,2972292,20005138.00
2022/03/17,6.76,6.85,6.70,6.74,2365200,16056563.00
2022/03/18,6.70,6.79,6.70,6.79,1579612,10708064.00
2022/03/21,6.79,7.13,6.75,6.99,3065076,21386912.00
2022/03/22,7.05,7.06,6.91,7.02,1242088,8700237.00
2022/03/23,7.06,7.09,6.99,7.05,1062676,7488415.00
2022/03/24,7.05,7.09,6.97,7.08,1290172,9093798.00
2022/03/25,7.13,7.36,7.06,7.33,4137521,30202028.00
2022/03/28,7.32,7.44,7.18,7.35,2225873,16379046.00
2022/03/29,7.34,7.42,7.29,7.42,2123320,15702381.00
2022/03/30,7.42,7.47,7.35,7.42,2288196,17033886.00
2022/03/31,7.45,7.68,7.36,7.65,3649568,27727044.00
2022/04/01,7.62,7.70,7.56,7.65,3341468,25594446.00
2022/04/06,7.69,8.42,7.64,8.42,10073941,83014464.00
2022/04/07,9.25,9.26,8.48,8.63,41899966,381435296.00
2022/04/08,8.96,9.50,8.08,8.22,33997346,298220384.00
2022/04/11,7.65,8.02,7.44,7.97,21879654,169741744.00
2022/04/12,7.68,8.77,7.60,8.34,32142871,272893312.00
2022/04/13,8.00,8.07,7.50,7.50,14631100,111760272.00
2022/04/14,7.09,7.18,6.75,6.77,21677626,148975904.00
2022/04/15,6.64,6.78,6.59,6.61,9077464,60841680.00
2022/04/18,6.49,6.64,6.49,6.61,4416120,29087306.00
2022/04/19,6.60,6.65,6.50,6.55,4824550,31774946.00
2022/04/20,6.56,6.58,6.31,6.38,6401474,41517612.00
2022/04/21,6.38,6.39,6.10,6.15,5864706,36534284.00
2022/04/22,6.10,6.27,6.03,6.12,3766156,23178970.00
2022/04/25,6.07,6.07,5.58,5.64,4748520,27828760.00
2022/04/26,5.62,5.70,5.42,5.48,4231046,23589878.00
2022/04/27,5.63,5.92,5.42,5.66,5325810,30078796.00
2022/04/28,5.62,5.62,5.33,5.35,4478984,24532516.00
2022/04/29,5.44,5.58,5.38,5.53,3895470,21498424.00
2022/05/05,5.53,5.70,5.46,5.63,3305229,18580770.00
2022/05/06,5.61,5.61,5.45,5.50,2746620,15191375.00
2022/05/09,5.48,5.68,5.45,5.65,2719140,15354198.00
2022/05/10,5.57,5.76,5.53,5.73,2471590,14102409.00
2022/05/11,5.73,5.85,5.69,5.70,3059960,17719900.00
2022/05/12,5.65,5.77,5.63,5.76,2412800,13869522.00
2022/05/13,5.79,5.90,5.75,5.81,2273580,13279016.00
2022/05/16,5.83,5.86,5.74,5.78,1482420,8619995.00
2022/05/17,5.82,5.82,5.64,5.76,1878680,10779524.00
2022/05/18,5.77,5.86,5.72,5.81,2160380,12625056.00
2022/05/19,5.74,5.85,5.70,5.85,2124307,12383216.00
2022/05/20,5.89,5.89,5.81,5.88,1825520,10737301.00
2022/05/23,6.03,6.12,5.94,6.08,3812280,23072056.00
2022/05/24,6.69,6.69,6.69,6.69,3209388,21534994.00
2022/05/25,6.77,6.77,6.08,6.48,15840116,101979456.00
2022/05/26,6.43,6.67,6.19,6.31,9802880,62627396.00
2022/05/27,6.29,6.38,6.12,6.25,7864589,49054084.00
2022/05/30,6.18,6.29,6.09,6.17,4984100,30797342.00
2022/05/31,6.26,6.26,6.03,6.14,3971552,24341906.00
2022/06/01,6.14,6.33,6.10,6.17,5323356,33154322.00
2022/06/02,6.15,6.17,6.02,6.11,3598164,21996914.00
2022/06/06,6.14,6.41,6.11,6.31,7017643,44017380.00
2022/06/07,6.29,6.30,6.05,6.13,5443820,33542802.00
2022/06/08,6.13,6.15,5.96,6.07,3430237,20861736.00
2022/06/09,6.23,6.24,5.96,5.98,3508312,21437768.00
2022/06/10,5.94,6.06,5.90,6.01,2335778,14073802.00
2022/06/13,5.96,6.05,5.94,6.01,1433350,8614790.00
2022/06/14,5.98,6.02,5.88,6.01,2492270,14870677.00
2022/06/15,6.18,6.18,6.03,6.03,3096748,18909664.00
2022/06/16,6.00,6.12,5.98,6.06,2199280,13362838.00
2022/06/17,6.03,6.09,5.97,6.04,2337036,14139708.00
2022/06/20,6.06,6.13,6.04,6.12,2409824,14712426.00
2022/06/21,6.11,6.18,6.07,6.17,2591588,15939485.00
2022/06/22,6.28,6.79,6.23,6.79,26748599,180335696.00
2022/06/23,6.70,6.77,6.40,6.60,23046862,150965136.00
2022/06/24,6.47,6.53,6.36,6.39,12199798,78701032.00
2022/06/27,6.46,6.63,6.40,6.50,10274342,66829864.00
2022/06/28,6.43,6.50,6.31,6.50,7622218,49047188.00
2022/06/29,6.47,6.49,6.25,6.25,6673312,42531380.00
2022/06/30,6.27,6.33,6.24,6.32,4357040,27504774.00
2022/07/01,6.32,6.36,6.23,6.30,3013700,19032304.00
2022/07/04,6.30,6.41,6.28,6.40,4032082,25684200.00
2022/07/05,6.48,6.48,6.26,6.32,3336660,21203160.00
2022/07/06,6.32,6.38,6.24,6.36,3534906,22406126.00
2022/07/07,6.34,6.38,6.30,6.31,2910512,18489006.00
2022/07/08,6.31,6.43,6.29,6.39,3757396,24058254.00
2022/07/11,6.37,6.43,6.26,6.36,3467652,22031748.00
2022/07/12,6.37,6.37,6.22,6.22,3268016,20549156.00
2022/07/13,6.26,6.46,6.18,6.45,5114888,32584794.00
2022/07/14,6.46,7.08,6.37,6.55,11474052,76780944.00
2022/07/15,6.38,6.65,6.13,6.14,8003320,50484232.00
2022/07/18,6.13,6.43,6.12,6.26,5384791,34011948.00
2022/07/19,6.31,6.48,6.23,6.38,4332839,27713832.00
2022/07/20,6.35,6.42,6.35,6.39,3298666,21144982.00
2022/07/21,6.40,6.60,6.38,6.53,6783878,44340020.00
2022/07/22,6.54,6.66,6.42,6.48,4064104,26607202.00
2022/07/25,6.46,6.56,6.44,6.53,3291520,21517402.00
2022/07/26,7.19,7.19,7.19,7.19,3958734,28542472.00
2022/07/27,7.91,7.91,7.91,7.91,5533627,43881664.00
2022/07/28,8.17,8.17,7.51,7.61,39697474,312323520.00
2022/07/29,7.48,7.50,7.17,7.24,23301273,170896848.00
2022/08/01,7.18,7.28,7.03,7.13,14526983,103813960.00
2022/08/02,7.02,7.07,6.48,6.60,17044945,114032912.00
2022/08/03,6.60,6.95,6.53,6.65,14804818,100106632.00
2022/08/04,6.74,6.74,6.46,6.64,9219296,60776132.00
2022/08/05,6.64,6.67,6.50,6.53,6031267,39664700.00
2022/08/08,6.56,6.69,6.50,6.68,6155261,40938312.00
2022/08/09,6.71,6.71,6.56,6.62,5264600,34869568.00
2022/08/10,6.72,6.75,6.64,6.69,6339360,42515004.00
2022/08/11,6.60,6.96,6.60,6.88,11204609,76417128.00
2022/08/12,6.87,7.03,6.80,6.91,6863588,47677052.00
2022/08/15,6.94,7.03,6.82,7.02,6297193,43939668.00
2022/08/16,6.99,7.07,6.93,7.01,5313481,37265468.00
2022/08/17,7.01,7.08,6.95,7.05,6346920,44669900.00
2022/08/18,7.05,7.23,6.99,7.16,8035100,57564108.00
2022/08/19,7.17,7.45,7.06,7.08,9425481,68141592.00
2022/08/22,7.02,7.20,7.02,7.07,5390311,38286056.00
2022/08/23,7.04,7.25,7.03,7.17,5887449,42028008.00
2022/08/24,7.19,7.23,6.94,6.96,4864921,34371684.00
2022/08/25,6.98,7.07,6.82,6.94,4988940,34660132.00
2022/08/26,6.97,7.08,6.86,6.88,2847400,19832150.00
2022/08/29,6.79,7.14,6.72,7.12,5376780,37891712.00
2022/08/30,7.17,7.18,7.04,7.11,4289068,30531470.00
2022/08/31,7.10,7.10,6.76,6.82,4666032,32140248.00
2022/09/01,6.83,7.18,6.76,6.89,11703580,82285832.00
2022/09/02,6.96,7.06,6.81,7.05,6438820,45012412.00
2022/09/05,7.05,7.22,7.01,7.18,5938060,42523064.00
2022/09/06,7.17,7.20,7.06,7.18,5724050,41001024.00
2022/09/07,7.53,7.90,7.05,7.13,18179876,133101408.00
2022/09/08,6.93,7.83,6.91,7.42,22947675,168074064.00
2022/09/09,7.24,7.49,7.08,7.35,14760463,107569960.00
2022/09/13,7.39,7.53,7.22,7.28,11903975,87720528.00
2022/09/14,7.15,8.01,7.12,8.01,19220265,148032848.00
2022/09/15,8.00,8.74,7.68,8.13,41909661,340462112.00
2022/09/16,7.96,8.30,7.47,8.11,26171667,207955920.00
2022/09/19,7.89,8.47,7.80,8.08,22998996,187672864.00
2022/09/20,8.04,8.29,7.68,8.27,21012922,169389696.00
2022/09/21,8.07,8.19,7.78,7.99,15327772,123073152.00
2022/09/22,7.97,8.13,7.53,7.62,16579427,129127528.00
2022/09/23,7.54,7.58,7.11,7.16,14694457,108067640.00
2022/09/26,7.01,7.10,6.64,6.66,13678254,93262856.00
2022/09/27,6.68,6.87,6.63,6.79,7260382,49086260.00
2022/09/28,6.79,7.36,6.74,6.86,11345428,79697496.00
2022/09/29,6.78,7.00,6.70,6.78,7434462,50869384.00
2022/09/30,6.76,6.89,6.60,6.81,6236352,42279864.00
2022/10/10,6.81,6.86,6.38,6.39,7435499,48971904.00
2022/10/11,6.38,6.52,6.31,6.52,4264740,27508648.00
2022/10/12,6.52,6.74,6.42,6.74,4841028,31961270.00
2022/10/13,6.74,6.82,6.60,6.62,5466322,36500340.00
2022/10/14,6.62,6.93,6.62,6.83,6831875,46688056.00
2022/10/17,6.81,7.00,6.78,6.98,5062360,35090608.00
2022/10/18,7.02,7.03,6.90,6.98,3452380,24116960.00
2022/10/19,7.01,7.16,6.92,7.09,5777920,40886696.00
2022/10/20,7.07,7.15,7.00,7.04,3579200,25395968.00
2022/10/21,7.10,7.10,6.95,7.06,3215103,22671042.00
2022/10/24,7.00,7.28,7.00,7.06,5288680,37950772.00
2022/10/25,7.09,7.09,6.78,6.97,3710460,25890352.00
2022/10/26,6.98,7.12,6.98,7.06,2855780,20171732.00
2022/10/27,7.06,7.18,7.03,7.11,3004440,21452624.00
2022/10/28,7.15,7.15,6.75,6.78,3490860,24173522.00
2022/10/31,6.66,6.85,6.60,6.67,3049940,20573098.00
2022/11/01,6.70,6.76,6.63,6.75,2602015,17479298.00
2022/11/02,6.74,7.43,6.71,7.43,13082585,95005312.00
2022/11/03,7.41,8.18,7.35,8.18,22698291,177832272.00
2022/11/04,8.17,8.42,7.82,7.92,33082202,265581088.00
2022/11/07,7.85,8.16,7.73,7.99,23624834,188179776.00
2022/11/08,8.00,8.05,7.68,7.91,17163812,134903392.00
2022/11/09,7.99,8.70,7.91,8.42,27285798,228201072.00
2022/11/10,8.52,9.08,8.34,8.78,25063340,219596512.00
2022/11/11,8.93,8.98,8.40,8.47,18243165,158038112.00
2022/11/14,8.48,8.68,8.24,8.33,11175871,94643240.00
2022/11/15,8.35,8.80,8.35,8.78,13186920,114109624.00
2022/11/16,8.88,8.92,8.48,8.64,8899420,77182672.00
2022/11/17,8.66,8.66,8.38,8.63,6411800,55062392.00
2022/11/18,8.89,9.49,8.40,8.88,35253238,317322112.00
2022/11/21,8.79,9.77,8.79,9.77,25933523,241339312.00
2022/11/22,10.75,10.75,10.68,10.75,19326084,208138640.00
2022/11/23,11.73,11.83,11.05,11.83,27237664,317727264.00
2022/11/24,11.98,13.02,10.79,13.02,56904482,667073024.00
2022/11/25,12.48,12.62,11.72,11.72,58987610,706792576.00
2022/11/28,11.53,11.82,10.76,11.31,47064911,531789376.00
2022/11/29,10.89,11.74,10.79,11.26,43238527,485480032.00
2022/11/30,10.95,11.31,10.20,10.29,38445612,409643392.00
2022/12/01,10.33,10.73,10.13,10.62,28944270,303612160.00
2022/12/02,10.39,10.85,10.37,10.69,24115765,257193488.00
2022/12/05,10.56,10.85,10.42,10.55,19410785,206378320.00
2022/12/06,10.55,11.05,10.19,10.95,25035178,266807872.00
2022/12/07,10.84,11.66,10.65,11.12,35024708,390980832.00
2022/12/08,11.14,11.23,10.31,10.68,21166059,225707088.00
2022/12/09,10.58,10.62,9.79,10.03,23881038,243431152.00
2022/12/12,10.09,10.42,9.94,10.20,12197015,124700528.00
2022/12/13,10.38,10.38,9.89,9.96,12522025,126905960.00
2022/12/14,9.99,10.96,9.99,10.96,42719362,463167648.00
2022/12/15,10.62,11.60,10.62,11.28,36015983,402187456.00
2022/12/16,11.06,11.47,10.73,10.86,18163900,201209040.00
2022/12/19,10.87,11.04,10.54,10.78,11514625,124897160.00
2022/12/20,10.75,10.78,10.07,10.27,15108840,156554496.00
2022/12/21,10.34,10.77,10.20,10.58,16349649,172717248.00
2022/12/22,10.59,10.63,9.98,10.01,13012650,133073224.00
2022/12/23,9.98,10.19,9.68,10.09,10227466,102286744.00
2022/12/26,10.58,10.58,9.16,9.87,20746650,204438592.00
2022/12/27,9.83,10.17,9.70,9.97,15019060,149871424.00
2022/12/28,9.93,9.97,9.22,9.38,16255806,154492608.00
2022/12/29,9.66,9.91,9.34,9.51,15147300,146450448.00
2022/12/30,9.48,9.62,9.28,9.49,8723608,82893344.00
2023/01/03,9.33,9.70,9.33,9.60,7834184,74624128.00
2023/01/04,9.59,9.80,9.47,9.53,6578744,63297276.00
2023/01/05,9.59,10.06,9.47,9.79,12203202,119946624.00
2023/01/06,9.67,10.77,9.67,10.77,14987259,157096336.00
2023/01/09,10.98,11.48,10.76,10.78,36362220,403288928.00
2023/01/10,10.88,10.97,10.35,10.50,20614279,218206096.00
2023/01/11,10.56,10.93,10.19,10.63,19489574,206375808.00
2023/01/12,10.64,10.65,10.07,10.18,16807431,172295184.00
2023/01/13,10.12,10.18,9.90,9.91,8936784,89267472.00
2023/01/16,9.98,10.28,9.84,9.90,8099860,81068208.00
2023/01/17,9.89,10.01,9.70,9.80,7273912,71495944.00
2023/01/18,9.75,9.77,9.50,9.53,5962240,57168336.00
2023/01/19,9.49,9.63,9.39,9.49,4552653,43409312.00
2023/01/20,9.49,9.72,9.49,9.62,4637054,44726556.00
2023/01/30,9.80,9.95,9.68,9.83,10901320,107224000.00
2023/01/31,9.81,9.81,9.30,9.53,12166130,116147896.00
2023/02/01,9.54,10.23,9.51,10.00,18199112,179564960.00
2023/02/02,9.89,10.04,9.78,9.94,10311298,102030976.00
2023/02/03,9.96,9.98,9.75,9.93,6842503,67462656.00
2023/02/06,10.18,10.18,9.69,9.77,10018460,99477536.00
2023/02/07,9.79,10.13,9.73,10.03,12412173,124432672.00
2023/02/08,10.04,10.28,9.95,10.12,12295883,125213184.00
2023/02/09,10.11,10.19,9.84,9.98,12285860,122776088.00
2023/02/10,9.94,9.94,9.60,9.74,10353435,101114104.00
2023/02/13,9.62,10.09,9.62,10.07,10807292,107608544.00
2023/02/14,10.20,10.60,9.84,10.01,17658583,180164368.00
2023/02/15,10.07,10.17,9.96,10.07,9724490,97956784.00
2023/02/16,10.07,10.18,9.61,9.69,8792632,87252376.00
2023/02/17,9.67,9.80,9.50,9.56,4956312,47888796.00
2023/02/20,9.53,9.63,9.40,9.62,4181732,39802284.00
2023/02/21,9.60,9.60,9.38,9.50,6120808,58061416.00
2023/02/22,9.45,9.61,9.38,9.52,3886553,37090488.00
2023/02/23,9.52,9.80,9.52,9.72,6430780,62411940.00
2023/02/24,9.70,9.71,9.38,9.43,6254800,59446940.00
2023/02/27,9.48,9.50,9.31,9.34,3477520,32716854.00
2023/02/28,9.31,9.43,9.31,9.42,2438200,22890868.00
2023/03/01,9.42,9.46,9.36,9.46,2673599,25226786.00
2023/03/02,9.45,9.45,9.19,9.20,5087760,47321832.00
2023/03/03,9.21,9.30,9.07,9.21,3647640,33581440.00
2023/03/06,9.26,9.32,9.09,9.28,4311720,39744708.00
2023/03/07,9.26,9.26,8.96,8.96,4462960,40606644.00
2023/03/08,8.91,9.07,8.86,9.06,3231760,29164628.00
2023/03/09,9.13,9.13,8.96,8.97,2314440,20959786.00
2023/03/10,8.87,8.97,8.81,8.83,3743840,33243570.00
2023/03/13,8.79,8.89,8.67,8.74,2905540,25433908.00
2023/03/14,8.97,8.97,8.46,8.57,3652140,31516270.00
2023/03/15,8.60,8.77,8.60,8.70,2506700,21847438.00
2023/03/16,8.71,8.83,8.55,8.59,3168100,27489612.00
2023/03/17,8.64,8.70,8.58,8.59,1851900,16015754.00
2023/03/20,8.59,8.71,8.44,8.68,3683400,31737054.00
2023/03/21,8.67,8.89,8.60,8.82,3991263,35089800.00
2023/03/22,8.85,9.04,8.83,8.92,3270203,29293486.00
2023/03/23,8.88,8.99,8.86,8.92,2038184,18194544.00
2023/03/24,8.95,9.35,8.80,8.87,9254102,83806888.00
2023/03/27,8.85,8.87,8.61,8.67,6768166,58970460.00
2023/03/28,8.73,8.76,8.45,8.46,4333909,36943144.00
2023/03/29,8.46,8.46,8.30,8.33,3461880,29022930.00
2023/03/30,8.38,8.38,8.21,8.27,2675575,22160300.00
2023/03/31,8.32,8.59,8.28,8.56,4149120,35353604.00
2023/04/03,8.48,8.60,8.44,8.51,3296300,28140292.00
2023/04/04,8.49,8.51,8.25,8.26,3102780,25940938.00
2023/04/06,8.26,8.33,8.17,8.23,2346380,19371614.00
2023/04/07,8.28,8.39,8.23,8.37,2040020,17024700.00
2023/04/10,8.37,8.38,7.97,8.04,5992956,48557580.00
2023/04/11,8.05,8.05,7.80,7.97,3734384,29686404.00
2023/04/12,8.01,8.26,7.93,8.23,4751433,38820652.00
2023/04/13,8.18,8.25,8.11,8.12,2176700,17792500.00
2023/04/14,8.11,8.22,8.11,8.16,1475392,12074628.00
2023/04/17,8.16,8.45,8.13,8.18,3585713,29715956.00
2023/04/18,8.19,8.43,8.09,8.35,4073540,33764548.00
2023/04/19,8.29,8.75,8.27,8.64,7528197,64622460.00
2023/04/20,8.59,8.65,8.46,8.55,4989516,42641812.00
2023/04/21,8.55,8.78,8.50,8.63,6900980,59873160.00
2023/04/24,8.71,8.72,8.30,8.40,4180988,35275096.00
2023/04/25,8.40,8.47,7.98,8.10,3349300,27389144.00
2023/04/26,8.13,8.55,8.07,8.49,6160557,51746484.00
2023/04/27,8.48,8.58,8.34,8.36,3570680,30245358.00
2023/04/28,8.38,8.56,8.36,8.54,2440079,20739472.00
2023/05/04,8.50,8.61,8.47,8.51,2339700,20015832.00
2023/05/05,8.58,8.59,8.24,8.30,2965080,24802260.00
2023/05/08,8.30,8.35,8.14,8.31,2323104,19181860.00
2023/05/09,8.27,8.50,8.08,8.43,4920590,40996692.00
2023/05/10,8.43,9.28,8.42,9.28,15934793,144385008.00
2023/05/11,9.37,9.73,8.93,9.20,24134881,225572560.00
2023/05/12,9.14,9.32,9.00,9.12,13348282,122067056.00
2023/05/15,9.27,10.03,9.16,10.03,23443481,226374464.00
2023/05/16,10.28,11.04,9.97,10.07,34197720,357272320.00
2023/05/17,9.86,10.25,9.84,10.17,20019103,202139936.00
2023/05/18,10.09,10.26,9.56,9.66,18916264,184806704.00
2023/05/19,9.67,9.75,9.52,9.70,8638318,83629712.00
2023/05/22,9.64,9.75,9.48,9.71,7738756,74740760.00
2023/05/23,9.69,9.91,9.49,9.53,8796344,85043904.00
2023/05/24,9.52,9.93,9.40,9.78,10042339,98008240.00
2023/05/25,9.78,10.22,9.56,9.76,12806651,126512984.00
2023/05/26,9.80,9.83,9.46,9.71,7237088,70092976.00
2023/05/29,9.67,9.67,9.38,9.42,6003038,57058060.00
2023/05/30,9.43,9.62,9.28,9.52,5860740,55623724.00
2023/05/31,9.43,9.57,9.34,9.43,3683226,34863176.00
2023/06/01,9.51,9.75,9.31,9.65,6075328,58320488.00
2023/06/02,9.62,10.18,9.55,10.03,12634328,125508688.00
2023/06/05,10.17,10.17,9.81,9.86,6966000,69126680.00
2023/06/06,9.85,10.42,9.77,9.94,15145996,152725856.00
2023/06/07,9.82,9.88,9.50,9.54,11354700,109457944.00
2023/06/08,9.61,9.73,9.48,9.55,6412254,61644392.00
2023/06/09,9.55,9.59,9.37,9.55,3940260,37432380.00
2023/06/12,9.47,10.03,9.42,9.92,8052028,78895920.00
2023/06/13,9.92,10.72,9.87,10.72,17764809,184317312.00
2023/06/14,10.63,10.88,10.40,10.73,17798584,190170880.00
2023/06/15,10.84,11.03,10.62,10.88,17605098,191223424.00
2023/06/16,10.82,11.14,10.34,10.46,14705500,158285024.00
2023/06/19,10.63,10.63,10.18,10.29,8691340,89722152.00
2023/06/20,10.23,10.42,10.07,10.07,5480588,55805064.00
2023/06/21,10.33,10.96,10.21,10.37,19698756,208327840.00
2023/06/26,10.44,11.41,10.44,11.41,25590547,284133280.00
2023/06/27,12.37,12.55,11.80,12.55,16756733,205635664.00
2023/06/28,13.02,13.81,12.08,12.35,55820060,721460672.00
2023/06/29,11.96,12.47,11.44,11.63,37868676,449859936.00
2023/06/30,11.56,12.80,11.45,12.80,26847419,324919488.00
2023/07/03,14.07,14.08,13.82,14.08,11336600,159478256.00
2023/07/04,15.31,15.49,14.23,14.68,55299141,827398144.00
2023/07/05,14.21,16.14,13.79,13.96,48643857,719178048.00
2023/07/06,13.25,14.78,13.02,14.42,41241767,572455104.00
2023/07/07,13.90,15.38,13.60,14.86,39846765,586276544.00
2023/07/10,14.86,15.08,13.73,14.54,30137711,432392704.00
2023/07/11,14.24,14.96,13.88,14.14,25123657,359512640.00
2023/07/12,14.14,14.15,13.22,13.58,26723691,362189600.00
2023/07/13,13.34,13.70,13.21,13.33,19642127,264059200.00
2023/07/14,13.01,13.49,12.66,13.22,18022470,237411376.00
2023/07/17,13.23,13.63,13.14,13.24,16496247,221283808.00
2023/07/18,13.20,13.61,13.07,13.36,13976865,187149552.00
2023/07/19,13.16,13.28,12.56,12.92,15635687,201510272.00
2023/07/20,12.96,13.09,12.60,12.64,9688777,124632320.00
2023/07/21,12.44,13.07,12.44,12.84,9262220,119167208.00
2023/07/24,12.78,13.20,12.60,13.07,9983200,130005184.00
2023/07/25,13.08,13.16,12.58,12.95,10669594,136889088.00
2023/07/26,12.78,12.91,12.48,12.56,7497265,95003368.00
2023/07/27,12.38,12.77,12.38,12.46,6282783,78976376.00
2023/07/28,12.33,12.49,12.15,12.31,6843514,84386328.00
2023/07/31,12.24,12.39,11.98,12.07,9236516,112534288.00
2023/08/01,12.07,12.08,11.79,11.91,6863831,81866552.00
2023/08/02,11.87,13.10,11.76,13.10,14757347,185059248.00
2023/08/03,13.28,13.38,12.69,12.95,24509513,319028800.00
2023/08/04,12.82,12.97,12.49,12.61,18081216,228993728.00
2023/08/07,12.36,12.61,12.11,12.52,18289755,228327888.00
2023/08/08,12.52,12.78,12.19,12.34,17689605,221243920.00
2023/08/09,12.18,12.52,12.11,12.33,11674137,144140896.00
2023/08/10,12.28,12.75,11.98,12.63,17759586,221220928.00
2023/08/11,12.76,13.07,12.32,12.34,19003292,242545296.00
2023/08/14,12.44,12.86,12.17,12.73,15391678,192331104.00
2023/08/15,12.67,13.07,12.18,12.26,13237479,166805712.00
2023/08/16,12.21,12.30,11.26,11.48,19971183,234126768.00
2023/08/17,11.40,11.73,11.17,11.59,12232960,140410304.00
2023/08/18,11.57,11.59,10.92,10.93,12897445,143951776.00
2023/08/21,10.93,11.28,10.88,10.91,7596700,83782960.00
2023/08/22,10.92,11.09,10.68,10.92,5273371,57378744.00
2023/08/23,10.92,11.65,10.73,11.01,15016930,168922304.00
2023/08/24,11.09,11.31,10.80,11.07,9791848,108545512.00
2023/08/25,10.93,11.00,10.54,10.66,8516949,91639200.00
2023/08/28,11.24,11.24,10.75,10.78,8044089,88459136.00
2023/08/29,10.93,11.86,10.78,11.86,13218465,151945808.00
2023/08/30,11.86,12.13,11.66,11.92,15647107,186785440.00
2023/08/31,11.92,11.97,11.66,11.72,7656320,90320808.00
2023/09/01,11.71,11.94,11.66,11.82,6169697,72888088.00
2023/09/04,12.23,12.48,11.84,12.04,11014751,132323952.00
2023/09/05,12.08,12.47,11.95,12.29,15647164,191557664.00
2023/09/06,12.29,12.55,12.10,12.52,13150506,162615856.00
2023/09/07,12.47,12.57,12.06,12.08,7324544,89775696.00
2023/09/08,12.28,12.28,10.87,11.22,15382681,175615472.00
2023/09/11,11.22,11.42,11.05,11.32,8882069,100059304.00
2023/09/12,11.30,11.60,11.21,11.50,5377581,61840008.00
2023/09/13,11.45,11.57,11.17,11.29,5123026,57956940.00
2023/09/14,11.25,11.38,11.08,11.23,3708324,41563716.00
2023/09/15,11.32,11.73,11.25,11.28,6693828,76484160.00
2023/09/18,11.25,11.57,11.16,11.41,4448240,50765616.00
2023/09/19,11.37,11.40,11.09,11.12,3575376,39984360.00
2023/09/20,11.28,11.36,11.01,11.03,3820290,42753972.00
2023/09/21,10.99,11.21,10.88,10.95,3014293,33187554.00
2023/09/22,10.90,11.30,10.90,11.27,3999771,44806284.00
2023/09/25,11.24,11.40,11.03,11.16,3873259,43311920.00
2023/09/26,11.13,11.22,10.98,11.00,2693018,29844578.00
2023/09/27,11.06,11.34,10.91,11.12,3857710,43147808.00
2023/09/28,11.19,11.35,11.16,11.30,2880151,32522824.00
2023/10/09,11.30,11.38,11.13,11.18,3817558,42916984.00
2023/10/10,11.56,11.76,10.73,10.74,10599159,116648992.00
2023/10/11,10.74,10.85,10.61,10.68,5674537,60989972.00
2023/10/12,10.81,11.35,10.66,11.10,8070581,89062984.00
2023/10/13,11.04,11.04,10.52,10.53,6171010,65942580.00
2023/10/16,10.51,10.61,10.25,10.34,4406203,45735044.00
2023/10/17,10.36,10.44,10.23,10.34,2704205,27912276.00
2023/10/18,10.23,10.34,10.18,10.18,2925702,29995630.00
2023/10/19,10.12,10.45,10.06,10.22,3240039,33471008.00
2023/10/20,10.21,10.37,10.13,10.18,2711543,27852972.00
2023/10/23,10.33,10.38,9.87,9.90,5390325,54257768.00
2023/10/24,9.98,10.46,9.98,10.35,4744930,48779648.00
2023/10/25,10.22,10.46,10.20,10.30,3105688,32121960.00
2023/10/26,10.09,10.28,9.91,10.06,4774321,47984012.00
2023/10/27,10.05,10.36,9.93,10.30,4926962,50276968.00
2023/10/30,10.21,10.36,9.93,10.18,5085951,51437996.00
2023/10/31,10.08,10.23,9.97,10.04,3494502,35274892.00
2023/11/01,10.03,10.30,10.03,10.21,3391314,34596412.00
2023/11/02,10.19,10.36,10.04,10.06,3205854,32581522.00
2023/11/03,10.00,10.91,10.00,10.58,11416900,120971576.00
2023/11/06,10.59,11.02,10.59,10.85,10536331,113805752.00
2023/11/07,10.83,10.86,10.67,10.79,4781360,51623800.00
2023/11/08,10.75,10.84,10.58,10.69,5323448,57060512.00
2023/11/09,10.65,10.94,10.65,10.74,5413237,58510808.00
2023/11/10,10.66,10.75,10.46,10.54,3915436,41335072.00
2023/11/13,10.66,10.78,10.52,10.75,3782970,40547524.00
2023/11/14,10.83,11.14,10.63,10.88,6559240,71585768.00
2023/11/15,10.98,11.07,10.84,10.93,3605609,39469652.00
2023/11/16,10.93,11.16,10.80,11.03,6345369,70116832.00
2023/11/17,10.96,12.14,10.78,11.88,30079943,355111200.00
2023/11/20,12.26,12.85,12.06,12.28,31165933,386514944.00
2023/11/21,12.28,12.48,12.01,12.30,18205221,223991248.00
2023/11/22,12.25,12.35,11.92,11.93,10131992,122327560.00
2023/11/23,11.89,12.32,11.88,12.17,6944525,84367360.00
2023/11/24,12.08,12.23,11.88,11.92,5668143,68111512.00
2023/11/27,11.81,12.07,11.69,11.76,5865168,69375352.00
2023/11/28,11.76,11.85,11.58,11.66,5742230,67261808.00
2023/11/29,11.63,12.04,11.48,11.74,7364047,87005680.00
2023/11/30,11.74,11.80,11.41,11.55,5482800,63551868.00
2023/12/01,11.57,11.77,11.48,11.54,4811885,56088508.00
2023/12/04,11.48,11.70,10.86,11.18,12093560,135486544.00
2023/12/05,11.14,11.20,10.96,10.97,5435479,60284552.00
2023/12/06,10.93,11.18,10.93,11.04,4782213,52942584.00
2023/12/07,11.05,11.05,10.77,10.88,4194982,45683920.00
2023/12/08,10.96,10.96,10.64,10.69,4861394,52389664.00
2023/12/11,10.68,10.93,10.61,10.85,5210580,56314964.00
2023/12/12,10.85,10.93,10.73,10.81,2727380,29484310.00
2023/12/13,10.77,10.83,10.69,10.74,2289200,24651330.00
2023/12/14,10.74,10.79,10.61,10.63,2904107,31106246.00
2023/12/15,10.63,10.68,10.55,10.58,2113172,22452080.00
2023/12/18,10.56,10.59,10.35,10.38,2467700,25879956.00
2023/12/19,10.48,10.48,10.20,10.43,2055200,21402280.00
2023/12/20,10.44,10.49,10.29,10.30,2018068,20958466.00
2023/12/21,10.31,10.63,10.13,10.43,3571116,37047924.00
2023/12/22,10.44,10.49,10.20,10.23,3118000,32195106.00
2023/12/25,10.22,10.23,10.08,10.11,2037320,20699118.00
2023/12/26,10.11,10.20,9.88,9.93,2576200,25754304.00
2023/12/27,9.93,10.12,9.88,10.03,3310360,33178870.00
2023/12/28,9.99,10.83,9.98,10.56,8191246,86110328.00
2023/12/29,10.54,10.97,10.40,10.93,9497028,101903848.00
2024/01/02,10.84,11.07,10.70,10.76,5678891,61771232.00
2024/01/03,10.74,10.74,10.37,10.46,5323347,55980868.00
2024/01/04,10.44,10.61,10.33,10.44,3106783,32403090.00
2024/01/05,10.76,10.85,10.22,10.25,6250821,65757276.00
2024/01/08,10.13,10.42,10.02,10.03,4338361,44283316.00
2024/01/09,10.15,10.29,10.02,10.12,3168740,32181412.00
2024/01/10,10.09,10.18,9.89,10.05,2717626,27379184.00
2024/01/11,10.05,10.46,9.96,10.41,5027401,51603220.00
2024/01/12,10.31,10.68,10.28,10.36,4085921,42936288.00
2024/01/15,10.34,10.34,9.99,10.16,3418820,34856544.00
2024/01/16,10.21,10.28,10.01,10.17,2800980,28388880.00
2024/01/17,10.18,10.18,9.69,9.70,3699003,36699876.00
2024/01/18,9.79,9.79,9.31,9.58,4335565,41279608.00
2024/01/19,9.58,9.87,9.52,9.57,3564983,34538872.00
2024/01/22,9.57,9.62,8.77,8.82,4190300,38370932.00
2024/01/23,8.82,8.84,8.53,8.78,4016530,35143404.00
2024/01/24,8.96,8.98,8.48,8.85,3643776,31913308.00
2024/01/25,8.83,9.05,8.69,9.05,3409869,30457740.00
2024/01/26,9.08,9.20,8.98,9.01,3049106,27781616.00
2024/01/29,9.11,9.11,8.54,8.57,4162540,36224112.00
2024/01/30,8.53,8.77,8.25,8.27,3631270,30711924.00
2024/01/31,8.47,8.50,7.75,7.76,4904600,39535988.00
2024/02/01,7.75,7.88,7.53,7.75,6110054,47164800.00
2024/02/02,7.66,7.87,6.97,7.18,7624405,55861432.00
2024/02/05,7.10,7.11,6.46,6.46,4796841,31725436.00
2024/02/06,5.81,6.14,5.81,5.82,15033317,88450712.00
2024/02/07,5.85,5.94,5.24,5.36,20445127,112831680.00
2024/02/08,5.31,5.90,5.23,5.85,18775354,105849064.00
2024/02/19,5.94,6.27,5.94,6.23,14447970,88671224.00
2024/02/20,6.26,6.70,6.07,6.63,8859828,57114860.00
2024/02/21,6.53,6.99,6.41,6.68,8409008,57396576.00
2024/02/22,6.69,6.95,6.64,6.95,5239535,35886328.00
2024/02/23,6.94,7.45,6.93,7.42,10229715,74629544.00
2024/02/26,7.43,7.82,7.31,7.64,9464740,71810712.00
2024/02/27,7.58,7.93,7.45,7.93,6929902,53895836.00
2024/02/28,7.98,8.10,7.14,7.14,13465401,101911992.00
2024/02/29,6.88,7.40,6.83,7.31,8164500,58994936.00
2024/03/01,7.48,7.53,7.22,7.41,6712500,49660096.00
2024/03/04,7.49,7.53,7.03,7.28,7803517,56383080.00
2024/03/05,7.21,7.27,6.93,6.96,8134642,57331236.00
2024/03/06,6.99,7.23,6.93,7.13,5810840,41314436.00
2024/03/07,7.21,7.30,7.01,7.06,7175063,51634040.00
2024/03/08,7.04,7.12,6.95,7.05,3705240,26170690.00
2024/03/11,7.07,7.76,7.07,7.76,4483298,33805368.00
2024/03/12,8.54,8.54,8.54,8.54,2716329,23251776.00
2024/03/13,9.40,9.40,9.40,9.40,3040636,28642792.00
2024/03/14,9.34,9.35,8.46,8.68,40966792,361854880.00
2024/03/15,8.35,8.62,8.12,8.18,28499967,234991904.00
2024/03/18,8.33,8.55,8.27,8.47,26208651,220760592.00
2024/03/19,8.39,8.48,8.24,8.24,16975757,141769456.00
2024/03/20,8.25,9.07,8.24,9.07,13342517,117243960.00
2024/03/21,9.17,9.34,8.80,8.93,34016958,307227360.00
2024/03/22,8.93,9.25,8.88,9.16,31793582,290721024.00
2024/03/25,8.90,9.44,8.74,8.79,24862082,225868064.00
2024/03/26,8.79,9.67,8.74,9.38,33330561,309172128.00
2024/03/27,9.08,9.18,8.44,8.45,24694475,217426032.00
2024/03/28,7.86,8.56,7.86,8.41,19478814,162519440.00
2024/03/29,8.41,8.66,8.19,8.31,10957226,91414616.00
2024/04/01,8.26,9.14,8.26,8.91,27644642,249922096.00
2024/04/02,8.96,9.35,8.84,9.17,30609250,278239264.00
2024/04/03,9.16,9.56,8.88,9.00,20700826,188618064.00
2024/04/08,8.99,9.36,8.70,8.71,15136123,135703824.00
2024/04/09,8.68,9.58,8.68,9.58,15483104,145310320.00
2024/04/10,10.05,10.54,9.64,9.94,52754371,538360512.00
2024/04/11,8.94,9.44,8.94,9.24,35428675,325963680.00
2024/04/12,8.98,9.04,8.31,8.41,30777965,264718192.00
2024/04/15,8.24,8.24,7.57,7.57,20470923,159249312.00
2024/04/16,7.35,7.49,6.82,6.83,16850903,119047104.00
2024/04/17,7.01,7.52,7.01,7.52,8449050,62334628.00
2024/04/18,7.60,7.73,7.29,7.51,16184687,121926504.00
2024/04/19,7.48,7.93,7.33,7.85,17609204,134646096.00
2024/04/22,7.62,7.75,7.46,7.51,10224275,77491664.00
2024/04/23,7.61,7.71,7.37,7.47,8838827,67209032.00
2024/04/24,7.49,7.56,7.41,7.53,7861987,59036680.00
2024/04/25,7.48,7.66,7.38,7.52,7616968,57651000.00
2024/04/26,7.48,7.61,7.40,7.54,8450609,63718236.00
2024/04/29,7.53,7.88,7.51,7.85,11807503,91943224.00
2024/04/30,7.97,8.00,7.65,7.76,8751640,68201968.00
2024/05/06,7.94,8.11,7.83,8.06,11245160,89783800.00
2024/05/07,8.02,8.45,7.96,8.29,13428913,110620528.00
2024/05/08,8.25,8.25,8.03,8.06,8735791,70936184.00
2024/05/09,8.26,8.68,8.22,8.29,14671213,123626568.00
2024/05/10,8.28,8.34,8.04,8.09,9791680,79810176.00
2024/05/13,7.89,8.07,7.69,7.93,8552273,67575256.00
2024/05/14,7.95,8.04,7.91,7.93,4807920,38398968.00
2024/05/15,7.94,7.97,7.84,7.84,3905660,30938536.00
2024/05/16,7.86,8.08,7.86,7.98,6320125,50675948.00
2024/05/17,8.08,8.08,7.90,8.06,5283632,42318896.00
2024/05/20,8.05,8.16,7.94,7.96,5678480,45654928.00
2024/05/21,7.96,8.76,7.90,8.76,14961878,129221168.00
2024/05/22,8.94,9.37,8.93,9.08,44637729,408177408.00
2024/05/23,8.80,8.88,8.50,8.52,26051599,226066624.00
2024/05/24,8.53,8.82,8.32,8.40,17206680,146209488.00
2024/05/27,8.40,8.68,8.32,8.58,19346851,164978352.00
2024/05/28,8.40,8.47,8.20,8.24,13828081,114655392.00
2024/05/29,8.16,8.50,7.88,8.47,16595631,137035760.00
2024/05/30,8.40,8.40,8.05,8.07,12062089,99124576.00
2024/05/31,8.00,8.13,7.94,8.10,7975361,64247180.00
2024/06/03,8.10,8.17,7.47,7.70,12614970,98154224.00
2024/06/04,7.56,7.58,7.03,7.28,10656884,77466680.00
2024/06/05,7.34,7.34,7.13,7.18,6231612,45204244.00
2024/06/06,7.17,7.26,6.83,6.89,9228700,64386568.00
2024/06/07,6.93,7.13,6.93,7.09,6163293,43536700.00
2024/06/11,7.09,7.12,6.91,7.12,4293164,30290404.00
2024/06/12,7.12,7.25,7.08,7.24,4845660,34966796.00
2024/06/13,7.22,7.27,7.09,7.14,4355600,31236076.00
2024/06/14,7.13,7.23,7.03,7.23,3214784,23108504.00
2024/06/17,7.18,7.25,7.10,7.16,3665616,26321024.00
2024/06/18,7.16,7.28,7.12,7.28,3854075,27913696.00
2024/06/19,7.28,7.35,7.23,7.30,3694800,26949994.00
2024/06/20,7.29,7.30,7.06,7.09,4255100,30424052.00
2024/06/21,7.05,7.12,6.97,7.01,3402660,23912556.00
2024/06/24,6.98,6.98,6.64,6.67,5064200,34247704.00
2024/06/25,6.69,6.80,6.68,6.72,3713900,25032284.00
2024/06/26,6.72,6.95,6.64,6.95,4134426,28179836.00
2024/06/27,6.94,7.02,6.83,6.84,3681580,25504772.00
2024/06/28,6.84,6.96,6.79,6.83,3118700,21471528.00
2024/07/01,6.82,6.99,6.80,6.96,4237180,29275574.00
2024/07/02,6.96,7.66,6.91,7.38,12731718,93407696.00
2024/07/03,7.28,7.73,7.13,7.46,14713685,109001304.00
2024/07/04,7.20,7.45,7.12,7.12,10040520,72594064.00
2024/07/05,7.06,7.09,6.91,7.02,5696687,39914088.00
2024/07/08,7.00,7.72,6.94,7.72,19841271,151865904.00
2024/07/09,7.74,8.48,7.68,7.95,36377248,286786272.00
2024/07/10,7.77,7.79,7.53,7.59,20581461,156929728.00
2024/07/11,7.69,8.20,7.60,7.85,27000472,212490192.00
2024/07/12,7.81,7.83,7.55,7.58,16536181,127013120.00
2024/07/15,7.61,7.65,7.35,7.39,10191018,75628704.00
2024/07/16,7.35,7.41,7.16,7.29,9329300,67677432.00
2024/07/17,7.30,7.31,7.03,7.06,8807593,62753740.00
2024/07/18,6.94,6.96,6.75,6.92,9484718,65164608.00
2024/07/19,6.90,7.02,6.80,6.95,6340800,43970416.00
2024/07/22,6.93,7.01,6.88,6.99,4882661,33980428.00
2024/07/23,6.92,7.10,6.92,6.92,7109661,49666092.00
2024/07/24,6.75,6.98,6.75,6.86,5669491,39023624.00
2024/07/25,6.81,6.88,6.61,6.76,6222020,41971484.00
2024/07/26,6.75,6.86,6.74,6.83,3929300,26744006.00
2024/07/29,6.82,6.95,6.72,6.92,4245400,29040668.00
2024/07/30,7.02,7.05,6.85,6.93,3905400,27026732.00
2024/07/31,6.95,7.12,6.91,7.10,6657233,46898872.00
2024/08/01,7.11,7.14,7.01,7.04,5050920,35633184.00
2024/08/02,6.99,7.05,6.91,6.91,5096533,35567948.00
2024/08/05,6.82,6.98,6.71,6.72,6058092,41435020.00
2024/08/06,6.84,6.88,6.74,6.83,3896700,26476644.00
2024/08/07,6.83,6.88,6.77,6.81,3123700,21267270.00
2024/08/08,6.81,6.84,6.67,6.78,3532816,23886322.00
2024/08/09,6.79,6.84,6.73,6.73,3027822,20541178.00
2024/08/12,6.73,6.73,6.51,6.56,4548396,30045650.00
2024/08/13,6.56,6.67,6.50,6.66,3185292,21048984.00
2024/08/14,6.65,6.71,6.62,6.70,2539404,16948690.00
2024/08/15,6.65,6.76,6.57,6.74,3407240,22835614.00
2024/08/16,6.74,6.82,6.69,6.69,3110800,20994480.00
2024/08/19,6.68,6.72,6.59,6.68,2224400,14836992.00
2024/08/20,6.66,6.69,6.45,6.45,3919144,25618830.00
2024/08/21,6.45,6.62,6.40,6.56,3470980,22663756.00
2024/08/22,6.56,6.74,6.51,6.56,5262188,34878556.00
2024/08/23,6.53,6.54,6.32,6.39,4377780,28036500.00
2024/08/26,6.39,6.62,6.39,6.61,4628900,30395666.00
2024/08/27,6.61,6.64,6.41,6.44,3246300,21020908.00
2024/08/28,6.40,6.55,6.36,6.48,2636820,17052820.00
2024/08/29,6.47,6.62,6.42,6.58,3219220,21148288.00
2024/08/30,6.42,6.68,6.40,6.60,7196763,47272908.00
2024/09/02,6.56,6.88,6.54,6.56,6761200,45111320.00
2024/09/03,6.50,6.77,6.48,6.67,5561715,36957064.00
2024/09/04,6.63,6.93,6.58,6.75,9008354,61016860.00
2024/09/05,6.71,6.78,6.66,6.74,4457000,29957512.00
2024/09/06,6.73,6.73,6.56,6.56,4468300,29576974.00
2024/09/09,6.50,6.60,6.50,6.54,2661255,17402746.00
2024/09/10,6.53,6.59,6.44,6.55,2189155,14224804.00
2024/09/11,6.54,6.66,6.51,6.62,3407021,22488058.00
2024/09/12,6.61,6.64,6.49,6.49,3219312,21144126.00
2024/09/13,6.48,6.53,6.26,6.27,3448760,21935236.00
2024/09/18,6.26,6.29,6.08,6.15,3336513,20504010.00
2024/09/19,6.15,6.35,6.15,6.33,3517480,22097980.00
2024/09/20,6.32,6.33,6.18,6.22,2564420,15974436.00
2024/09/23,6.21,6.26,6.14,6.24,1973920,12302594.00
2024/09/24,6.29,6.50,6.27,6.49,5051437,32323308.00
2024/09/25,6.52,6.69,6.52,6.58,5802996,38455584.00
2024/09/26,6.58,6.75,6.52,6.74,4685431,31199398.00
2024/09/27,6.80,7.10,6.79,6.98,10313871,71519072.00
2024/09/30,7.24,7.63,7.03,7.57,16459901,121423088.00
2024/10/08,8.30,8.30,7.43,7.96,20807036,163621376.00
2024/10/09,7.79,7.79,7.16,7.16,13830784,102226216.00
2024/10/10,7.16,7.33,6.99,7.15,7988660,57273732.00
2024/10/11,7.10,7.15,6.81,6.88,8213093,57131004.00
2024/10/14,6.98,7.17,6.88,7.14,6473056,45639624.00
2024/10/15,7.07,7.19,7.00,7.01,4749507,33695656.00
2024/10/16,6.94,7.07,6.90,6.95,4555619,31817698.00
2024/10/17,7.01,7.12,6.92,6.92,4632380,32594212.00
2024/10/18,6.92,7.11,6.90,7.04,6647956,46608480.00
2024/10/21,7.04,7.30,7.04,7.24,7940536,57108608.00
2024/10/22,7.18,7.57,7.16,7.45,8820962,65053460.00
2024/10/23,7.42,8.20,7.42,8.20,10838716,87674064.00
2024/10/24,8.28,8.29,7.75,7.89,34117128,269667680.00
2024/10/25,7.85,8.50,7.78,8.20,34786428,284996224.00
2024/10/28,8.22,8.43,8.00,8.15,21021788,170725152.00
2024/10/29,8.13,8.14,7.72,7.75,17847857,140143600.00
2024/10/30,7.72,7.84,7.64,7.75,9381928,72512352.00
2024/10/31,7.68,7.86,7.65,7.72,12173793,94372680.00
2024/11/01,7.68,8.00,7.45,7.47,12383120,94643776.00
2024/11/04,7.45,7.66,7.36,7.66,6917720,52434964.00
2024/11/05,7.66,7.78,7.60,7.71,9869061,75973744.00
2024/11/06,7.75,8.00,7.71,7.76,13984432,109868568.00
2024/11/07,7.80,8.05,7.73,8.00,14466304,115052080.00
2024/11/08,8.15,8.44,8.01,8.26,23497302,193489264.00
2024/11/11,8.12,8.71,8.09,8.58,22658642,191733296.00
2024/11/12,8.74,9.44,8.74,9.44,12049474,112336792.00
2024/11/13,9.35,9.35,8.50,8.91,43512413,381653344.00
2024/11/14,8.62,8.75,8.32,8.37,22726480,193245472.00
2024/11/15,8.27,8.46,8.09,8.10,14405100,119253712.00
2024/11/18,8.20,8.60,7.84,8.47,22358315,185265408.00
2024/11/19,8.63,9.29,8.47,8.74,30661045,269411008.00
2024/11/20,8.89,9.60,8.88,9.23,32372279,297745920.00
2024/11/21,9.15,9.44,8.99,9.06,24977317,229420208.00
2024/11/22,9.04,9.88,9.04,9.32,36216168,343667840.00
数据来源:通达信
