001278 一彬科技 日线 前复权
      日期	    开盘	    最高	    最低	    收盘	    成交量	    成交额
2023/03/08,20.21,24.29,20.21,24.29,758759,18493782.00
2023/03/09,26.74,26.74,26.74,26.74,156375,4211179.00
2023/03/10,29.43,29.43,29.43,29.43,1084306,32117144.00
2023/03/13,30.31,32.33,27.63,30.39,21617801,646763840.00
2023/03/14,27.81,28.60,27.33,27.33,13748128,384294848.00
2023/03/15,25.86,26.86,25.24,25.32,12849064,333545088.00
2023/03/16,24.81,26.46,24.62,25.46,9900960,255763072.00
2023/03/17,25.03,25.03,24.02,24.11,10267492,253254560.00
2023/03/20,23.84,24.14,23.19,23.22,7423486,175741504.00
2023/03/21,23.01,23.46,22.93,23.45,4837368,113423320.00
2023/03/22,23.41,23.71,23.04,23.06,5266950,123779216.00
2023/03/23,22.85,22.92,22.52,22.68,4798630,109866448.00
2023/03/24,22.77,23.19,22.71,22.96,4484922,104084736.00
2023/03/27,22.84,23.26,22.57,23.11,3776324,87759760.00
2023/03/28,23.26,25.44,23.03,25.44,11989399,295675360.00
2023/03/29,25.81,25.81,24.32,24.53,10315783,257611136.00
2023/03/30,24.09,27.00,23.41,26.67,12340628,307279744.00
2023/03/31,25.81,26.49,25.36,25.63,10066269,262417440.00
2023/04/03,25.17,26.78,24.61,25.82,8535941,220723296.00
2023/04/04,25.58,25.79,24.74,24.97,7439816,189205008.00
2023/04/06,24.61,24.91,23.81,23.81,6102472,149339568.00
2023/04/07,23.65,24.25,23.52,23.77,3456668,83259144.00
2023/04/10,23.89,24.06,23.08,23.14,4045114,95548560.00
2023/04/11,22.99,23.43,22.89,23.27,2921254,68193168.00
2023/04/12,23.22,23.27,22.64,22.83,2976353,68591144.00
2023/04/13,22.81,23.14,22.55,22.92,3096500,71398080.00
2023/04/14,22.97,23.80,22.84,23.65,4953470,117219648.00
2023/04/17,23.32,23.60,23.02,23.30,2887135,67756176.00
2023/04/18,23.30,23.34,22.43,22.52,3712794,85136960.00
2023/04/19,22.35,22.37,21.84,22.01,3064216,68025384.00
2023/04/20,21.85,22.04,21.46,21.47,2454832,53615292.00
2023/04/21,21.45,21.67,20.75,20.80,2450037,52473208.00
2023/04/24,20.63,21.31,20.36,21.07,2193459,46284844.00
2023/04/25,20.98,21.07,19.75,19.93,2546210,52109104.00
2023/04/26,19.86,20.55,19.76,20.39,1978015,40634236.00
2023/04/27,20.13,20.80,20.13,20.36,1673369,34715524.00
2023/04/28,20.38,20.90,20.38,20.84,1526756,31861096.00
2023/05/04,20.84,21.14,20.63,20.80,1293540,27217654.00
2023/05/05,20.62,21.02,20.48,20.63,1197684,24962824.00
2023/05/08,20.66,20.91,20.66,20.80,1171876,24562928.00
2023/05/09,20.77,20.80,20.23,20.23,1476267,30392388.00
2023/05/10,20.24,21.31,20.20,21.20,2916390,61645172.00
2023/05/11,21.03,21.11,20.83,20.85,1707452,36066688.00
2023/05/12,20.81,21.15,20.70,20.94,1511949,31982350.00
2023/05/15,20.85,20.97,20.56,20.95,1181768,24837422.00
2023/05/16,20.96,21.06,20.43,20.52,1272184,26485950.00
2023/05/17,20.64,20.85,20.51,20.80,1203675,25175584.00
2023/05/18,20.76,21.14,20.76,20.98,1390659,29461698.00
2023/05/19,20.91,21.34,20.82,21.17,1484656,31691322.00
2023/05/22,21.16,21.30,20.91,21.27,1480865,31606866.00
2023/05/23,21.31,22.12,21.09,21.61,3316132,72192000.00
2023/05/24,21.35,21.76,21.24,21.31,2030013,43973344.00
2023/05/25,21.10,21.53,21.10,21.50,1542723,33241642.00
2023/05/26,21.41,22.11,20.93,21.95,3263166,71477048.00
2023/05/29,21.82,21.96,21.29,21.40,1926412,41761364.00
2023/05/30,21.61,23.56,21.51,23.56,4984759,116480552.00
2023/05/31,23.33,24.07,22.73,23.01,8898713,207905696.00
2023/06/01,22.81,23.23,22.61,22.75,4638346,106660712.00
2023/06/02,22.80,22.85,22.27,22.80,3734270,85021992.00
2023/06/05,23.08,23.08,22.32,22.45,3404569,77474888.00
2023/06/06,22.21,23.02,21.92,22.64,4299757,97408856.00
2023/06/07,22.41,22.47,21.79,21.97,3085523,68478096.00
2023/06/08,22.05,22.41,21.86,22.27,2411700,53875008.00
2023/06/09,22.35,23.97,22.35,22.37,5144669,118682576.00
2023/06/12,22.48,23.79,22.35,23.27,6061951,140055792.00
2023/06/13,23.20,23.53,22.72,22.90,4193070,96715568.00
2023/06/14,22.80,22.84,22.25,22.30,2843982,64248732.00
2023/06/15,22.09,22.36,21.76,22.15,2546172,56501096.00
2023/06/16,22.27,23.26,22.17,22.48,3381295,77033064.00
2023/06/19,22.42,23.22,22.40,22.90,3861584,88609352.00
2023/06/20,22.85,22.85,22.12,22.19,3124314,70247368.00
2023/06/21,22.20,22.53,21.58,21.90,2180693,48194680.00
2023/06/26,21.48,24.10,21.40,24.10,6592032,156917344.00
2023/06/27,24.54,24.70,23.40,23.74,9512440,226716896.00
2023/06/28,23.60,23.90,23.23,23.77,5534900,131092488.00
2023/06/29,23.48,23.90,23.44,23.51,5300529,126063552.00
2023/06/30,23.30,23.79,23.15,23.68,4018341,95043992.00
2023/07/03,23.60,24.37,23.42,23.48,4787439,114489152.00
2023/07/04,23.37,24.83,23.29,24.18,8142903,197444592.00
2023/07/05,24.07,24.83,23.80,24.70,8869360,218080768.00
2023/07/06,24.70,24.70,23.88,24.42,5551776,134978304.00
2023/07/07,24.16,24.69,23.75,23.88,4509502,110017056.00
2023/07/10,23.88,24.37,23.47,24.04,2920256,70003896.00
2023/07/11,23.82,24.78,23.61,24.62,5152481,126137216.00
2023/07/12,24.60,25.39,24.15,24.20,6437981,159488032.00
2023/07/13,24.03,24.38,23.68,24.05,3673453,88416144.00
2023/07/14,23.96,24.04,23.20,23.20,3880809,91559992.00
2023/07/17,23.20,23.34,22.65,23.07,2009758,46249812.00
2023/07/18,23.11,23.93,22.82,23.42,2868007,67346744.00
2023/07/19,23.23,23.37,22.73,22.86,1872118,43163140.00
2023/07/20,22.80,22.96,22.40,22.46,1729506,39294444.00
2023/07/21,22.48,22.66,21.95,22.06,1783336,39993272.00
2023/07/24,21.98,22.23,21.80,22.14,1067200,23652456.00
2023/07/25,22.45,22.96,22.14,22.83,2704878,61724548.00
2023/07/26,22.70,22.98,22.50,22.57,1689304,38566812.00
2023/07/27,22.78,23.12,22.49,22.64,1928373,44277656.00
2023/07/28,22.51,22.84,21.94,22.55,1946557,43838728.00
2023/07/31,22.54,22.90,22.54,22.75,1514942,34613736.00
2023/08/01,22.80,22.80,22.20,22.26,1633073,36650424.00
2023/08/02,22.25,23.31,21.93,22.68,2443815,55252196.00
2023/08/03,22.52,22.62,22.04,22.09,1703419,38120164.00
2023/08/04,22.10,22.25,22.00,22.03,1190407,26381712.00
2023/08/07,22.06,22.10,21.56,21.66,1318984,28763092.00
2023/08/08,21.83,21.87,21.66,21.80,757092,16537914.00
2023/08/09,21.76,21.76,21.39,21.40,984154,21272770.00
2023/08/10,21.44,21.88,21.44,21.84,1305892,28488258.00
2023/08/11,21.90,21.93,21.58,21.58,739069,16154345.00
2023/08/14,21.51,21.89,21.33,21.87,896469,19430872.00
2023/08/15,21.75,22.21,21.74,22.18,1476668,32636588.00
2023/08/16,22.02,22.18,21.15,21.20,1833910,39837280.00
2023/08/17,21.23,21.68,20.80,21.60,1605164,34349460.00
2023/08/18,21.48,22.26,21.43,21.91,2424560,53525796.00
2023/08/21,21.91,22.32,21.83,22.19,1770073,39326012.00
2023/08/22,22.02,22.44,21.31,21.83,2060219,45168144.00
2023/08/23,21.83,21.83,21.10,21.12,1102996,23648252.00
2023/08/24,21.10,21.30,20.21,20.51,1491191,30953354.00
2023/08/25,20.53,20.55,19.43,19.60,1774657,35520868.00
2023/08/28,20.65,20.65,19.72,19.83,1317249,26627742.00
2023/08/29,19.64,21.06,19.64,21.02,2437673,50686120.00
2023/08/30,21.05,21.66,21.02,21.48,2031135,43722496.00
2023/08/31,21.47,21.62,21.30,21.45,1016850,21934088.00
2023/09/01,21.44,21.85,21.38,21.77,1169383,25510834.00
2023/09/04,21.83,21.99,21.70,21.91,931746,20443818.00
2023/09/05,21.95,22.07,21.71,21.80,883273,19359802.00
2023/09/06,21.73,22.17,21.65,22.01,1128063,24938982.00
2023/09/07,21.96,22.06,21.46,21.47,881250,19193996.00
2023/09/08,21.52,21.67,21.25,21.27,808800,17415244.00
2023/09/11,21.27,21.75,21.05,21.60,768100,16592647.00
2023/09/12,21.65,22.01,21.56,21.73,784898,17150014.00
2023/09/13,21.74,21.80,21.11,21.27,1017706,21788726.00
2023/09/14,21.27,21.28,20.76,20.92,847000,17834448.00
2023/09/15,20.92,21.05,20.62,20.75,675450,14097770.00
2023/09/18,20.86,22.34,20.64,21.70,2693119,58874976.00
2023/09/19,21.59,22.20,21.00,22.20,1623346,34682304.00
2023/09/20,21.39,21.70,20.86,20.89,2139392,45713220.00
2023/09/21,20.80,21.06,20.54,20.56,1266800,26342624.00
2023/09/22,20.50,21.35,20.43,21.20,1310888,27744558.00
2023/09/25,21.26,21.34,20.96,21.06,648600,13749887.00
2023/09/26,21.35,21.60,20.92,21.25,931557,19962292.00
2023/09/27,21.11,21.44,20.95,21.10,843063,17972058.00
2023/09/28,21.08,21.64,21.08,21.49,911708,19666118.00
2023/10/09,21.54,21.89,21.30,21.79,1108240,24193154.00
2023/10/10,21.79,21.89,21.46,21.62,844000,18349634.00
2023/10/11,21.61,21.79,21.46,21.51,755450,16369022.00
2023/10/12,21.65,21.94,21.41,21.85,950846,20809758.00
2023/10/13,21.83,22.23,21.74,21.92,1206000,26630684.00
2023/10/16,22.10,22.10,21.59,21.75,699551,15331855.00
2023/10/17,21.75,21.95,21.16,21.37,771100,16551423.00
2023/10/18,21.38,22.07,21.12,21.60,1238258,26989712.00
2023/10/19,21.41,21.70,21.12,21.22,999696,21483366.00
2023/10/20,21.13,23.35,21.13,23.35,3715125,86261584.00
2023/10/23,23.60,23.65,22.36,22.80,7487846,170547552.00
2023/10/24,22.69,23.18,22.33,22.99,6925571,158184944.00
2023/10/25,22.87,23.01,22.53,22.69,5755254,131735720.00
2023/10/26,22.46,23.58,22.23,23.48,8105005,187197984.00
2023/10/27,23.10,23.58,22.86,22.88,6512353,151365408.00
2023/10/30,22.94,23.01,22.48,22.92,3679939,84164232.00
2023/10/31,22.71,22.87,22.03,22.32,3765715,84754000.00
2023/11/01,22.21,23.25,22.20,23.15,5563027,127877888.00
2023/11/02,22.85,23.13,22.45,22.53,3209366,73470128.00
2023/11/03,22.60,23.06,22.60,22.89,2820850,64764776.00
2023/11/06,22.88,23.31,22.82,23.30,4082730,94750312.00
2023/11/07,23.60,23.60,23.01,23.24,3557352,82975616.00
2023/11/08,23.05,23.37,22.72,23.35,3463527,80047704.00
2023/11/09,23.15,23.30,22.56,22.73,3154800,72252232.00
2023/11/10,22.73,22.81,22.25,22.40,1955963,44055964.00
2023/11/13,22.45,24.65,22.30,23.72,7948813,188882800.00
2023/11/14,23.73,23.83,23.36,23.45,3781073,89268376.00
2023/11/15,23.79,23.90,23.20,23.90,4805873,114190840.00
2023/11/16,24.21,25.29,23.68,24.54,10261108,252894560.00
2023/11/17,23.98,26.30,23.98,25.03,9167136,230069136.00
2023/11/20,24.89,27.54,23.99,27.54,11819124,303080992.00
2023/11/21,27.90,30.30,27.54,30.30,9810262,285694752.00
2023/11/22,32.00,33.34,28.15,33.34,16832782,526866656.00
2023/11/23,35.59,36.68,30.10,31.35,23953035,817476480.00
2023/11/24,28.21,32.98,28.21,29.45,18758111,545858880.00
2023/11/27,28.50,29.43,26.60,26.76,12321675,346847072.00
2023/11/28,26.48,27.70,25.60,27.12,10861055,289414144.00
2023/11/29,27.00,28.37,26.72,27.48,10990831,306301344.00
2023/11/30,28.00,29.42,26.46,28.92,14977679,424865760.00
2023/12/01,27.98,28.10,26.99,27.38,9522310,262762048.00
2023/12/04,27.39,27.60,26.78,26.87,6226658,168919792.00
2023/12/05,26.56,26.96,25.67,25.70,6915994,182261136.00
2023/12/06,25.40,26.39,25.11,25.94,5788009,150463296.00
2023/12/07,25.78,25.78,25.04,25.10,5489916,139502192.00
2023/12/08,25.19,25.23,24.52,24.63,4117285,102144904.00
2023/12/11,24.40,25.42,24.40,24.85,3414596,84907544.00
2023/12/12,24.85,25.36,24.60,25.35,4454180,112230448.00
2023/12/13,25.34,25.63,25.09,25.24,3456511,88067248.00
2023/12/14,25.42,25.47,24.50,24.52,3150046,78367320.00
2023/12/15,24.72,24.75,24.14,24.39,2140100,52474728.00
2023/12/18,24.39,24.85,24.22,24.54,2488756,61435956.00
2023/12/19,24.71,25.67,24.15,25.29,6127065,154806352.00
2023/12/20,25.69,25.80,24.97,25.03,5088879,130184648.00
2023/12/21,25.09,25.78,24.47,25.78,5512593,139857872.00
2023/12/22,25.51,27.05,25.51,26.67,10712400,284584480.00
2023/12/25,26.41,28.27,25.92,28.05,11396173,311028032.00
2023/12/26,27.47,27.93,26.50,27.65,8255699,226177264.00
2023/12/27,27.34,27.37,25.91,25.93,5967672,158087904.00
2023/12/28,25.49,25.49,23.50,25.10,6752319,167458928.00
2023/12/29,24.88,26.78,24.76,25.82,4858010,125695744.00
2024/01/02,25.81,26.70,25.81,26.18,5050464,133442088.00
2024/01/03,26.06,26.10,24.72,25.08,4387046,110907088.00
2024/01/04,25.00,25.56,24.28,25.19,3281800,82368752.00
2024/01/05,25.19,25.30,23.75,23.98,3545400,86707800.00
2024/01/08,23.98,24.09,23.12,23.16,2479000,58604168.00
2024/01/09,23.21,24.19,23.21,23.46,2469650,58767352.00
2024/01/10,23.46,23.55,22.85,22.89,2212650,51179832.00
2024/01/11,23.01,23.48,22.80,23.42,2077880,48424152.00
2024/01/12,23.42,23.86,23.15,23.20,2016200,47594184.00
2024/01/15,23.25,23.34,22.81,23.07,1329100,30796746.00
2024/01/16,23.26,23.26,22.65,23.01,2043350,46914216.00
2024/01/17,22.95,23.04,22.28,22.32,1525666,34679260.00
2024/01/18,22.14,22.69,21.56,22.05,1938573,42601236.00
2024/01/19,22.07,22.27,21.70,21.76,1270001,28039756.00
2024/01/22,21.76,21.97,20.29,20.47,1865000,39685772.00
2024/01/23,20.45,20.79,19.90,20.41,1717739,35238916.00
2024/01/24,20.70,20.85,19.79,20.51,1486273,30343976.00
2024/01/25,20.63,21.18,20.11,21.08,2131473,44363208.00
2024/01/26,21.14,21.20,20.75,20.91,1578766,33323130.00
2024/01/29,21.02,21.21,20.12,20.27,1239293,25555550.00
2024/01/30,20.15,20.53,19.56,19.59,1215273,24356958.00
2024/01/31,19.77,19.85,18.40,18.42,1556573,29629284.00
2024/02/01,18.40,18.45,17.69,18.06,1456723,26592950.00
2024/02/02,18.91,18.91,16.52,17.15,1928350,33960928.00
2024/02/05,17.02,17.07,15.43,15.43,2248851,35386560.00
2024/02/06,14.88,15.80,13.88,14.86,3470985,50509296.00
2024/02/07,14.78,14.95,13.36,13.40,4791104,66935800.00
2024/02/08,13.40,14.74,12.70,14.72,4402588,61268980.00
2024/02/19,14.83,15.45,14.75,15.39,3452393,52662464.00
2024/02/20,15.28,16.07,14.98,15.76,2898083,45303528.00
2024/02/21,15.61,16.90,15.40,16.08,3968960,64829380.00
2024/02/22,15.97,16.95,15.96,16.86,3708739,61318028.00
2024/02/23,16.75,17.40,16.62,17.36,3734518,63888084.00
2024/02/26,17.36,18.26,17.30,17.70,4119634,73547712.00
2024/02/27,17.90,18.70,17.71,18.56,3968501,73297296.00
2024/02/28,18.56,19.00,16.69,16.69,5282369,95167528.00
2024/02/29,16.00,17.65,15.98,17.65,3588244,61282248.00
2024/03/01,17.67,17.88,17.30,17.58,2677200,47348632.00
2024/03/04,17.64,17.71,16.91,17.28,2183900,37913192.00
2024/03/05,17.07,17.23,16.72,16.81,2172963,36989532.00
2024/03/06,16.89,17.44,16.60,17.28,2213455,38256800.00
2024/03/07,17.27,19.02,17.27,19.02,9293836,174368416.00
2024/03/08,18.75,18.79,18.00,18.53,7399275,136404048.00
2024/03/11,18.16,19.78,18.05,19.54,7910222,151421296.00
2024/03/12,19.41,20.40,18.97,20.38,8249197,163146832.00
2024/03/13,20.15,20.67,19.78,19.96,5609887,113497568.00
2024/03/14,19.66,19.75,18.75,19.12,4193976,81213184.00
2024/03/15,18.89,19.58,18.89,19.50,3188050,62049076.00
2024/03/18,19.51,19.88,19.46,19.70,3566937,70330240.00
2024/03/19,19.58,19.75,19.40,19.51,2755559,54270128.00
2024/03/20,19.41,19.69,19.33,19.50,2429431,47529732.00
2024/03/21,19.60,19.66,19.23,19.53,2751727,53766436.00
2024/03/22,19.43,19.50,18.96,19.09,2557819,49272764.00
2024/03/25,18.90,19.15,18.31,18.34,2183942,41215260.00
2024/03/26,18.34,18.90,18.28,18.81,2530492,47232016.00
2024/03/27,18.66,19.01,17.70,17.73,2282969,41786004.00
2024/03/28,17.82,18.50,17.73,18.30,2055570,37665180.00
2024/03/29,18.40,18.78,18.21,18.39,1453073,26912178.00
2024/04/01,18.39,19.34,18.39,19.33,3006789,57423268.00
2024/04/02,19.34,19.50,18.90,19.40,2952750,57107572.00
2024/04/03,19.35,19.38,18.73,19.08,2018150,38537908.00
2024/04/08,19.08,19.38,18.65,18.77,2375563,45308864.00
2024/04/09,18.58,18.96,18.50,18.80,1606100,30172076.00
2024/04/10,18.72,18.79,17.93,18.22,1863000,34183992.00
2024/04/11,17.95,18.41,17.91,17.92,1165550,21264128.00
2024/04/12,17.93,18.58,17.92,17.99,1473673,26961830.00
2024/04/15,17.90,18.00,16.30,16.50,2749700,46501620.00
2024/04/16,16.50,16.77,14.84,14.84,2654800,40351320.00
2024/04/17,14.84,16.25,14.84,16.23,2529800,40246936.00
2024/04/18,16.42,16.70,15.80,16.23,2195700,35988000.00
2024/04/19,16.20,16.37,15.94,16.10,1330940,21558032.00
2024/04/22,16.29,16.29,15.42,15.88,960219,15339909.00
2024/04/23,15.97,16.35,15.92,16.18,1328073,21629948.00
2024/04/24,16.18,16.88,16.11,16.84,1795726,30143990.00
2024/04/25,16.78,17.20,16.73,17.04,1255673,21505986.00
2024/04/26,16.90,17.48,16.90,17.36,1697313,29492986.00
2024/04/29,17.90,18.18,17.59,18.08,1808516,32612170.00
2024/04/30,17.84,18.13,17.65,17.87,1565050,28143472.00
2024/05/06,17.95,18.43,17.95,18.35,1448731,26661346.00
2024/05/07,18.34,18.42,18.07,18.33,1176150,21552800.00
2024/05/08,18.33,18.33,18.00,18.00,1098008,20018012.00
2024/05/09,18.01,18.45,18.01,18.31,1094400,20146620.00
2024/05/10,18.20,18.39,17.90,17.97,1078373,19566438.00
2024/05/13,17.52,17.99,17.25,17.33,1400650,24640344.00
2024/05/14,17.89,17.89,17.27,17.60,1025308,18161930.00
2024/05/15,17.65,17.70,17.42,17.45,701100,12395850.00
2024/05/16,17.55,17.80,17.47,17.65,835700,14886032.00
2024/05/17,17.53,17.85,17.50,17.83,733450,13055922.00
2024/05/20,17.83,17.99,17.57,17.73,1047273,18679902.00
2024/05/21,17.72,17.73,17.27,17.43,929173,16266306.00
2024/05/22,17.57,17.57,17.15,17.30,1289200,22454868.00
2024/05/23,17.30,17.30,16.85,16.88,1238800,21178072.00
2024/05/24,16.88,17.08,16.75,16.83,913000,15518905.00
2024/05/27,16.88,16.93,16.44,16.80,989100,16552423.00
2024/05/28,16.74,16.74,16.38,16.41,1160300,19296548.00
2024/05/29,16.35,16.64,16.24,16.50,1709700,28270380.00
2024/05/30,16.39,16.62,16.25,16.54,1655200,27471280.00
2024/05/31,16.50,16.91,16.46,16.83,1239600,20943828.00
2024/06/03,16.75,16.93,16.10,16.21,1535035,25401142.00
2024/06/04,16.05,16.23,15.44,15.67,1560188,24601184.00
2024/06/05,15.67,15.67,15.23,15.26,1447400,22454396.00
2024/06/06,15.27,15.35,14.14,14.29,2361400,34657596.00
2024/06/07,14.47,14.97,14.47,14.96,1925450,28721360.00
2024/06/11,14.87,15.02,14.53,14.94,1305800,19477544.00
2024/06/12,14.94,15.20,14.81,15.18,1086400,16511538.00
2024/06/13,15.02,15.30,15.00,15.20,1047640,15981268.00
2024/06/14,15.18,15.20,14.90,15.04,901500,13656331.00
2024/06/17,15.04,15.24,14.94,14.98,1239900,18794038.00
2024/06/18,15.06,15.36,14.94,15.32,1053509,16163611.00
2024/06/19,15.38,15.65,15.24,15.25,1116496,17315222.00
2024/06/20,15.35,15.35,14.82,14.83,1496100,22544792.00
2024/06/21,14.78,15.06,14.53,14.93,819694,12240800.00
2024/06/24,14.78,14.90,14.05,14.11,1670412,24019486.00
2024/06/25,14.16,14.74,14.16,14.58,1707702,25007834.00
2024/06/26,14.52,16.05,14.38,16.05,2899750,45104108.00
2024/06/27,16.60,17.67,16.04,16.06,10274227,174721136.00
2024/06/28,15.83,15.96,15.12,15.71,7329785,115422336.00
2024/07/01,15.41,15.71,15.28,15.68,4588859,71491416.00
2024/07/02,15.61,15.81,15.47,15.69,3602175,56660740.00
2024/07/03,15.62,16.37,15.40,15.86,5660502,90283192.00
2024/07/04,15.43,15.70,14.79,14.82,4196378,64215536.00
2024/07/05,14.72,15.12,14.34,15.06,2264199,33891780.00
2024/07/08,15.05,15.07,14.40,14.57,2054640,30329916.00
2024/07/09,14.12,14.78,14.01,14.76,2494199,36297536.00
2024/07/10,14.56,15.18,14.55,14.72,2018500,30251182.00
2024/07/11,14.96,15.29,14.96,15.21,2173852,32935408.00
2024/07/12,15.21,15.46,15.15,15.36,1969000,30113656.00
2024/07/15,15.36,15.45,14.93,14.95,1464200,22152808.00
2024/07/16,14.88,15.08,14.77,14.90,1162463,17317924.00
2024/07/17,14.89,14.89,14.40,14.40,1313400,19148160.00
2024/07/18,14.35,14.50,13.88,14.45,1762819,24995690.00
2024/07/19,14.39,14.64,14.31,14.58,1459800,21194944.00
2024/07/22,14.58,14.90,14.38,14.84,1806900,26436516.00
2024/07/23,14.90,14.98,14.46,14.49,1569500,23186236.00
2024/07/24,14.36,14.51,13.98,13.98,1627773,23117916.00
2024/07/25,13.86,14.49,13.83,14.40,1825819,26018428.00
2024/07/26,14.38,14.65,14.25,14.47,1221700,17707508.00
2024/07/29,14.55,14.65,14.28,14.45,1403313,20361926.00
2024/07/30,14.45,14.46,14.22,14.44,1255400,17976060.00
2024/07/31,14.60,14.89,14.45,14.79,2745019,40303412.00
2024/08/01,14.77,14.89,14.69,14.84,1993254,29491650.00
2024/08/02,14.79,14.85,14.54,14.61,1455300,21418602.00
2024/08/05,14.50,14.74,14.08,14.09,1937900,28004008.00
2024/08/06,14.16,14.44,14.16,14.44,1287900,18436268.00
2024/08/07,14.55,14.55,14.31,14.48,824000,11918668.00
2024/08/08,14.47,14.49,14.14,14.36,1124600,16104789.00
2024/08/09,14.40,14.55,14.29,14.33,1090300,15714417.00
2024/08/12,14.34,14.36,14.09,14.20,1138000,16143471.00
2024/08/13,14.20,14.34,14.08,14.34,1103263,15693123.00
2024/08/14,14.34,14.43,14.24,14.26,845912,12126214.00
2024/08/15,14.26,14.40,14.09,14.27,1084649,15470216.00
2024/08/16,14.32,14.54,14.27,14.40,1424549,20557876.00
2024/08/19,14.49,14.55,14.24,14.45,1219100,17587204.00
2024/08/20,14.57,14.57,13.88,13.98,1535200,21695180.00
2024/08/21,13.98,14.09,13.91,14.01,1049400,14691906.00
2024/08/22,14.00,14.07,13.56,13.56,1317700,18143728.00
2024/08/23,13.65,13.65,13.26,13.55,1128700,15190236.00
2024/08/26,13.47,13.97,13.45,13.92,1092900,15112954.00
2024/08/27,13.93,13.96,13.52,13.60,947500,12964836.00
2024/08/28,13.56,13.81,13.40,13.75,1139100,15534210.00
2024/08/29,13.95,13.95,13.55,13.91,1022366,14139960.00
2024/08/30,13.95,14.21,13.83,14.05,1716300,24158206.00
2024/09/02,14.05,14.13,13.83,13.83,1233000,17264314.00
2024/09/03,13.79,14.09,13.79,14.07,980300,13731005.00
2024/09/04,14.00,14.21,13.90,14.07,1001173,14088416.00
2024/09/05,14.15,14.22,14.02,14.13,896600,12646575.00
2024/09/06,14.17,14.25,13.75,13.78,1206700,16855544.00
2024/09/09,13.73,13.97,13.50,13.78,792915,10902855.00
2024/09/10,13.85,13.95,13.66,13.93,706002,9752733.00
2024/09/11,13.93,14.05,13.66,13.76,907228,12528306.00
2024/09/12,13.76,13.89,13.54,13.57,828400,11339995.00
2024/09/13,13.58,13.61,13.23,13.27,1023200,13675601.00
2024/09/18,13.28,13.34,12.84,13.07,933668,12153757.00
2024/09/19,13.15,13.50,13.08,13.39,1283361,17137058.00
2024/09/20,13.44,14.73,13.26,14.73,6888353,99968952.00
2024/09/23,14.62,14.72,14.20,14.55,8348096,120442408.00
2024/09/24,14.54,14.65,14.10,14.65,5844676,84577208.00
2024/09/25,14.65,15.50,14.59,14.70,7073495,105139224.00
2024/09/26,14.72,15.66,14.69,15.44,7457661,113163904.00
2024/09/27,15.40,16.19,15.20,16.06,7927570,124002720.00
2024/09/30,16.51,17.39,16.05,17.35,9187994,154069808.00
2024/10/08,18.91,18.97,16.82,17.85,10242891,183522240.00
2024/10/09,17.20,17.25,16.07,16.07,5096694,84765592.00
2024/10/10,16.18,16.46,15.72,16.07,3582027,57745960.00
2024/10/11,16.10,17.68,15.31,16.86,9445949,159417728.00
2024/10/14,16.00,16.60,15.44,16.60,7108460,113982952.00
2024/10/15,16.38,16.38,15.89,15.89,4040900,65213880.00
2024/10/16,15.57,16.01,15.52,15.76,2277000,35992384.00
2024/10/17,15.77,16.06,15.67,15.68,2219900,35192000.00
2024/10/18,15.69,16.29,15.60,16.08,3185267,50886008.00
2024/10/21,16.14,16.74,15.91,16.40,4821331,78305648.00
2024/10/22,16.30,16.61,16.17,16.51,3223810,53046176.00
2024/10/23,16.59,16.81,16.40,16.68,3363013,55979088.00
2024/10/24,16.64,16.74,16.22,16.30,2236900,36732896.00
2024/10/25,16.30,16.55,16.30,16.49,2355200,38709680.00
2024/10/28,16.47,16.77,16.40,16.74,2301572,38206312.00
2024/10/29,16.74,17.10,16.47,16.48,2967977,49589112.00
2024/10/30,16.20,16.48,15.88,16.02,2787888,44938028.00
2024/10/31,16.09,16.13,15.89,16.08,1936750,31051100.00
2024/11/01,16.08,16.17,15.54,15.64,2153600,34042384.00
2024/11/04,15.63,16.09,15.63,16.08,1731500,27678288.00
2024/11/05,16.08,16.34,16.07,16.31,2150150,34907648.00
2024/11/06,16.36,16.51,16.18,16.30,2782127,45542232.00
2024/11/07,16.39,17.03,16.30,16.80,3789609,63384748.00
2024/11/08,16.85,16.97,16.64,16.69,2678341,44880460.00
2024/11/11,16.69,16.94,16.60,16.90,2832273,47658732.00
2024/11/12,17.00,17.44,16.83,16.97,3988243,68157096.00
2024/11/13,16.96,17.12,16.56,17.04,2252300,38047344.00
2024/11/14,17.10,17.10,16.55,16.61,1740146,29202810.00
2024/11/15,16.60,16.83,16.32,16.36,1911850,31757962.00
2024/11/18,16.51,16.56,15.90,16.02,1809173,29244344.00
2024/11/19,15.99,16.43,15.99,16.43,1529360,24839720.00
2024/11/20,16.40,16.80,16.40,16.79,1893100,31572302.00
2024/11/21,16.78,17.01,16.68,16.92,1836100,31035300.00
2024/11/22,16.86,16.99,16.20,16.30,1943000,32413556.00
数据来源:通达信
