002219 新里程 日线 前复权
      日期	    开盘	    最高	    最低	    收盘	    成交量	    成交额
2016/06/22,13.41,13.41,13.41,13.41,1087500,14583375.00
2016/06/23,12.07,12.07,12.07,12.07,2603700,31426660.00
2016/06/24,10.86,11.50,10.86,10.99,156444565,1717728128.00
2016/06/27,10.70,10.95,10.60,10.84,62200914,672199040.00
2016/06/28,10.72,11.20,10.68,11.04,46623952,512967712.00
2016/06/29,11.01,11.11,10.94,11.06,35713624,393713728.00
2016/06/30,11.10,11.17,10.96,11.05,21224340,234165120.00
2016/07/01,10.94,11.00,10.81,10.85,27256633,296295968.00
2016/07/04,10.84,10.95,10.73,10.89,25863958,280308096.00
2016/07/05,10.80,11.04,10.78,10.86,28104319,306383584.00
2016/07/06,10.88,10.94,10.78,10.89,21400204,232298192.00
2016/07/07,10.91,11.02,10.82,10.92,23992044,261849376.00
2016/07/08,10.88,10.91,10.80,10.83,16269761,176418400.00
2016/07/11,10.85,10.91,10.82,10.85,19268838,209391664.00
2016/07/12,10.89,10.90,10.78,10.85,21059609,227935616.00
2016/07/13,10.88,10.89,10.82,10.88,17840259,193596192.00
2016/07/14,10.87,10.88,10.78,10.85,16895092,182812528.00
2016/07/15,10.87,10.87,10.79,10.82,9838864,106376208.00
2016/07/18,10.85,10.86,10.80,10.82,12184391,131956144.00
2016/07/19,10.84,10.87,10.78,10.87,12707438,137379360.00
2016/07/20,10.90,11.96,10.86,11.96,44787966,526732832.00
2016/07/21,12.03,13.00,11.96,12.96,92830013,1162753024.00
2016/07/22,12.80,13.35,12.49,12.99,61068403,786171136.00
2016/07/25,12.95,12.97,12.59,12.85,27810776,354894112.00
2016/07/26,12.88,13.08,12.73,12.93,23626493,305548224.00
2016/07/27,12.93,13.00,12.25,12.49,34154383,431291008.00
2016/07/28,12.48,12.65,12.00,12.27,21800709,268497536.00
2016/07/29,12.30,12.78,12.20,12.55,22021163,275275904.00
2016/08/01,12.13,12.13,11.61,11.80,23133196,273619776.00
2016/08/02,11.62,12.14,11.62,11.90,11229334,133487360.00
2016/08/03,11.97,12.10,11.75,11.80,10220283,121599880.00
2016/08/04,11.89,11.96,11.68,11.78,11233205,132564496.00
2016/08/05,11.74,11.92,11.61,11.90,13552780,159794048.00
2016/08/08,11.82,12.06,11.70,12.06,11781999,140047328.00
2016/08/09,12.05,12.50,12.03,12.33,22225227,273719680.00
2016/08/10,12.42,13.56,12.15,13.56,28424042,371621888.00
2016/08/11,13.82,14.10,13.29,13.57,50705681,696426560.00
2016/08/12,13.36,13.74,13.25,13.49,24384244,328456128.00
2016/08/15,13.48,13.88,13.39,13.66,25057760,341892032.00
2016/08/16,13.58,14.70,13.36,14.23,38890624,543804032.00
2016/08/17,14.10,14.45,13.86,14.11,24833995,351556064.00
2016/08/18,13.95,14.37,13.90,14.14,18606003,264459360.00
2016/08/19,14.08,14.21,13.90,14.05,13391163,188127808.00
2016/08/22,14.28,14.70,14.08,14.16,19483028,279294272.00
2016/08/23,14.18,14.31,14.02,14.11,11227072,158713536.00
2016/08/24,14.03,14.20,14.00,14.07,10102672,142187536.00
2016/08/25,14.01,14.01,13.50,13.60,13464932,183585264.00
2016/08/26,13.72,13.94,13.60,13.75,10915299,150169216.00
2016/08/29,13.90,14.00,13.68,13.68,10698515,147790064.00
2016/08/30,13.60,13.89,13.56,13.66,8350959,114072800.00
2016/08/31,13.60,13.78,13.57,13.59,7020225,95822648.00
2016/09/01,13.56,13.75,13.40,13.50,8693058,117783184.00
2016/09/02,13.50,13.70,13.38,13.52,10815522,146225392.00
2016/09/05,13.66,13.70,13.42,13.44,6393782,86558264.00
2016/09/06,13.41,13.52,13.23,13.44,8681455,116098168.00
2016/09/07,13.51,13.95,13.42,13.90,16235548,222423024.00
2016/09/08,13.93,13.98,13.68,13.71,9326922,128672408.00
2016/09/09,13.71,13.83,13.40,13.41,9158099,124429640.00
2016/09/12,13.23,13.23,12.50,12.50,15581208,199774688.00
2016/09/13,12.70,13.13,12.61,12.98,13438623,172791184.00
2016/09/14,12.80,12.98,12.70,12.78,6546023,83838424.00
2016/09/19,12.79,13.08,12.79,12.92,5187285,67162312.00
2016/09/20,12.92,13.07,12.86,12.92,4241828,54850200.00
2016/09/21,12.92,13.03,12.84,12.84,3903529,50268696.00
2016/09/22,12.91,12.98,12.76,12.89,4260296,54798200.00
2016/09/23,12.91,12.91,12.79,12.79,3881241,49783648.00
2016/09/26,12.78,12.88,12.60,12.60,5222258,66510356.00
2016/09/27,12.55,12.73,12.42,12.53,4503415,56563944.00
2016/09/28,12.65,12.65,12.18,12.30,5635595,69871272.00
2016/09/29,12.26,12.46,12.22,12.25,4094672,50441896.00
2016/09/30,12.29,12.70,12.21,12.65,7525323,93674040.00
2016/10/10,12.70,12.94,12.70,12.80,7308501,93470568.00
2016/10/11,12.77,12.98,12.70,12.88,7551601,96794696.00
2016/10/12,12.89,12.89,12.72,12.72,5161370,65960088.00
2016/10/13,12.82,12.84,12.73,12.76,4846534,61949792.00
2016/10/14,12.69,13.88,12.68,13.35,19634713,262610160.00
2016/10/27,13.70,14.50,13.41,13.48,20796586,286298112.00
2016/10/28,13.50,13.57,13.03,13.12,9596892,127138400.00
2016/10/31,13.00,13.39,12.92,13.16,7246307,95720624.00
2016/11/01,13.16,13.29,12.91,13.14,8090051,105955096.00
2016/11/02,13.04,13.26,12.81,12.94,9805511,127926680.00
2016/11/03,12.95,12.99,12.80,12.88,6823296,87939576.00
2016/11/04,12.88,13.04,12.80,12.89,5444389,69990840.00
2016/11/07,12.89,13.26,12.82,13.11,7344887,96047480.00
2016/11/08,13.12,13.30,13.12,13.16,6179467,81634664.00
2016/11/09,13.16,13.27,12.78,13.03,9328040,121532488.00
2016/11/10,13.04,13.20,12.92,13.00,9174935,119520456.00
2016/11/11,13.00,13.22,12.53,13.20,13178021,170511552.00
2016/11/14,13.16,13.16,12.92,13.02,9436091,123131488.00
2016/11/15,13.03,13.14,12.88,12.99,6563258,85224936.00
2016/11/16,12.99,13.00,12.85,12.89,6070079,78409568.00
2016/11/17,12.88,13.11,12.81,12.91,6572888,85296864.00
2016/11/18,12.92,12.97,12.86,12.89,3944030,50952488.00
2016/11/21,12.90,13.01,12.69,12.75,5904923,75832552.00
2016/11/22,12.78,13.01,12.73,12.90,6281471,80929912.00
2016/11/23,12.91,12.97,12.77,12.80,4545096,58338468.00
2016/11/24,12.79,12.87,12.45,12.60,6804854,86132768.00
2016/11/25,12.60,12.89,12.46,12.85,7578664,96234272.00
2016/11/28,12.86,13.30,12.81,13.14,12702183,166700160.00
2016/11/29,13.15,13.25,13.03,13.03,7374616,96753560.00
2016/11/30,12.99,13.15,12.89,12.97,4922588,64014144.00
2016/12/01,12.91,13.08,12.90,12.99,6275962,81519304.00
2016/12/02,13.00,13.03,12.71,12.72,5668020,72741456.00
2016/12/05,12.65,12.79,12.46,12.56,3699932,46591112.00
2016/12/06,12.56,13.28,12.56,13.01,12887588,167494880.00
2016/12/07,12.96,13.25,12.96,13.16,8632683,113158560.00
2016/12/08,13.25,13.26,13.00,13.01,6483667,85178784.00
2016/12/09,13.02,13.21,13.00,13.02,6866625,89936176.00
2016/12/12,13.09,13.15,12.63,12.69,7743027,99211808.00
2016/12/13,12.69,12.76,12.50,12.73,4064106,51374820.00
2016/12/14,12.66,12.82,12.50,12.58,6561677,82542784.00
2016/12/15,12.55,12.80,12.46,12.51,3217168,40488780.00
2016/12/16,12.63,12.64,12.40,12.52,4668514,58510960.00
2016/12/19,12.53,12.59,12.19,12.27,5723070,70663528.00
2016/12/20,12.35,12.35,12.08,12.26,3938787,48027936.00
2016/12/21,12.27,12.64,12.27,12.51,6023884,75239672.00
2016/12/22,12.55,12.56,12.24,12.24,4279848,52890484.00
2016/12/23,12.28,12.30,12.10,12.13,3447965,41978112.00
2016/12/26,12.13,12.35,11.87,12.10,6486877,78256840.00
2016/12/27,12.13,12.24,12.01,12.07,3463778,41906248.00
2016/12/28,12.17,12.20,11.96,12.08,3442277,41570332.00
2016/12/29,12.06,12.10,11.93,11.96,3305646,39735712.00
2016/12/30,11.95,12.04,11.88,11.98,4400923,52634268.00
2017/01/03,12.01,12.36,12.01,12.27,7879166,96386864.00
2017/01/04,12.19,12.22,12.06,12.17,5278724,64147596.00
2017/01/05,12.15,12.37,12.15,12.29,5492182,67408392.00
2017/01/06,12.37,12.37,12.23,12.26,5489059,67445752.00
2017/01/09,12.21,12.31,12.10,12.13,5726133,69715960.00
2017/01/10,12.12,12.30,11.96,12.08,4779440,57841544.00
2017/01/11,12.07,12.25,12.07,12.13,3458416,42122912.00
2017/01/12,12.18,12.31,12.10,12.15,3458767,42210912.00
2017/01/13,12.16,12.19,11.99,11.99,2349625,28311332.00
2017/01/16,12.00,12.29,11.11,12.01,6950742,83119504.00
2017/01/17,11.87,12.10,11.84,11.93,3329453,39762216.00
2017/01/18,11.90,12.13,11.90,12.10,3809734,45722516.00
2017/01/19,12.03,12.18,12.00,12.18,3014111,36424584.00
2017/01/20,12.15,12.30,12.12,12.29,5306857,64943400.00
2017/01/23,12.28,12.32,12.10,12.30,3833539,46956472.00
2017/01/24,12.30,12.30,12.15,12.22,2607686,31845004.00
2017/01/25,12.19,12.33,12.13,12.24,2107184,25809756.00
2017/01/26,12.29,12.32,12.24,12.29,1765960,21711004.00
2017/02/03,12.31,12.49,12.24,12.41,2656521,32922622.00
2017/02/06,12.42,12.68,12.42,12.50,3790956,47585380.00
2017/02/07,12.55,12.65,12.41,12.56,2962381,37235856.00
2017/02/08,12.52,12.60,12.49,12.56,1965609,24663610.00
2017/02/09,12.53,12.60,12.49,12.56,2595920,32556468.00
2017/02/10,12.55,12.65,12.46,12.62,3004424,37778696.00
2017/02/13,12.64,13.80,12.64,13.23,11667654,154879904.00
2017/02/14,13.23,13.36,13.07,13.18,5490340,72412688.00
2017/02/15,13.30,13.30,12.95,13.11,6188857,81265672.00
2017/02/16,13.11,13.15,12.88,13.02,5284559,68452992.00
2017/02/17,12.99,13.23,12.85,12.90,8676623,113047248.00
2017/02/20,12.73,13.14,12.73,13.12,5570913,72581632.00
2017/02/21,13.07,13.25,13.06,13.13,12079794,158862800.00
2017/02/22,13.11,13.27,12.96,13.15,12700010,166502240.00
2017/02/23,13.13,13.23,13.05,13.20,4858129,63868820.00
2017/02/24,13.18,13.46,13.18,13.30,7751866,103441944.00
2017/02/27,13.26,13.45,13.04,13.12,6072662,80246176.00
2017/02/28,13.18,13.39,13.14,13.27,6682180,88867808.00
2017/03/01,13.23,13.34,13.03,13.08,7217688,94831488.00
2017/03/02,13.10,13.14,12.93,13.01,4627348,60198476.00
2017/03/03,13.03,13.08,12.91,13.02,2602242,33796584.00
2017/03/06,13.08,13.09,12.87,12.97,4755311,61505776.00
2017/03/07,12.98,13.00,12.81,12.86,3166757,40789876.00
2017/03/08,12.85,13.05,12.77,12.87,3857460,49807916.00
2017/03/09,12.81,12.95,12.81,12.88,2044981,26333826.00
2017/03/10,12.89,12.95,12.69,12.79,4132039,52720880.00
2017/03/13,12.78,12.80,12.65,12.70,3340415,42396236.00
2017/03/14,12.70,12.80,12.67,12.75,2877505,36628636.00
2017/03/15,12.75,12.95,12.67,12.88,4032733,51825084.00
2017/03/16,12.87,12.95,12.86,12.90,3761680,48489600.00
2017/03/17,12.90,12.96,12.69,12.74,3217200,41306136.00
2017/03/20,12.69,12.69,12.48,12.59,6591028,82645112.00
2017/03/21,12.58,13.10,12.53,12.83,8470591,108451952.00
2017/03/22,12.66,12.85,12.66,12.70,3334535,42448552.00
2017/03/23,12.76,12.93,12.65,12.71,3124353,39946208.00
2017/03/24,12.74,12.83,12.65,12.73,3763088,47952552.00
2017/03/27,12.83,12.90,12.73,12.82,4237452,54354264.00
2017/03/28,12.80,12.84,12.60,12.77,3395009,43245824.00
2017/03/29,12.78,12.84,12.50,12.62,4813180,60781924.00
2017/03/30,12.60,12.72,12.20,12.68,6115349,76179080.00
2017/03/31,12.63,12.79,12.55,12.69,2653159,33636444.00
2017/04/05,12.69,12.96,12.55,12.77,5799722,73653480.00
2017/04/06,12.76,12.85,12.73,12.77,3609051,46097716.00
2017/04/07,12.73,12.94,12.71,12.83,6089830,78395824.00
2017/04/10,12.82,12.94,12.66,12.81,5256609,67319208.00
2017/04/11,12.80,12.80,12.60,12.70,4305652,54628388.00
2017/04/12,12.63,12.85,12.43,12.46,5083294,64029400.00
2017/04/13,12.43,12.65,12.43,12.54,2919525,36668620.00
2017/04/14,12.55,12.61,12.33,12.38,4143650,51497160.00
2017/04/17,12.38,12.38,12.09,12.35,5294922,64827576.00
2017/04/18,12.34,12.34,12.06,12.08,3051206,37007512.00
2017/04/19,12.06,12.10,11.90,11.97,2250241,26913304.00
2017/04/20,11.77,12.06,11.62,11.62,3055350,36114024.00
2017/05/19,12.78,12.78,12.78,12.78,1253700,16022286.00
2017/05/22,14.06,14.06,12.80,12.86,47731295,641064640.00
2017/05/23,12.58,13.15,11.57,13.03,24366520,303014976.00
2017/05/24,12.88,13.00,12.45,12.47,7702177,97876760.00
2017/05/25,12.44,12.69,11.93,12.04,8494667,103685104.00
2017/05/26,12.08,12.14,11.69,12.13,16807341,201559504.00
2017/05/31,12.05,12.19,11.93,11.97,5125770,61731492.00
2017/06/01,11.97,12.03,11.65,11.78,5585795,65845448.00
2017/06/02,11.74,12.05,11.62,11.98,5485645,65078436.00
2017/06/05,11.97,12.08,11.90,11.91,2237054,26746466.00
2017/06/06,11.89,12.10,11.87,12.10,6019731,72034696.00
2017/06/07,12.06,12.22,12.01,12.13,3671515,44595596.00
2017/06/08,12.13,12.15,12.03,12.07,2476068,29970076.00
2017/06/09,12.04,12.11,11.95,11.97,2072727,24876170.00
2017/06/12,11.95,11.95,11.71,11.74,2735040,32225852.00
2017/06/13,11.72,11.92,11.72,11.84,3034850,36019744.00
2017/06/14,11.85,11.88,11.77,11.85,1684000,19909738.00
2017/06/15,11.88,12.05,11.82,11.94,2376957,28388280.00
2017/06/16,11.93,12.07,11.88,12.05,1903726,22835440.00
2017/06/19,12.05,12.12,11.88,11.99,2652729,31717712.00
2017/06/20,12.01,12.02,11.88,11.89,1797532,21443428.00
2017/06/21,11.95,12.00,11.84,11.96,1309423,15593237.00
2017/06/22,11.96,11.98,11.85,11.87,3454005,41042708.00
2017/06/23,11.78,11.89,11.77,11.83,1728666,20428030.00
2017/06/26,11.85,12.05,11.85,11.95,2912855,34848744.00
2017/06/27,11.95,12.04,11.88,12.02,2674761,31934998.00
2017/06/28,11.99,12.02,11.92,11.99,1805590,21612906.00
2017/06/29,11.94,12.02,11.90,11.97,3076902,36756860.00
2017/06/30,11.91,12.05,11.91,12.04,5063128,60654072.00
2017/07/03,12.05,12.08,12.00,12.05,1960130,23601162.00
2017/07/04,12.08,12.10,11.89,11.95,2710582,32406372.00
2017/07/05,11.95,12.05,11.95,12.03,2074132,24920154.00
2017/07/06,12.05,12.06,11.98,12.02,2086415,25079512.00
2017/07/07,12.02,12.05,11.96,11.99,2098546,25171490.00
2017/07/10,11.98,12.03,11.93,11.98,1631311,19550578.00
2017/07/11,11.95,12.00,11.91,11.91,1581250,18884608.00
2017/07/12,11.92,11.96,11.81,11.90,2072971,24605642.00
2017/07/13,11.90,11.91,11.80,11.86,1881050,22290132.00
2017/07/14,11.85,11.90,11.73,11.87,1358926,16109414.00
2017/07/17,11.87,11.95,10.68,11.80,5513350,64635784.00
2017/07/18,11.71,11.88,11.45,11.84,3468435,40499672.00
2017/07/19,11.75,11.86,11.64,11.80,2312546,27125064.00
2017/07/20,11.76,12.05,11.67,11.69,3403450,40287880.00
2017/07/21,11.70,11.80,11.65,11.67,1349800,15791933.00
2017/07/24,11.67,11.72,11.56,11.57,1844625,21425264.00
2017/07/25,11.57,11.62,11.50,11.53,1667015,19261824.00
2017/07/26,11.53,11.74,11.53,11.72,1707539,19913074.00
2017/07/27,11.72,11.74,11.60,11.70,1452527,16963022.00
2017/07/28,11.70,11.76,11.61,11.72,1348102,15786090.00
2017/07/31,11.66,11.71,11.61,11.61,1180200,13733898.00
2017/08/01,11.63,12.13,11.56,12.09,8115208,96565112.00
2017/08/02,12.16,12.52,12.16,12.38,13035777,160942928.00
2017/08/03,12.35,12.60,12.26,12.46,5100197,63480760.00
2017/08/04,12.48,12.49,12.25,12.32,4235341,52286620.00
2017/08/07,12.35,12.44,12.32,12.36,1585950,19607374.00
2017/08/08,12.35,12.44,12.28,12.42,2167213,26779286.00
2017/08/09,12.43,12.48,12.31,12.38,1781600,22030944.00
2017/08/10,12.35,12.38,12.20,12.21,1685304,20680800.00
2017/08/11,12.20,12.35,12.08,12.32,3089897,37650472.00
2017/08/14,12.10,12.31,12.07,12.17,2673193,32429752.00
2017/08/15,12.14,12.19,11.96,12.14,4024233,48422468.00
2017/08/16,12.11,12.16,12.00,12.12,1292832,15657710.00
2017/08/17,12.10,12.45,12.06,12.41,4107314,50701608.00
2017/08/18,12.36,12.46,12.25,12.35,2218650,27465996.00
2017/08/21,12.36,12.48,12.30,12.45,1571501,19439456.00
2017/08/22,12.47,12.47,12.28,12.31,1171411,14444991.00
2017/08/23,12.32,12.32,12.08,12.15,1643200,20002972.00
2017/08/24,12.14,12.15,12.02,12.12,1226000,14808024.00
2017/08/25,12.05,12.16,12.00,12.09,1236065,14943380.00
2017/08/28,12.06,12.26,12.03,12.04,2599880,31472240.00
2017/08/29,12.06,12.15,11.91,11.95,2352908,28236740.00
2017/08/30,11.95,12.08,11.89,11.95,1901360,22736260.00
2017/08/31,11.90,11.98,11.83,11.90,2248100,26741606.00
2017/09/01,11.90,11.95,11.83,11.91,1721012,20455064.00
2017/09/04,11.95,11.96,11.80,11.88,2635533,31242386.00
2017/09/05,11.88,11.91,11.79,11.83,2117468,25071432.00
2017/09/06,11.83,11.83,11.66,11.73,3050428,35757516.00
2017/09/07,11.73,11.75,11.64,11.66,2683512,31342392.00
2017/09/08,11.65,11.75,11.61,11.65,2546514,29707138.00
2017/09/11,11.65,11.72,11.61,11.66,1924361,22471942.00
2017/09/12,11.64,11.72,11.61,11.67,2887592,33639464.00
2017/09/13,11.67,11.68,11.49,11.51,3726150,42998960.00
2017/09/14,11.55,11.63,11.51,11.60,2333680,27006064.00
2017/09/15,11.61,11.62,11.46,11.52,2452656,28203300.00
2017/09/18,11.41,11.52,11.37,11.43,3800542,43409320.00
2017/09/19,11.40,11.47,11.35,11.37,1665854,19018664.00
2017/09/20,11.34,11.75,11.34,11.70,5433695,63119356.00
2017/09/21,11.71,11.80,11.64,11.80,3394317,39834376.00
2017/09/22,11.79,11.88,11.67,11.85,2788699,32926270.00
2017/09/25,11.85,11.86,11.72,11.78,2717502,31977164.00
2017/09/26,11.78,11.86,11.44,11.81,5426154,63449076.00
2017/09/27,11.68,11.80,11.68,11.72,915353,10739130.00
2017/09/28,11.70,11.75,11.50,11.52,1541358,17923132.00
2017/09/29,11.52,11.80,11.52,11.68,2049313,24007790.00
2017/10/09,11.77,11.90,11.70,11.87,6115110,72237384.00
2017/10/10,11.86,12.20,11.75,12.07,11433680,137776416.00
2017/10/11,12.08,12.17,11.90,11.93,6953792,83601552.00
2017/10/12,11.82,11.87,11.69,11.83,6180014,72675880.00
2017/10/13,11.82,11.95,11.70,11.88,4899768,57830260.00
2017/10/16,11.79,11.85,11.60,11.70,3998485,46843224.00
2017/10/17,11.66,11.73,11.58,11.69,1000793,11667161.00
2017/10/18,11.69,11.79,11.62,11.63,1492300,17453594.00
2017/10/19,11.63,11.69,11.45,11.63,2170106,25100954.00
2017/10/20,11.50,11.80,11.49,11.70,2366712,27666726.00
2017/10/23,11.72,11.79,11.57,11.79,2256042,26379454.00
2017/10/24,11.78,11.78,11.64,11.64,1602677,18710756.00
2017/10/25,11.59,11.77,11.59,11.74,1796130,21000168.00
2017/10/26,11.73,11.75,11.66,11.73,1588496,18587780.00
2017/10/27,11.72,11.72,11.66,11.71,1016300,11879018.00
2018/06/29,10.54,10.54,10.54,10.54,183700,1936198.00
2018/07/02,9.49,9.49,9.49,9.49,166200,1577238.00
2018/07/03,8.54,8.54,8.54,8.54,111400,951356.00
2018/07/04,7.69,7.69,7.69,7.69,117200,901268.00
2018/07/05,6.92,6.92,6.92,6.92,127700,883684.00
2018/07/06,6.23,6.23,6.23,6.23,629100,3919293.00
2018/07/09,5.61,5.61,5.61,5.61,7937100,44527132.00
2018/07/10,5.05,5.30,5.05,5.08,165506549,839283392.00
2018/07/11,4.85,4.92,4.57,4.57,115819071,547049216.00
2018/07/12,4.62,4.79,4.52,4.75,84269141,396274720.00
2018/07/13,4.71,4.80,4.53,4.60,69290990,321471584.00
2018/07/16,4.54,4.78,4.32,4.68,72964190,332804864.00
2018/07/17,4.62,4.75,4.58,4.68,49342666,230512048.00
2018/07/18,4.67,4.87,4.65,4.69,56768350,268973920.00
2018/07/19,4.70,4.74,4.47,4.50,36190395,164923456.00
2018/07/20,4.45,4.54,4.42,4.48,27766708,124678488.00
2018/07/23,4.35,4.36,4.04,4.13,47968626,200049600.00
2018/07/24,4.19,4.29,4.11,4.24,31906515,134171272.00
2018/07/25,4.24,4.38,4.21,4.28,34059100,146836160.00
2018/07/26,4.35,4.56,4.30,4.44,47056558,209248096.00
2018/07/27,4.50,4.50,4.31,4.33,25622765,112278552.00
2018/07/30,4.38,4.38,4.16,4.24,19895919,84486960.00
2018/07/31,4.25,4.34,4.18,4.30,15606567,66918180.00
2018/08/01,4.31,4.32,4.10,4.12,20020342,83976072.00
2018/08/02,4.13,4.15,3.71,3.92,28885174,113244048.00
2018/08/03,3.93,3.97,3.85,3.87,13203056,51724628.00
2018/08/06,3.83,3.87,3.49,3.56,27914870,101845752.00
2018/08/07,3.54,3.62,3.32,3.59,35630967,123833248.00
2018/08/08,3.57,3.60,3.33,3.39,28418290,98681160.00
2018/08/09,3.36,3.54,3.34,3.48,20889040,72376304.00
2018/08/10,3.48,3.70,3.46,3.53,26498524,94136760.00
2018/08/13,3.47,3.58,3.40,3.53,16157010,56349572.00
2018/08/14,3.55,3.60,3.49,3.53,13189482,46721888.00
2018/08/15,3.54,3.58,3.38,3.39,17631110,61217212.00
2018/08/16,3.37,3.39,3.27,3.31,14388322,48017740.00
2018/08/17,3.36,3.38,3.16,3.16,20325312,65803904.00
2018/08/20,3.18,3.18,3.03,3.11,17713796,54817588.00
2018/08/21,3.10,3.22,3.08,3.18,17477543,55124012.00
2018/08/22,3.16,3.21,3.14,3.14,11447190,36297404.00
2018/08/23,3.14,3.16,3.10,3.11,14916222,46717976.00
2018/08/24,3.02,3.21,2.97,3.13,30443744,94671432.00
2018/08/27,3.10,3.18,3.08,3.16,17576893,55267148.00
2018/08/28,3.17,3.18,3.11,3.13,12086550,37903308.00
2018/08/29,3.13,3.13,3.05,3.05,12659858,38895168.00
2018/08/30,3.07,3.11,3.03,3.05,12777446,39263260.00
2018/08/31,3.05,3.07,2.99,3.00,10953490,33065274.00
2018/09/03,2.98,3.08,2.91,3.05,15024803,44835640.00
2018/09/04,3.05,3.20,3.02,3.14,25171422,78671736.00
2018/09/05,3.16,3.45,3.13,3.45,57220312,193657040.00
2018/09/06,3.39,3.43,3.26,3.29,57184250,191194208.00
2018/09/07,3.30,3.62,3.30,3.62,89994404,320799328.00
2018/09/10,3.70,3.97,3.55,3.79,104724112,393381952.00
2018/09/11,3.64,3.78,3.60,3.75,46028397,169842512.00
2018/09/12,3.70,3.75,3.61,3.67,29446381,108295072.00
2018/09/13,3.66,3.68,3.47,3.55,38605190,137147168.00
2018/09/14,3.54,3.57,3.36,3.38,31445003,107626992.00
2018/09/17,3.37,3.38,3.21,3.26,23625549,77060168.00
2018/09/18,3.26,3.59,3.26,3.59,52360373,185132528.00
2018/09/19,3.64,3.69,3.53,3.58,67374900,243217360.00
2018/09/20,3.66,3.72,3.50,3.62,50857983,182926480.00
2018/09/21,3.61,3.63,3.52,3.56,31665105,112750088.00
2018/09/25,3.50,3.55,3.46,3.55,19329908,67732808.00
2018/09/26,3.55,3.70,3.50,3.60,32339348,117113728.00
2018/09/27,3.63,3.96,3.57,3.96,64821116,250501312.00
2018/09/28,4.05,4.36,4.00,4.36,132707891,550236608.00
2018/10/08,4.28,4.80,4.12,4.43,127460243,576054208.00
2018/10/09,4.32,4.83,4.27,4.75,111899239,514818912.00
2018/10/10,4.60,4.69,4.33,4.38,90423013,405674080.00
2018/10/11,4.17,4.23,3.94,3.94,62919100,255289296.00
2018/10/12,3.81,4.20,3.56,4.11,81539208,315725984.00
2018/10/15,4.04,4.11,3.75,3.79,53087364,209246736.00
2018/10/16,3.84,3.95,3.67,3.83,41467905,157857024.00
2018/10/17,3.99,3.99,3.81,3.95,43854392,171117968.00
2018/10/18,3.86,3.88,3.56,3.58,41081193,152094384.00
2018/10/19,3.41,3.66,3.30,3.56,34732685,121287464.00
2018/10/22,3.63,3.76,3.56,3.72,40041039,147432560.00
2018/10/23,3.75,4.09,3.66,3.93,66474514,259974544.00
2018/10/24,3.84,4.04,3.77,3.89,43561387,170514368.00
2018/10/25,3.50,3.76,3.50,3.61,46940616,168954768.00
2018/10/26,3.64,3.79,3.41,3.65,37620169,136315888.00
2018/10/29,3.61,3.61,3.41,3.43,27616003,96258704.00
2018/10/30,3.49,3.50,3.35,3.45,20838941,71535512.00
2018/10/31,3.43,3.55,3.42,3.50,20817318,72644144.00
2018/11/01,3.52,3.58,3.47,3.53,26196720,92277456.00
2018/11/02,3.55,3.87,3.53,3.73,51202161,190098592.00
2018/11/05,3.72,3.98,3.67,3.84,46068296,176959824.00
2018/11/06,3.80,3.83,3.66,3.74,29779473,111003832.00
2018/11/07,3.79,3.97,3.78,3.82,41596008,161437472.00
2018/11/08,3.82,4.20,3.74,4.20,62427959,247355360.00
2018/11/09,4.06,4.41,3.99,4.08,67497442,282611520.00
2018/11/12,4.03,4.28,3.98,4.24,53778515,224285632.00
2018/11/13,4.16,4.37,4.12,4.26,59583169,254582128.00
2018/11/14,4.26,4.36,4.06,4.08,54043069,225566032.00
2018/11/15,4.10,4.15,4.05,4.13,40359712,165437008.00
2018/11/16,4.16,4.27,4.05,4.25,51850835,215467136.00
2018/11/19,4.37,4.52,4.21,4.23,52643750,227667200.00
2018/11/20,4.06,4.15,4.00,4.01,36416803,148320896.00
2018/11/21,3.95,4.34,3.90,4.27,54539257,227244528.00
2018/11/22,4.30,4.34,4.17,4.28,38896776,165326384.00
2018/11/23,4.27,4.28,3.98,4.02,36849256,150782768.00
2018/11/26,4.03,4.16,3.93,4.08,27645963,112803680.00
2018/11/27,4.11,4.47,4.11,4.31,60054523,258006272.00
2018/11/28,4.31,4.49,4.22,4.40,59005643,257606800.00
2018/11/29,4.41,4.55,4.16,4.17,53592136,234367552.00
2018/11/30,4.17,4.33,4.11,4.32,36310660,153619696.00
2018/12/03,4.44,4.50,4.31,4.38,50352566,221572240.00
2018/12/04,4.32,4.41,4.28,4.33,34140468,147775984.00
2018/12/05,4.24,4.24,4.14,4.15,34940850,146323120.00
2018/12/06,4.15,4.19,4.03,4.07,25042425,102525624.00
2018/12/07,4.08,4.10,3.97,4.01,18713500,75243720.00
2018/12/10,4.00,4.00,3.85,3.88,20772622,81141264.00
2018/12/11,3.88,3.97,3.87,3.95,15092439,59121912.00
2018/12/12,3.98,4.06,3.95,4.01,15652789,62904204.00
2018/12/13,3.98,4.02,3.88,3.97,15748925,62297632.00
2018/12/14,4.00,4.04,3.81,3.85,17832012,70109992.00
2018/12/17,3.85,3.87,3.65,3.75,17625296,65987740.00
2018/12/18,3.73,3.77,3.66,3.74,10195263,37840836.00
2018/12/19,3.79,3.80,3.64,3.66,10042085,37079760.00
2018/12/20,3.63,3.73,3.61,3.72,14239800,52375776.00
2018/12/21,3.70,3.70,3.55,3.61,13479310,48870328.00
2018/12/24,3.59,3.64,3.53,3.62,7353950,26476142.00
2018/12/25,3.60,3.60,3.44,3.54,12757273,44766048.00
2018/12/26,3.54,3.56,3.43,3.47,11873500,41363128.00
2018/12/27,3.52,3.54,3.26,3.34,13124800,44838168.00
2018/12/28,3.32,3.53,3.32,3.44,18752992,64604536.00
2019/01/02,3.47,3.53,3.44,3.49,11182968,38949304.00
2019/01/03,3.52,3.52,3.41,3.43,8214500,28482904.00
2019/01/04,3.43,3.52,3.33,3.50,10426206,36073108.00
2019/01/07,3.52,3.59,3.50,3.57,10619344,37727388.00
2019/01/08,3.57,3.62,3.54,3.58,10115313,36288032.00
2019/01/09,3.55,3.63,3.55,3.57,12610386,45272868.00
2019/01/10,3.54,3.79,3.53,3.66,20242013,73807128.00
2019/01/11,3.64,3.64,3.58,3.61,12104823,43648196.00
2019/01/14,3.62,3.62,3.52,3.53,8708750,31031260.00
2019/01/15,3.52,3.59,3.50,3.55,6499100,23079366.00
2019/01/16,3.57,3.57,3.42,3.43,17483004,61079040.00
2019/01/17,3.46,3.48,3.36,3.37,13926505,47343220.00
2019/01/18,3.38,3.44,3.37,3.43,10211888,34743020.00
2019/01/21,3.38,3.44,3.37,3.39,9453361,32188794.00
2019/01/22,3.43,3.43,3.34,3.35,9326250,31542062.00
2019/01/23,3.35,3.37,3.28,3.32,6151813,20430792.00
2019/01/24,3.34,3.35,3.28,3.34,7996963,26486050.00
2019/01/25,3.34,3.34,3.24,3.25,8468000,27913374.00
2019/01/28,3.25,3.28,3.12,3.13,10258943,32666846.00
2019/01/29,3.13,3.15,3.00,3.05,9610214,29518436.00
2019/01/30,3.04,3.06,2.98,2.99,9175889,27670646.00
2019/01/31,2.99,2.99,2.69,2.70,25687037,71302256.00
2019/02/01,2.75,2.93,2.69,2.92,13659781,38537572.00
2019/02/11,3.00,3.02,2.93,2.99,9280205,27691356.00
2019/02/12,3.01,3.25,2.95,3.15,18011650,56143384.00
2019/02/13,3.15,3.17,3.11,3.15,14585832,45706656.00
2019/02/14,3.15,3.22,3.12,3.18,11692508,36922872.00
2019/02/15,3.16,3.24,3.14,3.15,12788990,40715536.00
2019/02/18,3.15,3.26,3.15,3.26,15812262,51058932.00
2019/02/19,3.28,3.49,3.28,3.38,28588343,96071616.00
2019/02/20,3.42,3.49,3.32,3.40,20146497,68328656.00
2019/02/21,3.40,3.45,3.31,3.34,20783306,69985712.00
2019/02/22,3.33,3.50,3.30,3.48,22500964,76943224.00
2019/02/25,3.48,3.83,3.47,3.70,62165650,228624144.00
2019/02/26,3.65,3.79,3.61,3.68,49500512,183232672.00
2019/02/27,3.68,3.76,3.62,3.75,34247369,126881872.00
2019/02/28,3.72,3.94,3.62,3.83,43336064,165772176.00
2019/03/01,3.77,3.92,3.72,3.79,34953612,133118704.00
2019/03/04,3.79,3.88,3.74,3.78,39464759,150757808.00
2019/03/05,3.77,3.85,3.74,3.85,34533451,131248152.00
2019/03/06,3.86,4.11,3.82,4.04,68024692,270231296.00
2019/03/07,4.03,4.44,3.96,4.34,82938286,356153920.00
2019/03/08,4.06,4.26,3.91,3.91,66014313,269923040.00
2019/03/11,3.89,4.09,3.83,4.07,44164237,175097184.00
2019/03/12,4.07,4.27,4.02,4.19,49580256,204749312.00
2019/03/13,4.18,4.29,4.06,4.22,49926355,209483072.00
2019/03/14,4.53,4.64,4.22,4.23,111792093,502957600.00
2019/03/15,4.06,4.19,3.88,4.12,59699293,242737232.00
2019/03/18,4.12,4.12,3.97,4.10,28881864,117076280.00
2019/03/19,4.08,4.10,4.01,4.02,23266454,93940200.00
2019/03/20,4.00,4.06,3.96,3.98,23916804,95642464.00
2019/03/21,3.97,4.14,3.94,4.13,40268693,163616480.00
2019/03/22,4.13,4.29,4.09,4.22,54610870,227404656.00
2019/03/25,4.10,4.12,4.01,4.01,30796100,125086456.00
2019/03/26,3.99,4.03,3.82,3.83,27880057,109151072.00
2019/03/27,3.87,3.97,3.82,3.88,26438012,102694912.00
2019/03/28,3.84,3.84,3.66,3.68,26940470,100934624.00
2019/03/29,3.67,3.80,3.63,3.79,21048840,78637632.00
2019/04/01,3.76,3.92,3.76,3.91,32815491,126603504.00
2019/04/02,3.94,4.01,3.88,3.93,29523975,116474456.00
2019/04/03,3.92,4.10,3.83,4.01,38071178,151494592.00
2019/04/04,4.02,4.04,3.90,3.94,28256838,111489160.00
2019/04/08,3.92,3.92,3.77,3.82,31532599,120643408.00
2019/04/09,3.80,3.85,3.78,3.80,20122718,76849160.00
2019/04/10,3.77,4.18,3.76,4.04,76087179,305722304.00
2019/04/11,3.99,4.03,3.84,3.89,45274336,177701344.00
2019/04/12,3.88,3.88,3.76,3.81,21156150,80715232.00
2019/04/15,3.83,3.88,3.77,3.80,16914700,64765424.00
2019/04/16,3.84,4.18,3.80,4.18,76194133,309180896.00
2019/04/17,4.23,4.33,4.08,4.17,92447197,388692736.00
2019/04/18,4.12,4.14,4.03,4.08,41551354,169578720.00
2019/04/19,4.08,4.38,4.08,4.23,62931172,267816480.00
2019/04/22,4.24,4.43,4.11,4.22,52587500,224871392.00
2019/04/23,4.20,4.23,3.80,3.99,40670246,162504928.00
2019/04/24,3.95,4.19,3.91,4.05,27053582,109302976.00
2019/04/25,4.00,4.03,3.80,3.82,31307079,122391304.00
2019/04/26,3.80,3.85,3.57,3.57,32046199,118395856.00
2019/04/29,3.53,3.58,3.23,3.29,31360191,105822744.00
2019/04/30,3.29,3.56,3.28,3.48,22892709,78870624.00
2019/05/06,3.39,3.46,3.15,3.23,21990338,73072152.00
2019/05/07,3.29,3.36,3.22,3.33,18809252,62060552.00
2019/05/08,3.24,3.33,3.19,3.30,13498675,44217408.00
2019/05/09,3.33,3.33,3.26,3.28,11030937,36319024.00
2019/05/10,3.30,3.39,3.21,3.36,18292926,60788532.00
2019/05/13,3.31,3.33,3.27,3.30,9253501,30526134.00
2019/05/14,3.23,3.29,3.20,3.21,11387416,36844472.00
2019/05/15,3.22,3.28,3.22,3.27,9947202,32336094.00
2019/05/16,3.27,3.60,3.25,3.60,37427926,128787232.00
2019/05/17,3.60,3.64,3.44,3.51,29805805,104767880.00
2019/05/20,3.56,3.66,3.33,3.59,19750000,68904512.00
2019/05/21,3.58,3.83,3.52,3.79,32504395,120113216.00
2019/05/22,3.71,3.88,3.67,3.84,34040581,128547544.00
2019/05/23,3.86,3.86,3.46,3.46,41330995,150806720.00
2019/05/24,3.24,3.53,3.23,3.37,19564917,66099396.00
2019/05/27,3.35,3.43,3.31,3.40,15662953,52807220.00
2019/05/28,3.40,3.42,3.35,3.35,12007353,40627148.00
2019/05/29,3.32,3.43,3.27,3.37,13668119,45935216.00
2019/05/30,3.35,3.36,3.26,3.31,9713355,32135794.00
2019/05/31,3.33,3.36,3.27,3.28,8438000,27950166.00
2019/06/03,3.30,3.31,3.17,3.19,11997872,38508452.00
2019/06/04,3.22,3.22,2.95,3.06,17913250,55076284.00
2019/06/05,3.10,3.12,3.05,3.06,8939900,27612958.00
2019/06/06,3.00,3.06,2.95,2.97,10097650,30083958.00
2019/06/10,2.97,3.03,2.96,3.01,5634100,16871884.00
2019/06/11,3.00,3.13,2.99,3.11,9266665,28612972.00
2019/06/12,3.12,3.19,3.08,3.11,7853037,24560888.00
2019/06/13,3.10,3.15,3.08,3.14,8595750,26871178.00
2019/06/14,3.14,3.17,3.06,3.06,8008650,25027946.00
2019/06/17,3.08,3.14,3.03,3.08,8479914,26177686.00
2019/06/18,3.09,3.10,3.02,3.08,4815209,14738053.00
2019/06/19,3.12,3.15,3.09,3.10,8271400,25782400.00
2019/06/20,3.12,3.15,3.07,3.13,9922206,30887206.00
2019/06/21,3.15,3.24,3.14,3.19,14099380,44978656.00
2019/06/24,3.20,3.23,3.16,3.18,9254952,29554028.00
2019/06/25,3.19,3.21,3.12,3.15,8043080,25399022.00
2019/06/26,3.16,3.18,3.11,3.14,6314585,19909850.00
2019/06/27,3.16,3.18,3.10,3.12,9931472,31236808.00
2019/06/28,3.14,3.14,3.01,3.03,12214911,37287992.00
2019/07/01,3.08,3.10,3.06,3.09,11810144,36455992.00
2019/07/02,3.11,3.12,3.08,3.10,10891677,33770436.00
2019/07/03,3.10,3.10,3.02,3.03,10625575,32327078.00
2019/07/04,3.05,3.05,2.98,3.00,10473508,31538194.00
2019/07/05,3.01,3.06,2.97,3.05,10288450,31038244.00
2019/07/08,3.05,3.05,2.94,2.95,13758850,41033128.00
2019/07/09,2.97,2.97,2.91,2.93,6064000,17775364.00
2019/07/10,2.90,2.93,2.90,2.91,4623272,13471862.00
2019/07/11,2.91,3.14,2.91,3.04,26883069,81982832.00
2019/07/12,3.04,3.10,3.01,3.05,18294916,55988112.00
2019/07/15,2.99,2.99,2.75,2.92,20067127,57970780.00
2019/07/16,2.87,2.94,2.85,2.89,11926735,34518064.00
2019/07/17,2.90,2.90,2.84,2.86,10494550,30133544.00
2019/07/18,2.87,2.88,2.81,2.81,8610455,24407348.00
2019/07/19,2.85,2.87,2.81,2.83,7081080,20127538.00
2019/07/22,2.83,2.83,2.70,2.71,11235213,30843620.00
2019/07/23,2.72,2.75,2.72,2.74,4046800,11068663.00
2019/07/24,2.75,2.84,2.74,2.80,8512950,23886498.00
2019/07/25,2.80,2.81,2.74,2.77,6934613,19308102.00
2019/07/26,2.78,2.78,2.64,2.75,6911450,18980984.00
2019/07/29,2.72,2.80,2.72,2.75,6577892,18179552.00
2019/07/30,2.75,2.80,2.75,2.76,6587800,18267130.00
2019/07/31,2.76,2.82,2.74,2.78,6148810,17111026.00
2019/08/01,2.77,2.77,2.71,2.73,6442575,17615646.00
2019/08/02,2.65,2.68,2.63,2.66,7519750,19945768.00
2019/08/05,2.65,2.66,2.57,2.58,7357998,19270462.00
2019/08/06,2.56,2.56,2.38,2.46,11669149,28724284.00
2019/08/07,2.46,2.50,2.46,2.46,7006700,17367456.00
2019/08/08,2.45,2.53,2.45,2.49,5975003,14914627.00
2019/08/09,2.51,2.54,2.44,2.45,6585400,16389170.00
2019/08/12,2.45,2.49,2.45,2.47,6642653,16407860.00
2019/08/13,2.45,2.50,2.44,2.47,7626913,18948876.00
2019/08/14,2.50,2.53,2.45,2.47,9534121,23658628.00
2019/08/15,2.42,2.51,2.38,2.50,8554796,21000916.00
2019/08/16,2.50,2.51,2.46,2.46,7325819,18199278.00
2019/08/19,2.49,2.53,2.47,2.53,9351779,23403892.00
2019/08/20,2.54,2.55,2.51,2.52,8885025,22499082.00
2019/08/21,2.53,2.53,2.48,2.49,6359360,15864929.00
2019/08/22,2.49,2.50,2.46,2.50,6402850,15891100.00
2019/08/23,2.50,2.75,2.47,2.75,23417199,62074900.00
2019/08/26,2.74,3.03,2.62,3.03,61850944,175237184.00
2019/08/27,3.14,3.33,3.08,3.33,89743526,295136768.00
2019/08/28,3.49,3.49,3.03,3.07,96800059,311673952.00
2019/08/29,3.01,3.29,2.91,3.16,92524757,280044384.00
2019/08/30,3.04,3.07,2.88,2.89,52367887,155500848.00
2019/09/02,2.90,2.95,2.84,2.93,25656527,74570536.00
2019/09/03,2.96,2.97,2.88,2.91,26432555,77169016.00
2019/09/04,2.89,2.94,2.81,2.89,25826428,74252880.00
2019/09/05,2.87,2.93,2.86,2.90,23952514,69394632.00
2019/09/06,2.91,2.92,2.85,2.87,15251039,43808268.00
2019/09/09,2.87,2.90,2.85,2.89,16439663,47318308.00
2019/09/10,2.92,3.09,2.89,2.99,42371566,126951040.00
2019/09/11,2.97,3.04,2.93,2.94,23830446,70909480.00
2019/09/12,2.95,2.98,2.88,2.92,15959837,46504312.00
2019/09/16,2.89,2.91,2.85,2.90,17375400,50020956.00
2019/09/17,2.90,2.90,2.80,2.81,13981000,39658976.00
2019/09/18,2.80,2.88,2.79,2.82,11048150,31347718.00
2019/09/19,2.84,2.84,2.79,2.82,8840594,24836598.00
2019/09/20,2.80,2.86,2.79,2.86,12423540,35330440.00
2019/09/23,2.86,2.86,2.78,2.80,9675069,27129702.00
2019/09/24,2.80,2.87,2.80,2.83,10395477,29544482.00
2019/09/25,2.78,2.78,2.68,2.68,16227560,43944792.00
2019/09/26,2.67,2.70,2.54,2.56,14603910,38137088.00
2019/09/27,2.55,2.63,2.54,2.62,7682950,19941296.00
2019/09/30,2.62,2.65,2.59,2.59,5757850,15059714.00
2019/10/08,2.62,2.65,2.60,2.61,5392550,14166909.00
2019/10/09,2.59,2.67,2.56,2.65,7483380,19603398.00
2019/10/10,2.67,2.67,2.62,2.64,7672500,20283740.00
2019/10/11,2.65,2.67,2.64,2.65,6605972,17528720.00
2019/10/14,2.67,2.72,2.65,2.68,8186378,21969968.00
2019/10/15,2.66,2.84,2.60,2.72,27017593,73859392.00
2019/10/16,2.69,2.70,2.60,2.61,15108905,39749592.00
2019/10/17,2.61,2.62,2.57,2.59,7424700,19217886.00
2019/10/18,2.57,2.68,2.57,2.58,10925945,28570772.00
2019/10/21,2.56,2.57,2.50,2.54,8512705,21475362.00
2019/10/22,2.54,2.56,2.51,2.56,6565391,16636605.00
2019/10/23,2.54,2.55,2.51,2.53,5398325,13684456.00
2019/10/24,2.52,2.53,2.50,2.53,5236467,13157486.00
2019/10/25,2.53,2.58,2.50,2.54,8795300,22374058.00
2019/10/28,2.53,2.58,2.53,2.58,8892100,22822180.00
2019/10/29,2.58,2.64,2.57,2.58,11797305,30652728.00
2019/10/30,2.60,2.61,2.52,2.53,8114510,20686612.00
2019/10/31,2.51,2.56,2.50,2.50,6453608,16308022.00
2019/11/01,2.47,2.51,2.43,2.51,8300450,20587366.00
2019/11/04,2.49,2.53,2.49,2.52,5998566,15107395.00
2019/11/05,2.51,2.53,2.48,2.52,5220295,13117169.00
2019/11/06,2.52,2.52,2.45,2.47,5517800,13707889.00
2019/11/07,2.46,2.48,2.43,2.45,6410441,15741885.00
2019/11/08,2.45,2.47,2.41,2.41,6435700,15646844.00
2019/11/11,2.41,2.41,2.27,2.30,13611085,31586184.00
2019/11/12,2.31,2.31,2.21,2.30,13659627,30828538.00
2019/11/13,2.29,2.35,2.27,2.32,10464651,24220000.00
2019/11/14,2.30,2.35,2.30,2.33,7845059,18271886.00
2019/11/15,2.33,2.36,2.29,2.29,6415750,14921700.00
2019/11/18,2.29,2.32,2.27,2.30,5436250,12498578.00
2019/11/19,2.29,2.35,2.27,2.35,6246699,14555575.00
2019/11/20,2.35,2.57,2.34,2.40,25192854,61912368.00
2019/11/21,2.37,2.37,2.33,2.35,12479550,29282264.00
2019/11/22,2.36,2.41,2.31,2.34,9866050,23293326.00
2019/11/25,2.33,2.45,2.28,2.37,12957254,30661398.00
2019/11/26,2.38,2.39,2.33,2.36,6681053,15701800.00
2019/11/27,2.36,2.36,2.31,2.32,4912200,11465426.00
2019/11/28,2.32,2.34,2.29,2.30,5512250,12758629.00
2019/11/29,2.30,2.32,2.28,2.31,3916805,9005868.00
2019/12/02,2.31,2.33,2.28,2.30,4910050,11326603.00
2019/12/03,2.30,2.40,2.28,2.35,7161578,16688934.00
2019/12/04,2.33,2.37,2.33,2.33,4702825,11032836.00
2019/12/05,2.34,2.39,2.34,2.35,6276855,14785961.00
2019/12/06,2.35,2.39,2.35,2.38,6624750,15692135.00
2019/12/09,2.37,2.45,2.34,2.40,11797175,28153368.00
2019/12/10,2.39,2.43,2.36,2.41,9076335,21814370.00
2019/12/11,2.41,2.41,2.37,2.38,5451050,12983103.00
2019/12/12,2.38,2.39,2.35,2.37,6024455,14290990.00
2019/12/13,2.37,2.39,2.37,2.38,4772950,11347232.00
2019/12/16,2.38,2.42,2.37,2.40,8925601,21358498.00
2019/12/17,2.41,2.45,2.39,2.44,10435988,25382988.00
2019/12/18,2.45,2.46,2.42,2.43,7776303,18931208.00
2019/12/19,2.42,2.48,2.41,2.47,14723710,36021596.00
2019/12/20,2.47,2.51,2.40,2.41,9998615,24540608.00
2019/12/23,2.40,2.41,2.32,2.33,9304508,22009376.00
2019/12/24,2.32,2.38,2.32,2.36,6294689,14810561.00
2019/12/25,2.37,2.38,2.35,2.35,4912802,11621147.00
2019/12/26,2.35,2.38,2.35,2.37,6069457,14341032.00
2019/12/27,2.37,2.40,2.35,2.36,6768100,16080300.00
2019/12/30,2.36,2.36,2.30,2.35,7561655,17638362.00
2019/12/31,2.35,2.42,2.33,2.39,15713869,37399520.00
2020/01/02,2.39,2.44,2.38,2.43,11019974,26689484.00
2020/01/03,2.43,2.46,2.41,2.43,14286751,34776680.00
2020/01/06,2.43,2.48,2.41,2.45,13997470,34237248.00
2020/01/07,2.46,2.51,2.44,2.50,16359997,40632884.00
2020/01/08,2.50,2.54,2.47,2.48,25541951,64092264.00
2020/01/09,2.49,2.59,2.49,2.51,17414900,43931504.00
2020/01/10,2.52,2.52,2.46,2.48,10266252,25497998.00
2020/01/13,2.48,2.48,2.43,2.45,8737859,21383634.00
2020/01/14,2.46,2.47,2.43,2.45,8280251,20264536.00
2020/01/15,2.43,2.44,2.37,2.39,10654831,25515814.00
2020/01/16,2.39,2.40,2.34,2.34,10098239,23829660.00
2020/01/17,2.32,2.37,2.32,2.34,9303122,21851340.00
2020/01/20,2.35,2.38,2.34,2.36,10433002,24663828.00
2020/01/21,2.38,2.60,2.36,2.60,57412494,147064368.00
2020/01/22,2.61,2.61,2.39,2.43,62895834,156238208.00
2020/01/23,2.22,2.36,2.22,2.27,33696564,76459616.00
2020/02/03,2.12,2.50,2.12,2.50,54755407,132299168.00
2020/02/04,2.75,2.75,2.55,2.75,87089044,233976592.00
2020/02/05,2.85,3.03,2.85,3.03,51719954,154211728.00
2020/02/06,3.30,3.33,3.10,3.33,44848130,147046480.00
2020/02/07,3.65,3.66,3.10,3.18,174404936,594859520.00
2020/02/10,3.10,3.10,2.86,2.86,65663112,191026144.00
2020/02/11,2.60,2.98,2.57,2.82,99318773,265274560.00
2020/02/12,2.71,2.84,2.68,2.74,53347160,146554944.00
2020/02/13,2.76,2.76,2.60,2.64,44751365,118580056.00
2020/02/14,2.60,2.67,2.54,2.58,36973100,95974720.00
2020/02/17,2.57,2.63,2.53,2.62,37578575,97560776.00
2020/02/18,2.62,2.67,2.58,2.67,39740434,103944896.00
2020/02/19,2.65,2.65,2.58,2.59,30173146,78844824.00
2020/02/20,2.59,2.61,2.51,2.58,30606790,78419736.00
2020/02/21,2.58,2.60,2.54,2.59,32368897,83163424.00
2020/02/24,2.58,2.69,2.56,2.65,44913382,118728128.00
2020/02/25,2.61,2.84,2.58,2.80,85001117,233629808.00
2020/02/26,2.78,2.78,2.67,2.69,47778352,129399744.00
2020/02/27,2.68,2.69,2.58,2.63,29159166,76671136.00
2020/02/28,2.55,2.62,2.50,2.50,32719410,83389224.00
2020/03/02,2.49,2.55,2.49,2.54,22434515,56732224.00
2020/03/03,2.54,2.65,2.50,2.59,44442342,113809736.00
2020/03/04,2.55,2.56,2.51,2.53,22634602,57282328.00
2020/03/05,2.55,2.56,2.52,2.54,20374207,51725496.00
2020/03/06,2.53,2.59,2.52,2.57,25043661,64250712.00
2020/03/09,2.58,2.63,2.54,2.62,46456390,120539488.00
2020/03/10,2.59,2.59,2.37,2.55,35328996,88253680.00
2020/03/11,2.52,2.54,2.48,2.48,26363600,66022204.00
2020/03/12,2.46,2.48,2.38,2.41,23609742,57124044.00
2020/03/13,2.30,2.36,2.25,2.34,25191672,57999772.00
2020/03/16,2.36,2.42,2.30,2.32,20996510,49705472.00
2020/03/17,2.31,2.33,2.15,2.24,24415705,54339904.00
2020/03/18,2.26,2.27,2.19,2.20,14892800,33275260.00
2020/03/19,2.19,2.21,2.13,2.16,17803714,38374664.00
2020/03/20,2.17,2.20,2.15,2.19,16451790,35792312.00
2020/03/23,2.16,2.37,2.13,2.25,32513810,72483616.00
2020/03/24,2.25,2.26,2.18,2.23,19864951,43965596.00
2020/03/25,2.24,2.27,2.22,2.27,19775500,44501164.00
2020/03/26,2.25,2.27,2.21,2.23,17054710,38205756.00
2020/03/27,2.23,2.28,2.20,2.20,16905444,37867540.00
2020/03/30,2.18,2.19,2.13,2.17,17678557,38075440.00
2020/03/31,2.39,2.39,2.39,2.39,13077224,31254566.00
2020/04/01,2.53,2.53,2.30,2.33,73434241,178627792.00
2020/04/02,2.25,2.27,2.19,2.26,37544363,83578016.00
2020/04/03,2.24,2.28,2.22,2.23,23754082,53329556.00
2020/04/07,2.25,2.27,2.22,2.25,29729868,66727392.00
2020/04/08,2.24,2.25,2.21,2.23,21205750,47233792.00
2020/04/09,2.23,2.30,2.22,2.26,30385962,68680640.00
2020/04/10,2.25,2.40,2.23,2.35,63447498,148697712.00
2020/04/13,2.33,2.34,2.25,2.27,30843203,70606600.00
2020/04/14,2.26,2.29,2.22,2.26,33873202,76134080.00
2020/04/15,2.27,2.39,2.25,2.30,36929858,85534464.00
2020/04/16,2.30,2.39,2.23,2.32,38293563,88203920.00
2020/04/17,2.29,2.31,2.25,2.27,23407215,53191488.00
2020/04/20,2.25,2.27,2.22,2.24,17937200,40294140.00
2020/04/21,2.24,2.24,2.17,2.19,21915350,48154072.00
2020/04/22,2.17,2.19,2.14,2.19,16988525,36713788.00
2020/04/23,2.18,2.21,2.16,2.17,14538010,31771984.00
2020/04/24,2.19,2.19,2.11,2.11,17470998,37291256.00
2020/04/27,2.10,2.11,2.00,2.02,19769661,40268916.00
2020/04/28,2.01,2.01,1.82,1.87,35666065,66401416.00
2020/04/29,1.83,1.88,1.74,1.78,24913117,45093328.00
2020/05/06,1.69,1.69,1.69,1.69,5760600,9735414.00
2020/05/07,1.61,1.61,1.61,1.61,4434800,7140028.00
2020/05/08,1.53,1.53,1.53,1.53,3338900,5108517.00
2020/05/11,1.45,1.45,1.45,1.45,2338300,3390535.00
2020/05/12,1.38,1.38,1.38,1.38,1484100,2048058.00
2020/05/13,1.31,1.31,1.31,1.31,1437400,1882994.00
2020/05/14,1.24,1.24,1.24,1.24,2128500,2639340.00
2020/05/15,1.18,1.18,1.18,1.18,6165900,7275762.00
2020/05/18,1.14,1.24,1.12,1.24,91623915,107324600.00
2020/05/19,1.20,1.21,1.18,1.18,30007700,35676260.00
2020/05/20,1.12,1.12,1.12,1.12,7313200,8190784.00
2020/05/21,1.06,1.16,1.06,1.08,49788993,53776476.00
2020/05/22,1.07,1.12,1.06,1.06,33358192,36087348.00
2020/05/25,1.05,1.06,1.01,1.01,38767800,39386960.00
2020/05/26,1.00,1.06,0.96,1.04,40588408,41212116.00
2020/05/27,1.02,1.09,1.02,1.09,28114888,29969002.00
2020/05/28,1.11,1.14,1.09,1.14,49868067,56227756.00
2020/05/29,1.12,1.13,1.08,1.10,34916165,38554684.00
2020/06/01,1.11,1.14,1.10,1.11,20843127,23180894.00
2020/06/02,1.12,1.12,1.07,1.09,20076900,21846680.00
2020/06/03,1.10,1.14,1.09,1.14,38623078,43582392.00
2020/06/04,1.12,1.17,1.11,1.16,33057871,37750528.00
2020/06/05,1.16,1.22,1.14,1.22,27235991,32677980.00
2020/06/08,1.27,1.28,1.24,1.28,13948741,17699356.00
2020/06/09,1.34,1.34,1.24,1.30,59605406,78034360.00
2020/06/10,1.28,1.29,1.24,1.24,32864686,41085444.00
2020/06/11,1.22,1.28,1.22,1.24,18545183,23246354.00
2020/06/12,1.21,1.30,1.20,1.30,30166818,38515780.00
2020/06/15,1.30,1.32,1.26,1.28,27863348,35926740.00
2020/06/16,1.27,1.32,1.27,1.30,16358796,21216008.00
2020/06/17,1.34,1.37,1.33,1.37,24062618,32709924.00
2020/06/18,1.37,1.40,1.32,1.37,30775298,41917816.00
2020/06/19,1.38,1.44,1.36,1.44,38243650,54727208.00
2020/06/22,1.42,1.51,1.39,1.51,47366225,69929328.00
2020/06/23,1.51,1.59,1.49,1.59,30308209,47518828.00
2020/06/24,1.60,1.67,1.60,1.67,27759197,45965080.00
2020/06/29,1.74,1.75,1.71,1.75,12051932,21036050.00
2020/06/30,1.84,1.84,1.84,1.84,9154250,16843820.00
2020/07/01,1.93,1.93,1.93,1.93,3066750,5918827.50
2020/07/02,2.03,2.03,1.83,1.83,22599300,43874444.00
2020/07/03,1.74,1.74,1.74,1.74,5574400,9699456.00
2020/07/06,1.65,1.65,1.65,1.65,5047100,8327715.00
2020/07/07,1.58,1.73,1.58,1.73,71868559,119711760.00
2020/07/08,1.65,1.71,1.64,1.65,58734928,97319984.00
2020/07/09,1.64,1.69,1.57,1.67,31542480,51325952.00
2020/07/10,1.65,1.67,1.61,1.64,16009857,26322578.00
2020/07/13,1.61,1.72,1.60,1.70,29437580,50069132.00
2020/07/14,1.71,1.72,1.63,1.67,18374003,30624768.00
2020/07/15,1.63,1.75,1.62,1.74,25830331,43904256.00
2020/07/16,1.72,1.78,1.66,1.67,22064853,37895404.00
2020/07/17,1.65,1.67,1.61,1.62,15442968,25162064.00
2020/07/20,1.61,1.63,1.54,1.58,22735411,35577628.00
2020/07/21,1.57,1.62,1.57,1.60,9645009,15399876.00
2020/07/22,1.60,1.64,1.58,1.61,10746199,17393038.00
2020/07/23,1.59,1.60,1.55,1.57,12564711,19676868.00
2020/07/24,1.58,1.58,1.51,1.52,8532151,13140794.00
2020/07/27,1.52,1.60,1.52,1.60,11223070,17841484.00
2020/07/28,1.63,1.68,1.63,1.68,32734636,54745380.00
2020/07/29,1.70,1.73,1.65,1.70,24402159,41145432.00
2020/07/30,1.68,1.69,1.63,1.64,14768300,24471364.00
2020/07/31,1.62,1.65,1.60,1.64,11825994,19193718.00
2020/08/03,1.69,1.69,1.64,1.66,11596618,19177940.00
2020/08/04,1.64,1.65,1.63,1.64,7579200,12401460.00
2020/08/05,1.64,1.66,1.62,1.63,9230615,15136446.00
2020/08/06,1.63,1.63,1.56,1.57,16088595,25426214.00
2020/08/07,1.57,1.61,1.54,1.56,11430760,17858736.00
2020/08/10,1.55,1.55,1.52,1.53,10732608,16411355.00
2020/08/11,1.53,1.60,1.53,1.57,13624015,21534576.00
2020/08/12,1.57,1.58,1.50,1.54,9276095,14161319.00
2020/08/13,1.53,1.57,1.52,1.54,8072018,12435213.00
2020/08/14,1.54,1.57,1.54,1.55,6704760,10386279.00
2020/08/17,1.55,1.58,1.54,1.57,9553724,14897175.00
2020/08/18,1.56,1.57,1.55,1.56,6188708,9645762.00
2020/08/19,1.56,1.63,1.55,1.61,19101218,30573518.00
2020/08/20,1.60,1.67,1.59,1.60,14565700,23700650.00
2020/08/21,1.62,1.64,1.58,1.60,8489815,13550789.00
2020/08/24,1.60,1.63,1.54,1.56,11507363,18094456.00
2020/08/25,1.62,1.62,1.56,1.58,6730400,10644397.00
2020/08/26,1.55,1.58,1.51,1.52,11424505,17663948.00
2020/08/27,1.52,1.54,1.52,1.53,4883312,7471591.00
2020/08/28,1.53,1.55,1.49,1.52,9548200,14441781.00
2020/08/31,1.52,1.54,1.52,1.53,6786618,10379210.00
2020/09/01,1.53,1.53,1.50,1.52,4910270,7435666.50
2020/09/02,1.52,1.52,1.50,1.50,5237419,7875371.50
2020/09/03,1.50,1.51,1.44,1.44,13576979,19788760.00
2020/09/04,1.43,1.43,1.37,1.38,15928183,22081744.00
2020/09/07,1.38,1.45,1.37,1.45,9069042,13027065.00
2020/09/08,1.51,1.52,1.48,1.52,28472847,42912904.00
2020/09/09,1.49,1.53,1.45,1.51,17849758,26653222.00
2020/09/10,1.48,1.51,1.46,1.46,9338756,13775022.00
2020/09/11,1.46,1.46,1.43,1.46,5772179,8357223.00
2020/09/14,1.45,1.53,1.45,1.53,11924588,18189908.00
2020/09/15,1.56,1.61,1.52,1.61,33348095,52891428.00
2020/09/16,1.65,1.69,1.63,1.69,13990186,23531252.00
2020/09/17,1.77,1.77,1.63,1.71,38891695,67162072.00
2020/09/18,1.66,1.72,1.64,1.67,16505915,27712694.00
2020/09/21,1.70,1.75,1.67,1.69,29128988,49880544.00
2020/09/22,1.64,1.65,1.61,1.61,19764500,32035138.00
2020/09/23,1.62,1.64,1.59,1.61,6526200,10492233.00
2020/09/24,1.62,1.69,1.55,1.69,21692670,36125256.00
2020/09/25,1.73,1.77,1.70,1.77,35960217,63408816.00
2020/09/28,1.78,1.84,1.73,1.74,26264117,46486732.00
2020/09/29,1.70,1.76,1.66,1.71,12941917,22065918.00
2020/09/30,1.70,1.74,1.69,1.70,6813250,11646956.00
2020/10/09,1.72,1.79,1.71,1.74,12546300,21987940.00
2020/10/12,1.71,1.76,1.71,1.74,10320603,17888540.00
2020/10/13,1.74,1.76,1.74,1.76,8952350,15687462.00
2020/10/14,1.75,1.81,1.73,1.74,6627200,11690565.00
2020/10/15,1.76,1.76,1.73,1.75,5481800,9578651.00
2020/10/16,1.74,1.76,1.73,1.75,3924405,6841602.50
2020/10/19,1.75,1.75,1.72,1.74,5485900,9508305.00
2020/10/20,1.73,1.74,1.68,1.69,6930658,11815412.00
2020/10/21,1.69,1.69,1.61,1.63,8558700,14009508.00
2020/10/22,1.63,1.67,1.63,1.65,3797789,6269599.50
2020/10/23,1.64,1.65,1.63,1.65,2846050,4662859.50
2020/10/26,1.63,1.72,1.63,1.71,10161755,17226794.00
2020/10/27,1.71,1.77,1.70,1.75,10904760,19068124.00
2020/10/28,1.75,1.77,1.70,1.70,6758600,11621476.00
2020/10/29,1.69,1.73,1.68,1.70,5721352,9714580.00
2020/10/30,1.70,1.71,1.66,1.68,4345400,7281284.00
2020/11/02,1.68,1.68,1.61,1.62,9076300,14855894.00
2020/11/03,1.60,1.63,1.60,1.62,5274853,8532394.00
2020/11/04,1.63,1.64,1.58,1.59,6439910,10313831.00
2020/11/05,1.60,1.62,1.58,1.60,4469210,7147545.00
2020/11/06,1.61,1.62,1.59,1.61,3426010,5474415.00
2020/11/09,1.61,1.65,1.60,1.64,5111500,8343497.00
2020/11/10,1.64,1.64,1.59,1.61,5128825,8244584.00
2020/11/11,1.61,1.63,1.59,1.60,3283550,5294576.50
2020/11/12,1.60,1.61,1.59,1.61,2548202,4082272.25
2020/11/13,1.60,1.62,1.59,1.62,2293511,3675384.50
2020/11/16,1.62,1.64,1.60,1.61,3345110,5414660.00
2020/11/17,1.63,1.63,1.60,1.61,3840650,6190489.50
2020/11/18,1.61,1.62,1.58,1.60,6112100,9769501.00
2020/11/19,1.60,1.60,1.58,1.59,2271913,3608274.75
2020/11/20,1.59,1.67,1.58,1.67,12916663,21167494.00
2020/11/23,1.67,1.70,1.65,1.67,10586200,17792772.00
2020/11/24,1.67,1.68,1.64,1.66,4408000,7323736.00
2020/11/25,1.66,1.68,1.66,1.66,3534000,5913050.00
2020/11/26,1.66,1.74,1.65,1.74,16977360,29385292.00
2020/11/27,1.76,1.79,1.70,1.71,18256600,31761930.00
2020/11/30,1.73,1.80,1.73,1.75,21078562,37628624.00
2020/12/01,1.73,1.74,1.66,1.67,22125550,37288588.00
2020/12/02,1.75,1.75,1.75,1.75,5293598,9263796.00
2020/12/03,1.84,1.84,1.84,1.84,3018250,5553580.00
2020/12/04,1.93,1.93,1.87,1.93,29908810,57487824.00
2020/12/07,1.93,1.93,1.83,1.83,51101417,95129320.00
2020/12/08,1.79,1.91,1.76,1.84,21098252,38922360.00
2020/12/09,1.79,1.84,1.75,1.75,19396202,34321464.00
2020/12/10,1.71,1.74,1.66,1.71,15898100,26935718.00
2020/12/11,1.75,1.80,1.73,1.80,24973446,44630012.00
2020/12/14,1.73,1.75,1.71,1.72,28200212,48561936.00
2020/12/15,1.74,1.81,1.64,1.81,17564708,30513852.00
2020/12/16,1.77,1.89,1.77,1.81,18494452,34135296.00
2020/12/17,1.74,1.79,1.74,1.78,9894750,17475756.00
2020/12/18,1.80,1.84,1.77,1.80,11403305,20465840.00
2020/12/21,1.82,1.88,1.81,1.83,13376002,24601098.00
2020/12/22,1.84,1.85,1.75,1.76,11235750,20085396.00
2020/12/23,1.76,1.83,1.76,1.83,11389521,20400672.00
2020/12/24,1.81,1.83,1.78,1.80,8357514,14998178.00
2020/12/25,1.78,1.82,1.77,1.78,7047200,12601403.00
2020/12/28,1.86,1.86,1.78,1.78,8701500,15744678.00
2020/12/29,1.78,1.80,1.75,1.76,6641870,11770534.00
2020/12/30,1.82,1.82,1.76,1.77,8600400,15311256.00
2020/12/31,1.84,1.84,1.73,1.77,15169127,26794214.00
2021/01/04,1.75,1.78,1.70,1.73,11508350,20009552.00
2021/01/05,1.74,1.77,1.68,1.75,10975652,18836396.00
2021/01/06,1.74,1.74,1.69,1.71,6612000,11310474.00
2021/01/07,1.70,1.70,1.62,1.62,22964126,37420248.00
2021/01/08,1.61,1.61,1.54,1.54,13062100,20172378.00
2021/01/11,1.49,1.62,1.46,1.54,24491723,37332800.00
2021/01/12,1.49,1.55,1.49,1.50,7895545,11964212.00
2021/01/13,1.45,1.53,1.43,1.50,15329921,22516366.00
2021/01/14,1.47,1.48,1.43,1.44,16070058,23276974.00
2021/01/15,1.44,1.47,1.41,1.46,6093478,8807358.00
2021/01/18,1.46,1.50,1.44,1.49,6494135,9519278.00
2021/01/19,1.49,1.53,1.46,1.49,9095293,13627540.00
2021/01/20,1.50,1.51,1.47,1.49,3417000,5078668.00
2021/01/21,1.49,1.52,1.48,1.50,4658500,6965620.00
2021/01/22,1.51,1.51,1.46,1.48,4548100,6744129.50
2021/01/25,1.49,1.55,1.48,1.54,15499512,23814772.00
2021/01/26,1.53,1.54,1.50,1.51,9720500,14713859.00
2021/01/27,1.51,1.52,1.48,1.51,4761600,7158836.50
2021/01/28,1.50,1.57,1.49,1.54,8901176,13654120.00
2021/01/29,1.53,1.57,1.52,1.57,6195650,9532246.00
2021/02/01,1.57,1.63,1.56,1.58,10255511,16283282.00
2021/02/02,1.58,1.63,1.57,1.63,6779463,10849682.00
2021/02/03,1.64,1.71,1.64,1.71,23680378,40291576.00
2021/02/04,1.73,1.80,1.72,1.76,35539061,62442328.00
2021/02/05,1.76,1.78,1.72,1.76,12990170,22715736.00
2021/02/08,1.79,1.85,1.79,1.85,29963427,55304352.00
2021/02/09,1.86,1.94,1.86,1.94,21700792,41774556.00
2021/02/10,2.00,2.02,1.84,1.84,43232397,81835424.00
2021/02/18,1.84,1.86,1.75,1.79,22626046,40320344.00
2021/02/19,1.80,1.88,1.76,1.88,18449583,33834412.00
2021/02/22,1.91,1.96,1.88,1.94,20230729,38919572.00
2021/02/23,1.94,1.95,1.85,1.89,11245515,21211720.00
2021/02/24,1.86,1.91,1.85,1.87,7450069,13961565.00
2021/02/25,1.88,1.92,1.86,1.88,7720443,14564799.00
2021/02/26,1.88,1.96,1.82,1.90,11967580,22662680.00
2021/03/01,1.91,1.93,1.87,1.91,8829744,16770926.00
2021/03/02,1.91,1.91,1.86,1.86,6634370,12413810.00
2021/03/03,1.86,1.87,1.78,1.87,8875013,16197575.00
2021/03/04,1.87,1.87,1.82,1.84,5604649,10299516.00
2021/03/05,1.82,1.84,1.80,1.82,6762679,12293906.00
2021/03/08,1.82,1.89,1.81,1.84,7089250,13056226.00
2021/03/09,1.84,1.86,1.78,1.85,8086670,14656525.00
2021/03/10,1.85,1.94,1.85,1.94,24735011,47489160.00
2021/03/11,1.92,1.93,1.86,1.88,16555581,31160518.00
2021/03/12,1.89,1.97,1.89,1.97,20867420,40695944.00
2021/03/15,1.98,2.07,1.97,2.07,24079659,49638928.00
2021/03/16,2.15,2.17,2.09,2.17,7433492,16017576.00
2021/03/17,2.21,2.28,2.12,2.24,36545731,80873776.00
2021/03/18,2.22,2.35,2.18,2.35,29864363,69402608.00
2021/03/19,2.35,2.41,2.26,2.35,24154715,56561392.00
2021/03/22,2.40,2.41,2.31,2.37,13849250,32916578.00
2021/03/23,2.33,2.38,2.30,2.31,13801963,32198374.00
2021/03/24,2.28,2.28,2.19,2.19,18392150,40827616.00
2021/03/25,2.15,2.26,2.10,2.22,10853680,23891574.00
2021/03/26,2.20,2.27,2.20,2.25,6329500,14209434.00
2021/03/29,2.29,2.36,2.29,2.36,6951665,16354382.00
2021/03/30,2.47,2.48,2.44,2.48,26093963,64582324.00
2021/03/31,2.51,2.60,2.50,2.60,23835713,61508112.00
2021/04/01,2.72,2.73,2.62,2.73,21183267,57527652.00
2021/04/02,2.86,2.87,2.80,2.87,17953957,51382192.00
2021/04/06,3.01,3.01,2.98,3.01,6560450,19729202.00
2021/04/07,3.16,3.16,3.16,3.16,4025383,12720210.00
2021/04/08,3.32,3.32,3.32,3.32,3323600,11034352.00
2021/04/09,3.49,3.49,3.15,3.15,22280500,74998144.00
2021/04/12,2.99,2.99,2.99,2.99,3961400,11844586.00
2021/04/13,2.95,3.14,2.88,2.88,66648153,199148064.00
2021/04/14,2.75,2.87,2.74,2.82,41076803,113740744.00
2021/04/15,2.73,2.92,2.68,2.90,33660774,93505536.00
2021/04/16,2.84,2.94,2.77,2.88,20329201,57867172.00
2021/04/19,2.88,3.02,2.82,3.02,19366525,58126584.00
2021/04/20,3.15,3.17,3.11,3.17,14888262,47065824.00
2021/04/21,3.33,3.33,3.30,3.33,14834101,49360604.00
2021/04/22,3.37,3.50,3.16,3.44,67358411,222256096.00
2021/04/23,3.38,3.59,3.38,3.47,36579483,128634008.00
2021/04/26,3.47,3.64,3.47,3.64,46663416,168859264.00
2021/04/27,3.46,3.64,3.46,3.46,50973894,177332944.00
2021/04/28,3.31,3.56,3.31,3.47,16924758,57946272.00
2021/04/29,3.38,3.55,3.38,3.41,17320089,59218672.00
2021/04/30,3.40,3.46,3.35,3.36,12806950,43292704.00
2021/05/06,3.42,3.47,3.27,3.34,11714701,39385220.00
2021/05/07,3.36,3.39,3.23,3.28,12661550,41615124.00
2021/05/10,3.28,3.44,3.28,3.44,7411660,25185016.00
2021/05/11,3.61,3.61,3.50,3.61,25557431,91753512.00
2021/05/12,3.76,3.79,3.64,3.79,18253141,68566584.00
2021/05/13,3.80,3.98,3.70,3.90,43367734,170053632.00
2021/05/14,3.75,3.90,3.71,3.77,37983390,143126240.00
2021/05/17,3.58,3.74,3.58,3.58,16611500,59609660.00
2021/05/18,3.40,3.55,3.40,3.41,17645500,60679940.00
2021/05/19,3.48,3.58,3.48,3.58,5882567,20941756.00
2021/05/20,3.76,3.76,3.60,3.63,21920693,80838840.00
2021/05/21,3.67,3.77,3.46,3.67,12785152,46990356.00
2021/05/24,3.62,3.85,3.62,3.76,14170803,53231936.00
2021/05/25,3.71,3.88,3.71,3.72,15418600,58166784.00
2021/05/26,3.67,3.74,3.53,3.53,16854200,60844708.00
2021/05/27,3.48,3.49,3.35,3.35,28327573,95423496.00
2021/05/28,3.34,3.51,3.28,3.46,16076633,54818172.00
2021/05/31,3.49,3.62,3.49,3.60,11888221,42519420.00
2021/06/01,3.61,3.68,3.42,3.47,16986294,59633424.00
2021/06/02,3.44,3.52,3.30,3.32,22692000,77027792.00
2021/06/03,3.33,3.38,3.20,3.25,16415474,53539748.00
2021/06/04,3.32,3.35,3.14,3.35,19886105,63945068.00
2021/06/07,3.42,3.52,3.42,3.52,13953950,48888536.00
2021/06/08,3.65,3.70,3.56,3.58,20350455,73793688.00
2021/06/09,3.53,3.67,3.53,3.61,12523620,45272416.00
2021/06/10,3.62,3.64,3.50,3.50,11112853,39447860.00
2021/06/11,3.50,3.59,3.36,3.47,16542097,56776240.00
2021/06/15,3.54,3.54,3.32,3.36,10641915,35975100.00
2021/06/16,3.39,3.39,3.30,3.36,9260886,30894832.00
2021/06/17,3.35,3.37,3.30,3.32,6082784,20277938.00
2021/06/18,3.35,3.36,3.30,3.32,6001105,19966880.00
2021/06/21,3.36,3.49,3.31,3.48,12528200,43320704.00
2021/06/22,3.44,3.51,3.42,3.42,8662403,29881628.00
2021/06/23,3.46,3.52,3.40,3.48,8087521,27973716.00
2021/06/24,3.49,3.51,3.44,3.49,6957208,24232288.00
2021/06/25,3.52,3.65,3.52,3.63,20985400,75542600.00
2021/06/28,3.58,3.80,3.55,3.64,15196159,55874432.00
2021/06/29,3.64,3.78,3.62,3.70,13375642,49617024.00
2021/06/30,3.73,3.82,3.52,3.52,24684700,89215600.00
2021/07/01,3.45,3.48,3.35,3.39,13331250,45289436.00
2021/07/02,3.40,3.56,3.33,3.54,11028386,37791720.00
2021/07/05,3.50,3.59,3.45,3.56,9227486,32748978.00
2021/07/06,3.54,3.65,3.52,3.54,10213888,36608740.00
2021/07/07,3.51,3.59,3.46,3.48,11818462,41374968.00
2021/07/08,3.46,3.50,3.44,3.46,9374805,32515210.00
2021/07/09,3.46,3.60,3.45,3.58,10389130,36653380.00
2021/07/12,3.65,3.72,3.59,3.67,18994192,69450344.00
2021/07/13,3.76,3.76,3.50,3.60,19568792,71424016.00
2021/07/14,3.50,3.55,3.43,3.49,14909001,51719308.00
2021/07/15,3.48,3.49,3.43,3.46,6339621,21891540.00
2021/07/16,3.47,3.48,3.42,3.46,5883750,20266416.00
2021/07/19,3.48,3.48,3.36,3.41,6617559,22535710.00
2021/07/20,3.39,3.43,3.36,3.42,4304050,14622358.00
2021/07/21,3.41,3.44,3.39,3.41,5607675,19118912.00
2021/07/22,3.41,3.41,3.30,3.32,10816457,36180744.00
2021/07/23,3.31,3.38,3.26,3.30,6527900,21602266.00
2021/07/26,3.31,3.36,3.25,3.28,7831200,25833746.00
2021/07/27,3.28,3.40,3.27,3.32,9961074,33283898.00
2021/07/28,3.32,3.33,3.18,3.21,9843610,31920030.00
2021/07/29,3.19,3.28,3.15,3.18,8575850,27339138.00
2021/07/30,3.18,3.21,3.02,3.02,12355000,37574272.00
2021/08/02,2.99,2.99,2.87,2.87,7889100,22669330.00
2021/08/03,2.77,2.78,2.73,2.73,5712100,15614500.00
2021/08/04,2.59,2.87,2.59,2.87,14946363,40608864.00
2021/08/05,3.01,3.01,3.01,3.01,1072308,3227647.00
2021/08/06,3.16,3.16,3.05,3.16,13618525,42948608.00
2021/08/09,3.00,3.21,3.00,3.06,18746950,57760696.00
2021/08/10,3.04,3.14,3.04,3.11,8588800,26608304.00
2021/08/11,3.15,3.15,2.95,2.95,14397052,43469128.00
2021/08/12,2.95,3.02,2.87,2.95,10278952,30117130.00
2021/08/13,2.95,3.01,2.90,2.98,6365022,18870042.00
2021/08/16,2.98,3.13,2.98,3.13,7267750,22507022.00
2021/08/17,3.23,3.29,3.12,3.14,18205252,58274100.00
2021/08/18,3.19,3.29,3.14,3.27,11525325,37317924.00
2021/08/19,3.22,3.39,3.22,3.37,9136287,30505822.00
2021/08/20,3.37,3.47,3.24,3.37,9074846,30430104.00
2021/08/23,3.40,3.45,3.35,3.37,8602400,29129832.00
2021/08/24,3.37,3.37,3.20,3.26,8593175,28201218.00
2021/08/25,3.26,3.33,3.21,3.27,4986410,16246940.00
2021/08/26,3.27,3.29,3.22,3.24,4907400,15941253.00
2021/08/27,3.27,3.30,3.23,3.28,4756270,15515200.00
2021/08/30,3.28,3.30,3.23,3.26,6387370,20793668.00
2021/08/31,3.10,3.20,3.10,3.12,11848200,37041104.00
2021/09/01,3.12,3.20,3.12,3.18,6584752,20863316.00
2021/09/02,3.34,3.34,3.34,3.34,6909709,23078428.00
2021/09/03,3.51,3.51,3.51,3.51,4439200,15581592.00
2021/09/06,3.69,3.69,3.34,3.46,35910148,129098304.00
2021/09/07,3.54,3.62,3.43,3.51,15072264,52636736.00
2021/09/08,3.45,3.51,3.45,3.47,9143656,31790836.00
2021/09/09,3.47,3.56,3.46,3.52,7052950,24807500.00
2021/09/10,3.52,3.55,3.50,3.53,6494858,22865574.00
2021/09/13,3.63,3.63,3.52,3.54,8838107,31557006.00
2021/09/14,3.58,3.59,3.47,3.47,9434503,33389502.00
2021/09/15,3.42,3.60,3.42,3.59,10376467,36548828.00
2021/09/16,3.60,3.67,3.52,3.60,9241537,33268844.00
2021/09/17,3.64,3.64,3.47,3.48,9221900,32472706.00
2021/09/22,3.49,3.49,3.34,3.41,7825015,26587010.00
2021/09/23,3.43,3.58,3.36,3.52,11441793,39903360.00
2021/09/24,3.48,3.50,3.40,3.45,7873950,27161778.00
2021/09/27,3.45,3.45,3.34,3.38,6815500,23124500.00
2021/09/28,3.41,3.49,3.36,3.43,3729750,12781190.00
2021/09/29,3.38,3.45,3.37,3.43,5471550,18656568.00
2021/09/30,3.46,3.54,3.43,3.51,5605341,19565076.00
2021/10/08,3.44,3.55,3.44,3.52,5967606,20867880.00
2021/10/11,3.50,3.70,3.49,3.70,18556760,67958136.00
2021/10/12,3.77,3.80,3.65,3.67,15100780,56115280.00
2021/10/13,3.72,3.73,3.65,3.70,8033900,29650242.00
2021/10/14,3.70,3.73,3.65,3.67,5712930,21023348.00
2021/10/15,3.65,3.68,3.50,3.66,7243205,26008536.00
2021/10/18,3.64,3.71,3.62,3.66,3795098,13902035.00
2021/10/19,3.66,3.69,3.60,3.60,4138200,15049554.00
2021/10/20,3.62,3.62,3.52,3.54,5718765,20363292.00
2021/10/21,3.54,3.60,3.54,3.59,4341176,15537902.00
2021/10/22,3.60,3.62,3.54,3.59,3335311,11905777.00
2021/10/25,3.60,3.70,3.60,3.65,6681400,24405264.00
2021/10/26,3.65,3.65,3.50,3.51,9496520,33728864.00
2021/10/27,3.51,3.51,3.40,3.45,7418603,25522072.00
2021/10/28,3.40,3.45,3.36,3.42,4927903,16739178.00
2021/10/29,3.36,3.59,3.35,3.55,6792135,23880220.00
2021/11/01,3.51,3.54,3.46,3.49,4453750,15525482.00
2021/11/02,3.48,3.49,3.42,3.44,4139150,14283074.00
2021/11/03,3.46,3.47,3.41,3.43,3080500,10569316.00
2021/11/04,3.43,3.53,3.40,3.50,5121700,17898596.00
2021/11/05,3.49,3.50,3.43,3.44,4030565,13934009.00
2021/11/08,3.43,3.48,3.41,3.47,3707900,12827524.00
2021/11/09,3.48,3.52,3.44,3.49,5223900,18161240.00
2021/11/10,3.52,3.52,3.45,3.46,4473910,15510540.00
2021/11/11,3.47,3.49,3.45,3.46,4947700,17153784.00
2021/11/12,3.48,3.61,3.46,3.57,8247808,29294606.00
2021/11/15,3.62,3.70,3.56,3.59,9558767,34605012.00
2021/11/16,3.63,3.64,3.52,3.64,7932050,28352120.00
2021/11/17,3.57,3.60,3.46,3.46,19344303,67212240.00
2021/11/18,3.39,3.52,3.38,3.47,11320553,39062444.00
2021/11/19,3.47,3.63,3.42,3.60,12727796,45221080.00
2021/11/22,3.60,3.65,3.54,3.56,7814100,27987688.00
2021/11/23,3.59,3.67,3.57,3.63,10113000,36657272.00
2021/11/24,3.62,3.66,3.57,3.63,6736820,24500704.00
2021/11/25,3.63,3.64,3.58,3.60,7064584,25464690.00
2021/11/26,3.60,3.64,3.57,3.61,4617305,16673053.00
2021/11/29,3.61,3.79,3.61,3.79,26987774,101286504.00
2021/11/30,3.82,3.98,3.81,3.98,7056410,27779496.00
2021/12/01,4.18,4.18,4.18,4.18,1537041,6424831.50
2021/12/02,4.35,4.39,4.06,4.30,64292016,273958752.00
2021/12/03,4.22,4.51,4.12,4.34,29981872,130288896.00
2021/12/06,4.31,4.44,4.15,4.20,27414172,116636936.00
2021/12/07,4.16,4.35,4.07,4.35,18319915,76676840.00
2021/12/08,4.49,4.50,4.15,4.16,35291347,151854272.00
2021/12/09,4.09,4.21,4.01,4.07,15098363,61777164.00
2021/12/10,4.07,4.18,4.05,4.14,7888532,32544672.00
2021/12/13,4.13,4.15,4.01,4.03,11177000,45419200.00
2021/12/14,4.01,4.07,3.86,3.86,13882755,54751284.00
2021/12/15,3.86,3.92,3.77,3.88,10380400,39861256.00
2021/12/16,3.88,3.95,3.82,3.87,4337400,16819454.00
2021/12/17,3.90,3.92,3.83,3.86,4408910,17084560.00
2021/12/20,3.86,3.89,3.67,3.69,11139003,41891036.00
2021/12/21,3.69,3.73,3.51,3.58,23453056,83782304.00
2021/12/22,3.56,3.65,3.52,3.61,12355493,44179052.00
2021/12/23,3.62,3.77,3.61,3.69,9599650,35377816.00
2021/12/24,3.68,3.69,3.56,3.59,8463100,30534992.00
2021/12/27,3.63,3.63,3.42,3.48,9983155,34929380.00
2021/12/28,3.48,3.63,3.43,3.56,8837523,31133948.00
2021/12/29,3.56,3.64,3.56,3.61,5416783,19555252.00
2021/12/30,3.62,3.73,3.59,3.67,10845095,39766736.00
2021/12/31,3.67,3.67,3.61,3.66,5428623,19741074.00
2022/01/04,3.64,3.66,3.58,3.61,6258000,22645424.00
2022/01/05,3.61,3.61,3.51,3.54,6248800,22302972.00
2022/01/06,3.52,3.71,3.48,3.61,6822938,24699824.00
2022/01/07,3.62,3.62,3.58,3.59,4171203,14986955.00
2022/01/10,3.56,3.61,3.56,3.58,3062600,10976128.00
2022/01/11,3.62,3.65,3.58,3.60,5101810,18359018.00
2022/01/12,3.60,3.60,3.54,3.56,4556871,16197761.00
2022/01/13,3.57,3.57,3.50,3.51,4420910,15574615.00
2022/01/14,3.50,3.61,3.47,3.55,3869200,13724185.00
2022/01/17,3.37,3.37,3.37,3.37,3291700,11093029.00
2022/01/18,3.20,3.20,3.20,3.20,1498800,4796160.00
2022/01/19,3.04,3.04,3.04,3.04,2229000,6776160.00
2022/01/20,2.92,3.19,2.92,3.15,20414545,62589816.00
2022/01/21,3.03,3.16,3.00,3.01,13133800,40078720.00
2022/01/24,3.00,3.04,2.86,2.86,12397400,35992708.00
2022/01/25,2.85,2.85,2.72,2.72,11421300,31408836.00
2022/01/26,2.67,2.77,2.65,2.73,10693800,29069432.00
2022/01/27,2.75,2.77,2.67,2.68,6364500,17262754.00
2022/01/28,2.68,2.81,2.67,2.79,8824710,24245478.00
2022/02/07,2.80,2.93,2.79,2.93,3175835,9125362.00
2022/02/08,3.08,3.08,3.08,3.08,1272000,3917760.00
2022/02/09,3.21,3.21,3.07,3.12,14010265,43969844.00
2022/02/10,3.09,3.16,3.07,3.08,6693654,20790064.00
2022/02/11,3.09,3.15,3.07,3.07,4134654,12820901.00
2022/02/14,3.07,3.13,3.00,3.09,4991804,15198872.00
2022/02/15,3.13,3.16,3.08,3.09,3694608,11497609.00
2022/02/16,3.12,3.14,3.09,3.12,3684208,11515335.00
2022/02/17,3.14,3.16,3.10,3.11,5003500,15636820.00
2022/02/18,3.11,3.14,3.10,3.12,3423253,10669593.00
2022/02/21,2.96,3.09,2.96,3.09,8568650,26085322.00
2022/02/22,3.07,3.11,3.02,3.04,6883080,21042988.00
2022/02/23,3.05,3.08,2.99,3.06,4935500,14961546.00
2022/02/24,3.05,3.13,2.96,2.97,8030725,24305614.00
2022/02/25,2.97,3.05,2.95,3.02,4123430,12442760.00
2022/02/28,3.01,3.03,2.97,3.03,3800050,11434385.00
2022/03/01,3.04,3.12,3.01,3.07,4885600,15054832.00
2022/03/02,3.05,3.07,3.01,3.03,5060030,15336254.00
2022/03/03,3.04,3.05,3.00,3.01,3230000,9716980.00
2022/03/04,3.01,3.03,2.97,2.99,3228300,9667970.00
2022/03/07,2.99,3.05,2.98,3.04,6825362,20667180.00
2022/03/08,3.04,3.18,3.01,3.12,8439907,26341270.00
2022/03/09,3.12,3.12,2.97,3.06,5012500,15292372.00
2022/03/10,3.07,3.10,3.02,3.04,3880672,11867334.00
2022/03/11,2.99,3.05,2.98,3.00,5395000,16175667.00
2022/03/14,3.00,3.00,2.86,2.89,4312000,12637938.00
2022/03/15,2.88,2.88,2.75,2.75,6735550,18682808.00
2022/03/16,2.74,2.80,2.71,2.75,3955320,10899213.00
2022/03/17,2.76,2.78,2.66,2.75,6593300,17949216.00
2022/03/18,2.77,2.89,2.75,2.89,7890572,22359926.00
2022/03/21,3.03,3.03,2.97,3.03,8282950,25071696.00
2022/03/22,3.18,3.18,3.18,3.18,2039745,6486389.00
2022/03/23,3.34,3.34,3.20,3.33,24124205,79311416.00
2022/03/24,3.35,3.39,3.24,3.28,13093760,43663516.00
2022/03/25,3.26,3.38,3.22,3.25,13177768,43454008.00
2022/03/28,3.12,3.32,3.12,3.30,10364063,33628324.00
2022/03/29,3.40,3.47,3.40,3.47,4550068,15740674.00
2022/03/30,3.55,3.55,3.39,3.51,18809938,65671516.00
2022/03/31,3.46,3.55,3.43,3.50,8180320,28557316.00
2022/04/01,3.50,3.50,3.33,3.35,13837580,46808864.00
2022/04/06,3.34,3.52,3.30,3.50,13116915,44523716.00
2022/04/07,3.42,3.64,3.42,3.55,11827150,42027552.00
2022/04/08,3.57,3.60,3.40,3.47,9707650,33830924.00
2022/04/11,3.44,3.47,3.30,3.30,6736560,22472938.00
2022/04/12,3.36,3.36,3.26,3.34,4765543,15797522.00
2022/04/13,3.34,3.34,3.28,3.31,3830346,12654500.00
2022/04/14,3.33,3.35,3.28,3.34,3449955,11426707.00
2022/04/15,3.32,3.32,3.18,3.19,9314873,30081580.00
2022/04/18,3.19,3.19,3.06,3.16,5313803,16507741.00
2022/04/19,3.20,3.20,3.06,3.15,3923950,12256585.00
2022/04/20,3.14,3.17,3.08,3.13,2519500,7861870.00
2022/04/21,3.12,3.13,2.97,2.98,7698000,23213266.00
2022/04/22,2.94,3.13,2.83,3.13,19763103,58414436.00
2022/04/25,3.29,3.29,3.29,3.29,1689650,5558948.50
2022/04/26,3.45,3.45,3.14,3.19,23623687,77622520.00
2022/04/27,3.14,3.22,3.06,3.15,11460196,36019176.00
2022/04/28,3.10,3.21,3.06,3.08,9913582,30966388.00
2022/04/29,3.15,3.15,3.01,3.10,11004800,33767644.00
2022/05/05,3.05,3.07,2.96,2.98,11043900,33105458.00
2022/05/06,2.96,2.96,2.83,2.85,13819555,39480684.00
2022/05/09,2.85,2.93,2.83,2.90,7614102,21891402.00
2022/05/10,2.91,2.92,2.84,2.87,7015300,20234300.00
2022/05/11,2.84,2.93,2.84,2.87,7514050,21597562.00
2022/05/12,2.89,2.90,2.80,2.82,8013700,22815632.00
2022/05/13,2.82,2.89,2.82,2.85,7607000,21662000.00
2022/05/16,2.87,2.99,2.86,2.99,9210700,27280368.00
2022/05/17,3.05,3.07,2.94,3.00,12482600,37414968.00
2022/05/18,3.06,3.06,2.97,2.98,7765600,23406240.00
2022/05/19,2.97,3.13,2.95,3.11,13428735,41453140.00
2022/05/20,3.12,3.13,3.06,3.09,10063800,31141052.00
2022/05/23,3.13,3.13,3.07,3.09,6709505,20758226.00
2022/05/24,3.09,3.23,3.09,3.13,11846450,37553508.00
2022/05/25,3.14,3.25,3.14,3.23,13894930,44634088.00
2022/05/26,3.20,3.25,3.17,3.19,9455900,30195500.00
2022/05/27,3.19,3.22,3.17,3.21,6063818,19336166.00
2022/05/30,3.19,3.20,3.11,3.14,7581500,23843238.00
2022/05/31,3.15,3.16,3.09,3.12,4662100,14532079.00
2022/06/01,3.12,3.12,3.07,3.08,5520010,17075420.00
2022/06/02,3.11,3.23,3.09,3.19,12696000,40525208.00
2022/06/06,3.13,3.23,3.11,3.19,11945500,38096472.00
2022/06/07,3.19,3.29,3.19,3.21,5305837,17129932.00
2022/06/08,3.22,3.24,3.13,3.20,6551850,20864698.00
2022/06/09,3.18,3.22,3.17,3.19,6023100,19205582.00
2022/06/10,3.20,3.22,3.17,3.19,7385700,23578742.00
2022/06/13,3.17,3.18,3.10,3.17,5982155,18883068.00
2022/06/14,3.16,3.28,3.14,3.22,8291968,26589010.00
2022/06/15,3.21,3.23,3.18,3.23,4700570,15092218.00
2022/06/16,3.32,3.33,3.24,3.25,9273800,30422638.00
2022/06/17,3.15,3.30,3.15,3.24,12501950,40348496.00
2022/06/20,3.22,3.40,3.22,3.34,32911835,110955376.00
2022/06/21,3.28,3.49,3.25,3.40,28387019,94786792.00
2022/06/23,2.61,2.61,2.61,2.61,219800,573678.00
2022/06/24,2.74,2.74,2.74,2.74,27700,75898.00
2022/06/27,2.88,2.88,2.88,2.88,19388850,55839888.00
2022/06/28,3.02,3.02,3.02,3.02,245800,742316.00
2022/06/29,3.17,3.17,3.17,3.17,32000,101440.00
2022/06/30,3.33,3.33,3.33,3.33,89750,298867.50
2022/07/04,3.66,3.66,3.66,3.66,3034350,11105721.00
2022/07/05,4.03,4.03,4.03,4.03,2337765,9421193.00
2022/07/06,4.38,4.43,4.10,4.43,122486792,525532672.00
2022/07/07,4.45,4.87,4.45,4.87,62708663,298451936.00
2022/07/08,5.08,5.36,4.45,4.77,169902305,841465664.00
2022/07/11,4.57,4.97,4.40,4.54,116686165,543964800.00
2022/07/12,4.51,4.83,4.30,4.68,94419251,426426976.00
2022/07/13,4.61,4.79,4.34,4.39,71222118,320501888.00
2022/07/14,4.47,4.73,4.41,4.54,55655625,253389536.00
2022/07/15,4.48,4.60,4.30,4.33,45891870,202221328.00
2022/07/18,4.27,4.42,4.03,4.35,37293608,161100160.00
2022/07/19,4.38,4.48,4.27,4.31,33364464,144577552.00
2022/07/20,4.33,4.38,4.20,4.24,32532532,138679376.00
2022/07/21,4.25,4.25,4.15,4.16,23419900,98287488.00
2022/07/22,4.20,4.33,4.15,4.23,28265450,119509856.00
2022/07/25,4.26,4.33,4.18,4.21,24880768,105694232.00
2022/07/26,4.21,4.26,4.15,4.26,16172649,67977944.00
2022/07/27,4.29,4.33,4.22,4.26,16985286,72382544.00
2022/07/28,4.26,4.28,4.12,4.17,28910500,120484920.00
2022/07/29,4.15,4.20,4.04,4.08,22233572,90896384.00
2022/08/01,4.07,4.10,3.99,3.99,21299143,86010280.00
2022/08/02,3.98,4.05,3.80,3.92,35499143,138365536.00
2022/08/03,3.87,3.98,3.86,3.89,16606216,64767396.00
2022/08/04,3.92,4.17,3.88,4.03,27486961,110683808.00
2022/08/05,4.05,4.06,3.98,4.02,11488653,46005168.00
2022/08/08,4.02,4.09,4.00,4.04,13044900,52849584.00
2022/08/09,4.06,4.06,3.96,4.03,12865650,51521156.00
2022/08/10,4.02,4.03,3.97,4.01,9438800,37714068.00
2022/08/11,4.03,4.33,3.99,4.11,34186370,142126992.00
2022/08/12,4.11,4.16,4.05,4.09,12212813,49964616.00
2022/08/15,4.09,4.22,4.09,4.18,19090758,79653296.00
2022/08/16,4.19,4.20,4.06,4.08,18360774,75559056.00
2022/08/17,4.11,4.13,4.05,4.06,9842301,40134612.00
2022/08/18,4.06,4.10,4.00,4.04,13923517,56356644.00
2022/08/19,4.06,4.11,4.03,4.04,11471250,46572736.00
2022/08/22,4.04,4.13,3.99,4.12,14052600,57416568.00
2022/08/23,4.11,4.50,4.09,4.27,43957797,189510576.00
2022/08/24,4.27,4.30,4.12,4.14,22922260,95935408.00
2022/08/25,4.14,4.17,4.06,4.12,12651187,51973652.00
2022/08/26,4.18,4.32,4.05,4.07,25784921,107490064.00
2022/08/29,4.00,4.08,3.96,4.08,11926713,48225956.00
2022/08/30,4.07,4.15,4.06,4.07,10318360,42209308.00
2022/08/31,4.07,4.09,4.01,4.05,11217600,45442564.00
2022/09/01,4.08,4.11,4.04,4.05,10064227,40913456.00
2022/09/02,4.05,4.11,4.03,4.09,9900605,40297072.00
2022/09/05,4.11,4.19,4.09,4.17,14855240,61610032.00
2022/09/06,4.18,4.18,4.09,4.10,11494900,47337216.00
2022/09/07,4.10,4.13,4.05,4.09,7802557,31786558.00
2022/09/08,4.09,4.10,4.05,4.06,8829500,35876728.00
2022/09/09,4.06,4.28,4.06,4.13,21543607,89291744.00
2022/09/13,4.09,4.18,4.05,4.17,19787698,81363464.00
2022/09/14,4.15,4.15,4.10,4.12,8676931,35750592.00
2022/09/15,4.15,4.15,3.97,4.01,17703500,71659448.00
2022/09/16,3.98,4.05,3.96,3.99,9992700,39929732.00
2022/09/19,4.01,4.02,3.85,3.90,11808552,46133868.00
2022/09/20,3.91,3.95,3.89,3.92,5488150,21485150.00
2022/09/21,3.91,3.92,3.86,3.91,5629752,21883804.00
2022/09/22,3.88,3.93,3.88,3.88,4184500,16316512.00
2022/09/23,3.89,3.90,3.74,3.77,10394300,39507884.00
2022/09/26,3.89,4.12,3.78,3.80,15802050,61765524.00
2022/09/27,3.76,3.95,3.66,3.89,12800850,48898152.00
2022/09/28,3.85,3.92,3.81,3.82,8956708,34488880.00
2022/09/29,3.85,3.88,3.68,3.74,11208790,42175524.00
2022/09/30,3.70,3.78,3.67,3.69,9721788,36276252.00
2022/10/10,3.70,3.89,3.70,3.80,17418032,66295272.00
2022/10/11,3.80,3.82,3.66,3.69,11778600,43705780.00
2022/10/12,3.70,3.72,3.59,3.72,9789100,35779016.00
2022/10/13,3.73,3.75,3.66,3.72,6833850,25407176.00
2022/10/14,3.73,4.00,3.71,3.98,29649200,115510656.00
2022/10/17,3.97,4.07,3.94,3.94,18185450,72437056.00
2022/10/18,3.97,4.02,3.90,3.98,17737850,70416080.00
2022/10/19,4.01,4.01,3.88,3.88,13435300,52623420.00
2022/10/20,3.88,3.95,3.81,3.83,12487100,48506608.00
2022/10/21,3.82,3.87,3.77,3.79,9556290,36348236.00
2022/10/24,3.78,3.82,3.67,3.70,11833058,44312232.00
2022/10/25,3.70,3.71,3.60,3.64,11539550,42054412.00
2022/10/26,3.63,3.83,3.63,3.72,16553200,61641928.00
2022/10/27,3.73,3.77,3.64,3.77,13415600,49695744.00
2022/10/28,3.77,3.81,3.62,3.65,13450800,49780144.00
2022/10/31,3.61,3.67,3.55,3.57,14604700,52381900.00
2022/11/01,3.55,3.62,3.53,3.59,14398200,51330584.00
2022/11/02,3.57,3.64,3.55,3.61,12291908,44226824.00
2022/11/03,3.57,3.60,3.55,3.55,8893896,31735922.00
2022/11/04,3.53,3.58,3.52,3.58,10453582,37234268.00
2022/11/07,3.60,3.61,3.55,3.58,11132250,39791416.00
2022/11/08,3.58,3.94,3.55,3.94,37808635,141969184.00
2022/11/09,4.00,4.12,3.89,3.90,76822820,307440800.00
2022/11/10,3.87,3.97,3.81,3.89,38118726,148298528.00
2022/11/11,3.90,4.02,3.86,3.86,38533706,152341728.00
2022/11/14,3.88,3.95,3.75,3.95,52213850,200909728.00
2022/11/15,3.92,3.92,3.84,3.90,23759244,92350120.00
2022/11/16,3.87,3.99,3.85,3.93,30227299,118993288.00
2022/11/17,3.95,3.96,3.88,3.93,18282807,71629672.00
2022/11/18,3.95,4.17,3.93,4.04,48375877,196378192.00
2022/11/21,4.02,4.02,3.91,3.96,21061778,83280264.00
2022/11/22,3.94,4.09,3.88,3.90,26647919,105972656.00
2022/11/23,3.90,3.93,3.81,3.87,20757142,80058336.00
2022/11/24,3.86,3.93,3.85,3.91,12388150,48312168.00
2022/11/25,3.93,3.93,3.83,3.84,10078022,38853176.00
2022/11/28,3.80,3.88,3.78,3.84,11491800,44083912.00
2022/11/29,3.84,3.93,3.84,3.92,16648450,64903072.00
2022/11/30,3.89,3.94,3.87,3.91,12550700,49005116.00
2022/12/01,3.93,3.94,3.84,3.85,13964550,54090664.00
2022/12/02,3.85,3.88,3.82,3.86,14335072,55192176.00
2022/12/05,3.88,4.03,3.87,3.92,23565502,92544696.00
2022/12/06,3.90,3.90,3.81,3.83,19738100,75934600.00
2022/12/07,3.83,3.86,3.77,3.86,16505500,62875896.00
2022/12/08,4.11,4.25,3.93,3.98,75220078,305720704.00
2022/12/09,3.91,4.38,3.79,4.38,151433574,639036352.00
2022/12/12,4.29,4.82,4.23,4.73,197961833,905739840.00
2022/12/13,4.60,4.63,4.35,4.44,102390447,457064128.00
2022/12/14,4.39,4.50,4.21,4.32,70405235,305046848.00
2022/12/15,4.29,4.32,4.18,4.25,45432773,193043440.00
2022/12/16,4.27,4.45,4.20,4.31,65147025,281546400.00
2022/12/19,4.32,4.33,4.06,4.08,51338645,213288448.00
2022/12/20,4.05,4.13,4.04,4.07,23617114,96313328.00
2022/12/21,4.09,4.18,4.03,4.09,27130310,110872360.00
2022/12/22,4.10,4.18,4.06,4.08,26204900,107833456.00
2022/12/23,4.06,4.10,3.96,3.98,25233264,101372152.00
2022/12/26,3.98,4.17,3.98,4.13,32077367,131760000.00
2022/12/27,4.13,4.13,3.99,4.05,22814117,92209984.00
2022/12/28,4.05,4.09,3.96,3.99,17575235,70742392.00
2022/12/29,3.98,4.02,3.95,3.95,14415371,57441360.00
2022/12/30,3.96,3.98,3.93,3.94,10524862,41575704.00
2023/01/03,3.96,4.25,3.96,4.14,38728471,159389984.00
2023/01/04,4.16,4.30,4.11,4.12,24538250,102638440.00
2023/01/05,4.12,4.16,4.06,4.10,18358433,75180576.00
2023/01/06,4.10,4.12,4.02,4.06,17494160,70969960.00
2023/01/09,4.04,4.10,4.03,4.04,10479900,42363964.00
2023/01/10,4.07,4.13,4.04,4.07,12296450,50169880.00
2023/01/11,4.07,4.08,3.95,3.98,14490550,58042324.00
2023/01/12,3.97,4.01,3.95,3.95,9827250,39013952.00
2023/01/13,3.95,4.05,3.94,3.98,18997639,75904776.00
2023/01/16,3.96,4.06,3.96,3.96,19417139,77600864.00
2023/01/17,3.96,3.98,3.92,3.92,12143100,47955236.00
2023/01/18,3.92,3.96,3.92,3.94,8011350,31532532.00
2023/01/19,4.00,4.08,3.95,4.02,20177906,81199560.00
2023/01/20,4.00,4.14,4.00,4.13,25601100,105133528.00
2023/01/30,4.18,4.46,4.18,4.37,76695093,333493824.00
2023/01/31,4.43,4.64,4.42,4.45,71718005,324950272.00
2023/02/01,4.56,4.60,4.36,4.46,45472703,202339872.00
2023/02/02,4.45,4.75,4.44,4.66,72618665,336033536.00
2023/02/03,4.60,4.86,4.59,4.81,60062165,285730400.00
2023/02/06,4.77,4.86,4.64,4.65,36000150,169612208.00
2023/02/07,4.65,4.72,4.53,4.55,33267156,152599296.00
2023/02/08,4.57,4.67,4.53,4.61,34982950,161265152.00
2023/02/09,4.60,4.70,4.60,4.69,25305650,117785976.00
2023/02/10,4.62,4.64,4.39,4.52,43467991,195211280.00
2023/02/13,4.55,4.55,4.42,4.45,22425573,100567856.00
2023/02/14,4.47,4.50,4.42,4.44,13914914,61949560.00
2023/02/15,4.45,4.47,4.41,4.42,12678269,56256572.00
2023/02/16,4.45,4.59,4.38,4.41,24278544,108624872.00
2023/02/17,4.39,4.47,4.36,4.41,14690271,64947204.00
2023/02/20,4.42,4.44,4.36,4.43,15098100,66526072.00
2023/02/21,4.42,4.54,4.40,4.47,18854600,84556264.00
2023/02/22,4.46,4.52,4.42,4.45,13398700,59893992.00
2023/02/23,4.44,4.51,4.44,4.46,9671121,43150272.00
2023/02/24,4.45,4.48,4.41,4.42,9621200,42689428.00
2023/02/27,4.40,4.42,4.32,4.33,22510350,98193512.00
2023/02/28,4.35,4.60,4.33,4.57,36593000,164178976.00
2023/03/01,4.64,5.03,4.59,5.03,152885614,754489408.00
2023/03/02,5.06,5.10,4.73,4.81,82403850,402353888.00
2023/03/03,4.80,5.03,4.76,4.90,68671888,337135872.00
2023/03/06,4.90,5.25,4.90,5.17,80396114,413309248.00
2023/03/07,5.54,5.69,5.51,5.69,61562419,348725120.00
2023/03/08,5.55,5.88,5.36,5.48,193344099,1089585536.00
2023/03/09,5.51,5.70,5.34,5.38,93614451,512425184.00
2023/03/10,5.27,5.39,5.14,5.26,76496430,402183904.00
2023/03/13,5.30,5.49,5.18,5.22,58299408,308213152.00
2023/03/14,5.17,5.32,5.12,5.24,38910200,203039744.00
2023/03/15,5.27,5.42,5.22,5.36,47707550,255271456.00
2023/03/16,5.31,5.51,5.23,5.27,56790748,305639200.00
2023/03/17,5.26,5.41,5.20,5.25,50116547,266069136.00
2023/03/20,5.24,5.40,5.09,5.29,56717850,297396288.00
2023/03/21,5.29,5.32,5.17,5.25,28282100,148319840.00
2023/03/22,5.29,5.44,5.28,5.32,44647030,239308192.00
2023/03/23,5.38,5.38,5.10,5.15,53150630,275863360.00
2023/03/24,5.15,5.21,4.96,5.01,43994447,221153376.00
2023/03/27,5.00,5.06,4.90,4.98,23612000,117586312.00
2023/03/28,4.98,5.07,4.94,5.03,21706992,108791016.00
2023/03/29,5.05,5.06,4.92,4.98,17989464,89454096.00
2023/03/30,5.17,5.19,4.93,5.03,36324550,183289504.00
2023/03/31,4.99,5.06,4.97,5.02,19742185,99103304.00
2023/04/03,4.98,5.01,4.90,4.97,29195349,144257600.00
2023/04/04,4.95,5.02,4.90,4.98,19598655,97177000.00
2023/04/06,4.99,5.00,4.89,4.99,24000861,118448048.00
2023/04/07,4.96,5.40,4.95,5.30,58457480,303821280.00
2023/04/10,5.26,5.52,5.17,5.22,49323237,263540672.00
2023/04/11,5.21,5.35,5.15,5.25,31956668,167581840.00
2023/04/12,5.22,5.29,5.11,5.13,21686200,111921536.00
2023/04/13,5.13,5.28,5.09,5.27,23992271,124867248.00
2023/04/14,5.24,5.32,5.10,5.23,25295064,131260176.00
2023/04/17,5.26,5.49,5.22,5.30,40823553,217921152.00
2023/04/18,5.26,5.34,5.21,5.30,21949207,115911632.00
2023/04/19,5.29,5.40,5.21,5.25,21791700,114624472.00
2023/04/20,5.25,5.25,5.10,5.13,16398414,84432176.00
2023/04/21,5.16,5.20,5.08,5.09,14826066,76010144.00
2023/04/24,5.12,5.12,4.98,5.00,17455600,87814216.00
2023/04/25,5.00,5.18,4.96,5.12,21701228,109908160.00
2023/04/26,5.10,5.13,4.98,5.05,21612364,108865496.00
2023/04/27,5.05,5.18,5.01,5.09,25341783,129531256.00
2023/04/28,5.20,5.25,4.74,4.81,54378919,265199168.00
2023/05/04,4.83,5.02,4.77,5.00,43095969,213281008.00
2023/05/05,4.99,5.00,4.56,4.64,52198964,245429504.00
2023/05/08,4.64,4.75,4.52,4.56,28570015,131342048.00
2023/05/09,4.59,4.59,4.47,4.50,20836328,94188416.00
2023/05/10,4.47,4.50,4.40,4.50,11959317,53388532.00
2023/05/11,4.51,4.63,4.44,4.47,20747310,93767200.00
2023/05/12,4.46,4.51,4.34,4.43,15176226,67344768.00
2023/05/15,4.43,4.48,4.37,4.46,10416017,46076960.00
2023/05/16,4.46,4.46,4.39,4.42,9335671,41250228.00
2023/05/17,4.43,4.45,4.35,4.41,11856735,52058096.00
2023/05/18,4.39,4.42,4.35,4.41,10507113,46026592.00
2023/05/19,4.39,4.51,4.36,4.48,12580584,56031200.00
2023/05/22,4.48,4.56,4.47,4.56,13223114,59818156.00
2023/05/23,4.56,4.58,4.49,4.50,11338323,51525952.00
2023/05/24,4.47,4.57,4.42,4.52,12450142,56165180.00
2023/05/25,4.50,4.53,4.40,4.43,10662400,47390536.00
2023/05/26,4.43,4.45,4.37,4.43,6619200,29258324.00
2023/05/29,4.60,4.87,4.59,4.75,69017803,330877600.00
2023/05/30,4.72,4.86,4.59,4.81,35985113,170436352.00
2023/05/31,4.77,4.84,4.72,4.79,16928853,81001416.00
2023/06/01,4.79,4.92,4.77,4.88,21942329,107004704.00
2023/06/02,4.86,4.89,4.80,4.84,17771508,86070184.00
2023/06/05,4.81,4.92,4.75,4.80,23522526,113623216.00
2023/06/06,4.80,4.85,4.70,4.73,19806405,94556392.00
2023/06/07,4.76,4.79,4.69,4.75,13280013,63068608.00
2023/06/08,4.75,4.91,4.69,4.86,32252469,155377200.00
2023/06/09,4.82,5.20,4.82,4.93,77140989,387395424.00
2023/06/12,4.88,4.99,4.81,4.87,24083287,118384920.00
2023/06/13,4.86,4.91,4.77,4.79,16023337,77211120.00
2023/06/14,4.77,4.88,4.77,4.80,10316378,49651572.00
2023/06/15,4.79,4.80,4.72,4.79,8026070,38208636.00
2023/06/16,4.79,4.81,4.73,4.74,9837659,46822236.00
2023/06/19,4.78,4.78,4.58,4.59,16251253,75304472.00
2023/06/20,4.59,4.63,4.55,4.62,7386200,33938856.00
2023/06/21,4.61,4.63,4.53,4.54,9803562,44778608.00
2023/06/26,4.55,4.59,4.48,4.55,10527600,47781072.00
2023/06/27,4.54,4.58,4.49,4.51,9727900,44029724.00
2023/06/28,4.51,4.54,4.46,4.48,7709794,34566648.00
2023/06/29,4.50,4.50,4.42,4.47,11453998,51167736.00
2023/06/30,4.45,4.54,4.45,4.52,8581578,38626440.00
2023/07/03,4.54,4.55,4.48,4.52,7658000,34599192.00
2023/07/04,4.50,4.59,4.42,4.46,20066000,90229152.00
2023/07/05,4.44,4.46,4.32,4.41,16247169,71259736.00
2023/07/06,4.40,4.45,4.36,4.38,8685450,38242704.00
2023/07/07,4.39,4.42,4.36,4.42,6819400,29968356.00
2023/07/10,4.42,4.48,4.41,4.47,8376953,37260980.00
2023/07/11,4.46,4.58,4.46,4.54,11115000,50308088.00
2023/07/12,4.53,4.54,4.41,4.43,11403100,50760308.00
2023/07/13,4.43,4.46,4.39,4.43,7207110,31994938.00
2023/07/14,4.42,4.43,4.38,4.41,5935300,26143498.00
2023/07/17,4.40,4.42,4.31,4.39,9526198,41494104.00
2023/07/18,4.39,4.40,4.21,4.22,18661900,79670336.00
2023/07/19,4.20,4.23,4.07,4.09,26275926,108331952.00
2023/07/20,4.11,4.22,4.10,4.15,14847910,61668772.00
2023/07/21,4.10,4.18,4.10,4.16,9287770,38453648.00
2023/07/24,4.17,4.24,4.15,4.20,9506200,39943928.00
2023/07/25,4.22,4.25,4.19,4.21,8691002,36627616.00
2023/07/26,4.22,4.22,4.17,4.19,7830800,32830590.00
2023/07/27,4.20,4.20,3.93,3.98,48459370,195042864.00
2023/07/28,3.96,3.99,3.75,3.93,37848164,148242736.00
2023/07/31,3.93,3.99,3.91,3.93,26059117,102614600.00
2023/08/01,3.93,3.96,3.83,3.87,25732085,99891200.00
2023/08/02,3.85,3.90,3.81,3.88,16668200,64354744.00
2023/08/03,3.86,3.94,3.83,3.92,18739800,73164920.00
2023/08/04,3.90,3.90,3.68,3.76,61301515,230108432.00
2023/08/07,3.74,3.77,3.67,3.76,25143625,93473264.00
2023/08/08,3.75,3.84,3.71,3.79,20466255,77580784.00
2023/08/09,3.79,3.87,3.78,3.84,23600224,90528176.00
2023/08/10,3.84,3.85,3.80,3.83,11812055,45184676.00
2023/08/11,3.82,3.90,3.81,3.82,17927992,69004432.00
2023/08/14,3.74,3.84,3.72,3.80,17468350,66106880.00
2023/08/15,3.83,3.87,3.79,3.84,17746050,67971192.00
2023/08/16,3.80,3.85,3.79,3.79,11673202,44503884.00
2023/08/17,3.80,3.82,3.75,3.80,9098800,34449596.00
2023/08/18,3.80,3.82,3.70,3.71,13750900,51460732.00
2023/08/21,3.70,3.79,3.65,3.71,17585400,65548852.00
2023/08/22,3.74,3.76,3.59,3.65,26645000,96978136.00
2023/08/23,3.61,3.65,3.54,3.54,14657700,52384936.00
2023/08/24,3.53,3.64,3.53,3.58,16604362,59500064.00
2023/08/25,3.56,3.63,3.47,3.51,16460281,58258704.00
2023/08/28,3.68,3.68,3.41,3.42,34739611,121878240.00
2023/08/29,3.42,3.57,3.41,3.56,29090206,102431240.00
2023/08/30,3.54,3.66,3.52,3.54,17838600,63927884.00
2023/08/31,3.57,3.57,3.48,3.53,15807605,55609704.00
2023/09/01,3.53,3.57,3.51,3.54,7864913,27772170.00
2023/09/04,3.55,3.61,3.53,3.60,13046500,46670248.00
2023/09/05,3.59,3.62,3.56,3.61,15645311,56238948.00
2023/09/06,3.59,3.63,3.52,3.61,13464400,48322684.00
2023/09/07,3.62,3.63,3.50,3.51,15006574,53223600.00
2023/09/08,3.54,3.66,3.51,3.60,23308574,83808840.00
2023/09/11,3.63,3.68,3.55,3.62,29214700,105629240.00
2023/09/12,3.63,3.64,3.57,3.58,17587550,63286144.00
2023/09/13,3.59,3.60,3.47,3.50,16451300,57902648.00
2023/09/14,3.51,3.53,3.46,3.47,15393300,53778008.00
2023/09/15,3.47,3.64,3.46,3.58,30856981,110303496.00
2023/09/18,3.59,3.68,3.58,3.62,24157250,87653920.00
2023/09/19,3.60,3.67,3.56,3.58,18860761,68077312.00
2023/09/20,3.58,3.61,3.54,3.54,11622488,41489800.00
2023/09/21,3.54,3.56,3.48,3.49,11395800,40006828.00
2023/09/22,3.48,3.55,3.45,3.55,15805305,55243200.00
2023/09/25,3.53,3.57,3.51,3.52,22874000,80994984.00
2023/09/26,3.52,3.52,3.43,3.44,18290500,63155372.00
2023/09/27,3.43,3.55,3.42,3.53,24308880,85097512.00
2023/09/28,3.54,3.54,3.46,3.47,15990150,55844660.00
2023/10/09,3.47,3.47,3.40,3.41,15643900,53526272.00
2023/10/10,3.41,3.41,3.33,3.34,15352100,51608336.00
2023/10/11,3.34,3.50,3.33,3.39,31276400,107167800.00
2023/10/12,3.42,3.50,3.41,3.45,19070820,65698840.00
2023/10/13,3.46,3.48,3.42,3.43,13201323,45434892.00
2023/10/16,3.44,3.45,3.22,3.25,50590301,165748304.00
2023/10/17,3.25,3.31,3.16,3.20,29488246,94468088.00
2023/10/18,3.20,3.21,3.13,3.14,22766005,71692992.00
2023/10/19,3.14,3.15,3.06,3.07,24911130,77318352.00
2023/10/20,3.09,3.16,3.02,3.06,24789700,76629168.00
2023/10/23,3.05,3.10,3.01,3.02,20995797,63953116.00
2023/10/24,3.02,3.12,3.01,3.09,22359732,68605080.00
2023/10/25,3.11,3.18,3.11,3.14,21400828,67374104.00
2023/10/26,3.12,3.14,3.05,3.12,14401190,44538460.00
2023/10/27,3.12,3.19,3.05,3.17,22360734,70188504.00
2023/10/30,3.15,3.24,3.15,3.18,20874545,66636332.00
2023/10/31,3.23,3.24,3.17,3.19,19581735,62730960.00
2023/11/01,3.21,3.23,3.16,3.22,17179860,54933404.00
2023/11/02,3.21,3.26,3.19,3.19,16068570,51607648.00
2023/11/03,3.20,3.24,3.17,3.22,12667767,40773532.00
2023/11/06,3.25,3.32,3.24,3.30,21002903,69113912.00
2023/11/07,3.28,3.29,3.25,3.26,16469500,53789052.00
2023/11/08,3.26,3.33,3.25,3.29,17388903,57404048.00
2023/11/09,3.29,3.34,3.25,3.27,16096600,52809044.00
2023/11/10,3.27,3.33,3.23,3.29,15827902,51984296.00
2023/11/13,3.31,3.32,3.24,3.26,16874100,55028020.00
2023/11/14,3.26,3.30,3.23,3.26,14688802,47800324.00
2023/11/15,3.28,3.31,3.25,3.27,15136203,49542540.00
2023/11/16,3.25,3.27,3.22,3.22,14100160,45662320.00
2023/11/17,3.22,3.27,3.19,3.26,18901172,61129664.00
2023/11/20,3.27,3.32,3.25,3.32,20033410,66055832.00
2023/11/21,3.33,3.37,3.30,3.33,19486200,64967260.00
2023/11/22,3.31,3.34,3.27,3.27,16783161,55419716.00
2023/11/23,3.31,3.31,3.26,3.30,13637188,44874316.00
2023/11/24,3.31,3.34,3.28,3.32,17740200,58760564.00
2023/11/27,3.30,3.34,3.26,3.29,27782696,91767400.00
2023/11/28,3.29,3.34,3.22,3.32,19942950,65791480.00
2023/11/29,3.34,3.34,3.26,3.27,13871300,45756800.00
2023/11/30,3.26,3.29,3.24,3.28,12371210,40365304.00
2023/12/01,3.26,3.32,3.23,3.30,14416103,47277012.00
2023/12/04,3.30,3.36,3.27,3.31,21322200,70841032.00
2023/12/05,3.29,3.31,3.17,3.17,26237600,84330192.00
2023/12/06,3.17,3.23,3.15,3.19,17368400,55404456.00
2023/12/07,3.19,3.23,3.16,3.17,20202903,64476816.00
2023/12/08,3.19,3.25,3.14,3.20,25117050,80242184.00
2023/12/11,3.20,3.24,3.15,3.24,24270900,77336504.00
2023/12/12,3.22,3.25,3.18,3.20,13693100,43845536.00
2023/12/13,3.18,3.27,3.17,3.23,18993555,61581660.00
2023/12/14,3.25,3.27,3.17,3.17,15321600,49201256.00
2023/12/15,3.19,3.22,3.13,3.15,20928100,66443660.00
2023/12/18,3.15,3.16,3.07,3.12,14558100,45583344.00
2023/12/19,3.11,3.14,3.05,3.09,16793717,51705668.00
2023/12/20,3.08,3.11,3.05,3.06,14022350,43120400.00
2023/12/21,3.05,3.09,3.01,3.06,16843418,51407560.00
2023/12/22,3.06,3.07,3.00,3.01,17430688,52839708.00
2023/12/25,3.00,3.03,2.99,3.01,10287150,30926008.00
2023/12/26,3.00,3.02,2.93,2.95,16552500,49218452.00
2023/12/27,2.96,2.96,2.89,2.90,25734550,75001736.00
2023/12/28,2.91,3.02,2.88,3.00,22325250,66193688.00
2023/12/29,3.02,3.05,2.97,3.03,17727000,53633448.00
2024/01/02,3.04,3.04,2.98,2.99,16233300,48854212.00
2024/01/03,2.97,3.02,2.95,2.99,19176950,57364460.00
2024/01/04,2.98,3.00,2.95,2.97,10165755,30225236.00
2024/01/05,2.96,2.98,2.91,2.92,11144900,32831956.00
2024/01/08,2.92,2.92,2.82,2.82,17962700,51430784.00
2024/01/09,2.81,2.86,2.81,2.82,14999700,42517032.00
2024/01/10,2.81,2.87,2.79,2.83,14910100,42266360.00
2024/01/11,2.84,2.92,2.83,2.91,13571996,38976692.00
2024/01/12,2.90,2.91,2.85,2.85,11617700,33472512.00
2024/01/15,2.85,2.88,2.81,2.83,12745400,36186928.00
2024/01/16,2.83,2.86,2.78,2.82,15209850,42822076.00
2024/01/17,2.82,2.84,2.71,2.72,17123100,47405984.00
2024/01/18,2.72,2.75,2.63,2.70,22675404,60813472.00
2024/01/19,2.73,2.77,2.71,2.74,14388571,39477700.00
2024/01/22,2.75,2.75,2.55,2.55,24686000,64978320.00
2024/01/23,2.53,2.61,2.52,2.57,22591993,58079344.00
2024/01/24,2.60,2.61,2.48,2.57,27376500,69274736.00
2024/01/25,2.56,2.71,2.55,2.70,21205018,56014328.00
2024/01/26,2.68,2.76,2.68,2.69,17697710,48074028.00
2024/01/29,2.71,2.74,2.57,2.58,16976800,44869860.00
2024/01/30,2.55,2.63,2.48,2.49,20457103,52485184.00
2024/01/31,2.47,2.53,2.39,2.40,27317933,67065688.00
2024/02/01,2.38,2.41,2.31,2.34,26721493,62940952.00
2024/02/02,2.33,2.38,2.16,2.23,29253618,66431736.00
2024/02/05,2.21,2.25,2.01,2.03,48449371,100629328.00
2024/02/06,2.02,2.23,1.97,2.23,30386036,64363620.00
2024/02/07,2.45,2.45,2.27,2.45,33577100,81941424.00
2024/02/08,2.70,2.70,2.70,2.70,27851974,75200328.00
2024/02/19,2.70,2.87,2.52,2.65,110923645,296836000.00
2024/02/20,2.63,2.68,2.53,2.59,64094746,166575344.00
2024/02/21,2.53,2.67,2.52,2.58,49575200,128400296.00
2024/02/22,2.57,2.63,2.55,2.59,32385227,83710280.00
2024/02/23,2.59,2.66,2.58,2.65,30539700,79922040.00
2024/02/26,2.67,2.73,2.64,2.69,33984100,91340224.00
2024/02/27,2.69,2.77,2.67,2.77,30236693,82165312.00
2024/02/28,2.76,2.85,2.60,2.61,39571796,108836008.00
2024/02/29,2.59,2.67,2.58,2.64,22864550,60039276.00
2024/03/01,2.64,2.67,2.59,2.63,19030500,49911940.00
2024/03/04,2.65,2.71,2.61,2.67,24546455,65201032.00
2024/03/05,2.67,2.68,2.61,2.63,22902974,60373056.00
2024/03/06,2.63,2.67,2.55,2.65,27997585,73136648.00
2024/03/07,2.65,2.71,2.61,2.61,28134200,74671800.00
2024/03/08,2.60,2.63,2.56,2.57,16784205,43415580.00
2024/03/11,2.58,2.66,2.58,2.66,21613576,56941316.00
2024/03/12,2.66,2.72,2.66,2.67,19320600,51914980.00
2024/03/13,2.67,2.70,2.64,2.69,16600600,44350740.00
2024/03/14,2.71,2.75,2.66,2.67,18160000,49121388.00
2024/03/15,2.68,2.76,2.67,2.75,25953353,70728448.00
2024/03/18,2.79,2.87,2.77,2.81,31791400,89130496.00
2024/03/19,2.83,2.84,2.78,2.79,17402184,48823668.00
2024/03/20,2.78,2.82,2.75,2.77,18628007,51745096.00
2024/03/21,2.79,2.80,2.72,2.74,16883250,46479832.00
2024/03/22,2.74,2.75,2.65,2.66,21744853,58254320.00
2024/03/25,2.65,2.67,2.54,2.54,20563700,53532340.00
2024/03/26,2.54,2.56,2.49,2.52,18936300,47791000.00
2024/03/27,2.53,2.55,2.47,2.47,19037200,47861280.00
2024/03/28,2.46,2.54,2.44,2.51,18856300,47154348.00
2024/03/29,2.52,2.53,2.47,2.50,12971300,32318712.00
2024/04/01,2.51,2.54,2.49,2.53,18828450,47278432.00
2024/04/02,2.53,2.55,2.49,2.50,18307268,45975428.00
2024/04/03,2.50,2.51,2.45,2.47,18062100,44697196.00
2024/04/08,2.46,2.46,2.39,2.40,16324398,39570940.00
2024/04/09,2.38,2.47,2.37,2.46,18903000,45752708.00
2024/04/10,2.46,2.47,2.40,2.42,16750865,40698288.00
2024/04/11,2.40,2.45,2.39,2.41,14523800,35240960.00
2024/04/12,2.40,2.43,2.37,2.37,14828900,35445896.00
2024/04/15,2.38,2.39,2.28,2.32,25182119,58712924.00
2024/04/16,2.31,2.31,2.19,2.19,28328120,63435492.00
2024/04/17,2.19,2.30,2.19,2.25,23509689,53072096.00
2024/04/18,2.23,2.27,2.19,2.23,20571662,45950348.00
2024/04/19,2.22,2.29,2.20,2.24,20618006,46434328.00
2024/04/22,2.24,2.32,2.21,2.27,24009453,54733032.00
2024/04/23,2.28,2.34,2.26,2.30,22171216,51086180.00
2024/04/24,2.29,2.32,2.27,2.30,17704300,40564308.00
2024/04/25,2.30,2.36,2.29,2.33,19265500,44744740.00
2024/04/26,2.35,2.43,2.31,2.41,26990000,64132476.00
2024/04/29,2.40,2.47,2.40,2.46,26649025,64935860.00
2024/04/30,2.46,2.49,2.43,2.47,23794701,58596476.00
2024/05/06,2.50,2.59,2.50,2.57,34140900,87184464.00
2024/05/07,2.59,2.61,2.49,2.50,27047059,68301864.00
2024/05/08,2.51,2.55,2.47,2.48,22564900,56490964.00
2024/05/09,2.49,2.56,2.48,2.55,21694402,54897016.00
2024/05/10,2.54,2.56,2.48,2.49,20667800,51723264.00
2024/05/13,2.49,2.49,2.43,2.44,20330212,49936024.00
2024/05/14,2.45,2.51,2.45,2.46,22469300,55788040.00
2024/05/15,2.49,2.49,2.42,2.43,19735417,48568640.00
2024/05/16,2.44,2.46,2.39,2.40,19834150,48203300.00
2024/05/17,2.41,2.45,2.39,2.44,17483000,42306992.00
2024/05/20,2.43,2.48,2.40,2.40,23048750,56057416.00
2024/05/21,2.39,2.41,2.34,2.36,18688700,44104204.00
2024/05/22,2.37,2.38,2.33,2.34,14153000,33177096.00
2024/05/23,2.34,2.34,2.28,2.29,19582800,45042908.00
2024/05/24,2.27,2.31,2.26,2.28,18081200,41419984.00
2024/05/27,2.27,2.30,2.23,2.26,24060150,54361552.00
2024/05/28,2.26,2.26,2.20,2.21,19371412,43177796.00
2024/05/29,2.21,2.24,2.20,2.20,15425700,34182848.00
2024/05/30,2.19,2.24,2.18,2.22,17507950,38781344.00
2024/05/31,2.22,2.30,2.22,2.27,18504070,41943772.00
2024/06/03,2.26,2.28,2.15,2.17,35503905,77733776.00
2024/06/04,2.19,2.19,2.13,2.17,21586553,46638988.00
2024/06/05,2.18,2.19,2.15,2.15,18150150,39419672.00
2024/06/06,2.14,2.18,2.06,2.08,25940000,54462676.00
2024/06/07,2.10,2.14,2.07,2.11,16788287,35404412.00
2024/06/11,2.09,2.18,2.07,2.17,26684620,57017076.00
2024/06/12,2.17,2.19,2.12,2.12,22473666,48409516.00
2024/06/13,2.12,2.14,2.05,2.07,26828500,55644468.00
2024/06/14,2.06,2.11,2.04,2.07,40275050,83496464.00
2024/06/17,2.08,2.11,2.05,2.08,21786106,45301300.00
2024/06/18,2.08,2.13,2.07,2.09,21573966,45444856.00
2024/06/19,2.09,2.11,2.03,2.03,22617644,46431824.00
2024/06/20,2.02,2.07,1.98,1.99,24245242,48878864.00
2024/06/21,1.97,2.00,1.92,1.94,32551690,63687336.00
2024/06/24,1.94,1.96,1.86,1.88,27727067,52804876.00
2024/06/25,1.88,1.91,1.86,1.88,20013705,37669196.00
2024/06/26,1.88,1.98,1.86,1.97,28580927,54379972.00
2024/06/27,1.97,1.97,1.88,1.88,22469200,42790080.00
2024/06/28,1.88,1.93,1.86,1.86,18828500,35693792.00
2024/07/01,1.88,1.89,1.82,1.86,19702312,36568500.00
2024/07/02,1.89,1.91,1.87,1.88,20702218,39094696.00
2024/07/03,1.88,1.93,1.87,1.90,18605955,35391680.00
2024/07/04,1.88,1.90,1.80,1.81,25851100,47472000.00
2024/07/05,1.81,1.87,1.79,1.86,23755450,43583236.00
2024/07/08,1.85,1.85,1.77,1.78,28991200,52171476.00
2024/07/09,1.79,1.80,1.72,1.75,22439421,39393992.00
2024/07/10,1.75,1.79,1.73,1.76,19537300,34451808.00
2024/07/11,1.82,1.92,1.81,1.86,31513195,58667268.00
2024/07/12,1.88,1.91,1.85,1.87,21292000,40026400.00
2024/07/15,1.86,1.87,1.79,1.80,24442400,44276600.00
2024/07/16,1.79,1.81,1.76,1.77,16704055,29780014.00
2024/07/17,1.78,1.80,1.74,1.77,21182200,37446192.00
2024/07/18,1.76,1.81,1.74,1.80,24729500,44128532.00
2024/07/19,1.80,1.83,1.76,1.82,22713604,40848432.00
2024/07/22,1.85,1.86,1.79,1.80,17820100,32331098.00
2024/07/23,1.82,1.86,1.77,1.77,30508800,55195592.00
2024/07/24,1.73,1.76,1.70,1.71,29106625,50273028.00
2024/07/25,1.70,1.74,1.69,1.71,14689587,25137794.00
2024/07/26,1.72,1.74,1.70,1.72,15280100,26294296.00
2024/07/29,1.70,1.72,1.67,1.69,18986167,32120572.00
2024/07/30,1.70,1.72,1.68,1.69,20807400,35248372.00
2024/07/31,1.69,1.79,1.66,1.79,35189300,61283640.00
2024/08/01,1.78,1.88,1.78,1.81,27836655,50449444.00
2024/08/02,1.99,1.99,1.95,1.99,36528484,72611120.00
2024/08/05,2.06,2.19,2.03,2.19,147235551,316216576.00
2024/08/06,2.20,2.39,1.97,2.24,204385263,434076384.00
2024/08/07,2.08,2.13,2.02,2.02,101410865,206397328.00
2024/08/08,1.96,2.03,1.92,1.97,79518507,157437456.00
2024/08/09,1.98,2.00,1.89,1.89,61719200,119093784.00
2024/08/12,1.88,1.92,1.86,1.88,49362556,93358832.00
2024/08/13,1.86,1.89,1.83,1.86,38702237,71785920.00
2024/08/14,1.87,1.87,1.82,1.83,32978100,60672448.00
2024/08/15,1.83,1.86,1.81,1.84,44320726,81473792.00
2024/08/16,1.84,1.85,1.77,1.78,50867501,92015160.00
2024/08/19,1.80,1.82,1.78,1.80,38025708,68539192.00
2024/08/20,1.81,1.83,1.76,1.76,42155006,75564920.00
2024/08/21,1.75,1.76,1.71,1.71,32660750,56481144.00
2024/08/22,1.70,1.75,1.70,1.71,29242400,50295960.00
2024/08/23,1.71,1.73,1.69,1.70,22950865,39108064.00
2024/08/26,1.71,1.78,1.69,1.78,34031068,59559492.00
2024/08/27,1.81,1.82,1.73,1.74,32820000,57754420.00
2024/08/28,1.71,1.76,1.71,1.75,26043200,45279632.00
2024/08/29,1.73,1.76,1.71,1.74,25468900,44260104.00
2024/08/30,1.75,1.82,1.74,1.78,39634354,70827512.00
2024/09/02,1.79,1.79,1.73,1.73,31429900,55267656.00
2024/09/03,1.73,1.77,1.72,1.74,21515800,37557448.00
2024/09/04,1.74,1.76,1.73,1.74,21885809,38101056.00
2024/09/05,1.75,1.78,1.74,1.77,24678918,43583436.00
2024/09/06,1.78,1.78,1.72,1.72,21055484,36594380.00
2024/09/09,1.74,1.89,1.73,1.89,64583508,118142184.00
2024/09/10,2.00,2.03,1.85,1.86,135984883,260824032.00
2024/09/11,1.83,1.89,1.80,1.81,69121780,126545952.00
2024/09/12,1.80,1.99,1.80,1.88,96477450,183243952.00
2024/09/13,1.85,1.87,1.80,1.85,65286719,119158952.00
2024/09/18,1.80,1.83,1.74,1.80,53501580,95208760.00
2024/09/19,1.80,1.87,1.78,1.85,50566100,92656680.00
2024/09/20,1.83,1.85,1.80,1.81,32559500,59163692.00
2024/09/23,1.81,1.83,1.78,1.79,33575502,60665832.00
2024/09/24,1.80,1.91,1.79,1.90,80233580,149292832.00
2024/09/25,1.91,2.00,1.89,1.93,75802145,148397968.00
2024/09/26,1.92,1.99,1.91,1.99,64693850,126052312.00
2024/09/27,2.01,2.13,1.99,2.09,76000600,156189808.00
2024/09/30,2.20,2.30,2.20,2.30,42234448,96670744.00
2024/10/08,2.53,2.53,2.53,2.53,30539479,77264880.00
2024/10/09,2.71,2.78,2.40,2.66,249180787,667216896.00
2024/10/10,2.71,2.93,2.65,2.82,189306431,537304064.00
2024/10/11,2.79,2.83,2.58,2.61,132992232,355273792.00
2024/10/14,2.56,2.68,2.45,2.65,104423871,268508672.00
2024/10/15,2.67,2.69,2.53,2.54,65861900,171101904.00
2024/10/16,2.49,2.68,2.49,2.58,66909550,172610704.00
2024/10/17,2.74,2.77,2.55,2.55,101114595,264211392.00
2024/10/18,2.55,2.62,2.47,2.58,89899123,229125872.00
2024/10/21,2.57,2.62,2.44,2.48,114248704,283271424.00
2024/10/22,2.48,2.56,2.45,2.52,66043222,166445520.00
2024/10/23,2.54,2.61,2.49,2.51,57811544,146482256.00
2024/10/24,2.52,2.57,2.50,2.54,57787833,146462160.00
2024/10/25,2.56,2.68,2.54,2.63,77399650,203049808.00
2024/10/28,2.64,2.73,2.61,2.69,72530359,194524080.00
2024/10/29,2.71,2.71,2.53,2.54,88953968,230121664.00
2024/10/30,2.54,2.55,2.49,2.55,47906251,120998840.00
2024/10/31,2.56,2.64,2.50,2.57,67912856,174425200.00
2024/11/01,2.57,2.58,2.45,2.46,57633792,143578432.00
2024/11/04,2.50,2.60,2.50,2.56,57404647,145814240.00
2024/11/05,2.56,2.70,2.54,2.67,86768550,229374496.00
2024/11/06,2.66,2.69,2.59,2.65,69815950,184279200.00
2024/11/07,2.62,2.92,2.61,2.92,186816933,527897888.00
2024/11/08,3.07,3.08,2.91,2.96,214816311,640825536.00
2024/11/11,2.87,2.93,2.81,2.90,113726368,326350624.00
2024/11/12,3.03,3.19,3.02,3.17,230255969,722520128.00
2024/11/13,3.00,3.09,2.87,2.92,177780028,528588384.00
2024/11/14,2.90,2.91,2.80,2.82,88416117,251109584.00
2024/11/15,2.80,2.84,2.73,2.74,62830900,175473456.00
2024/11/18,2.73,2.86,2.70,2.76,66584499,183930464.00
2024/11/19,2.75,2.77,2.65,2.77,76958452,207454144.00
2024/11/20,2.76,2.90,2.73,2.84,83115200,236449760.00
2024/11/21,2.83,2.84,2.72,2.76,61324399,169340528.00
2024/11/22,2.73,2.76,2.61,2.61,61905248,166311600.00
数据来源:通达信
