301251 威尔高 日线 前复权
      日期	    开盘	    最高	    最低	    收盘	    成交量	    成交额
2023/09/06,62.87,73.84,62.87,68.19,25237805,1695120256.00
2023/09/07,69.16,72.85,62.13,66.86,20784309,1420626048.00
2023/09/08,63.95,69.59,62.32,62.38,16186818,1061947968.00
2023/09/11,56.17,57.07,51.88,52.66,16069214,868116288.00
2023/09/12,51.27,53.55,50.67,50.85,11625267,603281728.00
2023/09/13,50.37,53.07,48.47,51.87,12970760,661237632.00
2023/09/14,50.87,51.47,47.64,47.65,11476646,569151552.00
2023/09/15,47.05,47.32,44.75,44.92,8796278,404117984.00
2023/09/18,44.61,46.33,43.94,45.60,6337656,289279136.00
2023/09/19,45.17,45.67,44.28,45.48,5218909,235177872.00
2023/09/20,44.87,47.17,44.67,46.09,7033633,324941920.00
2023/09/21,45.78,46.55,43.98,43.98,6068235,274693568.00
2023/09/22,43.25,44.97,43.25,44.87,4635051,206849728.00
2023/09/25,46.14,47.45,45.40,45.51,6697237,310429952.00
2023/09/26,47.10,54.64,47.10,54.64,19893156,1044116160.00
2023/09/27,52.05,52.86,48.55,48.55,17441523,889099264.00
2023/09/28,48.60,49.84,47.28,48.94,12064467,589663168.00
2023/10/09,47.59,49.46,46.56,46.57,9258063,444396064.00
2023/10/10,46.35,47.14,45.47,46.05,6829312,315562368.00
2023/10/11,45.85,46.25,44.37,46.11,5868584,267812048.00
2023/10/12,46.11,46.11,43.79,44.52,6831495,305663616.00
2023/10/13,44.26,44.87,43.43,43.68,5324259,235823152.00
2023/10/16,44.36,44.46,41.58,42.23,5298983,225815120.00
2023/10/17,42.17,42.48,41.25,41.59,3171405,132662520.00
2023/10/18,41.49,41.55,39.89,39.89,3836231,155077776.00
2023/10/19,39.39,41.85,39.32,40.81,4762055,194990400.00
2023/10/20,40.14,41.59,39.55,39.77,3592294,145283104.00
2023/10/23,39.07,39.50,37.75,37.75,3372125,129720928.00
2023/10/24,38.02,39.47,37.38,39.41,3665867,142732480.00
2023/10/25,39.40,40.19,39.04,39.92,4227917,168011952.00
2023/10/26,39.49,40.53,38.89,40.12,3602644,143822448.00
2023/10/27,39.88,40.69,39.31,40.39,4468202,180335984.00
2023/10/30,40.21,41.11,40.05,40.47,4315583,175777536.00
2023/10/31,40.37,40.59,39.05,39.15,4628337,183909376.00
2023/11/01,39.38,39.95,39.16,39.33,2450317,97020608.00
2023/11/02,39.27,40.17,38.13,38.13,2956553,115385424.00
2023/11/03,38.77,40.12,38.67,39.96,4530870,180033840.00
2023/11/06,40.45,41.17,39.73,40.95,3978429,162155472.00
2023/11/07,40.75,42.05,40.59,41.67,5051275,209339216.00
2023/11/08,41.42,41.62,40.62,41.08,3833692,158013120.00
2023/11/09,41.31,42.08,40.51,40.75,3323340,137129472.00
2023/11/10,40.42,41.57,40.23,40.74,2924123,120330440.00
2023/11/13,40.74,41.79,40.67,41.46,2960538,122973224.00
2023/11/14,41.37,41.86,40.98,41.85,3349400,139606416.00
2023/11/15,42.07,42.32,41.40,41.65,2893354,120897912.00
2023/11/16,41.96,42.13,41.16,41.27,3294500,137267488.00
2023/11/17,40.88,41.97,40.72,41.88,3391000,141644208.00
2023/11/20,41.89,42.97,41.87,42.60,3879786,165402736.00
2023/11/21,42.87,42.94,40.82,41.13,4721073,197472896.00
2023/11/22,40.98,41.50,39.90,39.90,3292843,133884992.00
2023/11/23,39.88,41.17,39.73,41.12,3042439,123811056.00
2023/11/24,41.03,41.19,39.35,39.53,2941285,117556344.00
2023/11/27,39.37,40.16,39.13,39.92,1860630,74103600.00
2023/11/28,40.27,42.17,40.26,41.05,5502727,227513856.00
2023/11/29,40.28,41.12,39.98,40.07,3683738,149709936.00
2023/11/30,39.86,39.96,38.52,39.07,2999715,117545472.00
2023/12/01,38.97,39.57,38.57,39.47,1986975,77827072.00
2023/12/04,39.27,39.47,38.27,38.27,2500518,97381336.00
2023/12/05,38.18,38.19,36.51,36.57,2976677,110510296.00
2023/12/06,36.67,37.14,36.20,36.32,2058400,75536056.00
2023/12/07,36.16,36.95,36.09,36.67,2059737,75588512.00
2023/12/08,36.95,38.38,36.92,38.13,4848782,184056688.00
2023/12/11,37.52,38.01,36.59,37.70,3853506,144475360.00
2023/12/12,37.47,38.33,37.35,37.91,2785710,106014104.00
2023/12/13,37.87,38.04,37.13,37.45,2136277,80509920.00
2023/12/14,37.71,37.86,36.78,36.78,1677543,62549072.00
2023/12/15,37.07,37.31,36.51,36.61,1433541,53003688.00
2023/12/18,36.67,36.67,35.64,35.67,1509400,54497508.00
2023/12/19,35.84,36.31,35.56,35.93,1299738,46807164.00
2023/12/20,35.93,36.81,35.77,35.81,2062886,75165672.00
2023/12/21,36.00,36.29,34.73,35.67,2023282,71919424.00
2023/12/22,35.67,35.87,34.98,35.09,1591084,56427348.00
2023/12/25,35.07,35.43,34.79,35.03,872500,30716540.00
2023/12/26,35.10,35.27,33.97,34.09,1423186,49099896.00
2023/12/27,34.10,34.85,33.87,34.69,1533141,53120900.00
2023/12/28,34.81,35.50,34.32,35.22,1729455,60937800.00
2023/12/29,35.09,35.81,35.01,35.72,1674471,59853960.00
2024/01/02,35.56,35.71,35.19,35.39,1348369,47899404.00
2024/01/03,35.66,35.72,34.49,34.80,1924427,67745768.00
2024/01/04,34.63,35.12,34.43,34.92,1243186,43425232.00
2024/01/05,35.06,35.75,34.56,34.98,1968400,69602512.00
2024/01/08,34.73,35.19,33.75,33.75,1667986,57454768.00
2024/01/09,34.07,35.42,33.59,34.03,2226463,76869696.00
2024/01/10,33.68,34.17,32.75,33.33,1896172,63548392.00
2024/01/11,33.26,34.06,33.00,34.06,1689183,57256208.00
2024/01/12,34.18,34.72,33.52,33.52,2079186,71301608.00
2024/01/15,33.35,33.94,32.83,33.42,1587330,53104548.00
2024/01/16,33.41,33.41,32.31,32.80,1731596,56905836.00
2024/01/17,32.87,32.87,31.57,31.67,1510529,48832900.00
2024/01/18,31.42,31.80,30.60,31.58,1723200,54036512.00
2024/01/19,31.57,32.07,30.70,30.79,1417286,44398972.00
2024/01/22,30.87,31.17,28.83,29.12,1898500,57583596.00
2024/01/23,29.12,29.85,28.65,29.45,1897386,55920176.00
2024/01/24,29.43,29.67,28.19,29.48,1738758,50592188.00
2024/01/25,29.53,30.76,28.97,30.61,2107238,63588260.00
2024/01/26,30.60,30.74,29.24,29.88,1723780,52333300.00
2024/01/29,30.31,32.45,29.80,29.87,2527225,77293440.00
2024/01/30,29.39,29.67,28.30,28.30,1714472,49809856.00
2024/01/31,28.47,28.47,26.20,26.29,1911486,52413100.00
2024/02/01,26.32,26.87,25.47,26.54,1810900,47927552.00
2024/02/02,26.51,27.02,23.89,24.64,2305854,58681464.00
2024/02/05,24.85,26.54,22.76,25.36,5174510,130190984.00
2024/02/06,24.38,26.12,22.18,25.45,4549180,111268816.00
2024/02/07,25.45,25.47,22.80,22.95,4829980,117631592.00
2024/02/08,22.95,24.92,22.28,24.87,4038634,97272800.00
2024/02/19,25.47,27.84,24.87,26.99,5383929,143199264.00
2024/02/20,28.72,29.72,27.51,28.08,8145394,234335792.00
2024/02/21,26.87,28.57,26.75,27.92,5618768,156493344.00
2024/02/22,27.75,29.10,27.50,28.99,5732499,163953376.00
2024/02/23,29.26,30.82,28.38,30.44,7147657,212907632.00
2024/02/26,29.89,30.77,29.48,29.82,5906460,178051632.00
2024/02/27,29.36,32.20,29.18,31.75,6833697,212499552.00
2024/02/28,31.28,31.61,28.26,28.37,6947606,211524608.00
2024/02/29,27.97,30.22,27.55,29.81,4133495,121943224.00
2024/03/01,30.16,30.72,29.67,30.53,4258975,129525120.00
2024/03/04,30.61,31.31,29.55,31.07,4606720,142104336.00
2024/03/05,30.65,30.85,29.71,29.97,3674527,111651752.00
2024/03/06,29.96,31.72,29.43,31.41,6597470,204867008.00
2024/03/07,31.67,33.51,31.21,32.83,9731931,317561440.00
2024/03/08,32.97,33.20,31.47,32.79,6319957,205484752.00
2024/03/11,31.77,32.37,31.17,32.32,4917208,156765296.00
2024/03/12,31.99,32.35,31.37,31.67,4038613,128834056.00
2024/03/13,31.87,32.23,31.47,31.79,3668316,117455432.00
2024/03/14,31.37,31.67,30.54,30.88,3653893,113891672.00
2024/03/15,30.88,33.47,30.47,33.19,7597037,245967536.00
2024/03/18,33.42,33.42,32.57,33.06,5310164,175508336.00
2024/03/19,33.07,34.47,32.57,34.33,8327790,281222816.00
2024/03/20,33.67,35.48,33.53,35.14,8393238,293410624.00
2024/03/21,34.80,35.67,34.15,34.20,6855753,238947840.00
2024/03/22,33.77,33.95,32.33,32.63,4778361,158336208.00
2024/03/25,32.36,32.47,30.47,30.55,3396035,107468272.00
2024/03/26,30.43,31.14,29.97,31.14,2729293,84081920.00
2024/03/27,31.42,33.57,30.57,30.67,4448143,143797360.00
2024/03/28,29.65,31.43,29.02,31.07,3657645,111851904.00
2024/03/29,30.85,31.21,30.07,30.64,2596957,79571640.00
2024/04/01,30.65,31.52,30.64,31.23,2087026,65261368.00
2024/04/02,31.15,31.16,29.83,30.13,2512364,76647976.00
2024/04/03,29.99,30.00,29.02,29.66,1737406,51617024.00
2024/04/08,29.31,29.83,28.08,28.18,2031797,59085088.00
2024/04/09,28.17,28.64,28.16,28.51,1450058,41351892.00
2024/04/10,28.60,28.77,27.35,27.62,1724575,48357164.00
2024/04/11,27.37,28.05,27.29,27.32,1370166,38084204.00
2024/04/12,27.37,28.86,27.30,27.66,2551065,71648160.00
2024/04/15,28.12,28.75,26.27,26.52,2811227,78045368.00
2024/04/16,25.86,26.17,23.47,23.80,2811640,68960376.00
2024/04/17,24.37,25.96,24.37,25.96,2745237,70265632.00
2024/04/18,25.88,26.51,25.46,26.04,2036693,53331384.00
2024/04/19,25.87,26.23,25.27,25.73,1654142,42789320.00
2024/04/22,25.56,26.06,24.78,26.00,1413225,36408704.00
2024/04/23,25.39,25.88,25.27,25.59,1780162,45798244.00
2024/04/24,25.69,27.05,25.57,27.02,2647290,70348136.00
2024/04/25,26.77,27.15,26.54,26.68,1929083,52005876.00
2024/04/26,26.66,27.51,26.48,27.24,1883628,51449072.00
2024/04/29,27.08,28.01,27.07,27.87,1841084,51312812.00
2024/04/30,27.88,28.13,27.37,27.59,1433750,39866688.00
2024/05/06,28.03,28.13,27.64,27.74,1420374,39751988.00
2024/05/07,27.68,27.99,27.62,27.89,1353731,37855504.00
2024/05/08,27.82,27.90,27.24,27.26,1300706,35943328.00
2024/05/09,27.25,27.86,26.99,27.66,1273147,35399272.00
2024/05/10,27.72,27.82,26.59,26.66,1514542,41009284.00
2024/05/13,26.57,26.57,25.70,25.70,1393206,36271892.00
2024/05/14,25.86,26.52,25.78,25.92,1053967,27605690.00
2024/05/15,25.82,26.34,25.60,25.75,1168137,30546062.00
2024/05/16,25.87,26.50,25.87,26.13,1519302,40103080.00
2024/05/17,26.08,27.73,25.86,27.33,3414461,92893912.00
2024/05/20,27.25,27.53,27.01,27.48,2388986,65542796.00
2024/05/21,27.54,27.97,27.29,27.75,2320365,64416724.00
2024/05/22,27.71,28.72,27.42,28.23,2650075,75064264.00
2024/05/23,28.02,33.07,28.00,31.03,11624859,358928352.00
2024/05/24,30.40,31.53,29.63,29.68,7972593,242827600.00
2024/05/27,31.00,31.66,28.67,30.01,6643830,201619760.00
2024/05/28,29.17,30.76,29.13,29.53,4814244,144839696.00
2024/05/29,28.89,29.60,28.58,29.10,4039852,117611520.00
2024/05/30,28.61,29.03,28.07,28.92,2854803,81979088.00
2024/05/31,29.10,29.66,28.82,29.27,3541222,104081008.00
2024/06/03,29.24,30.62,29.09,30.09,4741108,141384448.00
2024/06/04,29.72,30.20,27.62,28.59,4108114,118147792.00
2024/06/05,28.00,28.89,27.50,28.18,2432763,68611160.00
2024/06/06,29.50,33.82,29.50,33.82,18668437,622240704.00
2024/06/07,32.00,32.97,31.26,31.48,16202108,517977056.00
2024/06/11,30.55,32.38,29.84,32.00,10753271,336667872.00
2024/06/12,31.51,33.79,31.51,33.54,13253061,433164960.00
2024/06/13,32.80,35.55,32.10,32.34,14075588,474028960.00
2024/06/14,31.60,38.81,30.78,38.81,18112460,634076992.00
2024/06/17,39.70,44.90,39.13,42.79,22845993,951916096.00
2024/06/18,41.82,46.88,41.21,46.35,21259712,945910784.00
2024/06/19,46.35,46.80,41.88,42.46,18807137,817088512.00
2024/06/20,40.00,41.40,38.32,38.35,15491588,616892544.00
2024/06/21,37.78,39.00,36.66,36.73,11999732,451224608.00
2024/06/24,36.60,38.70,35.69,36.94,10868981,406392832.00
2024/06/25,36.36,36.39,34.60,35.48,9346286,330523328.00
2024/06/26,35.25,37.60,35.00,37.39,10571219,385169632.00
2024/06/27,36.40,36.87,33.92,34.15,10149839,360178560.00
2024/06/28,33.88,35.17,33.22,34.43,7159559,247045504.00
2024/07/01,34.60,34.66,32.88,33.94,5404809,181618416.00
2024/07/02,33.80,34.22,33.11,33.39,5327020,179009280.00
2024/07/03,34.00,34.06,32.40,32.61,5394436,177754288.00
2024/07/04,32.62,32.94,31.27,31.34,5420989,173530416.00
2024/07/05,31.00,31.77,30.50,31.45,3981473,124275560.00
2024/07/08,31.31,32.42,31.00,31.11,5317407,168688496.00
2024/07/09,31.00,32.82,30.82,32.59,6703006,214999536.00
2024/07/10,32.13,33.99,32.12,33.33,8504949,282813920.00
2024/07/11,33.60,34.97,33.00,34.73,9306586,317760288.00
2024/07/12,33.87,33.87,32.90,32.94,6337727,211270480.00
2024/07/15,32.69,33.29,31.86,32.99,4581611,149098272.00
2024/07/16,32.50,34.60,32.08,34.54,7520284,251418800.00
2024/07/17,34.48,35.79,33.01,33.08,8370442,289672608.00
2024/07/18,32.60,32.98,30.94,32.00,6658194,212115088.00
2024/07/19,32.90,34.74,32.88,34.44,11687549,396509984.00
2024/07/22,33.93,38.00,33.17,36.50,13918874,496204928.00
2024/07/23,37.12,37.77,34.82,34.88,10673713,385623552.00
2024/07/24,34.96,36.46,33.70,33.90,9260221,325861248.00
2024/07/25,31.70,32.76,31.40,32.27,7171714,229895728.00
2024/07/26,32.00,32.89,31.63,32.14,5337681,171776544.00
2024/07/29,31.90,32.80,31.53,31.91,4119717,131907776.00
2024/07/30,31.43,32.41,30.74,32.35,4623079,147270368.00
2024/07/31,32.00,34.49,31.91,34.44,6686314,223038464.00
2024/08/01,35.08,37.10,35.02,35.46,9909430,353197056.00
2024/08/02,35.11,35.81,33.94,33.95,6233462,216021488.00
2024/08/05,33.11,33.47,30.98,30.98,5964741,191339680.00
2024/08/06,31.55,31.75,30.66,31.24,3553135,110534112.00
2024/08/07,31.28,31.95,31.01,31.07,3343000,105246480.00
2024/08/08,30.60,30.82,29.30,29.87,3928433,117384944.00
2024/08/09,30.39,30.63,29.74,29.80,2482806,74918448.00
2024/08/12,29.60,29.96,28.95,29.53,2451116,72141160.00
2024/08/13,29.62,30.15,29.27,29.85,2057291,61187436.00
2024/08/14,30.00,30.16,29.70,30.02,1871343,56052748.00
2024/08/15,30.15,30.46,29.50,30.09,2931627,88163632.00
2024/08/16,30.22,31.06,30.11,30.40,4007683,122745648.00
2024/08/19,30.14,30.20,28.50,28.57,4431715,129866400.00
2024/08/20,28.41,29.12,28.27,28.55,2419120,69415456.00
2024/08/21,28.46,29.34,28.40,28.78,2150307,62266088.00
2024/08/22,28.86,28.86,27.74,28.04,2188000,61704256.00
2024/08/23,27.99,28.07,27.31,27.34,1727400,47779088.00
2024/08/26,27.28,27.63,27.00,27.12,1425200,38820220.00
2024/08/27,27.00,27.03,26.27,26.36,1738500,46221636.00
2024/08/28,26.19,26.54,25.95,26.28,1457900,38233196.00
2024/08/29,26.10,26.62,25.75,26.30,2380629,62420776.00
2024/08/30,26.25,27.30,26.20,26.83,2890707,77775800.00
2024/09/02,26.80,26.98,25.88,25.90,2080700,54950612.00
2024/09/03,25.78,26.40,25.78,26.21,1380100,36088812.00
2024/09/04,25.81,26.36,25.64,25.97,1466307,38058516.00
2024/09/05,25.71,26.99,25.68,26.49,3131270,82863448.00
2024/09/06,26.70,26.73,25.78,25.82,2224607,58015060.00
2024/09/09,25.83,26.13,25.46,25.97,1381900,35782608.00
2024/09/10,25.96,26.40,25.60,26.32,2089300,54369740.00
2024/09/11,26.11,26.39,25.88,25.99,1271800,33195068.00
2024/09/12,26.30,26.39,25.39,25.42,1657657,42779268.00
2024/09/13,25.40,25.54,24.69,24.76,1919657,48059828.00
2024/09/18,24.80,25.00,23.94,24.33,1202226,29188718.00
2024/09/19,24.47,24.78,24.15,24.53,1553900,38134804.00
2024/09/20,24.75,24.87,24.19,24.44,1246800,30509390.00
2024/09/23,24.22,24.93,24.13,24.40,1513600,37115712.00
2024/09/24,24.46,25.21,24.08,25.20,2839195,70472136.00
2024/09/25,25.46,26.08,25.35,25.44,3116853,80152432.00
2024/09/26,25.25,26.07,25.25,26.07,3151100,81213128.00
2024/09/27,26.36,28.22,26.35,27.73,5911586,161288736.00
2024/09/30,29.00,32.09,28.30,31.74,8770633,265078784.00
2024/10/08,37.19,37.99,31.99,35.65,13526791,474238496.00
2024/10/09,33.41,33.95,30.06,30.16,8252222,265780176.00
2024/10/10,31.20,31.55,30.03,30.24,4931568,151860544.00
2024/10/11,30.01,30.01,27.99,28.30,4203628,121026784.00
2024/10/14,28.59,29.80,28.30,29.76,4500700,130913552.00
2024/10/15,29.90,31.90,29.88,30.15,8521243,264687312.00
2024/10/16,29.50,31.08,28.91,29.63,5507894,164438544.00
2024/10/17,29.80,31.28,29.79,30.22,6748539,205558736.00
2024/10/18,31.40,36.26,31.30,36.26,25928501,910531008.00
2024/10/21,37.34,43.45,36.55,40.50,31401210,1220251520.00
2024/10/22,38.69,41.38,36.60,38.85,20817239,803223360.00
2024/10/23,37.21,39.25,37.21,37.55,11935874,452789024.00
2024/10/24,37.09,37.23,35.77,36.11,8547188,310922176.00
2024/10/25,36.60,36.73,35.40,36.11,8473594,305145504.00
2024/10/28,35.68,36.47,35.20,36.40,7270651,261747552.00
2024/10/29,36.22,36.39,34.51,34.60,7977185,282194784.00
2024/10/30,34.96,35.22,34.09,34.94,5407407,187433856.00
2024/10/31,34.60,35.45,34.20,35.15,5938907,207839744.00
2024/11/01,34.81,35.19,32.58,32.69,5989066,201087840.00
2024/11/04,32.53,34.00,32.53,33.85,3590891,120294160.00
2024/11/05,33.85,35.20,33.71,35.04,5558571,192677424.00
2024/11/06,35.00,35.49,34.58,34.77,5402204,189328096.00
2024/11/07,34.77,35.62,34.45,35.60,5791467,203244528.00
2024/11/08,35.63,36.97,35.63,36.10,8063890,292385024.00
2024/11/11,35.99,37.43,35.70,37.41,7860754,289544256.00
2024/11/12,37.46,37.48,35.84,36.16,6815228,249284896.00
2024/11/13,35.82,36.55,35.09,36.49,4925007,176617472.00
2024/11/14,36.39,36.39,35.07,35.15,3277550,116985648.00
2024/11/15,34.96,35.56,33.80,33.85,3136121,109153280.00
2024/11/18,33.72,34.97,31.88,32.18,3692865,120161880.00
2024/11/19,32.19,34.00,32.03,33.97,3533743,116638624.00
2024/11/20,33.60,34.34,33.60,34.08,2898836,98567680.00
2024/11/21,33.90,34.42,33.46,34.05,2549204,86753496.00
2024/11/22,33.94,34.25,32.17,32.20,3248564,108193128.00
数据来源:通达信
