300756 金马游乐 日线 前复权
      日期	    开盘	    最高	    最低	    收盘	    成交量	    成交额
2018/12/28,17.80,21.46,17.80,21.46,45144,3496560.75
2019/01/02,23.66,23.66,23.66,23.66,145685,12429844.00
2019/01/03,24.17,25.80,24.05,24.38,5178286,457321760.00
2019/01/04,24.08,25.14,23.20,24.70,3978032,348727264.00
2019/01/07,24.68,25.11,24.04,24.65,2877529,254725232.00
2019/01/08,24.61,26.33,24.61,25.31,3392279,312916384.00
2019/01/09,25.27,25.82,24.99,25.38,2578281,235626240.00
2019/01/10,25.18,25.69,24.35,24.59,2712311,244392576.00
2019/01/11,24.65,27.11,24.57,27.11,3583392,333633728.00
2019/01/14,27.91,28.07,24.76,24.95,3805434,359849056.00
2019/01/15,23.86,25.87,23.86,25.56,2420851,216165408.00
2019/01/16,25.47,26.04,25.04,25.09,1865930,171586976.00
2019/01/17,24.99,25.35,24.63,25.24,1434730,129179808.00
2019/01/18,25.03,26.13,24.99,25.43,2204686,203022608.00
2019/01/21,25.61,26.04,25.34,25.46,1863606,172207552.00
2019/01/22,25.27,26.46,24.95,25.99,2345429,217569280.00
2019/01/23,25.80,27.81,25.56,27.23,3291639,315461920.00
2019/01/24,26.69,27.11,25.96,26.16,2381911,227228224.00
2019/01/25,25.97,26.71,25.27,25.30,2141875,200790240.00
2019/01/28,25.44,25.92,24.80,25.64,1714407,156435424.00
2019/01/29,25.48,26.75,24.91,26.50,2402036,224776736.00
2019/01/30,26.14,26.66,25.24,25.32,2049478,191747456.00
2019/01/31,24.99,25.55,23.60,23.68,2287616,201509760.00
2019/02/01,23.85,24.32,23.76,24.14,1220588,105685824.00
2019/02/11,24.23,24.99,24.14,24.77,1324643,117336608.00
2019/02/12,24.76,25.31,24.61,25.22,1558387,140129024.00
2019/02/13,25.13,25.50,24.93,25.21,1393516,126525832.00
2019/02/14,25.22,26.40,25.18,25.71,1613300,150111264.00
2019/02/15,25.71,25.71,25.18,25.51,1180599,108074888.00
2019/02/18,25.64,26.12,25.47,26.04,1251477,116443920.00
2019/02/19,26.08,26.34,25.55,25.88,1554661,145023232.00
2019/02/20,25.98,25.98,24.89,25.20,1342038,122211088.00
2019/02/21,25.15,25.37,24.81,24.90,1108388,100249064.00
2019/02/22,24.69,25.20,24.56,24.99,1052321,94442352.00
2019/02/25,24.96,26.03,24.85,25.84,1830749,168287264.00
2019/02/26,25.78,26.48,25.65,25.85,2083684,195896048.00
2019/02/27,25.74,27.81,25.67,27.00,2703051,261419376.00
2019/02/28,27.01,28.48,27.01,27.20,2171288,215738032.00
2019/03/01,27.21,27.76,26.58,27.01,1428592,138811248.00
2019/03/04,27.19,27.73,26.54,27.00,1805955,175645056.00
2019/03/05,26.97,26.97,26.54,26.92,1318309,126763320.00
2019/03/06,27.05,28.24,27.04,27.54,2082703,206348768.00
2019/03/07,27.51,30.14,26.56,28.51,2782996,279746528.00
2019/03/08,27.55,27.87,26.48,26.53,1889084,185282224.00
2019/03/11,26.49,27.18,26.49,27.17,1015907,98228664.00
2019/03/12,27.11,28.08,27.02,27.68,1507665,149276976.00
2019/03/13,28.02,29.71,27.69,28.54,2295582,238873280.00
2019/03/14,28.39,28.55,26.82,27.26,1298014,128307008.00
2019/03/15,27.25,27.52,26.69,27.34,1090288,106527648.00
2019/03/18,27.31,28.15,27.23,27.96,1045723,104138872.00
2019/03/19,28.02,28.27,27.26,27.58,944095,93859464.00
2019/03/20,27.44,27.59,26.90,27.24,844223,82595648.00
2019/03/21,27.27,27.50,26.99,27.31,806083,79080528.00
2019/03/22,27.40,27.72,26.60,27.59,977318,95051792.00
2019/03/25,26.98,27.72,26.92,27.29,842418,82617520.00
2019/03/26,27.30,27.48,26.77,26.92,676753,65850352.00
2019/03/27,26.92,27.13,26.72,26.93,556263,53903772.00
2019/03/28,26.92,26.92,25.47,25.58,1156503,108469320.00
2019/03/29,25.36,26.07,25.36,25.98,794114,73640512.00
2019/04/01,26.09,26.90,26.06,26.74,839550,80332784.00
2019/04/02,26.75,26.91,26.55,26.76,664097,63832088.00
2019/04/03,26.68,26.97,26.41,26.86,603318,58158640.00
2019/04/04,26.92,27.67,26.90,27.25,943547,92693960.00
2019/04/08,26.69,27.25,26.38,26.55,936611,90038712.00
2019/04/09,26.55,26.85,26.03,26.76,734100,70064928.00
2019/04/10,24.99,25.41,24.03,24.03,2283806,202139104.00
2019/04/11,24.03,24.60,23.97,24.42,930300,81360032.00
2019/04/12,25.74,26.67,25.28,25.34,1775795,165259360.00
2019/04/15,25.36,25.55,24.48,24.59,1058318,95511032.00
2019/04/16,24.53,24.73,24.11,24.73,686318,60244480.00
2019/04/17,24.71,24.85,24.56,24.72,603377,53692868.00
2019/04/18,24.70,24.70,24.19,24.26,690714,60570480.00
2019/04/19,24.22,24.40,24.14,24.34,403989,35360292.00
2019/04/22,24.34,24.36,24.07,24.19,489103,42606436.00
2019/04/23,24.21,24.21,23.69,23.87,517689,44622092.00
2019/04/24,24.05,24.08,23.79,24.07,374371,32313390.00
2019/04/25,24.01,24.58,23.88,24.07,751300,65749928.00
2019/04/26,23.57,23.57,22.61,22.63,892685,73685208.00
2019/04/29,22.63,22.63,21.31,21.31,707800,55589824.00
2019/04/30,21.32,21.75,21.31,21.62,289500,22601256.00
2019/05/06,20.74,21.14,19.60,20.01,612213,45460688.00
2019/05/07,20.13,20.66,20.13,20.54,419400,30983034.00
2019/05/08,20.15,20.88,19.92,20.88,447413,33235300.00
2019/05/09,20.85,21.16,20.62,20.83,473700,35709792.00
2019/05/10,20.86,21.28,20.61,21.23,537200,40969304.00
2019/05/13,21.02,21.16,20.91,21.09,346800,26382044.00
2019/05/14,20.91,21.16,20.86,20.96,227313,17278596.00
2019/05/15,21.01,21.65,21.01,21.59,486991,37662996.00
2019/05/16,22.04,23.00,21.90,22.37,804370,65174768.00
2019/05/17,22.06,22.31,21.27,21.27,532900,41881484.00
2019/05/20,21.60,21.89,21.10,21.87,364120,28353800.00
2019/05/21,21.87,21.95,21.68,21.90,306600,24189772.00
2019/05/22,21.90,21.96,21.02,21.30,448261,34713932.00
2019/05/23,21.05,21.40,20.46,20.51,401000,30153916.00
2019/05/24,20.12,20.97,20.04,20.06,516780,21008242.00
2019/05/27,20.06,20.47,19.80,20.42,599465,24009448.00
2019/05/28,20.41,20.49,19.96,19.98,648949,26086884.00
2019/05/29,19.98,20.62,19.77,20.40,759884,30701716.00
2019/05/30,20.30,20.32,19.83,20.28,672109,26769420.00
2019/05/31,20.34,21.58,20.12,21.08,1614759,67332032.00
2019/06/03,21.04,21.05,19.91,19.93,1100420,44501160.00
2019/06/04,19.66,20.35,19.38,19.46,770919,30345558.00
2019/06/05,19.66,19.90,19.15,19.23,575265,22295116.00
2019/06/06,19.35,19.35,18.34,18.41,663339,24689272.00
2019/06/10,18.58,18.75,18.41,18.58,379840,14049698.00
2019/06/11,18.58,19.33,18.58,19.32,736319,27911296.00
2019/06/12,19.32,19.63,19.09,19.39,665600,25591816.00
2019/06/13,19.60,19.60,18.89,19.14,744980,28289462.00
2019/06/14,19.17,19.24,18.32,18.34,708400,26363264.00
2019/06/17,18.33,18.57,18.17,18.22,368980,13463395.00
2019/06/18,18.22,19.17,18.22,18.85,899960,33717912.00
2019/06/19,19.60,19.60,18.89,18.92,734467,27840954.00
2019/06/20,18.66,19.13,18.66,19.03,650450,24586064.00
2019/06/21,19.00,19.47,19.00,19.23,873147,33510464.00
2019/06/24,19.22,19.30,18.79,18.90,565252,21368920.00
2019/06/25,18.90,19.04,18.55,18.67,562800,21010608.00
2019/06/26,18.67,18.99,18.52,18.83,536920,20138984.00
2019/06/27,18.90,19.09,18.70,18.71,511440,19227952.00
2019/06/28,18.63,18.77,17.98,18.14,879404,32008218.00
2019/07/01,18.38,18.73,18.37,18.71,877464,32483892.00
2019/07/02,18.71,19.07,18.58,18.94,814300,30549358.00
2019/07/03,18.83,18.98,18.71,18.82,502500,18841354.00
2019/07/04,18.92,19.04,18.82,19.03,566820,21386402.00
2019/07/05,18.99,19.67,18.91,19.51,1073350,41353300.00
2019/07/08,19.37,19.37,18.13,18.13,1078160,39963444.00
2019/07/09,18.19,18.81,18.19,18.71,853796,31583376.00
2019/07/10,18.84,18.86,18.26,18.28,583880,21586176.00
2019/07/11,18.52,18.64,18.12,18.32,494140,18117662.00
2019/07/12,18.35,18.71,18.21,18.46,468660,17291016.00
2019/07/15,18.74,19.26,18.51,19.24,1119304,42423740.00
2019/07/16,19.10,19.40,19.03,19.39,793430,30370666.00
2019/07/17,19.31,19.31,18.91,18.99,740720,28118804.00
2019/07/18,18.96,18.96,18.48,18.60,532240,19762554.00
2019/07/19,18.68,18.78,18.35,18.48,744940,27498040.00
2019/07/22,18.65,18.65,17.54,17.61,1115760,39564876.00
2019/07/23,17.50,17.74,17.50,17.68,416800,14653733.00
2019/07/24,17.72,18.07,17.72,17.91,665600,23717554.00
2019/07/25,17.85,18.02,17.79,17.90,442380,15783481.00
2019/07/26,17.82,18.14,17.77,17.88,567492,20274184.00
2019/07/29,17.83,18.06,17.81,17.91,457332,16355237.00
2019/07/30,17.96,18.29,17.91,18.21,754560,27244004.00
2019/07/31,18.12,18.15,17.92,17.93,431764,15470571.00
2019/08/01,17.90,17.96,17.75,17.85,514860,18278516.00
2019/08/02,17.66,17.66,17.41,17.54,765900,26727846.00
2019/08/05,17.55,17.71,17.46,17.46,445180,15573865.00
2019/08/06,17.18,17.18,16.57,16.92,749850,25200680.00
2019/08/07,16.93,17.14,16.85,16.85,422000,14284632.00
2019/08/08,16.85,17.22,16.83,16.98,460560,15616876.00
2019/08/09,17.10,17.34,16.63,16.73,468920,15876503.00
2019/08/12,16.65,17.00,16.59,16.96,333933,11200230.00
2019/08/13,16.79,17.00,16.69,16.78,374613,12540137.00
2019/08/14,17.04,17.04,16.87,16.97,441733,14927919.00
2019/08/15,16.61,16.85,16.43,16.80,619100,20498452.00
2019/08/16,16.80,16.93,16.72,16.83,493980,16587118.00
2019/08/19,16.93,17.28,16.88,17.22,859231,29357490.00
2019/08/20,17.34,17.60,17.13,17.51,911760,31656020.00
2019/08/21,17.50,17.69,17.42,17.58,598274,20898384.00
2019/08/22,17.56,17.77,17.46,17.75,637020,22334586.00
2019/08/23,17.75,19.39,17.74,19.08,2851860,105639144.00
2019/08/26,18.66,19.18,18.52,18.73,1656300,61918484.00
2019/08/27,18.62,18.99,18.62,18.95,1169510,43821404.00
2019/08/28,18.93,18.94,18.57,18.59,712952,26494998.00
2019/08/29,18.81,19.70,18.70,19.35,1922893,73975104.00
2019/08/30,19.43,19.50,18.41,18.64,1155820,43376780.00
2019/09/02,18.52,18.84,18.29,18.76,809860,30035974.00
2019/09/03,18.66,18.92,18.59,18.76,691474,25760610.00
2019/09/04,18.76,19.50,18.60,19.49,1469248,56256652.00
2019/09/05,19.45,20.21,19.37,19.46,1883485,73739616.00
2019/09/06,19.48,19.73,19.38,19.59,894617,34758324.00
2019/09/09,19.59,20.98,19.59,20.88,1920720,77848264.00
2019/09/10,20.97,20.97,20.45,20.64,1118177,45852348.00
2019/09/11,20.48,20.78,20.38,20.64,828197,33845248.00
2019/09/12,20.60,21.58,20.51,21.41,1717079,72761008.00
2019/09/16,21.33,22.15,21.23,21.50,1558852,67066076.00
2019/09/17,21.39,21.67,20.56,21.08,1314705,55202884.00
2019/09/18,21.08,21.34,20.73,20.82,756400,31388704.00
2019/09/19,20.82,22.40,20.82,22.06,1906769,82480200.00
2019/09/20,22.13,22.15,21.43,21.56,1126700,48634756.00
2019/09/23,21.80,22.05,21.27,21.89,890006,38241748.00
2019/09/24,21.80,22.00,21.49,21.75,750220,32272266.00
2019/09/25,21.53,21.88,20.53,20.68,1332694,55545256.00
2019/09/26,20.88,21.11,19.70,19.71,1278556,51420668.00
2019/09/27,19.92,20.84,19.67,20.70,976337,39780272.00
2019/09/30,21.13,21.13,20.06,20.16,750600,30331436.00
2019/10/08,20.17,21.68,20.17,21.40,1428406,60324856.00
2019/10/09,21.35,21.74,20.99,21.50,866280,36859048.00
2019/10/10,21.44,21.59,21.16,21.41,745490,31570788.00
2019/10/11,21.41,21.54,20.56,20.91,1071634,44623356.00
2019/10/14,20.85,21.54,20.82,20.90,907534,38188492.00
2019/10/15,20.26,20.36,19.35,20.08,1282896,50743276.00
2019/10/16,19.91,20.46,19.87,20.09,530760,21230116.00
2019/10/17,19.90,20.54,19.89,20.42,702100,28329608.00
2019/10/18,20.20,20.59,19.91,20.12,531520,21396418.00
2019/10/21,20.41,20.41,19.45,19.70,515751,20187488.00
2019/10/22,19.68,19.92,19.46,19.71,364700,14248335.00
2019/10/23,19.71,19.83,19.26,19.36,494085,19127094.00
2019/10/24,19.18,19.48,19.09,19.27,296860,11382790.00
2019/10/25,19.09,19.58,19.03,19.35,298748,11526822.00
2019/10/28,19.35,19.71,19.35,19.59,314160,12238672.00
2019/10/29,19.37,19.68,19.12,19.16,407144,15672081.00
2019/10/30,19.14,19.14,17.91,18.12,919960,33565048.00
2019/10/31,18.08,18.42,17.86,17.90,373960,13476736.00
2019/11/01,18.04,18.14,17.67,17.96,339300,12140674.00
2019/11/04,18.12,18.25,17.82,17.86,309180,11090838.00
2019/11/05,17.89,18.02,17.74,17.86,278400,9927432.00
2019/11/06,18.02,18.12,17.75,17.88,333760,11930997.00
2019/11/07,17.82,17.98,17.46,17.90,314180,11158596.00
2019/11/08,18.11,18.32,17.90,18.26,449220,16216655.00
2019/11/11,18.07,18.17,17.31,17.35,471269,16495955.00
2019/11/12,17.35,17.42,17.09,17.30,226805,7796864.50
2019/11/13,17.18,17.37,17.09,17.16,206560,7079286.50
2019/11/14,17.16,17.68,17.16,17.54,331024,11582584.00
2019/11/15,17.71,17.71,16.96,16.96,329260,11335332.00
2019/11/18,17.08,17.33,16.99,17.29,266110,9144144.00
2019/11/19,17.31,17.68,17.21,17.67,346380,12097971.00
2019/11/20,17.71,17.76,17.39,17.69,322860,11335058.00
2019/11/21,17.68,17.68,17.34,17.49,310160,10785872.00
2019/11/22,17.49,17.71,17.05,17.16,413412,14302445.00
2019/11/25,17.31,17.31,16.92,17.01,235560,7997477.00
2019/11/26,17.01,17.19,16.83,16.90,224960,7591907.00
2019/11/27,16.84,16.93,16.69,16.72,196800,6597936.00
2019/11/28,17.03,17.03,16.64,16.70,180400,6037011.00
2019/11/29,16.64,16.71,16.39,16.67,301860,9944141.00
2019/12/02,16.59,16.80,16.39,16.66,177960,5896642.00
2019/12/03,17.05,17.05,16.52,16.67,255124,8482076.00
2019/12/04,16.48,16.82,16.41,16.75,322985,10725004.00
2019/12/05,16.75,16.95,16.71,16.90,249406,8386446.00
2019/12/06,16.87,17.05,16.78,17.02,248808,8410847.00
2019/12/09,17.13,17.13,16.95,17.01,204120,6929696.50
2019/12/10,16.87,17.05,16.82,16.92,217620,7337934.00
2019/12/11,16.88,16.99,16.74,16.89,298660,10049406.00
2019/12/12,16.89,16.89,16.48,16.52,426300,14096584.00
2019/12/13,16.54,16.87,16.28,16.87,448636,14891433.00
2019/12/16,16.79,18.57,16.79,17.73,1306920,46202372.00
2019/12/17,17.61,18.15,17.58,17.82,762521,27111534.00
2019/12/18,17.82,17.92,17.62,17.79,538817,19106770.00
2019/12/19,17.77,17.99,17.67,17.84,462957,16433475.00
2019/12/20,17.94,17.94,17.64,17.64,526700,18620438.00
2019/12/23,17.63,17.63,16.91,16.91,540000,18515220.00
2019/12/24,16.94,17.23,16.85,17.15,426957,14453617.00
2019/12/25,17.12,17.12,16.90,17.05,321440,10902597.00
2019/12/26,17.06,17.20,16.98,17.15,357140,12151785.00
2019/12/27,17.15,17.53,17.15,17.29,635001,21992396.00
2019/12/30,17.20,17.66,17.02,17.61,600874,20868260.00
2019/12/31,17.60,17.76,17.25,17.49,739254,25713032.00
2020/01/02,17.52,17.74,17.49,17.71,619060,21750466.00
2020/01/03,17.71,19.50,17.61,18.55,1692765,61912168.00
2020/01/06,18.48,18.48,18.10,18.18,1083141,39291356.00
2020/01/07,18.28,18.41,18.18,18.29,644624,23458638.00
2020/01/08,18.23,18.28,17.87,17.95,714360,25667424.00
2020/01/09,18.00,18.34,18.00,18.30,555359,20121304.00
2020/01/10,18.47,18.48,18.16,18.23,500820,18253224.00
2020/01/13,18.21,18.71,18.08,18.69,717160,26367078.00
2020/01/14,18.77,18.77,18.48,18.68,601048,22291664.00
2020/01/15,18.59,18.78,18.54,18.71,423920,15761134.00
2020/01/16,18.78,18.83,18.36,18.39,520820,19223074.00
2020/01/17,18.51,18.55,18.38,18.40,317780,11676081.00
2020/01/20,18.41,18.71,18.41,18.67,478919,17728292.00
2020/01/21,18.59,18.59,18.16,18.17,509780,18660348.00
2020/01/22,18.04,18.30,16.54,18.03,523360,18585716.00
2020/01/23,17.77,18.11,17.16,17.33,566500,19824020.00
2020/02/03,15.57,15.57,15.57,15.57,124700,3876923.00
2020/02/04,13.99,14.91,13.99,14.60,1234170,35801144.00
2020/02/05,14.68,15.25,14.53,14.70,846660,25125540.00
2020/02/06,14.93,15.06,14.72,14.94,638903,18993494.00
2020/02/07,14.87,15.29,14.70,15.24,555160,16699587.00
2020/02/10,15.29,15.41,15.04,15.41,597000,18187598.00
2020/02/11,15.30,15.62,15.17,15.46,698360,21437948.00
2020/02/12,15.33,15.55,15.27,15.51,672999,20743530.00
2020/02/13,15.46,15.57,15.09,15.12,746059,22818312.00
2020/02/14,15.14,15.20,14.86,14.98,552479,16590134.00
2020/02/17,14.98,15.62,14.98,15.57,890306,27378666.00
2020/02/18,15.50,15.98,15.49,15.93,963452,30383866.00
2020/02/19,15.89,16.24,15.86,16.02,827698,26472534.00
2020/02/20,16.13,16.17,15.84,16.12,820888,26280052.00
2020/02/21,16.18,16.28,16.07,16.19,946640,30590766.00
2020/02/24,16.08,16.38,16.07,16.37,766300,24829516.00
2020/02/25,16.04,16.17,15.52,16.12,1089790,34640104.00
2020/02/26,15.82,16.30,15.82,15.99,766770,24637482.00
2020/02/27,16.04,16.23,15.84,16.02,545342,17464860.00
2020/02/28,15.73,15.81,14.97,14.99,947444,29050262.00
2020/03/02,15.11,15.64,15.03,15.61,602010,18610016.00
2020/03/03,15.72,15.98,15.55,15.68,647780,20433628.00
2020/03/04,15.54,15.88,15.53,15.88,460660,14457035.00
2020/03/05,15.93,16.32,15.92,16.29,1013000,32600488.00
2020/03/06,16.13,16.31,16.03,16.24,677340,21891842.00
2020/03/09,16.06,16.17,15.65,15.75,707008,22406388.00
2020/03/10,15.57,16.12,15.01,16.03,821811,25726294.00
2020/03/11,16.03,16.32,15.89,15.93,766631,24716812.00
2020/03/12,15.92,15.93,15.53,15.93,601920,18866080.00
2020/03/13,15.16,15.61,15.16,15.47,586400,18022166.00
2020/03/16,15.50,15.67,14.70,14.83,654700,19917276.00
2020/03/17,14.95,14.99,14.12,14.66,545960,15877291.00
2020/03/18,14.76,14.98,14.38,14.44,456920,13466446.00
2020/03/19,14.37,14.73,14.15,14.40,433940,12466116.00
2020/03/20,14.50,14.68,14.30,14.62,427370,12381945.00
2020/03/23,14.45,14.48,14.03,14.03,447220,12742417.00
2020/03/24,14.25,14.36,14.02,14.28,329380,9368852.00
2020/03/25,14.50,14.66,14.43,14.58,427548,12431592.00
2020/03/26,14.50,14.57,14.32,14.46,276340,7996431.50
2020/03/27,14.53,15.08,14.47,14.72,584210,17189070.00
2020/03/30,14.67,14.74,14.29,14.63,390550,11349276.00
2020/03/31,14.76,14.91,14.50,14.51,279780,8190908.50
2020/04/01,14.58,14.64,14.34,14.36,351258,10188129.00
2020/04/02,14.44,14.55,14.27,14.55,251700,7254290.00
2020/04/03,14.52,14.65,14.40,14.49,268520,7785801.00
2020/04/07,14.60,14.77,14.58,14.74,574020,16822164.00
2020/04/08,14.69,15.27,14.61,15.04,997516,29943192.00
2020/04/09,15.15,15.25,15.02,15.12,488802,14775038.00
2020/04/10,14.51,14.76,14.22,14.26,957295,27713716.00
2020/04/13,14.14,14.19,13.93,13.94,413580,11606302.00
2020/04/14,13.94,14.25,13.89,14.24,411382,11599126.00
2020/04/15,14.12,14.51,14.07,14.51,401720,11441952.00
2020/04/16,14.35,14.45,14.07,14.17,785133,22315788.00
2020/04/17,14.24,14.35,14.09,14.10,388553,11006662.00
2020/04/20,14.09,14.20,14.06,14.10,401680,11344504.00
2020/04/21,14.01,14.07,13.85,13.99,367364,10257552.00
2020/04/22,13.93,14.13,13.84,14.13,301601,8456242.00
2020/04/23,14.14,14.34,14.07,14.10,332620,9414439.00
2020/04/24,14.04,14.07,13.90,13.94,301960,8442629.00
2020/04/27,13.99,14.03,13.88,13.92,200240,5592002.50
2020/04/28,13.99,13.99,13.03,13.28,577360,15426844.00
2020/04/29,13.28,13.51,13.16,13.17,399062,10629853.00
2020/04/30,13.12,13.49,13.05,13.41,392480,10488615.00
2020/05/06,13.24,13.56,13.19,13.51,351580,9432197.00
2020/05/07,13.51,13.69,13.42,13.46,336845,9119142.00
2020/05/08,13.48,13.66,13.48,13.60,280200,7627796.50
2020/05/11,13.76,13.76,13.53,13.60,274660,7483249.00
2020/05/12,13.49,13.63,13.42,13.54,261730,7090212.00
2020/05/13,13.46,13.74,13.43,13.70,308696,8394441.00
2020/05/14,13.68,13.98,13.54,13.78,424340,11716716.00
2020/05/15,13.78,14.08,13.77,13.89,523190,14623841.00
2020/05/18,13.88,13.99,13.81,13.91,299523,8348278.50
2020/05/19,13.92,14.13,13.68,14.09,262398,7371188.50
2020/05/20,14.09,14.28,13.94,14.28,642082,18188166.00
2020/05/21,14.25,14.39,13.94,14.01,532868,15086118.00
2020/05/22,13.99,13.99,13.68,13.86,351600,9739774.00
2020/05/25,13.79,13.97,13.67,13.74,190680,5264555.50
2020/05/26,13.74,14.04,13.74,13.99,386991,10758106.00
2020/05/27,14.03,14.25,13.91,14.12,388280,10941847.00
2020/05/28,14.11,14.13,13.58,13.95,409720,11401132.00
2020/05/29,14.13,14.14,13.89,14.14,298720,8420484.00
2020/06/01,14.01,14.33,14.01,14.27,445020,12706939.00
2020/06/02,14.35,14.73,14.22,14.59,733727,21356688.00
2020/06/03,14.51,14.73,14.51,14.53,442160,12906130.00
2020/06/04,14.54,14.67,14.43,14.63,301310,8778175.00
2020/06/05,14.69,14.69,14.44,14.51,368842,10720519.00
2020/06/08,14.53,14.59,14.41,14.49,303480,8793463.00
2020/06/09,14.60,14.64,14.35,14.49,234188,6769777.50
2020/06/10,14.63,14.63,14.32,14.42,202460,5833696.00
2020/06/11,14.42,14.49,14.32,14.33,246940,7099804.50
2020/06/12,14.04,14.39,14.00,14.26,284210,8072563.50
2020/06/15,14.14,14.66,14.14,14.63,560688,16234636.00
2020/06/16,14.58,14.75,14.39,14.53,580767,11887092.00
2020/06/17,14.50,14.83,14.35,14.80,683422,14046751.00
2020/06/18,14.79,15.03,14.63,14.72,599216,12492447.00
2020/06/19,14.63,14.78,14.54,14.58,400483,8275779.00
2020/06/22,14.71,14.73,14.46,14.57,404805,8355194.00
2020/06/23,14.62,15.36,14.57,14.78,1731670,36838736.00
2020/06/24,14.78,15.18,14.57,15.01,1233914,25953458.00
2020/06/29,15.01,15.01,14.73,14.84,655516,13750570.00
2020/06/30,14.98,15.34,14.80,15.30,1134275,24327032.00
2020/07/01,15.30,15.73,15.19,15.51,1263975,27528980.00
2020/07/02,15.51,15.65,15.36,15.49,914396,20053260.00
2020/07/03,15.48,15.73,15.27,15.40,961649,20888290.00
2020/07/06,15.40,15.88,15.40,15.83,1473264,32580558.00
2020/07/07,15.85,16.11,15.59,16.05,1862038,41788888.00
2020/07/08,15.99,16.44,15.80,16.12,1342676,30536908.00
2020/07/09,16.28,16.28,15.94,16.23,1165396,26492586.00
2020/07/10,16.33,16.33,15.67,15.76,1453595,32762458.00
2020/07/13,15.85,16.32,15.84,16.30,1300008,29606418.00
2020/07/14,16.28,16.51,16.03,16.25,1091776,25060662.00
2020/07/15,16.29,16.92,16.02,16.07,1551264,35771708.00
2020/07/16,16.00,16.05,15.15,15.16,1334913,29331376.00
2020/07/17,15.17,15.43,15.01,15.26,656156,14097685.00
2020/07/20,15.53,15.83,15.30,15.80,856004,18905008.00
2020/07/21,15.94,16.25,15.73,15.82,872275,19581932.00
2020/07/22,15.82,16.05,15.71,15.79,509588,11438484.00
2020/07/23,15.74,15.75,15.30,15.62,720090,15749188.00
2020/07/24,15.68,15.83,14.95,15.01,802624,17438886.00
2020/07/27,14.95,15.21,14.55,14.66,556192,11586604.00
2020/07/28,14.68,14.92,14.68,14.88,434024,9087187.00
2020/07/29,14.80,15.25,14.35,15.25,587814,12417635.00
2020/07/30,15.08,15.55,15.08,15.29,588948,12729821.00
2020/07/31,15.19,15.53,15.19,15.42,505528,10984407.00
2020/08/03,15.58,15.91,15.44,15.91,622000,13845736.00
2020/08/04,15.91,16.03,15.79,15.85,567164,12738120.00
2020/08/05,15.85,16.05,15.73,16.05,576548,12972759.00
2020/08/06,16.05,16.14,15.98,16.11,688972,15613585.00
2020/08/07,16.18,16.18,15.65,15.93,631440,14111649.00
2020/08/10,15.83,16.75,15.79,16.62,1297938,30167428.00
2020/08/11,16.78,16.85,16.49,16.64,1031100,24251650.00
2020/08/12,15.82,17.30,15.82,17.03,1568936,37053676.00
2020/08/13,16.99,17.58,16.95,17.24,1633740,39902004.00
2020/08/14,17.24,18.43,17.15,18.43,2134657,54203824.00
2020/08/17,18.43,18.76,17.80,18.08,1945437,49725468.00
2020/08/18,17.99,19.03,17.90,18.92,1633510,43099168.00
2020/08/19,18.77,19.36,18.46,19.28,1917664,51523420.00
2020/08/20,19.11,19.43,19.11,19.42,1312167,35736796.00
2020/08/21,19.42,19.95,19.24,19.78,1612556,44628936.00
2020/08/24,20.08,20.71,19.80,20.65,2009844,57917832.00
2020/08/25,20.73,20.78,19.94,20.40,1501452,43122400.00
2020/08/26,20.40,21.04,20.13,20.47,1643260,47879532.00
2020/08/27,20.47,20.50,19.51,19.83,1840804,51623332.00
2020/08/28,19.60,21.65,19.60,21.24,2219145,64652164.00
2020/08/31,21.72,22.87,21.01,21.06,2207023,67801544.00
2020/09/01,20.86,22.00,20.69,21.88,1652960,50154660.00
2020/09/02,22.30,22.71,21.75,22.50,1764208,55621400.00
2020/09/03,22.93,25.23,22.40,24.40,2650540,88809976.00
2020/09/04,24.70,24.71,22.70,23.65,1800112,59949904.00
2020/09/07,23.65,23.84,22.69,22.94,1710220,55769244.00
2020/09/08,22.38,24.33,22.38,23.72,1350459,44444748.00
2020/09/09,23.64,23.68,22.15,22.15,1637740,52846368.00
2020/09/10,22.15,22.73,20.31,20.68,2276504,68102504.00
2020/09/11,18.30,21.64,18.30,21.64,2020192,58597100.00
2020/09/14,21.37,23.00,21.11,22.96,1309394,40961408.00
2020/09/15,22.83,24.50,22.83,24.02,1758136,59106220.00
2020/09/16,24.93,26.15,22.15,22.72,3167502,106380016.00
2020/09/17,22.00,23.23,21.93,22.34,1838052,57900008.00
2020/09/18,21.74,22.83,21.66,22.28,1030024,32322828.00
2020/09/21,22.04,22.76,21.88,22.23,893876,28025578.00
2020/09/22,22.60,22.65,20.98,21.15,1044488,31743062.00
2020/09/23,21.14,21.75,20.69,21.30,996899,29660548.00
2020/09/24,21.18,21.26,20.04,20.28,939034,27132586.00
2020/09/25,20.58,20.73,19.52,19.90,860804,24240140.00
2020/09/28,19.90,20.10,19.31,19.45,479272,13242070.00
2020/09/29,19.73,20.01,19.01,19.16,1293532,35432716.00
2020/09/30,19.47,19.56,18.95,19.28,690108,18670754.00
2020/10/09,19.72,19.96,19.42,19.75,1277784,35338312.00
2020/10/12,19.75,20.80,19.53,20.49,1427566,40668504.00
2020/10/13,20.58,21.08,20.15,20.85,1030372,29909018.00
2020/10/14,20.58,20.84,20.23,20.83,1122368,32548438.00
2020/10/15,20.78,22.23,18.58,19.75,3029280,85572824.00
2020/10/16,19.23,20.05,19.07,19.55,1170772,32433198.00
2020/10/19,19.88,20.43,19.61,19.98,1719808,48622480.00
2020/10/20,20.14,20.17,19.65,19.80,925188,25824666.00
2020/10/21,19.85,19.85,18.30,18.38,2370820,62567032.00
2020/10/22,18.38,18.64,17.80,17.95,1441666,36684196.00
2020/10/23,17.78,18.62,17.76,17.80,1294604,33023262.00
2020/10/26,17.62,18.10,17.37,17.53,1317424,32901976.00
2020/10/27,17.51,17.70,17.23,17.53,1093832,26925832.00
2020/10/28,17.59,17.80,17.25,17.72,1023336,25335064.00
2020/10/29,17.58,18.08,17.42,17.73,1066739,26807190.00
2020/10/30,17.77,18.03,17.33,17.42,1131840,28253106.00
2020/11/02,17.60,18.22,17.24,18.05,1741456,43908800.00
2020/11/03,18.37,19.00,17.88,18.72,1481444,38610040.00
2020/11/04,18.91,20.36,18.76,19.16,2462700,66947752.00
2020/11/05,19.07,19.50,19.07,19.07,1427716,38763496.00
2020/11/06,19.33,19.64,19.04,19.36,1150216,31255552.00
2020/11/09,19.26,20.03,19.26,19.73,1386640,38511152.00
2020/11/10,20.30,20.58,19.51,19.80,1853280,52254088.00
2020/11/11,19.70,19.99,19.10,19.18,1167936,32074934.00
2020/11/12,19.59,19.59,18.80,18.87,735547,19730722.00
2020/11/13,19.00,19.12,18.60,18.83,580930,15384577.00
2020/11/16,19.13,19.13,18.48,18.53,623940,16379939.00
2020/11/17,18.72,18.72,18.00,18.35,731132,18846660.00
2020/11/18,18.21,18.62,18.15,18.24,558196,14439703.00
2020/11/19,18.24,19.10,18.14,18.55,1066404,27880158.00
2020/11/20,18.31,18.86,18.31,18.73,592688,15587726.00
2020/11/23,18.70,19.03,17.95,18.23,1170284,30108438.00
2020/11/24,18.23,18.58,17.90,18.19,754932,19448542.00
2020/11/25,18.41,18.41,17.87,17.90,622508,15822141.00
2020/11/26,17.83,18.07,17.51,17.77,787787,19754002.00
2020/11/27,17.76,17.90,17.26,17.44,907795,22370730.00
2020/11/30,17.50,17.83,17.27,17.30,735752,18158894.00
2020/12/01,17.28,17.83,17.28,17.63,722572,17984656.00
2020/12/02,17.84,17.84,17.45,17.56,458028,11349239.00
2020/12/03,17.46,18.04,17.08,17.92,1022688,25428746.00
2020/12/04,18.24,18.24,17.65,17.88,758588,19153584.00
2020/12/07,17.78,18.06,17.33,17.44,909125,22426322.00
2020/12/08,17.48,17.57,17.26,17.55,485080,11896401.00
2020/12/09,17.42,17.55,16.95,17.08,651600,15797672.00
2020/12/10,17.08,17.42,16.74,17.08,453924,10959134.00
2020/12/11,17.03,17.35,16.28,16.64,970112,22659950.00
2020/12/14,16.57,16.98,16.05,16.78,682736,15974445.00
2020/12/15,16.87,16.98,16.47,16.78,566650,13378535.00
2020/12/16,16.79,16.79,16.15,16.43,506580,11682196.00
2020/12/17,16.12,16.23,15.84,16.15,797072,17998496.00
2020/12/18,16.08,16.26,15.74,15.82,883308,19909072.00
2020/12/21,15.82,16.13,15.60,16.05,938916,21105486.00
2020/12/22,15.88,16.23,15.34,15.57,1337300,29702496.00
2020/12/23,15.43,15.70,14.88,14.89,1217874,26040300.00
2020/12/24,14.84,15.05,14.48,14.56,943416,19601626.00
2020/12/25,14.61,15.90,14.39,15.58,1321231,28574090.00
2020/12/28,15.47,15.70,14.95,15.00,890682,19107390.00
2020/12/29,15.31,16.15,15.03,15.47,1184788,26233148.00
2020/12/30,15.36,15.69,15.20,15.30,596192,12959155.00
2020/12/31,15.30,16.01,15.14,15.98,770692,16944778.00
2021/01/04,15.72,15.98,15.60,15.66,865695,19233712.00
2021/01/05,15.66,15.85,15.41,15.41,533940,11703693.00
2021/01/06,15.32,15.78,14.87,15.05,861609,18410174.00
2021/01/07,14.89,15.14,13.77,13.96,1505103,30250288.00
2021/01/08,13.95,14.30,13.50,13.95,819708,16133436.00
2021/01/11,13.80,13.94,13.24,13.36,921388,17622528.00
2021/01/12,13.35,13.89,13.16,13.50,970247,18481586.00
2021/01/13,13.64,13.64,12.97,13.02,719351,13356920.00
2021/01/14,13.46,14.06,13.24,13.53,929114,17838984.00
2021/01/15,13.38,14.37,13.38,14.23,1154375,22847066.00
2021/01/18,14.15,15.19,13.97,14.85,1276168,26428816.00
2021/01/19,14.85,15.29,14.59,14.73,1062559,22321682.00
2021/01/20,14.55,14.85,14.38,14.43,790141,16181019.00
2021/01/21,14.29,14.55,14.15,14.25,600064,12135635.00
2021/01/22,14.16,14.40,13.73,14.01,738360,14612188.00
2021/01/25,14.03,14.03,13.38,13.58,715156,13687809.00
2021/01/26,13.63,13.92,13.25,13.41,545340,10444522.00
2021/01/27,13.45,14.39,13.37,14.05,833232,16413647.00
2021/01/28,13.91,15.47,13.87,14.75,1772332,37114136.00
2021/01/29,14.75,15.11,14.06,14.27,1225164,25053688.00
2021/02/01,13.98,14.79,13.77,13.78,1178434,23498870.00
2021/02/02,13.56,14.01,13.53,13.63,699991,13554204.00
2021/02/03,13.45,13.63,13.10,13.55,700004,13272175.00
2021/02/04,13.27,13.58,13.10,13.24,438039,8233982.50
2021/02/05,13.15,13.51,13.13,13.30,479120,8997573.00
2021/02/08,13.33,13.45,13.01,13.37,538300,10094323.00
2021/02/09,13.37,13.83,13.18,13.77,958952,18364090.00
2021/02/10,13.63,13.81,13.46,13.53,635250,12188463.00
2021/02/18,13.82,15.37,13.68,15.37,1877629,38397668.00
2021/02/19,14.98,16.05,14.90,15.70,2012398,44102636.00
2021/02/22,15.75,15.90,15.33,15.55,1227787,27060756.00
2021/02/23,15.40,15.71,15.08,15.24,942604,20425006.00
2021/02/24,15.24,16.19,15.00,15.93,1861549,41017360.00
2021/02/25,15.93,15.93,15.30,15.30,1173069,25906432.00
2021/02/26,14.98,16.14,14.98,15.52,1101892,24557638.00
2021/03/01,15.85,17.28,15.54,16.75,1952163,45933600.00
2021/03/02,16.82,17.19,16.37,16.87,1593460,37653700.00
2021/03/03,16.53,17.05,16.30,16.93,989506,23488164.00
2021/03/04,16.66,17.21,16.66,16.93,722713,17231836.00
2021/03/05,16.89,17.97,16.85,16.93,1180052,28877852.00
2021/03/08,16.86,17.28,16.45,16.68,933968,22191940.00
2021/03/09,16.82,17.40,15.96,16.87,1449031,34345668.00
2021/03/10,16.75,17.00,15.85,16.02,1020048,23551242.00
2021/03/11,16.01,16.42,15.80,16.00,836228,18920474.00
2021/03/12,15.94,16.60,15.94,16.42,991140,22835506.00
2021/03/15,16.29,17.73,16.23,17.40,1891404,45829100.00
2021/03/16,17.58,18.05,17.41,17.91,1617815,40549356.00
2021/03/17,17.84,18.58,17.43,18.01,1416252,36032036.00
2021/03/18,18.10,18.10,17.20,17.26,1041140,25701432.00
2021/03/19,17.13,17.63,16.79,16.93,895072,21656248.00
2021/03/22,17.15,17.59,16.79,17.35,867352,21000578.00
2021/03/23,17.22,17.53,16.68,16.80,691700,16638218.00
2021/03/24,16.65,17.00,16.51,16.64,597400,14095089.00
2021/03/25,16.63,16.83,16.08,16.38,549610,12802219.00
2021/03/26,16.23,16.62,16.23,16.33,599932,13915871.00
2021/03/29,16.65,16.65,16.03,16.07,690492,15845313.00
2021/03/30,15.94,16.10,15.43,15.58,937257,20652180.00
2021/03/31,15.45,16.10,15.45,15.71,612492,13658331.00
2021/04/01,15.71,15.90,15.40,15.48,586213,12873846.00
2021/04/02,15.55,16.70,15.45,16.26,1328523,30191600.00
2021/04/06,16.26,17.19,15.87,16.25,1569256,36746140.00
2021/04/07,16.23,16.78,16.05,16.38,1010677,23500196.00
2021/04/08,16.28,16.40,15.63,15.63,913024,20510380.00
2021/04/09,15.67,16.00,15.65,15.78,451844,10094575.00
2021/04/12,15.70,17.64,15.70,17.56,2827527,67539040.00
2021/04/13,17.58,17.62,16.66,16.77,1632276,39090368.00
2021/04/14,16.76,18.13,16.76,17.72,2335439,57992696.00
2021/04/15,18.01,18.50,17.34,17.70,1783532,44895516.00
2021/04/16,17.46,18.50,17.23,18.48,2391077,60893876.00
2021/04/19,18.42,18.68,18.00,18.16,1684444,43390820.00
2021/04/20,17.90,18.44,17.51,17.60,1479736,37074676.00
2021/04/21,17.48,17.86,17.34,17.42,861358,21278466.00
2021/04/22,17.45,17.87,17.44,17.65,532161,13214098.00
2021/04/23,17.48,17.83,16.85,16.93,906460,21875616.00
2021/04/26,16.66,17.08,16.47,17.01,739548,17567298.00
2021/04/27,18.01,20.44,17.88,20.44,4001725,110348328.00
2021/04/28,20.25,24.48,20.23,21.13,8005854,244290448.00
2021/04/29,20.53,21.15,19.67,19.93,5764071,165403888.00
2021/04/30,19.91,21.13,19.79,20.52,3959896,114008832.00
2021/05/06,19.94,20.49,19.30,19.65,2957956,82470952.00
2021/05/07,19.87,22.36,19.16,21.73,4679632,138413024.00
2021/05/10,22.30,22.55,21.02,21.76,3879256,119236504.00
2021/05/11,22.08,22.87,21.16,22.05,4179172,129724648.00
2021/05/12,21.58,22.15,20.97,21.73,2844521,85760616.00
2021/05/13,21.64,22.76,21.30,21.94,2960349,91891096.00
2021/05/14,21.93,22.14,21.26,21.45,1880501,57200576.00
2021/05/17,21.32,22.33,20.90,21.82,2548152,77850728.00
2021/05/18,21.40,22.08,20.78,20.91,2161461,64516024.00
2021/05/19,20.95,21.87,20.80,21.22,1351284,40421392.00
2021/05/20,21.29,21.47,20.60,20.81,1583220,46565376.00
2021/05/21,20.94,22.14,20.32,21.14,2100420,62572964.00
2021/05/24,21.09,24.33,20.94,24.33,5195806,167347328.00
2021/05/25,24.06,24.83,23.73,23.94,2931816,99688920.00
2021/05/26,24.43,24.49,23.23,23.57,1947783,64567620.00
2021/05/27,23.21,24.08,23.15,23.50,1939828,64234432.00
2021/05/28,23.25,24.48,23.07,23.68,2122728,71385696.00
2021/05/31,23.45,23.80,23.09,23.65,1667779,54998188.00
2021/06/01,24.37,25.30,23.08,23.23,2980779,100098544.00
2021/06/02,22.73,23.78,22.23,23.25,2234524,72290048.00
2021/06/03,22.78,24.06,22.49,22.59,2003512,65492700.00
2021/06/04,22.80,23.68,22.48,22.94,1301192,42161484.00
2021/06/07,22.94,23.89,22.65,23.65,2270976,73956680.00
2021/06/08,23.57,24.40,23.45,24.00,1702654,57243056.00
2021/06/09,23.83,24.93,23.62,23.85,1739731,59582012.00
2021/06/10,23.65,24.23,23.00,23.30,1593880,52204896.00
2021/06/11,23.07,23.59,21.08,21.13,2620972,81061488.00
2021/06/15,21.43,22.13,20.51,20.90,2166699,64872536.00
2021/06/16,20.33,20.90,20.09,20.15,1357700,39058316.00
2021/06/17,20.28,21.55,19.95,21.30,1817487,53545644.00
2021/06/18,22.43,22.43,20.45,21.40,1368940,40396220.00
2021/06/21,21.19,21.60,20.93,21.44,1259896,37907224.00
2021/06/22,21.44,22.00,21.13,21.23,1132768,34221100.00
2021/06/23,20.95,22.33,20.95,21.80,1526540,46996040.00
2021/06/24,21.80,21.80,20.94,21.09,809300,24202336.00
2021/06/25,21.01,21.75,20.58,21.51,1152949,34411220.00
2021/06/28,21.15,21.90,21.08,21.10,790986,23700698.00
2021/06/29,21.44,22.37,21.01,21.40,1282384,38657020.00
2021/06/30,21.12,21.78,20.87,21.62,1114948,33528450.00
2021/07/01,21.33,21.53,20.70,20.90,1006852,29792246.00
2021/07/02,20.90,21.14,20.14,20.77,1669842,48271088.00
2021/07/05,20.58,21.90,20.35,21.80,1560752,46842192.00
2021/07/06,21.83,22.00,20.86,21.20,1042240,31315548.00
2021/07/07,21.23,21.63,20.88,21.37,748900,22479384.00
2021/07/08,21.44,23.05,21.20,22.56,2137232,67069632.00
2021/07/09,22.55,22.56,20.79,20.98,2377420,71626776.00
2021/07/12,20.98,21.18,20.35,20.54,1771072,51692984.00
2021/07/13,20.44,20.64,19.96,20.05,1387642,39548124.00
2021/07/14,20.04,20.42,19.23,19.37,1773904,49131844.00
2021/07/15,17.73,19.00,17.29,18.01,3679783,92344512.00
2021/07/16,18.08,18.48,17.68,18.08,2085823,53483740.00
2021/07/19,17.84,19.01,17.83,18.65,1591048,41316500.00
2021/07/20,18.63,19.13,18.43,18.97,1484524,39418300.00
2021/07/21,19.11,20.02,19.11,19.33,1717800,47369980.00
2021/07/22,19.13,19.49,18.74,18.91,1275132,34264228.00
2021/07/23,18.80,19.10,18.08,18.33,1226632,31920124.00
2021/07/26,18.14,18.75,17.73,18.00,1384259,35492800.00
2021/07/27,18.08,18.70,17.85,18.15,1378848,35571416.00
2021/07/28,17.96,18.23,17.35,17.42,1516740,37845728.00
2021/07/29,17.41,18.05,17.40,17.94,1522209,37982188.00
2021/07/30,17.78,18.62,17.37,17.88,1391652,35222828.00
2021/08/02,17.51,18.04,17.40,17.79,1159519,29013108.00
2021/08/03,17.79,18.19,17.55,17.78,1167118,29410870.00
2021/08/04,18.15,21.29,18.15,18.67,3437465,92223056.00
2021/08/05,18.30,18.40,16.92,16.96,3564268,88132808.00
2021/08/06,16.82,17.00,15.89,16.25,2089326,47971536.00
2021/08/09,16.11,17.26,16.03,17.19,1921040,45551804.00
2021/08/10,17.03,17.42,16.85,17.20,1333400,32174970.00
2021/08/11,17.15,17.48,16.94,17.37,1161460,28234534.00
2021/08/12,17.37,17.48,17.13,17.30,783652,19078922.00
2021/08/13,17.21,17.40,16.86,17.02,880400,21233534.00
2021/08/16,17.19,17.71,17.05,17.43,1396881,34258792.00
2021/08/17,17.36,17.70,17.07,17.11,1528257,37324852.00
2021/08/18,16.93,17.10,16.59,17.03,986714,23496528.00
2021/08/19,16.98,17.68,16.95,17.38,1567886,38616552.00
2021/08/20,17.57,17.98,17.02,17.56,1139945,28109852.00
2021/08/23,17.40,18.63,17.36,18.21,2163432,54594480.00
2021/08/24,18.30,18.71,17.78,18.67,1888716,48388400.00
2021/08/25,18.66,18.66,17.76,17.81,2459129,62539560.00
2021/08/26,17.65,18.35,17.65,18.03,1568849,39914536.00
2021/08/27,18.03,18.62,17.24,17.75,2503928,63174132.00
2021/08/30,17.62,18.15,17.23,17.55,1825513,45604736.00
2021/08/31,17.87,18.98,17.44,17.63,3548508,90862616.00
2021/09/01,17.45,17.93,16.72,17.80,2533293,61816560.00
2021/09/02,17.58,18.14,17.51,17.99,1611715,40667232.00
2021/09/03,18.08,18.46,17.77,18.27,1692919,43302704.00
2021/09/06,18.27,18.78,18.16,18.53,1713819,44598868.00
2021/09/07,18.63,19.87,18.37,19.19,3290909,89022280.00
2021/09/08,19.51,21.65,19.23,19.86,6664256,189334624.00
2021/09/09,19.71,19.75,18.85,19.13,3979581,107749096.00
2021/09/10,18.90,20.15,18.65,19.00,3254200,89078672.00
2021/09/13,18.68,19.81,18.36,19.25,2765774,74045248.00
2021/09/14,19.25,19.85,18.88,18.88,1997961,54286744.00
2021/09/15,18.65,19.15,18.45,18.61,1397957,36856812.00
2021/09/16,18.51,18.78,17.60,17.67,2179695,55647360.00
2021/09/17,17.67,17.84,17.10,17.35,1499646,36774992.00
2021/09/22,17.01,17.37,16.80,17.09,1106572,26553510.00
2021/09/23,17.23,17.57,17.03,17.35,1172344,28663484.00
2021/09/24,17.42,17.63,16.91,17.06,937420,22645038.00
2021/09/27,17.01,17.37,16.35,16.56,1002648,23729568.00
2021/09/28,16.38,16.84,16.38,16.56,650182,15205341.00
2021/09/29,16.56,16.56,15.74,15.74,823806,18665858.00
2021/09/30,15.79,16.12,15.73,15.96,551389,12401908.00
2021/10/08,16.13,17.00,16.13,16.63,879271,20644088.00
2021/10/11,16.76,16.77,16.16,16.37,750700,17373484.00
2021/10/12,16.26,16.49,15.82,16.06,640596,14543749.00
2021/10/13,16.09,16.26,15.85,16.21,691910,15688382.00
2021/10/14,16.23,16.80,16.14,16.62,879560,20550412.00
2021/10/15,16.77,16.77,16.48,16.60,479040,11209138.00
2021/10/18,16.60,16.63,16.15,16.32,552832,12697655.00
2021/10/19,16.37,16.64,16.11,16.18,612660,14134120.00
2021/10/20,16.10,16.15,15.89,16.00,638200,14422185.00
2021/10/21,16.07,16.07,15.52,15.53,694316,15413160.00
2021/10/22,15.60,15.70,15.35,15.37,467800,10247795.00
2021/10/25,15.53,15.53,15.08,15.43,553417,11968928.00
2021/10/26,15.53,15.65,15.40,15.64,357355,7832123.00
2021/10/27,15.68,16.00,15.33,15.38,637126,14049995.00
2021/10/28,15.50,15.50,14.63,14.79,1037612,21820774.00
2021/10/29,15.01,15.34,14.66,15.17,719330,15239392.00
2021/11/01,14.95,15.77,14.95,15.65,772592,16909226.00
2021/11/02,15.67,15.83,15.12,15.33,618982,13460274.00
2021/11/03,15.48,15.95,15.09,15.83,740215,16417979.00
2021/11/04,15.86,16.65,15.73,16.23,1214449,27882066.00
2021/11/05,16.21,17.29,15.80,16.77,2239538,52933684.00
2021/11/08,16.74,17.44,16.53,16.80,2039878,48529388.00
2021/11/09,16.31,18.77,16.31,18.05,4349053,108873040.00
2021/11/10,17.78,18.94,17.77,17.95,3750517,96465408.00
2021/11/11,17.78,18.90,17.61,18.50,4720506,122474512.00
2021/11/12,18.23,20.14,18.10,19.73,5812558,159374400.00
2021/11/15,19.30,19.98,18.88,19.70,3927361,107085936.00
2021/11/16,19.59,19.73,19.03,19.15,3095140,84420032.00
2021/11/17,19.15,20.33,19.11,19.62,3937548,109423816.00
2021/11/18,19.38,21.63,19.15,19.73,6922574,197468736.00
2021/11/19,19.41,20.40,18.89,19.23,4477604,123283496.00
2021/11/22,19.28,20.44,19.13,20.15,3744720,105021840.00
2021/11/23,20.08,20.08,18.73,19.99,4317228,117853208.00
2021/11/24,19.86,24.01,19.55,22.55,10293901,317967936.00
2021/11/25,21.76,22.15,20.50,20.72,6423830,191514912.00
2021/11/26,20.33,24.01,19.67,21.08,7731062,238929264.00
2021/11/29,20.35,20.94,19.70,19.87,4189805,118945368.00
2021/11/30,20.07,20.91,19.55,20.90,4797395,136009056.00
2021/12/01,21.22,21.80,19.79,21.03,6871390,201732832.00
2021/12/02,20.43,20.52,18.93,18.93,4861101,135314400.00
2021/12/03,18.94,19.25,18.30,18.35,3256249,85490440.00
2021/12/06,18.50,18.57,17.65,17.72,3357504,84794744.00
2021/12/07,17.75,18.23,17.66,17.70,2759336,69681576.00
2021/12/08,17.64,18.41,17.61,18.02,2309076,58564980.00
2021/12/09,18.00,18.98,17.87,18.25,2722200,70726112.00
2021/12/10,18.26,20.58,18.09,20.01,6622552,182739696.00
2021/12/13,20.19,21.30,19.58,21.00,5857316,169849584.00
2021/12/14,20.80,21.58,20.50,20.71,5211412,153999248.00
2021/12/15,20.92,21.46,20.56,20.63,3083820,90559968.00
2021/12/16,20.65,21.84,20.30,20.93,4691472,139243088.00
2021/12/17,21.30,21.39,20.17,21.03,3878060,113390208.00
2021/12/20,20.98,21.05,19.73,19.83,3859881,109577160.00
2021/12/21,20.23,21.37,20.02,20.84,5521216,162038368.00
2021/12/22,20.71,21.25,19.98,20.98,4537204,132589872.00
2021/12/23,20.60,20.68,19.97,20.12,3166092,90321256.00
2021/12/24,20.31,20.33,18.70,19.23,3595088,97564312.00
2021/12/27,19.32,19.64,18.73,19.19,2089436,56218472.00
2021/12/28,19.55,20.14,18.87,19.52,2872652,79269056.00
2021/12/29,19.70,20.02,19.02,19.65,2496529,68879280.00
2021/12/30,19.52,20.50,19.52,20.10,3001780,85366768.00
2021/12/31,20.10,20.73,19.87,20.18,2552818,72640800.00
2022/01/04,20.36,20.96,20.01,20.77,3097521,90038464.00
2022/01/05,20.62,21.71,20.23,21.35,5999812,177468976.00
2022/01/06,21.10,21.15,20.25,20.62,3863105,112334608.00
2022/01/07,20.54,20.94,19.24,19.37,3455801,97366768.00
2022/01/10,19.22,19.58,18.75,19.38,1745300,47319112.00
2022/01/11,19.70,20.92,19.40,20.27,4847663,138523152.00
2022/01/12,19.94,21.82,19.93,20.97,4719240,139086672.00
2022/01/13,21.35,21.35,20.25,20.77,3377800,98513864.00
2022/01/14,19.79,19.94,19.08,19.30,4886500,134187056.00
2022/01/17,19.28,20.44,19.05,20.28,3388008,94873112.00
2022/01/18,20.44,20.44,18.98,19.14,3224468,88367120.00
2022/01/19,18.94,20.22,18.90,19.72,2767920,76304144.00
2022/01/20,19.86,19.90,18.55,18.63,2975288,79034688.00
2022/01/21,18.78,19.85,18.57,18.68,2712369,72821808.00
2022/01/24,18.51,18.72,17.95,18.42,1947012,50141760.00
2022/01/25,18.23,18.43,17.18,17.32,2134932,52725888.00
2022/01/26,17.32,17.56,17.05,17.35,1046925,25524540.00
2022/01/27,17.01,17.30,16.30,16.30,1438609,33793912.00
2022/01/28,16.40,17.09,16.38,16.88,1072572,25418262.00
2022/02/07,17.08,17.43,16.51,16.97,1230900,29437044.00
2022/02/08,16.97,17.53,16.69,17.26,1495822,36367996.00
2022/02/09,17.26,17.80,17.05,17.52,1361382,33562360.00
2022/02/10,17.54,17.80,17.30,17.63,1354300,33482352.00
2022/02/11,17.51,17.65,16.71,16.98,1779132,42798864.00
2022/02/14,17.05,18.85,16.90,18.13,3929400,100182464.00
2022/02/15,17.76,18.25,17.11,17.40,3020436,74638296.00
2022/02/16,17.39,17.76,17.20,17.48,1916700,47199872.00
2022/02/17,17.29,17.40,16.63,16.73,1982000,47348920.00
2022/02/18,16.57,16.90,16.51,16.82,1071304,25348072.00
2022/02/21,16.65,17.17,16.52,17.15,1109900,26510126.00
2022/02/22,16.91,17.15,16.58,16.76,1222004,28853980.00
2022/02/23,16.71,17.13,16.53,17.13,1263232,29963888.00
2022/02/24,16.95,17.36,16.43,16.51,1901148,45113864.00
2022/02/25,16.56,17.35,16.56,16.68,945700,22556102.00
2022/02/28,16.60,16.83,16.08,16.81,1024506,23796106.00
2022/03/01,16.82,17.32,16.68,17.07,908316,21823654.00
2022/03/02,16.94,17.21,16.84,17.11,632752,15225754.00
2022/03/03,17.12,17.40,16.90,17.10,1086700,26272392.00
2022/03/04,16.83,17.33,16.66,16.90,935900,22434644.00
2022/03/07,16.78,17.01,16.37,16.95,1023072,24193220.00
2022/03/08,16.88,16.93,16.10,16.23,1303949,30258830.00
2022/03/09,16.30,16.49,15.42,16.17,968760,21952574.00
2022/03/10,16.28,16.87,16.28,16.58,890188,20891754.00
2022/03/11,16.35,16.83,16.07,16.73,817024,18925978.00
2022/03/14,16.43,16.79,16.30,16.37,732552,17084446.00
2022/03/15,15.95,16.32,15.31,15.31,899560,20135900.00
2022/03/16,16.06,16.15,14.92,15.94,1339212,29362396.00
2022/03/17,15.90,16.87,15.73,16.12,1771620,41049860.00
2022/03/18,15.86,16.35,15.66,15.91,992616,22478166.00
2022/03/21,15.83,16.13,15.74,15.83,1027720,23074328.00
2022/03/22,15.80,15.93,15.15,15.28,2056600,44512304.00
2022/03/23,15.35,15.36,14.94,15.05,960200,20433100.00
2022/03/24,14.94,14.96,14.57,14.66,1288360,26782408.00
2022/03/25,14.68,15.15,14.68,14.80,980192,20660276.00
2022/03/28,14.78,15.23,14.38,15.00,1090500,23026724.00
2022/03/29,15.00,15.13,14.27,14.33,1187496,24561594.00
2022/03/30,14.39,14.66,14.10,14.65,767176,15623043.00
2022/03/31,14.58,15.01,14.30,14.73,1024444,21257318.00
2022/04/01,14.40,15.80,14.37,15.02,2652904,56997248.00
2022/04/06,14.75,15.73,14.70,15.48,2295072,49680920.00
2022/04/07,15.35,16.08,15.27,15.59,2179052,48164108.00
2022/04/08,15.53,15.84,14.86,15.70,2289928,49712088.00
2022/04/11,15.46,15.58,14.65,14.86,1599700,34028888.00
2022/04/12,14.99,16.03,14.94,15.96,2935228,64504384.00
2022/04/13,15.65,15.85,14.92,14.98,2412464,51968700.00
2022/04/14,14.93,15.13,14.55,14.70,1411752,29334054.00
2022/04/15,14.55,14.55,13.80,13.95,1449000,28880606.00
2022/04/18,13.90,14.38,13.48,14.28,931656,18579510.00
2022/04/19,14.37,15.32,14.25,14.90,2040604,42974688.00
2022/04/20,14.90,15.18,14.69,14.83,1174104,24716486.00
2022/04/21,14.67,15.08,14.37,14.45,1060600,21764284.00
2022/04/22,14.31,14.40,13.94,14.08,954232,19029384.00
2022/04/25,14.07,14.07,12.66,12.66,1120488,20934128.00
2022/04/26,12.64,12.96,12.05,12.08,960300,16909376.00
2022/04/27,11.73,12.37,11.55,12.16,849452,14380994.00
2022/04/28,12.08,12.15,11.33,11.54,935694,15490031.00
2022/04/29,11.68,12.40,11.68,12.27,849840,14592824.00
2022/05/05,12.44,12.70,11.91,12.51,742064,13017491.00
2022/05/06,12.34,12.62,12.12,12.45,472560,8316262.50
2022/05/09,12.39,13.00,12.26,12.78,746936,13550726.00
2022/05/10,12.59,12.95,12.58,12.84,562600,10206213.00
2022/05/11,12.84,13.27,12.81,12.81,697478,12854457.00
2022/05/12,12.73,13.10,12.59,12.75,944208,17040222.00
2022/05/13,12.80,12.98,12.61,12.78,632260,11418140.00
2022/05/16,13.10,13.34,12.83,12.97,959444,17655972.00
2022/05/17,12.95,13.10,12.46,12.80,531761,9584913.00
2022/05/18,12.80,13.07,12.77,12.90,457600,8400591.00
2022/05/19,12.68,13.05,12.67,13.03,389000,7123521.00
2022/05/20,13.14,13.29,12.98,13.08,408432,7548786.50
2022/05/23,13.05,13.43,13.05,13.43,575184,10823767.00
2022/05/24,13.43,13.58,12.84,12.85,677300,12644549.00
2022/05/25,12.83,13.35,12.83,13.30,763800,14251456.00
2022/05/26,13.27,13.61,13.05,13.45,910361,17149976.00
2022/05/27,13.46,13.68,13.23,13.43,613200,11656376.00
2022/05/30,13.55,13.62,13.28,13.38,544660,10324386.00
2022/05/31,13.44,13.65,13.17,13.59,557130,10590323.00
2022/06/01,13.55,14.25,13.48,13.83,924932,18256254.00
2022/06/02,13.73,14.03,13.57,13.86,816435,15904449.00
2022/06/06,13.86,14.19,13.74,14.13,582890,11616445.00
2022/06/07,14.33,14.36,13.75,13.87,499700,9812385.00
2022/06/08,13.91,14.23,13.67,14.01,1456660,20545284.00
2022/06/09,14.20,14.20,13.56,13.65,1073056,14919910.00
2022/06/10,13.38,14.16,13.30,13.79,1098880,15317042.00
2022/06/13,13.68,14.17,13.66,13.89,715128,9982607.00
2022/06/14,13.82,13.85,13.32,13.83,762253,10431166.00
2022/06/15,13.73,13.96,13.70,13.76,697921,9708746.00
2022/06/16,13.77,14.32,13.77,14.03,1661705,23457250.00
2022/06/17,14.00,14.04,13.60,13.81,1115444,15512075.00
2022/06/20,13.84,14.17,13.76,14.06,984649,13909179.00
2022/06/21,14.44,14.45,14.00,14.21,1253168,18019532.00
2022/06/22,14.21,14.40,13.88,13.98,621567,8830804.00
2022/06/23,14.09,14.26,13.85,14.19,542607,7706235.00
2022/06/24,14.22,15.33,14.10,15.02,2568828,38077724.00
2022/06/27,15.09,15.79,15.03,15.24,2482582,38409884.00
2022/06/28,15.24,16.19,14.92,16.04,3701676,57905452.00
2022/06/29,16.12,16.48,15.68,15.68,3837117,61939516.00
2022/06/30,16.08,16.70,15.88,15.90,5851580,95808128.00
2022/07/01,15.58,16.38,14.76,14.90,4381608,67665488.00
2022/07/04,14.89,14.95,14.63,14.69,1744156,25961722.00
2022/07/05,14.69,14.81,14.22,14.44,1564462,22809910.00
2022/07/06,14.21,14.46,14.01,14.17,1194719,17082512.00
2022/07/07,14.30,14.53,14.07,14.17,1153560,16552738.00
2022/07/08,14.38,14.81,14.20,14.26,1398828,20250854.00
2022/07/11,14.18,14.20,13.90,14.00,866240,12220816.00
2022/07/12,13.86,14.31,13.69,13.71,1008160,14109652.00
2022/07/13,13.90,14.09,13.66,14.00,741237,10421505.00
2022/07/14,14.17,14.17,13.90,14.04,517638,7310608.00
2022/07/15,14.05,14.25,13.59,13.63,1605560,22383040.00
2022/07/18,13.63,14.38,13.59,14.38,1524520,21676094.00
2022/07/19,14.45,14.78,14.38,14.62,1403360,20582556.00
2022/07/20,14.61,14.95,14.47,14.70,1176945,17403046.00
2022/07/21,14.50,14.94,14.50,14.78,1106344,16462184.00
2022/07/22,14.70,15.45,14.70,15.20,1607995,24537476.00
2022/07/25,15.04,15.18,14.68,14.78,1298795,19443164.00
2022/07/26,14.80,15.70,14.79,15.25,3111206,47691304.00
2022/07/27,14.88,15.22,14.42,15.08,1928777,29104938.00
2022/07/28,15.23,15.38,14.81,14.90,1267721,19179770.00
2022/07/29,14.89,15.05,14.65,14.73,1080757,16139057.00
2022/08/01,14.58,14.84,14.50,14.79,788113,11660848.00
2022/08/02,14.76,14.76,13.87,14.11,1507836,21442226.00
2022/08/03,14.18,14.60,13.93,14.20,957193,13880210.00
2022/08/04,14.35,14.50,14.10,14.43,770993,11059281.00
2022/08/05,14.49,14.62,14.20,14.40,794060,11472420.00
2022/08/08,14.40,14.40,14.06,14.33,525040,7546598.00
2022/08/09,14.27,14.51,14.11,14.19,524020,7508353.00
2022/08/10,14.06,14.29,14.03,14.29,457854,6542249.50
2022/08/11,14.43,14.70,14.26,14.67,832105,12195413.00
2022/08/12,14.68,14.72,14.32,14.40,1090284,15934866.00
2022/08/15,14.37,14.40,14.06,14.18,1015335,14518096.00
2022/08/16,14.26,14.36,14.13,14.26,594180,8542986.00
2022/08/17,14.26,14.49,14.14,14.42,564526,8157381.50
2022/08/18,14.44,14.46,14.13,14.34,618125,8881155.00
2022/08/19,14.32,14.69,14.08,14.10,1099180,15827872.00
2022/08/22,13.96,15.00,13.96,14.52,2477642,36298016.00
2022/08/23,14.55,14.64,14.18,14.28,1586959,22941762.00
2022/08/24,14.34,14.60,13.74,13.92,1317605,18667646.00
2022/08/25,13.75,13.98,13.43,13.62,984100,13548688.00
2022/08/26,13.62,13.84,13.28,13.39,735140,10031626.00
2022/08/29,13.29,13.77,13.04,13.73,720478,9819966.00
2022/08/30,13.71,14.00,13.51,13.82,673960,9408935.00
2022/08/31,13.70,14.04,13.41,13.42,810185,11117566.00
2022/09/01,13.55,13.77,13.21,13.28,641282,8692762.00
2022/09/02,13.38,13.66,13.32,13.59,627788,8546991.00
2022/09/05,13.73,13.73,13.18,13.43,874104,11756765.00
2022/09/06,13.43,13.47,13.18,13.33,628660,8435894.00
2022/09/07,13.33,13.38,13.10,13.21,605719,8064832.50
2022/09/08,13.28,13.52,13.17,13.21,833180,11168686.00
2022/09/09,13.16,13.28,12.98,13.06,693103,9135982.00
2022/09/13,13.18,13.37,13.10,13.16,587420,7816433.50
2022/09/14,13.00,13.24,12.95,13.17,619480,8179539.50
2022/09/15,13.15,13.30,12.68,12.90,1016371,13275492.00
2022/09/16,12.87,13.38,12.74,12.77,1060636,13942353.00
2022/09/19,12.65,12.79,12.32,12.57,969690,12292923.00
2022/09/20,12.77,13.04,12.47,13.01,816803,10613513.00
2022/09/21,12.99,13.29,12.78,13.29,1246577,16389778.00
2022/09/22,13.40,13.57,13.04,13.33,1258822,16936026.00
2022/09/23,13.50,13.50,12.73,12.76,911980,11938160.00
2022/09/26,12.74,13.43,12.54,12.82,1324932,17337052.00
2022/09/27,12.62,13.41,12.62,13.34,1626500,21477844.00
2022/09/28,13.23,13.92,13.08,13.46,2655860,36285688.00
2022/09/29,13.77,13.77,12.69,12.83,2547064,33378920.00
2022/09/30,12.78,12.91,12.22,12.29,1030146,12952394.00
2022/10/10,12.18,12.38,11.70,11.79,1060218,12816959.00
2022/10/11,11.95,11.98,11.66,11.86,734720,8767550.00
2022/10/12,11.81,12.24,11.67,12.20,797720,9604855.00
2022/10/13,12.08,12.37,12.01,12.10,1014264,12452143.00
2022/10/14,12.22,12.44,12.14,12.39,1050460,13006981.00
2022/10/17,12.39,13.04,12.30,12.96,1264580,16277078.00
2022/10/18,12.96,13.60,12.96,13.01,2214734,29475874.00
2022/10/19,13.00,13.37,12.88,13.00,1437200,18946832.00
2022/10/20,12.89,13.40,12.72,13.03,1459445,19103196.00
2022/10/21,13.03,13.18,12.78,12.83,650880,8482806.00
2022/10/24,12.95,13.01,12.28,12.28,928737,11846469.00
2022/10/25,12.40,12.47,11.94,12.20,885218,10936252.00
2022/10/26,12.27,12.75,12.24,12.60,887719,11231475.00
2022/10/27,12.60,12.86,12.55,12.70,623540,8006282.00
2022/10/28,13.91,15.20,13.06,13.25,5067902,69811528.00
2022/10/31,13.15,13.35,12.57,12.62,3457525,44750204.00
2022/11/01,12.75,14.32,12.62,14.25,5433762,74238280.00
2022/11/02,15.66,15.90,14.18,14.27,8113346,121408480.00
2022/11/03,13.96,15.15,13.96,14.88,7874227,116730528.00
2022/11/04,14.70,16.08,14.62,15.15,9687417,149630240.00
2022/11/07,14.80,15.27,14.70,14.89,5350511,79966192.00
2022/11/08,14.75,14.89,14.35,14.47,3053596,44550740.00
2022/11/09,14.40,15.00,14.26,14.65,3562518,52840888.00
2022/11/10,14.37,15.60,14.37,15.45,7176024,109633568.00
2022/11/11,15.78,16.10,14.75,15.55,9801058,152759952.00
2022/11/14,15.11,15.19,14.55,14.85,4840138,72454968.00
2022/11/15,14.91,15.50,14.75,14.94,4103086,62161268.00
2022/11/16,15.26,15.40,14.74,14.80,3625188,54577984.00
2022/11/17,14.72,15.23,14.58,14.91,3654860,54904172.00
2022/11/18,14.86,14.87,14.37,14.43,3387272,49841804.00
2022/11/21,14.36,14.74,14.23,14.47,2191640,31936962.00
2022/11/22,14.35,14.52,14.01,14.12,2062417,29554040.00
2022/11/23,14.10,14.22,13.83,14.11,1763380,24855984.00
2022/11/24,14.11,14.21,13.80,13.87,1277192,17933422.00
2022/11/25,13.87,13.93,13.65,13.82,1108700,15419552.00
2022/11/28,13.73,14.45,13.60,14.36,2538117,36260092.00
2022/11/29,14.23,15.67,14.18,15.60,6643701,101353568.00
2022/11/30,15.62,15.66,15.10,15.30,3958440,60875252.00
2022/12/01,15.89,16.23,15.25,15.95,7419857,118390288.00
2022/12/02,15.76,17.18,15.63,16.51,8306891,138008304.00
2022/12/05,17.28,18.40,16.90,17.02,11882562,209887488.00
2022/12/06,17.74,17.79,16.50,16.86,6431296,110452064.00
2022/12/07,16.64,18.18,16.44,17.69,7955296,138899552.00
2022/12/08,17.68,17.68,16.88,17.22,5440468,94022008.00
2022/12/09,16.91,17.20,16.55,16.87,3994568,67700592.00
2022/12/12,16.99,17.23,16.64,16.92,3149481,53666496.00
2022/12/13,16.85,17.67,16.70,17.17,4390692,76391368.00
2022/12/14,16.85,17.89,16.85,17.60,4821444,85243512.00
2022/12/15,17.62,17.64,17.20,17.29,2721643,47506212.00
2022/12/16,17.17,17.54,16.91,16.96,2400490,41294800.00
2022/12/19,16.80,17.02,16.38,16.52,2418946,40383540.00
2022/12/20,16.55,16.72,16.24,16.52,1677790,27882904.00
2022/12/21,16.32,16.90,16.32,16.71,1681840,28237576.00
2022/12/22,16.82,16.82,16.10,16.17,2453786,40502132.00
2022/12/23,16.50,17.00,16.01,16.64,2954491,49438816.00
2022/12/26,16.64,17.40,16.56,17.02,3373325,58077396.00
2022/12/27,17.03,17.17,16.13,16.67,3176224,52824968.00
2022/12/28,16.55,17.15,16.40,16.89,3702336,62858376.00
2022/12/29,16.56,16.85,16.03,16.13,3689921,60776720.00
2022/12/30,16.39,16.67,16.11,16.48,2757980,45632524.00
2023/01/03,16.48,16.69,15.76,15.85,3157441,50852840.00
2023/01/04,15.68,16.10,15.68,15.81,1901801,30390742.00
2023/01/05,15.71,16.16,15.60,15.89,2193180,35006440.00
2023/01/06,15.90,15.91,15.28,15.31,2493500,38721576.00
2023/01/09,15.30,15.65,15.23,15.48,1540500,24029134.00
2023/01/10,15.57,15.57,15.18,15.25,1418480,21817714.00
2023/01/11,15.15,15.25,14.96,15.05,1740680,26380008.00
2023/01/12,14.93,15.25,14.86,15.03,1338538,20263092.00
2023/01/13,14.82,15.28,14.82,15.20,1247273,19009466.00
2023/01/16,15.05,16.14,15.05,15.55,3057144,48352920.00
2023/01/17,15.49,15.93,15.42,15.66,1940208,30518188.00
2023/01/18,15.60,15.60,15.21,15.47,1392729,21573256.00
2023/01/19,15.49,15.54,15.23,15.41,979674,15217667.00
2023/01/20,15.54,15.78,15.42,15.70,1176640,18524132.00
2023/01/30,16.13,16.20,15.58,15.72,1979680,31462634.00
2023/01/31,15.86,15.86,15.36,15.69,1545352,24184146.00
2023/02/01,15.58,16.02,15.29,16.00,2080915,32944924.00
2023/02/02,16.02,16.85,15.82,16.57,3775889,61915228.00
2023/02/03,16.47,16.67,16.24,16.39,1978024,32672000.00
2023/02/06,16.19,16.75,16.19,16.49,1834014,30512646.00
2023/02/07,16.49,16.55,16.19,16.50,1841663,30351542.00
2023/02/08,16.51,16.55,16.20,16.26,1013465,16692829.00
2023/02/09,16.25,16.35,16.11,16.32,1409253,23045768.00
2023/02/10,16.30,16.63,16.26,16.42,1404000,23222042.00
2023/02/13,16.44,16.95,16.37,16.83,2767200,46463876.00
2023/02/14,16.95,17.01,16.45,16.55,1842239,30811770.00
2023/02/15,16.60,16.74,16.49,16.61,1230531,20553476.00
2023/02/16,16.60,16.83,15.90,16.11,1968113,32562272.00
2023/02/17,16.10,16.39,15.92,15.99,1648406,26728976.00
2023/02/20,15.90,16.35,15.82,16.35,1494484,24126556.00
2023/02/21,16.36,16.70,16.19,16.67,1734386,28826998.00
2023/02/22,16.60,16.86,16.49,16.55,1611400,26981350.00
2023/02/23,16.71,16.83,16.25,16.39,1209578,19942224.00
2023/02/24,16.33,16.44,16.14,16.30,767340,12562164.00
2023/02/27,16.18,16.40,15.97,16.09,1474148,23991290.00
2023/02/28,16.16,16.42,15.96,16.23,1459895,23725812.00
2023/03/01,16.23,16.31,15.98,16.25,817153,13330249.00
2023/03/02,16.30,16.55,16.08,16.19,1404220,22986142.00
2023/03/03,16.19,16.29,15.79,15.97,1284100,20630070.00
2023/03/06,16.05,16.09,15.80,16.07,1124406,18053478.00
2023/03/07,16.08,16.21,15.63,15.66,1893426,30246998.00
2023/03/08,15.70,16.00,15.50,15.83,962346,15331236.00
2023/03/09,15.91,15.94,15.63,15.80,867378,13744409.00
2023/03/10,15.71,15.91,15.44,15.49,1205004,18946954.00
2023/03/13,15.59,15.69,15.10,15.43,1694600,26102946.00
2023/03/14,15.41,15.50,14.90,15.05,2409320,36628080.00
2023/03/15,15.07,15.45,15.07,15.29,1373740,21126616.00
2023/03/16,15.23,15.26,14.85,14.94,1321172,19965536.00
2023/03/17,15.10,15.23,14.90,15.19,1351162,20533164.00
2023/03/20,15.10,15.37,14.81,15.14,1375896,20888240.00
2023/03/21,15.23,15.86,15.08,15.83,2654129,41733924.00
2023/03/22,16.02,16.42,15.78,16.09,2387448,38864300.00
2023/03/23,16.06,16.56,16.00,16.23,2296978,37583928.00
2023/03/24,16.18,16.64,16.18,16.45,2219600,36585356.00
2023/03/27,16.45,16.79,16.40,16.70,2338744,39028972.00
2023/03/28,16.70,17.15,16.39,16.46,4319523,72704360.00
2023/03/29,16.56,16.98,16.26,16.55,3337097,55894968.00
2023/03/30,16.60,16.88,16.38,16.60,2258960,37742904.00
2023/03/31,16.72,16.97,16.48,16.92,2429736,41018480.00
2023/04/03,17.08,17.24,16.65,17.13,2944804,50339032.00
2023/04/04,17.16,17.37,16.74,16.83,2467326,42032112.00
2023/04/06,16.82,16.82,16.39,16.60,2137220,35644944.00
2023/04/07,16.63,17.00,16.51,16.75,1732451,29215656.00
2023/04/10,16.81,16.81,16.48,16.61,1673104,27957380.00
2023/04/11,16.64,17.16,16.43,16.89,2722000,46313792.00
2023/04/12,16.82,17.20,16.69,17.15,2849957,48703020.00
2023/04/13,17.07,18.20,16.98,18.05,8542835,151245056.00
2023/04/14,17.79,17.79,16.53,16.78,10513052,179203728.00
2023/04/17,16.83,17.07,16.41,16.53,4889010,81932808.00
2023/04/18,16.46,16.53,16.05,16.16,3464026,56347160.00
2023/04/19,16.16,16.68,15.88,16.53,3329275,54743520.00
2023/04/20,16.20,16.40,15.86,16.07,2956184,47515632.00
2023/04/21,16.07,16.70,15.67,15.70,2974528,48299684.00
2023/04/24,15.17,15.56,15.08,15.46,2831673,43705328.00
2023/04/25,15.32,15.58,14.38,14.73,3017038,44997508.00
2023/04/26,14.80,15.49,14.78,15.43,2765180,42630196.00
2023/04/27,16.40,18.50,16.40,17.25,14763421,260774880.00
2023/04/28,17.01,19.40,16.80,18.66,13334216,243379760.00
2023/05/04,18.42,19.00,18.29,18.77,8543750,160439040.00
2023/05/05,18.79,19.08,18.41,18.69,6027537,113380256.00
2023/05/08,18.45,18.97,18.32,18.38,4326524,80599840.00
2023/05/09,18.20,18.60,17.48,17.55,5468365,98934544.00
2023/05/10,17.47,17.70,17.23,17.40,3188613,55906028.00
2023/05/11,17.44,18.09,17.38,17.69,3329552,59373800.00
2023/05/12,17.77,19.38,17.64,18.72,7362722,137922272.00
2023/05/15,18.42,19.21,18.19,18.66,5071776,94314264.00
2023/05/16,18.52,18.80,17.73,17.86,4543889,82332976.00
2023/05/17,17.87,18.15,17.64,17.93,2432900,43878392.00
2023/05/18,17.87,18.04,17.67,17.91,1921054,34494312.00
2023/05/19,17.65,18.53,17.65,18.21,3866379,70711776.00
2023/05/22,17.90,19.15,17.90,18.88,6499097,122494392.00
2023/05/23,18.70,19.06,18.30,18.49,4598081,85410200.00
2023/05/24,18.26,18.78,17.93,18.32,3658105,67876384.00
2023/05/25,18.20,18.61,18.04,18.56,4492053,82828320.00
2023/05/26,18.64,18.71,17.93,18.25,3061322,56029540.00
2023/05/29,18.17,18.78,18.06,18.11,2906400,53538852.00
2023/05/30,18.15,18.33,17.60,18.11,2498596,45024824.00
2023/05/31,18.11,19.02,18.11,18.82,5591840,105188248.00
2023/06/01,18.59,19.25,18.50,18.76,6512100,123619328.00
2023/06/02,18.89,19.14,18.30,18.33,4053600,75775328.00
2023/06/05,18.48,20.32,18.47,19.46,11457594,224101488.00
2023/06/06,19.06,19.18,18.06,18.22,9473814,176082144.00
2023/06/07,18.38,20.03,18.21,19.90,13410025,259281392.00
2023/06/08,19.67,19.70,19.13,19.51,10786593,210123120.00
2023/06/09,19.36,19.56,18.74,18.96,7881915,150318080.00
2023/06/12,18.85,18.91,17.73,18.72,7991294,147274432.00
2023/06/13,18.41,18.79,18.31,18.40,4484477,83320720.00
2023/06/14,18.40,18.88,18.19,18.48,4778754,89182152.00
2023/06/15,18.15,18.53,18.14,18.33,3925828,72119856.00
2023/06/16,18.48,19.56,18.40,19.16,8632268,165264544.00
2023/06/19,19.07,20.08,18.78,19.40,8589698,167411728.00
2023/06/20,19.58,19.69,19.03,19.12,5222868,101101792.00
2023/06/21,19.15,19.50,18.68,18.68,4302728,82210768.00
2023/06/26,18.61,19.13,17.95,18.02,4034006,74545448.00
2023/06/27,18.09,19.20,18.00,18.86,5654040,106869952.00
2023/06/28,18.72,18.88,18.05,18.78,4281576,79391048.00
2023/06/29,18.93,19.32,18.74,19.00,4423902,84804128.00
2023/06/30,19.00,19.10,18.75,19.02,3252876,61972696.00
2023/07/03,18.92,19.57,18.85,19.37,6186571,119850216.00
2023/07/04,19.27,19.47,18.93,19.32,3852964,74164024.00
2023/07/05,19.25,19.38,19.05,19.10,2566333,49489284.00
2023/07/06,18.96,19.47,18.82,19.28,3082296,59463528.00
2023/07/07,19.15,19.30,18.85,18.85,3251087,62170612.00
2023/07/10,18.85,19.39,18.85,18.99,3306566,63657952.00
2023/07/11,19.02,19.34,18.64,19.34,3699571,70578504.00
2023/07/12,19.34,19.50,19.06,19.28,4088300,79130536.00
2023/07/13,19.39,19.58,18.81,19.58,4534060,87874552.00
2023/07/14,20.18,20.31,19.09,19.15,7715636,151961296.00
2023/07/17,19.06,19.38,18.93,19.30,3392400,65355656.00
2023/07/18,19.44,19.52,18.98,19.06,3108837,59966832.00
2023/07/19,19.03,19.25,18.96,19.01,1725715,33075292.00
2023/07/20,19.09,19.09,18.57,18.63,2704048,51187704.00
2023/07/21,18.61,19.00,18.46,18.50,1899014,35673792.00
2023/07/24,18.53,18.98,18.40,18.75,1986840,37544464.00
2023/07/25,19.07,19.97,18.81,19.93,6551558,128481192.00
2023/07/26,19.82,19.99,19.37,19.43,3700968,72798616.00
2023/07/27,19.34,19.58,18.78,19.10,4133751,79198976.00
2023/07/28,18.78,19.13,18.48,18.82,3995764,75107888.00
2023/07/31,18.93,20.08,18.75,19.80,6984969,137551936.00
2023/08/01,19.74,19.78,19.23,19.36,3376998,66038476.00
2023/08/02,19.35,19.35,18.56,18.76,4123250,77964136.00
2023/08/03,18.74,18.96,18.34,18.47,3825017,71412648.00
2023/08/04,18.53,18.53,18.00,18.03,3188606,58271304.00
2023/08/07,17.97,18.40,17.91,18.31,2031692,37338832.00
2023/08/08,18.23,18.42,18.04,18.18,1452040,26502914.00
2023/08/09,18.10,18.14,17.72,17.80,1536800,27594308.00
2023/08/10,17.79,18.30,17.79,18.13,1934148,35124260.00
2023/08/11,18.14,18.98,17.96,17.96,3615234,66965260.00
2023/08/14,17.75,18.28,17.67,18.08,2307420,41781700.00
2023/08/15,17.95,18.13,17.40,17.54,2846248,50614220.00
2023/08/16,17.42,17.80,17.24,17.24,2241780,39389832.00
2023/08/17,17.20,17.62,17.20,17.58,1852300,32562388.00
2023/08/18,17.58,17.74,17.34,17.36,1166048,20569248.00
2023/08/21,17.35,17.74,17.32,17.59,2001356,35440832.00
2023/08/22,17.56,17.70,17.25,17.66,1948460,34377976.00
2023/08/23,17.53,17.75,17.30,17.52,1231456,21724266.00
2023/08/24,17.40,17.70,17.30,17.40,1258976,22160532.00
2023/08/25,17.46,17.51,16.96,16.99,2145576,37099752.00
2023/08/28,17.71,17.77,17.29,17.43,3687280,65184192.00
2023/08/29,17.50,18.03,17.15,17.87,3409940,60769936.00
2023/08/30,17.85,18.38,17.83,18.29,3117212,57054832.00
2023/08/31,18.28,18.31,17.96,18.00,2073956,37706600.00
2023/09/01,18.01,18.32,17.95,18.08,2153871,39292732.00
2023/09/04,18.08,18.32,18.02,18.15,2270240,41424832.00
2023/09/05,18.08,18.32,18.08,18.20,1723015,31538712.00
2023/09/06,18.26,18.35,18.05,18.32,1396306,25631992.00
2023/09/07,18.32,18.83,18.20,18.51,3629320,67929984.00
2023/09/08,18.30,18.64,18.10,18.55,2535841,46708252.00
2023/09/11,18.68,18.88,18.50,18.80,3011450,56701860.00
2023/09/12,18.68,19.12,18.65,19.02,3451913,65829360.00
2023/09/13,18.87,19.11,18.35,18.65,3998960,75021816.00
2023/09/14,18.64,18.65,18.05,18.18,2737560,50151804.00
2023/09/15,18.31,18.78,18.11,18.34,2587660,47850700.00
2023/09/18,18.20,18.70,18.16,18.59,3171982,59067564.00
2023/09/19,18.44,18.54,17.89,17.99,2999626,54523188.00
2023/09/20,17.99,18.02,17.40,17.50,2141600,37938648.00
2023/09/21,17.40,17.68,17.26,17.36,1602300,28135834.00
2023/09/22,17.26,17.65,17.19,17.65,1490760,26233664.00
2023/09/25,17.64,17.86,17.53,17.69,1437200,25564816.00
2023/09/26,17.56,18.31,17.55,18.03,2727820,49466888.00
2023/09/27,18.08,18.22,17.79,18.00,1797720,32457086.00
2023/09/28,17.98,18.39,17.92,18.38,2569369,47231404.00
2023/10/09,18.23,18.28,17.56,17.73,2892100,51714240.00
2023/10/10,17.82,18.02,17.70,17.75,1531100,27443344.00
2023/10/11,17.71,17.86,17.40,17.64,1481600,26279582.00
2023/10/12,17.72,17.80,17.42,17.63,1344720,23744536.00
2023/10/13,17.59,17.68,17.15,17.44,1683220,29324914.00
2023/10/16,17.39,17.58,16.96,17.05,1604600,27595568.00
2023/10/17,16.92,17.23,16.92,17.07,1116064,19182720.00
2023/10/18,17.14,17.23,16.70,16.73,1412237,23913926.00
2023/10/19,16.57,17.09,16.54,16.68,1382155,23349450.00
2023/10/20,16.63,17.00,16.60,16.63,1331420,22439968.00
2023/10/23,16.52,16.71,16.10,16.10,1460702,24059374.00
2023/10/24,16.22,16.92,16.22,16.83,1920900,32244856.00
2023/10/25,16.83,17.33,16.61,17.13,1477900,25376244.00
2023/10/26,16.60,17.09,16.00,16.35,3652356,59910208.00
2023/10/27,16.30,16.63,16.01,16.56,2745631,45170396.00
2023/10/30,16.38,16.65,16.22,16.53,2030690,33623960.00
2023/10/31,16.53,16.69,16.16,16.21,1749718,28774642.00
2023/11/01,16.37,16.85,16.21,16.46,2933981,48877556.00
2023/11/02,16.42,16.70,16.30,16.33,1726300,28702508.00
2023/11/03,16.34,16.64,16.32,16.55,1771600,29446992.00
2023/11/06,16.73,17.04,16.57,16.99,1902611,32296450.00
2023/11/07,17.07,17.12,16.86,17.06,1426542,24394046.00
2023/11/08,17.06,17.36,16.87,17.17,1737700,30011094.00
2023/11/09,17.22,17.29,16.99,17.23,2405571,41532492.00
2023/11/10,17.19,17.20,16.91,17.09,1362780,23413154.00
2023/11/13,17.11,17.22,16.97,17.07,1664700,28600304.00
2023/11/14,17.14,17.14,16.97,17.07,1312116,22489668.00
2023/11/15,17.13,17.22,16.99,17.15,1276000,21969114.00
2023/11/16,17.14,17.18,16.97,17.02,1255900,21572242.00
2023/11/17,16.96,17.28,16.96,17.20,1918485,33093122.00
2023/11/20,17.38,17.38,17.10,17.27,1410500,24431408.00
2023/11/21,17.29,17.43,17.13,17.16,1306140,22695456.00
2023/11/22,17.12,17.34,17.02,17.02,1351981,23342512.00
2023/11/23,17.00,17.17,16.93,17.14,1161200,19932106.00
2023/11/24,17.14,17.15,16.84,16.91,1093500,18641688.00
2023/11/27,16.99,17.10,16.72,16.90,1291024,21917184.00
2023/11/28,16.97,17.16,16.74,17.05,1434230,24564190.00
2023/11/29,17.05,17.13,16.81,16.85,1361912,23187736.00
2023/11/30,16.85,16.96,16.65,16.82,1823800,30763072.00
2023/12/01,16.84,16.84,16.50,16.69,1952800,32724036.00
2023/12/04,16.69,16.85,16.56,16.67,1628700,27332494.00
2023/12/05,16.70,16.70,16.25,16.25,1625760,26776156.00
2023/12/06,16.30,16.53,16.11,16.42,1849400,30462340.00
2023/12/07,16.34,16.48,16.19,16.29,1282020,21004434.00
2023/12/08,16.35,16.39,15.90,15.95,1769540,28637814.00
2023/12/11,15.73,16.10,15.60,15.90,2331100,37099272.00
2023/12/12,15.90,16.04,15.76,15.96,1641121,26272268.00
2023/12/13,15.96,16.00,15.70,15.80,1317220,21005526.00
2023/12/14,15.80,16.05,15.80,15.86,1583320,25428594.00
2023/12/15,15.89,16.06,15.83,15.94,1516865,24355246.00
2023/12/18,15.94,16.03,15.47,15.55,1679520,26503764.00
2023/12/19,15.53,17.00,15.45,16.65,6634420,109349672.00
2023/12/20,16.45,16.60,16.03,16.14,4099033,67161848.00
2023/12/21,16.14,16.15,15.60,16.02,2814740,45110292.00
2023/12/22,16.02,16.09,15.62,15.67,2463940,39104200.00
2023/12/25,15.62,15.78,15.17,15.22,2351417,36302252.00
2023/12/26,15.30,15.39,14.93,15.10,1728252,26288474.00
2023/12/27,15.08,15.28,14.95,15.10,1314164,19978852.00
2023/12/28,15.10,15.70,15.05,15.68,2295760,35715772.00
2023/12/29,15.66,16.21,15.65,16.10,2148946,34728120.00
2024/01/02,16.12,16.25,16.05,16.15,2021934,32830380.00
2024/01/03,16.05,16.25,15.97,16.17,1569832,25449650.00
2024/01/04,16.17,16.21,15.96,16.11,1355358,21973496.00
2024/01/05,16.15,16.43,15.92,16.00,2007860,32641616.00
2024/01/08,15.97,15.98,15.57,15.62,2067786,32808746.00
2024/01/09,15.68,16.30,15.68,16.06,2380252,38453176.00
2024/01/10,16.01,16.06,15.60,15.76,2277662,36176212.00
2024/01/11,15.67,16.12,15.67,16.09,1985004,31796824.00
2024/01/12,15.97,16.24,15.72,15.76,1695204,27102056.00
2024/01/15,15.71,16.26,15.57,16.12,3541339,57244624.00
2024/01/16,15.99,17.19,15.98,16.59,8120390,136315296.00
2024/01/17,16.67,16.72,15.96,16.03,5225730,85700136.00
2024/01/18,15.87,15.98,15.20,15.70,4328334,67848840.00
2024/01/19,15.80,16.04,15.40,15.76,3218545,50939900.00
2024/01/22,15.60,15.66,14.21,14.35,3649273,54735704.00
2024/01/23,14.25,14.31,13.54,13.98,3357944,46936276.00
2024/01/24,14.06,14.39,13.48,14.16,2439402,34276248.00
2024/01/25,14.12,14.44,13.48,14.39,4870236,68349336.00
2024/01/26,14.25,14.72,14.17,14.29,2791956,40480216.00
2024/01/29,14.29,14.32,13.57,13.66,2644277,36768436.00
2024/01/30,13.25,13.31,12.80,12.82,3532591,46445228.00
2024/01/31,12.95,12.97,11.90,12.02,3681486,46045964.00
2024/02/01,11.96,11.98,11.55,11.81,3642626,43248564.00
2024/02/02,11.80,12.19,10.69,11.14,3500790,40106604.00
2024/02/05,11.12,11.12,9.36,9.61,5159983,51687004.00
2024/02/06,9.31,9.83,8.44,9.42,6030620,54875844.00
2024/02/07,9.31,9.58,8.70,8.94,6521369,59857428.00
2024/02/08,8.90,10.45,8.69,10.23,6859789,65753852.00
2024/02/19,10.26,11.04,10.23,10.77,8016763,86241640.00
2024/02/20,10.68,10.98,10.44,10.90,4620321,49895532.00
2024/02/21,10.85,11.53,10.73,11.15,4557122,51633808.00
2024/02/22,11.10,11.98,11.06,11.96,5735799,67686936.00
2024/02/23,11.98,12.15,11.64,12.07,4164103,49864548.00
2024/02/26,12.06,12.68,12.02,12.29,4495360,55838604.00
2024/02/27,12.23,12.78,12.03,12.76,3336730,42367216.00
2024/02/28,12.78,13.05,11.65,11.65,6334516,78918304.00
2024/02/29,11.51,12.34,11.46,12.31,4345054,52535152.00
2024/03/01,12.28,12.64,12.07,12.40,3640490,45116136.00
2024/03/04,12.42,12.50,11.96,12.21,2359776,28975052.00
2024/03/05,12.38,12.45,12.07,12.12,3020998,37335744.00
2024/03/06,11.99,12.26,11.80,12.13,2505800,30349958.00
2024/03/07,12.20,12.58,12.14,12.58,4155935,51948312.00
2024/03/08,12.70,13.20,12.70,13.01,5679239,73781472.00
2024/03/11,12.72,12.84,12.50,12.77,3631740,46256476.00
2024/03/12,12.75,12.97,12.60,12.90,3081494,39728856.00
2024/03/13,12.90,12.92,12.66,12.75,2360334,30425786.00
2024/03/14,12.80,13.86,12.72,13.40,6335160,85030872.00
2024/03/15,13.26,13.50,13.02,13.32,3098756,41139868.00
2024/03/18,13.37,13.88,13.37,13.71,4299020,59098052.00
2024/03/19,13.72,14.14,13.59,13.95,3136639,44056496.00
2024/03/20,14.00,14.26,13.74,13.95,2842140,39888648.00
2024/03/21,13.97,14.15,13.73,13.97,3104776,43536804.00
2024/03/22,13.90,14.02,13.60,13.62,2394400,33136322.00
2024/03/25,13.62,13.73,13.17,13.23,2257297,30651252.00
2024/03/26,13.24,13.34,12.96,13.26,1832884,24320964.00
2024/03/27,13.42,13.44,12.82,12.87,1989554,26299634.00
2024/03/28,12.74,13.34,12.67,13.16,2214036,29237374.00
2024/03/29,13.18,13.49,13.11,13.44,1985364,26615986.00
2024/04/01,13.36,13.81,13.36,13.80,2079600,28511930.00
2024/04/02,13.75,14.10,13.65,13.86,2336236,32565084.00
2024/04/03,13.91,13.91,13.01,13.18,4435880,59907428.00
2024/04/08,13.39,13.39,12.18,12.26,6484594,82716656.00
2024/04/09,12.13,12.94,12.13,12.89,5017336,64002228.00
2024/04/10,12.75,12.93,12.22,12.47,3738075,47148172.00
2024/04/11,12.45,12.75,12.21,12.57,3025426,38263616.00
2024/04/12,12.55,14.52,12.55,13.97,12785833,177213296.00
2024/04/15,13.58,13.88,12.96,13.25,10723578,144285312.00
2024/04/16,12.92,12.92,11.33,11.63,8149554,97482424.00
2024/04/17,11.87,12.48,11.85,12.24,6036840,74383800.00
2024/04/18,12.12,14.40,12.01,13.42,12136624,163016512.00
2024/04/19,12.90,13.87,12.59,13.71,10949949,144407648.00
2024/04/22,13.59,15.80,13.30,15.25,15761227,229817232.00
2024/04/23,14.70,15.18,14.38,14.69,11268421,166649232.00
2024/04/24,14.30,15.67,14.29,15.24,10524242,159303920.00
2024/04/25,14.35,14.92,13.80,14.03,11085623,158366512.00
2024/04/26,13.94,14.38,13.63,13.87,7620484,107256448.00
2024/04/29,13.73,14.18,13.50,13.98,6222100,87216920.00
2024/04/30,14.24,14.24,13.41,13.50,5640882,77826704.00
2024/05/06,13.57,13.65,13.21,13.30,4178178,56096596.00
2024/05/07,13.33,13.44,13.10,13.33,3147718,42179800.00
2024/05/08,13.38,13.38,13.00,13.13,2543800,33681432.00
2024/05/09,13.50,13.50,13.22,13.44,4349644,58711076.00
2024/05/10,13.35,14.45,13.30,13.87,7935332,110772192.00
2024/05/13,13.50,13.68,13.05,13.23,4889398,65799024.00
2024/05/14,13.23,14.07,13.19,13.59,4786421,65971848.00
2024/05/15,13.58,13.76,13.26,13.38,3085574,41848864.00
2024/05/16,13.37,14.10,13.31,13.81,5200609,72228232.00
2024/05/17,13.80,14.40,13.62,14.40,7920317,112895968.00
2024/05/20,15.06,16.48,14.90,15.36,17466852,273661344.00
2024/05/21,15.07,16.18,14.61,14.80,13108932,201177696.00
2024/05/22,14.56,14.70,14.05,14.20,9639696,138405824.00
2024/05/23,13.95,14.01,13.44,13.55,6872938,94433032.00
2024/05/24,13.44,13.88,13.36,13.78,4917540,67947744.00
2024/05/27,14.96,15.46,14.22,14.56,9022095,134140160.00
2024/05/28,14.15,15.39,14.15,14.83,9636770,142899040.00
2024/05/29,14.69,15.46,14.68,15.28,9617212,147169376.00
2024/05/30,15.08,15.08,14.62,14.67,5848940,86841472.00
2024/05/31,14.75,14.94,14.43,14.47,3997300,58889920.00
2024/06/03,14.41,14.59,14.03,14.29,3812700,54849912.00
2024/06/04,14.21,14.78,13.88,14.60,4876172,70987728.00
2024/06/05,14.43,14.76,14.30,14.37,3454506,50605792.00
2024/06/06,14.23,14.45,13.50,13.78,4969882,69329456.00
2024/06/07,13.80,14.12,13.80,14.06,2476900,34631968.00
2024/06/11,13.83,14.08,13.70,14.01,2297400,31979172.00
2024/06/12,13.88,14.47,13.88,14.47,3025005,43000808.00
2024/06/13,14.30,14.55,14.26,14.30,2200200,31584432.00
2024/06/14,14.21,14.70,14.14,14.41,2933900,42431340.00
2024/06/17,14.18,14.44,14.18,14.31,2110900,30164640.00
2024/06/18,14.28,14.45,14.24,14.38,1834100,26315500.00
2024/06/19,14.40,14.78,14.23,14.65,3551764,51642376.00
2024/06/20,14.60,14.78,14.30,14.61,3172700,46128400.00
2024/06/21,14.52,14.91,14.47,14.57,3015500,44350820.00
2024/06/24,14.07,14.48,13.68,13.81,4362500,60905152.00
2024/06/25,13.99,14.38,13.80,14.21,3387140,47896640.00
2024/06/26,14.15,14.33,13.86,14.23,2771000,39012896.00
2024/06/27,14.20,14.80,14.06,14.45,3943300,57136528.00
2024/06/28,14.35,14.95,14.31,14.92,5931180,87130120.00
2024/07/01,15.20,15.20,14.64,14.72,3973392,58840000.00
2024/07/02,14.92,14.92,14.45,14.52,3346558,49027488.00
2024/07/03,14.36,14.88,14.30,14.57,3228300,47003140.00
2024/07/04,14.37,14.43,13.90,13.95,2933901,41242044.00
2024/07/05,13.82,14.08,13.76,13.99,1389880,19372754.00
2024/07/08,13.94,14.08,13.15,13.38,3666937,49478804.00
2024/07/09,13.44,13.45,12.92,13.40,2179000,28865260.00
2024/07/10,13.20,13.40,12.95,12.98,1583583,20850428.00
2024/07/11,13.20,13.46,13.11,13.43,1730500,23042524.00
2024/07/12,13.49,13.89,13.36,13.40,2043987,27892896.00
2024/07/15,13.28,13.38,12.96,13.02,1526320,19991464.00
2024/07/16,13.00,13.12,12.92,13.05,937896,12211578.00
2024/07/17,13.06,13.24,12.90,12.94,1023349,13363137.00
2024/07/18,12.90,12.92,12.50,12.74,1343300,17037592.00
2024/07/19,12.74,12.93,12.52,12.78,973940,12455609.00
2024/07/22,12.86,12.91,12.70,12.85,710000,9105418.00
2024/07/23,12.85,13.05,12.50,12.55,995716,12746599.00
2024/07/24,12.36,12.62,12.17,12.17,1070100,13239902.00
2024/07/25,12.17,12.45,12.01,12.30,995367,12253962.00
2024/07/26,12.40,12.59,12.36,12.59,860516,10753130.00
2024/07/29,12.19,12.68,12.19,12.52,650116,8151502.50
2024/07/30,12.39,12.64,12.39,12.54,590700,7396499.00
2024/07/31,12.54,13.16,12.54,13.08,1870520,24253208.00
2024/08/01,13.08,13.19,12.93,12.93,1516596,19735132.00
2024/08/02,12.90,13.03,12.76,12.81,921236,11899564.00
2024/08/05,12.95,13.19,12.45,12.52,1813000,23389124.00
2024/08/06,12.53,12.90,12.53,12.80,1116800,14238384.00
2024/08/07,12.75,12.88,12.68,12.84,759980,9731959.00
2024/08/08,12.74,13.17,12.70,12.88,1704396,22108454.00
2024/08/09,12.77,13.50,12.77,12.93,2561032,33555096.00
2024/08/12,12.68,12.78,12.33,12.40,2049136,25579946.00
2024/08/13,12.40,12.43,12.14,12.31,999296,12246251.00
2024/08/14,12.29,12.45,12.20,12.40,885800,10922855.00
2024/08/15,12.36,12.55,12.10,12.50,1464900,18127364.00
2024/08/16,12.50,12.56,12.22,12.25,1112100,13702782.00
2024/08/19,12.23,12.36,12.12,12.15,752456,9218830.00
2024/08/20,12.31,12.31,11.76,11.86,1174800,14015698.00
2024/08/21,11.88,11.99,11.81,11.82,654240,7782520.50
2024/08/22,11.76,11.89,11.40,11.44,1078936,12507854.00
2024/08/23,11.39,11.44,11.09,11.19,1218949,13702984.00
2024/08/26,11.24,11.57,11.11,11.53,1216370,13902232.00
2024/08/27,11.49,11.58,11.27,11.36,863497,9855987.00
2024/08/28,11.36,11.75,11.02,11.49,1120670,12881424.00
2024/08/29,11.47,11.79,11.33,11.72,1098183,12723207.00
2024/08/30,11.72,12.22,11.68,11.96,1227320,14748968.00
2024/09/02,11.95,12.08,11.87,11.90,929900,11124544.00
2024/09/03,11.90,12.10,11.83,11.95,663469,7940389.50
2024/09/04,11.91,12.05,11.83,11.87,792300,9449370.00
2024/09/05,11.94,12.12,11.89,12.05,1126800,13537414.00
2024/09/06,12.20,12.20,11.81,11.87,1110639,13314650.00
2024/09/09,11.85,12.20,11.71,11.97,1492820,17958070.00
2024/09/10,11.98,12.00,11.70,11.87,1168600,13821541.00
2024/09/11,11.87,11.97,11.78,11.85,693680,8232538.50
2024/09/12,11.89,12.06,11.79,11.83,929056,11101148.00
2024/09/13,11.84,11.91,11.54,11.55,1050460,12326364.00
2024/09/18,11.66,11.66,11.22,11.50,1222364,13968871.00
2024/09/19,11.62,11.95,11.45,11.85,1022837,12040257.00
2024/09/20,11.79,11.85,11.52,11.62,1124100,13137707.00
2024/09/23,11.68,11.77,11.41,11.48,1469500,16959372.00
2024/09/24,11.51,11.87,11.51,11.81,1621314,19024336.00
2024/09/25,11.91,12.24,11.82,12.07,1746900,21123698.00
2024/09/26,12.16,12.53,12.02,12.53,2496720,30737036.00
2024/09/27,12.67,13.20,12.42,13.03,4577401,58593832.00
2024/09/30,13.50,15.18,13.11,15.14,8845954,126006248.00
2024/10/08,17.10,17.49,14.60,15.93,11666101,188057552.00
2024/10/09,15.00,15.11,13.39,13.41,6857064,97448520.00
2024/10/10,13.68,14.30,13.20,13.82,4471480,61183736.00
2024/10/11,13.55,13.59,13.06,13.20,3115578,41587728.00
2024/10/14,13.18,13.40,12.83,13.32,2558647,33774612.00
2024/10/15,13.32,13.51,13.07,13.13,2457224,32713928.00
2024/10/16,13.01,13.29,13.01,13.19,1921740,25276040.00
2024/10/17,13.25,13.50,13.19,13.24,2569800,34253820.00
2024/10/18,13.14,13.75,13.14,13.54,3656492,49282904.00
2024/10/21,13.60,14.58,13.54,14.08,4335078,60772244.00
2024/10/22,14.08,14.77,13.86,14.50,5682971,81835032.00
2024/10/23,14.40,15.14,14.35,14.53,5428553,79582984.00
2024/10/24,14.50,14.82,14.30,14.53,3458000,50209988.00
2024/10/25,14.49,14.68,14.20,14.48,4731640,68312080.00
2024/10/28,14.46,15.27,14.40,15.12,5801975,86385088.00
2024/10/29,15.38,15.96,14.92,15.12,8481163,131109080.00
2024/10/30,14.96,15.88,14.54,15.78,7988449,122473016.00
2024/10/31,15.62,16.23,15.36,15.58,6787299,106667808.00
2024/11/01,15.58,15.70,14.81,14.87,4224340,63964972.00
2024/11/04,14.87,15.15,14.50,14.79,3044964,44752760.00
2024/11/05,14.74,15.08,14.60,14.86,3897286,57888368.00
2024/11/06,14.95,15.09,14.51,14.68,4210700,62109612.00
2024/11/07,14.66,15.50,14.41,15.45,6535711,99452560.00
2024/11/08,15.45,15.56,14.93,15.28,5460692,82899256.00
2024/11/11,15.10,15.53,15.02,15.49,3595880,55173464.00
2024/11/12,15.34,17.30,15.34,16.89,13147062,215259136.00
2024/11/13,16.53,16.53,15.34,15.66,10183576,159556128.00
2024/11/14,15.52,15.86,14.88,14.94,5909692,90101360.00
2024/11/15,14.80,15.36,14.74,14.74,3972800,59750928.00
2024/11/18,14.89,14.99,14.31,14.42,3619056,52891120.00
2024/11/19,14.50,14.85,14.41,14.84,1894200,27691024.00
2024/11/20,14.82,15.56,14.74,15.35,3031364,46170956.00
2024/11/21,15.35,15.88,15.28,15.56,3025700,47098132.00
2024/11/22,15.50,15.65,14.71,14.77,3041400,46303504.00
数据来源:通达信
