300636 同和药业 日线 前复权
      日期	    开盘	    最高	    最低	    收盘	    成交量	    成交额
2017/03/31,4.70,5.19,4.70,5.19,3601,75037.94
2017/04/05,5.73,5.73,5.73,5.73,2700,61884.00
2017/04/06,6.33,6.33,6.33,6.33,1100,27731.00
2017/04/07,6.99,6.99,6.99,6.99,3800,105374.00
2017/04/10,7.71,7.71,7.71,7.71,4400,134200.00
2017/04/11,8.50,8.50,8.50,8.50,5900,197945.00
2017/04/12,9.38,9.38,9.38,9.38,5700,210387.00
2017/04/13,10.34,10.34,10.34,10.34,10600,430360.00
2017/04/14,11.40,11.40,11.40,11.40,47300,2112418.00
2017/04/17,11.48,11.48,10.23,10.23,7279365,304754016.00
2017/04/18,9.96,10.52,9.96,10.07,4384404,176038032.00
2017/04/19,9.95,10.69,9.79,10.59,4902081,197254944.00
2017/04/20,10.44,10.55,10.01,10.18,3708201,149757776.00
2017/04/21,10.20,10.54,10.20,10.22,3138542,127680192.00
2017/04/24,10.09,10.10,9.71,9.76,2723160,105369808.00
2017/04/25,9.79,10.07,9.79,9.83,2222727,86815376.00
2017/04/26,9.79,10.10,9.79,9.96,1980907,77706448.00
2017/04/27,9.74,10.98,9.68,10.98,4507561,184091184.00
2017/04/28,11.09,11.19,10.71,10.98,3697076,159091472.00
2017/05/02,10.91,11.21,10.80,11.00,2990351,128904280.00
2017/05/03,10.95,11.25,10.50,11.22,4891003,210934128.00
2017/05/04,10.98,10.98,10.44,10.44,3900370,163828848.00
2017/05/05,10.43,10.43,9.97,9.97,2991125,119931024.00
2017/05/08,9.92,10.05,9.83,9.84,1832975,71508808.00
2017/05/09,9.86,10.14,9.84,10.10,1811925,71367056.00
2017/05/10,10.10,10.20,9.72,9.73,2173808,85560512.00
2017/05/11,9.58,9.91,9.45,9.91,2031139,77444112.00
2017/05/12,9.92,10.09,9.81,10.00,1706746,66828828.00
2017/05/15,10.00,10.16,9.83,9.87,1346757,52739628.00
2017/05/16,9.87,10.11,9.65,10.10,1834646,71439448.00
2017/05/17,10.07,10.31,10.01,10.07,1842400,73513920.00
2017/05/18,9.96,10.14,9.84,9.91,1274438,50063180.00
2017/05/19,9.91,9.98,9.69,9.72,1143035,44189988.00
2017/05/22,9.76,9.76,8.96,9.01,2156200,79599200.00
2017/05/23,8.96,9.06,8.57,8.61,1671766,57912504.00
2017/05/24,8.57,8.80,8.54,8.76,1168300,39986332.00
2017/05/25,8.73,8.83,8.53,8.77,1315000,44930900.00
2017/05/26,8.75,9.13,8.73,8.97,1229600,43195664.00
2017/05/31,9.40,9.57,9.01,9.06,1926600,70925688.00
2017/06/01,8.97,9.06,8.57,8.58,1250863,43387532.00
2017/06/02,8.58,9.00,8.47,8.89,888122,30649788.00
2017/06/05,9.03,9.21,9.00,9.11,1062000,38125716.00
2017/06/06,9.01,9.18,8.99,9.12,562663,20138946.00
2017/06/07,9.13,9.51,9.11,9.43,1698099,62632624.00
2017/06/08,9.43,9.46,9.20,9.33,1250559,46103068.00
2017/06/09,9.40,9.77,9.39,9.54,1844700,69327032.00
2017/06/12,9.28,9.30,8.91,9.08,1324800,47702888.00
2017/06/13,9.01,9.32,8.97,9.30,868200,31587278.00
2017/06/14,9.30,9.31,9.10,9.20,692400,25107896.00
2017/06/15,9.21,9.45,9.20,9.27,1158100,42739920.00
2017/06/16,9.32,9.42,9.23,9.31,703600,25834688.00
2017/06/19,9.30,9.40,9.17,9.27,565600,20630592.00
2017/06/20,9.32,9.36,9.08,9.10,801200,29146142.00
2017/06/21,9.12,9.19,9.04,9.13,553300,19847840.00
2017/06/22,9.09,9.13,8.88,8.88,829100,29482552.00
2017/06/23,8.93,8.94,8.60,8.86,750300,25987044.00
2017/06/26,8.86,8.96,8.75,8.94,474000,16611040.00
2017/06/27,8.91,9.03,8.85,8.87,436300,15381160.00
2017/06/28,8.85,8.85,8.67,8.70,489900,16877780.00
2017/06/29,8.71,8.85,8.65,8.72,404241,13942961.00
2017/06/30,8.72,8.89,8.65,8.87,595541,20641642.00
2017/07/03,8.84,8.98,8.80,8.97,442041,15536572.00
2017/07/04,8.97,8.97,8.88,8.95,377700,13306194.00
2017/07/05,8.94,9.11,8.92,9.09,725041,25833670.00
2017/07/06,9.11,9.21,9.00,9.18,888528,31883924.00
2017/07/07,9.19,9.38,9.17,9.29,1382541,50682132.00
2017/07/10,9.23,9.23,8.88,8.89,1087400,38627780.00
2017/07/11,8.88,8.98,8.79,8.81,496500,17347950.00
2017/07/12,8.83,8.98,8.63,8.92,670287,23157610.00
2017/07/13,8.88,8.88,8.78,8.81,363000,12611048.00
2017/07/14,8.88,8.97,8.79,8.82,557500,19567278.00
2017/07/17,8.75,8.75,7.92,7.94,1287100,41558032.00
2017/07/18,7.84,8.07,7.84,8.07,609500,19202876.00
2017/07/19,8.20,8.20,7.98,8.10,398500,12708475.00
2017/07/20,8.17,8.35,8.05,8.08,569400,18421820.00
2017/07/21,8.05,8.17,7.97,8.02,410300,13052366.00
2017/07/24,7.99,8.13,7.81,8.09,560700,17647516.00
2017/07/25,8.07,8.13,8.03,8.09,299300,9560224.00
2017/07/26,8.12,8.14,7.97,8.02,330600,10514427.00
2017/07/27,8.07,8.35,7.97,8.27,786100,25502224.00
2017/07/28,8.23,8.30,8.14,8.16,503900,16357822.00
2017/07/31,8.16,8.29,8.10,8.23,305300,9876549.00
2017/08/01,8.23,8.26,8.12,8.24,362600,11748007.00
2017/08/02,8.24,8.26,8.02,8.02,417900,13406924.00
2017/08/03,8.02,8.23,8.02,8.10,427900,13735509.00
2017/08/04,8.07,8.14,7.98,7.99,424300,13476924.00
2017/08/07,7.99,8.13,7.99,8.09,299900,9588570.00
2017/08/08,8.13,8.13,7.99,8.08,276500,8805312.00
2017/08/09,8.07,8.12,8.06,8.10,235300,7525656.00
2017/08/10,8.10,8.16,7.99,8.03,369700,11798697.00
2017/08/11,7.97,8.00,7.85,7.89,589100,18496424.00
2017/08/14,7.89,8.06,7.89,8.05,436000,13810588.00
2017/08/15,8.06,8.15,8.05,8.15,473067,15155646.00
2017/08/16,8.15,8.32,8.07,8.23,952508,30978236.00
2017/08/17,8.25,8.30,8.20,8.27,567700,18504244.00
2017/08/18,8.27,8.27,8.15,8.19,502900,16287764.00
2017/08/21,8.23,8.40,8.19,8.37,646500,21238420.00
2017/08/22,8.43,8.63,8.43,8.47,1157100,39077192.00
2017/08/23,8.46,8.58,8.34,8.48,650100,21631078.00
2017/08/24,8.46,8.57,8.31,8.36,662100,22072548.00
2017/08/25,8.34,8.62,8.34,8.60,894700,30108800.00
2017/08/28,8.63,8.95,8.63,8.84,1326100,45851832.00
2017/08/29,8.85,9.07,8.76,8.85,1418259,49707140.00
2017/08/30,8.78,8.85,8.63,8.68,1029207,35433168.00
2017/08/31,8.66,8.97,8.66,8.91,1142200,39934472.00
2017/09/01,8.93,8.98,8.82,8.92,835500,29231332.00
2017/09/05,8.62,8.91,8.48,8.91,1888366,64243260.00
2017/09/06,8.70,8.90,8.57,8.74,1072300,36816864.00
2017/09/07,8.70,8.82,8.67,8.72,679944,23490430.00
2017/09/08,8.67,8.85,8.62,8.74,823644,28433624.00
2017/09/11,8.71,8.92,8.71,8.88,800466,27860154.00
2017/09/12,8.88,8.90,8.65,8.66,1001208,34534792.00
2017/09/13,8.64,8.77,8.62,8.75,543300,18624752.00
2017/09/14,8.75,8.79,8.65,8.65,621700,21376542.00
2017/09/15,8.65,8.72,8.62,8.65,424800,14501838.00
2017/09/18,8.62,8.71,8.61,8.65,409566,13971763.00
2017/09/19,8.65,8.82,8.63,8.75,855100,29493932.00
2017/09/20,8.71,8.85,8.66,8.84,797400,27564884.00
2017/09/21,8.78,9.04,8.78,8.81,1307144,45916976.00
2017/09/22,8.80,9.05,8.73,9.04,1338300,47111296.00
2017/09/25,9.05,9.27,8.96,8.97,1539608,55349252.00
2017/09/26,8.96,9.04,8.57,8.58,1186400,40806540.00
2017/09/27,8.59,8.75,8.58,8.71,607808,20810100.00
2017/09/28,8.69,8.82,8.69,8.75,531508,18334664.00
2017/09/29,8.74,8.86,8.74,8.84,523444,18182416.00
2017/10/09,8.98,9.01,8.88,8.91,551300,19382500.00
2017/10/10,8.89,9.27,8.89,9.25,1838700,66366576.00
2017/10/11,9.29,9.37,9.06,9.11,1617400,58692528.00
2017/10/12,9.11,9.17,9.00,9.06,776887,27803006.00
2017/10/13,9.03,9.32,9.03,9.27,1258900,45867252.00
2017/10/16,9.36,9.53,9.04,9.09,1586300,57874476.00
2017/10/17,9.08,9.39,9.02,9.36,1261399,45997288.00
2017/10/18,9.34,9.43,9.19,9.23,1071374,39268336.00
2017/10/19,9.17,9.44,9.11,9.41,1354905,49684760.00
2017/10/20,9.33,9.38,9.16,9.30,902150,32868024.00
2017/10/23,9.28,9.37,9.15,9.24,967000,35187808.00
2017/10/24,9.27,9.29,9.02,9.13,991274,35782804.00
2017/10/25,9.09,9.45,9.09,9.45,1263266,46236252.00
2017/10/26,9.45,9.49,9.35,9.44,1036966,38397496.00
2017/10/27,9.47,9.66,9.40,9.59,1649766,61893996.00
2017/10/30,9.50,9.60,9.17,9.29,1349766,49640848.00
2017/10/31,9.29,9.61,9.21,9.58,1300966,48280476.00
2017/11/01,9.53,9.79,9.53,9.60,1477806,56164084.00
2017/11/02,9.61,9.78,9.43,9.58,1383466,52328596.00
2017/11/03,9.58,9.74,9.40,9.52,944166,35444148.00
2017/11/06,9.66,9.84,9.54,9.84,1666700,63802248.00
2017/11/07,9.78,9.81,9.63,9.78,1401606,53582356.00
2017/11/08,9.76,9.90,9.70,9.75,1193300,45964700.00
2017/11/09,9.72,9.77,9.62,9.75,815206,31052342.00
2017/11/10,9.74,9.88,9.69,9.80,1076706,41456404.00
2017/11/13,9.80,9.97,9.73,9.96,1357400,52618492.00
2017/11/14,9.97,10.02,9.80,9.83,1196384,46549132.00
2017/11/15,9.82,9.86,9.55,9.60,1191100,45426820.00
2017/11/16,9.58,9.71,9.22,9.28,1014754,37860152.00
2017/11/17,9.28,9.38,8.51,8.70,1462145,51561540.00
2017/11/20,8.85,8.95,8.64,8.95,964406,33633492.00
2017/11/21,8.89,9.06,8.66,8.80,875106,30407006.00
2017/11/22,8.76,8.89,8.67,8.77,616006,21324456.00
2017/11/23,8.77,8.82,8.53,8.53,569206,19507308.00
2017/11/24,8.53,8.65,8.33,8.33,561100,18802902.00
2017/11/27,8.31,8.42,8.05,8.14,674300,21967612.00
2017/11/28,8.14,8.30,8.10,8.30,568200,18440940.00
2017/11/29,8.27,8.28,8.12,8.27,581400,18829376.00
2017/11/30,8.24,8.47,8.21,8.35,473300,15598108.00
2017/12/01,8.34,8.47,8.29,8.44,396900,13182153.00
2017/12/04,8.35,8.36,7.77,7.78,1116600,35287480.00
2017/12/05,7.72,7.83,7.35,7.41,774700,23296016.00
2017/12/06,7.51,7.57,7.30,7.55,816368,24058836.00
2017/12/07,7.52,7.56,7.37,7.48,835487,24730904.00
2017/12/08,7.49,7.67,7.47,7.59,819987,24672668.00
2017/12/11,7.58,7.68,7.58,7.67,545587,16481299.00
2017/12/12,7.65,7.67,7.41,7.42,598503,17810282.00
2017/12/13,7.44,7.57,7.39,7.53,478679,14209355.00
2017/12/14,7.55,7.59,7.45,7.56,355220,10562665.00
2017/12/15,7.51,7.57,7.07,7.50,426700,12663486.00
2017/12/18,7.46,7.54,7.42,7.47,432887,12802613.00
2017/12/19,7.51,7.66,7.47,7.63,639800,19286116.00
2017/12/20,7.61,7.64,7.46,7.48,408100,12137723.00
2017/12/21,7.45,7.57,7.34,7.48,295200,8734668.00
2017/12/22,7.42,7.54,7.42,7.47,325600,9647090.00
2017/12/25,7.47,7.50,7.23,7.46,625100,18269844.00
2017/12/26,7.44,7.80,7.35,7.75,1297900,39386640.00
2017/12/27,7.71,7.84,7.66,7.79,749800,23023252.00
2017/12/28,7.72,7.89,7.72,7.78,552600,17088768.00
2017/12/29,7.75,7.83,7.71,7.76,419234,12852892.00
2018/01/02,7.75,7.84,7.73,7.82,536900,16533505.00
2018/01/03,7.80,7.81,7.71,7.78,473800,14538022.00
2018/01/04,7.78,7.78,7.63,7.67,576734,17580322.00
2018/01/05,7.73,7.76,7.62,7.72,727300,22111256.00
2018/01/08,7.73,7.74,7.60,7.72,636536,19295232.00
2018/01/09,7.74,8.10,7.69,7.94,1518536,47771860.00
2018/01/10,7.85,7.91,7.63,7.76,883100,27196456.00
2018/01/11,7.76,8.36,7.66,8.12,1525800,48744644.00
2018/01/12,8.07,8.13,7.93,8.11,988236,31423204.00
2018/01/15,8.05,8.07,7.91,7.92,811400,25590664.00
2018/01/16,7.97,8.15,7.86,8.07,804034,25569768.00
2018/01/17,8.05,8.17,7.91,8.17,886037,28263174.00
2018/01/18,8.17,8.24,8.04,8.08,572334,18373966.00
2018/01/19,8.03,8.14,7.94,8.01,524234,16694223.00
2018/01/22,7.92,7.97,7.62,7.82,658000,20324112.00
2018/01/23,7.83,7.94,7.77,7.84,279700,8671280.00
2018/01/24,7.79,8.01,7.71,8.00,806700,25189064.00
2018/01/25,8.00,8.00,7.77,7.77,1254900,39018120.00
2018/01/26,7.71,7.86,7.68,7.71,546059,16770817.00
2018/01/29,7.71,7.78,7.53,7.55,549700,16582002.00
2018/01/30,7.50,7.61,7.50,7.55,263800,7882563.00
2018/01/31,7.54,7.54,7.14,7.19,623900,18096080.00
2018/02/01,7.16,7.25,6.69,6.69,782800,21535792.00
2018/02/02,6.69,6.79,6.54,6.69,336600,8949455.00
2018/02/05,6.60,6.75,6.59,6.69,339800,9035710.00
2018/02/06,6.54,6.66,6.22,6.24,642700,16488551.00
2018/02/07,6.40,6.47,6.20,6.38,458100,11614644.00
2018/02/08,6.38,6.54,6.35,6.48,307000,7921862.00
2018/02/09,6.38,6.42,6.22,6.29,346900,8712535.00
2018/02/12,6.37,6.58,6.37,6.51,317800,8200114.00
2018/02/13,6.56,6.59,6.50,6.53,266000,6910132.00
2018/02/14,6.53,6.55,6.46,6.53,163100,4220621.00
2018/02/22,6.56,6.60,6.51,6.60,345600,9013962.00
2018/02/23,6.60,6.62,6.53,6.57,224800,5871737.00
2018/02/26,6.63,6.83,6.62,6.81,489600,13116652.00
2018/02/27,6.79,6.87,6.77,6.83,465900,12623403.00
2018/02/28,6.77,6.79,6.70,6.73,333100,8935295.00
2018/03/01,6.72,6.87,6.67,6.84,317659,8571883.00
2018/03/02,6.74,6.85,6.72,6.77,232300,6266740.00
2018/03/05,6.80,6.84,6.74,6.84,302975,8171387.50
2018/03/06,6.82,6.94,6.81,6.88,486300,13297421.00
2018/03/07,6.88,6.90,6.81,6.85,435700,11860632.00
2018/03/08,6.87,7.19,6.83,7.07,928016,25876232.00
2018/03/09,7.03,7.18,7.01,7.18,683316,19285474.00
2018/03/12,7.22,7.49,7.19,7.28,800600,23281196.00
2018/03/13,7.24,7.29,7.15,7.15,436200,12438607.00
2018/03/14,7.15,7.23,7.10,7.15,481200,13713378.00
2018/03/15,7.06,7.08,6.80,6.90,807116,22123676.00
2018/03/16,6.90,7.00,6.90,6.91,282800,7784248.00
2018/03/19,6.95,7.03,6.86,6.99,462500,12799417.00
2018/03/20,6.94,7.56,6.91,7.40,1885400,54906180.00
2018/03/21,7.36,7.52,7.17,7.17,1361716,39736952.00
2018/03/22,7.17,7.36,7.17,7.21,993500,28588368.00
2018/03/23,7.00,7.17,6.57,6.72,1487800,40875368.00
2018/03/26,6.60,6.93,6.48,6.92,932400,24946218.00
2018/03/27,7.02,7.31,6.98,7.21,1372100,38883284.00
2018/03/28,7.12,7.54,7.08,7.35,1541316,45173160.00
2018/03/29,7.30,7.65,7.30,7.58,1794420,53566800.00
2018/03/30,7.53,7.76,7.42,7.61,1970920,59363752.00
2018/04/02,7.66,7.75,7.53,7.56,1388159,41891736.00
2018/04/03,7.37,7.89,7.37,7.85,1888678,57366028.00
2018/04/04,7.96,8.59,7.94,7.94,2882118,93169728.00
2018/04/09,7.72,8.11,7.48,8.10,2284174,69787280.00
2018/04/10,7.71,7.96,7.35,7.85,3316676,100904200.00
2018/04/11,7.74,7.83,7.58,7.62,2145256,65497464.00
2018/04/12,7.58,7.86,7.50,7.67,1579536,48256504.00
2018/04/13,7.73,7.77,7.50,7.50,1069479,32292190.00
2018/04/16,7.55,7.62,7.24,7.35,929740,27354136.00
2018/04/17,7.30,7.42,6.93,6.94,1193700,33931052.00
2018/04/18,6.98,7.13,6.70,7.07,829500,22930224.00
2018/04/19,7.01,7.14,6.98,7.03,725540,20346690.00
2018/04/20,6.82,6.82,6.48,6.53,1400800,37147580.00
2018/04/23,6.50,6.58,6.38,6.47,557300,14387104.00
2018/04/24,6.49,6.74,6.45,6.68,687100,18134976.00
2018/04/25,6.67,6.91,6.61,6.91,792820,21365802.00
2018/04/26,6.80,6.85,6.62,6.64,606466,16211715.00
2018/04/27,6.64,6.80,6.62,6.68,454020,12079742.00
2018/05/02,6.69,6.71,6.47,6.59,441600,11604095.00
2018/05/03,6.47,6.65,6.35,6.63,815459,21075834.00
2018/05/04,6.57,6.62,6.44,6.52,1187574,30752318.00
2018/05/07,6.52,6.76,6.49,6.72,1007900,26560918.00
2018/05/08,6.70,7.02,6.69,6.92,1581822,43382832.00
2018/05/09,6.88,6.95,6.82,6.92,882774,24144450.00
2018/05/10,6.91,7.05,6.87,6.99,868142,24006994.00
2018/05/11,6.93,7.46,6.93,7.10,2080000,59604216.00
2018/05/14,7.07,7.15,6.84,6.99,996740,27448116.00
2018/05/15,6.98,7.14,6.87,7.10,660584,18396702.00
2018/05/16,7.06,7.36,7.06,7.13,1032043,29566208.00
2018/05/17,6.97,7.10,6.94,7.04,991710,27536238.00
2018/05/18,7.07,7.21,6.94,7.02,767743,21462866.00
2018/05/21,7.05,7.16,6.99,7.10,1133037,31751820.00
2018/05/22,7.11,7.23,7.06,7.20,1096900,31157192.00
2018/05/23,7.18,7.31,7.12,7.17,1041756,29749628.00
2018/05/24,7.19,7.25,7.13,7.23,759456,21680218.00
2018/05/25,7.20,7.25,7.06,7.18,843316,23962146.00
2018/05/28,7.20,7.30,6.98,7.20,992350,28169032.00
2018/05/29,7.13,7.46,7.08,7.13,1733590,50212536.00
2018/05/30,6.86,6.86,6.40,6.46,1572406,41267420.00
2018/05/31,6.55,6.64,6.51,6.62,732418,19154644.00
2018/06/01,6.62,6.73,6.53,6.61,549206,14419234.00
2018/06/04,6.73,6.73,6.54,6.61,355166,9331862.00
2018/06/05,6.60,6.77,6.60,6.75,490618,13021900.00
2018/06/06,6.79,6.82,6.69,6.78,443400,11850305.00
2018/06/07,6.80,6.81,6.61,6.64,710310,18801716.00
2018/06/08,6.67,6.69,6.30,6.47,689060,17717464.00
2018/06/11,6.47,6.55,6.38,6.47,415866,10686143.00
2018/06/12,6.46,6.51,6.12,6.42,483460,12234695.00
2018/06/13,6.42,6.42,6.23,6.27,306900,7689032.00
2018/06/14,6.27,6.34,6.17,6.24,332100,8249181.00
2018/06/15,6.24,6.28,5.97,6.00,505500,12232954.00
2018/06/19,5.96,5.96,5.38,5.39,914800,20505540.00
2018/06/20,5.40,5.62,5.29,5.54,509700,11144025.00
2018/06/21,5.62,5.65,5.37,5.37,521300,11460812.00
2018/06/22,5.34,5.52,5.29,5.49,336500,7309861.00
2018/06/25,5.49,5.67,5.49,5.56,444900,9915068.00
2018/06/26,5.54,5.80,5.39,5.76,647546,14662216.00
2018/06/27,5.74,5.81,5.71,5.72,380166,8685252.00
2018/06/28,5.70,5.80,5.68,5.72,349800,7984970.00
2018/06/29,5.80,5.85,5.63,5.82,629500,14470807.00
2018/07/02,5.85,5.85,5.54,5.59,463280,10555264.00
2018/07/03,5.59,5.77,5.59,5.76,473818,10736786.00
2018/07/04,5.75,5.75,5.43,5.54,444800,9938291.00
2018/07/05,5.57,5.62,5.41,5.41,392419,8676865.00
2018/07/06,5.41,5.57,5.35,5.49,413700,9031168.00
2018/07/09,5.53,5.78,5.49,5.73,541700,12180195.00
2018/07/10,5.69,5.94,5.69,5.93,784048,18253622.00
2018/07/11,5.83,5.84,5.62,5.76,630958,14377191.00
2018/07/12,5.58,5.88,5.58,5.83,888408,20404602.00
2018/07/13,5.81,5.84,5.75,5.79,515177,11890012.00
2018/07/16,5.79,5.81,5.72,5.75,249830,5715984.00
2018/07/17,5.73,5.75,5.67,5.75,222500,5055820.00
2018/07/18,5.78,5.85,5.69,5.69,335800,7698064.00
2018/07/19,5.68,5.99,5.68,5.76,810600,18702638.00
2018/07/20,5.91,6.16,5.81,6.08,1539748,36919184.00
2018/07/23,5.84,5.91,5.66,5.79,1020553,23476266.00
2018/07/24,5.73,5.83,5.71,5.81,945229,21756640.00
2018/07/25,5.77,5.85,5.76,5.83,367668,8496368.00
2018/07/26,5.83,5.86,5.77,5.79,366900,8467400.00
2018/07/27,5.76,5.81,5.71,5.75,239220,5481107.50
2018/07/30,5.78,5.80,5.68,5.73,281200,6424931.50
2018/07/31,5.71,5.88,5.71,5.74,269618,6183841.50
2018/08/01,5.72,5.77,5.39,5.44,589188,13123356.00
2018/08/02,5.42,5.46,5.16,5.23,424637,8930109.00
2018/08/03,5.21,5.30,5.08,5.21,213171,4450744.50
2018/08/06,5.21,5.26,4.96,4.98,354900,7255489.00
2018/08/07,5.06,5.13,4.92,5.09,220371,4455312.50
2018/08/08,5.15,5.15,4.98,5.03,195500,3956937.00
2018/08/09,5.06,5.23,5.03,5.17,314971,6470235.50
2018/08/10,5.17,5.32,5.12,5.21,281166,5878488.50
2018/08/13,5.14,5.20,5.09,5.19,223071,4590144.00
2018/08/14,5.16,5.20,5.13,5.17,175100,3605323.00
2018/08/15,5.16,5.18,5.00,5.01,207300,4204447.00
2018/08/16,4.99,5.04,4.95,4.97,167634,3348171.25
2018/08/17,4.99,5.04,4.77,4.83,361525,7098553.50
2018/08/20,4.82,4.85,4.33,4.77,342425,6488813.50
2018/08/21,4.77,4.85,4.69,4.81,256800,4930628.00
2018/08/22,4.77,4.82,4.64,4.71,184637,3490710.75
2018/08/23,4.71,4.76,4.68,4.71,242800,4591980.00
2018/08/24,4.66,4.76,4.65,4.71,301700,5692373.00
2018/08/27,4.71,4.84,4.70,4.80,570700,10852495.00
2018/08/28,4.77,4.82,4.71,4.81,396200,7546637.00
2018/08/29,4.80,4.89,4.77,4.87,471900,9148304.00
2018/08/30,4.87,4.90,4.72,4.77,497900,9574943.00
2018/08/31,4.72,4.77,4.66,4.68,197866,3724498.50
2018/09/03,4.68,4.68,4.57,4.65,270100,5012134.00
2018/09/04,4.68,4.79,4.65,4.76,303100,5751014.00
2018/09/05,4.72,4.80,4.66,4.74,293200,5557167.00
2018/09/06,4.72,4.75,4.67,4.67,164000,3093738.00
2018/09/07,4.74,4.77,4.49,4.72,192400,3627931.00
2018/09/10,4.55,4.69,4.55,4.56,275000,5078403.00
2018/09/11,4.56,4.68,4.56,4.61,143400,2658872.00
2018/09/12,4.66,4.73,4.62,4.70,209900,3941499.00
2018/09/13,4.73,4.73,4.65,4.70,170326,3201375.75
2018/09/14,4.70,4.73,4.65,4.71,182500,3435496.00
2018/09/17,4.66,4.73,4.62,4.65,128500,2393894.00
2018/09/18,4.61,4.68,4.57,4.66,178999,3327906.25
2018/09/19,4.66,4.72,4.61,4.69,259926,4860553.00
2018/09/20,4.70,4.71,4.61,4.63,139700,2606321.00
2018/09/21,4.68,4.68,4.62,4.67,200825,3749676.75
2018/09/25,4.62,4.67,4.61,4.66,201100,3740973.00
2018/09/26,4.69,4.77,4.66,4.76,318043,6021059.50
2018/09/27,4.97,4.97,4.72,4.74,684100,13264187.00
2018/09/28,4.74,4.80,4.62,4.77,478025,8944692.00
2018/10/08,4.77,4.77,4.55,4.58,257999,4797150.50
2018/10/09,4.62,4.63,4.48,4.51,203400,3707429.00
2018/10/10,4.48,4.57,4.48,4.54,222100,4032905.00
2018/10/11,4.43,4.43,4.07,4.11,524299,8955524.00
2018/10/12,4.06,4.14,3.94,4.10,263300,4286031.00
2018/10/15,4.09,4.16,4.07,4.08,271400,4509825.00
2018/10/16,4.08,4.10,3.96,4.00,166200,2714005.00
2018/10/17,4.06,4.08,3.98,4.08,208600,3394307.00
2018/10/18,4.02,4.09,3.99,4.02,202600,3295497.00
2018/10/19,3.88,4.14,3.86,4.14,307500,5077187.00
2018/10/22,4.18,4.39,4.08,4.35,478591,8263675.50
2018/10/23,4.35,4.61,4.25,4.35,473891,8316802.50
2018/10/24,4.27,4.35,4.27,4.29,197840,3424675.75
2018/10/25,4.21,4.24,4.13,4.21,276704,4652631.50
2018/10/26,4.21,4.28,4.17,4.23,206604,3520938.75
2018/10/29,4.23,4.23,4.11,4.16,216900,3640010.00
2018/10/30,4.16,4.22,4.10,4.18,180004,3026843.50
2018/10/31,4.19,4.29,4.19,4.26,211104,3615931.50
2018/11/01,4.26,4.40,4.26,4.28,307804,5342875.50
2018/11/02,4.38,4.45,4.30,4.44,425529,7531513.50
2018/11/05,4.48,4.54,4.36,4.43,361300,6467153.00
2018/11/06,4.43,4.43,4.34,4.42,171888,3027064.25
2018/11/07,4.42,4.53,4.35,4.44,396800,7126940.00
2018/11/08,4.43,4.51,4.40,4.43,244200,4362313.00
2018/11/09,4.41,4.47,4.38,4.44,227204,4056918.25
2018/11/12,4.37,4.55,4.37,4.55,302100,5460261.00
2018/11/13,4.52,4.67,4.48,4.63,466018,8622379.00
2018/11/14,4.68,4.78,4.59,4.66,437500,8187967.50
2018/11/15,4.79,5.15,4.79,5.15,2644546,54303004.00
2018/11/16,5.52,5.69,5.42,5.69,1564004,34942792.00
2018/11/19,6.22,6.24,5.41,5.44,5292658,121661024.00
2018/11/20,5.30,5.63,5.03,5.07,3886748,82863896.00
2018/11/21,4.90,5.00,4.79,4.93,2508059,49273680.00
2018/11/22,4.96,5.04,4.90,4.97,1671867,33252036.00
2018/11/23,4.95,4.95,4.67,4.73,1266888,24298734.00
2018/11/26,4.65,4.71,4.58,4.61,895619,16684309.00
2018/11/27,4.62,4.77,4.62,4.74,938940,17684404.00
2018/11/28,4.74,4.74,4.51,4.68,977820,18177964.00
2018/11/29,4.70,4.71,4.52,4.52,798700,14825992.00
2018/11/30,4.52,4.57,4.46,4.55,713100,12904325.00
2018/12/03,4.65,4.71,4.61,4.68,850794,15940500.00
2018/12/04,4.68,4.73,4.64,4.72,647600,12171570.00
2018/12/05,4.56,4.71,4.54,4.67,475700,8831020.00
2018/12/06,4.64,4.67,4.57,4.60,423500,7858231.00
2018/12/07,4.60,4.63,4.54,4.59,469000,8608806.00
2018/12/10,4.53,4.62,4.52,4.57,363273,6678825.00
2018/12/11,4.60,4.63,4.56,4.60,202000,3721222.00
2018/12/12,4.63,4.74,4.63,4.69,641620,12099124.00
2018/12/13,4.70,4.72,4.62,4.72,589800,11081934.00
2018/12/14,4.69,4.69,4.54,4.54,392730,7281858.50
2018/12/17,4.49,4.54,4.38,4.54,385903,6909236.50
2018/12/18,4.51,4.54,4.44,4.50,242903,4373233.00
2018/12/19,4.54,4.57,4.41,4.42,232300,4154190.00
2018/12/20,4.42,4.53,4.36,4.52,285000,5096144.00
2018/12/21,4.43,4.52,4.43,4.48,197600,3555110.00
2018/12/24,4.49,4.56,4.48,4.53,308800,5615274.00
2018/12/25,4.54,4.57,4.38,4.52,364800,6535729.00
2018/12/26,4.50,4.55,4.49,4.50,239500,4337048.00
2018/12/27,4.54,4.57,4.43,4.43,315200,5713320.00
2018/12/28,4.50,4.52,4.43,4.44,149200,2673136.00
2019/01/02,4.42,4.51,4.42,4.48,109400,1966161.00
2019/01/03,4.43,4.54,4.43,4.50,185300,3348739.00
2019/01/04,4.50,4.61,4.38,4.60,875200,15926348.00
2019/01/07,4.61,4.62,4.53,4.62,685100,12601075.00
2019/01/08,4.59,4.64,4.53,4.56,508332,9305718.00
2019/01/09,4.55,4.63,4.55,4.57,427040,7877298.00
2019/01/10,4.56,4.62,4.56,4.60,567720,10479220.00
2019/01/11,4.61,4.67,4.57,4.66,382716,7098581.00
2019/01/14,4.64,4.73,4.59,4.63,310300,5793741.00
2019/01/15,4.63,4.68,4.59,4.66,360400,6700259.00
2019/01/16,4.65,4.69,4.65,4.67,296400,5543900.00
2019/01/17,4.65,4.66,4.56,4.61,464800,8577930.00
2019/01/18,4.59,4.65,4.58,4.63,313160,5809087.00
2019/01/21,4.61,4.68,4.61,4.63,264000,4911171.00
2019/01/22,4.64,4.67,4.55,4.59,323332,5975327.00
2019/01/23,4.63,4.63,4.53,4.57,370100,6780639.00
2019/01/24,4.57,4.60,4.52,4.57,193000,3540392.00
2019/01/25,4.57,4.57,4.42,4.42,413384,7469964.00
2019/01/28,4.42,4.51,4.42,4.45,314700,5643984.00
2019/01/29,4.44,4.46,4.26,4.30,274400,4772754.00
2019/01/30,4.27,4.75,4.24,4.35,685300,12237724.00
2019/01/31,4.33,4.43,4.15,4.18,503900,8651561.00
2019/02/01,4.18,4.29,4.18,4.29,247416,4232759.50
2019/02/11,4.29,4.38,4.26,4.38,258500,4516057.00
2019/02/12,4.36,4.54,4.36,4.48,416561,7508417.50
2019/02/13,4.48,4.55,4.46,4.52,322361,5839981.50
2019/02/14,4.52,4.57,4.46,4.54,239800,4361703.00
2019/02/15,4.47,4.57,4.47,4.51,276062,5021111.00
2019/02/18,4.54,4.65,4.54,4.63,491400,9079051.00
2019/02/19,4.72,4.72,4.59,4.63,506500,9437705.00
2019/02/20,4.65,4.66,4.59,4.63,445920,8278767.50
2019/02/21,4.63,4.72,4.60,4.62,634120,11835890.00
2019/02/22,4.61,4.72,4.59,4.68,600050,11185798.00
2019/02/25,4.73,4.86,4.68,4.86,1165523,22359228.00
2019/02/26,4.86,4.95,4.77,4.83,1592797,31036926.00
2019/02/27,4.82,4.86,4.69,4.74,1269820,24325566.00
2019/02/28,4.74,4.85,4.71,4.84,1086850,20921376.00
2019/03/01,4.86,4.91,4.77,4.82,763420,14731081.00
2019/03/04,4.84,4.94,4.82,4.84,1007000,19711548.00
2019/03/05,4.84,4.95,4.84,4.94,712050,13956696.00
2019/03/06,4.95,5.09,4.94,5.09,1153759,23105554.00
2019/03/07,5.04,5.18,4.98,5.15,1131400,22986476.00
2019/03/08,5.01,5.09,4.79,4.79,1322088,26173834.00
2019/03/11,4.85,5.02,4.82,5.02,1072800,21085414.00
2019/03/12,5.02,5.18,5.01,5.13,1275050,25971814.00
2019/03/13,5.11,5.12,4.90,5.00,1086759,21818010.00
2019/03/14,4.99,5.02,4.82,4.84,872240,17039596.00
2019/03/15,4.86,5.15,4.86,5.09,1312849,26245692.00
2019/03/18,5.09,5.61,4.96,5.61,1714817,35653424.00
2019/03/19,5.47,5.65,5.32,5.35,3108205,67293176.00
2019/03/20,5.42,5.42,5.13,5.30,1664341,34951560.00
2019/03/21,5.29,5.29,5.21,5.23,1170247,24499788.00
2019/03/22,5.21,5.34,5.19,5.29,1051750,22098248.00
2019/03/25,5.26,5.26,5.13,5.21,823344,17151944.00
2019/03/26,5.22,5.25,5.00,5.02,1082400,22171400.00
2019/03/27,5.07,5.12,5.00,5.12,665300,13470847.00
2019/03/28,5.10,5.21,5.05,5.07,608900,12448749.00
2019/03/29,5.08,5.23,5.01,5.20,845679,17314846.00
2019/04/01,5.23,5.34,5.21,5.32,857394,18114334.00
2019/04/02,5.33,5.37,5.28,5.30,848300,18006334.00
2019/04/03,5.31,5.40,5.27,5.38,830530,17772778.00
2019/04/04,5.41,5.49,5.33,5.48,958282,20667092.00
2019/04/08,5.76,5.76,5.32,5.44,1120200,24449316.00
2019/04/09,5.37,5.47,5.34,5.43,816738,17534482.00
2019/04/10,5.39,5.53,5.31,5.47,1254938,27071270.00
2019/04/11,5.46,5.57,5.38,5.40,1090203,23736048.00
2019/04/12,5.37,5.46,5.27,5.34,635967,13606925.00
2019/04/15,5.39,5.44,5.21,5.21,675700,14375958.00
2019/04/16,5.25,5.36,5.13,5.35,742600,15577333.00
2019/04/17,5.38,5.41,5.34,5.38,677800,14519341.00
2019/04/18,5.32,5.44,5.29,5.37,834300,17847172.00
2019/04/19,5.42,5.44,5.26,5.44,726100,15567139.00
2019/04/22,5.44,5.48,5.32,5.34,761647,16421122.00
2019/04/23,5.35,5.38,5.16,5.21,635300,13382636.00
2019/04/24,5.18,5.26,5.11,5.24,708600,14721143.00
2019/04/25,5.24,5.37,5.03,5.04,949100,19877028.00
2019/04/26,5.04,5.09,4.78,4.84,772700,15220189.00
2019/04/29,4.85,4.90,4.65,4.71,746000,14267406.00
2019/04/30,4.69,4.80,4.66,4.73,514900,9816167.00
2019/05/06,4.57,4.64,4.30,4.30,920900,16438100.00
2019/05/07,4.37,4.55,4.32,4.49,861305,15501656.00
2019/05/08,4.48,4.58,4.44,4.46,638800,11539872.00
2019/05/09,4.46,4.55,4.46,4.52,415400,7535602.00
2019/05/10,4.52,4.74,4.52,4.69,572100,10617618.00
2019/05/13,4.66,4.68,4.55,4.60,448486,8297599.50
2019/05/14,4.57,4.65,4.52,4.56,441900,8101171.00
2019/05/15,4.60,4.66,4.56,4.62,368200,6818536.00
2019/05/16,4.64,4.68,4.60,4.65,397605,7406291.50
2019/05/17,4.66,4.74,4.61,4.69,1026471,19292012.00
2019/05/20,4.64,4.64,4.48,4.59,776330,14154107.00
2019/05/21,4.60,4.86,4.56,4.80,771496,14642188.00
2019/05/22,4.83,4.94,4.74,4.85,787500,15168676.00
2019/05/23,4.79,4.82,4.73,4.81,535100,10241018.00
2019/05/24,4.78,4.91,4.77,4.82,678200,13099843.00
2019/05/27,4.81,5.23,4.79,5.00,2277287,46349536.00
2019/05/28,5.00,5.11,4.87,4.91,1237301,24536796.00
2019/05/29,4.87,4.95,4.80,4.85,1248418,24235584.00
2019/05/30,4.84,4.86,4.75,4.85,790580,15165932.00
2019/05/31,4.85,4.90,4.80,4.85,620098,12036329.00
2019/06/03,4.77,4.81,4.60,4.72,953300,17968568.00
2019/06/04,4.69,4.74,4.57,4.61,640675,11893807.00
2019/06/05,4.68,4.75,4.61,4.73,590600,11127517.00
2019/06/06,4.75,4.77,4.68,4.74,554880,10519038.00
2019/06/10,4.80,4.81,4.69,4.81,567455,10865104.00
2019/06/11,4.75,4.95,4.66,4.94,854102,16467790.00
2019/06/12,4.94,4.98,4.89,4.93,517800,10195727.00
2019/06/13,4.96,5.07,4.84,4.99,758978,15040912.00
2019/06/14,4.99,5.02,4.90,4.96,670480,13316632.00
2019/06/17,4.90,4.98,4.84,4.95,586800,11613473.00
2019/06/18,4.95,5.02,4.91,4.95,304200,6013451.00
2019/06/19,4.98,5.09,4.95,4.95,394500,7885167.00
2019/06/20,4.93,5.00,4.93,4.97,536900,10663458.00
2019/06/21,5.23,5.26,5.10,5.13,1131363,23299124.00
2019/06/24,5.09,5.14,5.03,5.05,644100,13063821.00
2019/06/25,5.05,5.07,4.85,5.05,501800,10014610.00
2019/06/26,4.99,5.58,4.97,5.58,2153498,46210212.00
2019/06/27,6.15,6.16,6.15,6.16,3039977,74273096.00
2019/06/28,6.53,6.74,5.55,5.99,9162943,219665424.00
2019/07/01,5.62,5.79,5.59,5.70,5906700,133163280.00
2019/07/02,5.53,5.62,5.36,5.37,4174312,90586376.00
2019/07/03,5.31,5.37,5.20,5.24,1784712,37498492.00
2019/07/04,5.26,5.27,5.08,5.13,1780622,36579956.00
2019/07/05,5.13,5.18,5.08,5.14,1262900,25918688.00
2019/07/08,5.15,5.17,4.90,4.92,1584688,31723610.00
2019/07/09,4.93,4.98,4.90,4.95,621905,12286942.00
2019/07/10,4.96,5.02,4.91,4.96,902000,17925978.00
2019/07/11,4.97,5.03,4.93,5.00,798900,15952798.00
2019/07/12,5.28,5.30,5.11,5.13,1639800,33959064.00
2019/07/15,5.04,5.24,5.04,5.20,1150500,23757808.00
2019/07/16,5.17,5.23,5.15,5.18,713800,14775296.00
2019/07/17,5.22,5.23,5.17,5.19,727800,15066963.00
2019/07/18,5.15,5.18,5.01,5.04,838600,16975534.00
2019/07/19,5.02,5.11,5.02,5.06,676600,13678079.00
2019/07/22,5.09,5.09,4.88,4.91,743900,14676532.00
2019/07/23,4.92,5.00,4.92,4.99,526524,10457253.00
2019/07/24,5.01,5.09,4.99,5.03,633900,12767039.00
2019/07/25,5.07,5.11,5.03,5.10,736000,14922730.00
2019/07/26,5.10,5.12,5.04,5.09,495200,10048824.00
2019/07/29,5.09,5.17,5.08,5.12,567700,11571793.00
2019/07/30,5.13,5.23,5.08,5.17,843300,17396260.00
2019/07/31,5.18,5.20,5.10,5.14,628400,12895328.00
2019/08/01,5.17,5.20,5.10,5.18,621800,12804790.00
2019/08/02,5.12,5.16,5.05,5.12,619900,12620650.00
2019/08/05,5.10,5.16,5.09,5.09,573000,11695606.00
2019/08/06,5.04,5.04,4.87,4.98,1050600,20800396.00
2019/08/07,5.01,5.06,4.98,4.99,376500,7526591.00
2019/08/08,5.01,5.04,4.93,4.94,512395,10171937.00
2019/08/09,4.98,5.01,4.87,4.87,742700,14643383.00
2019/08/12,4.88,4.91,4.80,4.90,562000,10886117.00
2019/08/13,4.89,4.89,4.81,4.86,411300,7951673.00
2019/08/14,4.91,4.94,4.88,4.92,439200,8621337.00
2019/08/15,4.86,5.02,4.79,5.02,729500,14378005.00
2019/08/16,5.20,5.50,5.13,5.31,3243382,68674544.00
2019/08/19,5.25,5.44,5.24,5.44,2585517,55088188.00
2019/08/20,5.43,5.45,5.35,5.35,1528100,32695702.00
2019/08/21,5.35,5.40,5.33,5.36,1138017,24288840.00
2019/08/22,5.36,5.63,5.35,5.43,1313517,28529160.00
2019/08/23,5.46,5.49,5.39,5.45,1320386,28626136.00
2019/08/26,5.36,5.55,5.35,5.49,1507200,32840414.00
2019/08/27,5.53,5.66,5.51,5.66,2176900,48384620.00
2019/08/28,5.66,5.69,5.51,5.60,1551765,34378068.00
2019/08/29,5.56,5.61,5.48,5.49,1220100,26762018.00
2019/08/30,5.48,5.57,5.30,5.34,1170850,25392300.00
2019/09/02,5.45,5.55,5.35,5.55,1257600,27580916.00
2019/09/03,5.57,5.58,5.49,5.55,779600,17129064.00
2019/09/04,5.55,5.55,5.46,5.53,771200,16870044.00
2019/09/05,5.55,5.57,5.50,5.52,1416965,31205030.00
2019/09/06,5.54,5.61,5.53,5.59,1199100,26536412.00
2019/09/09,5.60,5.65,5.56,5.63,1371100,30546626.00
2019/09/10,5.66,5.95,5.62,5.82,2404432,55299920.00
2019/09/11,5.83,5.91,5.73,5.82,1650188,38132424.00
2019/09/12,5.81,5.99,5.77,5.92,1586844,37209100.00
2019/09/16,6.00,6.05,5.90,5.94,1284600,30349694.00
2019/09/17,5.93,5.97,5.79,5.81,1243200,28892858.00
2019/09/18,5.87,5.90,5.78,5.80,716265,16562988.00
2019/09/19,5.87,5.89,5.80,5.86,1074400,24936632.00
2019/09/20,5.87,5.93,5.82,5.84,923750,21520092.00
2019/09/23,5.85,5.85,5.73,5.79,812486,18627756.00
2019/09/24,5.79,5.89,5.76,5.79,963200,22248684.00
2019/09/25,5.75,5.78,5.59,5.66,1135000,25588668.00
2019/09/26,5.62,5.73,5.36,5.40,1031400,22684448.00
2019/09/27,5.44,5.52,5.40,5.48,624000,13585321.00
2019/09/30,5.51,5.54,5.43,5.44,577400,12577241.00
2019/10/08,5.44,5.63,5.40,5.56,806600,17787904.00
2019/10/09,5.58,5.65,5.47,5.63,507300,11269291.00
2019/10/10,5.63,5.81,5.63,5.76,1044900,23897066.00
2019/10/11,5.75,5.85,5.75,5.77,796645,18324930.00
2019/10/14,5.84,5.95,5.81,5.88,777600,18150738.00
2019/10/15,5.89,5.96,5.84,5.96,921244,21570780.00
2019/10/16,5.96,5.96,5.81,5.84,1004933,23454920.00
2019/10/17,5.89,5.96,5.83,5.84,614583,14341093.00
2019/10/18,5.82,5.89,5.67,5.78,1028250,23612596.00
2019/10/21,5.82,5.82,5.59,5.69,775717,17520344.00
2019/10/22,5.71,5.75,5.63,5.70,671168,15136876.00
2019/10/23,5.72,5.90,5.65,5.81,1055366,24351508.00
2019/10/24,5.81,5.84,5.67,5.72,676000,15463012.00
2019/10/25,5.79,5.81,5.72,5.74,795742,18209018.00
2019/10/28,5.75,5.89,5.75,5.85,565507,13104065.00
2019/10/29,5.85,5.85,5.65,5.65,1240600,28192464.00
2019/10/30,5.58,5.67,5.54,5.60,614300,13675753.00
2019/10/31,5.60,5.66,5.48,5.54,747600,16495105.00
2019/11/01,5.56,5.56,5.43,5.56,967400,21123812.00
2019/11/04,5.57,5.65,5.50,5.64,816400,18209096.00
2019/11/05,5.66,5.66,5.59,5.64,645600,14440040.00
2019/11/06,5.61,5.65,5.47,5.52,769700,17070900.00
2019/11/07,5.48,5.62,5.46,5.50,907300,19932052.00
2019/11/08,5.52,5.58,5.40,5.43,780700,17072500.00
2019/11/11,5.44,5.45,5.17,5.21,1024100,21454742.00
2019/11/12,5.21,5.24,5.13,5.20,664600,13760434.00
2019/11/13,5.18,5.23,5.09,5.14,510444,10506146.00
2019/11/14,5.14,5.22,5.10,5.21,440300,9100153.00
2019/11/15,5.22,5.30,5.16,5.16,651300,13572943.00
2019/11/18,5.20,5.26,5.17,5.23,439500,9149461.00
2019/11/19,5.19,5.36,5.19,5.35,504700,10669424.00
2019/11/20,5.37,5.37,5.29,5.34,541500,11483226.00
2019/11/21,5.34,5.37,5.30,5.35,396500,8425678.00
2019/11/22,5.33,5.39,5.19,5.35,814500,17284280.00
2019/11/25,5.42,5.48,5.28,5.35,1036900,22118224.00
2019/11/26,5.35,5.46,5.30,5.42,1187900,25509764.00
2019/11/27,5.46,5.68,5.38,5.61,2350700,51942120.00
2019/11/28,5.71,6.15,5.59,5.91,4475267,104707272.00
2019/11/29,5.91,6.20,5.86,6.17,3858462,93112040.00
2019/12/02,6.16,6.80,6.07,6.78,4099445,104687640.00
2019/12/03,6.58,6.70,6.43,6.58,2284712,59358768.00
2019/12/04,6.63,6.93,6.58,6.81,2017300,53984388.00
2019/12/05,6.81,6.88,6.71,6.81,1723297,46308824.00
2019/12/06,6.91,7.50,6.90,7.40,3333840,95089688.00
2019/12/09,7.36,7.39,7.02,7.19,2492300,70509600.00
2019/12/10,7.18,7.27,7.06,7.24,1124140,31796850.00
2019/12/11,7.23,7.25,7.00,7.06,1736216,48580436.00
2019/12/12,7.16,7.16,6.92,7.07,2020671,55925916.00
2019/12/13,7.04,7.17,6.90,6.98,1294125,35762012.00
2019/12/16,7.04,7.14,6.91,7.08,1403462,38841788.00
2019/12/17,7.09,7.22,6.99,7.04,1375883,38646780.00
2019/12/18,7.07,7.16,6.99,7.08,1153189,32235270.00
2019/12/19,7.05,7.43,7.02,7.27,1744300,49981668.00
2019/12/20,7.20,7.38,6.67,6.89,2033600,55877900.00
2019/12/23,6.87,7.03,6.84,6.85,912900,24943180.00
2019/12/24,6.94,6.96,6.76,6.88,742282,20100994.00
2019/12/25,6.81,6.93,6.74,6.89,659200,17856030.00
2019/12/26,6.88,7.20,6.81,7.04,899099,24863394.00
2019/12/27,7.09,7.14,6.94,7.06,747500,20772938.00
2019/12/30,7.05,7.14,6.65,7.09,893500,24559940.00
2019/12/31,7.07,7.55,7.03,7.53,1641200,47857756.00
2020/01/02,7.45,7.48,7.22,7.29,1963584,56662404.00
2020/01/03,7.25,7.25,7.04,7.12,1808801,50806308.00
2020/01/06,7.12,7.19,6.90,6.99,1251400,34771696.00
2020/01/07,7.05,7.29,7.02,7.09,1328545,37403660.00
2020/01/08,7.09,7.14,6.93,6.95,668280,18545262.00
2020/01/09,7.02,7.15,6.97,7.02,1033363,28746228.00
2020/01/10,7.12,7.33,7.06,7.24,1135700,32309426.00
2020/01/13,7.21,7.53,7.21,7.52,1195600,34836352.00
2020/01/14,7.58,7.73,7.46,7.47,736200,21843530.00
2020/01/15,7.43,7.70,7.41,7.53,988600,29392310.00
2020/01/16,7.53,7.66,7.38,7.51,847800,25054802.00
2020/01/17,7.40,7.51,7.38,7.41,639800,18746816.00
2020/01/20,7.48,7.78,7.41,7.77,1387600,41724336.00
2020/01/21,7.62,7.73,7.28,7.28,2049600,60281020.00
2020/01/22,7.43,7.53,7.23,7.23,1833200,53375228.00
2020/01/23,7.24,7.37,6.90,7.14,1297849,36715280.00
2020/02/03,6.40,6.93,6.40,6.84,1635900,43376376.00
2020/02/04,6.84,7.54,6.84,7.54,1883991,54338424.00
2020/02/05,7.67,8.02,7.47,7.96,2670832,81461576.00
2020/02/06,8.10,8.44,7.83,8.42,2976742,96117544.00
2020/02/07,8.40,8.54,7.99,8.27,2343607,76360072.00
2020/02/10,8.28,8.46,7.96,8.32,2044526,66283004.00
2020/02/11,8.16,8.29,8.01,8.25,1316145,42143724.00
2020/02/12,8.25,8.31,8.06,8.18,1176648,37860236.00
2020/02/13,8.11,8.33,8.11,8.22,1039310,33527948.00
2020/02/14,8.27,9.06,8.19,9.06,3026953,105319352.00
2020/02/17,8.14,8.65,8.14,8.63,6488142,212914272.00
2020/02/18,8.32,8.32,7.97,8.10,3342448,107042688.00
2020/02/19,7.99,8.10,7.89,7.98,1369974,43013908.00
2020/02/20,7.96,8.23,7.90,8.17,1422043,45414608.00
2020/02/21,8.11,8.15,7.96,8.00,1198585,37835020.00
2020/02/24,7.97,8.14,7.83,8.11,1251545,39113332.00
2020/02/25,7.98,8.19,7.89,8.12,1140067,36139704.00
2020/02/26,8.09,8.17,7.96,7.98,860502,27270632.00
2020/02/27,7.98,8.05,7.85,7.90,519100,16181684.00
2020/02/28,7.74,7.85,7.43,7.43,989000,29526678.00
2020/03/02,7.36,7.74,7.28,7.74,688700,20486476.00
2020/03/03,7.75,7.97,7.74,7.80,666766,20592042.00
2020/03/04,7.67,7.94,7.67,7.93,590800,18219316.00
2020/03/05,7.96,8.29,7.90,8.29,1402217,45190724.00
2020/03/06,8.16,8.42,7.98,7.98,1294783,41570156.00
2020/03/09,8.80,8.80,8.31,8.39,5723938,193508016.00
2020/03/10,8.27,9.24,8.27,9.17,4422802,153758736.00
2020/03/11,8.97,9.39,8.77,8.95,3824205,136180448.00
2020/03/12,8.88,9.23,8.85,8.93,2810900,99544560.00
2020/03/13,8.52,9.13,8.43,8.98,2559229,89116544.00
2020/03/16,9.09,9.31,8.66,8.84,2659695,93916232.00
2020/03/17,8.92,8.98,8.14,8.66,2334183,78185032.00
2020/03/18,8.72,8.99,8.29,8.29,1843517,62583156.00
2020/03/19,8.21,8.39,7.79,7.90,3552500,111682040.00
2020/03/20,8.01,8.71,8.01,8.71,3573900,118355040.00
2020/03/23,8.46,9.31,8.45,8.80,4290816,149323616.00
2020/03/24,8.95,9.05,8.18,8.52,2779500,93694104.00
2020/03/25,8.65,9.39,8.62,9.39,4180266,150070128.00
2020/03/26,9.55,9.65,9.08,9.33,3921600,143517664.00
2020/03/27,9.43,10.24,9.18,9.74,4730100,179784544.00
2020/03/30,9.69,10.27,9.60,10.04,4048900,157086560.00
2020/03/31,9.90,10.04,9.71,9.93,2991407,115216776.00
2020/04/01,9.83,9.88,9.36,9.45,2699064,101065592.00
2020/04/02,9.42,10.09,9.27,9.95,3789000,144198208.00
2020/04/03,9.81,10.61,9.72,10.39,4257700,168806528.00
2020/04/07,10.48,11.45,10.17,11.45,4509000,190044432.00
2020/04/08,11.58,12.40,10.72,11.20,7086743,322431456.00
2020/04/09,10.92,11.74,10.62,11.46,5676657,248304400.00
2020/04/10,12.02,12.02,11.30,11.63,6021293,275011520.00
2020/04/13,11.63,11.99,11.02,11.30,3938537,177965792.00
2020/04/14,11.30,11.74,10.78,11.44,4335126,190888432.00
2020/04/15,11.32,11.98,11.29,11.88,5995682,273137856.00
2020/04/16,11.73,11.86,11.28,11.37,4609300,206343664.00
2020/04/17,11.46,11.67,10.75,11.06,6269000,169435312.00
2020/04/20,10.78,11.34,10.78,11.09,4720460,127159888.00
2020/04/21,10.99,11.60,10.80,11.34,4836540,132513496.00
2020/04/22,11.16,11.57,10.88,11.47,4441880,121660920.00
2020/04/23,11.50,12.08,11.36,11.47,5454531,155550112.00
2020/04/24,11.30,11.47,10.51,10.74,4756293,127713408.00
2020/04/27,10.75,10.96,10.24,10.50,3207044,82199960.00
2020/04/28,9.63,10.17,9.63,9.99,6676838,161252192.00
2020/04/29,9.89,10.30,9.79,9.90,2741900,66983876.00
2020/04/30,10.05,10.05,9.64,9.68,2871840,68263040.00
2020/05/06,9.63,10.12,9.46,10.10,3073080,74443056.00
2020/05/07,10.15,10.42,10.07,10.24,2446700,60986880.00
2020/05/08,10.23,10.40,10.12,10.22,2132820,53198640.00
2020/05/11,10.26,10.40,9.99,10.15,1592180,39418260.00
2020/05/12,10.14,10.33,10.02,10.26,1741640,43274496.00
2020/05/13,10.26,11.11,10.16,11.11,4535843,118987176.00
2020/05/14,10.88,11.41,10.88,11.07,3440666,93654072.00
2020/05/15,11.21,11.95,11.05,11.66,4284969,120277440.00
2020/05/18,11.85,12.21,11.55,12.01,3797580,109869880.00
2020/05/19,12.01,12.01,11.62,11.76,2724445,77978640.00
2020/05/20,11.67,12.13,11.49,11.65,2450005,70376424.00
2020/05/21,11.51,12.24,11.51,11.82,3618400,104709920.00
2020/05/22,11.88,12.01,11.46,11.58,2316000,66316084.00
2020/05/25,11.74,12.40,11.61,12.31,4452830,131760584.00
2020/05/26,12.45,12.63,12.14,12.34,3104520,93147824.00
2020/05/27,12.34,12.66,11.76,11.98,2958020,87310104.00
2020/05/28,12.08,12.42,11.69,12.04,2875021,84430488.00
2020/05/29,11.91,12.26,11.71,12.22,3362889,97755552.00
2020/06/01,12.21,12.24,11.84,11.95,3956616,115342584.00
2020/06/02,11.90,12.04,11.51,11.64,2951911,84126408.00
2020/06/03,11.76,12.76,11.70,12.39,4868452,145638960.00
2020/06/04,12.42,12.42,11.94,11.99,3634160,107060160.00
2020/06/05,11.93,13.16,11.93,13.10,4623765,141875600.00
2020/06/08,13.22,14.11,12.81,14.00,4479205,148943920.00
2020/06/09,14.05,14.78,13.81,14.76,4198458,144493968.00
2020/06/10,14.78,15.25,14.55,14.88,4001711,144343472.00
2020/06/11,14.65,14.92,14.38,14.53,3063717,108749352.00
2020/06/12,14.38,15.86,14.09,15.38,4235471,154943696.00
2020/06/15,15.34,16.00,15.12,15.72,3134971,118649304.00
2020/06/16,15.75,16.61,15.42,16.58,3048320,119396128.00
2020/06/17,16.45,17.83,15.89,16.04,4825220,194574736.00
2020/06/18,16.40,16.42,14.98,15.04,5664788,211555328.00
2020/06/19,15.26,16.50,15.05,15.90,4658461,179939696.00
2020/06/22,15.93,16.30,15.51,15.65,2830060,108122264.00
2020/06/23,15.72,17.15,15.59,17.14,4130200,164039376.00
2020/06/24,17.03,17.34,16.37,16.40,3214528,130257440.00
2020/06/29,16.81,16.91,16.34,16.53,2146560,86282712.00
2020/06/30,16.87,16.91,16.43,16.52,2255032,90361872.00
2020/07/01,16.53,17.13,15.88,16.66,4204120,167628816.00
2020/07/02,16.72,16.91,16.34,16.48,2149620,86342104.00
2020/07/03,16.25,16.71,16.24,16.34,2392580,95347256.00
2020/07/06,16.26,16.50,15.99,16.05,3366240,131469160.00
2020/07/07,16.08,16.70,15.84,16.31,3284680,129873064.00
2020/07/08,16.09,16.65,15.99,16.41,2532520,100271736.00
2020/07/09,16.37,17.62,16.26,17.21,3470104,142994464.00
2020/07/10,17.24,17.75,16.64,16.71,3009780,124484576.00
2020/07/13,16.71,17.62,16.62,17.62,2891417,120705072.00
2020/07/14,17.79,17.92,16.40,17.21,4115485,171046816.00
2020/07/15,17.34,17.66,16.71,17.00,3130840,130202216.00
2020/07/16,17.31,17.31,15.46,15.46,3609420,141541504.00
2020/07/17,15.61,16.26,15.23,15.76,2355918,90265424.00
2020/07/20,15.88,16.34,15.48,15.67,2566585,98414184.00
2020/07/21,15.76,16.01,15.37,15.87,1941818,74248768.00
2020/07/22,15.76,16.14,15.64,15.88,2774610,106703552.00
2020/07/23,15.75,16.41,15.62,15.94,2579404,99876512.00
2020/07/24,15.91,16.17,14.76,14.76,2969780,110643568.00
2020/07/27,14.70,15.49,14.58,14.84,2492818,90773704.00
2020/07/28,14.84,15.06,14.71,14.86,1961462,70653232.00
2020/07/29,15.07,15.34,14.86,15.08,2331839,85226952.00
2020/07/30,15.10,15.32,14.68,14.71,2229901,80703688.00
2020/07/31,14.85,15.66,14.74,14.90,3169968,116268776.00
2020/08/03,15.06,15.30,14.80,15.30,2059440,75778200.00
2020/08/04,15.52,15.53,14.88,14.95,1846480,67347072.00
2020/08/05,14.84,15.11,14.66,15.09,1751620,63261656.00
2020/08/06,15.12,15.21,14.70,14.82,2000480,72166880.00
2020/08/07,14.70,14.92,14.00,14.50,2091770,73115736.00
2020/08/10,14.45,14.61,14.00,14.43,1019820,35578548.00
2020/08/11,14.51,14.53,13.70,13.91,2723740,93013224.00
2020/08/12,13.91,13.96,12.89,13.24,2636857,85164768.00
2020/08/13,13.27,13.77,13.07,13.19,1606326,51945124.00
2020/08/14,13.19,13.63,13.08,13.63,1830860,59303016.00
2020/08/17,13.67,13.67,13.20,13.57,1521200,49647680.00
2020/08/18,13.57,13.79,13.45,13.64,1290340,42634096.00
2020/08/19,13.64,13.65,13.09,13.09,1823346,58743852.00
2020/08/20,13.16,13.42,12.98,13.11,1543060,49504764.00
2020/08/21,13.11,13.50,13.11,13.29,1301340,42214396.00
2020/08/24,13.29,13.59,12.89,13.40,1369340,44098872.00
2020/08/25,13.54,14.09,13.28,13.79,2225100,74169360.00
2020/08/26,13.79,14.58,13.62,13.96,3200726,109801672.00
2020/08/27,14.13,14.21,13.01,13.56,2941240,96009256.00
2020/08/28,13.56,14.20,13.48,13.83,3340765,112591824.00
2020/08/31,14.01,15.15,14.01,14.65,4525026,161628112.00
2020/09/01,14.63,15.12,14.42,15.07,3900477,140838512.00
2020/09/02,15.08,15.87,14.91,15.56,3257646,122953848.00
2020/09/03,15.59,15.76,15.17,15.48,1640368,61323580.00
2020/09/04,15.09,15.36,14.70,15.22,2626360,95286176.00
2020/09/07,15.26,15.86,15.13,15.19,2656518,99881784.00
2020/09/08,15.69,15.69,14.69,14.78,1741740,63023248.00
2020/09/09,14.84,15.11,14.06,14.58,2263705,79951768.00
2020/09/10,14.75,14.78,13.85,13.93,1667980,57563152.00
2020/09/11,14.01,14.21,13.59,13.88,1381202,46696264.00
2020/09/14,14.12,14.21,13.69,13.85,1098240,37152876.00
2020/09/15,13.85,14.03,13.59,13.82,1348245,45125076.00
2020/09/16,13.72,14.07,13.47,13.65,1223920,40677728.00
2020/09/17,13.81,13.83,13.45,13.55,1317560,43484284.00
2020/09/18,13.51,13.66,13.38,13.59,1348791,44297860.00
2020/09/21,13.49,14.21,13.49,13.92,2113920,70969832.00
2020/09/22,13.90,14.57,13.86,14.28,2536180,87893424.00
2020/09/23,14.22,14.78,14.13,14.55,2136320,75002264.00
2020/09/24,14.52,14.69,14.03,14.08,913640,31756884.00
2020/09/25,14.34,14.42,14.03,14.26,926700,32010214.00
2020/09/28,14.26,14.26,13.66,13.69,934900,31563802.00
2020/09/29,13.92,13.99,13.63,13.69,892220,29864896.00
2020/09/30,13.80,13.94,13.51,13.61,954640,31536956.00
2020/10/09,13.96,14.21,13.61,14.08,1144418,38768200.00
2020/10/12,14.09,14.39,14.03,14.37,1222580,42188144.00
2020/10/13,14.39,14.63,14.22,14.36,1015240,35397712.00
2020/10/14,14.36,14.45,14.09,14.22,884300,30552776.00
2020/10/15,14.32,14.32,14.01,14.11,558420,19120476.00
2020/10/16,14.12,14.62,14.04,14.37,1626060,56419952.00
2020/10/19,14.37,15.05,14.25,14.62,2373700,84410456.00
2020/10/20,14.71,15.21,14.46,15.08,2618464,95160472.00
2020/10/21,15.09,15.33,14.80,14.88,1202980,43708148.00
2020/10/22,15.21,15.29,14.50,14.88,2177580,78157368.00
2020/10/23,14.75,15.04,14.75,14.92,1695021,61294920.00
2020/10/26,14.44,14.63,14.01,14.38,1514598,52788364.00
2020/10/27,13.88,13.92,13.07,13.14,5206045,168542704.00
2020/10/28,13.17,13.17,12.21,12.84,3587280,110369368.00
2020/10/29,12.78,13.17,12.52,12.92,2480200,77488016.00
2020/10/30,12.96,13.01,11.81,11.82,4515040,132673712.00
2020/11/02,11.87,12.42,11.54,12.31,1954012,57473952.00
2020/11/03,12.31,12.81,12.29,12.72,1470480,45083976.00
2020/11/04,12.72,12.96,12.46,12.90,1108480,34363544.00
2020/11/05,12.91,13.07,12.64,12.68,824160,25607872.00
2020/11/06,12.55,12.63,12.16,12.45,1155523,34716892.00
2020/11/09,12.54,12.96,12.19,12.81,1616140,49728424.00
2020/11/10,12.94,13.14,12.63,12.66,787260,24564756.00
2020/11/11,12.64,12.76,12.32,12.66,640560,19545830.00
2020/11/12,12.59,12.82,12.35,12.44,541080,16388077.00
2020/11/13,12.48,12.54,12.18,12.42,464420,13937524.00
2020/11/16,12.42,12.53,12.11,12.40,899344,26998132.00
2020/11/17,12.39,12.39,11.71,12.00,1300540,37868852.00
2020/11/18,12.18,12.18,11.71,11.95,532520,15449290.00
2020/11/19,12.06,12.06,11.55,11.73,1067840,30507388.00
2020/11/20,11.75,12.21,11.71,11.95,695640,20226728.00
2020/11/23,12.02,12.11,11.58,11.64,1462354,41743612.00
2020/11/24,11.63,11.63,11.21,11.31,1175412,32458334.00
2020/11/25,11.31,11.34,10.88,10.90,1266720,33861076.00
2020/11/26,10.90,11.09,10.72,10.83,934420,24740602.00
2020/11/27,10.87,11.07,10.72,11.06,712849,18970824.00
2020/11/30,11.01,11.07,10.50,10.92,1612800,42410808.00
2020/12/01,10.88,11.50,10.84,11.28,1227160,33548590.00
2020/12/02,11.30,11.41,11.06,11.09,1090980,29781988.00
2020/12/03,11.13,11.44,11.11,11.36,1553371,42868836.00
2020/12/04,11.45,11.56,11.32,11.45,1170851,32604884.00
2020/12/07,11.51,11.53,11.17,11.21,925760,25505400.00
2020/12/08,11.36,11.36,11.04,11.04,846800,22941692.00
2020/12/09,11.04,11.06,10.68,10.70,930800,24441836.00
2020/12/10,10.68,11.30,10.54,11.05,1297106,34653972.00
2020/12/11,11.13,11.13,10.59,10.71,1337380,34997736.00
2020/12/14,10.72,10.76,10.39,10.49,1245200,31906688.00
2020/12/15,10.59,10.88,10.03,10.51,1951360,49539996.00
2020/12/16,10.59,10.87,10.43,10.51,922460,23768256.00
2020/12/17,10.41,10.64,10.39,10.48,686060,17549026.00
2020/12/18,10.42,10.46,10.09,10.13,852220,21177742.00
2020/12/21,10.05,10.32,9.81,10.23,1143080,28152356.00
2020/12/22,10.17,10.41,9.85,9.91,1231600,30344138.00
2020/12/23,10.07,10.07,9.71,9.79,1007900,24162926.00
2020/12/24,9.67,9.74,9.36,9.44,1475600,34170256.00
2020/12/25,9.53,9.57,9.26,9.36,1307200,29925772.00
2020/12/28,9.26,9.59,9.18,9.47,2433760,56010256.00
2020/12/29,9.39,9.66,9.38,9.46,1323480,30652946.00
2020/12/30,9.39,9.60,9.16,9.18,1178486,26579778.00
2020/12/31,9.18,9.54,9.08,9.23,1608186,36495240.00
2021/01/04,9.38,9.51,9.01,9.06,2787050,62830888.00
2021/01/05,9.05,9.19,8.79,8.94,2166160,47203656.00
2021/01/06,8.85,9.00,8.61,8.69,1949100,41628796.00
2021/01/07,8.69,8.69,8.18,8.25,2170791,44404776.00
2021/01/08,8.19,8.45,8.01,8.30,2043916,41355340.00
2021/01/11,8.36,8.40,7.84,7.86,2452980,48062920.00
2021/01/12,7.94,8.16,7.78,7.87,1757210,34145908.00
2021/01/13,7.88,7.97,7.44,7.70,2669341,49560556.00
2021/01/14,7.68,7.71,7.44,7.61,1306985,24359650.00
2021/01/15,7.91,9.16,7.84,9.16,4750760,99259576.00
2021/01/18,9.08,10.04,8.70,9.54,7179752,165972800.00
2021/01/19,9.35,9.76,9.18,9.51,3646320,83881648.00
2021/01/20,9.52,9.95,9.28,9.82,3500920,82466480.00
2021/01/21,9.86,9.87,9.55,9.74,2751739,65398736.00
2021/01/22,9.56,10.15,9.56,9.93,2352817,56876680.00
2021/01/25,9.79,10.01,9.50,9.61,2378721,56346516.00
2021/01/26,9.80,9.96,9.51,9.62,1560752,36987176.00
2021/01/27,9.51,9.71,9.22,9.45,1438420,32957688.00
2021/01/28,9.21,9.34,9.01,9.21,1531800,34335820.00
2021/01/29,9.13,9.16,8.76,9.11,1761240,38579984.00
2021/02/01,9.11,9.84,8.92,9.78,2610865,60735888.00
2021/02/02,9.76,9.76,9.41,9.55,1572880,36719340.00
2021/02/03,9.57,9.59,9.16,9.26,1258260,28685780.00
2021/02/04,9.05,9.51,8.61,9.35,2197552,47973832.00
2021/02/05,9.20,9.44,8.71,8.74,1494080,32613724.00
2021/02/08,8.66,8.75,8.46,8.54,698585,14631998.00
2021/02/09,8.45,8.70,8.41,8.53,686940,14361821.00
2021/02/10,8.67,8.68,8.41,8.41,667000,13870292.00
2021/02/18,8.40,8.71,8.40,8.46,1050520,21903716.00
2021/02/19,8.46,8.86,8.31,8.84,1384440,29400674.00
2021/02/22,8.84,10.64,8.81,10.64,4653624,115403592.00
2021/02/23,10.67,10.86,10.09,10.43,4550724,115488456.00
2021/02/24,10.43,10.48,10.09,10.27,2318160,57873668.00
2021/02/25,10.19,10.25,9.74,9.97,2524100,61545280.00
2021/02/26,10.05,10.62,9.74,10.10,2620120,65529276.00
2021/03/01,10.39,10.40,9.80,10.25,1852120,45627144.00
2021/03/02,10.11,10.26,9.91,10.17,1551220,38148032.00
2021/03/03,10.05,10.32,9.94,10.14,1580100,39032768.00
2021/03/04,10.09,10.36,9.99,10.29,1587040,39303092.00
2021/03/05,10.29,11.06,10.17,10.56,3047500,78355464.00
2021/03/08,10.43,10.79,10.34,10.71,2174860,55736684.00
2021/03/09,10.63,10.83,10.20,10.55,1720100,43848480.00
2021/03/10,10.67,11.13,10.14,10.21,2008620,51910732.00
2021/03/11,9.79,10.62,9.01,10.34,2477740,59559620.00
2021/03/12,10.26,10.39,9.90,10.20,1261680,31074436.00
2021/03/15,10.01,10.23,9.69,9.82,1397881,33647832.00
2021/03/16,9.71,10.19,9.71,9.89,777710,18890810.00
2021/03/17,9.87,10.09,9.79,9.94,665400,16100230.00
2021/03/18,10.00,10.58,9.93,10.31,1540680,38437152.00
2021/03/19,10.26,11.10,10.11,10.69,3089750,81147560.00
2021/03/22,10.93,11.37,10.93,11.29,3057590,83388520.00
2021/03/23,11.29,11.61,10.89,10.96,3001120,82226280.00
2021/03/24,10.91,11.15,10.63,10.66,1486510,39311384.00
2021/03/25,10.49,11.15,10.49,11.03,1376860,36399424.00
2021/03/26,11.03,11.53,11.03,11.20,1574760,43226476.00
2021/03/29,11.20,11.40,11.09,11.17,839760,22888286.00
2021/03/30,11.11,11.31,10.95,11.27,1180520,32016952.00
2021/03/31,11.09,11.71,10.97,11.61,1709700,47130052.00
2021/04/01,11.60,11.84,11.35,11.65,1272508,35999412.00
2021/04/02,12.20,12.20,11.34,11.40,1742928,49445652.00
2021/04/06,11.30,11.57,11.20,11.35,896660,24886568.00
2021/04/07,11.30,11.34,10.97,11.18,1047540,28401556.00
2021/04/08,11.14,11.29,10.99,11.03,670240,18115206.00
2021/04/09,11.07,11.78,11.01,11.72,1725300,48536464.00
2021/04/12,11.65,11.67,11.21,11.30,1013460,28129720.00
2021/04/13,11.23,11.49,11.08,11.16,590600,16175481.00
2021/04/14,11.29,11.76,10.94,11.51,1403920,39263760.00
2021/04/15,11.51,11.62,11.10,11.13,1057800,29166410.00
2021/04/16,11.40,11.52,11.14,11.39,1184372,32787268.00
2021/04/19,11.42,12.01,11.40,11.74,1634015,46959032.00
2021/04/20,11.63,11.91,11.59,11.64,1054725,30117244.00
2021/04/21,11.49,11.92,11.30,11.79,1086680,31014242.00
2021/04/22,11.84,12.11,11.84,11.92,1286440,37391696.00
2021/04/23,11.94,12.13,11.78,11.91,942795,27305380.00
2021/04/26,13.38,13.94,12.00,12.06,5547437,173572336.00
2021/04/27,11.53,12.10,11.26,11.82,3632993,102960472.00
2021/04/28,11.66,12.17,11.42,11.78,2042137,58664176.00
2021/04/29,11.90,11.90,11.36,11.51,1893112,53192212.00
2021/04/30,11.50,11.69,11.36,11.67,1380156,38857616.00
2021/05/06,11.52,11.74,11.41,11.51,1006440,28348508.00
2021/05/07,11.50,11.50,10.88,10.88,1797494,48516560.00
2021/05/10,10.89,11.25,10.83,11.17,938092,25246222.00
2021/05/11,11.09,11.33,11.01,11.21,556000,15142042.00
2021/05/12,11.50,11.50,11.21,11.37,743740,20552692.00
2021/05/13,11.25,11.82,11.25,11.47,935560,26377858.00
2021/05/14,11.61,11.72,11.47,11.69,907680,25706178.00
2021/05/17,11.71,11.71,11.09,11.26,1598018,43722092.00
2021/05/18,11.26,11.52,10.92,11.14,2529392,42736480.00
2021/05/19,11.18,11.43,11.04,11.41,1586914,27073984.00
2021/05/20,11.41,11.80,11.12,11.29,1776831,30484592.00
2021/05/21,11.18,11.37,10.67,10.77,2550101,42343416.00
2021/05/24,10.74,10.74,10.30,10.37,2391671,37935660.00
2021/05/25,10.38,10.72,10.34,10.69,2657200,42676224.00
2021/05/26,10.68,11.05,10.56,10.98,2432838,40169844.00
2021/05/27,10.97,10.98,10.74,10.80,1537608,25294588.00
2021/05/28,10.56,11.05,10.56,10.69,1573672,25849982.00
2021/05/31,10.87,11.39,10.74,11.20,2745468,46195496.00
2021/06/01,11.21,11.64,11.21,11.41,3054142,53174872.00
2021/06/02,11.45,12.24,11.26,11.91,4948510,88779120.00
2021/06/03,12.00,12.06,11.48,11.77,2802115,49973124.00
2021/06/04,11.67,12.17,11.58,11.91,2310052,41658736.00
2021/06/07,11.91,12.01,11.46,11.64,2754769,48765512.00
2021/06/08,11.70,11.72,11.36,11.46,2132995,37130908.00
2021/06/09,11.46,11.72,11.32,11.38,1583680,27543052.00
2021/06/10,11.44,11.50,11.21,11.31,1658780,28437552.00
2021/06/11,11.32,11.32,10.95,11.02,1745744,29371190.00
2021/06/15,11.02,11.12,10.80,10.92,1040411,17291560.00
2021/06/16,10.92,11.00,10.51,10.54,1731943,28105290.00
2021/06/17,10.54,11.11,10.54,10.77,1648062,27094720.00
2021/06/18,10.70,11.14,10.60,11.08,1650102,27419170.00
2021/06/21,11.02,11.36,10.80,11.27,2652412,44734664.00
2021/06/22,11.34,11.35,11.03,11.09,1462696,24700372.00
2021/06/23,11.09,11.26,10.93,11.06,1392625,23349274.00
2021/06/24,10.92,11.16,10.71,10.72,2016326,33333636.00
2021/06/25,10.72,10.96,10.64,10.72,1228540,20034320.00
2021/06/28,10.71,10.96,10.56,10.68,1904520,30951674.00
2021/06/29,10.59,10.77,10.42,10.51,1378772,22070988.00
2021/06/30,10.48,10.67,10.41,10.49,1076596,17158938.00
2021/07/01,10.49,10.85,10.49,10.66,1853424,30172148.00
2021/07/02,10.66,10.68,10.08,10.22,2404024,37794776.00
2021/07/05,10.22,10.47,10.12,10.20,1209516,18895540.00
2021/07/06,10.30,10.30,9.88,10.04,2209248,33632500.00
2021/07/07,9.84,10.28,9.83,10.08,1435908,21998852.00
2021/07/08,10.11,10.12,9.74,9.79,1657937,24722236.00
2021/07/09,9.74,10.14,9.74,10.07,1475712,22442880.00
2021/07/12,10.10,10.22,9.97,10.08,1149240,17626230.00
2021/07/13,10.12,10.16,9.88,9.95,1467348,22160960.00
2021/07/14,9.86,10.17,9.84,10.11,1578047,24110746.00
2021/07/15,10.07,10.32,9.79,10.22,1876823,28620804.00
2021/07/16,10.14,10.20,9.91,9.92,1619800,24568640.00
2021/07/19,9.89,10.14,9.72,10.08,1792307,27348200.00
2021/07/20,10.09,10.30,10.02,10.23,1571916,24282840.00
2021/07/21,10.22,10.89,10.10,10.74,2897504,46544400.00
2021/07/22,10.93,10.94,10.45,10.50,2059134,33193372.00
2021/07/23,10.64,10.67,10.41,10.52,1374407,21964154.00
2021/07/26,10.41,10.51,9.94,9.98,1981772,30349178.00
2021/07/27,9.94,10.10,9.81,9.86,1030488,15563089.00
2021/07/28,9.81,10.04,9.34,9.99,1805352,26326896.00
2021/07/29,10.01,10.08,9.82,9.93,1179970,17781612.00
2021/07/30,9.91,10.11,9.88,9.99,1640213,24908772.00
2021/08/02,9.99,10.18,9.74,10.06,1725835,26173776.00
2021/08/03,10.10,10.79,9.93,10.68,3944367,63046080.00
2021/08/04,10.61,10.73,10.21,10.33,3048643,47949628.00
2021/08/05,10.28,10.33,9.92,10.00,2399860,36841964.00
2021/08/06,9.88,9.88,8.76,8.80,10188615,139599600.00
2021/08/09,8.80,8.80,8.21,8.60,6860160,88695984.00
2021/08/10,8.59,8.68,8.48,8.62,4109312,53670740.00
2021/08/11,8.69,8.94,8.56,8.70,5115968,67698640.00
2021/08/12,8.68,8.72,8.56,8.56,4011526,52547736.00
2021/08/13,8.54,8.56,8.34,8.42,3857625,49521548.00
2021/08/16,8.47,8.72,8.43,8.66,5190357,68092952.00
2021/08/17,8.61,8.61,8.30,8.30,3947216,50823136.00
2021/08/18,8.38,8.46,8.21,8.30,2948940,37191392.00
2021/08/19,8.26,8.38,8.22,8.26,2226546,28124718.00
2021/08/20,8.22,8.23,7.98,8.06,2761560,33910168.00
2021/08/23,8.05,8.19,8.02,8.10,2336917,28914488.00
2021/08/24,8.14,8.66,8.11,8.61,5458356,69862384.00
2021/08/25,8.61,8.77,8.51,8.57,5041096,66355652.00
2021/08/26,8.55,10.26,8.55,9.72,14197704,205999632.00
2021/08/27,9.63,10.31,9.63,10.14,10109075,152567104.00
2021/08/30,10.28,11.04,9.99,10.75,10900385,175688576.00
2021/08/31,10.72,10.97,10.34,10.58,6402370,102811600.00
2021/09/01,10.53,10.78,10.32,10.38,5047186,80281424.00
2021/09/02,10.38,10.38,10.04,10.06,4257094,65601604.00
2021/09/03,10.08,10.74,10.01,10.64,6512700,104154976.00
2021/09/06,10.64,10.94,10.42,10.46,4307509,69180072.00
2021/09/07,10.62,11.18,10.21,10.72,6094729,99717432.00
2021/09/08,10.96,11.71,10.88,11.17,8391121,143055184.00
2021/09/09,11.21,11.32,10.68,10.75,4893665,81231544.00
2021/09/10,10.80,10.80,10.37,10.40,4131588,65993152.00
2021/09/13,10.38,10.52,10.30,10.37,2677395,42331940.00
2021/09/14,10.34,10.80,10.34,10.44,3274923,52630540.00
2021/09/15,10.54,10.54,10.21,10.42,2004980,31705560.00
2021/09/16,10.52,10.53,10.09,10.14,2943592,45882492.00
2021/09/17,10.34,10.38,9.82,10.08,2444740,37101844.00
2021/09/22,10.12,10.26,9.84,10.10,1764428,26932436.00
2021/09/23,10.28,10.28,10.03,10.19,1596492,24582290.00
2021/09/24,10.28,10.46,10.04,10.30,3339667,51956336.00
2021/09/27,10.36,10.41,9.81,9.87,2768616,42330120.00
2021/09/28,9.87,10.19,9.81,10.14,1998795,30474638.00
2021/09/29,10.11,10.19,9.51,9.81,2645220,39615220.00
2021/09/30,9.82,10.17,9.82,10.08,1605149,24434608.00
2021/10/08,10.21,11.50,10.12,11.42,7854792,130981632.00
2021/10/11,11.40,11.80,11.21,11.40,5770356,100298840.00
2021/10/12,11.46,11.47,10.96,11.40,4146800,70612088.00
2021/10/13,11.30,11.46,11.14,11.33,2173576,37187920.00
2021/10/14,11.41,11.52,10.96,10.98,2586436,43741364.00
2021/10/15,10.98,10.98,10.55,10.64,2660674,43037496.00
2021/10/18,10.72,10.72,10.21,10.29,2868221,45038384.00
2021/10/19,10.30,10.54,10.16,10.43,1517147,23943950.00
2021/10/20,10.51,10.51,10.16,10.42,1120260,17549152.00
2021/10/21,10.42,10.45,10.21,10.24,1351955,21130274.00
2021/10/22,10.34,10.61,10.19,10.24,1512380,23812010.00
2021/10/25,10.40,10.52,10.08,10.41,1235421,19434446.00
2021/10/26,10.41,10.41,10.02,10.06,1877267,28955634.00
2021/10/27,10.08,10.41,9.93,10.22,2102500,32467448.00
2021/10/28,10.30,10.30,9.90,9.92,1853388,28145114.00
2021/10/29,9.94,10.49,9.94,10.21,1978874,30844996.00
2021/11/01,10.34,10.47,9.91,10.29,2951751,45679232.00
2021/11/02,10.45,11.04,10.24,10.42,4300088,69591456.00
2021/11/03,10.55,10.65,10.29,10.58,1822120,28946806.00
2021/11/04,10.80,10.80,10.43,10.58,1671582,26757490.00
2021/11/05,10.64,10.78,10.31,10.40,2158108,34412688.00
2021/11/08,10.22,10.39,10.09,10.30,1010760,15759174.00
2021/11/09,10.42,10.70,10.33,10.65,2605080,41962176.00
2021/11/10,10.88,11.74,10.84,11.28,7616413,129427520.00
2021/11/11,10.94,11.24,10.89,10.94,4337207,72597672.00
2021/11/12,10.96,11.02,10.75,10.96,2441837,40304784.00
2021/11/15,11.02,11.28,10.92,11.26,3926786,66378676.00
2021/11/16,11.21,11.41,10.96,11.00,3280754,55555644.00
2021/11/17,10.92,11.10,10.90,11.00,1819892,30390292.00
2021/11/18,11.05,11.21,11.00,11.01,2080302,35006752.00
2021/11/19,11.09,11.24,11.00,11.14,2255306,38055936.00
2021/11/22,11.11,11.20,10.99,11.03,2132180,35758936.00
2021/11/23,11.01,11.02,10.62,10.75,2874804,46919104.00
2021/11/24,10.73,11.33,10.73,11.18,5499496,92718080.00
2021/11/25,11.16,11.51,11.04,11.40,5088856,87633872.00
2021/11/26,11.40,12.85,11.36,12.41,14296264,264349504.00
2021/11/29,12.46,13.16,12.46,12.60,11075396,214041952.00
2021/11/30,12.85,12.87,12.16,12.34,7395121,138340272.00
2021/12/01,12.42,12.44,12.04,12.09,4843149,89380832.00
2021/12/02,12.09,12.09,11.82,11.89,3677841,66440580.00
2021/12/03,11.81,11.98,11.76,11.82,2824456,50703156.00
2021/12/06,11.98,12.31,11.87,11.97,4855848,88895664.00
2021/12/07,12.02,12.09,11.42,11.66,3672016,64878444.00
2021/12/08,11.71,11.98,11.55,11.92,2076948,37360588.00
2021/12/09,12.04,12.28,11.90,12.08,2675604,49226820.00
2021/12/10,12.21,12.21,11.83,12.06,1919320,34924328.00
2021/12/13,12.13,12.13,11.91,11.94,2247383,40918044.00
2021/12/14,11.90,12.72,11.90,12.66,4453523,83100112.00
2021/12/15,12.66,13.31,12.54,12.74,7304094,143116192.00
2021/12/16,12.84,12.98,12.38,12.74,4499368,86197472.00
2021/12/17,12.84,14.08,12.84,13.92,10772050,221187248.00
2021/12/20,14.14,14.78,13.81,14.50,9432007,203727456.00
2021/12/21,14.73,14.90,14.24,14.68,5668785,125379624.00
2021/12/22,14.80,17.10,14.68,16.27,13177753,319699552.00
2021/12/23,16.72,16.86,15.56,16.75,9657000,238325488.00
2021/12/24,16.50,16.88,15.34,15.68,8152592,195472592.00
2021/12/27,15.40,16.40,14.52,16.40,12054136,277799808.00
2021/12/28,16.00,16.93,15.76,16.46,7854516,194152544.00
2021/12/29,16.54,16.68,16.00,16.46,4344996,107053544.00
2021/12/30,17.10,18.04,16.18,17.59,10879293,287598464.00
2021/12/31,17.38,17.86,17.05,17.45,6908455,182306048.00
2022/01/04,17.20,17.78,16.47,16.55,5402714,138381840.00
2022/01/05,16.54,16.55,15.20,15.43,6621082,156552160.00
2022/01/06,15.49,16.36,15.49,16.24,6511735,156891536.00
2022/01/07,15.81,16.36,15.60,15.64,3678460,88362360.00
2022/01/10,16.03,16.38,15.64,16.13,3056542,74168832.00
2022/01/11,16.16,16.34,15.48,15.55,2726861,65137604.00
2022/01/12,15.34,15.79,15.26,15.32,3378750,79162504.00
2022/01/13,15.22,15.38,14.80,14.91,3338798,75985848.00
2022/01/14,14.91,15.72,14.74,15.53,3243215,75588088.00
2022/01/17,15.54,15.86,15.26,15.54,2566538,60541072.00
2022/01/18,15.42,15.79,14.92,15.08,2724163,62310484.00
2022/01/19,15.21,15.74,15.00,15.18,2578984,60081972.00
2022/01/20,15.18,15.62,14.71,14.79,2901138,66181468.00
2022/01/21,14.79,14.90,14.33,14.39,2264180,49705768.00
2022/01/24,14.40,14.54,13.92,14.17,2672028,57150572.00
2022/01/25,14.16,14.36,13.86,13.90,2259940,48364472.00
2022/01/26,13.71,14.12,13.50,13.66,1713520,35618412.00
2022/01/27,13.75,13.92,13.08,13.14,1971079,39691792.00
2022/01/28,13.21,14.28,13.11,14.04,2696796,56693420.00
2022/02/07,14.87,14.87,13.62,13.74,2577542,54084848.00
2022/02/08,13.67,14.05,13.58,13.81,2000708,41881452.00
2022/02/09,13.81,13.88,13.37,13.74,1989584,41042732.00
2022/02/10,13.74,14.26,13.58,13.62,2331580,49037712.00
2022/02/11,13.51,13.72,12.68,12.72,2679539,52963668.00
2022/02/14,12.55,13.22,12.51,13.02,2001015,39332304.00
2022/02/15,13.02,13.41,13.02,13.30,2408784,48358132.00
2022/02/16,13.31,14.00,13.12,13.76,2266727,46857252.00
2022/02/17,13.76,13.76,13.28,13.46,1437846,29287058.00
2022/02/18,13.41,13.68,13.28,13.50,1426560,29078370.00
2022/02/21,13.57,13.98,13.44,13.84,2434107,50615416.00
2022/02/22,13.78,13.88,13.44,13.66,1539509,31756104.00
2022/02/23,13.77,14.32,13.59,14.28,1919668,40696260.00
2022/02/24,14.16,14.66,13.99,14.08,2659699,57290344.00
2022/02/25,14.17,14.87,14.16,14.75,2239301,49596816.00
2022/02/28,14.76,15.06,14.44,14.96,2001675,44646592.00
2022/03/01,14.90,15.20,14.74,14.86,1464852,32989610.00
2022/03/02,14.90,15.13,14.80,14.96,1094280,24731800.00
2022/03/03,15.04,15.30,14.64,15.10,3737578,84644536.00
2022/03/04,15.42,15.42,14.54,14.78,3279989,73521896.00
2022/03/07,14.81,14.96,14.14,14.26,3238802,70784872.00
2022/03/08,14.24,14.52,13.66,13.86,3249100,69255016.00
2022/03/09,13.97,14.05,13.00,13.60,1835488,37573332.00
2022/03/10,13.94,14.64,13.94,14.48,2317713,50471204.00
2022/03/11,14.38,15.01,14.24,14.71,3208685,70776792.00
2022/03/14,14.64,17.61,14.64,16.94,12819973,317913056.00
2022/03/15,16.44,16.73,15.74,15.76,9253126,226934848.00
2022/03/16,17.04,17.88,15.46,16.16,11301172,281230848.00
2022/03/17,16.08,19.42,15.76,19.42,22694044,629746944.00
2022/03/18,19.29,20.76,18.09,18.93,24961938,729704640.00
2022/03/21,18.34,20.54,18.30,20.10,24586832,721990016.00
2022/03/22,19.44,19.54,17.21,17.40,19880543,549400960.00
2022/03/23,17.00,17.39,16.22,16.62,13557565,344424736.00
2022/03/24,16.60,18.14,15.89,17.24,15169141,387879904.00
2022/03/25,17.36,20.54,17.21,19.24,25021396,710344512.00
2022/03/28,19.97,22.41,18.28,18.64,21969866,660896000.00
2022/03/29,17.95,18.60,17.28,18.18,16629220,447431584.00
2022/03/30,17.74,18.08,16.98,17.91,11507046,306891744.00
2022/03/31,17.61,17.99,16.35,16.52,14093740,365347104.00
2022/04/01,16.08,16.94,16.08,16.23,8692240,216306016.00
2022/04/06,16.42,16.87,16.42,16.74,6421812,161541136.00
2022/04/07,16.81,16.81,15.58,15.62,8526126,206122448.00
2022/04/08,15.60,15.81,14.98,15.36,5609788,130615536.00
2022/04/11,15.23,15.74,15.04,15.14,4297700,99575072.00
2022/04/12,15.06,15.48,14.75,15.12,4017292,91614920.00
2022/04/13,15.19,15.19,14.33,14.69,5051853,112587808.00
2022/04/14,14.69,15.02,14.53,14.64,2859046,64022584.00
2022/04/15,14.49,15.48,14.22,14.60,4728529,105744608.00
2022/04/18,14.60,16.04,14.37,15.56,5993220,139697952.00
2022/04/19,15.43,15.69,14.96,15.08,4220653,97434304.00
2022/04/20,15.08,15.15,14.38,14.50,3331044,74113248.00
2022/04/21,14.36,15.02,14.04,14.14,3468312,76113288.00
2022/04/22,13.88,14.00,13.32,13.44,3416161,70422472.00
2022/04/25,13.30,13.52,12.33,12.36,4063655,79417928.00
2022/04/26,12.34,12.78,11.94,12.00,2242283,41680104.00
2022/04/27,11.81,12.84,11.63,12.79,3017273,56450544.00
2022/04/28,12.74,12.99,12.44,12.68,3130959,60386684.00
2022/04/29,12.68,13.34,12.45,13.14,3352391,66476652.00
2022/05/05,12.95,15.74,12.95,14.76,7070296,153120400.00
2022/05/06,14.71,16.18,14.61,15.61,10337342,243596464.00
2022/05/09,16.17,18.76,16.17,18.76,19248637,533346208.00
2022/05/10,19.21,22.41,18.76,22.40,28154411,889098368.00
2022/05/11,21.21,25.40,20.82,23.08,29247211,1015234624.00
2022/05/12,24.01,26.04,22.21,22.88,27768164,998769088.00
2022/05/13,23.86,24.88,22.86,24.23,23213354,838297536.00
2022/05/16,24.08,24.35,22.83,23.82,19986650,713588992.00
2022/05/17,23.88,24.83,21.42,21.88,25156548,872609664.00
2022/05/18,22.22,22.60,19.90,20.46,21847070,698809152.00
2022/05/19,20.54,23.33,19.88,22.78,23913550,781766976.00
2022/05/20,24.33,24.81,19.08,20.17,32046712,1017853632.00
2022/05/23,19.84,19.96,18.49,19.18,20187269,581242176.00
2022/05/24,19.46,19.54,17.14,17.15,23405460,637450176.00
2022/05/25,17.01,18.87,16.85,18.24,20129894,546621760.00
2022/05/26,18.50,18.58,17.94,18.04,12074952,332336640.00
2022/05/27,18.05,18.56,17.98,18.12,9822078,270102368.00
2022/05/30,18.28,18.42,17.60,17.82,10072343,274090816.00
2022/05/31,18.11,18.11,17.52,17.71,8118572,218092176.00
2022/06/01,17.60,17.82,16.38,16.85,13882453,355816640.00
2022/06/02,16.85,17.33,16.55,16.88,7111500,181796384.00
2022/06/06,16.88,17.03,16.50,16.60,8574821,216486448.00
2022/06/07,16.54,18.31,16.30,17.78,19345572,513365856.00
2022/06/08,17.62,17.84,16.86,17.07,12666015,329979392.00
2022/06/09,16.90,17.24,16.10,16.28,8835076,220355904.00
2022/06/10,16.32,17.56,16.29,16.99,9994423,257993376.00
2022/06/13,16.78,17.44,16.58,17.20,8221791,212916624.00
2022/06/14,17.04,17.08,16.08,16.49,7930300,197749408.00
2022/06/15,16.44,16.70,16.26,16.31,5683380,141388064.00
2022/06/16,16.28,16.90,16.14,16.64,6458537,162186576.00
2022/06/17,16.90,17.58,16.36,17.38,10015556,258076304.00
2022/06/20,17.34,17.36,16.57,16.87,9688480,246308896.00
2022/06/21,16.84,17.02,16.38,16.43,7438389,187131088.00
2022/06/22,16.42,16.85,16.28,16.44,5447614,136076880.00
2022/06/23,16.30,16.41,15.12,15.63,11355614,266904656.00
2022/06/24,15.44,16.14,15.31,15.81,7458836,179368368.00
2022/06/27,15.83,16.98,15.83,16.24,8494900,210479824.00
2022/06/28,16.08,16.34,15.61,16.26,6095000,146839744.00
2022/06/29,16.21,16.47,15.66,15.74,5765504,139717152.00
2022/06/30,15.74,16.47,15.62,15.88,5833984,141042944.00
2022/07/01,16.05,16.05,15.55,15.62,4513804,107176016.00
2022/07/04,15.77,16.01,15.63,15.98,4789099,115093136.00
2022/07/05,16.22,16.22,15.37,15.42,9452521,147678800.00
2022/07/06,15.41,15.68,15.03,15.30,7300594,112088456.00
2022/07/07,15.30,15.75,14.82,15.25,6844750,105042968.00
2022/07/08,15.26,15.92,15.26,15.61,6441937,101208568.00
2022/07/11,15.37,16.01,15.34,15.62,8775392,138467280.00
2022/07/12,15.73,15.78,14.93,14.94,7801338,118381944.00
2022/07/13,14.82,15.22,14.72,15.05,5438595,82207616.00
2022/07/14,14.94,15.16,14.90,14.93,5565909,83999920.00
2022/07/15,14.89,15.30,14.52,14.94,6819979,102247952.00
2022/07/18,14.91,14.99,14.61,14.96,6229700,92957144.00
2022/07/19,14.97,15.30,14.84,15.14,5762617,87354472.00
2022/07/20,15.22,15.48,15.00,15.37,7119301,109531992.00
2022/07/21,15.32,15.48,15.02,15.03,6660345,101659008.00
2022/07/22,14.99,15.24,14.38,14.49,7765182,114933424.00
2022/07/25,14.59,15.07,14.45,14.66,7050432,103734048.00
2022/07/26,14.61,14.67,14.04,14.50,6341780,91597608.00
2022/07/27,14.51,14.70,14.30,14.58,4788485,70190168.00
2022/07/28,14.70,14.70,14.32,14.34,5459067,79280992.00
2022/07/29,14.32,14.37,13.91,13.95,5447691,77142768.00
2022/08/01,13.95,13.99,13.74,13.82,4001280,55677356.00
2022/08/02,13.78,13.80,12.90,13.25,8761274,116558512.00
2022/08/03,13.27,13.57,13.24,13.26,6573274,88545880.00
2022/08/04,13.23,13.70,13.23,13.54,6664802,90606840.00
2022/08/05,13.58,13.85,13.57,13.66,4975529,68398688.00
2022/08/08,13.70,14.04,13.64,13.99,7314212,102392752.00
2022/08/09,13.97,13.97,13.67,13.77,5373225,74435320.00
2022/08/10,13.81,13.90,13.62,13.89,4759556,65960044.00
2022/08/11,13.89,14.07,13.89,13.96,4718931,66350780.00
2022/08/12,13.91,14.14,13.87,13.92,5687998,80118472.00
2022/08/15,13.87,13.90,13.71,13.84,5709253,79173240.00
2022/08/16,13.82,14.12,13.73,14.02,7109295,99729336.00
2022/08/17,14.02,14.10,13.84,13.89,4119079,57646340.00
2022/08/18,13.88,14.19,13.64,14.10,6320567,88639360.00
2022/08/19,14.08,14.09,13.85,13.88,4596482,64511896.00
2022/08/22,13.82,13.96,13.67,13.73,3721035,51627252.00
2022/08/23,13.74,13.82,13.43,13.54,4009705,54740792.00
2022/08/24,13.72,13.72,13.03,13.08,5066870,67391064.00
2022/08/25,13.11,13.16,12.68,12.94,4662293,60429468.00
2022/08/26,12.94,13.65,12.94,13.15,5743616,77259296.00
2022/08/29,12.89,13.37,12.62,13.29,6772474,88995896.00
2022/08/30,13.29,13.52,13.09,13.27,5765200,77176344.00
2022/08/31,13.42,13.42,12.99,13.07,4539036,59924544.00
2022/09/01,13.07,13.81,13.02,13.54,10256086,139690400.00
2022/09/02,13.61,13.70,13.13,13.28,6839980,91622792.00
2022/09/05,13.27,13.47,13.04,13.15,4168424,55281148.00
2022/09/06,13.15,13.52,13.02,13.39,4606737,61707804.00
2022/09/07,13.45,13.51,13.23,13.34,4077043,54859212.00
2022/09/08,13.33,13.36,13.02,13.03,3249353,42942092.00
2022/09/09,13.12,13.26,12.98,13.05,2745578,36119792.00
2022/09/13,13.05,13.13,12.93,12.94,2754653,36064716.00
2022/09/14,12.82,12.82,12.51,12.66,7131179,90627552.00
2022/09/15,12.69,12.79,12.26,12.41,4257579,53586108.00
2022/09/16,12.41,12.47,12.10,12.10,3515837,43245268.00
2022/09/19,12.14,12.22,11.65,11.87,4611128,55224128.00
2022/09/20,11.92,12.12,11.83,11.99,2644771,31873276.00
2022/09/21,11.97,12.23,11.82,12.11,3602622,43677792.00
2022/09/22,12.06,12.21,11.90,11.91,2326134,28203754.00
2022/09/23,11.91,11.92,11.54,11.63,2716731,32044558.00
2022/09/26,11.62,11.66,11.38,11.40,2781514,32181102.00
2022/09/27,11.41,12.05,11.41,12.01,4943333,58850200.00
2022/09/28,12.04,12.27,11.87,11.88,4499110,54546776.00
2022/09/29,11.98,12.62,11.89,12.34,7758189,96665792.00
2022/09/30,12.33,12.55,12.23,12.27,4829627,60145656.00
2022/10/10,12.27,12.44,11.94,12.07,4627608,56465924.00
2022/10/11,11.97,12.31,11.63,12.14,4134274,49645424.00
2022/10/12,12.24,12.30,11.73,12.27,4980867,60336032.00
2022/10/13,12.20,12.67,12.10,12.54,5550488,69999744.00
2022/10/14,12.57,13.46,12.57,13.25,10436024,137411904.00
2022/10/17,13.25,14.16,13.20,13.93,13190165,183522816.00
2022/10/18,14.01,15.40,13.65,15.29,23076156,342004192.00
2022/10/19,15.29,15.30,14.63,15.02,14597413,218958736.00
2022/10/20,15.00,15.52,14.80,15.32,12743115,194898304.00
2022/10/21,15.22,15.91,15.07,15.86,10879769,170038368.00
2022/10/24,15.93,16.06,15.21,15.61,10806667,169339072.00
2022/10/25,15.54,15.84,14.83,15.62,10762541,165469712.00
2022/10/26,15.76,16.58,15.68,16.25,11886886,194502592.00
2022/10/27,16.05,16.21,15.56,15.58,7963863,126621592.00
2022/10/28,15.67,16.09,15.05,15.07,10627400,166019312.00
2022/10/31,15.05,15.68,15.04,15.52,7763953,120266952.00
2022/11/01,15.56,16.83,15.24,16.62,11634600,188494800.00
2022/11/02,16.44,17.33,15.46,15.78,20559623,342321920.00
2022/11/03,15.25,15.87,15.20,15.52,9092787,141852384.00
2022/11/04,15.67,15.90,15.32,15.43,7805524,121995024.00
2022/11/07,15.65,16.10,15.52,15.81,7384816,117551168.00
2022/11/08,15.81,15.82,15.34,15.70,3494557,54764120.00
2022/11/09,15.62,16.20,15.51,16.04,6399111,102852600.00
2022/11/10,15.98,16.41,15.63,15.72,6432187,103340752.00
2022/11/11,16.02,16.65,15.53,15.69,13640759,221771728.00
2022/11/14,15.52,16.22,15.34,15.90,10089957,160732080.00
2022/11/15,15.78,16.21,15.55,16.11,8880316,141497296.00
2022/11/16,16.17,16.21,15.53,15.74,8138955,128677232.00
2022/11/17,15.84,16.51,15.55,16.27,12229999,199037728.00
2022/11/18,16.23,16.59,16.06,16.47,9833996,161954960.00
2022/11/21,16.60,17.02,16.20,16.95,11170282,186276304.00
2022/11/22,16.81,17.80,15.56,15.88,17363769,289822784.00
2022/11/23,15.92,16.80,15.22,16.26,13645905,218375328.00
2022/11/24,16.02,16.24,15.72,16.17,6089338,97846184.00
2022/11/25,16.02,16.02,15.52,15.72,4782682,75614560.00
2022/11/28,15.68,15.89,15.14,15.25,5445502,84064968.00
2022/11/29,15.32,15.70,14.72,14.96,9616692,146254672.00
2022/11/30,14.92,15.30,14.69,15.09,5633508,85022968.00
2022/12/01,15.23,15.85,14.82,15.81,7656359,118523784.00
2022/12/02,15.77,15.97,15.31,15.52,6251228,97849944.00
2022/12/05,15.53,15.78,15.26,15.74,4762270,74182016.00
2022/12/06,15.66,15.86,15.37,15.62,4886696,76682736.00
2022/12/07,15.72,16.02,15.38,15.82,5654617,89539496.00
2022/12/08,15.73,15.94,15.58,15.67,3965320,62654192.00
2022/12/09,15.81,16.17,15.76,15.95,6303570,101474432.00
2022/12/12,15.80,16.39,15.67,16.10,7856472,126388720.00
2022/12/13,16.02,16.10,15.57,15.90,5853217,92686832.00
2022/12/14,15.77,15.84,15.38,15.39,3993609,62424764.00
2022/12/15,15.35,15.57,15.15,15.17,3279074,50411356.00
2022/12/16,15.15,15.82,15.15,15.54,5212701,81454248.00
2022/12/19,15.45,15.99,14.32,14.60,6642534,99621856.00
2022/12/20,14.52,14.90,14.22,14.75,3571127,52297608.00
2022/12/21,14.63,14.78,14.36,14.44,1999305,29235938.00
2022/12/22,14.44,14.61,14.03,14.08,2498649,35871472.00
2022/12/23,14.12,14.36,14.02,14.24,2203915,31505744.00
2022/12/26,14.19,14.80,13.87,14.53,5653383,81312696.00
2022/12/27,14.49,14.49,13.87,13.92,4543625,63965864.00
2022/12/28,13.90,14.03,13.82,13.93,1664072,23291540.00
2022/12/29,14.05,14.82,13.79,14.50,6283577,90992408.00
2022/12/30,14.38,14.79,14.19,14.73,5915537,86282912.00
2023/01/03,14.63,14.82,14.35,14.52,5206304,76001720.00
2023/01/04,14.49,14.57,14.17,14.24,2490876,35919704.00
2023/01/05,14.29,14.44,14.17,14.25,2269051,32620164.00
2023/01/06,14.42,14.44,14.18,14.27,2520698,36216276.00
2023/01/09,14.22,14.86,14.12,14.76,5600581,81810240.00
2023/01/10,14.68,14.77,14.39,14.62,2640746,38732272.00
2023/01/11,14.73,14.76,14.55,14.58,2421677,35667620.00
2023/01/12,14.55,15.29,14.53,15.02,5444555,82499840.00
2023/01/13,15.02,15.18,14.82,15.10,3095982,46767040.00
2023/01/16,15.09,16.17,15.07,15.92,9528000,151622080.00
2023/01/17,16.09,16.11,15.35,15.38,4903918,76864648.00
2023/01/18,15.46,15.59,15.19,15.53,2813170,43519288.00
2023/01/19,15.42,15.65,15.32,15.32,1890050,29356564.00
2023/01/20,15.40,15.48,15.17,15.36,2152569,33236268.00
2023/01/30,15.47,15.70,15.12,15.15,3685769,57051492.00
2023/01/31,15.26,15.30,15.09,15.27,1605940,24526530.00
2023/02/01,15.37,15.41,15.14,15.40,2419950,37136592.00
2023/02/02,15.37,15.71,15.34,15.52,2944887,45959744.00
2023/02/03,15.58,15.65,15.28,15.33,1999419,30982682.00
2023/02/06,15.28,15.35,15.12,15.14,1852724,28283364.00
2023/02/07,15.27,15.46,15.18,15.26,1748681,26874898.00
2023/02/08,15.28,15.52,15.23,15.41,1893350,29309434.00
2023/02/09,15.41,15.62,15.36,15.62,2272700,35448056.00
2023/02/10,15.62,15.84,15.48,15.51,3120147,48991828.00
2023/02/13,15.59,15.89,15.52,15.72,3267850,51529428.00
2023/02/14,15.79,15.98,15.67,15.78,2935534,46737500.00
2023/02/15,15.78,15.85,15.59,15.67,1896371,29875844.00
2023/02/16,15.74,15.89,15.12,15.27,4059300,63377048.00
2023/02/17,15.22,15.69,15.12,15.49,2953229,46004416.00
2023/02/20,15.55,15.64,15.25,15.51,2014068,31253926.00
2023/02/21,15.61,15.62,15.47,15.54,1407942,21987934.00
2023/02/22,15.40,15.76,15.40,15.60,1878340,29475218.00
2023/02/23,15.63,15.77,15.52,15.58,1673900,26278304.00
2023/02/24,15.58,15.83,15.49,15.70,1865400,29412640.00
2023/02/27,15.70,15.80,15.18,15.26,4156502,64141384.00
2023/02/28,15.25,15.64,15.19,15.59,3696692,57635752.00
2023/03/01,15.61,15.71,15.47,15.67,2638600,41326284.00
2023/03/02,15.68,15.69,15.30,15.36,2583750,40084264.00
2023/03/03,15.36,15.57,15.24,15.28,2038830,31412846.00
2023/03/06,15.24,15.40,14.65,14.66,6279933,94114880.00
2023/03/07,14.76,15.28,14.38,14.44,6371461,94219512.00
2023/03/08,14.44,14.60,14.36,14.46,2340750,33998248.00
2023/03/09,14.48,14.67,14.25,14.30,4155990,60295652.00
2023/03/10,14.23,14.34,14.04,14.28,2653280,37875128.00
2023/03/13,14.28,14.38,14.09,14.34,2000450,28618244.00
2023/03/14,14.29,14.45,14.08,14.15,2858595,40877256.00
2023/03/15,14.19,14.36,14.16,14.17,1790440,25621104.00
2023/03/16,14.08,14.24,13.93,13.93,1957901,27715374.00
2023/03/17,14.07,14.13,13.83,13.84,2067150,28944634.00
2023/03/20,13.84,13.91,13.44,13.57,2632234,35979980.00
2023/03/21,13.82,14.07,13.68,13.96,2659635,37099320.00
2023/03/22,13.90,14.11,13.22,13.34,7514184,102146936.00
2023/03/23,13.23,13.45,13.23,13.31,4331654,58128328.00
2023/03/24,13.34,13.52,12.89,13.00,5953786,78427360.00
2023/03/27,12.97,13.09,12.88,13.02,3761712,49236756.00
2023/03/28,13.02,13.35,12.88,13.14,5080567,67152856.00
2023/03/29,13.06,13.21,12.92,12.93,2710285,35398224.00
2023/03/30,12.93,12.99,12.76,12.81,2664855,34430896.00
2023/03/31,12.82,13.13,12.82,12.95,2619128,34268848.00
2023/04/03,12.95,13.17,12.95,13.10,2406391,31616080.00
2023/04/04,13.19,13.37,13.10,13.22,2979812,39592036.00
2023/04/06,13.12,13.41,13.11,13.34,3813140,51075012.00
2023/04/07,13.38,13.48,13.24,13.39,2831950,38179552.00
2023/04/10,13.39,13.52,13.25,13.25,3140850,42167632.00
2023/04/11,13.27,13.36,13.10,13.20,2843234,37750484.00
2023/04/12,13.20,13.42,13.17,13.26,2496220,33377362.00
2023/04/13,13.19,13.61,13.07,13.50,4625540,62543028.00
2023/04/14,13.50,14.05,13.50,13.86,5743809,80075320.00
2023/04/17,13.87,14.00,13.78,13.87,2585650,36065240.00
2023/04/18,13.81,13.94,13.62,13.75,2495331,34532520.00
2023/04/19,13.76,14.00,13.60,13.81,3041747,42260808.00
2023/04/20,13.72,13.96,13.59,13.90,3691977,51167584.00
2023/04/21,13.90,14.02,13.62,13.77,4124957,57369236.00
2023/04/24,13.70,13.87,13.14,13.27,5422227,73390856.00
2023/04/25,13.34,13.34,12.78,12.91,3810304,49704768.00
2023/04/26,12.91,13.45,12.90,13.34,3275390,43751720.00
2023/04/27,13.44,13.81,13.22,13.63,3168061,43374648.00
2023/04/28,13.57,13.70,13.41,13.43,2857408,38774644.00
2023/05/04,13.49,13.67,13.33,13.58,2666678,36448024.00
2023/05/05,13.52,13.58,13.04,13.12,3049480,40501840.00
2023/05/08,13.23,13.30,12.60,12.64,5230713,67383328.00
2023/05/09,12.64,12.64,12.10,12.25,5541520,68212912.00
2023/05/10,12.25,12.77,12.10,12.61,5082542,63746492.00
2023/05/11,12.70,12.89,12.45,12.47,3392692,42995112.00
2023/05/12,12.36,12.66,12.33,12.42,2401063,30242624.00
2023/05/15,12.42,12.67,12.35,12.65,2551262,32078142.00
2023/05/16,12.63,12.94,12.62,12.82,2839576,36519836.00
2023/05/17,12.82,12.85,12.58,12.74,1910418,24431212.00
2023/05/18,12.82,12.83,12.63,12.65,1625178,20776410.00
2023/05/19,12.78,12.94,12.60,12.90,1858767,23918536.00
2023/05/22,12.82,13.22,12.82,13.20,3049971,40264000.00
2023/05/23,13.35,13.41,13.11,13.23,3223822,43120264.00
2023/05/24,13.21,13.47,13.08,13.21,3373988,44970056.00
2023/05/25,13.31,13.31,12.99,13.09,2207580,29053996.00
2023/05/26,13.04,13.36,13.04,13.32,3374930,44692388.00
2023/05/29,13.42,13.49,13.16,13.27,2784321,37207324.00
2023/05/30,13.27,13.41,13.10,13.30,2805005,37246140.00
2023/05/31,13.37,13.38,12.95,12.97,3203650,42043196.00
2023/06/01,12.96,13.22,12.96,13.03,2998749,39341336.00
2023/06/02,12.96,13.09,12.77,12.95,2897830,37524996.00
2023/06/05,13.14,13.14,12.92,13.10,1765964,23066592.00
2023/06/06,13.13,13.13,12.76,12.76,2717050,35081772.00
2023/06/07,12.83,12.90,12.58,12.71,2476761,31724966.00
2023/06/08,12.66,12.78,12.51,12.64,2138026,27089416.00
2023/06/09,12.70,12.91,12.56,12.64,1461270,18538080.00
2023/06/12,12.72,12.80,12.40,12.40,2028350,25336038.00
2023/06/13,12.34,12.48,12.16,12.22,2004190,24659870.00
2023/06/14,12.20,12.29,11.99,12.08,2425775,29517368.00
2023/06/15,12.11,12.20,11.99,12.09,2452464,29682660.00
2023/06/16,12.09,12.31,12.09,12.21,2103542,25710452.00
2023/06/19,12.37,12.40,12.20,12.27,1894331,23327936.00
2023/06/20,12.27,12.34,12.04,12.05,2097124,25554416.00
2023/06/21,12.11,12.16,11.91,11.99,1584415,19067910.00
2023/06/26,12.09,12.09,11.73,11.84,1905067,22609762.00
2023/06/27,11.78,12.32,11.78,12.04,2292431,27915604.00
2023/06/28,12.01,12.22,11.98,12.20,2876742,34912904.00
2023/06/29,12.20,12.34,12.04,12.10,2636920,32153268.00
2023/06/30,12.11,12.38,12.07,12.22,3309536,40636164.00
2023/07/03,12.24,12.36,12.05,12.28,2917505,35786248.00
2023/07/04,12.28,12.38,12.17,12.30,2504600,30893312.00
2023/07/05,12.34,12.34,12.16,12.24,1661448,20398480.00
2023/07/06,12.36,12.36,12.08,12.18,2464659,30180530.00
2023/07/07,12.22,12.26,12.06,12.08,1417940,17269944.00
2023/07/10,12.13,12.38,12.08,12.24,2611400,32152176.00
2023/07/11,12.25,12.25,12.14,12.23,1405390,17214326.00
2023/07/12,12.28,12.29,12.11,12.12,1372100,16752161.00
2023/07/13,12.17,12.26,12.07,12.20,1551350,18939288.00
2023/07/14,12.28,12.28,12.10,12.11,1376635,16772123.00
2023/07/17,12.16,12.18,11.91,12.03,2039900,24538928.00
2023/07/18,12.09,12.09,11.87,11.97,2177507,26163622.00
2023/07/19,11.99,12.05,11.89,11.93,1463938,17559628.00
2023/07/20,11.98,12.01,11.69,11.69,2979811,35383852.00
2023/07/21,11.65,11.88,11.65,11.81,2138925,25286646.00
2023/07/24,11.87,11.88,11.72,11.79,1925685,22825446.00
2023/07/25,11.84,12.01,11.76,11.99,2922313,34819456.00
2023/07/26,12.00,12.00,11.47,11.52,5558070,65181484.00
2023/07/27,11.56,11.65,11.47,11.53,2932437,33980208.00
2023/07/28,11.47,11.77,11.37,11.75,3483948,40510908.00
2023/07/31,11.73,12.06,11.58,11.61,3353250,39492824.00
2023/08/01,11.56,11.71,11.51,11.58,3207300,37326536.00
2023/08/02,11.51,11.55,11.24,11.27,3846434,43840616.00
2023/08/03,11.24,11.64,11.22,11.43,3881492,44304564.00
2023/08/04,11.50,11.53,11.22,11.26,3598999,40807360.00
2023/08/07,11.29,11.31,10.94,10.98,4294575,47408852.00
2023/08/08,11.00,11.20,10.96,11.06,4122141,45774064.00
2023/08/09,11.02,11.37,10.93,11.31,6666277,75143336.00
2023/08/10,11.31,11.33,11.17,11.29,3010340,33965552.00
2023/08/11,11.32,11.50,11.26,11.32,3619398,41380048.00
2023/08/14,11.22,11.41,11.04,11.19,2983051,33407558.00
2023/08/15,11.19,11.39,11.01,11.37,3765412,42430736.00
2023/08/16,11.34,11.52,11.19,11.21,2638840,30046962.00
2023/08/17,11.14,11.26,10.92,11.23,4379839,48615624.00
2023/08/18,11.17,11.17,10.84,10.87,4527802,49717400.00
2023/08/21,10.86,10.92,10.51,10.69,3266258,35223772.00
2023/08/22,10.79,10.84,10.36,10.59,3781709,40000688.00
2023/08/23,10.61,10.67,10.48,10.50,2233626,23693046.00
2023/08/24,10.54,10.65,10.37,10.56,3546036,37471160.00
2023/08/25,10.64,10.71,10.39,10.48,3076583,32529560.00
2023/08/28,11.15,11.16,10.41,10.49,3168633,34107932.00
2023/08/29,10.42,10.82,10.36,10.79,3928650,41970024.00
2023/08/30,10.80,10.96,10.74,10.79,3156400,34315996.00
2023/08/31,10.86,10.94,10.69,10.91,2538214,27609964.00
2023/09/01,10.87,10.98,10.75,10.81,2013690,21908768.00
2023/09/04,10.86,10.91,10.77,10.81,2569224,27893908.00
2023/09/05,10.82,10.86,10.71,10.74,2021650,21847250.00
2023/09/06,10.74,10.79,10.66,10.76,1758100,18917564.00
2023/09/07,10.77,10.77,10.59,10.60,2380209,25447516.00
2023/09/08,10.56,10.75,10.55,10.70,1921396,20513738.00
2023/09/11,10.70,11.69,10.66,11.33,9847427,111449840.00
2023/09/12,11.30,11.51,11.15,11.42,6540151,74689824.00
2023/09/13,11.45,11.45,11.06,11.19,3819168,42944868.00
2023/09/14,11.12,11.23,11.04,11.19,3108853,34757200.00
2023/09/15,11.19,11.54,11.11,11.42,4442277,50727496.00
2023/09/18,11.44,11.53,11.32,11.50,3538803,40595176.00
2023/09/19,11.43,11.54,11.26,11.30,2899260,33095326.00
2023/09/20,11.26,11.37,11.18,11.19,2671382,30148482.00
2023/09/21,11.16,11.24,10.99,11.00,2911559,32379462.00
2023/09/22,11.02,11.22,10.85,11.21,3221898,35655356.00
2023/09/25,11.16,11.42,11.16,11.28,3121750,35455188.00
2023/09/26,11.27,11.34,11.11,11.18,3321915,37392652.00
2023/09/27,11.18,11.55,11.12,11.46,6383513,73172264.00
2023/09/28,11.46,11.56,11.38,11.48,3138636,36144208.00
2023/10/09,11.46,11.48,11.27,11.39,3135020,35711164.00
2023/10/10,11.36,11.36,11.19,11.24,2070100,23383936.00
2023/10/11,11.24,11.56,11.18,11.43,2999069,34442192.00
2023/10/12,11.54,11.68,11.43,11.59,2942400,34194828.00
2023/10/13,11.56,11.86,11.47,11.82,4472412,52632092.00
2023/10/16,11.90,11.97,11.57,11.65,3547267,41717240.00
2023/10/17,11.65,11.67,11.29,11.45,3206658,36757212.00
2023/10/18,11.44,11.45,11.05,11.09,2648817,29664936.00
2023/10/19,11.16,11.16,10.83,10.89,3066580,33601740.00
2023/10/20,10.89,11.00,10.76,10.81,1802000,19639298.00
2023/10/23,10.84,10.84,10.43,10.50,2325841,24589764.00
2023/10/24,10.56,10.74,10.44,10.66,2165460,23059924.00
2023/10/25,10.76,10.81,10.58,10.61,2383890,25476668.00
2023/10/26,10.40,10.50,9.94,10.37,6854090,70030008.00
2023/10/27,10.33,11.29,10.31,11.20,8246766,90056768.00
2023/10/30,11.12,11.50,11.08,11.39,4905051,55937092.00
2023/10/31,11.46,11.61,11.27,11.49,3848603,44292896.00
2023/11/01,11.46,11.48,11.19,11.44,3315364,37719516.00
2023/11/02,11.42,11.57,11.31,11.40,2413419,27664848.00
2023/11/03,11.46,11.47,11.30,11.32,2235420,25477742.00
2023/11/06,11.35,11.65,11.35,11.55,3121551,36204252.00
2023/11/07,11.57,11.57,11.37,11.47,2570723,29541186.00
2023/11/08,11.52,11.71,11.42,11.60,3339915,38940212.00
2023/11/09,11.60,11.73,11.35,11.40,2827934,32587340.00
2023/11/10,11.36,11.60,11.27,11.48,1888234,21706784.00
2023/11/13,11.51,11.66,11.36,11.61,4206039,48655796.00
2023/11/14,11.61,11.78,11.54,11.70,2741200,32177382.00
2023/11/15,11.73,11.81,11.57,11.66,2525180,29561828.00
2023/11/16,11.64,11.71,11.55,11.57,2010490,23475608.00
2023/11/17,11.66,11.71,11.52,11.69,1616690,18838278.00
2023/11/20,11.74,12.01,11.67,11.95,3677114,43751580.00
2023/11/21,11.94,11.99,11.76,11.78,2994492,35564024.00
2023/11/22,11.72,11.82,11.66,11.66,1659622,19539690.00
2023/11/23,11.66,11.82,11.66,11.81,1558400,18397308.00
2023/11/24,11.81,11.90,11.62,11.80,2505532,29582062.00
2023/11/27,11.82,11.82,11.61,11.64,2563049,30012032.00
2023/11/28,11.66,11.81,11.48,11.78,2240247,26291212.00
2023/11/29,11.81,11.85,11.64,11.67,1519027,17883340.00
2023/11/30,11.72,11.75,11.54,11.65,1809420,21097124.00
2023/12/01,11.68,11.73,11.52,11.55,1756990,20420820.00
2023/12/04,11.51,11.58,11.33,11.43,2031600,23340914.00
2023/12/05,11.41,11.55,11.35,11.37,1899165,21828262.00
2023/12/06,11.41,11.56,11.24,11.38,2101800,24028952.00
2023/12/07,11.40,11.42,11.25,11.25,1717900,19492844.00
2023/12/08,11.22,11.26,11.08,11.14,1868574,20918790.00
2023/12/11,11.07,11.22,10.92,11.12,2900740,32141940.00
2023/12/12,11.15,11.15,10.93,11.07,2560955,28338188.00
2023/12/13,11.08,11.35,11.05,11.14,2402308,26997646.00
2023/12/14,11.12,11.25,11.03,11.06,2751880,30732886.00
2023/12/15,11.06,11.12,10.75,10.83,2949931,32294332.00
2023/12/18,10.85,10.91,10.72,10.74,2452550,26641130.00
2023/12/19,10.85,10.87,10.67,10.81,2320435,25073450.00
2023/12/20,10.81,10.94,10.67,10.72,2158453,23311678.00
2023/12/21,10.72,11.00,10.52,10.79,4501903,48612264.00
2023/12/22,10.78,10.78,10.48,10.50,2062166,21931804.00
2023/12/25,10.55,10.55,10.30,10.45,2214954,23141192.00
2023/12/26,10.44,10.52,10.26,10.28,1810576,18793650.00
2023/12/27,10.33,10.34,10.19,10.29,1038748,10714659.00
2023/12/28,10.32,10.56,10.20,10.51,1670002,17469396.00
2023/12/29,10.54,10.66,10.46,10.50,1850695,19628840.00
2024/01/02,10.50,10.56,10.37,10.45,1547964,16273601.00
2024/01/03,10.45,10.59,10.38,10.46,1612754,16957098.00
2024/01/04,10.44,10.46,10.36,10.41,922760,9633288.00
2024/01/05,10.44,10.45,10.09,10.14,1728200,17762082.00
2024/01/08,10.11,10.19,10.02,10.02,2237050,22693686.00
2024/01/09,10.04,10.10,9.84,9.93,2668908,26667734.00
2024/01/10,9.91,10.02,9.71,9.91,2644620,26306332.00
2024/01/11,9.86,10.02,9.73,9.98,1545702,15415575.00
2024/01/12,10.02,10.11,9.89,9.89,1400604,14055529.00
2024/01/15,9.81,9.96,9.81,9.89,1359353,13481337.00
2024/01/16,9.88,9.91,9.81,9.86,1995200,19708918.00
2024/01/17,9.87,9.88,9.59,9.59,2141320,20979328.00
2024/01/18,9.50,9.61,9.17,9.59,3664058,34410440.00
2024/01/19,9.58,9.61,9.31,9.33,1889038,17917042.00
2024/01/22,9.37,9.37,8.49,8.62,2828648,25324814.00
2024/01/23,8.51,8.68,8.40,8.56,3033872,25970530.00
2024/01/24,8.56,8.64,8.22,8.51,3684200,31239448.00
2024/01/25,8.57,9.06,8.46,9.03,3132758,27789000.00
2024/01/26,9.09,9.16,8.86,8.91,1855750,16779776.00
2024/01/29,8.77,8.77,7.99,8.03,17073131,140794016.00
2024/01/30,8.06,8.06,7.51,7.56,12852931,100245496.00
2024/01/31,7.59,7.60,7.06,7.09,12013153,87688936.00
2024/02/01,7.15,7.54,6.90,7.11,13814353,100257024.00
2024/02/02,7.22,7.37,6.56,6.81,12494012,88017256.00
2024/02/05,6.74,6.81,5.97,6.16,13520106,85100784.00
2024/02/06,5.80,6.67,5.72,6.38,12649567,78479192.00
2024/02/07,6.43,6.56,6.09,6.56,11182641,71499640.00
2024/02/08,6.41,7.54,6.16,7.38,11915377,82371752.00
2024/02/19,7.36,7.88,7.26,7.47,7338901,55528680.00
2024/02/20,7.47,7.64,7.28,7.55,4116990,31163488.00
2024/02/21,7.44,7.81,7.44,7.71,4065310,31478708.00
2024/02/22,7.66,7.82,7.61,7.78,3061368,23743160.00
2024/02/23,7.79,7.85,7.60,7.83,5117169,39764300.00
2024/02/26,7.83,8.14,7.83,8.01,4437844,35624704.00
2024/02/27,7.94,8.04,7.84,8.02,4949176,39628568.00
2024/02/28,8.02,8.36,7.30,7.30,13465728,105306392.00
2024/02/29,7.16,7.71,7.16,7.71,9835285,73988712.00
2024/03/01,7.76,7.76,7.52,7.64,5191493,39758484.00
2024/03/04,7.76,7.85,7.54,7.67,5607415,43115212.00
2024/03/05,7.66,7.69,7.43,7.47,4850997,36842436.00
2024/03/06,7.53,7.58,7.34,7.43,3750663,28082328.00
2024/03/07,7.45,7.54,7.27,7.29,5367679,40075292.00
2024/03/08,7.38,7.44,7.15,7.31,4773621,34897160.00
2024/03/11,7.29,7.43,7.27,7.42,5853050,43293148.00
2024/03/12,7.45,7.75,7.44,7.74,7654174,58511568.00
2024/03/13,7.74,7.86,7.61,7.77,7318286,56793996.00
2024/03/14,7.81,7.99,7.60,7.74,6915679,54244364.00
2024/03/15,7.66,8.12,7.65,7.99,9704183,77041664.00
2024/03/18,8.00,8.04,7.82,8.00,7327669,58422520.00
2024/03/19,8.01,8.03,7.90,7.92,3909242,31268736.00
2024/03/20,7.96,8.06,7.86,8.02,4694528,37605616.00
2024/03/21,8.08,8.11,7.88,8.00,4327635,34698648.00
2024/03/22,7.97,8.04,7.66,7.73,6251195,48851352.00
2024/03/25,7.76,7.77,7.42,7.43,4045660,30862964.00
2024/03/26,7.43,7.53,7.16,7.39,4691587,34611980.00
2024/03/27,7.39,7.48,7.25,7.27,4034538,29844830.00
2024/03/28,7.27,7.47,7.19,7.32,4127171,30533996.00
2024/03/29,7.35,7.41,7.25,7.40,2438200,17965018.00
2024/04/01,7.45,7.59,7.45,7.59,3702550,28059708.00
2024/04/02,7.61,7.69,7.46,7.63,3396742,25897410.00
2024/04/03,7.62,7.67,7.46,7.60,3550507,27036828.00
2024/04/08,7.57,7.60,7.21,7.24,5324039,39394372.00
2024/04/09,7.27,7.76,7.24,7.75,6216586,46908964.00
2024/04/10,7.97,9.26,7.97,8.56,25828991,222088496.00
2024/04/11,8.67,9.02,8.50,8.89,24209892,213682640.00
2024/04/12,8.75,9.46,8.50,9.28,19509686,177316512.00
2024/04/15,9.24,9.74,8.85,9.28,16838083,156197472.00
2024/04/16,9.07,9.41,8.70,9.17,12047754,109525664.00
2024/04/17,9.17,9.46,9.00,9.43,10282061,95356120.00
2024/04/18,9.48,9.67,8.90,9.21,11224721,104012792.00
2024/04/19,8.96,9.26,8.93,9.12,7233863,66041336.00
2024/04/22,9.06,10.25,9.06,10.25,17107475,170103152.00
2024/04/23,9.96,10.20,9.78,9.98,12450198,124690576.00
2024/04/24,9.82,10.03,9.54,9.86,9818144,96422520.00
2024/04/25,9.86,10.44,9.67,10.35,14044468,143552032.00
2024/04/26,10.03,10.41,9.87,10.27,10242509,104378216.00
2024/04/29,10.14,10.34,10.08,10.21,7032745,72101296.00
2024/04/30,10.21,10.95,10.15,10.70,10059157,107636352.00
2024/05/06,11.30,11.46,10.52,11.07,12045663,131767320.00
2024/05/07,10.84,11.32,10.69,11.05,9758914,107534664.00
2024/05/08,10.84,11.22,10.84,11.04,6433538,71279552.00
2024/05/09,11.09,11.21,10.65,11.08,8574750,94357592.00
2024/05/10,11.07,11.11,10.73,10.76,4873782,53117880.00
2024/05/13,10.79,10.93,10.56,10.61,4784673,51526024.00
2024/05/14,10.57,10.92,10.54,10.80,5334473,57533084.00
2024/05/15,10.72,10.85,10.63,10.73,3726250,40166612.00
2024/05/16,10.73,10.78,10.47,10.53,4227685,45108688.00
2024/05/17,10.50,10.57,10.09,10.21,7992027,82636496.00
2024/05/20,10.27,10.42,10.12,10.34,4663234,48201928.00
2024/05/21,10.26,10.32,10.08,10.29,3695737,37914088.00
2024/05/22,10.31,10.43,10.14,10.31,3020685,31070618.00
2024/05/23,10.26,10.43,10.17,10.27,2529070,26075608.00
2024/05/24,10.25,10.74,10.24,10.30,6087177,63923248.00
2024/05/27,10.47,10.47,9.99,10.26,4717866,48178000.00
2024/05/28,10.15,10.33,10.01,10.06,3620800,36855636.00
2024/05/29,10.15,10.16,9.91,9.98,3074100,30847172.00
2024/05/30,9.99,10.01,9.81,9.83,2900750,28866030.00
2024/05/31,9.98,10.11,9.87,10.00,3686190,37085584.00
2024/06/03,10.02,10.28,9.91,9.95,3836930,38760772.00
2024/06/04,10.09,10.11,9.86,10.00,2185387,21912600.00
2024/06/05,9.93,10.28,9.87,10.05,4420300,44707076.00
2024/06/06,9.96,10.03,9.66,9.95,5178719,51301080.00
2024/06/07,10.01,10.04,9.66,9.78,3758334,36926188.00
2024/06/11,9.96,10.25,9.83,10.10,4129412,41488552.00
2024/06/12,10.03,11.06,10.03,10.77,11726517,126172552.00
2024/06/13,10.71,10.85,10.54,10.61,5896306,63163444.00
2024/06/14,10.60,10.62,10.39,10.56,3707736,39080216.00
2024/06/17,10.55,10.60,10.41,10.46,2702450,28451980.00
2024/06/18,10.37,10.71,10.37,10.63,4094700,43434056.00
2024/06/19,10.64,10.64,10.44,10.52,2272100,23977098.00
2024/06/20,10.51,10.81,10.42,10.42,3607406,38404996.00
2024/06/21,10.33,11.22,10.25,11.11,10070399,110258072.00
2024/06/24,11.05,11.05,9.92,10.00,11046097,114788248.00
2024/06/25,9.78,10.20,9.77,9.99,4391308,44123160.00
2024/06/26,9.99,10.46,9.91,10.32,3952957,40299528.00
2024/06/27,10.30,10.42,10.04,10.10,3507475,35756880.00
2024/06/28,10.02,10.35,10.02,10.17,2768740,28342680.00
2024/07/01,10.18,10.28,9.91,10.08,2969382,29786124.00
2024/07/02,10.04,10.10,9.59,9.87,5162200,50731652.00
2024/07/03,9.73,9.87,9.43,9.69,4364827,41998932.00
2024/07/04,9.60,9.77,9.30,9.30,3316638,31350650.00
2024/07/05,9.30,9.85,9.25,9.78,6722789,64988044.00
2024/07/08,9.75,9.75,9.35,9.39,3537906,33446164.00
2024/07/09,9.38,9.48,8.88,9.41,6435150,59292940.00
2024/07/10,9.22,9.62,9.22,9.37,2405000,22731956.00
2024/07/11,9.63,9.70,9.41,9.57,2856981,27416728.00
2024/07/12,9.53,9.70,9.33,9.39,3188650,30164414.00
2024/07/15,9.44,9.44,8.62,8.80,9267500,82215488.00
2024/07/16,8.80,8.95,8.75,8.88,4297069,37984900.00
2024/07/17,8.96,9.04,8.54,8.86,7367637,64693252.00
2024/07/18,8.78,8.95,8.71,8.93,2986905,26360832.00
2024/07/19,8.79,8.93,8.69,8.77,3016500,26505946.00
2024/07/22,8.81,9.02,8.73,8.98,3282292,29258150.00
2024/07/23,8.96,9.01,8.60,8.60,2822800,24628452.00
2024/07/24,8.58,8.64,8.32,8.33,3491878,29459612.00
2024/07/25,8.31,8.46,8.23,8.35,2699950,22570084.00
2024/07/26,8.34,8.50,8.24,8.34,3198550,26682710.00
2024/07/29,8.35,8.44,8.24,8.26,2040400,16955720.00
2024/07/30,8.28,8.37,8.20,8.25,2003220,16586229.00
2024/07/31,8.29,8.83,8.19,8.80,4717065,40537172.00
2024/08/01,8.75,8.89,8.68,8.86,4107245,36128572.00
2024/08/02,8.80,9.10,8.74,8.81,4331250,38847712.00
2024/08/05,8.90,9.00,8.55,8.56,3128900,27381876.00
2024/08/06,8.78,8.80,8.55,8.76,2131750,18538826.00
2024/08/07,8.73,8.75,8.54,8.63,3414800,29410842.00
2024/08/08,8.66,8.84,8.60,8.62,3164648,27514800.00
2024/08/09,8.66,8.76,8.45,8.49,2780200,23755876.00
2024/08/12,8.57,8.79,8.52,8.66,2623729,22754968.00
2024/08/13,8.69,8.70,8.42,8.59,2606545,22194782.00
2024/08/14,8.63,8.63,8.38,8.44,1553530,13111679.00
2024/08/15,8.47,8.57,8.35,8.45,1937300,16370566.00
2024/08/16,8.46,8.57,8.36,8.51,1691300,14364991.00
2024/08/19,8.54,8.55,8.30,8.35,2144300,18049168.00
2024/08/20,8.32,8.44,8.12,8.20,1709850,14080686.00
2024/08/21,8.20,8.24,8.09,8.12,1513900,12356999.00
2024/08/22,8.23,8.23,7.97,8.00,1885686,15266098.00
2024/08/23,8.11,8.11,7.91,7.98,2520502,20183800.00
2024/08/26,7.94,8.16,7.89,8.00,2041406,16342995.00
2024/08/27,8.09,8.18,7.91,7.96,2430550,19520576.00
2024/08/28,7.88,8.09,7.79,7.83,3616800,28684092.00
2024/08/29,7.50,7.77,7.40,7.63,9912145,75520992.00
2024/08/30,7.68,7.94,7.52,7.75,5462196,42392388.00
2024/09/02,7.72,7.79,7.42,7.46,6262608,47238460.00
2024/09/03,7.50,7.69,7.40,7.51,3457382,26104424.00
2024/09/04,7.52,7.53,7.32,7.40,5105741,37841200.00
2024/09/05,7.42,7.52,7.38,7.46,3519748,26258828.00
2024/09/06,7.46,7.49,7.13,7.16,5583900,40430248.00
2024/09/09,7.16,7.31,7.10,7.21,3891288,28087404.00
2024/09/10,7.28,7.28,7.00,7.13,4309851,30616646.00
2024/09/11,7.14,7.35,7.10,7.17,5660219,40863136.00
2024/09/12,7.21,7.36,7.15,7.19,3086585,22368822.00
2024/09/13,7.23,7.23,6.95,6.98,4823935,33988756.00
2024/09/18,7.00,7.09,6.85,6.95,3808034,26528814.00
2024/09/19,6.95,7.17,6.90,6.99,3442950,24223076.00
2024/09/20,7.01,7.02,6.85,6.86,2793200,19271760.00
2024/09/23,6.93,6.99,6.86,6.90,2471570,17094126.00
2024/09/24,6.90,7.16,6.89,7.16,4143060,29151182.00
2024/09/25,7.25,8.13,7.20,7.52,13937716,105926048.00
2024/09/26,7.40,7.77,7.32,7.77,12392702,93987120.00
2024/09/27,7.88,8.30,7.85,8.15,13049451,104971400.00
2024/09/30,8.47,9.37,8.18,9.23,21441772,187588448.00
2024/10/08,10.97,10.97,9.27,10.23,25856575,257730256.00
2024/10/09,9.71,9.78,8.80,8.83,16767248,155457072.00
2024/10/10,8.91,9.23,8.79,8.79,10799622,96986592.00
2024/10/11,8.70,8.75,8.21,8.34,8700098,73722424.00
2024/10/14,8.34,8.45,8.11,8.42,6836884,56866440.00
2024/10/15,8.43,8.49,8.17,8.22,7109980,59289496.00
2024/10/16,8.10,8.35,8.06,8.19,4996620,41027000.00
2024/10/17,8.21,8.36,8.16,8.18,4649350,38392236.00
2024/10/18,8.18,8.62,8.15,8.43,8679247,72553176.00
2024/10/21,8.45,8.62,8.44,8.50,7364966,62737620.00
2024/10/22,8.52,9.11,8.51,8.98,13256529,117534400.00
2024/10/23,9.00,9.00,8.77,8.82,9032201,79904072.00
2024/10/24,8.76,8.87,8.45,8.50,13471944,116123552.00
2024/10/25,8.54,8.87,8.49,8.85,12533621,108792512.00
2024/10/28,8.87,9.04,8.72,9.01,13984250,124541736.00
2024/10/29,9.02,9.03,8.60,8.63,11934216,104396160.00
2024/10/30,8.80,8.80,8.39,8.48,9857942,84284648.00
2024/10/31,8.49,8.58,8.38,8.48,7929694,67212840.00
2024/11/01,8.45,8.52,8.19,8.35,9269428,77610784.00
2024/11/04,8.35,8.48,8.31,8.47,5877049,49398748.00
2024/11/05,8.49,8.66,8.42,8.66,9129442,78430632.00
2024/11/06,8.68,8.70,8.51,8.60,8780228,75681704.00
2024/11/07,8.58,8.89,8.58,8.86,10853684,95516064.00
2024/11/08,8.99,9.04,8.70,8.75,13808559,121775144.00
2024/11/11,8.68,8.85,8.65,8.84,11621960,101940744.00
2024/11/12,8.98,9.30,8.95,9.09,24385562,222236960.00
2024/11/13,9.07,9.19,8.76,8.90,12737544,113628000.00
2024/11/14,8.90,8.95,8.55,8.56,10871880,94828416.00
2024/11/15,8.50,8.63,8.40,8.42,7789828,66413924.00
2024/11/18,8.46,8.53,8.20,8.26,8277798,69080280.00
2024/11/19,8.29,8.47,8.21,8.46,6171799,51372752.00
2024/11/20,8.41,8.64,8.40,8.63,6950600,59505304.00
2024/11/21,8.63,8.88,8.54,8.73,8844454,77090688.00
2024/11/22,8.78,8.79,8.30,8.32,9376850,79739944.00
数据来源:通达信
