300673 佩蒂股份 日线 前复权
      日期	    开盘	    最高	    最低	    收盘	    成交量	    成交额
2017/07/11,10.36,11.36,10.36,11.36,8700,278539.00
2017/07/12,12.55,12.55,12.55,12.55,3800,134482.00
2017/07/13,13.86,13.86,13.86,13.86,4000,155720.00
2017/07/14,15.30,15.30,15.30,15.30,19200,822144.00
2017/07/17,16.88,16.88,15.75,16.88,8160403,377557984.00
2017/07/18,16.11,16.70,15.88,15.96,7241960,328675392.00
2017/07/19,16.02,16.14,14.81,15.13,5994000,255594176.00
2017/07/20,14.90,15.48,14.37,14.51,5472070,228818592.00
2017/07/21,14.26,14.51,14.07,14.24,3255016,130016864.00
2017/07/24,14.01,14.68,14.01,14.46,2926674,118269448.00
2017/07/25,14.53,14.53,14.15,14.24,1910344,76566168.00
2017/07/26,14.22,14.44,13.78,13.85,2419962,95715304.00
2017/07/27,13.80,14.80,13.70,14.54,3836859,154994736.00
2017/07/28,14.39,14.66,14.02,14.12,2240508,90210528.00
2017/07/31,14.22,14.40,13.90,14.16,1550557,61779004.00
2017/08/01,14.09,14.30,13.78,14.06,1991099,78538192.00
2017/08/02,14.14,14.47,14.02,14.13,1973984,78980264.00
2017/08/03,14.09,14.33,13.63,14.04,1729923,68056544.00
2017/08/04,14.07,14.07,13.65,13.68,1803892,69936672.00
2017/08/07,13.80,13.99,13.61,13.74,1225200,47383020.00
2017/08/08,13.74,13.74,13.37,13.56,1431037,54512076.00
2017/08/09,13.57,13.66,13.46,13.54,891309,33976284.00
2017/08/10,13.56,13.59,13.15,13.33,1424926,53508260.00
2017/08/11,13.21,13.31,12.94,13.14,1652509,60903704.00
2017/08/14,13.11,13.29,13.08,13.24,1052409,39113232.00
2017/08/15,13.16,13.40,13.09,13.38,1431355,53328252.00
2017/08/16,13.33,14.00,13.25,13.74,2401624,92537104.00
2017/08/17,13.74,13.84,13.58,13.69,1051700,40451872.00
2017/08/18,13.49,13.53,13.37,13.44,979131,37043020.00
2017/08/21,13.45,13.75,13.45,13.74,1894091,72361368.00
2017/08/22,13.84,14.18,13.71,13.74,2648722,103495680.00
2017/08/23,13.68,13.88,13.29,13.77,2253032,85919440.00
2017/08/24,13.77,14.44,13.66,13.91,3546632,139812768.00
2017/08/25,13.73,14.73,13.73,14.53,3920773,157075344.00
2017/08/28,14.63,15.29,14.62,15.06,4004253,167461488.00
2017/08/29,14.90,16.03,14.63,14.87,5597709,238491856.00
2017/08/30,14.77,15.18,14.55,14.96,3378889,140552640.00
2017/08/31,14.94,15.59,14.94,15.55,3310843,142340224.00
2017/09/01,15.55,15.66,15.25,15.27,2484905,107139624.00
2017/09/04,15.26,15.30,14.56,14.67,2590264,108291304.00
2017/09/05,14.73,14.99,14.63,14.81,1505051,62397588.00
2017/09/06,14.63,14.84,14.27,14.78,1920761,78393704.00
2017/09/07,14.75,15.11,14.53,14.55,2112236,87867888.00
2017/09/08,14.69,14.92,14.52,14.75,1802700,74342264.00
2017/09/11,14.69,15.15,14.69,15.12,1927468,80716888.00
2017/09/12,15.08,15.74,14.69,14.96,2876600,121797848.00
2017/09/13,14.83,15.00,14.66,14.95,1330399,55373932.00
2017/09/14,14.91,15.23,14.90,15.16,1474269,62218108.00
2017/09/15,15.16,15.16,14.54,14.54,1816643,75177168.00
2017/09/18,14.38,14.54,14.31,14.45,840500,33952200.00
2017/09/19,14.38,14.67,14.33,14.46,961600,39028728.00
2017/09/20,14.40,15.17,14.38,15.05,2256143,93860472.00
2017/09/21,14.93,15.97,14.93,15.68,4511455,196002736.00
2017/09/22,15.52,16.03,15.18,15.81,3901667,170895408.00
2017/09/25,15.92,16.32,15.59,15.98,3996613,178420800.00
2017/09/26,15.78,16.01,15.11,15.30,3411280,146905536.00
2017/09/27,15.25,15.35,14.87,15.25,2117300,89650480.00
2017/09/28,15.04,15.54,15.04,15.25,1372480,58938868.00
2017/09/29,15.25,15.36,15.05,15.11,1098804,46727908.00
2017/10/09,15.37,15.54,15.11,15.48,1317769,56653536.00
2017/10/10,15.44,16.10,15.33,16.05,2092151,92160832.00
2017/10/11,15.93,16.22,15.60,15.79,1769598,78357416.00
2017/10/12,15.81,16.44,15.70,16.41,2206769,99198312.00
2017/10/13,16.43,17.11,16.26,16.61,2637053,122473720.00
2017/10/16,16.62,16.68,15.66,15.81,2035132,91225640.00
2017/10/17,15.81,16.40,15.74,16.09,1233232,55497692.00
2017/10/18,16.15,16.53,15.94,15.97,1507005,68339360.00
2017/10/19,15.83,16.92,15.83,16.60,2090351,95885912.00
2017/10/20,16.50,17.40,16.44,17.28,2326485,109943744.00
2017/10/23,17.22,17.50,17.01,17.31,1683602,81187048.00
2017/10/24,17.20,17.30,16.66,17.06,1328593,62756144.00
2017/10/25,16.78,17.53,16.67,17.53,2388277,113845256.00
2017/10/26,17.42,17.77,17.17,17.22,1628600,79093376.00
2017/10/27,17.22,17.50,17.04,17.28,1369480,66139528.00
2017/10/30,17.13,17.13,16.30,16.31,2031860,94128520.00
2017/10/31,16.35,16.69,16.31,16.53,1319899,60834096.00
2017/11/01,16.50,17.24,16.43,17.07,1646304,77357536.00
2017/11/02,17.14,17.58,16.89,17.17,1643236,78864480.00
2017/11/03,16.99,17.40,16.85,17.37,1328192,63475592.00
2017/11/06,17.48,18.07,17.30,17.40,1824300,89579960.00
2017/11/07,17.29,17.68,16.90,17.68,1730932,83023168.00
2017/11/08,17.63,18.05,17.47,17.78,2041361,101431072.00
2017/11/09,17.83,17.83,17.30,17.64,1362317,66542312.00
2017/11/10,17.79,18.34,17.70,17.84,2132939,106848720.00
2017/11/13,17.76,18.47,17.60,18.33,1943886,97847688.00
2017/11/14,18.33,18.33,17.81,18.10,1424571,71620208.00
2017/11/15,17.97,18.30,17.64,17.96,1256224,62703108.00
2017/11/16,17.72,18.00,17.24,17.28,1285700,63121248.00
2017/11/17,17.18,17.39,16.03,16.22,2220180,103268336.00
2017/11/20,16.37,16.68,16.11,16.65,1142492,52418848.00
2017/11/21,16.50,16.68,15.74,16.33,1435792,65181312.00
2017/11/22,16.18,16.73,16.16,16.56,955792,44090296.00
2017/11/23,16.40,16.63,15.74,15.80,827900,37631636.00
2017/11/24,15.77,15.92,15.26,15.30,818100,35754368.00
2017/11/27,15.61,15.69,15.12,15.15,708500,30501280.00
2017/11/28,15.15,15.59,15.15,15.56,583600,25212592.00
2017/11/29,15.84,15.84,15.18,15.44,721889,31169300.00
2017/11/30,15.55,15.81,15.37,15.54,538800,23565484.00
2017/12/01,15.55,15.93,15.54,15.88,474561,20964324.00
2017/12/04,15.66,15.66,14.63,14.76,1130097,47467376.00
2017/12/05,14.66,15.00,14.63,14.67,822300,34145096.00
2017/12/06,14.64,15.11,14.64,15.10,587756,24498828.00
2017/12/07,15.00,15.37,14.86,15.21,567800,24048318.00
2017/12/08,15.08,15.63,15.04,15.49,494856,21364468.00
2017/12/11,15.53,15.69,15.37,15.42,433700,18793242.00
2017/12/12,15.37,15.51,15.11,15.28,500800,21378948.00
2017/12/13,15.33,15.61,15.13,15.58,478500,20588896.00
2017/12/14,15.48,15.63,15.34,15.59,341200,14771711.00
2017/12/15,15.54,15.90,15.18,15.25,383100,16542715.00
2017/12/18,15.36,15.47,15.24,15.47,307289,13205479.00
2017/12/19,15.41,15.58,15.38,15.44,268700,11614336.00
2017/12/20,15.44,15.47,15.00,15.03,437300,18659788.00
2017/12/21,15.10,15.29,15.00,15.18,271700,11548084.00
2017/12/22,15.32,15.68,15.22,15.33,561856,24387710.00
2017/12/25,15.38,15.62,15.09,15.40,488600,20950468.00
2017/12/26,15.28,15.77,15.27,15.67,550759,23969284.00
2017/12/27,15.48,15.81,15.47,15.48,416556,18212960.00
2017/12/28,15.42,15.84,15.40,15.76,487609,21451890.00
2017/12/29,15.85,16.10,15.78,15.91,675816,30144104.00
2018/01/02,15.87,16.18,15.87,16.11,559007,25064450.00
2018/01/03,16.14,16.14,15.93,15.99,316114,14144455.00
2018/01/04,15.88,16.08,15.66,15.76,469905,20804738.00
2018/01/05,15.80,15.91,15.65,15.68,315356,13892444.00
2018/01/08,15.77,15.99,15.59,15.96,410588,18071274.00
2018/01/09,15.96,16.01,15.59,15.62,335036,14736337.00
2018/01/10,15.66,15.71,15.00,15.03,666796,28423888.00
2018/01/11,15.16,15.53,15.04,15.41,441125,18916754.00
2018/01/12,15.41,15.51,15.18,15.37,305336,13120417.00
2018/01/15,15.33,15.50,14.44,14.72,769117,31835904.00
2018/01/16,14.65,14.87,14.63,14.81,418200,17298016.00
2018/01/17,14.88,15.07,14.74,14.99,433317,18084784.00
2018/01/18,15.05,15.05,14.71,14.74,390317,16240066.00
2018/01/19,14.71,15.18,14.71,14.90,331478,13905301.00
2018/01/22,14.90,15.20,14.73,15.13,363007,15284579.00
2018/01/23,15.13,15.26,14.96,15.07,247440,10468708.00
2018/01/24,15.38,16.38,15.38,16.07,1216024,54014296.00
2018/01/25,15.88,16.24,15.78,15.91,731707,32659136.00
2018/01/26,15.79,15.91,15.68,15.70,372400,16417622.00
2018/01/29,15.70,16.10,15.61,15.84,574493,25519952.00
2018/01/30,15.75,16.20,15.75,16.18,632863,28421080.00
2018/01/31,16.11,16.42,15.78,15.96,620108,27922014.00
2018/02/01,15.88,16.03,15.25,15.56,610401,26546996.00
2018/02/02,15.61,15.61,15.01,15.20,317228,13552948.00
2018/02/05,15.00,16.39,14.92,15.28,257786,11184143.00
2018/02/06,15.18,15.18,13.95,14.10,423698,17387624.00
2018/02/07,14.44,14.58,13.15,14.28,510815,20156264.00
2018/02/08,13.88,14.60,13.88,14.35,289520,11640219.00
2018/02/09,13.88,14.22,13.57,14.03,318620,12473179.00
2018/02/12,14.24,14.60,14.03,14.34,231480,9341878.00
2018/02/13,14.48,14.54,14.29,14.31,168668,6820606.50
2018/02/14,14.43,15.05,14.24,14.92,296902,12248601.00
2018/02/22,14.89,15.00,14.66,14.87,274168,11390286.00
2018/02/23,14.70,14.91,14.51,14.71,264135,10887394.00
2018/02/26,14.99,15.23,14.84,15.13,518115,21794702.00
2018/02/27,15.03,15.66,15.03,15.64,588696,25361464.00
2018/02/28,15.59,16.23,15.37,15.83,756995,33754892.00
2018/03/01,15.77,16.00,15.66,15.95,330078,14588654.00
2018/03/02,15.85,15.94,15.59,15.62,291680,12816826.00
2018/03/05,15.66,16.17,15.56,16.14,449874,20099666.00
2018/03/06,16.22,16.90,16.22,16.36,916400,42375484.00
2018/03/07,16.26,16.76,16.26,16.38,472400,21809288.00
2018/03/08,16.43,16.68,16.34,16.54,388600,17922452.00
2018/03/09,16.54,16.92,16.50,16.81,622519,29104218.00
2018/03/12,16.91,16.91,16.60,16.77,428736,19997980.00
2018/03/13,16.88,17.36,16.78,16.81,712900,33906256.00
2018/03/14,16.68,16.77,16.26,16.34,642500,29575672.00
2018/03/15,16.34,16.34,15.93,16.27,629700,28365572.00
2018/03/16,16.28,16.50,16.18,16.37,364500,16614593.00
2018/03/19,16.51,16.66,16.35,16.51,345600,15947066.00
2018/03/20,16.47,16.55,16.15,16.47,461400,21019058.00
2018/03/21,16.33,16.53,16.08,16.10,394434,17963982.00
2018/03/22,16.09,16.31,15.92,16.02,457678,20601088.00
2018/03/23,15.55,15.70,14.71,14.82,829286,35283312.00
2018/03/26,14.85,15.44,14.62,15.35,542045,22847144.00
2018/03/27,15.44,16.01,15.40,15.83,501709,22071100.00
2018/03/28,15.73,16.18,15.48,16.07,456509,20431322.00
2018/03/29,16.04,16.47,15.93,16.29,391700,17762902.00
2018/03/30,16.33,16.72,16.33,16.55,654788,30267350.00
2018/04/02,16.56,16.77,16.36,16.60,516963,23930662.00
2018/04/03,16.44,17.40,16.34,17.36,1167280,55270724.00
2018/04/04,17.37,18.58,17.09,18.30,1635068,81240888.00
2018/04/09,19.58,20.00,18.71,19.07,1895892,101115736.00
2018/04/10,18.70,19.86,18.48,19.51,1784929,95515400.00
2018/04/11,19.14,19.70,18.74,18.81,1929253,103295976.00
2018/04/12,19.00,20.02,18.79,19.35,1566317,84734672.00
2018/04/13,19.26,21.34,19.26,21.34,1696875,97212680.00
2018/04/16,21.85,22.68,20.91,21.38,1813337,108531832.00
2018/04/17,22.00,22.59,20.59,20.92,2322700,138722704.00
2018/04/18,21.29,21.29,19.96,20.71,1529801,87109696.00
2018/04/19,20.64,21.77,20.60,21.11,1686782,99834552.00
2018/04/20,20.91,21.63,20.35,20.41,1166438,68119856.00
2018/04/23,20.33,20.98,20.20,20.72,680707,38831220.00
2018/04/24,20.57,22.33,20.56,21.87,1380437,82907992.00
2018/04/25,21.63,22.29,21.22,21.91,1233857,74365848.00
2018/04/26,21.66,21.98,21.04,21.13,943300,56104152.00
2018/04/27,21.13,21.61,20.38,20.64,766600,44385192.00
2018/05/02,20.91,21.68,20.64,21.60,1075260,62883288.00
2018/05/03,21.59,21.62,20.74,21.51,804100,47447804.00
2018/05/04,21.59,22.60,21.44,22.24,1104300,67024284.00
2018/05/07,22.40,24.13,22.04,23.47,1210393,77906544.00
2018/05/08,23.49,24.26,23.29,23.52,827100,54328720.00
2018/05/09,23.34,23.73,22.96,23.40,488266,31427182.00
2018/05/10,23.46,23.80,23.34,23.66,533002,34777072.00
2018/05/11,23.59,23.84,22.59,22.78,538500,34604016.00
2018/05/14,22.58,23.29,22.58,23.00,476345,30360016.00
2018/05/15,22.70,23.68,22.51,22.77,778530,49258004.00
2018/05/16,22.96,24.02,22.48,23.88,1324962,85891952.00
2018/05/17,23.81,23.93,22.96,23.02,699500,45186020.00
2018/05/18,23.04,23.33,22.07,23.14,754845,47577448.00
2018/05/21,23.22,24.03,22.98,23.24,737201,47822540.00
2018/05/22,23.50,25.55,23.47,25.36,1838918,125329824.00
2018/05/23,25.43,26.61,24.81,25.81,2057087,145864624.00
2018/05/24,25.75,27.03,25.59,26.88,1296342,94900856.00
2018/05/25,26.96,27.48,26.06,26.21,1099242,80478032.00
2018/05/28,26.29,26.71,24.73,25.74,1518411,71700920.00
2018/05/29,26.15,26.99,24.63,24.84,1613543,75971048.00
2018/05/30,24.41,26.51,24.13,25.18,2281001,105351680.00
2018/05/31,25.81,26.01,24.78,25.58,2033042,94750904.00
2018/06/01,25.47,26.56,24.74,24.85,2972919,139498944.00
2018/06/04,25.13,25.15,22.96,23.50,2851815,124297600.00
2018/06/05,23.57,25.43,23.57,25.18,2500133,113107816.00
2018/06/06,25.22,25.99,25.09,25.51,1605132,74902360.00
2018/06/07,26.01,26.22,25.29,25.32,1481841,69570520.00
2018/06/08,25.39,26.18,24.68,25.46,1494932,69785192.00
2018/06/11,25.57,25.94,24.08,24.41,1521245,68567704.00
2018/06/12,24.37,25.27,23.66,25.10,1087270,49013600.00
2018/06/13,25.01,25.71,24.91,25.07,1132097,52248536.00
2018/06/14,25.06,25.60,23.90,24.41,1056832,47608840.00
2018/06/15,24.20,24.59,23.07,23.61,955443,41259572.00
2018/06/19,23.14,23.94,21.97,22.73,1624613,68207320.00
2018/06/20,22.51,23.95,22.51,23.71,1108248,47624536.00
2018/06/21,23.64,25.55,23.63,24.08,1867595,84227200.00
2018/06/22,23.84,25.07,23.84,24.81,996384,44933604.00
2018/06/25,24.83,25.11,24.51,24.69,892328,40461028.00
2018/06/26,24.63,25.96,24.38,25.54,1100048,50780212.00
2018/06/27,25.25,26.95,25.25,25.54,1723663,82017336.00
2018/06/28,25.43,25.99,24.77,25.79,1043320,48530104.00
2018/06/29,25.68,26.78,25.40,26.29,1325563,63325564.00
2018/07/02,26.24,26.57,25.80,25.95,912270,43506340.00
2018/07/03,25.95,26.57,25.38,26.30,1074190,50780064.00
2018/07/04,26.18,26.38,25.05,25.61,1345898,62993960.00
2018/07/05,25.46,26.02,23.40,24.01,1353950,60682412.00
2018/07/06,23.56,24.42,22.92,23.13,1571732,68051104.00
2018/07/09,23.16,25.48,23.16,25.48,1664366,74853328.00
2018/07/10,25.55,26.51,25.19,26.16,1308282,61919468.00
2018/07/11,26.15,26.40,25.19,25.82,1194381,56371880.00
2018/07/12,25.29,28.39,25.29,27.96,2767462,135369680.00
2018/07/13,27.97,30.79,27.80,29.63,5374936,293168480.00
2018/07/16,29.51,31.48,28.95,30.83,3594089,196778256.00
2018/07/17,29.63,30.45,28.71,29.72,2797079,150755600.00
2018/07/18,29.29,29.90,28.52,29.80,1857600,99477152.00
2018/07/19,29.75,29.90,28.86,29.18,1168650,62520224.00
2018/07/20,29.35,29.75,28.71,29.29,1190724,63398664.00
2018/07/23,28.85,29.34,27.13,28.62,1919933,98635536.00
2018/07/24,28.51,29.74,27.85,29.13,1813715,95544288.00
2018/07/25,29.07,30.27,28.79,28.88,1556650,83725704.00
2018/07/26,28.87,29.14,27.96,28.91,1233158,64150324.00
2018/07/27,28.96,28.96,27.89,27.98,872282,45133636.00
2018/07/30,28.21,28.26,26.18,27.07,1891475,93084584.00
2018/07/31,27.39,27.63,26.56,27.08,962774,47575160.00
2018/08/01,27.04,27.63,26.46,26.63,895224,44293968.00
2018/08/02,26.40,27.01,25.78,26.63,1493702,71726392.00
2018/08/03,26.35,26.83,25.41,25.85,1386054,65937728.00
2018/08/06,25.74,25.74,23.78,24.27,1706920,76797528.00
2018/08/07,24.40,25.35,24.35,25.17,968550,43985908.00
2018/08/08,25.22,25.34,24.23,24.28,658400,29793506.00
2018/08/09,23.88,26.28,23.51,25.68,1225511,56900072.00
2018/08/10,25.73,26.23,25.39,25.88,792651,37395300.00
2018/08/13,25.50,26.01,25.12,25.82,709975,33013450.00
2018/08/14,25.73,28.44,25.73,28.44,1875045,92957608.00
2018/08/15,28.33,28.35,27.19,27.60,1279627,64157256.00
2018/08/16,26.85,27.54,26.30,26.95,1006285,49547372.00
2018/08/17,27.28,27.40,25.29,25.32,999330,48115904.00
2018/08/20,25.18,25.40,23.98,24.88,983926,44355224.00
2018/08/21,25.04,27.06,24.90,26.72,1131393,53819736.00
2018/08/22,26.95,27.27,26.29,27.19,887300,43403416.00
2018/08/23,27.21,27.21,26.29,26.73,1377014,67032804.00
2018/08/24,26.85,28.80,26.73,28.51,2298172,117053824.00
2018/08/27,28.38,29.96,28.15,28.86,1538500,81280264.00
2018/08/28,28.86,29.28,28.40,28.53,1041331,54556356.00
2018/08/29,28.54,29.05,28.31,28.52,1054790,55188292.00
2018/08/30,28.52,29.06,28.24,28.24,697600,36410788.00
2018/08/31,28.24,28.51,27.68,27.74,766061,39198480.00
2018/09/03,27.75,28.73,27.05,28.51,970049,49400672.00
2018/09/04,28.40,29.90,28.26,29.10,1358050,72163344.00
2018/09/05,28.85,28.93,27.40,28.05,1319211,67666744.00
2018/09/06,27.63,28.29,27.54,28.07,669848,34277096.00
2018/09/07,27.89,28.83,27.10,27.28,1075050,54615012.00
2018/09/10,27.29,28.50,26.57,27.68,1153131,58523756.00
2018/09/11,27.81,27.94,26.49,27.23,1142700,56185368.00
2018/09/12,26.90,27.06,25.63,26.19,1381950,66087868.00
2018/09/13,26.56,26.56,24.69,26.06,1843592,86061664.00
2018/09/14,25.65,26.40,25.46,25.96,894683,42329700.00
2018/09/17,25.63,26.10,25.49,25.83,373500,17635016.00
2018/09/18,25.98,26.46,25.13,26.11,802550,37702624.00
2018/09/19,26.13,27.41,25.75,27.18,1447241,70500144.00
2018/09/20,26.92,27.24,26.38,26.51,575386,28122412.00
2018/09/21,26.74,27.88,26.53,27.75,1047750,52038776.00
2018/09/25,27.66,28.09,27.25,27.58,807100,40588856.00
2018/09/26,27.46,28.60,27.42,27.76,967211,49542740.00
2018/09/27,27.76,28.57,27.57,28.39,911055,46900412.00
2018/09/28,28.29,28.90,27.86,28.34,902905,46468016.00
2018/10/08,27.74,27.82,25.68,26.15,1187500,57531608.00
2018/10/09,26.13,26.85,25.81,26.18,483586,23166738.00
2018/10/10,25.92,26.50,25.79,26.23,327920,15667900.00
2018/10/11,24.91,25.61,23.56,23.56,1182640,52355084.00
2018/10/12,23.23,24.28,22.46,23.71,1224402,52668404.00
2018/10/15,23.72,24.51,23.02,23.21,1252550,54564636.00
2018/10/16,23.05,23.71,22.77,23.15,945009,40107312.00
2018/10/17,23.57,24.02,22.96,23.86,945070,40709012.00
2018/10/18,23.79,23.79,22.82,22.96,1003792,42358820.00
2018/10/19,21.95,23.68,21.88,22.96,1314045,55068168.00
2018/10/22,23.30,25.29,23.30,24.54,1735150,77528368.00
2018/10/23,24.34,25.06,23.29,23.54,1202167,53201980.00
2018/10/24,24.02,24.58,23.53,23.62,1008950,44262808.00
2018/10/25,22.66,23.16,21.99,22.60,1039286,42836584.00
2018/10/26,22.79,22.89,20.93,21.56,1446251,57364916.00
2018/10/29,21.29,21.57,19.69,21.40,820850,31564458.00
2018/10/30,21.48,22.13,20.91,21.75,1031495,40892492.00
2018/10/31,21.96,22.96,21.65,22.46,962170,39379024.00
2018/11/01,22.34,23.59,22.34,23.14,1097546,46362136.00
2018/11/02,23.78,24.40,23.63,24.10,1046557,45968200.00
2018/11/05,24.07,24.45,22.91,23.51,1050146,45413020.00
2018/11/06,23.57,23.75,23.18,23.57,483914,20738694.00
2018/11/07,23.36,24.18,23.04,23.67,519980,22551124.00
2018/11/08,23.76,23.99,23.17,23.26,664969,28401770.00
2018/11/09,23.18,23.35,22.98,23.24,403100,17097210.00
2018/11/12,23.24,23.80,22.57,23.79,819893,35044368.00
2018/11/13,23.36,24.72,23.35,24.55,1262800,55476268.00
2018/11/14,24.34,24.51,24.09,24.31,663236,29487904.00
2018/11/15,24.07,24.90,23.96,24.79,611842,27506060.00
2018/11/16,24.66,26.29,24.51,25.39,1656668,77740520.00
2018/11/19,25.65,26.00,24.96,25.51,774028,36027376.00
2018/11/20,25.30,25.72,24.54,24.60,559141,25568638.00
2018/11/21,24.35,25.00,24.01,24.76,405536,18186580.00
2018/11/22,24.89,24.89,24.39,24.52,266947,11976892.00
2018/11/23,24.35,24.68,23.60,23.79,486733,21305138.00
2018/11/26,23.70,23.95,23.41,23.95,353293,15308811.00
2018/11/27,24.07,24.29,23.68,23.81,427795,18692028.00
2018/11/28,23.78,23.86,23.29,23.73,510770,22022498.00
2018/11/29,23.96,24.00,22.73,22.89,721503,30709802.00
2018/11/30,22.75,22.90,22.15,22.64,595065,24543568.00
2018/12/03,23.53,24.68,23.53,24.12,1079929,47531252.00
2018/12/04,23.94,24.29,23.69,24.07,551150,24147764.00
2018/12/05,23.58,24.24,23.55,23.89,815300,35751396.00
2018/12/06,23.79,24.46,23.54,23.55,932245,40953460.00
2018/12/07,23.81,23.89,23.33,23.73,400163,17280842.00
2018/12/10,23.86,24.81,23.24,24.43,1056694,46982972.00
2018/12/11,24.43,25.57,24.22,25.13,1245019,57234936.00
2018/12/12,25.29,25.45,24.84,25.10,574304,26298486.00
2018/12/13,25.33,25.42,24.64,25.07,796215,36435168.00
2018/12/14,25.07,25.21,24.11,24.11,574100,25657182.00
2018/12/17,24.07,24.09,23.56,24.06,576514,25102396.00
2018/12/18,23.89,24.24,23.71,24.06,331950,14558096.00
2018/12/19,24.06,24.25,23.18,23.43,436100,18807068.00
2018/12/20,23.74,23.74,23.18,23.36,338450,14469020.00
2018/12/21,23.18,23.50,22.68,23.03,350812,14796117.00
2018/12/24,23.03,23.40,22.89,23.38,671353,28454324.00
2018/12/25,23.24,23.71,22.78,23.61,595819,25210102.00
2018/12/26,23.42,23.63,23.15,23.17,417271,17786324.00
2018/12/27,23.57,23.59,22.39,22.63,701400,29343534.00
2018/12/28,22.38,23.24,22.18,23.13,847790,35214016.00
2019/01/02,23.13,23.15,22.07,22.29,764650,31362712.00
2019/01/03,22.24,22.24,21.18,21.46,722411,28564404.00
2019/01/04,21.24,22.21,21.24,22.01,505050,20156578.00
2019/01/07,22.14,22.40,21.65,21.97,880570,35454096.00
2019/01/08,21.85,22.33,21.59,21.98,593288,23890762.00
2019/01/09,21.98,22.65,21.74,22.30,1460850,59406160.00
2019/01/10,22.30,22.30,20.88,21.51,1331761,52329384.00
2019/01/11,21.35,21.73,21.07,21.52,557795,21884222.00
2019/01/14,21.52,21.68,20.43,20.53,829000,31703344.00
2019/01/15,20.57,21.29,20.36,21.12,732042,28049456.00
2019/01/16,21.16,21.82,21.00,21.55,848705,33421308.00
2019/01/17,22.00,22.34,21.34,21.42,1807582,72863944.00
2019/01/18,21.53,22.21,21.46,22.04,1418700,56823024.00
2019/01/21,22.04,22.96,22.04,22.94,1644636,68131608.00
2019/01/22,22.89,23.01,22.21,22.60,889801,36858848.00
2019/01/23,22.32,23.04,22.28,23.04,1015608,42149848.00
2019/01/24,22.96,23.18,22.65,22.76,557610,23347952.00
2019/01/25,22.60,23.08,22.20,22.64,1217715,50393708.00
2019/01/28,22.85,23.25,22.20,22.82,1287747,53510592.00
2019/01/29,22.73,22.73,21.85,22.05,1274955,51763904.00
2019/01/30,22.05,22.38,21.65,21.79,687876,27740906.00
2019/01/31,22.17,22.17,20.96,21.09,1067429,41892880.00
2019/02/01,21.17,21.84,21.17,21.58,1304392,51711280.00
2019/02/11,21.61,23.13,21.61,23.05,1482243,61094632.00
2019/02/12,23.18,23.78,23.10,23.63,1379234,59327108.00
2019/02/13,23.68,23.88,23.35,23.68,1758009,75870512.00
2019/02/14,23.79,23.90,23.35,23.67,1467760,63261892.00
2019/02/15,23.73,24.30,23.29,23.40,1298950,56455000.00
2019/02/18,23.51,24.63,23.25,24.52,1488156,65060132.00
2019/02/19,24.41,24.56,23.71,23.97,1519810,66909380.00
2019/02/20,23.97,24.35,23.41,23.79,808091,35224616.00
2019/02/21,23.78,23.82,23.34,23.39,1401213,60483400.00
2019/02/22,23.35,23.63,23.15,23.63,1306016,55765296.00
2019/02/25,23.61,24.63,23.39,24.54,2872967,126229648.00
2019/02/26,24.11,24.43,23.73,23.76,2312132,101855584.00
2019/02/27,23.76,23.90,22.70,23.01,2564244,109260272.00
2019/02/28,23.01,23.34,22.75,23.23,2060464,86717736.00
2019/03/01,23.18,24.46,23.13,24.13,3491704,153303520.00
2019/03/04,24.61,25.74,24.13,24.90,4303197,197460944.00
2019/03/05,24.89,25.43,24.74,25.21,2631384,120610880.00
2019/03/06,25.18,25.28,24.64,24.75,2895000,131518712.00
2019/03/07,24.73,25.59,24.40,24.61,3511328,160022576.00
2019/03/08,24.18,25.00,23.90,23.93,3056441,136445232.00
2019/03/11,23.95,24.93,23.95,24.88,2496241,111964768.00
2019/03/12,25.28,27.36,24.80,27.25,6005946,286801792.00
2019/03/13,27.66,27.68,26.46,26.73,4275847,210902992.00
2019/03/14,26.63,26.94,25.84,26.68,2568063,123524864.00
2019/03/15,26.90,27.90,26.67,27.13,2589161,128535760.00
2019/03/18,27.40,28.57,27.29,28.50,2739592,139854864.00
2019/03/19,28.30,31.29,27.88,29.89,3682710,197812240.00
2019/03/20,29.61,30.49,28.90,29.82,2182522,118194072.00
2019/03/21,29.82,30.07,29.07,29.82,1843486,99262760.00
2019/03/22,29.63,29.76,28.41,29.28,2313291,122272040.00
2019/03/25,28.51,29.40,28.24,28.99,1604378,84276400.00
2019/03/26,28.89,29.26,27.54,27.80,2095649,107636880.00
2019/03/27,28.08,28.43,27.49,28.29,1333801,68174000.00
2019/03/28,28.23,29.18,27.96,28.50,1612133,84467096.00
2019/03/29,28.68,30.13,28.45,29.98,2300736,123921352.00
2019/04/01,29.79,31.05,29.35,29.90,3717348,203358064.00
2019/04/02,29.75,29.76,28.68,29.01,3152183,167139952.00
2019/04/03,28.82,29.18,28.51,29.13,1349354,70957448.00
2019/04/04,29.15,29.42,28.18,28.49,3282917,170732128.00
2019/04/08,28.51,29.05,27.74,27.94,1661113,85816920.00
2019/04/09,27.68,28.40,27.49,27.64,1880948,95566544.00
2019/04/10,24.84,25.85,24.84,24.86,8100533,370840096.00
2019/04/11,24.88,25.07,24.21,24.21,2994124,134241616.00
2019/04/12,24.15,24.45,24.03,24.13,1549633,68567312.00
2019/04/15,24.36,24.43,23.81,23.81,1513674,66719076.00
2019/04/16,23.79,23.83,22.54,23.65,2693674,114184872.00
2019/04/17,23.73,23.79,23.19,23.60,1623401,69988688.00
2019/04/18,23.52,23.59,22.80,22.89,2501149,105818288.00
2019/04/19,23.00,23.24,22.82,23.05,1272016,53458300.00
2019/04/22,23.03,23.12,22.68,22.78,1098102,45921272.00
2019/04/23,22.68,22.89,22.25,22.30,938751,38880364.00
2019/04/24,22.33,22.73,21.79,22.64,2378062,96202552.00
2019/04/25,22.39,22.40,21.64,21.71,1594200,64086844.00
2019/04/26,21.71,21.73,21.23,21.28,1216097,47640488.00
2019/04/29,21.27,21.29,20.75,20.86,1276858,48996896.00
2019/04/30,21.05,21.59,20.91,21.41,1354090,53055024.00
2019/05/06,20.74,20.74,19.23,19.23,2131080,76760368.00
2019/05/07,19.23,19.90,18.86,19.84,1509140,53586080.00
2019/05/08,19.33,19.61,19.09,19.18,1393600,49530192.00
2019/05/09,19.18,19.18,18.79,18.80,974678,33828476.00
2019/05/10,19.05,19.55,18.57,19.45,1624069,57502780.00
2019/05/13,19.43,19.57,19.20,19.33,859147,30647860.00
2019/05/14,19.33,19.46,19.01,19.10,688151,24253356.00
2019/05/15,19.32,20.15,19.28,19.98,1511528,54790008.00
2019/05/16,19.96,20.63,19.95,20.16,2093733,77436384.00
2019/05/17,20.06,20.15,19.28,19.38,1239287,44933056.00
2019/05/20,19.38,19.45,18.57,18.86,890231,31006750.00
2019/05/21,18.86,19.40,18.86,19.29,730400,25801704.00
2019/05/22,19.19,19.44,18.92,18.94,620881,21828232.00
2019/05/23,19.06,19.11,18.28,18.52,1102700,37746260.00
2019/05/24,18.35,18.51,17.93,17.94,893278,29791624.00
2019/05/27,18.18,18.18,17.34,18.00,1501245,49103940.00
2019/05/28,18.00,18.29,17.86,18.06,1084776,36020712.00
2019/05/29,18.01,18.33,17.88,18.14,778571,26039210.00
2019/05/30,18.21,18.76,17.84,18.67,1553314,52865044.00
2019/05/31,18.85,18.86,18.23,18.30,931650,31556956.00
2019/06/03,18.36,18.55,17.85,17.96,720954,23977960.00
2019/06/04,18.01,18.14,17.41,17.63,671350,21801644.00
2019/06/05,17.64,17.86,17.48,17.51,591721,19253830.00
2019/06/06,17.53,17.57,16.91,17.12,891121,28272400.00
2019/06/10,17.12,17.28,16.71,16.75,677875,17307618.00
2019/06/11,16.77,17.76,16.73,17.61,1555424,40492388.00
2019/06/12,17.46,18.02,17.46,17.69,1097823,29499058.00
2019/06/13,17.76,18.05,17.53,17.98,849375,22959686.00
2019/06/14,17.98,18.10,17.22,17.36,984203,26064386.00
2019/06/17,18.57,19.10,18.07,18.20,2747698,76946472.00
2019/06/18,17.54,17.56,16.99,17.24,2454538,63910656.00
2019/06/19,17.63,18.04,17.27,17.38,1689775,44812912.00
2019/06/20,17.50,17.77,17.00,17.69,1631414,42871524.00
2019/06/21,17.97,18.56,17.79,18.09,1863864,51013940.00
2019/06/24,18.36,18.37,17.78,18.24,1322340,36102480.00
2019/06/25,18.34,18.40,17.77,17.81,1177886,31863732.00
2019/06/26,17.77,17.97,17.59,17.77,719320,19343648.00
2019/06/27,17.70,18.09,17.67,17.82,778756,21011970.00
2019/06/28,17.96,17.96,17.56,17.65,789160,21062590.00
2019/07/01,18.08,18.16,17.74,18.08,1547806,41968144.00
2019/07/02,18.14,18.24,17.87,18.04,1130908,30745382.00
2019/07/03,18.04,19.38,17.86,18.94,3150941,89287632.00
2019/07/04,19.02,19.02,18.59,18.85,1821421,51583604.00
2019/07/05,18.68,18.96,18.66,18.73,743974,21039510.00
2019/07/08,18.88,18.88,17.76,18.48,1549341,42566080.00
2019/07/09,18.30,18.64,18.05,18.50,895301,24796404.00
2019/07/10,18.50,18.60,18.12,18.33,659593,18214916.00
2019/07/11,18.36,18.52,16.72,17.18,1924636,51449196.00
2019/07/12,17.02,17.36,16.84,16.94,1429000,36787088.00
2019/07/15,16.85,16.95,15.80,16.37,2439407,59752036.00
2019/07/16,16.40,16.46,16.10,16.32,1043095,25598196.00
2019/07/17,16.37,16.68,16.30,16.50,1063320,26518768.00
2019/07/18,16.52,16.52,16.15,16.26,666980,16397681.00
2019/07/19,16.23,16.82,16.14,16.64,1064580,26679350.00
2019/07/22,16.62,16.68,16.19,16.24,785746,19449312.00
2019/07/23,16.46,16.46,16.03,16.04,666340,16221745.00
2019/07/24,16.06,16.32,16.06,16.32,598000,14645838.00
2019/07/25,16.32,17.16,16.18,17.01,1181660,29748098.00
2019/07/26,16.69,17.18,16.69,16.96,1050149,26838416.00
2019/07/29,17.02,17.64,16.84,17.23,1330333,34660088.00
2019/07/30,17.16,17.77,16.98,17.52,1242840,32791092.00
2019/07/31,17.37,17.53,17.17,17.22,895426,23396724.00
2019/08/01,17.00,17.54,17.00,17.48,981760,25755350.00
2019/08/02,16.98,17.82,16.84,17.16,1185475,30863900.00
2019/08/05,16.97,17.37,16.74,16.83,932992,24032528.00
2019/08/06,16.82,16.82,16.04,16.48,1257280,31135116.00
2019/08/07,16.57,16.68,15.90,16.03,938100,23054332.00
2019/08/08,16.13,16.30,15.91,16.10,849497,20645224.00
2019/08/09,16.19,16.21,15.53,15.64,1112100,26538000.00
2019/08/12,15.75,15.75,14.92,15.32,1589277,36440404.00
2019/08/13,15.15,15.41,14.86,15.15,1148350,26270658.00
2019/08/14,15.29,15.54,15.24,15.24,868646,20167616.00
2019/08/15,14.94,16.04,14.86,15.66,1380549,32192756.00
2019/08/16,15.70,17.24,15.70,17.24,2717668,68673280.00
2019/08/19,17.31,17.50,16.80,17.47,3616399,94085504.00
2019/08/20,17.47,17.74,17.08,17.32,2197337,57456068.00
2019/08/21,17.23,17.84,17.10,17.46,2313375,61010020.00
2019/08/22,17.36,17.73,17.16,17.67,1865340,48993516.00
2019/08/23,17.62,17.62,17.10,17.12,1214440,31594812.00
2019/08/26,16.57,17.14,16.27,16.92,1414197,35768504.00
2019/08/27,16.94,17.24,16.82,16.86,1039140,26694340.00
2019/08/28,16.95,17.61,16.69,17.54,1982485,51599528.00
2019/08/29,17.51,17.54,17.07,17.23,1551800,40401656.00
2019/08/30,17.24,17.50,16.80,16.87,1413020,36541856.00
2019/09/02,16.87,17.20,16.78,17.12,826978,21291646.00
2019/09/03,17.12,17.22,16.66,16.88,1032106,26287914.00
2019/09/04,16.76,17.00,16.76,16.92,807980,20568586.00
2019/09/05,16.94,17.67,16.92,17.40,2696588,70600344.00
2019/09/06,17.34,19.15,17.34,18.56,4600560,127855840.00
2019/09/09,18.57,18.95,18.30,18.86,2443215,68649304.00
2019/09/10,18.78,18.98,18.57,18.64,1703840,48003288.00
2019/09/11,18.64,18.90,18.04,18.20,1438040,39891240.00
2019/09/12,18.24,18.49,18.24,18.38,901192,24967948.00
2019/09/16,18.44,18.70,18.08,18.22,983472,27165544.00
2019/09/17,18.06,18.40,17.66,17.70,1432240,38680280.00
2019/09/18,17.82,17.82,17.30,17.56,1277649,33786636.00
2019/09/19,17.67,17.77,17.44,17.60,824146,21858138.00
2019/09/20,17.61,18.46,17.61,18.28,2639480,72375216.00
2019/09/23,18.26,18.29,17.70,18.03,915871,24810088.00
2019/09/24,18.15,18.94,18.12,18.81,3349945,94482872.00
2019/09/25,18.99,19.69,18.58,18.83,3989074,115190120.00
2019/09/26,18.88,19.02,17.81,18.29,2264049,62566312.00
2019/09/27,18.18,19.22,18.17,19.18,2503671,71186488.00
2019/09/30,18.98,19.47,18.82,19.07,2060660,59627848.00
2019/10/08,19.32,19.76,18.90,18.96,1658411,48199064.00
2019/10/09,18.70,19.37,18.47,19.37,1650180,47157124.00
2019/10/10,19.30,19.42,18.93,19.38,1682120,48717564.00
2019/10/11,19.42,20.40,19.16,20.10,3107132,93326912.00
2019/10/14,20.10,20.51,19.98,20.13,1864631,56775584.00
2019/10/15,19.51,19.57,18.92,18.94,3175500,91684520.00
2019/10/16,19.01,19.04,18.57,18.91,1250971,35429788.00
2019/10/17,18.84,19.10,18.65,18.97,843070,24075740.00
2019/10/18,19.08,19.08,17.98,18.04,1880378,52353664.00
2019/10/21,17.90,18.17,17.28,17.45,1688543,44894764.00
2019/10/22,17.54,17.78,17.10,17.64,1382954,36286940.00
2019/10/23,17.75,19.37,17.75,18.29,2961971,83518512.00
2019/10/24,18.10,18.52,17.91,18.38,1536503,42016396.00
2019/10/25,18.20,18.42,18.00,18.24,1208078,33172754.00
2019/10/28,18.04,18.60,17.97,18.42,1291018,35751800.00
2019/10/29,18.49,19.22,18.28,18.80,1590776,45154600.00
2019/10/30,18.61,18.96,18.49,18.71,876040,24703782.00
2019/10/31,18.64,19.30,18.54,18.94,1381196,39679256.00
2019/11/01,19.10,19.10,18.54,18.76,860240,24297924.00
2019/11/04,18.68,19.07,18.46,18.84,1159060,32785724.00
2019/11/05,18.74,18.84,18.30,18.33,1275916,35507236.00
2019/11/06,18.44,18.74,18.11,18.29,673200,18689238.00
2019/11/07,18.48,18.48,17.90,18.28,803320,22116904.00
2019/11/08,18.40,18.85,18.30,18.33,860371,24107028.00
2019/11/11,18.04,18.23,17.52,17.76,1146374,30867452.00
2019/11/12,17.89,17.96,17.64,17.79,476770,12795792.00
2019/11/13,17.89,18.05,17.70,17.94,649430,17532892.00
2019/11/14,18.06,18.29,17.77,18.10,1085600,29674202.00
2019/11/15,18.17,18.18,17.44,17.44,1173446,31468224.00
2019/11/18,17.57,17.57,17.18,17.40,519580,13609825.00
2019/11/19,17.54,17.54,16.96,17.10,1515560,39284472.00
2019/11/20,17.10,17.18,16.36,16.40,2227504,55986312.00
2019/11/21,16.24,16.46,16.02,16.41,1079681,26446498.00
2019/11/22,16.28,16.42,15.82,15.97,1354800,32975916.00
2019/11/25,15.99,16.06,15.47,15.71,693075,16368778.00
2019/11/26,15.76,16.31,15.66,16.18,961696,23346530.00
2019/11/27,16.01,16.42,16.01,16.07,623160,15227484.00
2019/11/28,16.00,16.24,15.67,16.06,502380,12149990.00
2019/11/29,15.91,16.21,15.69,15.89,672117,16066332.00
2019/12/02,15.94,16.08,15.75,15.80,443104,10617434.00
2019/12/03,15.73,16.01,15.68,15.76,449109,10707079.00
2019/12/04,15.64,15.82,15.42,15.56,840000,19761096.00
2019/12/05,15.61,15.75,15.52,15.64,786540,18539090.00
2019/12/06,15.82,16.52,15.76,16.42,1734104,42670316.00
2019/12/09,16.24,16.41,16.12,16.27,887310,21759060.00
2019/12/10,16.30,16.30,15.82,16.04,789978,19079656.00
2019/12/11,15.92,16.43,15.90,16.15,744718,18070868.00
2019/12/12,16.30,16.30,15.76,15.94,636932,15368790.00
2019/12/13,16.14,17.55,16.14,17.55,3609691,93096808.00
2019/12/16,17.30,18.54,17.04,18.18,4167647,111458936.00
2019/12/17,18.12,18.50,18.00,18.24,2360368,64902704.00
2019/12/18,18.24,19.44,18.17,18.82,2591820,73136344.00
2019/12/19,18.62,19.09,18.44,18.74,1585491,44941376.00
2019/12/20,18.98,19.53,18.44,18.46,2442060,69377040.00
2019/12/23,18.29,19.04,18.20,18.20,1566200,43763928.00
2019/12/24,18.31,18.98,18.20,18.79,1746280,49305112.00
2019/12/25,18.79,18.84,18.44,18.56,1451371,40614124.00
2019/12/26,18.60,19.14,18.38,18.73,1705620,48018428.00
2019/12/27,18.62,18.77,18.27,18.56,1402789,39121576.00
2019/12/30,18.64,18.64,17.77,18.48,2069692,56760676.00
2019/12/31,18.51,19.02,18.37,18.50,1015340,28525048.00
2020/01/02,18.38,18.96,18.33,18.62,1617600,45186436.00
2020/01/03,18.91,19.20,18.32,18.34,1592812,44598800.00
2020/01/06,18.11,19.24,18.11,19.17,3428442,97538616.00
2020/01/07,19.25,19.44,18.71,18.90,2304962,65676868.00
2020/01/08,18.77,19.22,18.44,18.48,1486160,41942864.00
2020/01/09,18.50,18.90,18.48,18.69,1409860,39599400.00
2020/01/10,18.64,19.40,18.64,19.40,2910480,84133992.00
2020/01/13,19.40,19.40,18.94,19.27,1758040,50833096.00
2020/01/14,19.27,20.47,19.17,20.14,3465917,104247752.00
2020/01/15,20.10,20.44,19.42,19.58,2236139,66550448.00
2020/01/16,19.57,19.89,19.16,19.48,1298800,38261724.00
2020/01/17,19.38,20.07,19.00,19.18,1268759,36915128.00
2020/01/20,19.04,19.42,18.76,19.04,1614840,46210104.00
2020/01/21,18.89,19.03,18.14,18.17,2469388,68523432.00
2020/01/22,18.16,18.34,17.84,18.15,1303732,35528292.00
2020/01/23,17.99,18.00,17.18,17.24,1586480,42062996.00
2020/02/03,15.50,15.50,15.50,15.50,938800,21967920.00
2020/02/04,14.07,15.69,14.07,15.31,3597166,81298600.00
2020/02/05,15.22,16.67,15.22,16.42,2777240,67797208.00
2020/02/06,16.34,16.56,15.83,16.36,1277920,31496696.00
2020/02/07,16.20,16.90,15.95,16.48,1797695,44426028.00
2020/02/10,16.36,17.40,16.22,17.07,1511640,38687740.00
2020/02/11,17.06,17.42,16.65,16.98,1215800,31226552.00
2020/02/12,16.90,17.40,16.90,17.21,1095923,28470648.00
2020/02/13,17.09,17.37,16.87,16.94,1073638,27592044.00
2020/02/14,16.90,17.56,16.70,16.95,963200,24599666.00
2020/02/17,17.23,18.66,16.96,18.48,3503293,95548568.00
2020/02/18,18.31,19.03,18.31,18.90,1864894,52333672.00
2020/02/19,19.16,19.16,18.22,18.39,1686885,47636120.00
2020/02/20,18.57,18.74,18.25,18.50,1927599,53687588.00
2020/02/21,18.53,18.60,18.14,18.48,1404903,39004280.00
2020/02/24,18.57,19.90,18.41,19.58,3114743,90490696.00
2020/02/25,19.01,20.09,19.01,19.64,2693326,79662000.00
2020/02/26,19.16,20.09,18.71,18.77,1455994,42077076.00
2020/02/27,18.81,19.75,18.32,19.41,1797789,51764528.00
2020/02/28,18.66,19.11,18.10,18.12,2155223,60395536.00
2020/03/02,18.42,18.85,17.93,18.04,1780560,49033264.00
2020/03/03,18.46,18.68,17.92,18.36,1768854,48999076.00
2020/03/04,18.36,18.81,18.01,18.44,1335434,37192548.00
2020/03/05,18.44,19.16,18.27,18.70,2618139,74007672.00
2020/03/06,18.62,18.64,18.05,18.07,1889354,51925432.00
2020/03/09,18.04,18.22,16.90,16.98,1782899,46559328.00
2020/03/10,16.80,17.49,15.91,17.26,1523074,38802044.00
2020/03/11,17.60,17.86,17.26,17.68,1706527,45364160.00
2020/03/12,17.40,17.83,17.30,17.50,1026631,27260178.00
2020/03/13,16.04,17.46,16.04,17.24,1078953,27548944.00
2020/03/16,17.34,17.71,16.33,16.33,1210760,30923354.00
2020/03/17,16.57,16.96,15.71,16.84,1457476,36187968.00
2020/03/18,16.94,17.70,16.50,17.03,1520620,39626584.00
2020/03/19,16.87,16.90,16.19,16.57,1553521,38758488.00
2020/03/20,16.59,16.99,16.34,16.60,964619,24230950.00
2020/03/23,16.08,16.58,15.98,16.19,839062,20629666.00
2020/03/24,16.49,16.57,15.94,16.27,739724,18185736.00
2020/03/25,16.60,16.90,16.50,16.86,910520,22957750.00
2020/03/26,16.77,17.02,16.24,16.77,1325060,33380672.00
2020/03/27,17.04,17.37,16.91,16.96,1095720,28289926.00
2020/03/30,16.86,16.86,16.27,16.46,949120,23573142.00
2020/03/31,16.49,17.04,16.49,17.03,953760,24164582.00
2020/04/01,18.18,18.74,17.15,17.90,8123091,223489264.00
2020/04/02,17.36,17.56,16.57,17.26,4956068,127558848.00
2020/04/03,17.04,17.34,16.84,17.00,2162075,55833800.00
2020/04/07,17.24,17.41,16.94,17.36,2917628,75621632.00
2020/04/08,17.14,17.35,17.09,17.15,1662813,43148344.00
2020/04/09,17.32,17.32,16.74,16.85,2218559,56655496.00
2020/04/10,16.90,17.12,16.37,16.50,2056800,52097364.00
2020/04/13,16.38,16.42,15.92,15.98,1860020,45110092.00
2020/04/14,16.04,16.30,15.98,16.27,1378811,33557608.00
2020/04/15,16.27,16.37,15.90,16.00,1106520,26872726.00
2020/04/16,15.90,16.22,15.77,16.16,1116739,26961180.00
2020/04/17,16.30,17.00,16.18,16.76,2035761,51137680.00
2020/04/20,16.69,17.34,16.64,17.22,1867418,48098972.00
2020/04/21,17.30,17.40,16.97,17.07,1164506,30141314.00
2020/04/22,17.29,17.37,16.93,17.24,1172929,30438434.00
2020/04/23,17.24,17.56,16.92,16.94,983895,25443102.00
2020/04/24,17.03,17.30,16.70,16.97,1057747,27118326.00
2020/04/27,16.98,17.65,16.76,17.62,1688103,44177444.00
2020/04/28,17.56,19.14,17.10,18.64,3976459,109286544.00
2020/04/29,18.57,19.40,18.27,18.66,4194961,120178728.00
2020/04/30,18.90,19.02,18.58,18.83,2396133,67898808.00
2020/05/06,18.67,19.57,18.67,18.86,1950934,55500040.00
2020/05/07,18.90,19.51,18.79,19.12,2255120,65049704.00
2020/05/08,19.10,19.56,19.10,19.41,2058926,60032424.00
2020/05/11,19.57,19.95,19.14,19.22,2244583,66181580.00
2020/05/12,19.41,19.50,18.91,19.31,1804965,52220540.00
2020/05/13,19.19,21.25,19.18,21.25,6704214,209753712.00
2020/05/14,21.31,23.25,20.80,22.24,8384469,276650944.00
2020/05/15,22.10,22.47,21.84,22.30,4249633,141895776.00
2020/05/18,22.13,23.30,22.12,22.80,5162131,177354176.00
2020/05/19,22.77,23.34,22.24,23.02,3136120,107820992.00
2020/05/20,22.99,23.41,22.38,22.85,3357366,115709792.00
2020/05/21,23.10,23.22,22.02,22.02,2518500,85625224.00
2020/05/22,22.37,22.46,20.96,21.33,3640931,118871488.00
2020/05/25,21.33,21.56,20.79,21.31,2281697,73212296.00
2020/05/26,21.52,23.24,21.49,22.90,3899697,133613712.00
2020/05/27,22.76,23.66,22.37,22.70,3426447,118688880.00
2020/05/28,22.69,22.88,21.26,21.70,3558411,117465792.00
2020/05/29,21.71,22.88,21.60,22.64,3230610,108613376.00
2020/06/01,22.83,24.56,22.53,24.04,5274198,187878864.00
2020/06/02,24.16,24.72,23.50,23.84,2761607,99720392.00
2020/06/03,23.43,24.28,23.43,23.72,2142154,76712920.00
2020/06/04,24.14,24.14,23.24,23.50,1549776,55177504.00
2020/06/05,23.91,24.04,23.24,23.54,2149640,76393496.00
2020/06/08,23.56,23.97,23.26,23.60,1933709,68643088.00
2020/06/09,23.60,25.50,23.37,24.85,3662474,134406128.00
2020/06/10,24.67,25.16,24.46,25.04,1876880,70119072.00
2020/06/11,25.37,25.37,23.88,24.04,3508492,127910816.00
2020/06/12,23.29,24.44,23.24,24.24,2143674,77272656.00
2020/06/15,23.95,25.24,23.95,24.20,2592405,95181208.00
2020/06/16,24.52,24.97,24.30,24.57,2154671,79919504.00
2020/06/17,24.76,25.04,24.30,24.64,1501580,55719404.00
2020/06/18,24.70,24.84,23.70,23.91,2243040,81126904.00
2020/06/19,23.97,25.20,23.64,24.78,3395448,125127368.00
2020/06/22,24.70,25.29,24.22,24.68,2486575,92479168.00
2020/06/23,24.68,26.88,24.44,26.20,3942407,153656128.00
2020/06/24,26.04,26.49,25.52,25.68,2165160,84305440.00
2020/06/29,25.65,26.22,25.46,25.88,1876951,72796624.00
2020/06/30,25.91,26.42,25.51,25.82,1857025,72285672.00
2020/07/01,26.03,26.77,25.58,26.45,3127637,123508024.00
2020/07/02,26.76,26.76,25.40,25.67,2956507,114569176.00
2020/07/03,25.37,25.37,23.90,24.80,3033617,113487560.00
2020/07/06,24.77,25.12,24.38,24.89,3433299,127923080.00
2020/07/07,24.54,25.38,24.24,25.14,3530515,131849640.00
2020/07/08,25.92,26.89,25.38,26.36,3956750,155478464.00
2020/07/09,25.87,26.14,25.49,25.89,3104260,120662640.00
2020/07/10,25.84,27.64,25.58,26.60,3814954,152491024.00
2020/07/13,26.45,28.90,26.45,27.93,5950168,249193168.00
2020/07/14,26.96,27.07,25.95,26.51,6934786,276513696.00
2020/07/15,26.84,27.31,26.16,26.37,4400075,176777888.00
2020/07/16,26.80,26.84,24.40,24.40,4836389,186180240.00
2020/07/17,24.17,24.77,23.44,23.90,3027240,109697920.00
2020/07/20,23.91,24.96,23.48,24.94,2234680,82024072.00
2020/07/21,24.65,27.44,24.52,27.44,4509858,179900816.00
2020/07/22,28.18,30.20,26.98,29.86,8258707,365053728.00
2020/07/23,29.90,30.35,28.21,29.64,6650555,294274720.00
2020/07/24,29.14,29.90,27.24,27.70,5022118,211670112.00
2020/07/27,28.66,28.94,27.22,28.04,3826573,160852736.00
2020/07/28,28.57,30.07,28.01,28.90,3644843,157889856.00
2020/07/29,29.10,29.41,28.08,29.24,2793260,121528008.00
2020/07/30,29.50,29.50,28.48,29.16,1830500,79702296.00
2020/07/31,29.23,29.70,28.28,28.78,2515761,109457760.00
2020/08/03,28.91,29.37,28.16,29.10,2927230,126415840.00
2020/08/04,28.74,29.47,28.24,28.87,2632148,114571568.00
2020/08/05,28.58,30.27,28.36,29.61,3577871,158448944.00
2020/08/06,29.32,29.50,28.29,28.74,2381006,102770664.00
2020/08/07,29.07,30.28,27.93,28.73,3036083,133311456.00
2020/08/10,29.09,29.83,27.77,28.66,3708248,159634304.00
2020/08/11,28.58,30.02,28.24,28.94,3536540,155347648.00
2020/08/12,29.22,29.22,26.12,26.88,3860714,157723328.00
2020/08/13,26.88,27.37,26.18,26.30,2334860,93794064.00
2020/08/14,26.43,27.03,26.22,26.97,1821420,73000224.00
2020/08/17,26.98,27.34,26.34,26.82,2099595,84339088.00
2020/08/18,26.66,27.83,26.51,26.88,2228400,90454856.00
2020/08/19,26.90,27.05,25.84,26.12,1889358,74898224.00
2020/08/20,25.94,26.24,25.39,26.10,1362444,53167976.00
2020/08/21,26.10,27.40,25.90,26.97,2738656,110078912.00
2020/08/24,27.44,27.60,26.38,27.20,1852840,75356232.00
2020/08/25,26.99,27.56,26.57,27.01,1965997,79944896.00
2020/08/26,27.12,27.13,26.12,26.37,2036411,81329856.00
2020/08/27,26.27,26.55,25.46,25.96,2431257,94712144.00
2020/08/28,26.12,27.57,25.64,27.30,3850776,155543664.00
2020/08/31,27.79,28.16,26.90,27.62,3387167,140981472.00
2020/09/01,27.60,28.20,27.00,27.18,1719840,70847176.00
2020/09/02,27.50,27.76,26.58,27.01,1583879,64444012.00
2020/09/03,27.14,28.08,26.65,26.71,2603980,106740552.00
2020/09/04,26.09,26.49,25.68,26.16,2281600,89210376.00
2020/09/07,26.17,26.42,24.32,24.32,3258695,123345392.00
2020/09/08,24.57,24.76,23.59,24.00,2429171,87409160.00
2020/09/09,23.71,24.12,22.41,22.52,3061429,105792992.00
2020/09/10,22.71,22.90,21.70,22.09,2906101,97784488.00
2020/09/11,21.84,22.34,21.60,22.12,2134000,70795896.00
2020/09/14,22.37,23.09,22.11,22.57,2849058,96502672.00
2020/09/15,22.58,23.02,22.12,22.88,2200293,75091184.00
2020/09/16,22.90,23.07,22.19,22.36,1603316,54369036.00
2020/09/17,22.44,22.72,21.96,22.40,1543998,51937932.00
2020/09/18,22.44,23.13,22.06,22.99,1656578,56979528.00
2020/09/21,23.13,24.05,22.57,23.54,2713129,96308640.00
2020/09/22,23.54,24.41,23.23,23.82,2741861,98558200.00
2020/09/23,24.21,25.61,23.97,25.44,4168783,157556160.00
2020/09/24,25.21,25.45,24.74,24.96,2762941,104422104.00
2020/09/25,25.02,25.57,24.48,25.36,2516069,95151544.00
2020/09/28,25.35,25.54,24.58,24.74,1644576,61853228.00
2020/09/29,24.92,25.29,24.62,25.10,1256402,47352608.00
2020/09/30,24.76,25.88,24.76,25.26,1884735,72108408.00
2020/10/09,25.70,26.20,25.24,26.00,2735713,106570600.00
2020/10/12,25.88,26.14,25.49,26.10,2186139,85230928.00
2020/10/13,28.40,28.57,26.30,26.57,5601092,229631008.00
2020/10/14,26.24,26.90,26.04,26.34,4385194,173828464.00
2020/10/15,26.13,28.00,26.12,27.00,4231999,173606208.00
2020/10/16,27.00,27.12,26.44,26.86,2064780,83185944.00
2020/10/19,27.16,27.61,26.62,26.84,2062824,84055904.00
2020/10/20,26.90,27.44,26.66,26.86,2002159,81418656.00
2020/10/21,26.90,27.96,26.36,27.60,3268147,133181608.00
2020/10/22,27.29,27.60,25.44,26.34,4667765,183804848.00
2020/10/23,26.39,27.00,25.26,25.27,2813560,110924272.00
2020/10/26,25.54,25.54,24.44,24.80,4096190,153596288.00
2020/10/27,24.84,25.22,23.82,24.03,4523072,165740944.00
2020/10/28,23.85,24.50,23.64,24.43,2378007,86297808.00
2020/10/29,24.24,26.04,24.11,25.62,3542785,135632224.00
2020/10/30,25.66,26.56,25.42,25.66,2864178,111835224.00
2020/11/02,25.89,27.00,25.26,26.62,2842680,111727648.00
2020/11/03,26.56,26.62,25.95,26.27,2066495,81608464.00
2020/11/04,26.46,26.77,25.82,26.63,1978443,78404768.00
2020/11/05,26.72,27.40,26.37,27.16,3567116,144504752.00
2020/11/06,26.90,26.94,25.66,25.75,3694814,145036880.00
2020/11/09,25.83,26.02,24.57,24.91,3607560,136553776.00
2020/11/10,24.90,25.30,24.67,24.97,2511534,94355440.00
2020/11/11,24.90,25.22,24.04,24.30,2498311,92461824.00
2020/11/12,24.22,24.60,23.88,24.10,2093467,76200664.00
2020/11/13,24.20,24.46,23.65,23.94,2522007,91262208.00
2020/11/16,24.20,24.20,23.15,23.34,4519357,159324784.00
2020/11/17,23.34,24.10,22.92,23.84,3244990,115839560.00
2020/11/18,23.84,24.52,23.62,23.88,2321000,84018368.00
2020/11/19,23.88,24.34,23.48,24.06,2410474,86977880.00
2020/11/20,24.22,24.69,23.91,24.04,2050878,74830240.00
2020/11/23,24.04,24.11,23.62,23.88,1795195,64411976.00
2020/11/24,23.58,23.87,23.31,23.37,1921800,68197336.00
2020/11/25,23.74,23.74,22.63,22.80,1754706,60889400.00
2020/11/26,22.90,22.97,22.44,22.95,1466469,50146536.00
2020/11/27,22.92,23.04,22.50,22.71,1173220,40077208.00
2020/11/30,22.79,22.81,21.84,22.00,3269799,109110136.00
2020/12/01,22.09,22.97,22.05,22.66,3709287,126205112.00
2020/12/02,22.71,23.30,22.58,22.87,3047017,104831680.00
2020/12/03,22.94,23.04,22.59,22.68,1871840,64329452.00
2020/12/04,22.77,23.47,22.61,23.28,2934294,102197392.00
2020/12/07,23.48,23.49,22.79,22.84,3443168,119673736.00
2020/12/08,22.84,23.14,22.30,22.71,2696751,91787392.00
2020/12/09,22.44,22.97,22.28,22.30,1960079,66659044.00
2020/12/10,22.30,22.54,21.90,22.08,2528638,84450184.00
2020/12/11,22.12,22.30,20.91,21.37,3358218,109065176.00
2020/12/14,21.34,21.44,20.70,21.02,2754620,87181768.00
2020/12/15,21.02,21.37,20.92,21.12,2324131,73901656.00
2020/12/16,21.05,21.37,20.80,21.10,2619200,83308080.00
2020/12/17,21.23,21.80,20.93,21.65,3891182,125728000.00
2020/12/18,21.70,22.28,21.44,21.68,3433498,113272768.00
2020/12/21,21.62,21.76,21.12,21.28,3035822,97579928.00
2020/12/22,21.10,21.37,20.17,20.28,3097430,97020736.00
2020/12/23,20.13,20.43,19.70,19.90,4398675,132492936.00
2020/12/24,19.91,19.92,18.88,19.02,3750894,109127416.00
2020/12/25,18.70,19.63,18.48,19.31,4854078,139338000.00
2020/12/28,19.35,20.02,18.84,19.32,4215071,123189768.00
2020/12/29,19.74,20.11,19.45,19.66,3912549,116783040.00
2020/12/30,19.66,19.98,19.40,19.91,3119980,92428080.00
2020/12/31,19.77,20.96,19.71,20.76,5403401,166497696.00
2021/01/04,20.90,22.05,20.36,21.97,7268004,234734032.00
2021/01/05,21.67,22.12,21.60,21.87,4987855,164045280.00
2021/01/06,22.00,22.53,21.74,22.10,3769110,125168416.00
2021/01/07,22.23,22.23,21.51,21.84,3213067,105683880.00
2021/01/08,21.36,22.86,21.32,22.86,5066678,169927888.00
2021/01/11,23.17,23.64,22.58,23.37,5827812,203644112.00
2021/01/12,23.48,23.70,23.11,23.70,5063265,177944192.00
2021/01/13,23.87,24.00,23.27,23.52,4793342,170646736.00
2021/01/14,23.76,23.80,22.66,23.46,4153376,145743376.00
2021/01/15,23.74,23.74,22.97,23.07,3022409,105986240.00
2021/01/18,23.37,23.43,22.91,23.12,2591750,90351960.00
2021/01/19,22.98,23.11,22.16,22.34,4259622,144560368.00
2021/01/20,22.14,23.08,22.14,22.99,2643205,90359528.00
2021/01/21,22.89,23.76,22.89,23.34,3127422,109891792.00
2021/01/22,23.30,23.65,23.04,23.42,2700078,95032648.00
2021/01/25,23.24,24.00,22.73,23.94,4365358,154334800.00
2021/01/26,23.78,23.89,21.80,21.86,6175931,210230528.00
2021/01/27,21.86,22.77,21.75,22.49,3432305,115943728.00
2021/01/28,22.10,23.60,21.56,22.48,4820153,166173680.00
2021/01/29,22.63,22.73,20.38,20.67,7428566,236976336.00
2021/02/01,20.80,21.57,20.55,21.21,3245524,103661624.00
2021/02/02,21.64,21.80,20.84,21.42,3304084,105978544.00
2021/02/03,21.17,22.26,21.16,21.65,2974929,97655336.00
2021/02/04,21.49,22.93,21.46,22.22,4501284,151432816.00
2021/02/05,22.24,22.43,21.23,21.29,4091645,133648560.00
2021/02/08,21.38,21.96,20.94,21.46,3876790,125547888.00
2021/02/09,21.44,22.76,21.12,22.21,4014043,133390560.00
2021/02/10,22.36,23.82,21.98,23.31,4224360,147340240.00
2021/02/18,23.58,24.20,23.36,23.78,4427211,158587120.00
2021/02/19,23.68,24.04,23.44,23.61,4162344,148796592.00
2021/02/22,23.61,23.74,22.78,22.86,4989133,175336016.00
2021/02/23,22.61,23.01,21.92,22.08,3759214,126592456.00
2021/02/24,22.12,22.33,21.12,21.26,3661426,119492192.00
2021/02/25,21.39,21.96,21.30,21.59,3029679,98552800.00
2021/02/26,21.26,21.26,20.67,20.80,3318180,104795672.00
2021/03/01,20.80,21.34,20.80,21.04,2358663,74771992.00
2021/03/02,21.01,21.15,20.52,20.68,2426250,76031024.00
2021/03/03,20.66,20.90,20.30,20.50,2238662,69230168.00
2021/03/04,20.32,20.32,19.66,19.75,2925355,87620824.00
2021/03/05,19.50,20.42,19.50,20.40,2109762,64043460.00
2021/03/08,20.36,20.62,19.87,19.92,2015337,61595804.00
2021/03/09,19.98,20.09,19.17,19.81,2013304,59697924.00
2021/03/10,20.16,20.16,19.34,19.58,1954717,57683596.00
2021/03/11,19.47,19.96,19.12,19.90,1560121,46230680.00
2021/03/12,19.90,19.99,19.27,19.58,1411476,41578036.00
2021/03/15,19.72,19.72,19.17,19.28,1261944,36859216.00
2021/03/16,19.28,19.67,19.28,19.46,894538,26240260.00
2021/03/17,19.30,20.10,19.30,20.04,1715374,51395344.00
2021/03/18,19.91,19.98,19.66,19.84,1532672,45775576.00
2021/03/19,19.64,19.84,19.40,19.46,1143920,33780384.00
2021/03/22,19.46,19.72,19.35,19.50,1623195,47658108.00
2021/03/23,19.54,19.66,18.97,19.12,1608107,46799052.00
2021/03/24,19.10,19.50,18.98,19.30,1369990,39891148.00
2021/03/25,19.24,20.00,19.24,19.75,1866281,55571248.00
2021/03/26,19.74,20.46,19.67,20.24,2009363,61084136.00
2021/03/29,20.18,20.56,20.10,20.19,1719526,52628208.00
2021/03/30,20.19,20.36,19.97,20.17,1276070,38773624.00
2021/03/31,19.97,20.35,19.82,19.90,1119287,33794036.00
2021/04/01,20.03,20.08,19.77,19.92,1094328,32853902.00
2021/04/02,19.94,20.14,19.73,19.99,1546030,46482368.00
2021/04/06,19.98,20.10,19.78,20.04,1113560,33404802.00
2021/04/07,20.04,20.04,19.42,19.54,1570591,46447124.00
2021/04/08,19.47,20.17,19.38,20.04,2280484,68229648.00
2021/04/09,19.97,20.80,19.78,20.76,3345100,103289432.00
2021/04/12,20.70,20.78,20.20,20.22,2022885,62363080.00
2021/04/13,20.14,20.68,20.14,20.24,1614541,49606676.00
2021/04/14,20.16,20.38,19.91,20.16,1316732,39924236.00
2021/04/15,20.36,20.66,20.01,20.62,1777917,54738092.00
2021/04/16,21.19,21.77,20.82,20.90,3299462,105585408.00
2021/04/19,21.24,21.64,21.04,21.14,2327306,74636544.00
2021/04/20,21.14,22.08,20.90,21.82,3160223,103430880.00
2021/04/21,21.57,22.26,21.44,21.89,2171927,71690656.00
2021/04/22,21.90,22.44,21.60,22.32,2802854,93390952.00
2021/04/23,22.21,22.56,21.97,22.01,1926641,64309588.00
2021/04/26,22.10,22.20,21.24,21.43,2414866,79157504.00
2021/04/27,21.28,21.70,21.10,21.19,1799597,57910524.00
2021/04/28,21.44,22.48,21.40,21.61,3193386,105418584.00
2021/04/29,21.61,22.37,21.44,21.90,2240080,74342024.00
2021/04/30,21.90,21.98,21.46,21.69,2069467,67580640.00
2021/05/06,21.71,21.89,20.87,21.11,2160920,68925344.00
2021/05/07,21.16,21.22,20.72,20.76,1649183,52033820.00
2021/05/10,20.84,20.96,20.44,20.90,1360542,42581256.00
2021/05/11,20.83,21.56,20.58,21.46,1658022,52882532.00
2021/05/12,21.56,22.19,21.32,22.08,2146014,70565488.00
2021/05/13,21.80,23.52,21.76,22.84,4694305,161165040.00
2021/05/14,22.83,23.08,22.52,22.90,3131833,107994888.00
2021/05/17,22.90,23.35,22.58,23.02,2749455,95695672.00
2021/05/18,23.10,23.43,22.82,23.14,1747371,60792632.00
2021/05/19,23.10,24.27,22.97,23.80,3041645,109060208.00
2021/05/20,23.58,24.01,23.33,23.40,1998387,71041792.00
2021/05/21,23.42,23.64,22.91,23.07,2262080,78912392.00
2021/05/24,23.11,24.08,23.03,23.87,2944986,105509312.00
2021/05/25,23.94,24.36,23.49,23.69,2630987,94418432.00
2021/05/26,23.78,24.30,23.49,23.74,2219046,79941704.00
2021/05/27,23.62,23.69,22.69,23.34,3139749,109935392.00
2021/05/28,23.70,23.78,22.98,23.10,2291734,80416384.00
2021/05/31,22.94,23.30,22.72,23.16,3993207,138204656.00
2021/06/01,22.98,24.36,22.81,24.04,4959042,177881616.00
2021/06/02,23.98,24.33,23.73,24.18,3381885,122593808.00
2021/06/03,23.98,24.19,23.34,23.40,2523107,90329792.00
2021/06/04,23.44,24.30,23.40,24.27,4142730,149589040.00
2021/06/07,24.27,24.50,23.81,24.24,4173512,151719712.00
2021/06/08,24.13,24.14,22.65,22.90,5325564,187557856.00
2021/06/09,22.90,23.05,21.78,22.06,4882426,163133568.00
2021/06/10,21.95,22.17,21.65,22.07,3002337,99314320.00
2021/06/11,22.41,22.43,20.90,21.03,4430181,143835600.00
2021/06/15,20.99,21.19,20.28,21.04,3306765,103441192.00
2021/06/16,20.93,21.56,20.65,21.13,2427129,77467888.00
2021/06/17,21.04,21.68,21.03,21.30,2020131,64928440.00
2021/06/18,21.26,22.20,21.26,21.90,2751038,90021912.00
2021/06/21,22.34,23.71,22.00,23.46,9690982,224727968.00
2021/06/22,23.58,23.67,22.86,23.04,5562240,128888480.00
2021/06/23,23.04,23.80,22.63,22.97,5699085,132094520.00
2021/06/24,22.96,23.16,22.11,22.47,5687829,128456192.00
2021/06/25,22.49,22.71,21.99,22.32,3129539,69719368.00
2021/06/28,22.52,23.48,22.22,22.78,5911326,135324208.00
2021/06/29,22.62,22.87,21.99,22.07,3799950,84876376.00
2021/06/30,22.10,22.37,21.92,22.23,2275871,50532180.00
2021/07/01,22.34,24.27,22.19,23.59,11419683,269617472.00
2021/07/02,23.48,24.28,23.42,23.74,8026977,191810944.00
2021/07/05,23.84,24.75,23.64,24.43,7497924,182269072.00
2021/07/06,24.59,24.63,23.52,23.94,5183135,124113616.00
2021/07/07,23.58,24.25,23.34,23.94,4832330,115526456.00
2021/07/08,23.98,24.21,22.97,23.61,5975877,140896832.00
2021/07/09,23.68,23.77,22.60,22.92,6744539,154847872.00
2021/07/12,22.98,23.46,22.62,22.92,4872599,112320592.00
2021/07/13,22.76,23.05,22.38,22.94,5146461,117465464.00
2021/07/14,22.78,23.04,22.05,22.23,5165875,117209936.00
2021/07/15,22.37,22.45,19.97,20.87,15294838,318533152.00
2021/07/16,20.86,20.86,20.07,20.72,7765956,158863360.00
2021/07/19,20.73,21.03,20.32,20.81,4711688,97897264.00
2021/07/20,20.72,20.97,20.48,20.67,3687029,76551192.00
2021/07/21,20.65,20.88,20.48,20.79,3657175,75679480.00
2021/07/22,20.79,20.79,19.99,20.24,5519843,112084344.00
2021/07/23,20.27,20.32,18.80,19.28,9096829,177294624.00
2021/07/26,19.11,19.71,18.88,19.36,4116767,79650520.00
2021/07/27,19.27,20.24,19.09,19.57,5886338,116715472.00
2021/07/28,19.54,19.69,19.08,19.57,3794469,73460408.00
2021/07/29,19.57,20.08,19.38,19.80,4309464,85336760.00
2021/07/30,19.80,20.00,19.65,19.78,2695960,53390460.00
2021/08/02,19.51,20.22,19.23,20.01,3215346,63623080.00
2021/08/03,19.87,20.17,19.79,20.09,2825043,56601580.00
2021/08/04,20.07,20.07,19.65,19.66,2617568,51932256.00
2021/08/05,19.64,20.02,19.47,19.73,2688730,53184184.00
2021/08/06,19.59,19.59,19.07,19.27,3912952,75631816.00
2021/08/09,18.63,19.34,18.52,19.22,3352153,63778448.00
2021/08/10,19.18,19.92,18.99,19.89,3719454,73344712.00
2021/08/11,19.95,20.04,19.48,19.65,2741114,53947960.00
2021/08/12,19.69,19.91,19.23,19.25,3574855,69698152.00
2021/08/13,19.10,19.42,18.94,19.01,2784407,53225780.00
2021/08/16,19.01,19.67,18.90,19.61,3014432,58416000.00
2021/08/17,19.55,19.55,18.67,18.82,3491192,66611516.00
2021/08/18,18.87,19.03,18.69,18.97,1703127,32205012.00
2021/08/19,18.89,19.04,18.74,18.78,1774449,33600116.00
2021/08/20,18.77,18.78,17.82,18.05,4589400,83586304.00
2021/08/23,18.01,18.47,17.81,18.33,2430517,44212560.00
2021/08/24,18.42,18.50,18.24,18.32,1910168,35095068.00
2021/08/25,18.17,18.72,17.98,18.54,1765260,32727806.00
2021/08/26,18.47,18.57,18.22,18.38,1589482,29255042.00
2021/08/27,18.38,18.38,17.67,17.76,3302660,59182296.00
2021/08/30,18.03,18.52,17.86,18.35,2517021,45889096.00
2021/08/31,18.32,18.52,18.07,18.46,2203148,40423512.00
2021/09/01,18.60,18.60,18.20,18.57,2268379,41852564.00
2021/09/02,18.57,19.16,18.39,18.90,3345003,63146756.00
2021/09/03,18.95,19.70,18.77,19.46,4929282,95348896.00
2021/09/06,19.46,19.47,18.87,19.12,4363734,83101392.00
2021/09/07,19.07,19.07,18.77,19.02,2583815,49032536.00
2021/09/08,18.97,19.16,18.78,18.82,2732611,51731200.00
2021/09/09,18.82,19.04,18.59,18.70,2264052,42552120.00
2021/09/10,18.67,18.77,18.23,18.24,2970165,54842388.00
2021/09/13,18.16,18.30,17.90,18.03,2671274,48317036.00
2021/09/14,18.15,18.20,17.81,17.86,2092664,37741424.00
2021/09/15,17.87,17.92,17.68,17.85,1745583,31069728.00
2021/09/16,17.84,18.26,17.77,17.90,2481911,44847456.00
2021/09/17,17.89,17.92,17.42,17.87,3291193,58112688.00
2021/09/22,17.47,17.80,17.47,17.54,1386663,24440442.00
2021/09/23,17.67,18.03,17.62,17.85,1737630,31101382.00
2021/09/24,17.85,18.19,17.67,18.01,1857739,33545220.00
2021/09/27,18.02,18.55,18.02,18.45,3432123,63121248.00
2021/09/28,18.32,18.32,17.85,18.09,2070865,37440784.00
2021/09/29,17.97,18.32,17.70,18.05,2010895,36378032.00
2021/09/30,18.15,18.42,17.95,18.30,1599293,29276052.00
2021/10/08,18.37,18.94,18.35,18.72,3495885,65654776.00
2021/10/11,18.77,18.87,18.47,18.68,2250258,42059632.00
2021/10/12,18.37,18.67,18.15,18.34,2008393,36940368.00
2021/10/13,18.27,18.31,17.86,18.17,1635245,29592628.00
2021/10/14,18.47,18.97,18.35,18.39,3929104,73520880.00
2021/10/15,18.11,18.26,17.77,17.82,2613484,46938212.00
2021/10/18,17.77,17.84,17.17,17.71,1744450,30630404.00
2021/10/19,17.71,17.99,17.45,17.87,1853771,33076120.00
2021/10/20,17.85,18.47,17.48,17.57,3197820,57667816.00
2021/10/21,17.57,17.62,17.15,17.22,3102120,53757016.00
2021/10/22,17.22,17.32,16.67,16.83,4468340,76054088.00
2021/10/25,16.77,17.00,16.47,16.86,3157731,52890264.00
2021/10/26,16.85,17.40,16.74,16.90,2815091,48077948.00
2021/10/27,16.78,16.87,16.17,16.21,5311256,87476264.00
2021/10/28,16.20,16.40,15.84,16.35,2945709,47619276.00
2021/10/29,16.32,17.15,16.25,16.90,3012892,50688160.00
2021/11/01,16.94,17.18,16.67,16.92,2193378,37208648.00
2021/11/02,16.87,17.32,16.85,17.05,2745437,46950372.00
2021/11/03,16.98,17.28,16.98,17.18,1891460,32476446.00
2021/11/04,17.13,17.36,17.04,17.31,2068707,35693620.00
2021/11/05,17.23,17.59,17.14,17.39,2311470,40350844.00
2021/11/08,17.39,17.50,16.99,17.05,1673543,28731382.00
2021/11/09,17.06,17.29,17.00,17.11,1130855,19382796.00
2021/11/10,17.12,17.25,16.94,17.13,1232382,21102042.00
2021/11/11,17.05,17.47,17.03,17.29,1504750,26104804.00
2021/11/12,17.37,17.42,17.17,17.20,1176620,20357600.00
2021/11/15,17.22,18.55,17.22,18.38,5385878,97825176.00
2021/11/16,18.27,19.31,18.19,19.30,9189812,174714752.00
2021/11/17,19.35,19.35,18.65,18.72,5237646,98843912.00
2021/11/18,18.72,18.72,18.05,18.16,4271600,78179224.00
2021/11/19,18.14,18.26,18.03,18.15,2155047,39150564.00
2021/11/22,18.17,18.47,17.95,18.06,2798280,50605152.00
2021/11/23,17.98,18.37,17.95,18.10,2090850,37929080.00
2021/11/24,18.04,18.30,17.85,18.23,2120550,38446752.00
2021/11/25,18.24,18.65,18.13,18.47,3044835,56121140.00
2021/11/26,18.48,18.56,18.07,18.07,1865330,33927068.00
2021/11/29,17.97,17.97,17.67,17.88,1874953,33432030.00
2021/11/30,17.87,18.08,17.73,18.03,1503591,27038156.00
2021/12/01,18.03,18.25,17.85,18.17,1736045,31377048.00
2021/12/02,18.30,19.53,18.28,18.73,7788419,147875744.00
2021/12/03,18.57,18.94,18.47,18.57,2953370,55140440.00
2021/12/06,18.57,18.57,17.77,17.77,3824236,68743056.00
2021/12/07,17.79,17.92,17.62,17.88,2018860,35971304.00
2021/12/08,17.82,18.37,17.77,18.31,1967630,35822064.00
2021/12/09,18.31,18.82,18.19,18.57,2653050,49385072.00
2021/12/10,18.51,19.06,18.39,18.96,3908360,73379136.00
2021/12/13,18.98,19.21,18.79,18.98,3231960,61716412.00
2021/12/14,18.86,19.77,18.86,19.27,4743795,92254864.00
2021/12/15,19.29,19.71,19.10,19.35,3622035,70395792.00
2021/12/16,19.95,19.98,19.48,19.72,5502970,108382488.00
2021/12/17,19.75,20.13,19.59,19.91,5598533,111504088.00
2021/12/20,19.85,19.85,19.31,19.47,6098430,119198840.00
2021/12/21,19.57,19.57,19.27,19.42,4998269,97225912.00
2021/12/22,18.79,19.42,18.72,19.20,5885300,112862832.00
2021/12/23,19.35,19.35,18.78,19.00,2623300,49742160.00
2021/12/24,19.23,19.23,18.67,18.87,2336240,44047140.00
2021/12/27,18.87,20.22,18.87,20.19,6060026,119032928.00
2021/12/28,19.97,21.25,19.78,20.42,9482306,197290736.00
2021/12/29,20.33,20.43,19.78,20.08,4469895,90103472.00
2021/12/30,19.97,20.35,19.87,20.15,2875361,57946504.00
2021/12/31,20.06,20.55,19.99,20.45,3241410,65926256.00
2022/01/04,20.61,21.14,20.37,20.97,5877924,122579104.00
2022/01/05,21.02,21.44,20.17,20.53,4298822,88943648.00
2022/01/06,20.27,21.07,20.07,20.74,3818556,78935336.00
2022/01/07,20.74,20.89,19.88,20.03,3040820,61866724.00
2022/01/10,20.01,20.85,19.97,20.45,3477020,71302168.00
2022/01/11,20.33,20.55,19.37,19.51,5899730,116594344.00
2022/01/12,19.74,20.20,19.53,20.03,4265800,85251128.00
2022/01/13,19.68,20.12,19.07,19.16,5878835,114984808.00
2022/01/14,19.16,19.48,18.68,18.72,4297302,81741416.00
2022/01/17,18.72,18.96,18.54,18.77,2261680,42548972.00
2022/01/18,18.85,18.87,17.92,17.97,4896017,89401632.00
2022/01/19,17.99,18.40,17.73,18.11,2682797,48767324.00
2022/01/20,18.11,18.28,17.75,17.82,2952760,53013564.00
2022/01/21,17.81,18.49,17.72,18.21,3705805,67620240.00
2022/01/24,18.08,18.30,17.77,17.88,2433455,43724700.00
2022/01/25,17.80,17.99,17.47,17.47,2659674,47150716.00
2022/01/26,17.65,17.76,16.97,17.38,3043545,52589748.00
2022/01/27,17.37,17.46,16.81,16.82,2301270,39114952.00
2022/01/28,16.83,17.35,16.78,17.20,1478347,25410406.00
2022/02/07,17.39,17.40,17.07,17.08,1577582,27137350.00
2022/02/08,17.09,17.60,17.00,17.54,1559234,27052876.00
2022/02/09,17.50,17.85,17.46,17.84,1191000,21141252.00
2022/02/10,17.87,17.93,17.58,17.74,993700,17643972.00
2022/02/11,17.66,17.66,17.12,17.17,2045225,35508080.00
2022/02/14,17.18,17.35,17.08,17.11,1334825,22963300.00
2022/02/15,17.18,17.50,17.10,17.44,1210350,20960614.00
2022/02/16,17.44,17.57,17.28,17.47,879289,15347990.00
2022/02/17,17.44,17.75,17.29,17.50,1082416,19021066.00
2022/02/18,17.49,17.93,17.32,17.76,1077750,19044256.00
2022/02/21,17.74,17.90,17.66,17.78,803050,14291408.00
2022/02/22,17.71,17.71,17.30,17.42,1108100,19376114.00
2022/02/23,17.46,17.64,17.30,17.52,1165650,20380762.00
2022/02/24,17.34,17.61,16.84,17.05,2103216,36226572.00
2022/02/25,17.16,17.46,17.06,17.08,1038080,17945166.00
2022/02/28,17.08,17.17,16.78,17.02,888914,15104382.00
2022/03/01,16.94,17.20,16.93,17.13,932664,15939282.00
2022/03/02,17.07,17.32,16.95,17.18,834900,14374582.00
2022/03/03,17.09,17.32,17.01,17.04,1018200,17474118.00
2022/03/04,16.99,17.17,16.57,16.62,2205325,37126636.00
2022/03/07,16.66,16.71,15.90,16.10,3112062,50488740.00
2022/03/08,16.47,16.56,15.77,15.97,2528569,40896768.00
2022/03/09,15.97,16.17,14.77,15.28,2858100,44256424.00
2022/03/10,15.68,16.01,15.48,15.53,1721294,27140282.00
2022/03/11,15.45,15.89,15.15,15.87,1859100,29015688.00
2022/03/14,15.74,15.89,15.20,15.23,1520890,23620184.00
2022/03/15,15.34,15.35,14.47,14.51,1967779,29447914.00
2022/03/16,14.55,14.95,14.10,14.88,2591720,37641960.00
2022/03/17,14.98,15.38,14.87,14.99,1930021,29297334.00
2022/03/18,14.98,15.17,14.84,15.05,1170330,17608860.00
2022/03/21,15.22,15.52,15.08,15.43,1487350,22855876.00
2022/03/22,15.40,15.45,15.15,15.35,921550,14120636.00
2022/03/23,15.32,15.44,15.17,15.26,895221,13677730.00
2022/03/24,15.14,15.38,15.04,15.29,1334250,20316820.00
2022/03/25,15.51,16.03,15.21,15.47,2088100,32769600.00
2022/03/28,15.64,15.67,15.17,15.34,1544050,23779324.00
2022/03/29,15.31,15.45,15.12,15.21,1281826,19576616.00
2022/03/30,15.23,15.45,15.22,15.40,1287250,19798908.00
2022/03/31,15.40,15.48,15.13,15.31,1014800,15564345.00
2022/04/01,15.21,15.31,15.07,15.23,828575,12599040.00
2022/04/06,15.23,15.45,15.09,15.34,1017715,15616749.00
2022/04/07,15.33,15.36,14.85,14.85,1622511,24467708.00
2022/04/08,14.97,14.97,14.38,14.59,1423250,20743700.00
2022/04/11,14.59,14.80,13.90,14.03,1910183,27408326.00
2022/04/12,13.97,14.51,13.83,14.46,1926400,27263194.00
2022/04/13,14.35,14.37,14.03,14.08,1342400,19048424.00
2022/04/14,14.15,14.60,13.97,14.47,1747363,25083996.00
2022/04/15,14.57,14.59,14.19,14.53,1522850,21951172.00
2022/04/18,14.47,15.12,14.28,14.96,1960297,29161592.00
2022/04/19,14.89,15.40,14.85,15.36,1855730,28329724.00
2022/04/20,15.27,15.95,15.25,15.74,4235890,66798232.00
2022/04/21,15.83,16.33,15.64,15.72,6697069,107519352.00
2022/04/22,15.96,15.96,15.27,15.49,3161787,48995148.00
2022/04/25,15.23,15.81,15.03,15.30,3895218,60318220.00
2022/04/26,15.24,15.92,15.13,15.51,3140754,48945552.00
2022/04/27,15.24,15.30,13.85,15.01,5441312,79348480.00
2022/04/28,14.68,14.92,14.11,14.42,3165578,45753536.00
2022/04/29,14.63,15.41,14.42,15.23,2907753,43928328.00
2022/05/05,15.23,16.63,15.22,16.44,4677055,76144720.00
2022/05/06,15.99,16.63,15.99,16.38,3815875,62737392.00
2022/05/09,16.35,16.85,16.17,16.72,2704843,45028376.00
2022/05/10,16.57,16.61,16.23,16.55,2145350,35336552.00
2022/05/11,16.85,17.02,16.28,16.65,3881100,64885864.00
2022/05/12,16.52,17.07,16.09,16.53,2534894,42147052.00
2022/05/13,16.68,16.70,16.19,16.58,1827190,30137220.00
2022/05/16,16.55,16.68,15.95,16.13,2955383,48046744.00
2022/05/17,16.07,16.20,15.83,16.05,1655150,26468630.00
2022/05/18,16.01,16.33,15.95,16.22,1789700,29077294.00
2022/05/19,15.99,16.00,15.47,15.73,2946640,46297528.00
2022/05/20,15.79,16.30,15.70,16.22,2504470,40438464.00
2022/05/23,16.36,16.36,15.98,16.12,1374820,22229348.00
2022/05/24,16.19,16.24,15.52,15.52,1770250,28184476.00
2022/05/25,15.51,15.89,15.47,15.67,1204655,18946522.00
2022/05/26,15.71,15.87,15.26,15.57,1290250,19993458.00
2022/05/27,15.70,15.83,15.33,15.59,1069350,16694010.00
2022/05/30,15.59,15.98,15.39,15.72,1237350,19479744.00
2022/05/31,15.88,16.24,15.58,16.22,2443290,39137932.00
2022/06/01,16.23,16.52,16.19,16.30,2269890,37115656.00
2022/06/02,16.29,16.68,15.94,16.46,2485310,40706504.00
2022/06/06,16.56,16.89,16.23,16.82,2537010,42094488.00
2022/06/07,16.75,16.84,16.23,16.44,1825950,30102578.00
2022/06/08,16.41,16.63,16.11,16.58,1857640,30601936.00
2022/06/09,16.72,17.15,16.54,16.60,3084104,51985804.00
2022/06/10,16.51,17.07,16.42,16.71,1901350,31981580.00
2022/06/13,16.50,17.50,16.41,17.35,3459054,59624456.00
2022/06/14,17.17,17.28,16.75,17.21,2417980,41162012.00
2022/06/15,17.13,17.38,17.00,17.00,1750043,30014576.00
2022/06/16,17.03,17.35,16.98,17.10,1674600,28737156.00
2022/06/17,16.97,17.30,16.92,17.24,2290850,39247548.00
2022/06/20,17.24,17.49,16.85,17.46,2768369,47518392.00
2022/06/21,17.29,17.68,17.22,17.45,1982900,34643348.00
2022/06/22,17.55,17.62,17.22,17.51,1668799,29170094.00
2022/06/23,17.40,17.63,17.34,17.58,1434800,25103682.00
2022/06/24,17.58,18.04,17.30,18.01,2515500,44849216.00
2022/06/27,17.96,18.19,17.81,17.90,1850910,33283972.00
2022/06/28,17.90,17.97,17.57,17.64,1794950,31771428.00
2022/06/29,17.60,17.66,17.15,17.16,1633700,28349936.00
2022/06/30,17.16,17.52,17.12,17.28,1480556,25627366.00
2022/07/01,17.50,17.86,17.08,17.50,2016647,35309256.00
2022/07/04,17.66,17.82,17.33,17.80,1433200,25288360.00
2022/07/05,17.83,18.27,17.30,17.61,2404583,42751404.00
2022/07/06,17.61,17.74,17.22,17.43,1450860,25318702.00
2022/07/07,17.43,17.77,17.01,17.14,1664593,28659628.00
2022/07/08,17.13,17.58,17.10,17.37,1322650,22965036.00
2022/07/11,17.45,18.18,17.27,17.36,2251830,39740076.00
2022/07/12,17.58,18.00,16.81,16.97,2366867,41090252.00
2022/07/13,16.99,17.20,16.72,16.94,1713276,29067672.00
2022/07/14,17.14,17.25,16.81,17.01,1318346,22496172.00
2022/07/15,17.01,17.96,16.86,17.44,3304160,58060040.00
2022/07/18,17.31,17.50,17.00,17.14,2532811,43372368.00
2022/07/19,17.07,17.39,17.02,17.30,1563350,26922458.00
2022/07/20,17.30,17.57,17.09,17.46,2136421,37026280.00
2022/07/21,17.60,17.60,17.10,17.11,2088900,36042928.00
2022/07/22,17.13,17.28,16.55,16.81,2121950,35836416.00
2022/07/25,16.90,16.93,16.35,16.52,1118543,18540078.00
2022/07/26,16.52,16.74,16.30,16.69,911146,15103397.00
2022/07/27,16.69,16.78,16.51,16.58,805000,13351511.00
2022/07/28,16.79,16.85,16.52,16.58,864400,14409702.00
2022/07/29,16.64,16.70,16.26,16.41,1378950,22691996.00
2022/08/01,16.41,16.58,15.97,16.37,1615223,26335504.00
2022/08/02,16.11,16.14,15.44,15.66,3298590,51875756.00
2022/08/03,15.66,15.94,15.52,15.58,1716917,26933340.00
2022/08/04,15.66,15.94,15.55,15.89,933660,14754025.00
2022/08/05,15.91,16.66,15.77,16.62,1765600,28813258.00
2022/08/08,16.69,16.70,16.27,16.51,1048700,17272328.00
2022/08/09,16.48,16.49,16.10,16.37,1747291,28353346.00
2022/08/10,16.35,16.59,16.24,16.37,970675,15928538.00
2022/08/11,16.34,16.79,16.34,16.78,1288728,21432412.00
2022/08/12,16.86,17.08,16.67,16.90,1927550,32435012.00
2022/08/15,16.94,17.70,16.38,17.40,4205643,72178152.00
2022/08/16,19.30,20.88,18.60,20.88,28276563,556588288.00
2022/08/17,20.55,21.02,20.20,20.94,15433060,319087008.00
2022/08/18,20.88,21.17,19.85,20.17,9500611,193671792.00
2022/08/19,20.41,20.90,20.05,20.16,7033150,143256512.00
2022/08/22,20.23,21.00,20.22,20.80,8228231,170630368.00
2022/08/23,20.88,22.34,20.56,21.95,11183308,243078416.00
2022/08/24,21.79,22.13,21.20,21.41,6386180,137998640.00
2022/08/25,21.54,22.30,20.91,21.30,7165708,154491504.00
2022/08/26,21.43,22.00,20.90,21.71,5015926,108711440.00
2022/08/29,21.31,21.80,21.04,21.40,3817990,81519128.00
2022/08/30,21.20,23.44,21.14,22.87,11934096,267309520.00
2022/08/31,22.31,22.70,21.77,22.00,7007167,155832848.00
2022/09/01,22.00,23.44,21.71,22.97,8710448,198519392.00
2022/09/02,22.46,24.59,22.42,23.83,11815645,280752768.00
2022/09/05,23.99,23.99,22.61,23.26,8238813,190651936.00
2022/09/06,23.26,23.33,21.88,22.23,10853271,242801952.00
2022/09/07,22.25,22.98,21.59,22.71,7497141,168177920.00
2022/09/08,22.60,23.25,21.56,22.18,7633910,168978656.00
2022/09/09,22.16,22.43,21.77,22.10,4221100,93286560.00
2022/09/13,22.32,23.15,21.91,22.81,6031141,137494448.00
2022/09/14,22.50,22.98,22.05,22.45,3964697,88909136.00
2022/09/15,22.50,22.64,21.78,22.38,3624777,80715712.00
2022/09/16,22.46,23.55,22.00,22.27,5400340,123316784.00
2022/09/19,21.90,23.46,21.60,22.22,6036250,136337360.00
2022/09/20,22.31,23.25,22.10,22.21,4585758,103451448.00
2022/09/21,22.09,22.69,21.70,22.27,3305734,73092432.00
2022/09/22,22.11,23.20,21.48,22.77,4679860,105613504.00
2022/09/23,22.70,22.70,20.62,21.24,7851213,167307376.00
2022/09/26,21.05,22.07,20.92,21.30,7793387,167364176.00
2022/09/27,21.30,23.18,21.24,23.12,7491550,169193216.00
2022/09/28,22.80,23.06,22.47,22.49,4648161,105492392.00
2022/09/29,22.71,23.29,22.00,22.31,3876375,87682672.00
2022/09/30,22.32,22.66,21.51,22.12,3657899,80923488.00
2022/10/10,22.10,22.85,21.72,21.90,3877769,86586720.00
2022/10/11,21.74,22.85,21.30,22.80,4874860,108306768.00
2022/10/12,22.87,23.29,21.70,23.12,5982305,134792896.00
2022/10/13,22.95,25.13,22.76,24.73,7630225,185468656.00
2022/10/14,24.51,24.65,23.36,23.52,11441628,273395008.00
2022/10/17,23.06,23.80,22.80,23.17,6737823,156210880.00
2022/10/18,23.38,23.45,22.30,22.83,5964722,135975376.00
2022/10/19,22.60,22.63,20.44,20.65,10135662,216012448.00
2022/10/20,20.30,21.49,20.30,21.24,8388838,177425376.00
2022/10/21,21.00,21.36,19.72,21.27,9868951,201881152.00
2022/10/24,20.95,21.15,20.21,20.85,6407308,132117072.00
2022/10/25,20.80,20.81,17.54,17.97,19547378,359195136.00
2022/10/26,17.72,18.60,17.72,18.09,13167669,239637888.00
2022/10/27,18.19,18.39,17.54,17.62,9371585,167103040.00
2022/10/28,17.54,17.64,16.83,16.93,8571593,146702384.00
2022/10/31,16.95,17.63,16.95,17.10,5994490,103611896.00
2022/11/01,17.06,17.74,17.01,17.74,6360874,110794664.00
2022/11/02,17.60,18.72,17.57,18.45,8118623,148265888.00
2022/11/03,18.30,18.98,18.18,18.74,5617820,104999200.00
2022/11/04,18.69,19.20,18.56,19.01,3983268,75426064.00
2022/11/07,19.04,19.40,18.81,19.21,4332917,82825040.00
2022/11/08,19.21,19.40,18.72,18.95,3304268,62715032.00
2022/11/09,18.90,19.10,18.68,18.75,3410748,64499684.00
2022/11/10,18.69,18.94,18.37,18.65,3394311,63121952.00
2022/11/11,19.02,19.09,18.45,18.45,4314975,80629368.00
2022/11/14,18.70,18.79,18.28,18.38,4911300,90785352.00
2022/11/15,18.40,18.47,17.96,18.30,6751519,122795056.00
2022/11/16,18.46,18.47,18.01,18.42,4922432,90014736.00
2022/11/17,18.23,18.49,18.12,18.46,4846294,88616576.00
2022/11/18,18.08,18.30,17.74,17.93,5471574,98705440.00
2022/11/21,17.97,18.15,17.51,18.06,3999040,71476008.00
2022/11/22,18.00,18.10,17.60,17.74,2816101,50349272.00
2022/11/23,17.74,17.76,17.22,17.45,3337650,58218604.00
2022/11/24,17.47,17.70,17.41,17.54,2452001,43018172.00
2022/11/25,17.69,17.81,17.36,17.40,2242506,39233924.00
2022/11/28,17.22,17.58,17.09,17.50,2862700,49657672.00
2022/11/29,17.50,18.03,17.47,17.99,2945630,52461868.00
2022/11/30,18.02,18.02,17.73,17.80,2126900,37984832.00
2022/12/01,18.00,19.00,17.91,18.93,7893141,146545488.00
2022/12/02,18.73,19.10,18.68,19.09,5562247,105560160.00
2022/12/05,19.09,19.17,18.58,18.72,4566901,86004792.00
2022/12/06,18.61,18.86,18.41,18.61,5054211,93934776.00
2022/12/07,18.43,18.94,18.41,18.79,3638990,68224928.00
2022/12/08,18.70,18.87,18.39,18.46,2919250,54078308.00
2022/12/09,18.50,18.55,18.17,18.41,2617603,48061868.00
2022/12/12,18.37,18.63,18.17,18.41,3354800,61800720.00
2022/12/13,18.57,18.99,18.30,18.82,4037140,75872912.00
2022/12/14,18.82,19.09,18.65,18.93,3998646,75760136.00
2022/12/15,18.84,19.28,18.52,18.58,3565365,67005360.00
2022/12/16,18.40,18.90,18.31,18.58,2695069,50048076.00
2022/12/19,18.69,18.69,17.86,17.93,4090089,73839208.00
2022/12/20,17.93,18.13,17.48,17.62,2699495,47724768.00
2022/12/21,17.67,17.92,17.41,17.76,3090750,54673168.00
2022/12/22,17.68,18.38,17.67,17.97,3122600,56376096.00
2022/12/23,17.91,17.97,17.50,17.60,2567300,45409732.00
2022/12/26,17.71,17.94,17.50,17.58,2234800,39480276.00
2022/12/27,17.74,17.84,17.27,17.78,3626052,63930880.00
2022/12/28,17.50,17.95,17.49,17.56,4055857,71775488.00
2022/12/29,17.55,17.68,17.35,17.39,2062404,36084280.00
2022/12/30,17.45,17.68,17.21,17.65,2427013,42290000.00
2023/01/03,17.65,17.65,17.08,17.47,4233958,73426632.00
2023/01/04,17.51,17.81,17.35,17.72,3631956,64152424.00
2023/01/05,17.75,18.06,17.45,17.97,4087042,72844144.00
2023/01/06,17.94,18.19,17.75,17.81,3130390,56107832.00
2023/01/09,17.83,18.25,17.80,18.15,4037151,72797176.00
2023/01/10,18.11,18.18,17.84,18.02,2858650,51469108.00
2023/01/11,18.12,18.12,17.78,17.78,2411037,43179528.00
2023/01/12,17.67,17.89,17.58,17.59,2519975,44605532.00
2023/01/13,17.67,18.07,17.58,17.75,3020836,53820912.00
2023/01/16,17.73,18.17,17.54,18.07,3785540,68138712.00
2023/01/17,18.07,18.09,17.63,17.73,3350700,59618256.00
2023/01/18,17.80,18.11,17.70,17.78,3140718,56088040.00
2023/01/19,17.70,17.90,17.45,17.75,3691400,65297344.00
2023/01/20,17.85,18.04,17.70,17.93,3538037,63152312.00
2023/01/30,18.11,18.27,17.93,17.98,5233847,94755144.00
2023/01/31,17.69,18.07,17.58,17.96,6200252,110593384.00
2023/02/01,18.12,18.40,17.85,18.40,6441047,116960432.00
2023/02/02,18.40,18.79,18.27,18.62,6114465,113356832.00
2023/02/03,18.67,18.79,18.32,18.54,4622852,85665288.00
2023/02/06,18.45,18.45,18.20,18.28,4325800,79183336.00
2023/02/07,18.36,18.45,18.13,18.27,3480086,63516844.00
2023/02/08,18.24,18.33,18.14,18.16,2773987,50556904.00
2023/02/09,18.19,18.55,18.11,18.53,3446726,63307244.00
2023/02/10,18.51,19.15,18.44,18.82,7801854,147522560.00
2023/02/13,18.87,19.22,18.85,19.02,5967800,113703256.00
2023/02/14,19.09,19.17,18.75,18.89,3298844,62323504.00
2023/02/15,18.89,18.97,18.71,18.80,2893281,54481492.00
2023/02/16,18.82,19.38,18.43,18.67,6706037,127238000.00
2023/02/17,18.67,19.27,18.62,18.85,5025275,95398000.00
2023/02/20,18.97,19.08,18.50,18.94,3837871,71897352.00
2023/02/21,18.90,19.05,18.71,18.91,3582020,67566936.00
2023/02/22,18.80,19.29,18.73,19.11,4976345,95097192.00
2023/02/23,19.20,20.15,19.06,19.80,11652836,229721872.00
2023/02/24,19.93,20.55,19.50,20.07,12939669,260425760.00
2023/02/27,20.18,20.37,19.53,19.61,7849729,155301504.00
2023/02/28,19.62,19.70,19.31,19.63,4784599,93444224.00
2023/03/01,19.66,19.74,19.29,19.74,6880251,134419520.00
2023/03/02,19.75,19.78,19.11,19.16,6044280,116911304.00
2023/03/03,19.29,19.30,18.83,19.06,4076950,77512320.00
2023/03/06,19.00,19.11,18.80,18.88,4159978,78601344.00
2023/03/07,18.88,19.02,18.24,18.25,4838756,89835808.00
2023/03/08,18.30,18.41,18.21,18.37,2484600,45499616.00
2023/03/09,18.35,18.38,18.13,18.22,2347681,42811876.00
2023/03/10,18.09,18.18,17.70,17.77,4444885,79493688.00
2023/03/13,17.77,17.88,17.55,17.75,3004800,53274000.00
2023/03/14,17.78,17.87,17.41,17.48,2748915,48350780.00
2023/03/15,17.69,17.73,17.43,17.46,2658266,46718516.00
2023/03/16,17.45,17.50,17.02,17.11,3494315,60153996.00
2023/03/17,17.22,17.29,16.75,16.89,4540586,77262480.00
2023/03/20,16.88,16.88,16.41,16.67,3805473,63163696.00
2023/03/21,16.85,17.03,16.60,17.01,2983250,50308860.00
2023/03/22,17.06,17.25,17.00,17.10,3149252,53932212.00
2023/03/23,17.10,17.10,16.81,16.97,3475202,58722752.00
2023/03/24,16.93,17.54,16.93,17.48,5852352,101632048.00
2023/03/27,17.50,17.65,17.31,17.55,2981971,52160872.00
2023/03/28,17.35,17.57,17.30,17.42,2175450,37890492.00
2023/03/29,17.43,17.51,17.20,17.25,2354500,40802604.00
2023/03/30,17.25,17.46,17.15,17.42,2149152,37192340.00
2023/03/31,17.35,17.81,17.35,17.49,2717842,47758292.00
2023/04/03,17.43,17.81,17.40,17.62,2685820,47368660.00
2023/04/04,17.66,17.76,17.13,17.25,3512860,61039956.00
2023/04/06,17.25,17.25,16.90,17.14,2866800,48968888.00
2023/04/07,17.25,17.49,17.03,17.44,2099330,36404936.00
2023/04/10,17.37,17.65,17.14,17.19,2707100,46988336.00
2023/04/11,17.20,17.30,16.93,17.09,2092150,35716804.00
2023/04/12,17.03,17.25,16.92,17.01,2479390,42152848.00
2023/04/13,17.04,17.05,16.83,16.93,1592400,26945726.00
2023/04/14,17.00,17.08,16.90,17.05,1595950,27098948.00
2023/04/17,17.13,17.13,16.88,17.13,2148824,36507108.00
2023/04/18,17.17,17.85,17.06,17.83,6472140,113896920.00
2023/04/19,17.69,17.84,17.57,17.77,2861373,50700064.00
2023/04/20,17.61,17.61,16.65,16.97,5890230,100002472.00
2023/04/21,16.99,17.14,16.71,16.72,2465696,41675984.00
2023/04/24,16.70,16.71,16.33,16.53,2318550,38204480.00
2023/04/25,13.90,13.99,13.22,13.22,13817150,184596848.00
2023/04/26,12.94,13.34,12.84,13.14,4812960,63320112.00
2023/04/27,13.12,13.60,13.10,13.48,4530986,60784304.00
2023/04/28,13.44,13.84,13.44,13.78,3478250,47497636.00
2023/05/04,13.88,13.97,13.70,13.90,2339950,32370268.00
2023/05/05,13.95,13.97,13.46,13.60,3402800,46333276.00
2023/05/08,13.69,13.92,13.54,13.76,2596050,35589856.00
2023/05/09,13.72,13.83,13.42,13.52,2048850,27806936.00
2023/05/10,13.52,13.67,13.42,13.57,3012279,40782836.00
2023/05/11,13.66,13.85,13.57,13.65,2289850,31381622.00
2023/05/12,13.69,13.77,13.47,13.52,1370119,18594152.00
2023/05/15,13.44,13.57,13.33,13.50,1543590,20751400.00
2023/05/16,13.57,13.58,13.29,13.35,1778590,23759376.00
2023/05/17,13.35,13.71,13.28,13.64,1961850,26639248.00
2023/05/18,13.59,13.70,13.47,13.63,1676500,22766306.00
2023/05/19,13.57,13.92,13.42,13.70,2202850,30246640.00
2023/05/22,13.68,14.05,13.64,13.89,3200064,44444344.00
2023/05/23,13.89,14.09,13.76,13.88,2166864,30227712.00
2023/05/24,13.85,14.02,13.72,13.94,1644859,22884384.00
2023/05/25,13.85,14.13,13.61,13.80,2134809,29430424.00
2023/05/26,13.90,13.99,13.70,13.93,1379250,19100876.00
2023/05/29,13.99,14.03,13.77,13.95,1523300,21154252.00
2023/05/30,13.99,14.00,13.62,13.77,2192147,30175548.00
2023/05/31,13.67,13.82,13.49,13.70,1710127,23340724.00
2023/06/01,13.64,13.99,13.64,13.88,2221360,30818080.00
2023/06/02,13.87,14.39,13.80,14.31,2795122,39522432.00
2023/06/05,14.20,14.39,14.05,14.34,1842750,26205772.00
2023/06/06,14.26,14.34,13.88,13.98,2229600,31350108.00
2023/06/07,14.09,14.09,13.83,13.93,1198206,16701575.00
2023/06/08,14.03,14.03,13.70,13.84,1597260,22111892.00
2023/06/09,13.84,14.36,13.79,14.26,2745080,38710564.00
2023/06/12,14.26,14.32,13.97,14.25,1588400,22542854.00
2023/06/13,14.33,14.67,14.09,14.39,2547970,36796724.00
2023/06/14,14.38,14.38,14.07,14.09,2097306,29720070.00
2023/06/15,14.10,14.40,14.02,14.31,1808020,25716000.00
2023/06/16,14.31,14.33,14.15,14.24,1801100,25613924.00
2023/06/19,14.21,14.30,14.01,14.02,1386100,19590090.00
2023/06/20,14.12,14.12,13.81,13.90,1793950,25018210.00
2023/06/21,13.95,14.00,13.61,13.63,1836570,25291210.00
2023/06/26,13.63,13.68,13.39,13.42,1537090,20779830.00
2023/06/27,13.42,13.87,13.42,13.84,1422960,19501826.00
2023/06/28,13.77,13.83,13.42,13.67,1597340,21725326.00
2023/06/29,13.56,14.23,13.51,14.02,2035280,28458848.00
2023/06/30,14.16,14.18,13.98,14.00,1600520,22489328.00
2023/07/03,13.91,14.31,13.91,14.18,1955461,27722224.00
2023/07/04,14.29,14.29,13.91,14.00,1637800,22923490.00
2023/07/05,14.00,14.00,13.77,13.83,1254350,17401136.00
2023/07/06,13.75,13.94,13.75,13.77,862450,11926806.00
2023/07/07,13.77,14.14,13.66,13.96,1763370,24562576.00
2023/07/10,13.98,14.14,13.85,13.97,1232650,17206816.00
2023/07/11,13.85,14.06,13.85,13.99,1354270,18894354.00
2023/07/12,14.02,14.02,13.79,13.81,1156550,16076956.00
2023/07/13,14.28,14.30,13.81,14.03,2978402,41664244.00
2023/07/14,14.03,14.08,13.81,13.83,2320200,32242568.00
2023/07/17,13.75,13.92,13.62,13.90,1126550,15551376.00
2023/07/18,13.93,13.99,13.78,13.95,1404300,19577996.00
2023/07/19,13.91,14.06,13.88,14.04,1898000,26583430.00
2023/07/20,14.09,14.10,13.79,13.80,1594700,22218744.00
2023/07/21,13.73,14.06,13.73,13.92,1935560,27031340.00
2023/07/24,13.87,13.95,13.67,13.68,1941430,26720762.00
2023/07/25,13.78,13.90,13.70,13.88,1887710,26100280.00
2023/07/26,13.88,13.88,13.71,13.77,1219100,16788158.00
2023/07/27,13.77,14.03,13.75,13.89,1765800,24565208.00
2023/07/28,13.89,14.06,13.79,14.01,1798090,25158446.00
2023/07/31,14.14,14.36,14.01,14.30,3003550,42652408.00
2023/08/01,14.23,14.33,14.19,14.28,1704380,24279346.00
2023/08/02,14.18,14.31,14.06,14.08,1385740,19598648.00
2023/08/03,14.08,14.25,14.02,14.21,2053740,29090116.00
2023/08/04,14.25,14.41,14.02,14.11,2237960,31812568.00
2023/08/07,14.15,14.20,14.05,14.12,1675500,23645544.00
2023/08/08,14.12,14.25,13.95,14.14,1800400,25349708.00
2023/08/09,14.13,14.15,13.89,13.96,1620500,22643884.00
2023/08/10,13.96,14.06,13.88,13.96,1168150,16304788.00
2023/08/11,14.05,14.05,13.54,13.62,2606750,35769168.00
2023/08/14,13.64,13.73,13.38,13.59,2258250,30631890.00
2023/08/15,13.54,14.01,13.42,13.77,4250650,58419048.00
2023/08/16,13.79,13.87,13.44,13.47,2882000,39263080.00
2023/08/17,13.38,13.61,13.16,13.56,2301050,30820492.00
2023/08/18,13.54,13.65,13.37,13.38,1594600,21501392.00
2023/08/21,13.37,13.49,13.15,13.16,1881800,24990696.00
2023/08/22,13.17,13.30,12.44,12.63,3914600,49804668.00
2023/08/23,12.63,12.75,12.23,12.27,3007820,37112644.00
2023/08/24,12.39,12.46,11.95,12.37,2477450,30321484.00
2023/08/25,12.31,12.62,12.23,12.30,2403743,29862254.00
2023/08/28,12.88,12.90,12.38,12.43,3061599,38684868.00
2023/08/29,12.47,12.88,12.45,12.85,2538300,32233756.00
2023/08/30,12.40,12.83,12.31,12.55,4779949,60133272.00
2023/08/31,12.51,12.86,12.46,12.75,2868486,36390696.00
2023/09/01,12.77,13.24,12.77,13.08,3283900,42881540.00
2023/09/04,13.00,13.24,13.00,13.18,1803450,23682782.00
2023/09/05,13.12,13.34,13.04,13.20,2087750,27484568.00
2023/09/06,13.23,13.27,12.99,13.10,2041340,26697104.00
2023/09/07,13.10,13.16,12.86,12.90,1348480,17487260.00
2023/09/08,12.88,12.99,12.79,12.84,1406250,18108022.00
2023/09/11,12.81,13.13,12.75,13.05,1392350,18071812.00
2023/09/12,13.08,13.19,12.99,13.11,1139300,14939408.00
2023/09/13,13.12,13.13,12.86,12.89,1001300,12970078.00
2023/09/14,12.92,12.96,12.69,12.79,1201800,15356030.00
2023/09/15,12.79,12.99,12.77,12.90,1031400,13298992.00
2023/09/18,12.90,13.20,12.73,13.14,1487670,19404680.00
2023/09/19,13.17,13.19,12.92,13.05,1475550,19284108.00
2023/09/20,13.08,13.15,12.98,12.98,1088508,14223797.00
2023/09/21,12.99,13.11,12.78,12.82,1004990,12933651.00
2023/09/22,12.82,13.12,12.77,13.08,1068550,13880332.00
2023/09/25,13.05,13.11,12.90,12.94,960160,12448605.00
2023/09/26,13.01,13.01,12.80,12.80,664878,8557276.00
2023/09/27,12.85,13.00,12.80,12.85,922890,11897594.00
2023/09/28,12.88,12.98,12.78,12.88,924220,11874814.00
2023/10/09,12.87,12.88,12.61,12.65,1214940,15392482.00
2023/10/10,12.70,12.88,12.61,12.73,1135000,14478225.00
2023/10/11,12.75,12.85,12.67,12.76,1122800,14330440.00
2023/10/12,12.88,12.93,12.65,12.74,1060500,13482037.00
2023/10/13,12.69,12.73,12.51,12.57,1255980,15823307.00
2023/10/16,12.57,12.74,12.53,12.59,1030048,12997038.00
2023/10/17,12.59,12.68,12.46,12.53,908496,11364080.00
2023/10/18,12.54,12.54,12.29,12.29,1149700,14223717.00
2023/10/19,12.29,12.44,12.12,12.17,974580,11961129.00
2023/10/20,12.20,12.30,12.05,12.11,1008850,12254337.00
2023/10/23,12.09,12.10,11.76,11.90,1401260,16676441.00
2023/10/24,12.08,12.68,11.86,12.51,3757070,46549080.00
2023/10/25,12.54,13.02,12.54,12.98,3116890,39903800.00
2023/10/26,12.91,13.14,12.84,13.10,2233370,29117704.00
2023/10/27,13.08,13.42,12.99,13.39,2538190,33777640.00
2023/10/30,13.33,13.70,13.33,13.47,3044557,41241532.00
2023/10/31,13.47,13.65,13.39,13.52,2101399,28392412.00
2023/11/01,13.54,13.54,13.34,13.46,1549480,20817472.00
2023/11/02,13.41,13.56,13.20,13.28,2382140,31674702.00
2023/11/03,13.23,13.43,13.16,13.27,1424300,18897630.00
2023/11/06,13.30,13.41,13.21,13.29,1456130,19330308.00
2023/11/07,13.29,13.45,13.15,13.35,1663340,22132842.00
2023/11/08,13.35,13.43,13.24,13.32,1004900,13409102.00
2023/11/09,13.25,13.46,13.25,13.27,1250750,16681432.00
2023/11/10,13.33,13.38,13.18,13.37,1108550,14758024.00
2023/11/13,13.37,13.45,13.24,13.42,1349700,18019926.00
2023/11/14,13.50,13.54,13.31,13.40,1364050,18343346.00
2023/11/15,13.45,13.69,13.38,13.58,2136300,28950044.00
2023/11/16,13.58,13.80,13.47,13.49,1521550,20708000.00
2023/11/17,13.49,13.56,13.39,13.44,1031030,13865360.00
2023/11/20,13.44,13.61,13.40,13.59,1489490,20148264.00
2023/11/21,13.61,13.79,13.53,13.58,1443000,19697036.00
2023/11/22,13.58,13.72,13.55,13.59,1178590,16065567.00
2023/11/23,13.58,13.68,13.53,13.64,1094900,14896427.00
2023/11/24,13.65,13.70,13.51,13.53,1375290,18657926.00
2023/11/27,13.49,13.59,13.28,13.52,1988650,26806570.00
2023/11/28,13.56,13.63,13.39,13.54,1031770,13966372.00
2023/11/29,13.51,13.57,13.23,13.45,1430450,19140588.00
2023/11/30,13.47,13.59,13.35,13.45,1273550,17141630.00
2023/12/01,13.45,13.59,13.32,13.36,1176628,15802842.00
2023/12/04,13.41,13.42,13.19,13.37,1290060,17210348.00
2023/12/05,13.33,13.44,13.25,13.26,1536260,20501404.00
2023/12/06,13.22,13.61,13.17,13.54,2290461,30785554.00
2023/12/07,13.65,13.65,13.20,13.49,1884500,25217030.00
2023/12/08,13.56,13.58,13.15,13.16,2291700,30491956.00
2023/12/11,13.20,13.34,13.02,13.23,2207930,29123042.00
2023/12/12,13.32,13.40,13.17,13.33,1389430,18484240.00
2023/12/13,13.34,13.42,13.16,13.16,1463828,19362828.00
2023/12/14,13.17,13.48,13.11,13.29,1608250,21437106.00
2023/12/15,13.29,13.48,13.21,13.27,1343800,17854736.00
2023/12/18,13.17,13.33,13.04,13.09,2173000,28603252.00
2023/12/19,13.14,13.14,12.91,12.96,1973050,25629210.00
2023/12/20,13.05,13.05,12.80,12.80,1123000,14504166.00
2023/12/21,12.80,13.12,12.64,13.04,1781050,22953548.00
2023/12/22,13.13,13.14,12.82,12.89,1124800,14560944.00
2023/12/25,12.80,12.94,12.68,12.77,1164999,14878661.00
2023/12/26,12.80,12.90,12.46,12.47,2035270,25630052.00
2023/12/27,12.55,13.03,12.50,12.99,2320530,29684550.00
2023/12/28,12.93,13.29,12.74,13.28,2828930,37038540.00
2023/12/29,13.18,13.40,13.11,13.30,1741150,23067866.00
2024/01/02,13.26,13.51,13.26,13.48,1896157,25473904.00
2024/01/03,13.45,13.55,13.34,13.38,3018600,40476800.00
2024/01/04,13.37,13.58,13.30,13.47,3510480,47369528.00
2024/01/05,13.55,13.77,13.40,13.62,3116750,42377960.00
2024/01/08,13.62,13.69,13.36,13.62,3994100,54056544.00
2024/01/09,13.63,13.68,13.37,13.51,3694400,49856588.00
2024/01/10,13.60,13.79,13.42,13.68,3250300,44175632.00
2024/01/11,13.68,14.30,13.60,14.11,6604070,92835240.00
2024/01/12,13.96,14.97,13.96,14.82,8554208,125155576.00
2024/01/15,14.80,14.82,14.36,14.48,6367680,92754128.00
2024/01/16,14.81,15.39,14.24,14.53,5705810,82819344.00
2024/01/17,14.38,14.39,13.87,13.87,4988730,70798360.00
2024/01/18,13.83,14.14,13.69,14.07,5314430,73871752.00
2024/01/19,13.99,14.45,13.79,13.89,3233880,45524028.00
2024/01/22,13.80,13.96,13.10,13.29,3819106,51556432.00
2024/01/23,13.16,13.29,12.60,12.99,3836050,49400724.00
2024/01/24,12.99,13.29,12.78,13.23,2588500,33752192.00
2024/01/25,13.15,13.38,12.93,13.36,2435120,32062770.00
2024/01/26,13.30,13.42,13.00,13.03,1986650,26064474.00
2024/01/29,13.03,13.15,12.71,12.76,2664600,34166748.00
2024/01/30,12.76,12.77,12.24,12.26,2567350,31913988.00
2024/01/31,12.26,12.66,11.86,11.92,2838592,34334276.00
2024/02/01,11.86,11.96,11.36,11.50,3643834,42369320.00
2024/02/02,11.50,11.61,10.10,10.56,5858162,62956504.00
2024/02/05,10.40,10.40,9.24,9.42,5656100,54314144.00
2024/02/06,9.48,10.29,8.82,9.88,5310448,50279692.00
2024/02/07,9.88,10.20,9.50,9.75,5050250,49787364.00
2024/02/08,10.00,10.83,9.72,10.70,3845004,39701392.00
2024/02/19,10.98,11.00,10.59,10.87,3365931,36390236.00
2024/02/20,10.88,11.33,10.61,11.23,1913340,21012636.00
2024/02/21,10.98,11.87,10.98,11.31,2645198,30499870.00
2024/02/22,11.34,11.56,11.28,11.37,1119158,12739802.00
2024/02/23,11.57,11.57,11.25,11.49,2032161,23162018.00
2024/02/26,11.50,11.76,11.37,11.45,2226119,25738466.00
2024/02/27,11.37,11.65,11.33,11.65,1808200,20851466.00
2024/02/28,11.62,11.89,11.00,11.01,3806300,43591252.00
2024/02/29,10.89,11.20,10.80,11.08,2766850,30390560.00
2024/03/01,11.06,11.19,10.76,10.95,2919468,31919642.00
2024/03/04,10.95,11.05,10.68,10.91,2136100,23232704.00
2024/03/05,10.95,10.95,10.71,10.77,1436500,15554302.00
2024/03/06,10.76,10.80,10.52,10.65,1830400,19495980.00
2024/03/07,10.69,10.98,10.59,10.59,2377350,25629048.00
2024/03/08,10.59,10.88,10.49,10.69,1058600,11244608.00
2024/03/11,10.69,10.93,10.65,10.92,1554200,16785612.00
2024/03/12,10.92,11.11,10.84,11.11,2147759,23615184.00
2024/03/13,11.02,11.30,11.00,11.13,2164450,24100684.00
2024/03/14,11.15,11.30,10.87,11.02,2243872,24813650.00
2024/03/15,11.02,11.08,10.90,11.04,1878696,20683408.00
2024/03/18,11.10,11.40,10.95,11.36,3297139,36923356.00
2024/03/19,11.36,11.66,11.36,11.48,2577900,29641340.00
2024/03/20,11.47,11.87,11.43,11.80,2995340,35187780.00
2024/03/21,11.79,11.95,11.63,11.81,1909342,22461960.00
2024/03/22,11.82,11.93,11.42,11.66,1950700,22686070.00
2024/03/25,11.60,11.67,11.06,11.10,2206672,25060450.00
2024/03/26,11.13,11.39,10.89,11.07,2179500,24205476.00
2024/03/27,10.90,11.32,10.90,11.05,2261900,25190912.00
2024/03/28,11.00,11.27,10.82,11.02,2687020,29563960.00
2024/03/29,11.02,11.32,11.01,11.32,2473839,27553994.00
2024/04/01,11.44,11.60,11.24,11.48,2750699,31491412.00
2024/04/02,11.48,11.85,11.48,11.83,3293480,38420056.00
2024/04/03,11.84,11.95,11.54,11.90,2927680,34482308.00
2024/04/08,11.90,11.91,11.65,11.67,2033150,23909334.00
2024/04/09,11.57,12.19,11.54,12.17,2821400,33613240.00
2024/04/10,12.20,12.64,11.87,11.96,4149140,50438336.00
2024/04/11,11.90,12.26,11.74,11.98,2371940,28402888.00
2024/04/12,11.99,12.28,11.90,12.12,2702600,32824868.00
2024/04/15,12.04,12.38,11.29,11.67,5384350,63312944.00
2024/04/16,11.50,11.69,11.18,11.35,3369450,38626868.00
2024/04/17,11.36,12.11,11.36,12.06,3791190,44648636.00
2024/04/18,12.01,12.59,12.01,12.15,4547910,56095704.00
2024/04/19,12.14,12.34,11.83,12.29,3033190,36715000.00
2024/04/22,12.38,12.90,12.26,12.83,5251680,66429896.00
2024/04/23,12.70,12.95,12.51,12.85,5008790,63670104.00
2024/04/24,13.31,15.08,13.22,14.54,20246556,287329024.00
2024/04/25,14.30,14.39,13.60,13.76,10409050,144551408.00
2024/04/26,13.63,13.88,13.47,13.58,6889186,94094616.00
2024/04/29,13.51,13.84,13.23,13.79,6110900,83138688.00
2024/04/30,13.68,14.33,13.68,14.26,6962239,98552784.00
2024/05/06,14.30,14.50,13.84,14.43,5661800,80335632.00
2024/05/07,14.45,14.80,14.15,14.37,4960580,71681232.00
2024/05/08,14.36,14.74,14.27,14.37,3784030,54910296.00
2024/05/09,14.38,15.45,14.38,15.15,7421290,111433424.00
2024/05/10,15.06,15.37,14.91,15.04,5029370,75808320.00
2024/05/13,14.77,15.23,14.74,14.95,4031760,60368800.00
2024/05/14,14.90,15.51,14.89,15.44,5188148,79529816.00
2024/05/15,15.31,15.40,14.83,14.87,3394000,50902004.00
2024/05/16,14.89,14.95,14.70,14.76,2808948,41626092.00
2024/05/17,14.68,15.09,14.66,14.91,2958160,44104324.00
2024/05/20,14.80,15.35,14.80,15.05,3238850,48979960.00
2024/05/21,15.06,15.26,14.89,15.08,1804550,27169704.00
2024/05/22,15.13,15.21,14.48,14.54,4822090,70826576.00
2024/05/23,14.68,14.68,14.14,14.24,3574984,51246632.00
2024/05/24,14.28,14.51,14.25,14.35,2128148,30622200.00
2024/05/27,14.35,14.35,13.95,14.30,3945600,55717220.00
2024/05/28,14.19,14.28,13.94,13.99,3113890,43808220.00
2024/05/29,13.96,14.24,13.91,14.04,2034790,28649298.00
2024/05/30,14.00,14.09,13.77,13.82,2295000,31880924.00
2024/05/31,13.91,14.23,13.82,14.00,2429378,33927700.00
2024/06/03,14.14,14.22,13.83,14.02,3027560,42386612.00
2024/06/04,13.96,14.28,13.74,14.18,3616750,50625428.00
2024/06/05,14.34,14.38,13.79,13.96,4953360,69171600.00
2024/06/06,13.96,14.00,13.57,13.64,3632370,49988972.00
2024/06/07,13.91,14.10,13.67,14.03,2894210,40209324.00
2024/06/11,13.80,14.02,13.61,13.95,2555950,35350444.00
2024/06/12,13.95,14.07,13.80,13.87,2540950,35428304.00
2024/06/13,13.80,13.98,13.55,13.63,2409100,33117292.00
2024/06/14,13.49,13.80,13.45,13.75,2277200,31197840.00
2024/06/17,13.41,13.57,13.33,13.45,3423300,45991496.00
2024/06/18,13.49,13.60,13.35,13.54,2166430,29218440.00
2024/06/19,13.85,13.89,13.26,13.29,2096000,28085134.00
2024/06/20,13.20,13.47,13.07,13.27,2830317,37615060.00
2024/06/21,13.13,13.80,13.13,13.72,2609020,35292400.00
2024/06/24,13.44,13.65,13.00,13.24,4683470,62029204.00
2024/06/25,13.24,13.42,13.07,13.20,2482850,32789542.00
2024/06/26,13.23,13.53,13.16,13.53,2326346,31099132.00
2024/06/27,13.53,13.59,13.10,13.10,2857120,37838276.00
2024/06/28,13.11,13.32,13.05,13.12,2368684,31229364.00
2024/07/01,13.13,13.41,13.08,13.30,2920584,38739428.00
2024/07/02,13.30,13.47,12.93,13.03,2625872,34555812.00
2024/07/03,12.99,13.13,12.90,12.97,1890150,24570742.00
2024/07/04,12.95,13.07,12.68,12.74,2330709,29899416.00
2024/07/05,12.78,13.06,12.65,12.97,2236450,28746002.00
2024/07/08,12.88,13.15,12.80,12.87,2263200,29298204.00
2024/07/09,12.76,13.20,12.73,13.07,1973700,25613472.00
2024/07/10,12.98,14.18,12.89,14.01,5816680,79770208.00
2024/07/11,14.00,14.41,13.84,14.34,5288767,74867992.00
2024/07/12,14.30,14.40,14.06,14.22,2436400,34618136.00
2024/07/15,14.00,14.21,13.91,14.10,2146400,30247632.00
2024/07/16,13.95,14.04,13.36,13.50,4639349,63167012.00
2024/07/17,14.75,14.88,13.21,13.51,13174700,182194560.00
2024/07/18,13.34,13.90,13.32,13.81,7636630,104695128.00
2024/07/19,13.79,14.03,13.54,13.84,5035814,69591744.00
2024/07/22,14.05,14.05,13.21,13.27,4738979,63476904.00
2024/07/23,13.26,13.29,12.55,12.60,3861000,49712428.00
2024/07/24,12.60,12.66,12.14,12.18,4212530,51965520.00
2024/07/25,12.18,12.22,11.88,12.08,2640200,31787196.00
2024/07/26,12.24,12.38,12.08,12.25,2179050,26688308.00
2024/07/29,12.25,12.34,12.00,12.05,2127600,25762508.00
2024/07/30,12.10,12.40,11.97,12.26,2478400,30269634.00
2024/07/31,12.20,12.68,12.02,12.60,3156010,39209020.00
2024/08/01,12.59,12.82,12.48,12.61,2750000,34854840.00
2024/08/02,12.48,12.82,12.39,12.65,2078200,26268564.00
2024/08/05,12.58,12.80,12.31,12.35,3183200,40043972.00
2024/08/06,12.42,12.60,12.39,12.55,1911200,23836714.00
2024/08/07,12.52,12.57,12.30,12.30,1518598,18807024.00
2024/08/08,12.30,12.39,12.08,12.32,1868240,22864274.00
2024/08/09,12.31,12.48,12.06,12.06,2103000,25620956.00
2024/08/12,12.10,12.39,12.00,12.21,1824028,22279498.00
2024/08/13,12.20,12.28,12.08,12.26,1281990,15632068.00
2024/08/14,12.22,12.38,12.03,12.08,1507400,18322376.00
2024/08/15,12.30,12.30,11.85,11.99,2247040,26979716.00
2024/08/16,12.00,12.11,11.92,11.95,1311590,15738389.00
2024/08/19,11.85,12.05,11.85,11.97,1440360,17248248.00
2024/08/20,11.88,12.05,11.61,11.65,1584228,18609254.00
2024/08/21,11.65,12.25,11.56,11.85,3314620,39339796.00
2024/08/22,11.87,11.92,11.65,11.78,1626050,19165600.00
2024/08/23,11.67,11.88,11.60,11.81,1740800,20443132.00
2024/08/26,11.82,12.20,11.78,12.17,2650252,31807320.00
2024/08/27,11.86,12.00,11.44,11.75,4430284,51876828.00
2024/08/28,11.74,12.14,11.67,12.13,3560896,42664736.00
2024/08/29,12.15,12.54,12.05,12.40,3847478,47502608.00
2024/08/30,12.39,12.54,12.24,12.45,4064042,50471108.00
2024/09/02,12.52,12.74,12.30,12.39,3637700,45544144.00
2024/09/03,12.35,12.80,12.26,12.70,2991550,37874588.00
2024/09/04,12.60,12.88,12.51,12.57,2714500,34404248.00
2024/09/05,12.48,12.74,12.48,12.69,1605700,20310360.00
2024/09/06,12.68,12.85,12.20,12.30,2451710,30412702.00
2024/09/09,12.30,12.32,12.00,12.20,2734350,33313240.00
2024/09/10,12.24,12.38,12.03,12.20,1673800,20318544.00
2024/09/11,12.12,12.31,12.02,12.07,1666200,20223756.00
2024/09/12,12.10,12.17,11.88,11.93,1911060,22960472.00
2024/09/13,11.91,11.98,11.70,11.70,1481660,17492008.00
2024/09/18,11.71,11.77,11.36,11.51,2032400,23382724.00
2024/09/19,11.53,11.89,11.47,11.80,2065190,24189132.00
2024/09/20,11.84,11.85,11.47,11.53,1688040,19585848.00
2024/09/23,11.43,11.65,11.38,11.45,1608800,18494692.00
2024/09/24,11.54,11.93,11.43,11.92,2640550,30883846.00
2024/09/25,12.08,12.32,11.99,12.03,2995080,36322928.00
2024/09/26,11.98,12.47,11.90,12.47,3378000,41185628.00
2024/09/27,12.80,13.27,12.63,12.97,5770090,74370056.00
2024/09/30,13.41,14.66,13.35,14.48,9654060,134706784.00
2024/10/08,16.61,16.99,14.58,15.65,12731161,199281376.00
2024/10/09,15.13,15.21,14.02,14.05,8823278,128703288.00
2024/10/10,14.21,14.85,14.12,14.15,7176208,103814648.00
2024/10/11,14.29,14.46,13.71,13.95,5581840,78615984.00
2024/10/14,13.95,14.63,13.71,14.49,6879257,98265104.00
2024/10/15,14.39,14.70,14.21,14.39,5248344,76000440.00
2024/10/16,14.14,14.38,13.93,14.10,3858300,54625564.00
2024/10/17,14.13,14.26,13.91,13.91,3367244,47471536.00
2024/10/18,13.93,14.41,13.87,14.24,4800432,67937088.00
2024/10/21,14.44,14.87,14.31,14.78,6616194,96718696.00
2024/10/22,14.92,15.85,14.92,15.74,13224395,205184368.00
2024/10/23,16.00,16.15,15.00,15.42,14220716,220724784.00
2024/10/24,15.58,16.37,15.58,15.98,14142606,226183760.00
2024/10/25,16.14,16.48,15.80,16.19,10732560,173450448.00
2024/10/28,16.45,17.08,16.25,16.67,11513760,192903440.00
2024/10/29,16.71,16.71,15.90,16.02,10537800,170578576.00
2024/10/30,15.85,16.14,15.77,15.99,5136369,81956144.00
2024/10/31,16.08,16.08,15.69,15.80,4406890,69823752.00
2024/11/01,15.80,16.16,15.47,15.48,5523997,87192408.00
2024/11/04,15.48,15.77,15.30,15.74,4521450,70510184.00
2024/11/05,15.77,16.06,15.46,15.94,7319919,116185624.00
2024/11/06,15.97,16.09,15.61,15.75,7130438,112956208.00
2024/11/07,15.60,16.45,15.56,16.25,10447300,169151648.00
2024/11/08,16.41,16.49,15.90,16.16,8532160,137741840.00
2024/11/11,16.03,17.00,15.90,16.78,11157640,184479328.00
2024/11/12,16.95,17.22,16.29,16.48,9701000,162128160.00
2024/11/13,16.50,16.83,16.15,16.36,5477660,89822176.00
2024/11/14,16.35,16.89,16.16,16.20,6287900,104006216.00
2024/11/15,16.18,16.58,16.08,16.08,5292830,86341296.00
2024/11/18,16.04,16.21,15.41,15.53,5523800,86671848.00
2024/11/19,15.60,15.84,15.50,15.81,3411046,53540732.00
2024/11/20,15.75,15.86,15.35,15.60,6645700,103502304.00
2024/11/21,15.50,15.72,15.40,15.50,3698616,57494988.00
2024/11/22,15.58,15.62,14.79,14.82,4843300,73723792.00
数据来源:通达信
