300925 法本信息 日线 前复权
      日期	    开盘	    最高	    最低	    收盘	    成交量	    成交额
2020/12/30,12.27,27.10,12.27,18.15,20789668,875731712.00
2020/12/31,15.73,17.79,15.56,16.11,17481712,833087168.00
2021/01/04,16.07,17.46,15.73,16.43,14809332,716198016.00
2021/01/05,15.38,17.18,14.74,16.79,14604521,680062848.00
2021/01/06,16.18,19.64,15.80,17.40,16564969,858517184.00
2021/01/07,16.94,20.88,16.80,19.91,16110895,878373696.00
2021/01/08,19.71,23.23,18.74,22.29,15017656,922261568.00
2021/01/11,21.98,24.27,20.92,21.57,13913750,908168960.00
2021/01/12,21.57,22.81,20.53,21.81,10844548,681843200.00
2021/01/13,21.37,22.82,18.32,18.43,13203761,783723712.00
2021/01/14,17.95,18.66,16.81,17.00,10016133,513646016.00
2021/01/15,16.76,18.15,16.18,17.54,8920532,453854528.00
2021/01/18,17.24,21.01,17.11,20.57,12017938,663760960.00
2021/01/19,20.05,21.12,19.69,20.63,11080303,661746112.00
2021/01/20,20.87,20.87,19.04,19.99,10050074,582221568.00
2021/01/21,19.37,19.49,18.32,18.37,8315766,457301792.00
2021/01/22,18.03,19.41,17.86,18.46,7345036,402809312.00
2021/01/25,17.94,18.25,17.13,17.61,6388473,330023968.00
2021/01/26,17.46,18.61,17.32,18.01,5900446,311018912.00
2021/01/27,17.73,19.36,17.63,19.14,8373038,461613888.00
2021/01/28,18.75,19.23,16.42,16.60,9006269,463283296.00
2021/01/29,16.61,17.08,15.34,16.70,7933969,376622144.00
2021/02/01,16.26,17.68,16.26,17.21,7162110,358042080.00
2021/02/02,17.11,17.80,15.90,15.93,7172854,351008064.00
2021/02/03,15.73,16.03,15.04,15.38,5727154,258067696.00
2021/02/04,15.62,15.62,14.38,14.50,4938094,215083472.00
2021/02/05,14.41,14.75,13.48,13.49,4922610,202242544.00
2021/02/08,13.32,13.82,13.10,13.21,3324566,130726480.00
2021/02/09,13.26,13.73,13.09,13.50,3791367,149506496.00
2021/02/10,13.40,13.62,12.96,13.15,3238890,126023376.00
2021/02/18,13.31,14.18,13.31,13.91,4212503,170967888.00
2021/02/19,13.75,14.29,13.53,14.17,3898248,159060800.00
2021/02/22,14.22,14.58,13.81,13.89,4225344,176050000.00
2021/02/23,13.74,13.82,13.10,13.49,3310961,130555160.00
2021/02/24,13.54,13.80,13.24,13.46,2406548,95592152.00
2021/02/25,13.60,13.91,13.36,13.68,3729650,149259616.00
2021/02/26,13.30,13.30,12.76,12.79,3858913,147724800.00
2021/03/01,12.81,13.82,12.81,13.58,3960746,155016576.00
2021/03/02,13.59,13.70,13.07,13.24,2477738,96490576.00
2021/03/03,13.15,13.53,13.12,13.27,2085802,81095872.00
2021/03/04,13.16,13.19,12.63,12.71,2762802,104374968.00
2021/03/05,12.61,13.04,12.54,12.93,2159895,81460272.00
2021/03/08,12.96,13.42,12.96,13.21,3802436,147975472.00
2021/03/09,13.28,13.74,12.44,13.21,5289905,204251696.00
2021/03/10,13.37,13.93,13.27,13.56,5424046,216496608.00
2021/03/11,13.36,13.36,12.79,13.28,3870960,148712640.00
2021/03/12,13.27,13.50,12.90,12.91,3174073,122438656.00
2021/03/15,12.73,12.73,11.92,11.95,4270575,153078864.00
2021/03/16,12.01,12.11,11.68,11.88,2394152,83476544.00
2021/03/17,11.75,12.19,11.57,12.10,2644712,92792368.00
2021/03/18,12.09,12.22,11.86,12.19,2990002,105857600.00
2021/03/19,12.01,12.89,11.93,12.67,5425250,200195040.00
2021/03/22,12.61,13.00,12.55,12.93,3782099,142072864.00
2021/03/23,12.88,13.75,12.74,13.65,6756723,263156768.00
2021/03/24,13.31,13.43,12.75,12.88,4618124,177244192.00
2021/03/25,12.68,13.45,12.68,12.95,3646546,140137472.00
2021/03/26,12.80,13.08,12.71,12.84,2970890,112318624.00
2021/03/29,12.88,13.65,12.73,13.46,4719431,183562304.00
2021/03/30,13.25,13.48,12.92,13.23,3549623,136997168.00
2021/03/31,13.17,13.48,13.08,13.30,3128347,122326936.00
2021/04/01,13.16,13.17,12.30,12.46,3824086,141708976.00
2021/04/02,12.50,13.80,12.34,13.64,6747976,263312336.00
2021/04/06,13.71,13.84,13.36,13.70,4274087,170436208.00
2021/04/07,13.55,14.22,13.47,14.09,5573725,226173424.00
2021/04/08,13.95,14.30,13.49,13.55,5046354,205516656.00
2021/04/09,13.41,13.71,13.22,13.34,3095082,121595624.00
2021/04/12,13.34,13.54,13.01,13.04,2895656,112976480.00
2021/04/13,12.98,13.29,12.82,13.08,2257537,86295992.00
2021/04/14,13.03,13.38,12.89,13.30,2180454,84127528.00
2021/04/15,13.26,13.29,12.63,12.72,2506960,94322928.00
2021/04/16,12.75,12.98,12.65,12.84,1689629,63585976.00
2021/04/19,12.85,13.26,12.74,13.21,2329470,89118608.00
2021/04/20,13.20,13.29,12.79,12.80,2762985,105601424.00
2021/04/21,12.73,12.95,12.50,12.65,1842500,68665696.00
2021/04/22,12.71,12.74,12.41,12.53,2015491,74128328.00
2021/04/23,12.53,12.59,11.93,12.03,2704675,96323608.00
2021/04/26,12.07,12.20,11.96,12.10,1365692,48476260.00
2021/04/27,12.10,12.10,11.70,11.77,1504049,52224572.00
2021/04/28,11.77,12.02,11.64,12.02,1378732,48076236.00
2021/04/29,12.40,12.71,12.19,12.19,3020622,110698712.00
2021/04/30,11.99,12.21,11.75,11.93,1580063,55538012.00
2021/05/06,11.85,12.20,11.85,12.11,1220484,43067436.00
2021/05/07,12.06,12.22,11.99,12.09,1224968,43581504.00
2021/05/10,12.23,12.58,12.13,12.39,1873475,68300568.00
2021/05/11,12.21,12.40,12.12,12.26,1321159,47391748.00
2021/05/12,12.30,12.31,12.11,12.28,1159752,41548088.00
2021/05/13,12.17,12.30,11.80,11.82,1610349,56793788.00
2021/05/14,11.82,12.08,11.79,12.00,1130365,39673840.00
2021/05/17,12.00,12.59,11.80,12.36,2276731,81430464.00
2021/05/18,12.14,12.47,12.14,12.30,1603700,58021328.00
2021/05/19,12.31,12.59,12.18,12.54,2067391,75762656.00
2021/05/20,12.46,12.55,12.20,12.31,1438410,52118092.00
2021/05/21,12.31,12.53,12.31,12.43,1347008,49207544.00
2021/05/24,12.59,13.03,12.29,12.79,2833527,105709448.00
2021/05/25,12.72,12.99,12.66,12.91,2330536,88011000.00
2021/05/26,12.84,13.22,12.79,13.05,2790878,106907672.00
2021/05/27,13.00,13.17,12.93,13.03,2403443,91925288.00
2021/05/28,12.95,13.03,12.76,12.83,1935602,72926072.00
2021/05/31,12.77,13.15,12.75,13.14,2205967,84282944.00
2021/06/01,13.19,13.62,13.06,13.48,3173579,124104224.00
2021/06/02,13.35,13.61,13.28,13.30,2276623,89591464.00
2021/06/03,13.44,13.55,13.30,13.47,2066029,81250640.00
2021/06/04,13.25,13.25,12.82,13.07,2885486,110322328.00
2021/06/07,13.04,13.22,13.02,13.18,1720153,66254380.00
2021/06/08,13.33,13.73,13.19,13.20,3294582,129469512.00
2021/06/09,13.31,13.43,12.92,13.03,2077418,79920696.00
2021/06/10,13.15,15.61,13.03,14.57,8045016,331313984.00
2021/06/11,14.73,17.52,14.62,17.52,12849494,602366400.00
2021/06/15,16.20,16.83,15.06,15.42,14858881,404721312.00
2021/06/16,15.20,18.19,15.02,17.29,18288213,510309728.00
2021/06/17,16.33,17.20,15.83,16.79,12821428,360963392.00
2021/06/18,16.30,16.48,15.43,15.44,10585919,287931360.00
2021/06/21,15.38,16.61,15.38,16.10,9781280,270284160.00
2021/06/22,16.16,18.37,15.59,17.91,14804811,428777824.00
2021/06/23,17.52,19.17,16.83,17.57,14380479,439681600.00
2021/06/24,17.49,18.36,16.66,16.79,10603755,317320512.00
2021/06/25,16.57,16.77,15.68,15.79,9258636,255061920.00
2021/06/28,15.79,16.47,15.47,15.92,6743659,185296992.00
2021/06/29,15.76,16.49,15.40,15.43,7142339,195233424.00
2021/06/30,15.14,15.80,14.90,15.31,6916438,181554144.00
2021/07/01,15.31,15.41,14.10,14.14,8914363,224672544.00
2021/07/02,14.31,14.64,14.01,14.24,4983566,122473768.00
2021/07/05,14.29,14.54,14.20,14.54,3837969,94797352.00
2021/07/06,14.44,15.10,14.13,14.90,6692230,170014528.00
2021/07/07,14.60,14.83,14.45,14.70,4577726,115135968.00
2021/07/08,14.71,15.42,14.30,15.19,7955286,202432624.00
2021/07/09,14.97,15.42,14.91,15.08,6418608,167397824.00
2021/07/12,15.08,15.69,14.98,15.53,6181445,163345104.00
2021/07/13,15.58,15.58,14.89,15.00,5921774,153528272.00
2021/07/14,15.01,15.89,14.49,15.26,7936158,208142224.00
2021/07/15,15.02,15.06,14.49,14.56,4788828,120937856.00
2021/07/16,14.68,14.75,14.17,14.24,3698889,91812976.00
2021/07/19,14.10,14.43,14.03,14.36,2644949,64693592.00
2021/07/20,14.20,14.37,14.09,14.21,2154068,52535928.00
2021/07/21,14.25,14.76,14.25,14.59,4212576,105249760.00
2021/07/22,14.31,14.73,14.29,14.61,3444500,86040320.00
2021/07/23,14.54,14.71,13.23,13.25,7143609,169726048.00
2021/07/26,13.27,13.33,12.11,12.50,5276313,115093320.00
2021/07/27,12.64,12.71,12.07,12.16,3524255,75441464.00
2021/07/28,12.14,12.26,11.49,11.74,3137076,63536948.00
2021/07/29,11.81,12.30,11.81,12.11,3075282,63777856.00
2021/07/30,12.17,14.57,11.99,14.57,13723999,326875264.00
2021/08/02,15.04,17.51,14.55,17.51,20710470,576099072.00
2021/08/03,17.55,18.52,16.41,17.96,22159345,661979776.00
2021/08/04,16.90,17.79,16.66,17.79,16284848,479808544.00
2021/08/05,17.49,17.74,16.90,17.14,12163095,361404224.00
2021/08/06,17.19,17.19,15.53,16.16,13489313,375987104.00
2021/08/09,16.64,16.74,15.54,16.20,9702418,265526272.00
2021/08/10,16.20,16.61,15.73,16.14,9357076,259862400.00
2021/08/11,15.81,16.01,15.43,15.84,6867755,185699456.00
2021/08/12,15.88,16.47,15.53,15.60,9698200,265697024.00
2021/08/13,15.71,15.79,15.09,15.20,7374174,193999040.00
2021/08/16,15.35,16.28,15.04,15.89,10625765,286655584.00
2021/08/17,15.92,16.13,14.84,14.96,9605312,255553792.00
2021/08/18,14.90,15.08,14.36,14.58,6693708,168003712.00
2021/08/19,14.55,14.77,13.97,14.05,5659032,138499984.00
2021/08/20,13.97,14.09,13.46,13.56,4137282,97199160.00
2021/08/23,13.56,14.73,13.56,14.38,5756202,140798384.00
2021/08/24,14.42,14.54,14.10,14.43,4553615,112196368.00
2021/08/25,14.38,14.51,13.91,14.13,3510653,85155272.00
2021/08/26,14.24,14.24,13.10,13.43,4677847,109436032.00
2021/08/27,13.56,14.27,13.20,14.12,7016135,167430832.00
2021/08/30,14.12,15.01,13.71,13.81,7376003,181918032.00
2021/08/31,13.73,14.35,13.49,14.30,5755050,138654112.00
2021/09/01,14.30,14.61,13.63,13.95,5481059,132835488.00
2021/09/02,14.31,15.83,14.06,15.54,11326030,295895648.00
2021/09/03,15.01,15.55,14.69,15.23,8723341,226484384.00
2021/09/06,15.15,16.57,14.98,15.66,9949092,271109024.00
2021/09/07,15.43,16.13,15.30,15.79,6924689,185502544.00
2021/09/08,15.76,15.89,15.07,15.14,6917035,182329392.00
2021/09/09,15.33,16.61,15.07,16.07,11043642,301509856.00
2021/09/10,15.78,15.96,15.44,15.91,6942450,187132960.00
2021/09/13,15.86,15.87,15.11,15.17,6198031,162379232.00
2021/09/14,15.22,16.20,15.07,15.34,7026051,189140496.00
2021/09/15,15.03,15.55,14.84,15.33,5201721,135089440.00
2021/09/16,15.20,15.91,15.02,15.90,8009770,214365088.00
2021/09/17,16.20,16.48,15.44,15.56,6229804,168939504.00
2021/09/22,15.13,15.41,14.57,14.79,5256359,134536320.00
2021/09/23,14.90,15.12,14.34,14.86,4730395,120261968.00
2021/09/24,14.83,15.10,13.91,14.07,5129440,127654336.00
2021/09/27,14.35,14.54,13.70,14.26,3314701,80717048.00
2021/09/28,14.53,16.87,14.04,15.44,8703475,231532608.00
2021/09/29,15.25,16.20,14.93,15.17,6473694,170471008.00
2021/09/30,15.17,15.83,14.94,15.56,5959749,158397168.00
2021/10/08,15.65,16.45,15.57,16.04,7937834,218214912.00
2021/10/11,16.08,16.24,15.53,15.54,5323506,144021872.00
2021/10/12,15.29,16.17,15.16,15.77,7053369,191306960.00
2021/10/13,15.78,15.84,14.45,14.79,7306611,187806816.00
2021/10/14,14.61,16.66,14.42,16.52,8416639,223427648.00
2021/10/15,15.94,17.12,15.79,16.45,12518960,354747744.00
2021/10/18,16.44,16.77,16.14,16.67,7029693,199013344.00
2021/10/19,16.37,16.60,16.03,16.21,6055598,169246320.00
2021/10/20,16.71,17.40,15.70,15.70,10729091,306465664.00
2021/10/21,15.86,16.70,15.49,16.53,9277401,258328448.00
2021/10/22,16.26,16.41,15.74,15.84,6427270,176637328.00
2021/10/25,15.75,16.10,15.29,16.08,4448315,120727264.00
2021/10/26,16.01,16.63,15.80,16.44,6669936,187103264.00
2021/10/27,16.43,16.52,15.37,15.61,5861771,158346736.00
2021/10/28,15.54,15.89,14.56,14.56,5283662,136598800.00
2021/10/29,14.71,15.64,14.71,15.31,4673730,122017728.00
2021/11/01,15.34,15.50,15.11,15.32,3667834,96445336.00
2021/11/02,15.22,15.44,14.74,14.81,4848208,125105424.00
2021/11/03,14.84,15.26,14.81,15.14,3076126,79769032.00
2021/11/04,15.14,15.60,15.03,15.21,3414437,89403976.00
2021/11/05,15.20,16.64,15.14,16.31,11484304,316180800.00
2021/11/08,16.91,17.87,16.50,17.29,15691632,463019520.00
2021/11/09,17.26,20.43,17.17,18.78,19950514,637389888.00
2021/11/10,18.49,19.42,18.20,19.13,15522934,498997504.00
2021/11/11,18.81,19.72,18.52,19.03,15226394,500769472.00
2021/11/12,19.23,20.77,19.12,20.02,15235190,521691584.00
2021/11/15,19.73,20.71,19.56,19.72,13843756,474384960.00
2021/11/16,19.55,20.04,19.22,19.50,11275512,378691648.00
2021/11/17,19.38,19.49,18.88,19.30,8361110,274963744.00
2021/11/18,19.49,20.18,18.11,18.49,11959466,391834592.00
2021/11/19,18.20,18.65,17.96,18.50,7758965,243639584.00
2021/11/22,18.66,18.87,17.96,18.61,7299635,231763424.00
2021/11/23,18.79,21.30,18.33,20.95,15517223,531162816.00
2021/11/24,20.73,20.93,19.97,20.11,11115975,387308352.00
2021/11/25,20.14,20.56,19.84,20.23,8668482,300209728.00
2021/11/26,20.20,20.27,18.97,19.26,8300368,275599360.00
2021/11/29,18.78,19.49,18.69,19.17,5121638,168555392.00
2021/11/30,19.26,19.97,19.00,19.49,7211234,240038032.00
2021/12/01,19.41,20.37,19.20,20.01,9654514,329864288.00
2021/12/02,19.90,19.90,18.08,18.09,10768327,347232128.00
2021/12/03,18.13,18.37,17.49,17.54,6696527,204815264.00
2021/12/06,17.58,17.59,16.91,17.06,4671622,137685152.00
2021/12/07,17.19,17.40,16.87,17.39,4287308,126040488.00
2021/12/08,17.49,17.57,17.14,17.46,3937621,117454088.00
2021/12/09,17.44,17.60,17.09,17.56,4095458,122139856.00
2021/12/10,17.49,17.49,16.97,17.10,4133777,121656888.00
2021/12/13,17.23,17.37,17.04,17.23,2917773,86107480.00
2021/12/14,17.20,17.83,17.07,17.75,5562139,167957632.00
2021/12/15,17.63,18.19,17.50,17.94,5142836,157188768.00
2021/12/16,17.94,17.95,17.26,17.40,4507128,135136848.00
2021/12/17,17.27,17.33,16.20,16.41,5977834,170093216.00
2021/12/20,16.20,16.64,16.07,16.24,2571968,72351192.00
2021/12/21,16.27,16.52,16.24,16.30,2368866,66545760.00
2021/12/22,16.40,16.77,16.24,16.52,2664987,75701720.00
2021/12/23,16.42,16.53,15.79,15.80,4148540,114356928.00
2021/12/24,15.80,16.02,15.47,15.79,2925867,79172440.00
2021/12/27,15.70,15.94,14.90,15.93,3115152,83277704.00
2021/12/28,15.85,16.18,15.79,15.88,2322668,63670540.00
2021/12/29,15.89,16.11,15.49,16.07,2763140,75307832.00
2021/12/30,16.00,17.20,15.92,16.65,4713106,135244416.00
2021/12/31,16.56,16.95,16.41,16.80,3245370,93215776.00
2022/01/04,16.84,17.07,16.49,16.77,2655139,76058760.00
2022/01/05,16.77,16.94,16.56,16.81,3380374,97332192.00
2022/01/06,16.29,16.29,15.54,16.19,4159501,113534744.00
2022/01/07,16.20,16.39,15.37,15.37,4670446,126041072.00
2022/01/10,15.25,15.89,15.07,15.66,3001491,80287128.00
2022/01/11,15.66,15.89,15.46,15.69,2196600,58911416.00
2022/01/12,15.70,15.87,15.64,15.69,1877198,50659624.00
2022/01/13,15.74,16.06,15.43,15.56,3668808,99042552.00
2022/01/14,15.44,15.71,15.28,15.28,2426334,64590788.00
2022/01/17,15.38,16.17,15.38,15.98,4697635,128318464.00
2022/01/18,15.96,16.40,15.59,15.66,5305898,146091680.00
2022/01/19,15.56,16.46,15.41,16.46,6521970,180416576.00
2022/01/20,16.31,16.37,15.73,16.17,5488245,150794352.00
2022/01/21,15.96,17.10,15.86,16.52,8213213,234334640.00
2022/01/24,16.33,16.94,16.29,16.90,6104441,174560880.00
2022/01/25,16.77,16.77,15.14,15.19,6397913,173254416.00
2022/01/26,15.18,15.43,14.30,14.72,3900811,98622968.00
2022/01/27,14.63,14.72,13.49,13.97,4785188,114362808.00
2022/01/28,13.96,14.52,13.89,14.21,2963466,72401904.00
2022/02/07,14.56,14.77,14.00,14.17,2164300,53029624.00
2022/02/08,14.16,14.36,13.80,14.36,2140183,51735908.00
2022/02/09,14.33,14.80,14.27,14.71,3128644,78541008.00
2022/02/10,14.71,14.86,14.31,14.43,2095154,52240860.00
2022/02/11,14.55,14.59,13.97,14.20,2575443,63080896.00
2022/02/14,14.14,14.23,13.83,13.94,1654889,39798008.00
2022/02/15,13.96,14.08,13.77,13.93,1587683,38049144.00
2022/02/16,14.01,14.27,13.97,14.13,1881566,45611100.00
2022/02/17,13.97,14.19,13.82,13.86,2000490,47947648.00
2022/02/18,13.84,14.26,13.84,14.17,2355141,57060580.00
2022/02/21,14.17,14.83,14.17,14.66,3432280,86213912.00
2022/02/22,14.56,14.64,14.24,14.34,2215180,54856224.00
2022/02/23,14.35,14.66,14.18,14.57,2358103,58627608.00
2022/02/24,14.49,14.66,13.76,13.96,3243351,79092752.00
2022/02/25,14.26,14.27,13.94,14.00,1605003,38854600.00
2022/02/28,14.07,14.19,13.76,13.86,1577630,37641144.00
2022/03/01,13.86,14.04,13.79,14.01,1320632,31673492.00
2022/03/02,14.01,14.11,13.85,14.11,1604701,38508184.00
2022/03/03,14.20,14.25,13.61,13.66,2609408,61807808.00
2022/03/04,13.51,13.75,13.21,13.23,2154611,49875672.00
2022/03/07,13.14,13.28,12.79,12.89,1837700,41066648.00
2022/03/08,13.01,13.03,12.36,12.47,2092831,45585848.00
2022/03/09,12.63,12.75,11.74,12.37,2154547,45521924.00
2022/03/10,12.67,12.78,12.37,12.45,1991983,43219928.00
2022/03/11,12.31,12.77,12.14,12.74,2353326,50488912.00
2022/03/14,12.61,12.88,12.26,12.27,1728822,37288324.00
2022/03/15,12.14,12.41,11.97,11.97,2599988,54715520.00
2022/03/16,12.13,12.49,11.91,12.49,2556921,53730604.00
2022/03/17,12.53,13.15,12.53,12.90,3679331,81921200.00
2022/03/18,12.93,13.07,12.81,12.93,1924176,42820552.00
2022/03/21,12.98,13.04,12.76,12.91,1706395,37849560.00
2022/03/22,12.93,12.98,12.71,12.81,1632859,36007196.00
2022/03/23,12.89,12.95,12.67,12.86,1338419,29590756.00
2022/03/24,12.79,12.83,12.55,12.61,1512740,32903386.00
2022/03/25,12.67,12.89,12.61,12.63,1384703,30346572.00
2022/03/28,12.63,13.26,12.34,13.11,3191358,71047528.00
2022/03/29,13.05,14.13,12.91,13.87,8787103,207271104.00
2022/03/30,14.07,14.54,13.76,13.89,5983969,144944240.00
2022/03/31,13.96,14.48,13.78,14.33,6891094,167968368.00
2022/04/01,14.31,14.31,13.80,14.04,3435359,82653432.00
2022/04/06,13.83,14.22,13.76,13.84,2262500,54231452.00
2022/04/07,13.84,14.12,13.48,13.87,3794087,89881048.00
2022/04/08,13.83,14.96,13.70,14.74,6926278,171776432.00
2022/04/11,14.46,14.54,13.49,13.74,4275326,103116072.00
2022/04/12,13.74,13.93,13.41,13.81,2561016,60215576.00
2022/04/13,13.79,13.81,12.70,12.84,3989075,89835744.00
2022/04/14,13.00,13.50,12.97,13.16,2806947,64112172.00
2022/04/15,13.07,13.70,13.07,13.27,3203492,73961616.00
2022/04/18,13.27,13.29,12.68,13.15,1702396,38128568.00
2022/04/19,13.10,13.10,12.08,12.24,4865223,104157600.00
2022/04/20,12.26,12.41,11.86,11.93,2462540,51248252.00
2022/04/21,11.83,12.01,11.33,11.36,2761635,55271908.00
2022/04/22,11.37,11.49,10.86,11.08,1962434,37671404.00
2022/04/25,10.93,10.93,9.73,9.77,3759796,66441616.00
2022/04/26,10.37,10.90,9.96,10.15,4750109,84814776.00
2022/04/27,9.96,10.71,9.84,10.67,3220690,57344340.00
2022/04/28,10.49,10.64,10.14,10.28,2702860,48368728.00
2022/04/29,10.42,10.73,10.34,10.65,2594725,47373764.00
2022/05/05,10.54,10.95,10.49,10.76,2099835,38972044.00
2022/05/06,10.43,11.45,10.36,11.01,3654893,69521064.00
2022/05/09,11.26,11.40,11.00,11.04,2804268,54121652.00
2022/05/10,10.79,11.28,10.79,11.10,2516406,48132660.00
2022/05/11,11.20,11.46,11.07,11.07,2730410,53029664.00
2022/05/12,11.08,11.30,11.02,11.18,1900395,36534460.00
2022/05/13,11.20,11.34,11.13,11.29,1524536,29527132.00
2022/05/16,11.36,11.36,11.14,11.22,1931678,37443992.00
2022/05/17,11.29,11.29,10.92,11.11,2045401,38985808.00
2022/05/18,11.14,11.36,11.08,11.15,2197944,42462356.00
2022/05/19,10.93,11.24,10.87,11.24,1910115,36499324.00
2022/05/20,11.23,11.36,11.17,11.30,1717034,33319722.00
2022/05/23,11.40,11.58,11.34,11.49,2071216,40917352.00
2022/05/24,11.50,11.50,10.73,10.73,3158994,60596072.00
2022/05/25,10.70,11.01,10.70,10.90,2188227,41112684.00
2022/05/26,11.02,11.13,10.43,10.87,2136581,39720284.00
2022/05/27,10.84,11.13,10.83,10.92,2167645,41052448.00
2022/05/30,10.99,11.10,10.81,11.08,2028068,38413292.00
2022/05/31,11.10,11.39,10.87,11.24,2248480,43071960.00
2022/06/01,11.14,11.46,11.06,11.37,2138467,41819696.00
2022/06/02,11.37,11.67,11.20,11.59,2469858,48707888.00
2022/06/06,11.51,11.94,11.51,11.85,3024848,61574688.00
2022/06/07,11.87,11.99,11.70,11.81,2003563,40767848.00
2022/06/08,11.84,12.05,11.53,11.76,1992505,40424432.00
2022/06/09,11.76,11.76,11.33,11.46,2167990,42854468.00
2022/06/10,11.55,11.83,11.46,11.81,2185102,43965208.00
2022/06/13,11.81,11.99,11.66,11.89,1984075,40363064.00
2022/06/14,11.80,11.80,11.34,11.74,2354303,46912452.00
2022/06/15,11.76,11.96,11.65,11.73,2372234,48183860.00
2022/06/16,11.67,11.83,11.67,11.67,2201481,44523948.00
2022/06/17,11.67,11.84,11.46,11.67,4255905,50134984.00
2022/06/20,11.79,11.99,11.65,11.76,3931737,46782232.00
2022/06/21,11.79,11.93,11.50,11.65,4505769,53266196.00
2022/06/22,11.68,11.74,11.16,11.16,4062933,46864212.00
2022/06/23,11.37,11.59,11.28,11.54,4446539,51375400.00
2022/06/24,11.69,11.79,11.55,11.62,3853606,45417728.00
2022/06/27,11.58,11.74,11.48,11.61,3982455,46596880.00
2022/06/28,11.64,11.97,11.51,11.91,5515473,65630160.00
2022/06/29,11.87,12.16,11.74,11.86,7208256,86798192.00
2022/06/30,11.94,11.96,11.75,11.84,4625894,55298856.00
2022/07/01,11.77,11.97,11.71,11.78,3737112,44558604.00
2022/07/04,11.82,11.84,11.59,11.79,3394067,40190808.00
2022/07/05,11.68,11.90,11.35,11.53,4204302,49019068.00
2022/07/06,11.62,11.74,11.36,11.49,3188212,37269512.00
2022/07/07,11.49,11.64,11.32,11.37,3274584,37758516.00
2022/07/08,11.35,11.97,11.34,11.69,6355175,75238688.00
2022/07/11,11.69,11.77,11.16,11.31,4472192,51285792.00
2022/07/12,11.28,11.28,10.89,10.96,3233853,36044644.00
2022/07/13,10.98,11.13,10.90,11.08,1563172,17442052.00
2022/07/14,11.08,11.27,10.94,11.23,2307226,26038688.00
2022/07/15,11.21,11.25,10.95,10.95,2532932,28348516.00
2022/07/18,10.97,11.39,10.97,11.30,4507302,51294080.00
2022/07/19,11.31,11.87,11.30,11.83,8441862,100026320.00
2022/07/20,11.74,12.25,11.73,12.00,8565940,103735120.00
2022/07/21,12.02,12.19,11.91,11.92,5923300,72022496.00
2022/07/22,11.99,12.06,11.58,11.71,4470052,53053480.00
2022/07/25,11.66,11.93,11.50,11.60,3739895,44064384.00
2022/07/26,11.64,11.76,11.54,11.73,2987794,35178248.00
2022/07/27,11.72,11.90,11.63,11.69,3169044,37497660.00
2022/07/28,11.77,12.06,11.71,11.95,5815742,70177192.00
2022/07/29,12.02,12.07,11.71,11.77,3339267,39965268.00
2022/08/01,11.79,11.90,11.64,11.77,3800231,45164600.00
2022/08/02,11.69,11.69,10.92,11.08,7038430,79407448.00
2022/08/03,11.19,11.57,11.10,11.19,5470999,62815644.00
2022/08/04,11.39,11.61,11.33,11.49,4077242,47224976.00
2022/08/05,11.57,12.05,11.54,12.02,7323482,87746480.00
2022/08/08,12.09,12.09,11.78,11.97,5222495,62731964.00
2022/08/09,11.95,12.04,11.81,11.94,4131360,49637272.00
2022/08/10,11.91,12.21,11.81,12.08,5992612,72786656.00
2022/08/11,12.17,12.40,12.16,12.29,5537729,68389528.00
2022/08/12,12.26,12.32,12.10,12.12,5318794,65384556.00
2022/08/15,12.13,12.16,11.86,11.97,4480517,54069192.00
2022/08/16,12.02,12.12,11.90,11.94,4668009,56322752.00
2022/08/17,11.99,11.99,11.75,11.94,4339610,51932952.00
2022/08/18,11.82,11.98,11.70,11.87,5166026,61561084.00
2022/08/19,11.86,12.03,11.55,11.56,7706103,91405840.00
2022/08/22,11.56,11.80,11.24,11.65,4823983,56673656.00
2022/08/23,11.67,11.77,11.49,11.58,4279261,50057284.00
2022/08/24,11.49,11.62,11.10,11.14,6028698,68557824.00
2022/08/25,11.22,11.24,10.94,11.08,4249916,47458580.00
2022/08/26,11.35,11.55,11.16,11.18,5126147,58861116.00
2022/08/29,11.18,11.49,10.95,11.49,4949734,56600412.00
2022/08/30,11.44,11.59,11.37,11.48,3343528,38713024.00
2022/08/31,11.48,11.54,11.23,11.28,3296509,37833244.00
2022/09/01,11.29,11.44,11.20,11.23,2572104,29355212.00
2022/09/02,11.23,11.49,11.21,11.47,3222312,37017924.00
2022/09/05,11.46,11.56,11.26,11.34,2785983,31938192.00
2022/09/06,11.36,11.41,11.21,11.35,3399133,38811384.00
2022/09/07,11.31,11.39,11.19,11.22,3693797,42036608.00
2022/09/08,11.26,11.29,11.01,11.03,3312468,37136564.00
2022/09/09,11.05,11.11,10.98,11.07,2259963,25231202.00
2022/09/13,11.08,11.32,11.08,11.13,2955358,33388064.00
2022/09/14,10.89,11.04,10.80,11.01,2514608,27813164.00
2022/09/15,11.01,11.11,10.69,10.82,3275611,36046816.00
2022/09/16,10.77,11.04,10.67,10.68,2815106,30847000.00
2022/09/19,10.67,10.70,10.18,10.19,3942061,41122576.00
2022/09/20,10.26,10.43,10.16,10.25,2573175,26642854.00
2022/09/21,10.17,10.30,9.91,10.28,2491658,25525574.00
2022/09/22,10.23,10.60,10.17,10.36,3266560,34414540.00
2022/09/23,10.31,10.44,9.95,10.03,3073349,31508148.00
2022/09/26,10.00,10.00,9.71,9.74,2503590,24876748.00
2022/09/27,9.78,9.98,9.75,9.96,2440595,24427784.00
2022/09/28,9.99,10.02,9.59,9.60,3101386,30656514.00
2022/09/29,9.67,9.77,9.41,9.52,2889361,28086706.00
2022/09/30,9.53,9.63,9.38,9.41,2023230,19425168.00
2022/10/10,9.41,9.49,9.04,9.09,4133848,38484240.00
2022/10/11,9.11,9.27,9.02,9.20,2162727,20043276.00
2022/10/12,9.17,9.63,9.04,9.61,3831641,36451764.00
2022/10/13,9.60,10.44,9.51,10.13,8250835,84016248.00
2022/10/14,10.34,10.89,10.08,10.81,11819229,126745080.00
2022/10/17,10.68,11.19,10.62,11.07,9417312,104538264.00
2022/10/18,11.06,11.19,10.84,11.13,6473817,71960968.00
2022/10/19,11.37,11.87,11.10,11.30,21264914,244053712.00
2022/10/20,11.14,11.36,10.91,11.12,14380359,161845264.00
2022/10/21,10.87,11.44,10.71,11.19,18930950,213337616.00
2022/10/24,11.05,11.22,10.74,10.83,14189879,157254672.00
2022/10/25,10.72,10.94,10.39,10.53,9628865,102856704.00
2022/10/26,10.55,11.33,10.55,11.18,13565522,151924048.00
2022/10/27,11.38,11.77,11.18,11.54,13364252,155501040.00
2022/10/28,11.44,11.73,10.95,11.09,15180078,174382960.00
2022/10/31,11.24,11.77,11.18,11.61,16704538,195235856.00
2022/11/01,11.69,11.72,11.40,11.63,12769881,149265232.00
2022/11/02,11.67,11.94,11.53,11.71,14973642,176870640.00
2022/11/03,11.59,12.05,11.55,11.79,17003393,202783824.00
2022/11/04,11.69,11.81,11.54,11.67,13296200,156705664.00
2022/11/07,11.56,11.93,11.51,11.67,11783467,139549728.00
2022/11/08,11.67,12.08,11.40,12.08,18437845,219862560.00
2022/11/09,12.20,12.20,11.67,11.73,17763394,211784576.00
2022/11/10,11.56,12.59,11.50,12.49,26162724,320007776.00
2022/11/11,12.74,12.98,12.09,12.39,28073779,354227520.00
2022/11/14,12.19,12.22,11.79,12.04,16871566,203764832.00
2022/11/15,11.94,12.26,11.94,12.06,15133913,184359232.00
2022/11/16,12.09,12.24,11.77,11.85,12051513,145856272.00
2022/11/17,11.78,12.19,11.74,12.19,12343636,149000864.00
2022/11/18,12.29,13.79,12.23,12.66,38352191,502217728.00
2022/11/21,12.83,13.69,12.49,13.59,31856454,420940576.00
2022/11/22,13.28,13.58,12.89,13.11,21454888,286799104.00
2022/11/23,13.02,13.19,12.17,12.33,20140300,253765344.00
2022/11/24,12.25,12.55,12.07,12.48,11739777,146143440.00
2022/11/25,12.34,12.34,11.52,11.52,14524025,173965600.00
2022/11/28,11.20,11.49,11.19,11.31,7491081,85658384.00
2022/11/29,11.38,11.62,11.28,11.62,6367967,73759952.00
2022/11/30,11.62,11.62,11.33,11.39,6241988,72130464.00
2022/12/01,11.41,12.08,11.41,11.98,12500859,148919536.00
2022/12/02,12.89,14.40,12.89,13.99,66044178,937379584.00
2022/12/05,13.40,14.08,13.36,13.76,46683380,644555200.00
2022/12/06,13.62,13.98,13.39,13.50,28764084,396919904.00
2022/12/07,13.54,13.64,13.13,13.17,16193450,216396496.00
2022/12/08,13.19,13.33,12.84,13.13,14997070,197884992.00
2022/12/09,13.09,13.39,12.89,12.96,13942781,184758640.00
2022/12/12,13.01,13.57,12.89,13.56,21385578,287335296.00
2022/12/13,13.32,13.43,12.51,12.61,21852410,284309056.00
2022/12/14,12.58,12.92,12.53,12.65,10898760,139806384.00
2022/12/15,12.64,13.37,12.38,13.15,18153984,239234096.00
2022/12/16,12.98,13.20,12.49,12.54,13193360,169449392.00
2022/12/19,12.55,12.61,12.07,12.14,8362534,103246600.00
2022/12/20,12.37,12.40,11.79,11.98,8281775,100183928.00
2022/12/21,11.89,12.11,11.83,12.06,5794454,69928152.00
2022/12/22,12.02,12.07,11.56,11.62,8201258,97547080.00
2022/12/23,11.65,12.09,11.53,11.89,8278563,99111984.00
2022/12/26,11.83,12.07,11.74,12.01,6053914,73021112.00
2022/12/27,11.97,12.01,11.45,11.96,10606353,125497088.00
2022/12/28,12.18,13.13,12.14,12.77,22853046,293736192.00
2022/12/29,12.64,12.99,12.39,12.59,17704679,226187920.00
2022/12/30,12.90,13.15,12.73,12.84,15254512,199069792.00
2023/01/03,12.86,13.97,12.85,13.89,27543860,375702880.00
2023/01/04,13.83,14.27,13.69,13.92,28000220,392473568.00
2023/01/05,13.77,13.94,13.65,13.80,15132302,209916032.00
2023/01/06,13.74,14.01,13.59,13.63,12989241,180388352.00
2023/01/09,13.64,13.74,13.33,13.40,11268800,153158224.00
2023/01/10,13.44,14.22,13.09,13.83,20277502,281747648.00
2023/01/11,13.74,13.80,13.24,13.27,11929294,162425392.00
2023/01/12,13.39,13.53,13.12,13.34,8025358,107765152.00
2023/01/13,13.35,13.35,12.91,13.08,7817348,103108440.00
2023/01/16,13.19,13.73,13.06,13.54,11405905,155379360.00
2023/01/17,13.58,13.59,13.01,13.11,9911542,131658456.00
2023/01/18,13.16,13.55,12.91,13.45,12186523,163670416.00
2023/01/19,13.38,14.62,13.36,14.39,24374426,351369568.00
2023/01/20,14.50,14.60,14.00,14.27,17236868,248497360.00
2023/01/30,14.67,14.70,14.08,14.47,14833416,214751920.00
2023/01/31,14.29,14.43,14.10,14.34,13185288,189713840.00
2023/02/01,14.29,14.95,14.26,14.94,18456241,272034464.00
2023/02/02,14.99,15.18,14.61,14.75,15385735,230151568.00
2023/02/03,14.64,15.02,14.55,14.90,12405720,185239968.00
2023/02/06,14.97,15.74,14.81,15.02,19614254,300791712.00
2023/02/07,15.01,15.25,14.69,14.98,12272568,184661648.00
2023/02/08,14.95,15.04,14.46,14.60,12046545,177908848.00
2023/02/09,14.54,14.97,14.34,14.91,9400244,139221712.00
2023/02/10,14.89,15.23,14.59,14.67,9644221,144419792.00
2023/02/13,14.51,14.78,14.43,14.61,9715452,142579344.00
2023/02/14,14.62,14.67,14.40,14.44,5973666,87318776.00
2023/02/15,14.49,15.16,14.41,15.13,16122514,241983616.00
2023/02/16,15.03,15.98,14.83,15.04,26262695,405099424.00
2023/02/17,15.04,15.09,13.99,14.09,17297469,251002416.00
2023/02/20,14.10,14.31,13.73,14.29,10171286,144476784.00
2023/02/21,14.23,14.91,14.06,14.17,12458324,181270288.00
2023/02/22,13.96,14.59,13.81,14.37,9390204,133959184.00
2023/02/23,14.27,14.31,13.78,13.92,8483748,119544160.00
2023/02/24,13.93,14.09,13.85,13.91,4350489,61169728.00
2023/02/27,13.89,14.07,13.54,13.62,5323542,73835352.00
2023/02/28,13.89,14.17,13.77,13.99,9200649,129604520.00
2023/03/01,13.90,14.64,13.90,14.64,14769506,214981024.00
2023/03/02,14.64,14.85,14.54,14.71,9957898,147444560.00
2023/03/03,14.64,14.84,14.19,14.53,8663700,126393504.00
2023/03/06,14.49,14.53,14.22,14.30,6721151,97048512.00
2023/03/07,14.29,14.47,13.78,13.81,7843063,110820784.00
2023/03/08,13.75,14.43,13.67,14.41,8638783,123575456.00
2023/03/09,14.40,14.61,14.03,14.48,8282232,119387000.00
2023/03/10,14.29,14.84,14.19,14.61,11945657,176108064.00
2023/03/13,14.61,15.39,14.32,15.20,23695144,356003392.00
2023/03/14,14.96,15.14,14.65,15.08,17081911,256978464.00
2023/03/15,15.06,15.11,14.56,14.62,12691890,188382752.00
2023/03/16,14.43,14.82,14.26,14.55,9671653,141845184.00
2023/03/17,14.71,15.11,14.71,15.00,14765282,222342608.00
2023/03/20,15.97,16.29,15.15,15.17,28651381,449363712.00
2023/03/21,15.14,15.60,14.69,15.37,20009345,305901376.00
2023/03/22,15.35,15.80,15.10,15.61,17178892,268086544.00
2023/03/23,15.49,15.87,15.28,15.74,17842750,280309280.00
2023/03/24,15.72,16.57,15.48,16.21,26764693,432198720.00
2023/03/27,16.90,17.82,16.51,17.59,40161783,694122752.00
2023/03/28,17.09,17.19,16.39,16.52,25761672,433671072.00
2023/03/29,16.42,17.01,15.95,16.88,25691524,426989856.00
2023/03/30,16.54,16.70,15.34,15.67,29661164,473353408.00
2023/03/31,15.76,16.21,15.28,16.19,19742304,313166816.00
2023/04/03,16.00,16.62,15.81,16.56,21798523,356273280.00
2023/04/04,16.40,16.51,15.95,16.17,17680152,289643008.00
2023/04/06,15.89,16.34,15.80,16.26,15585257,251778736.00
2023/04/07,16.22,16.72,15.94,16.70,17709382,293271968.00
2023/04/10,16.81,16.81,15.44,15.66,19455025,316053856.00
2023/04/11,15.65,15.91,15.28,15.57,12949498,203040320.00
2023/04/12,15.58,16.28,15.39,16.14,14245191,228594576.00
2023/04/13,15.90,16.23,15.70,15.81,9932385,158961376.00
2023/04/14,16.01,17.61,16.01,17.57,44444446,754349440.00
2023/04/17,18.57,18.87,16.51,16.52,49887441,870107712.00
2023/04/18,16.28,17.57,16.24,17.07,45197245,779108096.00
2023/04/19,16.52,17.19,16.20,16.34,36924167,620760064.00
2023/04/20,16.09,16.95,15.90,16.94,29579145,490425920.00
2023/04/21,16.77,16.77,15.49,15.61,25017479,406003680.00
2023/04/24,15.28,15.65,14.30,14.42,21202684,319947104.00
2023/04/25,14.65,15.08,14.49,14.99,16322548,243825232.00
2023/04/26,14.69,14.95,14.19,14.60,14458928,211821392.00
2023/04/27,14.39,14.44,13.12,13.29,20605322,285675968.00
2023/04/28,13.49,14.14,13.46,14.05,13944744,195286880.00
2023/05/04,13.99,14.34,13.55,14.14,12075441,169020144.00
2023/05/05,13.99,14.22,13.77,14.16,9731946,137425376.00
2023/05/08,14.20,15.12,14.03,14.95,16818344,247630896.00
2023/05/09,14.86,14.93,14.34,14.38,10719203,158014960.00
2023/05/10,14.29,14.53,13.96,14.13,7798478,111866224.00
2023/05/11,14.37,14.47,14.09,14.14,7467845,107336408.00
2023/05/12,14.06,14.23,13.75,13.77,6667343,93725384.00
2023/05/15,13.80,13.96,13.40,13.80,6491609,89262224.00
2023/05/16,13.70,13.80,13.35,13.39,6855890,93209288.00
2023/05/17,13.30,13.62,13.28,13.57,4222024,57575840.00
2023/05/18,13.59,14.01,13.54,13.99,6794546,94994576.00
2023/05/19,13.89,14.16,13.71,14.09,7220874,101586368.00
2023/05/22,13.92,14.10,13.88,14.01,5168099,72710608.00
2023/05/23,14.00,14.08,13.67,13.69,4476140,62284612.00
2023/05/24,13.69,13.93,13.54,13.86,4516018,62880664.00
2023/05/25,13.86,14.04,13.57,13.87,4888907,67895168.00
2023/05/26,13.89,14.24,13.80,14.18,6957339,98533184.00
2023/05/29,14.19,14.59,14.14,14.46,7713878,111927976.00
2023/05/30,14.37,14.62,14.11,14.61,7418292,107561320.00
2023/05/31,14.61,14.95,14.52,14.86,10712803,159525616.00
2023/06/01,15.24,15.85,15.09,15.65,26433467,412936800.00
2023/06/02,15.53,15.99,15.42,15.71,22230611,351857056.00
2023/06/05,15.42,15.91,15.41,15.59,14413084,227214528.00
2023/06/06,15.71,15.88,15.06,15.15,14759787,228969232.00
2023/06/07,15.26,15.62,15.06,15.40,9667989,149586400.00
2023/06/08,15.42,15.52,15.00,15.21,8502634,130153776.00
2023/06/09,15.19,15.79,15.12,15.72,14892392,233332768.00
2023/06/12,15.66,15.97,15.52,15.78,15060880,238635536.00
2023/06/13,15.68,16.12,15.52,16.07,16275983,260213904.00
2023/06/14,16.08,16.09,15.66,15.76,12479736,198274864.00
2023/06/15,15.81,15.84,15.41,15.47,12045886,188295648.00
2023/06/16,15.47,15.88,15.12,15.83,11496772,181585184.00
2023/06/19,15.85,16.04,15.75,15.97,13978690,223392144.00
2023/06/20,16.05,16.05,15.69,15.84,10874878,173367264.00
2023/06/21,15.84,15.84,15.22,15.30,10486995,162873168.00
2023/06/26,14.92,15.25,14.35,14.42,12356752,182174368.00
2023/06/27,14.52,14.74,14.40,14.49,7439381,108728456.00
2023/06/28,14.46,14.47,13.60,13.92,9578770,133527136.00
2023/06/29,13.82,14.14,13.73,13.97,7886100,110261800.00
2023/06/30,13.93,14.14,13.82,14.05,7360530,103610928.00
2023/07/03,14.07,14.19,13.63,14.08,8254322,115826200.00
2023/07/04,14.02,14.40,13.98,14.36,9272039,132730584.00
2023/07/05,14.49,15.04,14.26,14.61,14443901,213548352.00
2023/07/06,14.42,14.77,14.23,14.33,9041570,131334664.00
2023/07/07,14.21,14.33,13.61,13.90,9834331,136992272.00
2023/07/10,13.93,14.02,13.62,13.74,5288805,73381520.00
2023/07/11,13.71,13.88,13.64,13.87,5257480,72830608.00
2023/07/12,13.87,14.05,13.55,13.58,6395568,88604192.00
2023/07/13,13.62,14.01,13.60,13.94,7725793,107490440.00
2023/07/14,13.98,14.72,13.98,14.62,14878414,216712352.00
2023/07/17,14.53,14.69,14.26,14.35,7118095,103084640.00
2023/07/18,14.35,14.45,14.05,14.09,6001248,85650032.00
2023/07/19,14.09,14.29,14.01,14.08,4270515,60672156.00
2023/07/20,14.10,14.12,13.63,13.67,6203738,86376000.00
2023/07/21,13.63,13.76,13.38,13.43,4490852,61222332.00
2023/07/24,13.42,13.86,13.33,13.53,4567807,62496488.00
2023/07/25,13.64,13.89,13.64,13.78,4879610,67660496.00
2023/07/26,13.75,13.82,13.35,13.43,5092750,69291392.00
2023/07/27,13.43,13.53,13.09,13.12,5522700,73831992.00
2023/07/28,13.05,13.27,12.98,13.23,4717647,62258864.00
2023/07/31,13.23,13.53,13.15,13.44,4868784,65648920.00
2023/08/01,13.35,13.45,13.16,13.35,3704899,49541476.00
2023/08/02,13.27,13.34,13.07,13.30,3395690,45212220.00
2023/08/03,13.22,13.57,13.18,13.55,5416585,73086928.00
2023/08/04,13.75,14.77,13.68,14.62,24667879,356471040.00
2023/08/07,14.62,15.02,14.47,14.95,21592808,322595968.00
2023/08/08,14.90,14.91,14.44,14.55,13235527,194176816.00
2023/08/09,14.47,14.82,14.37,14.60,9226606,135707840.00
2023/08/10,14.48,14.78,14.29,14.68,8816319,129367408.00
2023/08/11,14.84,14.84,14.01,14.05,9623358,138291248.00
2023/08/14,13.82,14.46,13.73,14.44,8059555,114515280.00
2023/08/15,14.36,14.47,13.98,14.22,6573335,93813216.00
2023/08/16,14.08,14.62,13.84,14.16,9328309,133562472.00
2023/08/17,14.11,14.62,13.60,14.53,11800580,169889888.00
2023/08/18,14.53,14.55,13.97,13.98,8684407,124305656.00
2023/08/21,13.98,14.47,13.89,14.02,8513271,121768600.00
2023/08/22,14.18,14.66,14.18,14.64,15466455,224766912.00
2023/08/23,14.52,14.96,14.22,14.73,21075067,310906880.00
2023/08/24,15.30,15.57,14.44,14.85,28142385,421961472.00
2023/08/25,14.42,14.91,14.06,14.33,17582625,256000256.00
2023/08/28,15.52,15.53,13.20,13.30,22960188,332529216.00
2023/08/29,12.93,14.13,12.93,13.99,16597369,229194496.00
2023/08/30,14.02,14.67,14.00,14.58,17441938,252856160.00
2023/08/31,14.50,14.58,14.08,14.41,12193098,175576496.00
2023/09/01,14.47,14.59,14.09,14.17,8971416,128871128.00
2023/09/04,14.20,14.32,13.80,14.15,10242081,144032432.00
2023/09/05,14.12,14.29,13.77,13.82,11037853,155638976.00
2023/09/06,13.72,14.01,13.47,13.96,7564611,104733416.00
2023/09/07,13.83,14.66,13.77,14.27,16998854,244976272.00
2023/09/08,14.09,14.37,13.68,14.27,12785842,180623200.00
2023/09/11,14.28,14.42,13.96,14.21,10873793,154827312.00
2023/09/12,14.59,15.20,14.52,14.85,29202265,436505280.00
2023/09/13,14.83,14.83,13.82,14.01,20109647,286808544.00
2023/09/14,13.93,14.00,13.51,13.65,10798455,148847936.00
2023/09/15,13.69,13.78,13.35,13.38,8396345,113957136.00
2023/09/18,13.29,13.91,13.22,13.39,7989070,108559000.00
2023/09/19,13.27,13.35,12.86,12.89,8598909,112860744.00
2023/09/20,12.85,13.06,12.85,12.85,3321564,43339244.00
2023/09/21,12.83,13.09,12.80,12.98,4228020,55222440.00
2023/09/22,12.85,13.35,12.85,13.31,6670612,88627840.00
2023/09/25,13.28,13.33,13.12,13.22,4315302,57371700.00
2023/09/26,13.15,13.35,13.13,13.25,3669433,48917648.00
2023/09/27,13.21,13.29,13.11,13.13,4012595,53285392.00
2023/09/28,13.23,13.28,13.15,13.27,3828882,51000608.00
2023/10/09,13.24,13.44,13.22,13.34,4208125,56396484.00
2023/10/10,13.42,13.57,13.34,13.51,6211677,84395616.00
2023/10/11,13.50,13.69,13.32,13.56,5634886,76697600.00
2023/10/12,13.57,13.62,13.42,13.44,4422167,59910500.00
2023/10/13,13.39,13.46,13.15,13.18,5330803,71068760.00
2023/10/16,13.19,13.32,12.96,13.14,4302334,56760240.00
2023/10/17,13.20,13.37,13.07,13.34,5197864,69414184.00
2023/10/18,13.23,13.27,12.81,13.00,5208889,68061536.00
2023/10/19,12.92,13.21,12.74,12.76,4985456,65048360.00
2023/10/20,12.68,12.87,12.11,12.13,5717551,71416080.00
2023/10/23,11.94,12.24,11.42,11.64,4980715,58973072.00
2023/10/24,11.64,12.01,11.55,11.89,4606815,54803628.00
2023/10/25,11.93,12.31,11.88,12.19,5379882,65706460.00
2023/10/26,12.07,12.44,12.02,12.38,5492674,68069552.00
2023/10/27,12.32,12.32,11.99,12.22,6029653,73874256.00
2023/10/30,12.12,12.60,12.05,12.54,5626899,70345376.00
2023/10/31,12.60,12.60,12.32,12.44,4019764,50381708.00
2023/11/01,12.38,12.60,12.38,12.45,3395427,42722592.00
2023/11/02,12.39,12.57,12.28,12.31,3328860,41598176.00
2023/11/03,12.51,12.81,12.30,12.67,6188193,79003968.00
2023/11/06,12.72,13.00,12.62,12.98,6852881,88622304.00
2023/11/07,12.96,13.12,12.93,13.06,5755723,75489920.00
2023/11/08,13.04,13.34,13.02,13.15,6145342,81508528.00
2023/11/09,13.17,13.37,13.05,13.18,4505082,59807512.00
2023/11/10,13.10,13.24,13.00,13.01,3688430,48534128.00
2023/11/13,13.12,13.36,13.12,13.33,5001840,66808204.00
2023/11/14,13.29,13.72,13.27,13.72,8137888,110944120.00
2023/11/15,13.87,16.16,13.85,15.54,48239819,731307072.00
2023/11/16,15.39,16.42,15.17,15.99,51035210,815931072.00
2023/11/17,16.27,16.27,15.57,16.00,30729425,488716736.00
2023/11/20,15.77,15.92,15.34,15.65,24517453,382593952.00
2023/11/21,15.59,16.11,15.36,15.78,24317040,384786368.00
2023/11/22,15.76,16.00,15.47,15.52,15997340,252183408.00
2023/11/23,15.54,15.77,15.14,15.56,16693830,259927296.00
2023/11/24,15.48,15.52,14.72,14.82,18275358,275240800.00
2023/11/27,14.80,15.10,14.47,14.58,14054404,207749616.00
2023/11/28,14.55,14.84,14.35,14.63,8793525,129291792.00
2023/11/29,14.66,15.04,14.38,14.77,9438050,140581744.00
2023/11/30,14.94,15.08,14.56,14.74,10514319,156554624.00
2023/12/01,14.70,15.06,14.58,15.02,10351570,154215696.00
2023/12/04,14.96,15.34,14.88,14.93,12612203,191199744.00
2023/12/05,14.77,14.87,14.35,14.35,14261407,208384160.00
2023/12/06,14.15,14.59,13.90,14.37,13748241,196512784.00
2023/12/07,13.66,14.01,13.42,13.51,25679703,353127904.00
2023/12/08,13.41,13.65,13.07,13.26,21203004,284131648.00
2023/12/11,13.25,13.49,13.01,13.44,15083287,200757056.00
2023/12/12,13.37,13.62,13.23,13.31,11112178,149314160.00
2023/12/13,13.27,13.35,13.01,13.02,7630954,100880856.00
2023/12/14,13.05,13.16,12.76,12.82,10154749,132217080.00
2023/12/15,12.82,12.82,12.47,12.54,11429775,144649968.00
2023/12/18,12.51,12.77,12.16,12.22,12020476,150397328.00
2023/12/19,12.19,12.36,12.11,12.27,9508561,117064400.00
2023/12/20,12.29,12.33,11.94,11.96,8723417,106465608.00
2023/12/21,11.92,12.08,11.77,11.98,9109904,109431752.00
2023/12/22,11.98,12.01,11.55,11.62,10136625,120153688.00
2023/12/25,11.63,11.67,11.36,11.45,8146583,93965584.00
2023/12/26,11.50,11.52,11.02,11.13,9533053,107194064.00
2023/12/27,11.11,11.27,11.10,11.21,7319035,82433872.00
2023/12/28,11.17,11.44,10.99,11.32,10829481,123000848.00
2023/12/29,11.38,11.72,11.33,11.67,15234745,177531760.00
2024/01/02,11.65,11.85,11.56,11.61,13495798,158799984.00
2024/01/03,11.56,11.65,11.23,11.41,11910585,136867728.00
2024/01/04,11.39,12.18,11.26,11.84,32396338,386972608.00
2024/01/05,11.75,12.51,11.58,12.34,48062207,586217152.00
2024/01/08,12.00,12.20,11.67,11.69,29068416,349297280.00
2024/01/09,11.69,12.19,11.50,12.02,26159753,313667488.00
2024/01/10,11.89,11.91,11.27,11.27,27435100,316391936.00
2024/01/11,11.33,11.98,11.22,11.97,27732044,327725856.00
2024/01/12,11.87,11.93,11.40,11.51,20441280,238751792.00
2024/01/15,11.41,11.41,10.90,11.15,19507823,218011184.00
2024/01/16,11.11,11.12,10.47,10.97,20551207,222589776.00
2024/01/17,10.87,11.02,10.55,10.56,12926391,139665824.00
2024/01/18,10.42,10.61,10.25,10.58,14580032,153071088.00
2024/01/19,10.56,10.60,10.20,10.23,11175179,116765880.00
2024/01/22,10.21,10.31,9.37,9.48,14744705,146212352.00
2024/01/23,9.48,9.87,9.39,9.80,13112847,127622384.00
2024/01/24,9.80,9.97,9.34,9.95,14296406,139236320.00
2024/01/25,9.90,10.33,9.70,10.25,14746981,149367712.00
2024/01/26,10.20,10.37,10.05,10.19,11193290,114979168.00
2024/01/29,10.20,10.23,9.43,9.48,18230425,178739904.00
2024/01/30,9.47,9.68,9.17,9.22,11452213,108649264.00
2024/01/31,9.28,9.28,8.35,8.46,19892895,175033104.00
2024/02/01,8.46,8.92,8.41,8.61,16386763,142739920.00
2024/02/02,8.60,8.79,7.78,8.09,17439705,145184848.00
2024/02/05,8.05,8.07,7.12,7.30,22369089,169636768.00
2024/02/06,7.22,7.89,6.84,7.63,17587330,129763176.00
2024/02/07,7.60,7.81,7.14,7.35,19432946,148014368.00
2024/02/08,7.35,8.35,7.34,8.33,20500650,163284560.00
2024/02/19,8.72,9.05,8.50,8.87,20830094,184521776.00
2024/02/20,8.85,8.97,8.60,8.91,14202851,126176096.00
2024/02/21,8.82,9.39,8.72,9.06,16407328,150688944.00
2024/02/22,9.09,9.68,9.09,9.53,21526076,204482320.00
2024/02/23,9.57,9.86,9.40,9.83,21983779,213684816.00
2024/02/26,9.83,9.97,9.56,9.83,19451143,191839808.00
2024/02/27,9.72,10.18,9.67,10.17,18708820,187493056.00
2024/02/28,10.17,10.37,9.20,9.24,27459491,272547616.00
2024/02/29,9.19,9.71,9.09,9.71,15048554,144831472.00
2024/03/01,9.74,10.22,9.68,10.14,19711118,197965344.00
2024/03/04,10.13,10.24,9.78,10.07,14692157,148266656.00
2024/03/05,9.93,10.06,9.73,9.78,14270964,142269600.00
2024/03/06,9.75,9.99,9.57,9.82,12752998,125689064.00
2024/03/07,9.84,10.07,9.60,9.61,13486869,133547240.00
2024/03/08,9.60,9.88,9.53,9.86,10966864,107388648.00
2024/03/11,9.77,10.02,9.73,10.02,11320878,112829392.00
2024/03/12,10.05,10.42,9.91,10.28,21746949,223364480.00
2024/03/13,10.31,10.43,10.14,10.29,19254932,199601760.00
2024/03/14,10.39,11.04,10.19,10.72,35816500,382376000.00
2024/03/15,10.49,10.57,10.32,10.53,22624016,238242768.00
2024/03/18,10.53,10.68,10.37,10.68,20023596,212819824.00
2024/03/19,10.62,10.92,10.57,10.61,17418356,187783680.00
2024/03/20,10.57,10.80,10.56,10.79,16203090,174926304.00
2024/03/21,10.87,11.00,10.64,10.73,15586372,169557424.00
2024/03/22,10.71,10.85,10.38,10.68,17344952,185448160.00
2024/03/25,10.60,10.78,10.29,10.35,13552494,144891808.00
2024/03/26,10.34,10.45,9.94,10.12,13268787,135929984.00
2024/03/27,10.10,10.16,9.43,9.46,14680482,144066400.00
2024/03/28,9.50,9.97,9.43,9.85,11564075,114093064.00
2024/03/29,9.88,9.96,9.70,9.92,8260527,81759672.00
2024/04/01,9.93,10.21,9.93,10.21,8191826,83462992.00
2024/04/02,10.18,10.21,9.90,9.98,8825651,89151840.00
2024/04/03,10.02,10.02,9.50,9.60,8443321,82257864.00
2024/04/08,9.55,9.61,9.31,9.33,8636839,82230224.00
2024/04/09,9.29,9.48,9.28,9.46,5872267,55632004.00
2024/04/10,9.41,9.42,8.99,9.12,7771172,71656440.00
2024/04/11,9.03,9.34,9.01,9.14,6696344,62139784.00
2024/04/12,9.12,9.29,9.00,9.04,8611344,79320288.00
2024/04/15,9.01,9.14,8.39,8.60,11245933,98687432.00
2024/04/16,8.51,8.58,7.83,7.86,11834298,96751160.00
2024/04/17,8.07,8.62,8.07,8.62,9392164,79874544.00
2024/04/18,8.62,8.75,8.42,8.53,7526832,65267840.00
2024/04/19,8.49,8.57,8.25,8.32,6798846,57466156.00
2024/04/22,8.20,8.39,8.01,8.28,4984142,41465872.00
2024/04/23,8.34,8.57,8.31,8.48,6625146,56620100.00
2024/04/24,8.52,8.83,8.49,8.82,7105016,62541608.00
2024/04/25,8.77,8.93,8.73,8.78,6282800,56004084.00
2024/04/26,8.82,9.13,8.80,9.07,7576370,68848832.00
2024/04/29,9.32,9.97,9.32,9.86,19303194,189746432.00
2024/04/30,10.92,11.85,10.46,10.46,60302194,679517760.00
2024/05/06,10.96,12.57,10.83,12.19,90954101,1087293568.00
2024/05/07,11.43,11.66,11.14,11.47,76107881,869226688.00
2024/05/08,11.32,12.46,11.28,11.64,72812828,866136704.00
2024/05/09,11.51,11.65,11.08,11.13,48968810,554798464.00
2024/05/10,11.19,11.25,10.67,10.72,36501804,399508224.00
2024/05/13,10.63,10.73,10.25,10.34,22342459,234512288.00
2024/05/14,10.42,10.70,10.38,10.57,22781501,242393344.00
2024/05/15,10.46,10.67,10.34,10.54,16694344,177045760.00
2024/05/16,10.52,10.71,10.43,10.48,15538004,165278256.00
2024/05/17,10.40,10.74,10.40,10.69,16573610,177488976.00
2024/05/20,10.69,10.83,10.57,10.77,16275453,175721440.00
2024/05/21,10.72,10.76,10.55,10.62,10886166,116687424.00
2024/05/22,10.59,10.68,10.48,10.68,9991469,106888040.00
2024/05/23,10.61,10.70,10.30,10.35,13157203,138810496.00
2024/05/24,10.36,10.39,10.08,10.10,12173581,125292352.00
2024/05/27,10.07,10.31,9.97,10.31,10462688,106985936.00
2024/05/28,10.25,10.29,10.08,10.14,7624377,78065800.00
2024/05/29,10.04,10.22,9.98,10.07,7821258,79645368.00
2024/05/30,9.98,10.17,9.90,10.06,8543603,86501672.00
2024/05/31,10.04,10.51,10.04,10.47,14737382,153807120.00
2024/06/03,10.34,10.42,10.04,10.20,12224015,125879720.00
2024/06/04,10.14,10.78,10.07,10.61,27900506,293581344.00
2024/06/05,10.62,11.13,10.52,11.03,44401283,486410848.00
2024/06/06,10.75,10.81,9.66,9.70,37615436,382666368.00
2024/06/07,9.93,10.58,9.93,9.97,27182324,277742272.00
2024/06/11,9.81,9.99,9.51,9.95,18864446,184870000.00
2024/06/12,9.93,10.46,9.88,10.27,18006476,184686640.00
2024/06/13,10.25,10.58,10.25,10.45,20291162,211319168.00
2024/06/14,10.36,10.63,10.20,10.57,18841001,196702848.00
2024/06/17,10.54,10.87,10.51,10.65,24143340,258128304.00
2024/06/18,10.56,11.22,10.56,11.15,37628317,413475552.00
2024/06/19,11.16,11.38,10.91,10.95,32724920,362662016.00
2024/06/20,11.00,11.03,10.55,10.60,21875338,234247296.00
2024/06/21,10.40,10.68,10.20,10.53,13953505,146293168.00
2024/06/24,10.36,10.43,9.90,10.05,17834880,180743136.00
2024/06/25,10.00,10.16,9.63,9.82,15504998,152451088.00
2024/06/26,9.74,10.28,9.60,10.27,16902738,168881536.00
2024/06/27,10.19,10.35,10.05,10.09,12133016,123660120.00
2024/06/28,10.05,10.29,10.01,10.09,11235815,114342016.00
2024/07/01,10.12,10.15,9.77,10.02,9899240,98361016.00
2024/07/02,10.04,10.50,10.04,10.34,18144742,187990928.00
2024/07/03,10.24,10.31,9.81,9.84,15665932,156446240.00
2024/07/04,9.88,10.20,9.53,9.55,11742549,115062888.00
2024/07/05,9.53,9.72,9.36,9.65,8553450,82126464.00
2024/07/08,9.50,9.54,9.18,9.21,9664000,90131032.00
2024/07/09,9.30,9.48,9.03,9.47,9864362,91725208.00
2024/07/10,9.70,10.05,9.55,9.80,17477767,171408768.00
2024/07/11,10.00,10.15,9.86,10.15,15196625,152545248.00
2024/07/12,10.03,10.47,9.99,10.28,17803570,182987200.00
2024/07/15,10.18,10.61,10.03,10.07,16865614,173563648.00
2024/07/16,10.04,10.14,9.84,10.12,12250344,122473960.00
2024/07/17,10.08,10.10,9.48,9.61,14036890,137204272.00
2024/07/18,9.38,9.68,9.17,9.56,13293595,124913952.00
2024/07/19,9.51,9.73,9.45,9.59,8933452,85925456.00
2024/07/22,9.82,9.84,9.58,9.64,10621019,103197976.00
2024/07/23,9.59,9.69,9.34,9.37,8723950,83082408.00
2024/07/24,9.34,9.43,9.12,9.15,7946751,73476664.00
2024/07/25,9.13,9.56,9.08,9.35,13926025,130914336.00
2024/07/26,9.24,9.48,9.16,9.39,10920793,102049032.00
2024/07/29,9.39,9.53,9.23,9.46,8558500,80532520.00
2024/07/30,9.43,9.58,9.35,9.48,7575566,71875168.00
2024/07/31,9.48,9.88,9.43,9.85,10935276,106249536.00
2024/08/01,9.80,10.32,9.71,10.32,20453657,205278464.00
2024/08/02,10.07,10.15,9.80,9.94,17639031,176135008.00
2024/08/05,9.75,9.95,9.36,9.37,11798901,113840400.00
2024/08/06,9.50,9.58,9.30,9.54,7654661,72416120.00
2024/08/07,9.41,9.65,9.41,9.62,7559444,72278168.00
2024/08/08,9.50,9.60,9.34,9.52,7353989,69595808.00
2024/08/09,9.57,9.63,9.38,9.42,5859446,55786236.00
2024/08/12,9.32,9.39,9.16,9.24,5471363,50565432.00
2024/08/13,9.24,9.32,9.17,9.30,3981389,36813240.00
2024/08/14,9.31,9.38,9.23,9.33,4446444,41419856.00
2024/08/15,9.27,9.52,9.17,9.48,7669050,72075216.00
2024/08/16,9.46,9.69,9.46,9.61,8999100,86431680.00
2024/08/19,9.58,9.75,9.55,9.74,11696363,113265168.00
2024/08/20,9.65,9.67,9.30,9.38,10221996,96314872.00
2024/08/21,9.44,9.67,9.36,9.58,11817886,112743592.00
2024/08/22,9.50,9.95,9.21,9.22,17480252,168218528.00
2024/08/23,9.16,10.05,9.16,9.75,28388100,276428576.00
2024/08/26,9.60,9.66,9.35,9.46,18251350,172756320.00
2024/08/27,9.36,9.46,9.07,9.12,13677930,126144912.00
2024/08/28,9.08,9.21,8.82,9.10,8093458,73156240.00
2024/08/29,9.30,10.90,9.25,10.10,42954492,433314656.00
2024/08/30,10.08,10.89,10.08,10.58,50208641,526257376.00
2024/09/02,10.70,10.99,10.40,10.44,43810230,467966368.00
2024/09/03,10.47,11.20,10.21,10.91,45945585,493242816.00
2024/09/04,10.65,10.68,10.33,10.39,26690234,279263872.00
2024/09/05,10.42,10.77,10.34,10.59,23106477,243621360.00
2024/09/06,10.88,11.20,10.33,10.40,35586108,383992128.00
2024/09/09,10.23,10.45,10.06,10.21,19638661,200848416.00
2024/09/10,10.37,12.25,10.30,12.25,82733365,961225408.00
2024/09/11,11.91,12.00,11.28,11.60,83176992,962548800.00
2024/09/12,11.48,13.49,11.41,12.48,95713816,1177590528.00
2024/09/13,11.88,12.28,11.58,11.80,65988290,781584256.00
2024/09/18,11.62,13.18,11.45,12.50,69797320,861619200.00
2024/09/19,12.28,13.23,11.88,12.63,71729599,898748032.00
2024/09/20,12.70,14.85,12.70,13.94,92580448,1294149888.00
2024/09/23,14.00,16.73,13.71,16.73,91938863,1406951552.00
2024/09/24,17.23,19.96,16.55,18.29,156928797,2823890944.00
2024/09/25,17.50,19.73,16.85,19.17,141002223,2587534080.00
2024/09/26,18.00,18.61,16.60,17.22,120614763,2128587136.00
2024/09/27,16.71,18.61,16.71,18.16,118830080,2139060096.00
2024/09/30,19.50,21.79,18.90,21.79,95137928,1979279744.00
2024/10/08,26.15,26.15,23.25,26.15,70645548,1819079680.00
2024/10/09,26.20,31.38,25.69,31.38,129403772,3912168704.00
2024/10/10,31.51,31.51,25.10,25.10,115738339,3062730496.00
2024/10/11,22.02,28.00,22.02,26.15,96637601,2447701760.00
2024/10/14,26.00,30.89,23.10,29.76,103269976,2819581440.00
2024/10/15,27.96,31.20,26.18,26.66,114309488,3292434944.00
2024/10/16,26.01,28.67,25.34,27.75,74035799,2041795584.00
2024/10/17,28.66,30.50,26.93,27.83,91454228,2650051584.00
2024/10/18,27.00,29.90,26.00,28.20,88106211,2427988736.00
2024/10/21,27.70,30.28,27.12,29.17,87776920,2525314560.00
2024/10/22,28.88,28.88,26.09,26.58,64725819,1783936640.00
2024/10/23,26.52,27.58,24.63,25.08,56748911,1469982848.00
2024/10/24,24.50,25.98,24.27,25.84,42064654,1070173888.00
2024/10/25,26.45,26.68,25.28,25.37,41458702,1074792448.00
2024/10/28,25.30,27.90,25.30,27.89,65483981,1751740544.00
2024/10/29,29.06,29.09,27.14,27.15,70219103,1972201856.00
2024/10/30,26.47,31.31,26.10,29.70,91933330,2618180608.00
2024/10/31,29.00,34.31,28.11,30.56,108399779,3321279488.00
2024/11/01,29.66,30.00,25.43,25.73,74479705,2056950784.00
2024/11/04,24.67,26.49,24.67,26.07,39636611,1021788224.00
2024/11/05,25.90,27.68,25.66,27.15,46825231,1264621952.00
2024/11/06,26.97,27.76,26.29,26.68,50514225,1371131904.00
2024/11/07,26.68,29.04,26.61,28.75,64861723,1824937088.00
2024/11/08,28.83,31.40,28.75,28.80,70364781,2097485952.00
2024/11/11,28.24,29.90,28.24,29.39,48705979,1424481920.00
2024/11/12,29.39,29.58,27.51,28.15,44295512,1254677120.00
2024/11/13,27.77,29.33,27.55,29.13,42285689,1218147456.00
2024/11/14,28.95,31.09,28.14,29.20,55584164,1654425088.00
2024/11/15,28.92,31.50,28.76,30.00,73636588,2234797056.00
2024/11/18,30.68,30.69,24.00,25.25,60142511,1571927296.00
2024/11/19,25.25,26.25,24.63,26.23,39725604,1007881536.00
2024/11/20,26.00,27.37,25.81,26.72,40457433,1070941056.00
2024/11/21,26.30,26.80,25.81,26.04,34310773,898710208.00
2024/11/22,25.89,26.25,24.30,24.34,35002848,885382400.00
数据来源:通达信
