300921 南凌科技 日线 前复权
      日期	    开盘	    最高	    最低	    收盘	    成交量	    成交额
2020/12/22,37.81,37.81,32.33,33.04,8962536,582730944.00
2020/12/23,29.48,31.70,27.48,29.28,6949480,371508160.00
2020/12/24,28.38,30.94,28.27,30.81,5898327,330480064.00
2020/12/25,30.18,30.21,26.70,26.70,5327431,277942688.00
2020/12/28,25.90,26.69,24.65,24.66,3869377,184495952.00
2020/12/29,24.94,26.04,23.98,23.98,3804245,179264080.00
2020/12/30,23.19,25.27,22.70,24.32,4073652,182039120.00
2020/12/31,23.81,24.58,23.40,23.70,2884451,130244704.00
2021/01/04,23.50,24.37,23.50,23.90,2593467,117114736.00
2021/01/05,23.75,25.28,23.44,24.95,3745416,173167360.00
2021/01/06,24.61,25.79,23.93,24.79,3721646,174013376.00
2021/01/07,24.37,24.62,22.26,22.33,3645886,159874608.00
2021/01/08,22.35,23.05,21.37,22.72,2200068,93509896.00
2021/01/11,22.54,22.89,21.57,21.81,2057189,86035624.00
2021/01/12,21.48,22.10,21.36,21.40,1498266,61262316.00
2021/01/13,21.53,21.58,19.91,19.96,2306057,89872776.00
2021/01/14,20.04,21.26,19.86,20.60,2043035,80024528.00
2021/01/15,20.59,22.74,20.59,22.29,2958045,122715864.00
2021/01/18,21.96,23.40,21.96,22.33,2525503,107539464.00
2021/01/19,22.10,23.86,22.10,23.09,3246903,142099728.00
2021/01/20,23.30,23.44,22.28,22.62,2154515,92268496.00
2021/01/21,22.62,22.68,21.54,22.08,2012404,83895080.00
2021/01/22,22.12,22.75,21.43,21.74,1754213,73009792.00
2021/01/25,21.86,22.16,20.98,21.43,1521392,61373536.00
2021/01/26,21.39,22.51,21.14,21.69,1695382,70146992.00
2021/01/27,21.20,21.47,20.59,21.45,1552588,62004012.00
2021/01/28,21.45,21.98,20.48,20.57,1647928,66032644.00
2021/01/29,20.65,21.31,20.16,21.17,1842880,72536936.00
2021/02/01,21.36,25.34,21.36,24.30,5018779,223951072.00
2021/02/02,23.15,24.20,22.71,22.90,3838918,168925792.00
2021/02/03,23.12,24.46,22.88,23.58,3453614,153790336.00
2021/02/04,23.24,24.24,22.15,24.03,3684936,160438144.00
2021/02/05,23.61,23.81,21.48,21.48,2954355,126623168.00
2021/02/08,21.37,21.48,20.15,20.15,1999395,78136928.00
2021/02/09,20.21,20.87,20.21,20.60,1375452,53515312.00
2021/02/10,20.59,20.71,19.91,20.23,1581786,60756056.00
2021/02/18,20.51,21.15,20.50,21.05,1524983,60391552.00
2021/02/19,21.07,21.75,20.89,21.65,1482375,60063192.00
2021/02/22,21.53,22.23,21.15,21.29,1809300,74138968.00
2021/02/23,21.26,21.77,20.61,21.64,1565611,63126024.00
2021/02/24,21.53,21.91,21.05,21.26,1268909,51521848.00
2021/02/25,21.34,21.70,20.65,20.70,1395309,55885328.00
2021/02/26,20.47,21.04,20.10,20.85,981709,38497380.00
2021/03/01,20.84,21.41,20.79,21.26,1014764,40486292.00
2021/03/02,21.42,21.48,20.70,20.95,934041,37133976.00
2021/03/03,20.95,21.21,20.80,21.19,895804,35727508.00
2021/03/04,21.09,21.46,20.72,20.76,1046500,41780932.00
2021/03/05,20.60,21.24,20.46,21.07,862400,34244424.00
2021/03/08,21.19,22.09,21.08,21.89,2223015,91018064.00
2021/03/09,21.87,21.91,20.40,20.76,1906080,76122744.00
2021/03/10,20.91,21.88,20.51,21.26,1714154,68760216.00
2021/03/11,20.98,21.30,20.31,21.16,1492113,58836640.00
2021/03/12,21.15,21.16,20.44,20.60,1226400,48131384.00
2021/03/15,20.54,20.54,19.96,20.05,1011648,38640076.00
2021/03/16,19.98,20.32,19.98,20.19,601523,22979018.00
2021/03/17,20.19,20.69,20.06,20.59,1015094,39335000.00
2021/03/18,20.64,21.13,20.44,20.93,1245410,49016512.00
2021/03/19,20.90,21.58,20.65,21.23,1873397,75268176.00
2021/03/22,21.21,21.77,21.20,21.49,1840404,74873800.00
2021/03/23,21.63,22.06,21.14,21.71,2334874,95181360.00
2021/03/24,21.54,21.96,21.07,21.29,1436968,58288792.00
2021/03/25,21.15,21.75,21.05,21.51,1411803,57293560.00
2021/03/26,21.31,21.58,21.13,21.23,1243897,50147672.00
2021/03/29,21.18,21.41,20.58,20.84,1444400,57156644.00
2021/03/30,20.84,20.94,20.53,20.56,857806,33531174.00
2021/03/31,20.57,20.98,20.55,20.97,945204,37254224.00
2021/04/01,20.95,20.95,20.50,20.59,976800,38139600.00
2021/04/02,20.78,21.62,20.63,21.51,1867255,75097928.00
2021/04/06,21.56,21.93,21.38,21.69,1445055,58917808.00
2021/04/07,21.64,22.35,21.37,22.10,2258393,93435400.00
2021/04/08,22.06,22.74,21.70,21.71,3069032,129063944.00
2021/04/09,21.43,22.63,21.40,22.63,2595638,108789544.00
2021/04/12,22.75,23.01,22.05,22.17,2186475,92179040.00
2021/04/13,22.06,22.30,21.59,21.87,1398745,57907224.00
2021/04/14,21.84,22.51,21.81,22.29,1468306,61521892.00
2021/04/15,22.08,22.12,20.99,21.06,1719036,69584320.00
2021/04/16,21.06,22.37,20.97,21.93,2086936,86207560.00
2021/04/19,22.16,22.38,21.87,22.20,1291406,53881636.00
2021/04/20,21.96,22.79,21.96,22.49,1951201,82480184.00
2021/04/21,24.76,25.59,23.71,23.94,5455581,250149008.00
2021/04/22,23.31,23.80,22.85,22.95,3376117,147735120.00
2021/04/23,22.95,23.65,22.66,23.18,2566696,111588136.00
2021/04/26,22.96,23.08,22.20,22.61,2040962,87239024.00
2021/04/27,22.73,23.08,22.53,22.90,1432623,61686180.00
2021/04/28,22.75,23.68,21.70,23.64,2282444,98309952.00
2021/04/29,23.26,24.15,22.73,22.73,2203982,96973336.00
2021/04/30,22.54,22.90,22.26,22.67,1048123,44640456.00
2021/05/06,22.62,22.77,22.04,22.15,973637,41044848.00
2021/05/07,22.18,22.28,21.72,21.79,939437,38790588.00
2021/05/10,21.87,21.98,21.41,21.52,774144,31769952.00
2021/05/11,21.54,21.91,21.48,21.81,708100,29076958.00
2021/05/12,21.65,21.97,21.37,21.91,736500,30183192.00
2021/05/13,21.69,22.19,21.49,21.79,807943,33503542.00
2021/05/14,21.86,22.36,21.71,22.35,1058145,44234020.00
2021/05/17,22.76,22.96,22.09,22.63,1189375,50416064.00
2021/05/18,22.36,22.58,22.22,22.37,753159,31806274.00
2021/05/19,22.29,22.63,22.26,22.48,673260,28465980.00
2021/05/20,22.36,22.65,22.36,22.57,812300,34547264.00
2021/05/21,22.56,22.99,22.48,22.92,1006544,43277996.00
2021/05/24,22.94,22.96,22.51,22.93,843544,36171592.00
2021/05/25,22.93,23.01,22.66,22.98,875506,37718384.00
2021/05/26,22.93,23.42,22.80,23.27,1148344,50127180.00
2021/05/27,23.10,23.91,23.10,23.79,1274493,56644260.00
2021/05/28,24.26,24.47,23.30,23.33,1780972,79528880.00
2021/05/31,23.15,25.03,23.15,25.03,2220625,101590624.00
2021/06/01,24.86,24.87,24.42,24.63,1629430,75340272.00
2021/06/02,24.69,25.31,24.53,24.98,2167904,101454832.00
2021/06/03,24.55,24.87,23.94,24.31,3246119,80945264.00
2021/06/04,24.20,25.72,23.90,23.95,3626943,92294728.00
2021/06/07,23.75,24.18,23.13,23.58,3151768,75880504.00
2021/06/08,23.57,25.24,23.34,24.20,4280062,107049400.00
2021/06/09,24.12,24.52,23.46,23.50,2649107,65145920.00
2021/06/10,23.38,23.92,23.05,23.92,2791050,67347368.00
2021/06/11,24.37,25.02,23.50,23.55,3919289,97580360.00
2021/06/15,23.38,23.38,22.42,22.62,2552387,59748788.00
2021/06/16,22.62,24.03,22.53,23.04,3383061,81086184.00
2021/06/17,22.75,23.04,22.47,22.73,1989220,46477356.00
2021/06/18,22.52,23.43,22.52,23.35,2212601,52540328.00
2021/06/21,23.27,23.47,22.88,23.37,2085212,49482172.00
2021/06/22,24.37,28.17,24.35,28.17,5989131,168490464.00
2021/06/23,27.92,27.92,26.19,26.65,10349443,285325344.00
2021/06/24,26.07,26.49,25.48,25.64,5496672,145644304.00
2021/06/25,25.64,25.85,24.75,25.02,3804412,97792368.00
2021/06/28,25.02,25.72,24.79,25.29,3796741,98839656.00
2021/06/29,25.17,25.17,24.16,24.23,3335809,84008840.00
2021/06/30,24.16,24.75,24.12,24.71,2317282,58285620.00
2021/07/01,24.48,24.51,23.47,23.59,2487495,61280688.00
2021/07/02,23.46,23.87,23.27,23.82,1611832,39034696.00
2021/07/05,23.65,24.23,23.60,24.02,1433132,35254736.00
2021/07/06,23.86,24.52,23.45,23.87,1970278,48527992.00
2021/07/07,23.67,24.75,23.67,24.67,2751004,68977800.00
2021/07/08,24.47,25.57,24.17,25.14,3480008,88585880.00
2021/07/09,24.92,25.21,24.67,24.93,2042128,52074380.00
2021/07/12,24.87,25.87,24.80,25.69,3466233,89794680.00
2021/07/13,25.94,27.27,25.19,25.26,4672126,124823664.00
2021/07/14,24.83,26.92,24.31,26.52,7012811,185476176.00
2021/07/15,25.87,26.29,25.08,25.62,4235402,111071888.00
2021/07/16,25.36,25.44,24.62,24.65,2757950,70542056.00
2021/07/19,24.67,25.22,24.00,25.13,2126663,53718956.00
2021/07/20,24.62,24.82,24.28,24.44,1623280,40785332.00
2021/07/21,24.56,24.97,24.37,24.88,1749416,44326336.00
2021/07/22,24.87,24.87,24.12,24.43,2000262,50180256.00
2021/07/23,24.59,24.62,23.68,23.68,1894595,46682960.00
2021/07/26,23.64,23.64,22.38,22.69,2073438,48870280.00
2021/07/27,22.69,23.30,22.57,22.72,1506929,35539156.00
2021/07/28,22.72,22.81,21.17,21.24,1732879,38555464.00
2021/07/29,21.40,21.74,21.40,21.59,1237563,27518496.00
2021/07/30,21.52,22.33,21.52,22.17,1505615,34213980.00
2021/08/02,22.60,23.67,22.58,22.99,1894142,44976572.00
2021/08/03,22.58,24.23,22.58,23.59,2682435,64880900.00
2021/08/04,23.45,23.45,22.92,23.33,1833424,43639924.00
2021/08/05,23.17,23.17,22.37,22.64,1544862,36056332.00
2021/08/06,22.41,22.63,21.87,22.22,1443029,32838574.00
2021/08/09,22.36,22.67,22.06,22.66,1077219,24823566.00
2021/08/10,22.39,22.96,22.33,22.87,1123046,26236060.00
2021/08/11,22.87,22.87,22.38,22.64,1090935,25336946.00
2021/08/12,22.95,22.95,22.50,22.54,1135373,26483088.00
2021/08/13,22.27,22.33,21.86,22.13,1568040,35630568.00
2021/08/16,22.06,22.83,21.92,22.57,1548770,35816164.00
2021/08/17,22.85,23.74,22.05,22.37,2712304,63338000.00
2021/08/18,22.17,23.29,21.95,23.00,2771289,64464980.00
2021/08/19,23.37,24.03,23.07,23.12,3610860,87433712.00
2021/08/20,22.37,22.37,21.45,22.12,2335114,52754328.00
2021/08/23,21.94,22.69,21.89,22.60,1586939,36507408.00
2021/08/24,22.86,22.86,22.20,22.44,1329460,30689840.00
2021/08/25,22.47,22.67,22.28,22.34,1323450,30475990.00
2021/08/26,21.90,22.06,21.55,21.58,1756376,39376964.00
2021/08/27,21.38,22.52,21.24,22.14,2030818,45529752.00
2021/08/30,23.37,24.03,22.17,22.31,2627020,61791440.00
2021/08/31,21.37,21.85,21.18,21.53,1952940,43304704.00
2021/09/01,21.47,21.74,21.25,21.74,1337821,29619724.00
2021/09/02,21.73,21.73,21.39,21.53,1100787,24407200.00
2021/09/03,21.55,21.76,21.37,21.67,1282489,28487892.00
2021/09/06,21.70,22.22,21.48,21.96,1395269,31332440.00
2021/09/07,21.87,22.16,21.85,22.10,1120440,25412222.00
2021/09/08,22.07,22.45,21.97,22.38,1502065,34327208.00
2021/09/09,22.48,22.77,22.07,22.08,1781439,41049604.00
2021/09/10,22.08,22.08,21.72,21.79,1034260,23230520.00
2021/09/13,21.79,21.86,21.44,21.66,784988,17454940.00
2021/09/14,21.57,22.15,21.57,21.69,938486,21091150.00
2021/09/15,21.70,21.70,21.29,21.37,1037949,22875816.00
2021/09/16,21.38,21.51,20.77,20.77,1148686,24998326.00
2021/09/17,20.82,20.97,20.37,20.61,946807,20112880.00
2021/09/22,20.43,20.75,20.37,20.63,457159,9708423.00
2021/09/23,20.64,20.98,20.64,20.70,699506,14977793.00
2021/09/24,20.71,20.71,20.10,20.11,884446,18556394.00
2021/09/27,20.17,20.40,19.07,19.21,1127516,22697152.00
2021/09/28,19.21,19.45,19.04,19.15,486280,9667042.00
2021/09/29,19.07,19.12,18.22,18.27,931719,17842396.00
2021/09/30,18.37,18.57,18.37,18.47,448480,8570056.00
2021/10/08,18.52,19.17,18.52,19.05,608125,11884068.00
2021/10/11,19.12,19.46,18.77,19.18,571615,11299485.00
2021/10/12,19.12,19.31,18.68,18.83,406340,7933014.50
2021/10/13,18.80,19.73,18.69,19.42,948725,18936864.00
2021/10/14,19.43,19.53,19.18,19.43,575974,11531644.00
2021/10/15,19.52,20.25,19.30,19.44,964017,19673136.00
2021/10/18,19.28,19.35,18.98,19.18,641075,12659474.00
2021/10/19,19.75,21.37,19.44,21.37,1719943,35646104.00
2021/10/20,20.47,20.89,20.06,20.39,2010764,42338016.00
2021/10/21,20.13,20.46,19.74,19.76,1164905,23967200.00
2021/10/22,19.82,19.94,19.36,19.36,627669,12640452.00
2021/10/25,19.36,19.55,19.10,19.38,518773,10339475.00
2021/10/26,19.38,19.38,18.88,18.88,622380,12263463.00
2021/10/27,19.00,19.00,18.29,18.37,553234,10569552.00
2021/10/28,18.20,18.52,17.94,17.94,420926,7898372.00
2021/10/29,17.94,18.52,17.94,18.34,411686,7801084.50
2021/11/01,18.36,18.74,18.17,18.67,556378,10677243.00
2021/11/02,18.92,19.67,18.82,19.28,1378056,27460822.00
2021/11/03,19.12,19.45,18.92,19.01,645859,12767716.00
2021/11/04,19.32,19.32,19.00,19.02,487660,9618149.00
2021/11/05,19.17,20.56,19.17,19.94,1765319,36120528.00
2021/11/08,19.60,19.77,19.37,19.57,869433,17528358.00
2021/11/09,19.62,20.03,19.59,19.82,887938,18144758.00
2021/11/10,19.62,19.96,19.62,19.92,640066,13069211.00
2021/11/11,19.85,20.47,19.77,20.21,1075734,22380914.00
2021/11/12,20.21,20.54,20.05,20.42,1004140,21050658.00
2021/11/15,21.06,22.36,20.77,21.70,4259530,95183896.00
2021/11/16,21.33,22.49,21.29,22.16,4282198,96597536.00
2021/11/17,21.99,22.33,21.47,22.14,2763335,62068916.00
2021/11/18,22.09,22.09,21.02,21.06,2443513,53955204.00
2021/11/19,21.25,21.52,21.00,21.39,1409020,30921014.00
2021/11/22,21.57,21.62,21.18,21.34,1009960,22223892.00
2021/11/23,21.24,21.72,21.04,21.58,1524840,33653732.00
2021/11/24,21.63,21.96,21.27,21.89,1725628,38558224.00
2021/11/25,21.87,23.31,21.65,22.87,5095060,118779560.00
2021/11/26,22.87,22.97,22.02,22.25,2992800,68835600.00
2021/11/29,21.65,21.92,21.51,21.57,1701840,37915412.00
2021/11/30,21.59,24.47,21.55,22.92,4595302,108833592.00
2021/12/01,22.91,23.44,22.39,23.08,4029630,95566752.00
2021/12/02,23.10,23.21,22.16,22.16,2529206,58528060.00
2021/12/03,22.67,22.67,21.43,21.47,1581178,35420504.00
2021/12/06,21.41,21.69,20.65,20.74,1491233,32141396.00
2021/12/07,20.87,20.98,20.28,20.72,1118636,23708508.00
2021/12/08,20.82,21.02,20.58,20.80,808932,17362526.00
2021/12/09,20.92,21.10,20.45,20.99,904286,19483524.00
2021/12/10,20.87,21.32,20.65,21.08,927940,20152118.00
2021/12/13,21.32,21.34,20.87,21.07,786520,17082776.00
2021/12/14,21.57,23.06,21.57,22.24,3111801,71665216.00
2021/12/15,21.57,22.43,21.57,21.81,2331514,52934380.00
2021/12/16,21.87,22.43,21.87,22.07,1729403,39336484.00
2021/12/17,21.74,21.89,20.89,21.20,2045960,44661896.00
2021/12/20,21.02,21.26,20.55,20.56,910355,19577774.00
2021/12/21,21.05,21.17,20.59,21.03,980680,21177068.00
2021/12/22,21.23,22.71,20.82,22.12,2754648,62657476.00
2021/12/23,22.02,22.30,21.53,21.64,1564260,35109196.00
2021/12/24,21.67,22.02,20.71,20.74,1541583,33324110.00
2021/12/27,20.86,20.86,20.24,20.37,839320,17709104.00
2021/12/28,20.56,20.77,20.24,20.77,743571,15790415.00
2021/12/29,20.67,20.88,20.33,20.73,670560,14212933.00
2021/12/30,21.13,21.59,20.80,21.04,1122000,24379242.00
2021/12/31,20.99,21.17,20.84,20.92,775180,16769633.00
2022/01/04,20.92,21.40,20.87,21.32,1029440,22485488.00
2022/01/05,21.47,21.92,21.13,21.77,2117390,47076596.00
2022/01/06,21.66,21.80,21.30,21.53,1359200,30098864.00
2022/01/07,21.53,21.74,20.74,20.76,1428045,31174298.00
2022/01/10,20.77,21.26,20.42,21.16,878100,18959232.00
2022/01/11,21.15,22.17,20.69,22.05,3346618,75239944.00
2022/01/12,21.65,22.15,21.53,21.78,2029000,45498644.00
2022/01/13,21.98,22.23,21.49,21.54,1441624,32308178.00
2022/01/14,21.40,21.87,21.09,21.10,1288432,28380672.00
2022/01/17,21.09,22.70,21.05,22.60,4358556,99830048.00
2022/01/18,22.87,23.73,22.40,22.43,6070677,143310720.00
2022/01/19,22.15,24.27,21.97,24.04,8827340,211442256.00
2022/01/20,24.17,24.22,22.48,22.76,6760223,159307008.00
2022/01/21,22.98,27.44,22.60,24.62,12128550,313021600.00
2022/01/24,24.62,26.98,24.23,25.59,11496840,298609120.00
2022/01/25,24.76,24.76,22.06,22.84,9118191,215047504.00
2022/01/26,22.47,23.55,21.03,21.42,6266254,142363504.00
2022/01/27,21.56,25.83,18.77,25.83,17009401,401386112.00
2022/01/28,24.55,31.12,24.17,31.12,23178023,667065792.00
2022/02/07,32.46,33.31,27.89,28.72,22092161,691123712.00
2022/02/08,27.39,29.67,26.50,28.41,15803235,452935200.00
2022/02/09,27.46,30.37,26.87,29.16,15727056,465758592.00
2022/02/10,28.30,32.50,27.07,30.03,17560863,525656160.00
2022/02/11,28.77,31.10,27.65,27.79,13766641,406970560.00
2022/02/14,26.32,27.17,25.17,26.75,9531732,258021280.00
2022/02/15,26.67,27.74,25.68,27.27,8961122,246065056.00
2022/02/16,27.49,28.36,26.17,27.69,10694310,298835392.00
2022/02/17,26.87,28.22,25.37,25.51,10191206,280546272.00
2022/02/18,27.37,30.51,27.37,28.27,14627040,424054848.00
2022/02/21,31.01,34.05,30.07,34.05,13752960,461619328.00
2022/02/22,33.71,37.64,32.87,34.40,26785403,972282752.00
2022/02/23,32.27,37.52,31.85,35.45,20059773,696416576.00
2022/02/24,33.47,33.47,30.13,31.74,15531029,506576992.00
2022/02/25,32.68,38.21,31.95,36.46,22672638,830587968.00
2022/02/28,33.74,35.58,33.07,34.67,17690133,619725056.00
2022/03/01,33.39,36.25,32.36,35.39,18235792,637074752.00
2022/03/02,33.59,35.17,32.98,33.35,13833814,475316000.00
2022/03/03,32.97,33.85,31.68,32.17,11823356,390763296.00
2022/03/04,31.47,32.23,29.95,30.00,10029443,316768224.00
2022/03/07,29.53,30.43,29.08,30.07,6653296,202764736.00
2022/03/08,29.70,33.03,29.70,32.17,14707507,476434368.00
2022/03/09,30.98,35.04,26.85,33.21,13719819,440615584.00
2022/03/10,33.08,33.92,31.97,32.04,12578194,421749920.00
2022/03/11,30.33,32.18,30.05,30.86,8912688,282227680.00
2022/03/14,29.40,30.18,27.48,27.70,9945716,289131104.00
2022/03/15,27.37,28.59,26.92,27.00,7616899,216771024.00
2022/03/16,27.62,28.62,26.53,28.34,8651726,246832640.00
2022/03/17,28.39,29.35,27.51,27.99,9633056,279797472.00
2022/03/18,27.72,27.96,27.07,27.13,5773682,161802944.00
2022/03/21,27.35,28.20,26.82,28.19,6641821,187438704.00
2022/03/22,28.00,28.97,27.19,27.97,8300768,239335008.00
2022/03/23,27.48,27.82,26.67,26.67,6002627,166589536.00
2022/03/24,26.64,26.80,25.44,25.58,6359846,168243664.00
2022/03/25,25.57,25.96,24.85,24.87,4589282,118856328.00
2022/03/28,24.40,25.09,24.03,24.42,3746440,94322912.00
2022/03/29,24.43,24.62,23.62,23.95,4073540,100323088.00
2022/03/30,24.16,24.16,23.49,23.73,3456353,84288576.00
2022/03/31,23.59,24.55,23.30,24.32,5996052,147674848.00
2022/04/01,23.88,23.93,22.93,22.95,5679022,135892032.00
2022/04/06,22.93,23.63,22.64,23.25,3225081,77097104.00
2022/04/07,23.44,23.47,22.29,22.29,3542600,83162592.00
2022/04/08,22.36,22.62,21.68,21.80,3701300,84246696.00
2022/04/11,21.71,21.87,20.77,20.89,3359550,73481792.00
2022/04/12,20.74,21.27,20.54,21.22,2796350,60258772.00
2022/04/13,21.13,21.16,20.00,20.02,3094529,65048300.00
2022/04/14,20.18,20.72,20.12,20.36,2701362,56905576.00
2022/04/15,20.33,20.91,19.59,20.00,4108539,85514744.00
2022/04/18,19.79,20.57,19.25,20.40,3062562,63030032.00
2022/04/19,20.48,20.80,20.16,20.59,2442557,51474988.00
2022/04/20,20.96,21.37,19.83,20.07,4300269,90755792.00
2022/04/21,19.77,20.25,18.99,19.12,3261906,65942384.00
2022/04/22,18.96,19.27,18.59,18.77,2319476,45423516.00
2022/04/25,18.25,18.56,17.07,17.07,3100440,57287008.00
2022/04/26,17.40,17.40,16.04,16.10,3336090,57912632.00
2022/04/27,15.97,16.78,15.73,16.78,3661531,62316860.00
2022/04/28,16.62,16.74,15.95,16.19,3120980,52835892.00
2022/04/29,16.35,17.04,16.27,16.97,3311325,57520920.00
2022/05/05,16.97,17.42,16.76,17.25,2733962,48704720.00
2022/05/06,17.01,18.59,16.58,17.78,6243648,114694520.00
2022/05/09,17.85,18.45,17.71,17.84,4271459,79773048.00
2022/05/10,17.47,18.32,17.37,18.25,3493555,65375628.00
2022/05/11,18.30,18.77,18.11,18.11,3766768,72038040.00
2022/05/12,17.92,18.56,17.92,18.33,2373503,44939400.00
2022/05/13,18.44,18.45,17.97,18.18,1553780,29268026.00
2022/05/16,18.33,18.66,17.94,18.18,1738228,32782412.00
2022/05/17,18.19,18.25,17.69,18.05,1701127,31607750.00
2022/05/18,18.76,19.66,18.27,18.62,6137123,119865736.00
2022/05/19,18.07,18.42,17.86,18.36,3196858,60342804.00
2022/05/20,18.50,18.77,18.23,18.45,2347491,44798140.00
2022/05/23,18.64,19.00,18.54,18.87,2755920,53504652.00
2022/05/24,18.77,18.90,17.42,17.45,2771580,52140104.00
2022/05/25,17.53,17.86,17.44,17.85,1885580,34506264.00
2022/05/26,17.90,18.08,17.30,18.05,2100253,38162948.00
2022/05/27,18.22,18.74,17.87,18.02,2146684,39885424.00
2022/05/30,18.23,18.30,17.66,17.95,1690614,30870046.00
2022/05/31,17.91,18.18,17.45,18.15,2411800,44043312.00
2022/06/01,18.16,18.50,18.00,18.45,2635525,49397916.00
2022/06/02,18.50,18.93,17.96,18.90,2967001,56306972.00
2022/06/06,19.00,19.50,18.76,19.40,3027045,59269796.00
2022/06/07,19.43,19.49,18.81,19.00,2511160,48875764.00
2022/06/08,19.19,19.35,18.54,19.13,2606160,50564904.00
2022/06/09,18.96,18.96,18.39,18.47,1996860,38020336.00
2022/06/10,18.51,18.76,18.31,18.68,1348820,25696212.00
2022/06/13,18.50,18.92,18.50,18.81,1774386,33936308.00
2022/06/14,18.80,18.80,17.65,18.24,2377205,43937528.00
2022/06/15,18.17,18.80,18.17,18.37,2362670,44609356.00
2022/06/16,18.50,19.22,18.41,18.99,4284851,82825664.00
2022/06/17,19.00,19.10,18.42,18.92,2893040,55604072.00
2022/06/20,18.87,19.27,18.80,19.10,2229962,43407584.00
2022/06/21,19.10,19.95,18.81,19.48,5094493,101448056.00
2022/06/22,19.35,19.58,18.85,18.85,3473049,67747320.00
2022/06/23,18.86,19.57,18.86,19.18,2717555,53280912.00
2022/06/24,19.48,19.69,19.16,19.23,2853845,56409924.00
2022/06/27,19.25,19.42,18.99,19.10,2058210,40228860.00
2022/06/28,19.08,19.85,18.70,19.78,3546165,70266368.00
2022/06/29,19.78,19.98,19.31,19.39,2996124,59974060.00
2022/06/30,19.52,19.61,19.11,19.25,2487832,49002788.00
2022/07/01,19.26,19.44,18.90,19.12,1850668,36178412.00
2022/07/04,19.10,19.32,18.81,18.95,1902922,36726988.00
2022/07/05,18.93,19.13,18.20,18.41,2524709,47861804.00
2022/07/06,18.40,18.54,17.97,18.14,1607734,29919062.00
2022/07/07,18.06,18.25,17.93,18.03,1529722,28246216.00
2022/07/08,17.99,18.90,17.98,18.35,2312462,43766312.00
2022/07/11,18.22,18.43,17.83,18.02,1730523,31955296.00
2022/07/12,18.00,18.00,17.30,17.30,2262357,40546892.00
2022/07/13,17.42,17.91,17.31,17.82,1750780,31676790.00
2022/07/14,17.66,18.05,17.66,17.90,1100500,20175676.00
2022/07/15,17.75,17.88,17.41,17.46,1268500,22873124.00
2022/07/18,17.45,18.19,17.45,18.14,1370219,25190708.00
2022/07/19,18.25,18.72,18.15,18.70,2336600,44262432.00
2022/07/20,18.76,18.96,18.57,18.84,1315466,25191398.00
2022/07/21,18.88,19.15,18.68,18.78,1832177,35369280.00
2022/07/22,18.78,19.01,18.41,18.50,1355125,25821368.00
2022/07/25,18.50,18.82,18.26,18.44,1109763,20986474.00
2022/07/26,18.44,19.15,18.36,19.14,2513580,48306528.00
2022/07/27,19.08,19.30,18.99,19.27,2545741,49846672.00
2022/07/28,19.20,19.46,19.20,19.29,1979593,39007012.00
2022/07/29,19.37,19.37,18.85,18.93,1539600,30004532.00
2022/08/01,19.20,19.20,18.84,18.92,1631362,31600444.00
2022/08/02,18.95,18.95,17.61,17.77,3128800,57540552.00
2022/08/03,17.88,18.41,17.75,17.85,2080886,38683168.00
2022/08/04,18.16,18.39,17.98,18.27,1421153,26402358.00
2022/08/05,18.51,19.00,18.29,19.00,1757293,33590276.00
2022/08/08,19.02,19.84,18.99,19.77,3236760,64355840.00
2022/08/09,19.85,19.93,19.33,19.50,2232819,44415812.00
2022/08/10,19.50,21.35,19.42,20.70,7274111,153584496.00
2022/08/11,20.61,21.04,20.43,20.50,4677880,98574552.00
2022/08/12,20.56,20.70,19.98,20.03,2922490,60298340.00
2022/08/15,20.19,20.19,19.60,19.78,2500601,50307752.00
2022/08/16,19.93,20.13,19.55,19.71,2241051,45009948.00
2022/08/17,19.72,19.87,19.60,19.81,2007788,40474612.00
2022/08/18,19.80,19.81,19.40,19.78,1962507,39248020.00
2022/08/19,19.79,21.07,19.64,20.11,6321131,130662968.00
2022/08/22,19.86,20.14,19.20,19.72,3697371,74652696.00
2022/08/23,19.92,20.10,19.51,19.72,2630667,53040464.00
2022/08/24,19.67,19.85,18.95,19.05,2986365,58720312.00
2022/08/25,19.15,19.28,18.58,18.86,1842708,35453820.00
2022/08/26,19.06,19.15,18.45,18.52,1862000,35724000.00
2022/08/29,18.45,18.52,18.02,18.35,1185300,22193794.00
2022/08/30,18.36,18.79,18.15,18.65,1644235,31139130.00
2022/08/31,18.59,18.72,17.81,17.93,2225820,41211444.00
2022/09/01,17.98,18.35,17.68,17.95,1516500,28026548.00
2022/09/02,18.01,18.72,18.01,18.67,2324760,43913784.00
2022/09/05,18.58,18.88,18.39,18.55,1366060,25907824.00
2022/09/06,18.55,18.70,18.16,18.37,1287971,24111478.00
2022/09/07,18.30,18.49,18.00,18.22,1429900,26606460.00
2022/09/08,18.22,18.28,17.78,17.94,1250200,22939986.00
2022/09/09,17.90,17.98,17.62,17.74,1121200,20349224.00
2022/09/13,17.74,17.97,17.52,17.60,1319373,23902598.00
2022/09/14,17.28,17.45,17.09,17.29,1394260,24624354.00
2022/09/15,17.37,17.37,16.50,16.78,1643604,28471100.00
2022/09/16,16.89,17.04,16.60,16.65,1249315,21554582.00
2022/09/19,16.76,16.76,16.05,16.35,1449915,24183730.00
2022/09/20,16.39,16.89,16.30,16.71,1240519,21115614.00
2022/09/21,16.63,16.90,16.17,16.85,1259141,21376956.00
2022/09/22,16.79,17.99,16.76,17.38,3399580,60516360.00
2022/09/23,17.21,17.40,16.84,16.98,2086458,36486252.00
2022/09/26,16.98,16.98,16.33,16.40,1476779,25008250.00
2022/09/27,16.42,16.97,16.30,16.93,1625460,27695474.00
2022/09/28,16.90,16.99,16.25,16.25,1455501,24730674.00
2022/09/29,16.50,16.56,16.08,16.26,1438112,24126182.00
2022/09/30,16.24,16.40,15.75,15.93,1306106,21518412.00
2022/10/10,16.00,16.09,15.11,15.17,1925480,30591918.00
2022/10/11,15.20,15.63,15.01,15.55,1199220,18930650.00
2022/10/12,15.40,16.49,15.38,16.49,2021280,33178844.00
2022/10/13,16.49,17.94,16.49,17.53,5218182,93080400.00
2022/10/14,17.21,18.25,17.20,17.92,4693350,85090640.00
2022/10/17,17.88,19.28,17.80,19.14,5478783,104960256.00
2022/10/18,18.88,19.04,18.43,18.94,4303762,82432648.00
2022/10/19,18.82,20.28,18.62,19.40,6276753,124636656.00
2022/10/20,19.05,19.59,18.95,19.18,4396339,86607128.00
2022/10/21,19.30,19.90,18.63,19.39,4058838,79415720.00
2022/10/24,19.20,20.00,19.07,19.47,4869353,97145280.00
2022/10/25,18.97,20.14,18.97,19.90,6461222,130337720.00
2022/10/26,19.81,21.28,19.65,20.54,9884853,207155200.00
2022/10/27,21.10,22.02,20.40,21.88,13518933,295598560.00
2022/10/28,21.31,21.83,20.35,20.57,10303893,220922000.00
2022/10/31,20.25,21.85,20.25,21.68,9572762,207798000.00
2022/11/01,20.69,20.82,19.69,20.38,10012731,207537824.00
2022/11/02,20.05,20.33,19.51,20.00,7399065,149982944.00
2022/11/03,19.69,19.94,19.18,19.69,4900839,97886208.00
2022/11/04,19.69,19.95,19.49,19.80,4506075,90891672.00
2022/11/07,19.82,20.14,19.44,19.95,4748085,95931472.00
2022/11/08,19.74,20.10,18.95,20.10,5515738,110314536.00
2022/11/09,19.88,20.88,19.27,20.40,8165392,169016464.00
2022/11/10,20.03,21.09,19.95,20.97,8004094,169828528.00
2022/11/11,21.20,21.42,20.35,20.36,6606293,139563328.00
2022/11/14,20.02,20.19,19.40,19.66,4829435,97004648.00
2022/11/15,19.65,20.39,19.60,19.85,3150307,64013432.00
2022/11/16,19.85,20.13,19.51,19.71,3050162,61539716.00
2022/11/17,19.90,20.17,19.65,20.17,3296441,66993576.00
2022/11/18,20.08,20.75,19.74,19.80,4399111,90832168.00
2022/11/21,19.55,20.10,19.15,19.85,2727903,54444336.00
2022/11/22,19.73,21.49,19.69,20.68,7866648,165864784.00
2022/11/23,20.60,20.73,19.00,19.20,6311629,125875520.00
2022/11/24,19.10,20.90,19.10,20.06,5568055,115159752.00
2022/11/25,20.31,20.68,19.26,19.37,3294610,66501888.00
2022/11/28,19.10,19.42,18.40,18.55,3406840,65607808.00
2022/11/29,18.56,18.90,18.46,18.78,1969136,37573136.00
2022/11/30,18.73,18.79,18.25,18.48,2285615,43197888.00
2022/12/01,18.72,19.19,18.60,19.10,3410461,65920148.00
2022/12/02,19.15,20.26,19.02,19.84,5376465,108889928.00
2022/12/05,20.40,20.49,19.52,19.73,3120755,62973892.00
2022/12/06,19.63,19.90,19.15,19.28,2672153,52939576.00
2022/12/07,19.60,19.60,18.84,18.97,2303348,44723856.00
2022/12/08,18.91,19.02,18.22,18.23,3235522,60946732.00
2022/12/09,18.22,18.24,17.65,17.75,2636450,48196432.00
2022/12/12,17.82,18.00,17.65,17.85,2088593,38034832.00
2022/12/13,17.90,17.90,17.22,17.24,2488525,44461060.00
2022/12/14,17.26,17.74,17.26,17.41,1840337,32976760.00
2022/12/15,17.34,18.22,17.12,17.83,2457079,44778992.00
2022/12/16,17.67,17.86,17.29,17.33,1828460,32669248.00
2022/12/19,17.36,17.59,16.97,17.23,1705800,30119904.00
2022/12/20,17.46,17.93,16.86,16.93,2372706,41562520.00
2022/12/21,17.05,17.21,16.70,16.72,1639806,28409854.00
2022/12/22,16.75,17.02,16.50,16.54,1354735,23194938.00
2022/12/23,16.62,17.20,16.53,17.08,2157998,37480140.00
2022/12/26,17.08,17.18,16.91,17.14,1461000,25529894.00
2022/12/27,17.14,17.32,16.77,17.06,1169537,20369426.00
2022/12/28,16.99,17.16,16.62,16.70,1352782,23308218.00
2022/12/29,16.70,17.13,16.50,16.76,1240615,21458304.00
2022/12/30,16.83,17.20,16.71,17.13,1469300,25619828.00
2023/01/03,17.16,17.95,16.93,17.91,2636939,47529960.00
2023/01/04,17.91,18.33,17.90,18.30,3167300,58804072.00
2023/01/05,18.35,18.35,17.95,18.09,1807300,33438816.00
2023/01/06,18.02,18.18,17.83,17.86,1675094,30793312.00
2023/01/09,18.00,18.18,17.75,17.86,1108120,20290262.00
2023/01/10,17.96,18.05,17.61,17.88,1113959,20363050.00
2023/01/11,17.82,17.96,17.57,17.57,1239900,22540436.00
2023/01/12,17.53,17.85,17.49,17.78,943010,17083042.00
2023/01/13,17.79,17.81,17.48,17.73,969339,17479642.00
2023/01/16,17.70,18.16,17.70,18.01,1340637,24717290.00
2023/01/17,18.03,18.10,17.68,17.78,1190900,21753946.00
2023/01/18,17.96,18.47,17.71,18.37,2618300,48718420.00
2023/01/19,18.18,18.63,18.14,18.56,2651627,50181908.00
2023/01/20,18.54,18.86,18.39,18.60,2129120,40532300.00
2023/01/30,18.86,19.20,18.76,19.00,2588664,50084768.00
2023/01/31,19.00,19.05,18.78,18.99,1723200,33304620.00
2023/02/01,18.99,19.75,18.94,19.58,3295605,65150684.00
2023/02/02,19.60,19.85,19.33,19.53,2327902,46427548.00
2023/02/03,19.60,19.96,19.47,19.95,2999214,60366384.00
2023/02/06,19.50,20.29,19.40,20.29,4724665,96114992.00
2023/02/07,20.16,20.19,19.50,20.00,4060316,82226976.00
2023/02/08,20.00,20.26,19.59,19.84,3337653,67733984.00
2023/02/09,19.68,21.03,19.60,20.74,5014059,104507552.00
2023/02/10,20.65,21.60,20.61,20.86,6074198,130206656.00
2023/02/13,20.86,21.41,20.56,20.93,3697734,78811984.00
2023/02/14,20.93,21.04,20.28,20.42,3675931,76861832.00
2023/02/15,20.44,21.35,20.37,21.26,4347056,92919472.00
2023/02/16,21.25,21.39,20.15,20.38,4002860,84940272.00
2023/02/17,20.41,20.58,19.54,19.60,3378074,68579688.00
2023/02/20,19.80,20.13,19.46,20.08,2767323,56000792.00
2023/02/21,20.10,20.90,19.95,20.12,2637728,54593680.00
2023/02/22,20.07,20.38,19.71,20.27,1659657,33981732.00
2023/02/23,20.23,20.23,19.69,19.79,1496288,30369426.00
2023/02/24,19.90,20.25,19.76,19.93,1606083,32753494.00
2023/02/27,19.99,20.60,19.71,19.81,2640182,54295244.00
2023/02/28,20.37,20.79,20.02,20.40,3643058,75941136.00
2023/03/01,20.30,21.71,20.30,21.48,7173217,155727984.00
2023/03/02,21.37,22.31,21.20,21.81,7714991,171136592.00
2023/03/03,21.60,21.79,21.10,21.29,4008055,87250976.00
2023/03/06,21.28,21.36,20.72,20.86,2875439,61460968.00
2023/03/07,20.80,21.00,19.90,20.07,3193403,66459544.00
2023/03/08,20.10,24.16,20.07,24.16,17160714,402990400.00
2023/03/09,24.76,26.83,24.76,25.88,25418991,666893120.00
2023/03/10,25.22,28.13,24.34,24.46,20415018,534158016.00
2023/03/13,23.85,24.63,23.57,23.97,14126252,344009152.00
2023/03/14,23.80,25.32,23.23,25.09,18030000,449498400.00
2023/03/15,24.60,24.70,23.48,23.55,11767026,285997952.00
2023/03/16,23.40,23.80,22.50,23.11,9985584,235306080.00
2023/03/17,23.32,23.74,23.23,23.43,8747326,209033200.00
2023/03/20,23.80,25.09,23.70,24.91,16162618,402576352.00
2023/03/21,24.10,24.25,23.20,24.10,10485365,253019488.00
2023/03/22,26.29,26.96,25.08,25.60,18964206,497432448.00
2023/03/23,24.96,25.45,24.30,25.17,14227541,359070720.00
2023/03/24,24.67,25.15,24.10,24.90,11276561,282318720.00
2023/03/27,24.55,25.21,24.22,24.79,9846045,247445360.00
2023/03/28,24.61,25.87,23.81,25.87,13967583,355540224.00
2023/03/29,25.66,25.71,24.82,24.90,10081634,258305232.00
2023/03/30,24.64,24.70,23.10,23.16,8718593,211808880.00
2023/03/31,23.11,23.88,22.80,23.86,5719899,136800944.00
2023/04/03,23.87,24.95,23.42,24.94,9100496,224911520.00
2023/04/04,24.83,25.35,24.46,24.95,8749081,221599568.00
2023/04/06,24.65,24.75,23.98,24.13,6846366,169187216.00
2023/04/07,24.39,24.62,23.58,24.38,5469206,134358224.00
2023/04/10,24.37,24.43,22.81,23.04,6422221,153557488.00
2023/04/11,22.90,23.63,22.86,23.32,3671200,86764984.00
2023/04/12,23.40,25.19,23.04,25.00,8913318,221269552.00
2023/04/13,25.35,25.92,24.85,24.90,10963815,282270816.00
2023/04/14,25.21,25.40,23.68,24.69,6633508,165734096.00
2023/04/17,24.78,24.85,23.28,23.45,5902520,142255904.00
2023/04/18,23.51,24.27,23.35,24.07,4473529,108681864.00
2023/04/19,23.96,25.37,23.71,25.24,9628641,243431728.00
2023/04/20,25.15,25.58,24.70,25.00,7394078,187892960.00
2023/04/21,24.57,24.65,21.38,21.48,12574899,289671424.00
2023/04/24,21.37,21.80,21.07,21.38,4872399,106624152.00
2023/04/25,21.61,21.61,19.98,20.41,5640591,118214560.00
2023/04/26,20.20,20.96,19.83,19.95,4913769,101522880.00
2023/04/27,19.77,20.31,19.47,19.78,3822061,77589384.00
2023/04/28,19.60,21.02,19.59,20.80,4638227,97656424.00
2023/05/04,20.90,21.17,20.20,20.44,3762237,78549808.00
2023/05/05,20.32,20.65,19.85,20.63,4444400,92043256.00
2023/05/08,20.63,20.79,20.12,20.61,3940587,82155416.00
2023/05/09,21.51,22.50,20.72,20.94,9717247,213410832.00
2023/05/10,19.84,20.64,19.64,20.19,5950960,122612440.00
2023/05/11,20.20,20.51,19.90,20.17,3758959,77563608.00
2023/05/12,20.15,21.02,20.15,20.37,4890200,102925128.00
2023/05/15,20.30,20.37,19.60,20.18,3535973,71749440.00
2023/05/16,20.10,21.18,19.83,20.86,4826795,100758568.00
2023/05/17,20.48,21.10,20.43,20.87,5361622,113832056.00
2023/05/18,21.00,21.43,20.80,21.43,5842264,125724400.00
2023/05/19,21.79,22.10,20.90,21.18,5237800,114120328.00
2023/05/22,21.38,22.02,21.20,21.88,5899418,129980616.00
2023/05/23,21.40,22.30,20.97,21.62,5654871,124725016.00
2023/05/24,21.12,21.96,21.12,21.62,3848501,84750728.00
2023/05/25,21.80,22.30,21.28,21.92,4468774,98845280.00
2023/05/26,21.93,22.57,21.70,22.40,6685432,151891792.00
2023/05/29,22.54,23.68,22.41,23.63,10733977,252448096.00
2023/05/30,23.08,23.30,22.62,23.20,7781494,181631024.00
2023/05/31,23.06,25.09,22.90,23.93,10994195,267073152.00
2023/06/01,23.86,24.58,23.50,23.65,8554056,208579728.00
2023/06/02,23.43,24.85,23.20,24.59,11587851,283274112.00
2023/06/05,25.25,26.59,24.10,24.55,13449746,343160736.00
2023/06/06,24.80,25.07,23.59,23.80,9173485,227144560.00
2023/06/07,23.93,28.60,23.93,28.60,14358921,393723680.00
2023/06/08,33.80,34.36,31.11,34.36,22816169,756090880.00
2023/06/09,35.80,36.10,31.50,31.92,31469320,1046067648.00
2023/06/12,31.92,34.07,31.70,32.89,25616074,844245952.00
2023/06/13,30.40,32.05,29.12,31.50,21775747,669077888.00
2023/06/14,32.15,33.23,30.53,31.93,20631579,664289408.00
2023/06/15,29.80,31.04,29.49,30.32,15820617,482692064.00
2023/06/16,29.69,30.37,29.20,30.13,12080623,363335584.00
2023/06/19,30.10,30.61,29.43,30.61,12471219,379563584.00
2023/06/20,29.90,31.23,29.51,30.78,12654230,386448736.00
2023/06/21,30.45,30.54,28.76,28.76,9647504,285810336.00
2023/06/26,28.00,29.05,27.53,27.56,7225821,204886640.00
2023/06/27,27.45,27.77,26.90,27.50,5520631,151931504.00
2023/06/28,27.49,29.81,25.90,29.59,15710833,445988704.00
2023/06/29,28.80,30.45,28.69,29.68,11986402,356893984.00
2023/06/30,29.20,29.56,27.68,27.81,10861817,311510336.00
2023/07/03,28.19,28.21,27.05,27.71,6650166,184689216.00
2023/07/04,27.53,27.87,27.31,27.61,5405918,150290272.00
2023/07/05,27.70,28.04,26.76,26.84,5807921,159560800.00
2023/07/06,27.04,27.46,26.25,27.23,3690100,100891864.00
2023/07/07,27.00,27.42,26.35,27.22,4172426,113106448.00
2023/07/10,27.07,27.70,26.58,27.61,5384738,147647504.00
2023/07/11,27.81,27.99,26.58,26.63,6256297,171014720.00
2023/07/12,26.45,26.73,25.50,25.50,6448187,169120736.00
2023/07/13,25.63,26.04,25.38,25.92,3957719,102727352.00
2023/07/14,26.33,26.85,26.32,26.39,4321957,115570136.00
2023/07/17,26.61,27.09,26.16,26.22,3979400,106385224.00
2023/07/18,26.39,26.55,25.91,26.03,2543600,67132520.00
2023/07/19,25.85,26.60,25.85,26.25,2784553,73932392.00
2023/07/20,26.10,26.53,25.34,25.38,4160895,108618272.00
2023/07/21,25.38,25.60,24.89,25.15,2881310,73287496.00
2023/07/24,25.15,26.03,25.00,25.78,3181477,82395568.00
2023/07/25,25.94,26.32,25.63,26.26,2705999,70971680.00
2023/07/26,25.80,25.92,25.33,25.39,2860590,73768664.00
2023/07/27,25.57,25.61,24.78,24.84,2232341,56434448.00
2023/07/28,24.68,24.98,24.49,24.81,1937698,48374420.00
2023/07/31,24.82,25.25,24.60,24.92,1494625,37616620.00
2023/08/01,24.80,24.85,24.08,24.50,2471900,60853552.00
2023/08/02,24.53,24.89,24.40,24.84,1638585,40838112.00
2023/08/03,24.68,25.15,24.48,24.69,1620160,40401512.00
2023/08/04,24.66,25.67,24.65,25.45,3474262,88912448.00
2023/08/07,25.53,26.40,25.43,26.10,4550882,119353624.00
2023/08/08,26.42,26.58,25.59,25.80,4098994,107384512.00
2023/08/09,25.26,25.59,24.58,24.68,3525300,89014872.00
2023/08/10,25.15,25.49,24.50,24.70,2636576,66267232.00
2023/08/11,24.59,25.03,24.08,24.08,2209300,54584972.00
2023/08/14,23.90,28.94,23.81,28.94,19907270,549962752.00
2023/08/15,30.30,31.65,28.69,29.00,27184196,818646784.00
2023/08/16,28.85,30.28,28.03,29.21,18870432,552176448.00
2023/08/17,28.36,30.80,28.18,29.80,19003152,569797120.00
2023/08/18,29.29,29.80,27.62,27.79,14071403,402440704.00
2023/08/21,27.55,31.65,27.55,29.93,19676019,595471808.00
2023/08/22,31.09,31.60,28.77,30.49,19450530,591032832.00
2023/08/23,29.25,30.46,28.35,29.84,14645515,433698496.00
2023/08/24,30.75,31.34,29.06,29.11,13611944,411724448.00
2023/08/25,27.92,28.49,25.60,25.63,14150767,384938784.00
2023/08/28,27.50,27.52,23.15,23.17,13919221,346612736.00
2023/08/29,23.30,25.60,23.22,25.05,12433650,310505696.00
2023/08/30,25.09,26.50,24.90,26.11,8975626,233302416.00
2023/08/31,25.95,27.36,25.62,26.46,8547709,229035792.00
2023/09/01,26.70,26.85,25.47,25.81,5491085,143338720.00
2023/09/04,25.63,26.15,25.37,26.09,4166296,108110264.00
2023/09/05,25.95,26.06,25.41,25.64,3712404,96151400.00
2023/09/06,25.35,25.74,24.99,25.66,3300187,84649144.00
2023/09/07,25.83,26.90,25.67,26.10,8730376,231742784.00
2023/09/08,26.04,26.21,24.88,26.18,6841316,176412976.00
2023/09/11,25.82,26.59,25.12,26.19,5986288,155700208.00
2023/09/12,26.58,27.70,26.12,27.52,13465973,366222144.00
2023/09/13,27.08,27.36,25.78,26.27,8526464,227676496.00
2023/09/14,25.93,26.39,24.96,25.20,5490991,140473328.00
2023/09/15,25.30,25.59,24.45,24.46,4121695,103505608.00
2023/09/18,24.50,25.32,24.30,24.41,3676365,91760512.00
2023/09/19,24.30,24.47,23.34,23.62,4547404,108784040.00
2023/09/20,23.96,27.70,23.90,25.88,14392291,381821824.00
2023/09/21,24.81,26.59,24.81,25.99,11308445,295498720.00
2023/09/22,25.58,26.88,25.20,26.73,9934278,263135536.00
2023/09/25,26.51,26.71,25.91,26.33,6762230,178980224.00
2023/09/26,25.97,27.48,25.87,26.24,7648283,204078944.00
2023/09/27,25.89,26.58,25.40,26.09,5767452,151669520.00
2023/09/28,26.33,26.75,26.11,26.43,5902368,157046224.00
2023/10/09,26.44,27.81,26.20,27.48,11260060,307443392.00
2023/10/10,27.38,28.07,26.81,27.90,11161684,310061024.00
2023/10/11,28.05,28.16,27.10,27.45,7826966,217645408.00
2023/10/12,27.31,27.98,26.66,26.90,7094061,195085024.00
2023/10/13,26.51,27.18,26.47,26.97,4626036,125351392.00
2023/10/16,26.78,28.60,26.29,27.86,9613784,266818944.00
2023/10/17,27.87,28.48,27.18,28.24,10062928,282971424.00
2023/10/18,27.65,27.67,26.35,26.54,6852897,184281984.00
2023/10/19,26.50,27.55,25.45,25.48,5781269,154484096.00
2023/10/20,25.18,26.75,24.83,25.65,4046036,105690680.00
2023/10/23,24.97,26.00,24.40,24.65,3387892,85260120.00
2023/10/24,25.00,26.35,25.00,25.52,4820880,124904664.00
2023/10/25,25.52,27.89,25.20,27.15,9015976,246124736.00
2023/10/26,26.76,28.20,26.76,27.60,10269245,286062976.00
2023/10/27,27.39,27.69,26.00,26.58,8282051,221297152.00
2023/10/30,26.32,27.99,26.11,27.86,8962556,247638128.00
2023/10/31,27.69,28.07,27.15,27.55,6295347,175070320.00
2023/11/01,27.68,27.90,26.91,27.18,4589910,126408648.00
2023/11/02,27.00,27.38,26.11,26.14,4416967,118187360.00
2023/11/03,26.34,26.62,26.08,26.25,3525140,93482008.00
2023/11/06,26.33,27.50,26.33,27.47,5942962,162652688.00
2023/11/07,27.21,28.68,27.15,28.47,11190670,318072192.00
2023/11/08,28.38,29.78,28.03,28.57,11359563,329768992.00
2023/11/09,28.81,30.65,28.18,29.92,15753248,467785024.00
2023/11/10,29.92,30.97,29.37,29.37,15933323,482015840.00
2023/11/13,28.50,29.75,28.30,29.29,9487888,277505152.00
2023/11/14,29.96,31.34,29.69,30.66,16665184,509973920.00
2023/11/15,30.78,31.14,29.82,29.83,11694105,355827392.00
2023/11/16,29.43,30.30,29.10,29.46,7741418,231476464.00
2023/11/17,29.41,29.46,28.50,28.98,6348649,184682992.00
2023/11/20,28.98,29.33,28.59,29.33,5414851,158266768.00
2023/11/21,29.05,29.26,28.29,28.55,4965765,143776336.00
2023/11/22,28.80,29.10,28.20,28.21,4377465,126485944.00
2023/11/23,27.87,28.59,27.66,28.37,3826971,108536032.00
2023/11/24,28.37,28.49,27.06,27.25,4075262,112792488.00
2023/11/27,27.30,27.79,27.03,27.48,2822507,77823952.00
2023/11/28,27.44,27.65,26.92,27.39,2955255,81085848.00
2023/11/29,27.32,27.50,27.01,27.42,2450379,67303080.00
2023/11/30,27.22,27.45,26.73,26.95,2807280,76255008.00
2023/12/01,26.95,27.74,26.86,27.67,3365372,92896352.00
2023/12/04,27.69,28.07,27.31,27.40,3025172,84425784.00
2023/12/05,27.41,27.75,26.26,26.26,3361127,90538008.00
2023/12/06,26.26,26.63,26.10,26.33,1869720,49623192.00
2023/12/07,26.35,26.70,26.10,26.43,2076100,55257780.00
2023/12/08,26.44,26.88,26.38,26.60,2865975,76880528.00
2023/12/11,26.56,26.66,25.95,26.61,2513556,66583504.00
2023/12/12,26.53,27.07,26.50,26.80,2180409,58853876.00
2023/12/13,26.97,26.97,25.76,25.76,2992821,78739768.00
2023/12/14,26.05,26.05,25.51,25.53,1708480,44232952.00
2023/12/15,25.63,25.76,25.27,25.27,1553300,39795440.00
2023/12/18,25.20,25.58,25.07,25.09,1502871,38303328.00
2023/12/19,25.00,25.35,24.91,25.10,1256503,31809070.00
2023/12/20,25.05,25.41,24.76,24.76,1476048,37384560.00
2023/12/21,24.68,25.15,24.45,24.96,1682700,42115960.00
2023/12/22,25.10,25.10,24.25,24.38,2192930,54374428.00
2023/12/25,24.30,24.62,24.02,24.27,1393260,34057280.00
2023/12/26,24.13,24.61,23.50,23.51,2016390,48283208.00
2023/12/27,23.68,24.21,23.68,24.13,1597881,38746292.00
2023/12/28,23.95,24.46,23.86,24.18,1649678,40306628.00
2023/12/29,24.18,24.56,24.18,24.38,1526861,37564628.00
2024/01/02,24.38,24.52,24.02,24.05,1917995,46873420.00
2024/01/03,23.99,24.08,23.55,23.81,1389900,33355464.00
2024/01/04,23.85,24.23,23.66,24.08,1596713,38697188.00
2024/01/05,24.04,24.04,23.21,23.36,1680879,40096900.00
2024/01/08,23.48,23.48,22.79,22.80,1190260,27707292.00
2024/01/09,22.80,23.29,22.80,22.98,1095000,25473044.00
2024/01/10,22.96,22.96,22.33,22.39,1329720,30301136.00
2024/01/11,22.60,23.30,22.30,23.19,1759076,40916164.00
2024/01/12,23.11,23.30,22.59,22.68,1139100,26235900.00
2024/01/15,22.46,22.68,22.21,22.34,1082760,24475148.00
2024/01/16,22.55,22.55,21.88,22.27,1134245,25285450.00
2024/01/17,22.51,22.58,21.74,21.74,980980,21950480.00
2024/01/18,21.74,22.00,21.15,21.80,1559560,33815112.00
2024/01/19,21.90,22.00,21.14,21.17,1073200,23266288.00
2024/01/22,21.18,21.37,19.75,19.97,1899160,39580508.00
2024/01/23,19.95,20.38,19.70,20.01,1422915,28825180.00
2024/01/24,20.05,20.24,19.18,20.07,1582474,31579774.00
2024/01/25,20.15,20.99,19.90,20.96,1970000,41030892.00
2024/01/26,20.91,21.38,20.81,20.90,1321700,28088378.00
2024/01/29,20.81,21.00,19.92,20.00,1328080,27201410.00
2024/01/30,20.00,20.06,19.05,19.17,1580980,31206418.00
2024/01/31,19.16,19.30,17.53,17.56,2158600,39747432.00
2024/02/01,17.42,17.87,16.73,17.49,2288188,39948524.00
2024/02/02,17.41,17.92,15.51,16.09,2802582,46971228.00
2024/02/05,16.17,16.18,13.41,13.70,4052231,58509688.00
2024/02/06,13.42,14.17,11.89,13.69,4186807,55076232.00
2024/02/07,14.14,14.14,12.12,12.36,4856466,63831316.00
2024/02/08,12.05,14.02,11.92,14.01,4807196,63820240.00
2024/02/19,14.46,15.43,14.46,15.29,4700452,71424424.00
2024/02/20,15.38,16.13,14.92,15.93,4920747,77970856.00
2024/02/21,15.80,19.16,15.51,18.05,9561491,174381552.00
2024/02/22,17.69,18.70,17.49,18.33,10934556,199111584.00
2024/02/23,18.48,19.34,18.06,19.11,9955380,188522688.00
2024/02/26,18.79,20.14,18.46,19.31,8693215,167475872.00
2024/02/27,18.96,20.07,18.86,20.04,7014846,138320752.00
2024/02/28,20.10,20.68,17.90,18.04,8984266,177646096.00
2024/02/29,17.80,19.00,17.80,18.80,5630949,105848344.00
2024/03/01,18.95,19.57,18.90,19.40,4990210,97171872.00
2024/03/04,20.42,20.60,19.58,20.19,7223531,146471824.00
2024/03/05,19.80,19.98,19.20,19.57,4660800,92347704.00
2024/03/06,19.30,19.78,19.04,19.49,3134997,61635844.00
2024/03/07,19.61,19.78,19.04,19.05,3085787,60611476.00
2024/03/08,19.01,19.79,19.01,19.79,3759200,74119008.00
2024/03/11,19.78,19.88,19.28,19.85,3036300,60078632.00
2024/03/12,20.07,20.35,19.61,19.98,3683416,74011256.00
2024/03/13,20.00,21.04,19.85,21.02,8280582,172466496.00
2024/03/14,20.90,20.90,19.60,20.10,6675768,136551168.00
2024/03/15,19.86,20.18,19.48,20.11,3774584,75697720.00
2024/03/18,19.98,20.70,19.95,20.70,4670521,96313744.00
2024/03/19,20.60,21.35,20.41,21.27,7174632,151613136.00
2024/03/20,21.10,22.14,20.73,22.08,9383166,203240432.00
2024/03/21,21.80,22.00,21.46,21.55,5317365,116430320.00
2024/03/22,21.57,22.89,21.34,22.26,9044823,202441312.00
2024/03/25,21.84,26.75,21.60,24.38,20441342,516162752.00
2024/03/26,23.41,23.41,22.34,22.90,13880766,320157472.00
2024/03/27,22.50,22.94,20.16,20.24,9974961,211568144.00
2024/03/28,20.45,21.41,20.28,20.92,6977113,147467248.00
2024/03/29,20.87,21.13,20.10,20.70,5752909,119297400.00
2024/04/01,20.90,21.13,20.65,21.03,4433882,93471160.00
2024/04/02,20.95,21.04,20.20,20.35,4460209,92107232.00
2024/04/03,20.30,20.30,18.88,18.88,5442646,105400776.00
2024/04/08,18.89,19.16,18.13,19.01,4275951,81075256.00
2024/04/09,19.08,19.45,18.90,19.17,3061336,59452708.00
2024/04/10,19.18,19.18,18.03,18.21,3171093,59005168.00
2024/04/11,18.01,18.64,17.89,18.19,2021844,37568092.00
2024/04/12,18.10,18.45,18.01,18.04,1527200,28163010.00
2024/04/15,18.05,18.30,16.81,17.35,3322906,58170332.00
2024/04/16,17.67,17.70,15.22,15.26,3855912,61805452.00
2024/04/17,15.45,17.09,15.45,17.01,3918599,66275604.00
2024/04/18,17.01,17.66,16.50,17.09,3150132,54493284.00
2024/04/19,16.87,17.19,16.43,16.60,2121963,35897164.00
2024/04/22,16.40,16.64,15.68,16.52,1808900,29797484.00
2024/04/23,16.62,17.17,16.55,16.94,1935000,33238994.00
2024/04/24,17.29,17.93,17.01,17.79,3100984,55318672.00
2024/04/25,17.51,17.90,17.41,17.62,3210861,57311828.00
2024/04/26,17.47,18.42,17.43,18.29,3552363,65189944.00
2024/04/29,18.31,18.74,18.15,18.72,2867162,53742056.00
2024/04/30,18.72,19.07,18.30,18.73,2854994,53927804.00
2024/05/06,18.81,19.27,18.65,18.72,2282267,43514396.00
2024/05/07,18.71,18.91,18.47,18.72,1933945,36495300.00
2024/05/08,18.60,18.74,18.20,18.29,1595197,29679746.00
2024/05/09,18.34,18.54,18.20,18.38,1521108,28300242.00
2024/05/10,18.39,18.52,17.82,17.86,1868300,33953568.00
2024/05/13,17.77,17.77,17.09,17.15,1899308,33299332.00
2024/05/14,16.83,17.78,16.83,17.63,1932557,34426732.00
2024/05/15,17.60,17.89,17.36,17.56,1331560,23788684.00
2024/05/16,17.57,18.05,17.57,17.81,1341060,24205498.00
2024/05/17,17.83,18.45,17.71,18.44,2251445,41455548.00
2024/05/20,18.44,18.52,18.03,18.14,1985600,36536072.00
2024/05/21,18.17,18.32,17.86,18.04,1330800,24266504.00
2024/05/22,18.15,18.28,17.80,18.16,1247000,22855224.00
2024/05/23,18.25,18.34,17.62,17.70,1700220,30801082.00
2024/05/24,17.65,17.89,17.33,17.34,1506500,26781956.00
2024/05/27,17.68,17.79,16.93,17.47,1356060,23559732.00
2024/05/28,17.42,17.62,17.06,17.09,1112100,19432372.00
2024/05/29,17.26,17.42,17.00,17.12,956900,16650210.00
2024/05/30,17.10,17.21,16.82,16.97,896500,15414906.00
2024/05/31,17.18,17.57,17.01,17.47,1698000,29862344.00
2024/06/03,17.76,17.83,16.87,17.04,1813900,31500272.00
2024/06/04,17.10,17.16,16.22,16.49,2007073,33083888.00
2024/06/05,16.49,16.49,16.13,16.13,1450400,23639760.00
2024/06/06,16.00,16.38,15.14,15.37,2472540,38689628.00
2024/06/07,15.60,16.05,15.55,15.88,1790960,28310086.00
2024/06/11,15.74,16.37,15.38,16.27,1748000,28043296.00
2024/06/12,16.40,16.77,16.20,16.61,1679600,27813060.00
2024/06/13,16.96,17.30,16.68,16.86,2275300,38569632.00
2024/06/14,17.11,17.28,16.70,17.22,1691154,28854240.00
2024/06/17,17.07,17.47,16.96,17.13,2056173,35274164.00
2024/06/18,17.08,17.48,17.05,17.42,1464300,25403390.00
2024/06/19,17.44,17.75,17.42,17.43,1367760,24012562.00
2024/06/20,17.43,17.52,16.87,16.90,1611582,27592958.00
2024/06/21,16.90,16.96,16.36,16.77,1311000,21959714.00
2024/06/24,16.65,16.65,15.73,15.85,1838070,29558634.00
2024/06/25,15.73,16.09,15.45,15.70,1361920,21414878.00
2024/06/26,15.63,17.07,15.49,16.86,2074800,33904476.00
2024/06/27,17.30,19.88,17.10,17.70,7793972,139501792.00
2024/06/28,17.04,17.43,16.85,17.32,5894012,101310520.00
2024/07/01,16.83,17.10,16.50,17.01,3339600,56040912.00
2024/07/02,16.85,17.88,16.85,17.84,6226697,109916880.00
2024/07/03,17.45,17.60,16.89,16.89,4109697,70366352.00
2024/07/04,17.00,17.50,16.30,16.32,3240000,54301616.00
2024/07/05,16.30,17.50,16.06,17.35,4725826,80587696.00
2024/07/08,17.16,17.99,17.01,17.77,6770422,119522200.00
2024/07/09,17.40,18.60,17.20,18.45,8253650,148590656.00
2024/07/10,18.21,18.33,17.86,18.03,5612842,101318232.00
2024/07/11,18.37,18.70,17.98,18.42,6445092,118292488.00
2024/07/12,18.27,19.50,18.06,18.70,7090547,132350976.00
2024/07/15,18.07,18.17,17.60,17.73,4841947,86453688.00
2024/07/16,17.60,18.12,17.51,17.89,3507000,62486032.00
2024/07/17,17.78,17.89,17.10,17.10,3224900,56273532.00
2024/07/18,16.95,16.95,16.07,16.56,3410746,55909592.00
2024/07/19,16.50,17.05,16.45,16.88,2258723,38008056.00
2024/07/22,17.09,17.60,16.96,17.46,3006848,52354600.00
2024/07/23,17.40,17.65,16.83,16.83,2086380,35917768.00
2024/07/24,16.81,17.10,16.36,16.36,1993699,33174570.00
2024/07/25,16.75,16.75,16.08,16.50,1948300,32001762.00
2024/07/26,16.37,17.28,16.30,17.00,2536568,42614548.00
2024/07/29,16.88,17.70,16.74,17.55,3276868,56658228.00
2024/07/30,17.47,17.68,17.37,17.56,2192916,38444604.00
2024/07/31,17.52,18.00,17.37,17.90,2640600,46898768.00
2024/08/01,17.85,18.02,17.71,17.79,2204700,39372524.00
2024/08/02,17.61,17.74,17.14,17.25,2126640,37121000.00
2024/08/05,17.00,17.25,16.31,16.36,2117800,35414400.00
2024/08/06,16.57,16.84,16.36,16.60,1421500,23492480.00
2024/08/07,17.39,19.39,17.14,18.06,10218803,185506096.00
2024/08/08,18.25,19.25,17.86,18.40,10189352,188315088.00
2024/08/09,17.95,18.90,17.88,18.11,7821075,143927504.00
2024/08/12,18.25,18.88,17.51,18.80,8118904,148908896.00
2024/08/13,18.45,19.48,18.35,18.96,7911993,149153600.00
2024/08/14,18.72,19.82,18.30,19.61,10556627,202052336.00
2024/08/15,19.28,20.80,19.03,20.32,11635304,232052176.00
2024/08/16,19.95,20.28,19.03,19.16,9282814,182180736.00
2024/08/19,18.87,19.58,18.87,19.33,5625407,108384016.00
2024/08/20,19.10,20.33,18.41,19.78,7824779,153039648.00
2024/08/21,19.60,19.60,18.75,18.95,5493100,104709456.00
2024/08/22,18.65,19.37,18.38,18.51,4019286,75795048.00
2024/08/23,18.20,20.23,18.20,19.36,6639540,127645376.00
2024/08/26,18.99,19.99,18.83,19.67,6056699,118252000.00
2024/08/27,19.47,19.66,18.70,18.77,4335680,82533904.00
2024/08/28,18.49,19.29,17.58,19.03,4754140,88629528.00
2024/08/29,19.00,19.48,18.66,19.37,4499390,86148416.00
2024/08/30,19.24,19.98,19.23,19.51,6723784,132267408.00
2024/09/02,19.35,20.18,19.26,19.57,6093974,120280960.00
2024/09/03,19.36,20.50,19.30,20.38,8615189,173760608.00
2024/09/04,20.05,20.97,19.75,19.91,8227840,166701088.00
2024/09/05,19.79,20.00,19.40,19.55,4990303,98121024.00
2024/09/06,19.69,19.69,18.44,18.48,5693100,107932776.00
2024/09/09,18.49,19.02,18.12,18.88,3147500,58622628.00
2024/09/10,18.77,19.07,18.38,18.92,2765100,51775116.00
2024/09/11,18.79,18.79,18.30,18.38,2533030,46830452.00
2024/09/12,18.30,18.59,17.82,17.97,3180013,57783008.00
2024/09/13,18.43,18.55,17.29,17.30,3742300,66524284.00
2024/09/18,17.44,17.88,16.87,17.22,2321000,39954376.00
2024/09/19,17.24,17.66,17.21,17.45,2316000,40471648.00
2024/09/20,17.55,18.07,17.51,17.85,3204372,57177528.00
2024/09/23,17.85,18.35,17.65,17.92,2803072,50556596.00
2024/09/24,17.92,18.30,17.30,18.26,4457400,79860872.00
2024/09/25,18.30,18.89,18.18,18.34,4401700,81547688.00
2024/09/26,18.15,18.60,18.11,18.59,3462800,63621568.00
2024/09/27,18.75,20.26,18.63,20.23,8224163,161027872.00
2024/09/30,21.55,23.60,20.72,23.52,12917499,285556416.00
2024/10/08,27.90,27.91,23.95,27.80,13317686,347422144.00
2024/10/09,26.08,26.42,23.11,23.22,8997649,224325168.00
2024/10/10,24.20,24.65,22.36,22.51,5631120,130270144.00
2024/10/11,22.16,22.90,20.97,21.49,4608415,100704696.00
2024/10/14,21.71,22.79,21.02,22.66,5164399,113326960.00
2024/10/15,22.40,23.12,21.80,21.92,4913425,110683088.00
2024/10/16,21.50,22.25,21.50,21.93,2976040,65160268.00
2024/10/17,22.50,23.07,22.15,22.74,6743644,152709008.00
2024/10/18,22.40,23.87,22.25,23.31,6861092,157897392.00
2024/10/21,23.49,24.30,23.12,23.68,7671632,182494816.00
2024/10/22,23.46,23.68,22.73,23.17,4904107,113889632.00
2024/10/23,23.10,24.20,22.98,23.36,4912427,115489184.00
2024/10/24,23.14,23.49,22.68,22.85,3370441,77139856.00
2024/10/25,23.03,23.46,22.93,23.22,3230973,75041592.00
2024/10/28,23.11,23.66,23.05,23.52,3597856,84234952.00
2024/10/29,23.69,23.69,22.53,22.57,3926527,90306832.00
2024/10/30,22.49,22.79,21.88,22.35,3437760,76787232.00
2024/10/31,22.21,22.74,21.83,22.50,3332600,74504336.00
2024/11/01,22.40,22.40,21.03,21.25,3963959,85172352.00
2024/11/04,20.57,21.10,20.31,21.07,3761654,78126320.00
2024/11/05,21.10,21.70,21.00,21.69,3528403,75766720.00
2024/11/06,21.70,22.00,21.25,21.59,3959089,85833200.00
2024/11/07,21.30,22.10,21.22,22.09,3490937,75771816.00
2024/11/08,22.32,22.65,22.13,22.24,3986688,89223480.00
2024/11/11,22.09,23.36,21.98,23.23,5300774,120399352.00
2024/11/12,23.02,23.61,22.80,23.21,5898190,136482992.00
2024/11/13,22.99,24.00,22.82,24.00,8599164,202474896.00
2024/11/14,23.69,23.70,22.85,22.90,5309313,123800920.00
2024/11/15,22.60,23.98,22.60,23.40,6649482,156145072.00
2024/11/18,23.40,23.70,21.12,21.42,5435777,118606976.00
2024/11/19,21.43,22.24,21.22,22.22,3252296,70648632.00
2024/11/20,22.29,23.99,22.16,23.88,7574525,176346064.00
2024/11/21,23.61,24.90,23.31,24.53,11993687,292913632.00
2024/11/22,24.10,24.56,23.07,23.07,7688368,183654896.00
数据来源:通达信
