300941 创识科技 日线 前复权
      日期	    开盘	    最高	    最低	    收盘	    成交量	    成交额
2021/02/09,59.32,60.65,38.20,39.02,21734482,1461392384.00
2021/02/10,35.44,38.41,31.66,31.72,13748921,727462912.00
2021/02/18,35.98,49.32,35.32,42.98,18284795,1164092800.00
2021/02/19,39.32,39.98,35.58,36.87,12842347,731300992.00
2021/02/22,38.65,43.54,36.65,36.77,14294994,882662208.00
2021/02/23,32.78,34.57,32.06,33.76,10872650,552559808.00
2021/02/24,32.65,36.57,32.34,34.50,9594916,502529408.00
2021/02/25,33.92,35.50,33.25,33.26,7601841,398731136.00
2021/02/26,31.88,32.21,30.38,30.58,7949837,381991520.00
2021/03/01,30.64,31.28,29.98,30.99,4904873,231650512.00
2021/03/02,31.65,31.90,30.39,31.44,6475943,310718816.00
2021/03/03,30.90,32.50,30.09,31.60,6418297,306130272.00
2021/03/04,31.25,32.22,30.78,31.25,5933469,285651040.00
2021/03/05,30.65,33.78,30.65,33.00,8046430,402277632.00
2021/03/08,32.94,37.98,32.65,34.46,10296172,556932736.00
2021/03/09,33.88,33.91,30.94,31.16,7177509,354680352.00
2021/03/10,31.88,32.37,30.86,30.96,4867283,236429936.00
2021/03/11,30.98,30.98,29.05,30.15,5887686,269472864.00
2021/03/12,30.16,30.62,29.18,29.42,4612670,211073184.00
2021/03/15,29.68,31.02,29.54,29.97,4715889,218127664.00
2021/03/16,29.36,30.58,28.90,30.50,5122061,232410416.00
2021/03/17,30.01,32.07,29.76,31.73,6058778,288449760.00
2021/03/18,31.51,31.78,30.70,31.04,4530769,216961808.00
2021/03/19,30.73,33.62,30.72,31.92,6831644,338798528.00
2021/03/22,30.98,32.63,30.45,32.24,6543107,318891360.00
2021/03/23,32.06,38.83,32.06,38.83,16791944,946276800.00
2021/03/24,36.32,38.32,35.68,36.48,12912409,727346752.00
2021/03/25,35.68,43.10,35.50,38.25,14742722,879887744.00
2021/03/26,37.05,43.54,37.05,41.98,13490875,834196544.00
2021/03/29,44.65,46.96,41.98,42.58,13270650,890690880.00
2021/03/30,42.32,43.81,39.90,40.70,10735796,675903552.00
2021/03/31,40.00,44.58,39.66,42.74,10193313,659081920.00
2021/04/01,41.65,41.65,39.42,40.15,8058049,499936384.00
2021/04/02,41.53,44.98,40.12,42.60,10393869,674685312.00
2021/04/06,42.66,45.00,41.97,42.80,8901544,587700800.00
2021/04/07,41.65,42.04,40.00,41.85,8088032,505562240.00
2021/04/08,41.32,41.34,38.38,38.44,8888071,534688640.00
2021/04/09,38.20,39.60,37.67,38.71,5200390,308244000.00
2021/04/12,39.32,41.97,38.57,39.90,7590433,465805600.00
2021/04/13,38.98,43.98,38.58,43.92,10842784,703378112.00
2021/04/14,44.50,44.54,42.00,43.00,8373149,550810432.00
2021/04/15,42.26,49.65,42.25,45.16,11254967,786736256.00
2021/04/16,44.52,48.57,44.39,46.24,9984575,707317952.00
2021/04/19,44.52,45.45,42.45,44.20,8323736,559260480.00
2021/04/20,43.76,44.25,42.52,42.94,6265800,412783392.00
2021/04/21,42.92,45.76,42.66,44.28,7382110,498853344.00
2021/04/22,43.66,48.65,43.10,46.70,8683779,598258240.00
2021/04/23,45.65,45.97,44.26,44.78,5996425,411739200.00
2021/04/26,44.38,46.24,42.85,45.15,5821935,394333312.00
2021/04/27,44.76,47.52,43.58,45.05,6375126,442203456.00
2021/04/28,43.32,43.93,37.32,37.32,10166536,622102528.00
2021/04/29,37.30,38.58,36.18,36.26,5878324,333917024.00
2021/04/30,35.74,37.10,34.58,36.74,6116106,335266624.00
2021/05/06,36.75,38.56,36.03,37.73,5982322,339759456.00
2021/05/07,37.77,40.98,36.70,39.12,8723661,522799328.00
2021/05/10,39.98,41.32,39.57,40.30,7404940,458369504.00
2021/05/11,39.98,41.72,36.75,37.13,8241317,489895040.00
2021/05/12,35.34,37.01,35.32,36.56,4477589,248462176.00
2021/05/13,36.02,37.28,35.10,35.17,4749585,262611184.00
2021/05/14,34.96,35.85,34.32,35.24,4220069,226014560.00
2021/05/17,34.65,36.44,33.60,35.97,5782421,308207712.00
2021/05/18,35.50,36.87,35.18,36.04,4970840,274534016.00
2021/05/19,35.92,36.54,34.48,34.53,4713089,254766288.00
2021/05/20,33.65,34.72,33.45,33.46,3741290,194311264.00
2021/05/21,33.78,35.95,33.70,34.38,4922104,262415744.00
2021/05/24,33.98,35.32,33.67,34.69,3519816,186665072.00
2021/05/25,34.73,35.22,33.88,35.02,4021146,212228960.00
2021/05/26,35.04,36.10,34.58,35.37,4288897,231277152.00
2021/05/27,35.45,36.06,35.02,35.98,3942413,214242720.00
2021/05/28,35.85,35.85,33.98,34.12,4858949,257931696.00
2021/05/31,33.72,34.88,33.72,34.56,2879705,151430608.00
2021/06/01,34.44,35.95,34.34,34.94,3848711,206799472.00
2021/06/02,34.88,35.16,33.72,33.93,3241300,169593072.00
2021/06/03,33.97,35.10,33.96,34.10,3258643,172204144.00
2021/06/04,33.84,33.85,32.36,32.45,4068830,203827488.00
2021/06/07,32.36,33.18,32.14,32.72,2407349,120380232.00
2021/06/08,32.98,33.52,32.45,32.59,2602292,130924344.00
2021/06/09,32.66,32.92,31.98,32.20,2223507,109789312.00
2021/06/10,32.28,33.62,32.28,33.41,4009352,203746272.00
2021/06/11,33.13,34.76,32.98,33.51,4411348,229055280.00
2021/06/15,33.72,34.64,33.66,33.75,3127860,163045008.00
2021/06/16,33.75,33.98,31.50,31.76,3875751,190636528.00
2021/06/17,31.58,32.11,31.23,31.92,2449628,118973912.00
2021/06/18,32.12,33.98,31.53,33.16,3938854,198662800.00
2021/06/21,32.96,33.76,32.68,33.49,3025022,153905312.00
2021/06/22,33.24,35.18,33.24,33.58,4239090,222051248.00
2021/06/23,33.38,34.30,32.70,34.28,4107051,210510752.00
2021/06/24,34.18,34.77,33.19,33.25,3595332,185843600.00
2021/06/25,33.09,33.40,32.45,32.68,2288412,114813008.00
2021/06/28,32.68,33.05,32.37,32.86,1420980,71330032.00
2021/06/29,32.98,33.82,32.89,33.04,2069714,104788568.00
2021/06/30,32.85,34.18,32.20,33.78,3501424,178273392.00
2021/07/01,33.58,33.92,32.44,32.44,2668758,134208128.00
2021/07/02,32.42,32.62,31.92,32.24,1800096,88239976.00
2021/07/05,31.95,32.50,31.54,31.92,1693052,82193408.00
2021/07/06,31.85,32.35,31.81,32.17,1487782,72663784.00
2021/07/07,31.80,31.97,30.46,31.10,2577441,121482216.00
2021/07/08,31.03,33.95,30.79,32.93,4615428,227398320.00
2021/07/09,32.05,32.63,31.96,32.08,2341472,114906872.00
2021/07/12,32.24,32.97,31.92,32.44,2193897,108596936.00
2021/07/13,32.44,33.51,32.42,32.77,2551348,128189768.00
2021/07/14,32.95,34.30,32.90,33.44,4093815,209988128.00
2021/07/15,33.09,33.09,31.53,31.95,3079992,150151952.00
2021/07/16,32.18,33.20,31.85,31.88,2024482,100053744.00
2021/07/19,32.51,32.77,31.70,32.10,1713270,84192248.00
2021/07/20,31.52,31.77,30.86,31.26,2249937,106901144.00
2021/07/21,31.18,31.50,30.98,31.18,1793386,85261744.00
2021/07/22,30.98,31.30,30.44,30.44,2555521,119378496.00
2021/07/23,30.46,30.52,28.97,29.01,2590590,116201168.00
2021/07/26,29.18,29.36,27.72,28.02,1844944,80482288.00
2021/07/27,28.25,28.65,27.52,27.55,1760477,75456840.00
2021/07/28,27.33,27.72,24.86,25.62,2116631,83922624.00
2021/07/29,25.85,26.37,25.77,25.82,1518900,60415308.00
2021/07/30,25.55,26.52,25.36,26.24,1737344,69158632.00
2021/08/02,26.05,27.28,25.74,27.22,1993540,80998712.00
2021/08/03,27.12,27.50,26.65,26.74,1809860,74650672.00
2021/08/04,26.60,27.01,26.39,26.96,1656990,67501520.00
2021/08/05,27.04,27.75,26.02,26.10,2517712,103235968.00
2021/08/06,25.78,26.04,25.29,25.32,1853082,72218880.00
2021/08/09,24.84,25.88,23.90,25.69,2695754,103855576.00
2021/08/10,25.60,26.11,25.45,25.84,2008055,79057976.00
2021/08/11,25.65,26.48,25.45,26.22,2288108,90919480.00
2021/08/12,26.18,27.55,26.12,26.78,3163228,129995840.00
2021/08/13,26.63,26.75,25.57,25.69,2551348,101159128.00
2021/08/16,25.72,26.61,25.43,26.28,2065717,82197016.00
2021/08/17,26.24,26.24,25.33,25.36,1965918,77192736.00
2021/08/18,25.59,30.53,24.92,30.53,8133610,361802880.00
2021/08/19,31.44,34.77,30.05,30.08,12774083,630046720.00
2021/08/20,29.50,30.44,27.69,28.25,7999151,353166592.00
2021/08/23,28.59,29.43,28.05,28.51,5612812,244876192.00
2021/08/24,28.20,32.10,27.92,31.59,8867755,403191264.00
2021/08/25,30.22,31.10,29.72,30.32,5549964,256760256.00
2021/08/26,30.18,31.25,29.66,30.03,4387688,204096640.00
2021/08/27,28.20,28.50,26.40,26.42,6611280,274817248.00
2021/08/30,26.52,26.83,25.67,25.78,3178233,126846072.00
2021/08/31,25.66,26.45,25.66,26.32,2829984,112792840.00
2021/09/01,26.18,30.83,25.77,28.66,5931626,254110336.00
2021/09/02,28.52,29.73,27.68,28.81,4907309,214880944.00
2021/09/03,28.90,30.08,28.18,28.21,3791845,166814352.00
2021/09/06,28.22,29.32,28.22,28.56,2655015,116029488.00
2021/09/07,28.30,29.75,28.26,28.75,3189935,141041488.00
2021/09/08,28.24,29.24,28.19,28.91,3105248,135536768.00
2021/09/09,28.66,29.14,28.28,28.40,2110033,92254824.00
2021/09/10,28.40,31.45,27.97,29.37,5115489,230965008.00
2021/09/13,28.85,30.46,28.52,29.88,4420782,199140784.00
2021/09/14,29.88,31.04,28.58,28.69,4877666,221867696.00
2021/09/15,28.05,28.44,27.36,27.95,3429651,146480048.00
2021/09/16,27.80,28.30,27.08,27.16,2311007,97548648.00
2021/09/17,27.25,28.11,26.65,27.44,2067862,86333056.00
2021/09/22,26.97,27.32,26.68,26.88,1505696,61924000.00
2021/09/23,27.18,27.57,26.91,27.20,1614222,67121464.00
2021/09/24,27.20,27.96,27.11,27.30,1741270,72882880.00
2021/09/27,27.50,27.52,25.42,25.58,2448689,97866752.00
2021/09/28,25.42,26.04,25.25,25.64,1094133,42869508.00
2021/09/29,24.99,25.45,24.75,24.80,1243286,47686672.00
2021/09/30,25.18,26.44,25.05,25.69,1444811,56600752.00
2021/10/08,26.05,26.54,25.96,26.26,1373475,55029596.00
2021/10/11,26.32,27.44,25.92,26.66,1901221,77447040.00
2021/10/12,26.18,26.20,25.38,25.66,1378981,54286808.00
2021/10/13,25.68,27.17,25.52,26.92,2485689,100669336.00
2021/10/14,26.82,26.85,26.24,26.44,1375241,55652116.00
2021/10/15,26.44,27.30,26.20,26.23,1862521,75983624.00
2021/10/18,26.12,26.15,25.52,25.96,1152321,45544504.00
2021/10/19,25.86,26.30,25.86,26.00,1048205,41754868.00
2021/10/20,26.50,29.48,26.37,27.16,4188251,178463312.00
2021/10/21,26.48,27.38,26.15,26.22,2802572,113599992.00
2021/10/22,25.98,26.15,25.56,25.58,1679090,66035624.00
2021/10/25,25.59,26.01,25.05,25.74,1167276,45621804.00
2021/10/26,25.58,25.83,25.28,25.33,1065208,41497752.00
2021/10/27,24.79,24.79,23.84,23.84,1983589,73249360.00
2021/10/28,23.91,24.24,23.32,23.54,1038034,37743988.00
2021/10/29,23.98,24.41,23.54,23.98,1062335,38943244.00
2021/11/01,23.92,24.40,23.72,24.37,1035554,38308308.00
2021/11/02,25.34,25.74,24.56,24.75,2334699,89817776.00
2021/11/03,24.52,25.18,24.18,24.89,1011675,38367592.00
2021/11/04,24.86,25.54,24.86,25.12,1547520,59708040.00
2021/11/05,25.06,26.10,24.85,25.40,1989852,77865808.00
2021/11/08,25.08,25.30,24.74,25.03,1360976,51922688.00
2021/11/09,25.11,26.15,25.11,25.85,2215383,87267840.00
2021/11/10,27.02,28.00,25.71,25.80,3711927,152192736.00
2021/11/11,25.40,26.77,25.40,26.48,3023855,120967760.00
2021/11/12,26.48,27.29,26.21,26.98,2957618,121156872.00
2021/11/15,27.12,27.82,26.78,27.50,2855641,119057208.00
2021/11/16,27.51,27.84,26.86,26.91,1978623,82289248.00
2021/11/17,26.95,27.85,26.90,27.42,2084514,86997752.00
2021/11/18,27.28,27.43,26.49,26.58,2202841,90152248.00
2021/11/19,26.72,27.41,26.58,27.22,1866037,77229712.00
2021/11/22,27.48,27.50,26.55,27.21,1762715,72760160.00
2021/11/23,27.02,28.87,26.85,28.66,4750898,203460960.00
2021/11/24,28.58,29.11,28.00,28.80,4196336,183250384.00
2021/11/25,28.51,28.99,28.12,28.17,2498432,108414448.00
2021/11/26,28.47,33.90,27.53,33.32,14883664,732059776.00
2021/11/29,30.85,32.04,30.53,31.24,11258665,535296160.00
2021/11/30,30.86,34.18,30.85,31.92,10838748,533130240.00
2021/12/01,31.34,32.84,30.85,31.44,7263982,350532288.00
2021/12/02,31.04,31.44,29.53,29.63,6006198,276802560.00
2021/12/03,30.13,30.78,29.22,29.26,4371535,199846592.00
2021/12/06,28.77,29.75,28.70,29.43,3375727,150489024.00
2021/12/07,29.44,32.39,28.95,30.79,6592042,306937728.00
2021/12/08,30.49,31.14,30.20,30.82,3838966,179558864.00
2021/12/09,30.52,32.05,29.78,29.91,4945068,232981232.00
2021/12/10,29.38,30.50,29.28,29.90,3130540,143395024.00
2021/12/13,30.03,31.18,29.44,30.84,3958535,184264208.00
2021/12/14,30.54,34.21,30.42,32.44,8757747,428993536.00
2021/12/15,32.52,33.45,31.46,31.48,6453259,315150080.00
2021/12/16,31.90,32.25,30.80,31.79,4608260,220855984.00
2021/12/17,31.78,38.24,31.65,36.08,15190263,820317888.00
2021/12/20,34.64,35.54,33.54,34.44,9878846,515611616.00
2021/12/21,34.06,36.12,33.86,34.23,8398404,447336480.00
2021/12/22,34.28,35.25,32.64,32.83,6290575,322631008.00
2021/12/23,32.82,33.97,32.52,33.29,4714105,238893136.00
2021/12/24,32.97,33.14,31.40,31.42,4330015,211837136.00
2021/12/27,31.64,33.02,31.09,32.76,3916568,192423456.00
2021/12/28,33.17,35.50,32.74,32.82,6235706,322850752.00
2021/12/29,32.23,34.05,32.23,32.43,4171225,208890928.00
2021/12/30,32.33,33.12,32.17,32.80,3822961,190712304.00
2021/12/31,33.01,34.76,32.43,33.56,4794873,245827184.00
2022/01/04,33.56,35.44,33.24,34.88,6121559,321876544.00
2022/01/05,35.15,36.18,34.05,34.12,4960760,262508288.00
2022/01/06,33.52,35.38,33.22,34.65,4523658,237692112.00
2022/01/07,36.78,37.76,33.56,33.58,7499037,409132576.00
2022/01/10,32.88,33.41,30.52,32.21,5069695,249079712.00
2022/01/11,31.91,31.95,29.90,30.03,5236226,243971504.00
2022/01/12,30.18,31.12,29.99,30.79,3493635,163608704.00
2022/01/13,30.78,32.37,30.18,31.32,4953215,236421168.00
2022/01/14,30.56,31.68,30.55,30.63,3613243,170714560.00
2022/01/17,31.44,34.51,31.18,33.38,7895053,393249344.00
2022/01/18,33.52,36.08,33.19,33.50,9062697,472752032.00
2022/01/19,32.75,34.18,32.35,33.42,4901256,248622224.00
2022/01/20,33.51,33.65,31.26,32.93,5728783,283108224.00
2022/01/21,31.85,32.72,30.62,30.62,4125263,197323040.00
2022/01/24,30.16,33.28,30.05,32.04,4868170,239411504.00
2022/01/25,32.14,32.32,29.06,29.38,4423451,204512336.00
2022/01/26,29.41,30.31,27.62,27.79,3356966,145279136.00
2022/01/27,28.28,28.32,25.88,26.16,3104440,125532952.00
2022/01/28,26.43,27.02,26.19,26.47,2335140,95083704.00
2022/02/07,27.12,27.45,25.72,25.94,2257480,90908936.00
2022/02/08,25.74,26.44,25.18,26.25,2220873,88153136.00
2022/02/09,26.52,31.60,26.52,31.60,7888872,371504416.00
2022/02/10,31.60,32.10,30.08,30.09,12666411,597056064.00
2022/02/11,29.52,34.17,29.30,32.08,14245521,694141696.00
2022/02/14,30.74,32.70,30.52,31.58,7908097,379955232.00
2022/02/15,32.06,32.50,30.38,30.92,5961346,281695648.00
2022/02/16,32.52,33.38,30.98,31.25,7047940,341743008.00
2022/02/17,30.31,32.50,30.31,30.73,7288352,349273024.00
2022/02/18,29.52,31.24,29.37,30.90,5575628,257616064.00
2022/02/21,31.08,32.37,30.72,31.63,7021462,338586496.00
2022/02/22,31.07,31.56,30.06,30.37,5400421,251797344.00
2022/02/23,29.92,30.54,28.58,29.11,6328606,281853152.00
2022/02/24,27.78,28.12,25.46,26.25,8813577,361388448.00
2022/02/25,26.47,26.67,26.13,26.31,3270007,131727736.00
2022/02/28,27.64,28.09,26.50,27.04,5131388,212212256.00
2022/03/01,26.88,27.64,26.59,27.28,3971867,164588176.00
2022/03/02,27.28,28.28,26.86,27.68,4870480,205919536.00
2022/03/03,27.52,27.65,26.62,26.92,4174713,172192768.00
2022/03/04,26.78,27.03,26.25,26.45,2580387,104850208.00
2022/03/07,26.30,26.72,25.91,26.24,2137159,86038104.00
2022/03/08,26.25,26.68,24.86,25.17,3044463,120405960.00
2022/03/09,25.16,25.24,23.58,24.76,3083929,115478512.00
2022/03/10,25.52,26.11,25.13,25.45,3465982,135534864.00
2022/03/11,24.86,26.14,24.62,26.03,4301797,167863904.00
2022/03/14,25.46,25.92,24.76,24.82,2890970,112050208.00
2022/03/15,24.84,25.24,23.55,23.55,2995270,112322480.00
2022/03/16,23.98,24.26,22.92,24.23,3265548,118426624.00
2022/03/17,24.29,25.50,24.18,25.05,4477068,170185168.00
2022/03/18,24.74,25.18,24.62,24.95,2786284,105875576.00
2022/03/21,25.05,25.70,24.58,25.49,3076480,118399824.00
2022/03/22,25.32,26.24,25.01,25.32,3914643,153691024.00
2022/03/23,25.24,25.30,24.49,24.98,2998880,114169208.00
2022/03/24,24.70,24.91,24.10,24.18,2665714,99182912.00
2022/03/25,25.22,26.84,24.92,25.00,6141496,243316144.00
2022/03/28,24.53,26.17,24.34,24.96,4068603,156324832.00
2022/03/29,25.06,25.24,24.08,24.66,3311090,124785072.00
2022/03/30,24.83,25.92,24.52,25.60,4391935,170645360.00
2022/03/31,25.44,28.19,25.40,27.28,9965868,410626240.00
2022/04/01,27.33,27.33,26.13,26.31,6441931,261544032.00
2022/04/06,26.77,27.36,26.38,26.64,5970680,244858976.00
2022/04/07,26.18,26.64,25.53,25.65,3933366,156521280.00
2022/04/08,25.53,25.76,24.62,25.01,3264496,125668328.00
2022/04/11,24.66,24.95,22.99,23.11,3638950,132246008.00
2022/04/12,22.94,23.40,22.64,23.29,2485006,87907688.00
2022/04/13,22.98,23.00,21.48,21.57,3520614,118965144.00
2022/04/14,21.72,22.11,21.64,21.76,1866413,62458632.00
2022/04/15,21.70,21.85,20.52,20.70,2541033,81515328.00
2022/04/18,20.82,21.17,20.06,20.90,1631510,51703696.00
2022/04/19,20.84,21.22,20.58,21.02,1689175,54138540.00
2022/04/20,21.31,21.70,20.56,20.61,1885835,60908120.00
2022/04/21,20.30,20.66,18.85,19.50,2846065,86843792.00
2022/04/22,19.35,19.65,18.45,18.55,2568416,74574928.00
2022/04/25,18.55,19.37,17.29,17.52,3332736,94193808.00
2022/04/26,17.58,18.06,16.76,16.83,2514814,67565184.00
2022/04/27,16.52,17.84,16.28,17.68,3020739,79831144.00
2022/04/28,17.48,17.60,16.97,17.05,2146206,57063952.00
2022/04/29,17.32,17.85,17.19,17.71,2147979,58279032.00
2022/05/05,17.71,18.37,17.45,18.10,2366978,65622652.00
2022/05/06,17.63,18.85,17.50,18.18,3381460,95092456.00
2022/05/09,17.96,18.81,17.96,18.39,1981799,56384056.00
2022/05/10,18.18,19.22,18.12,18.90,2693781,77584952.00
2022/05/11,18.72,19.38,18.72,18.86,3066171,89886520.00
2022/05/12,18.85,19.29,18.72,19.01,1864369,54503384.00
2022/05/13,19.09,19.29,18.74,18.90,1426338,41553388.00
2022/05/16,19.05,19.85,18.72,19.24,2522241,74443224.00
2022/05/17,19.22,19.23,18.57,18.97,1955330,56624552.00
2022/05/18,19.28,19.74,19.00,19.02,2637199,78452784.00
2022/05/19,18.57,19.08,18.54,18.84,1897400,54927616.00
2022/05/20,19.02,19.22,18.86,19.15,1776000,52071128.00
2022/05/23,19.08,19.77,19.08,19.71,2407542,72187480.00
2022/05/24,19.86,19.86,18.31,18.31,2486060,72822344.00
2022/05/25,18.44,18.92,18.32,18.80,1468894,42368764.00
2022/05/26,19.10,19.18,18.32,18.70,1452902,41737792.00
2022/05/27,18.75,19.17,18.59,18.76,1341700,38890596.00
2022/05/30,18.84,19.07,18.55,18.70,1013931,29195336.00
2022/05/31,18.76,18.99,18.25,18.97,1613827,46407824.00
2022/06/01,19.38,19.85,19.23,19.44,2928973,87973896.00
2022/06/02,19.50,19.98,19.24,19.92,2310100,69822568.00
2022/06/06,19.98,20.55,19.92,20.35,2257320,70406696.00
2022/06/07,20.54,20.62,19.88,20.14,1829616,56648352.00
2022/06/08,20.20,20.38,19.56,20.14,1741948,53672744.00
2022/06/09,20.25,22.14,19.52,20.30,6483570,136390880.00
2022/06/10,19.92,20.85,19.70,20.25,5334120,109164496.00
2022/06/13,20.00,21.43,19.88,20.88,6645730,138744720.00
2022/06/14,20.49,20.97,19.97,20.97,5327470,110622576.00
2022/06/15,20.98,22.08,20.79,21.51,9490482,207604960.00
2022/06/16,21.54,21.63,21.18,21.24,5431165,117814792.00
2022/06/17,20.84,22.25,20.60,21.88,6752738,147188496.00
2022/06/20,21.55,22.25,21.50,21.92,5276455,117336504.00
2022/06/21,22.07,22.51,21.52,21.80,5469014,122303528.00
2022/06/22,21.56,21.66,20.83,20.94,4168355,89685984.00
2022/06/23,20.97,21.21,20.74,21.07,2773586,59213124.00
2022/06/24,21.27,21.85,21.11,21.16,3630016,78891608.00
2022/06/27,21.27,21.29,20.93,20.99,2709615,58056668.00
2022/06/28,21.03,21.26,20.64,21.23,2812676,60209860.00
2022/06/29,21.25,21.42,20.68,20.74,3546638,75688672.00
2022/06/30,20.85,20.89,20.44,20.72,2852322,59944628.00
2022/07/01,21.07,21.41,20.42,20.42,3197579,67721192.00
2022/07/04,20.47,20.96,20.28,20.64,2432644,50994644.00
2022/07/05,20.53,20.82,19.70,20.03,2875097,58927688.00
2022/07/06,20.02,20.31,19.79,20.14,1908632,39084816.00
2022/07/07,20.32,20.77,20.18,20.27,1986529,41135576.00
2022/07/08,20.27,20.76,20.23,20.32,2154596,44927168.00
2022/07/11,20.57,20.58,19.74,19.89,1688090,34210836.00
2022/07/12,19.75,20.10,19.57,19.64,1614707,32528962.00
2022/07/13,19.54,19.97,19.54,19.75,1112794,22353450.00
2022/07/14,19.90,20.04,19.56,19.98,1754335,35468900.00
2022/07/15,19.98,20.07,19.52,19.52,1971961,39528280.00
2022/07/18,19.54,20.05,19.52,20.03,1657609,33586048.00
2022/07/19,20.16,21.25,20.03,21.07,5775179,122026232.00
2022/07/20,21.08,21.46,20.85,21.29,4571111,98437104.00
2022/07/21,21.29,21.50,21.07,21.17,3479914,75224256.00
2022/07/22,21.22,21.39,20.46,20.64,2680232,56680848.00
2022/07/25,21.42,21.99,20.87,21.01,5887261,127874576.00
2022/07/26,21.14,22.55,21.10,22.07,9423435,209786528.00
2022/07/27,21.47,22.16,21.36,21.82,5364058,118462152.00
2022/07/28,21.89,22.02,21.59,21.66,4224264,93437048.00
2022/07/29,21.50,21.87,21.32,21.48,3219126,70350344.00
2022/08/01,21.47,21.54,21.10,21.21,2480713,53551356.00
2022/08/02,21.21,21.21,19.37,19.64,4854375,98127488.00
2022/08/03,19.75,20.87,19.75,20.14,5168561,107399720.00
2022/08/04,20.16,20.93,20.16,20.85,3405237,71523856.00
2022/08/05,21.14,22.47,21.12,21.99,6679444,148768768.00
2022/08/08,21.99,22.57,21.68,22.41,5752382,129523592.00
2022/08/09,22.56,23.17,22.12,22.62,5569134,127686296.00
2022/08/10,22.58,22.77,22.28,22.57,3201749,73339864.00
2022/08/11,22.84,22.98,22.58,22.86,3258330,75310624.00
2022/08/12,22.86,23.71,22.47,23.15,5269200,123825112.00
2022/08/15,23.13,23.25,22.47,22.66,3608298,82825824.00
2022/08/16,22.65,22.85,22.18,22.37,2691150,61221108.00
2022/08/17,22.55,22.55,21.91,22.07,2201750,49265812.00
2022/08/18,22.02,22.22,21.73,22.03,2246483,50083620.00
2022/08/19,22.22,22.72,21.78,21.81,3997851,90270784.00
2022/08/22,21.47,22.13,21.47,21.77,2265299,50156568.00
2022/08/23,21.86,22.14,21.34,21.52,2244500,49248372.00
2022/08/24,21.63,21.65,20.60,20.65,2757479,58688260.00
2022/08/25,20.65,20.86,20.07,20.25,2353660,48468108.00
2022/08/26,20.25,20.63,20.22,20.29,1812955,37571908.00
2022/08/29,19.94,20.36,19.77,20.09,1460205,29781488.00
2022/08/30,20.00,20.32,19.89,20.04,1801430,36749292.00
2022/08/31,20.04,20.19,19.33,19.56,2103100,41994644.00
2022/09/01,19.60,19.94,19.36,19.43,1686700,33673380.00
2022/09/02,19.47,19.94,19.47,19.91,2004400,40337516.00
2022/09/05,19.91,20.08,19.42,19.59,1932950,38567648.00
2022/09/06,19.59,19.71,19.43,19.63,1311950,26079140.00
2022/09/07,19.63,20.00,19.27,19.82,2868145,57170980.00
2022/09/08,19.66,19.76,19.24,19.24,2749700,54345488.00
2022/09/09,19.36,19.85,19.17,19.50,2824108,56264004.00
2022/09/13,19.63,20.21,19.63,19.71,2971550,60100836.00
2022/09/14,19.27,19.56,19.08,19.52,2004060,39394852.00
2022/09/15,19.47,19.80,19.04,19.27,2494096,49348816.00
2022/09/16,19.22,19.96,19.12,19.17,3452158,68812864.00
2022/09/19,19.27,19.44,17.86,18.15,3363648,62489488.00
2022/09/20,18.17,18.99,18.17,18.53,1927410,36360776.00
2022/09/21,18.41,19.83,17.97,19.64,5258058,102626048.00
2022/09/22,19.47,20.05,19.29,19.32,3429385,68577624.00
2022/09/23,19.38,19.43,18.48,18.58,2659600,51109340.00
2022/09/26,18.40,18.57,17.70,17.75,2377884,43703020.00
2022/09/27,17.67,18.38,17.67,18.17,2085350,38248980.00
2022/09/28,18.07,18.47,17.64,17.65,2200583,40428712.00
2022/09/29,17.78,18.22,17.24,17.29,2547750,45875648.00
2022/09/30,17.25,17.73,17.25,17.33,1919745,34137132.00
2022/10/10,17.47,17.47,16.89,17.02,1483368,25880038.00
2022/10/11,17.00,17.28,16.77,17.07,1734845,30170370.00
2022/10/12,16.99,17.77,16.89,17.76,2641228,46787396.00
2022/10/13,18.22,20.15,18.21,19.24,8180403,158733168.00
2022/10/14,19.03,19.51,19.01,19.32,5538434,108438472.00
2022/10/17,19.17,20.27,19.16,19.75,4719755,95120952.00
2022/10/18,19.91,20.19,19.43,19.82,3484857,70169952.00
2022/10/19,19.77,20.25,19.48,19.77,4008145,81051208.00
2022/10/20,19.68,20.06,19.47,19.49,3190675,63947644.00
2022/10/21,19.61,20.13,19.17,19.87,3772468,75835488.00
2022/10/24,19.74,20.42,19.48,19.60,2953900,59831564.00
2022/10/25,19.41,19.80,18.81,18.97,2668654,51823540.00
2022/10/26,18.95,20.00,18.87,19.84,4231681,84605192.00
2022/10/27,19.69,20.57,19.69,20.28,4928407,101665976.00
2022/10/28,20.22,21.01,19.90,19.97,5474942,113441032.00
2022/10/31,20.17,21.25,20.17,20.88,7756675,163688656.00
2022/11/01,21.35,21.35,20.36,20.68,5462974,114573624.00
2022/11/02,20.58,20.75,20.26,20.59,4261175,88738040.00
2022/11/03,20.48,20.48,19.87,20.27,3566348,73139864.00
2022/11/04,20.25,20.45,20.02,20.26,3819321,78508888.00
2022/11/07,20.21,20.58,20.05,20.15,2929000,60329640.00
2022/11/08,20.15,24.25,19.67,24.25,22464191,516397792.00
2022/11/09,24.17,24.17,22.97,23.17,17873055,424397856.00
2022/11/10,23.05,23.67,22.54,22.91,13230968,310415008.00
2022/11/11,23.36,23.43,22.00,22.12,11825667,270514752.00
2022/11/14,22.08,22.77,21.77,22.67,9324827,211266464.00
2022/11/15,22.35,22.73,22.15,22.54,7455579,170086096.00
2022/11/16,22.61,23.64,22.37,22.80,9468508,221413792.00
2022/11/17,22.73,23.49,22.48,23.33,9498468,222697408.00
2022/11/18,23.43,23.45,22.18,22.20,7696753,178388032.00
2022/11/21,22.06,22.52,21.77,22.43,5002596,112536440.00
2022/11/22,22.39,22.62,21.88,22.06,4518506,102170120.00
2022/11/23,21.92,22.08,21.04,21.34,4380547,95067264.00
2022/11/24,21.41,21.74,21.09,21.51,3698535,80295256.00
2022/11/25,21.46,21.64,20.82,20.86,3185515,68297448.00
2022/11/28,20.68,21.17,20.41,20.73,2592549,54878820.00
2022/11/29,20.56,21.21,20.56,21.13,3104609,66182532.00
2022/11/30,20.68,20.87,20.13,20.55,4632970,96279840.00
2022/12/01,20.62,21.17,20.56,21.17,4359235,92750648.00
2022/12/02,21.17,22.04,21.08,21.95,6982700,153555552.00
2022/12/05,21.79,22.65,21.79,22.58,6924965,155868944.00
2022/12/06,22.57,22.64,22.12,22.46,4293895,97280352.00
2022/12/07,22.24,22.98,22.17,22.70,4942722,113566640.00
2022/12/08,22.47,22.71,22.01,22.18,3598618,81230320.00
2022/12/09,22.46,23.34,22.46,22.63,7471729,173909328.00
2022/12/12,22.87,23.12,22.38,22.54,4326138,99442968.00
2022/12/13,22.39,22.61,21.46,21.50,4606613,102073784.00
2022/12/14,21.58,21.79,20.99,21.07,2648287,57263860.00
2022/12/15,21.35,23.16,21.03,22.57,7726152,175835920.00
2022/12/16,22.37,22.62,21.61,21.91,4133186,92192616.00
2022/12/19,21.94,22.64,21.39,21.87,3703460,82944080.00
2022/12/20,21.88,22.36,20.68,20.69,4540568,97745192.00
2022/12/21,20.47,20.57,19.47,19.82,4388845,88776600.00
2022/12/22,19.82,20.05,19.14,19.14,2442350,48262576.00
2022/12/23,19.12,19.47,18.93,19.03,1969463,38483876.00
2022/12/26,19.07,19.32,18.89,19.29,1727544,33713356.00
2022/12/27,19.29,19.40,19.01,19.37,1735900,33948980.00
2022/12/28,19.28,19.28,18.59,18.60,2176440,41703636.00
2022/12/29,18.50,18.95,18.48,18.61,1776994,33931772.00
2022/12/30,18.63,19.08,18.62,18.73,1621988,31052136.00
2023/01/03,18.70,19.92,18.68,19.87,3571191,70671904.00
2023/01/04,19.81,20.10,19.60,19.95,2745862,55409380.00
2023/01/05,20.11,21.84,19.95,21.22,6927910,147649616.00
2023/01/06,21.22,21.53,20.97,21.07,4348987,93552504.00
2023/01/09,21.15,22.60,20.92,22.22,6207316,138105424.00
2023/01/10,22.17,22.17,21.30,21.62,4566291,100025576.00
2023/01/11,21.95,22.15,21.28,21.30,3719625,81843864.00
2023/01/12,21.38,21.47,20.86,21.06,2826800,60617904.00
2023/01/13,20.94,21.33,20.79,20.93,1878751,39983920.00
2023/01/16,21.02,21.55,20.92,21.02,2276800,49036780.00
2023/01/17,21.02,21.13,20.59,20.67,1842750,38871996.00
2023/01/18,20.59,21.11,20.54,21.00,1784700,37906000.00
2023/01/19,21.40,21.78,21.13,21.45,3382080,73714128.00
2023/01/20,21.47,23.61,21.47,22.41,7602657,175754896.00
2023/01/30,22.41,23.11,22.41,22.78,5811528,134689376.00
2023/01/31,22.78,22.86,22.46,22.58,2719234,62306728.00
2023/02/01,22.77,24.15,22.57,23.58,6524905,155084336.00
2023/02/02,23.62,24.23,23.31,23.45,5595900,134360320.00
2023/02/03,23.21,23.79,23.21,23.65,4536432,108220336.00
2023/02/06,23.65,24.10,23.32,23.78,4753077,114453232.00
2023/02/07,23.69,24.18,23.30,23.88,5373183,129460144.00
2023/02/08,23.67,23.85,23.21,23.25,4239905,100836160.00
2023/02/09,23.21,24.20,22.99,24.14,6083188,146960304.00
2023/02/10,24.12,24.57,23.86,23.99,4466428,109673920.00
2023/02/13,23.97,24.00,23.48,23.65,3595327,86342072.00
2023/02/14,23.66,24.03,23.31,23.44,2912761,69637968.00
2023/02/15,23.44,24.02,23.29,23.91,3046335,73330632.00
2023/02/16,23.77,24.20,22.90,23.25,4683494,112361808.00
2023/02/17,23.20,23.57,22.57,22.72,3383198,78474424.00
2023/02/20,22.67,23.07,22.53,23.00,2161400,50014744.00
2023/02/21,23.33,23.79,22.78,23.06,3336047,78746704.00
2023/02/22,22.87,23.22,22.57,22.95,2317747,53824080.00
2023/02/23,22.90,22.96,22.37,22.57,2484300,56881888.00
2023/02/24,22.62,22.82,22.43,22.50,1716705,39394456.00
2023/02/27,22.44,22.81,21.97,22.14,1973850,44789508.00
2023/02/28,22.45,23.01,22.24,22.59,3212650,73866928.00
2023/03/01,22.38,24.04,22.37,24.00,6912075,163823792.00
2023/03/02,23.94,24.04,23.61,23.70,3717402,89615064.00
2023/03/03,23.68,23.69,22.96,23.18,3177888,74898080.00
2023/03/06,23.10,23.24,22.69,22.82,2171850,50311532.00
2023/03/07,22.77,22.92,21.90,21.97,3215850,72881000.00
2023/03/08,21.92,22.91,21.92,22.83,2829349,64826564.00
2023/03/09,22.84,23.72,22.41,23.50,4516980,106096504.00
2023/03/10,23.32,23.87,23.25,23.40,3546740,84786192.00
2023/03/13,23.63,24.07,23.19,24.06,5325174,128636568.00
2023/03/14,24.11,24.35,23.56,23.98,4825822,117248152.00
2023/03/15,24.25,24.26,22.90,22.96,6101875,144619328.00
2023/03/16,22.95,23.37,22.42,22.98,3602000,83518800.00
2023/03/17,23.10,23.87,22.99,23.71,4274050,102226344.00
2023/03/20,23.56,24.03,23.14,23.72,4279574,102516608.00
2023/03/21,23.60,25.20,23.44,24.79,11212948,278241536.00
2023/03/22,24.79,25.64,24.32,25.18,12236237,309148608.00
2023/03/23,25.03,25.55,24.58,25.52,9882686,250914576.00
2023/03/24,25.59,25.59,24.70,24.96,7689780,194830704.00
2023/03/27,24.87,25.10,24.34,24.94,6534889,163890576.00
2023/03/28,24.84,24.84,24.06,24.27,5068291,125131728.00
2023/03/29,24.15,24.61,23.85,24.35,3840599,94507864.00
2023/03/30,24.47,24.47,23.51,23.53,5069800,122513328.00
2023/03/31,23.53,24.06,23.17,24.03,4207000,101003536.00
2023/04/03,24.02,24.54,23.78,24.52,5147169,126524328.00
2023/04/04,24.48,24.61,23.88,24.36,4351009,107222912.00
2023/04/06,24.37,24.58,23.85,24.09,4544673,111253136.00
2023/04/07,24.20,24.95,24.07,24.86,8501631,212194416.00
2023/04/10,24.69,24.86,23.28,23.34,7189969,174819728.00
2023/04/11,23.18,24.02,23.14,23.67,4104238,98562360.00
2023/04/12,23.67,25.01,23.47,24.84,8621871,213952576.00
2023/04/13,24.85,25.14,24.40,24.45,5534487,138652208.00
2023/04/14,24.50,24.99,23.88,24.63,5210203,129511336.00
2023/04/17,24.50,24.67,23.42,23.52,5858952,141087792.00
2023/04/18,23.35,23.47,22.70,22.83,3381556,78770480.00
2023/04/19,22.71,24.16,22.71,23.29,4975891,118985104.00
2023/04/20,23.30,23.53,22.76,23.02,2858525,66716248.00
2023/04/21,23.02,23.06,20.78,20.85,7339857,161178064.00
2023/04/24,21.05,21.95,21.05,21.26,3804008,82887376.00
2023/04/25,20.94,21.53,19.87,20.28,4778654,99493152.00
2023/04/26,20.21,21.07,19.99,20.25,4378691,91247504.00
2023/04/27,20.07,20.55,19.89,19.98,3391272,69575496.00
2023/04/28,19.98,21.02,19.98,20.86,3536690,74292696.00
2023/05/04,20.66,21.12,20.04,20.39,3552750,73606560.00
2023/05/05,20.39,20.76,20.08,20.65,3373466,70222224.00
2023/05/08,20.69,21.16,20.30,21.01,3447385,72732368.00
2023/05/09,20.96,21.32,20.77,20.83,3236685,69084096.00
2023/05/10,20.88,21.22,20.62,20.83,2445599,52063756.00
2023/05/11,21.21,21.35,20.70,20.81,2484310,52821256.00
2023/05/12,20.81,21.00,20.49,20.52,2150123,45233964.00
2023/05/15,20.47,20.70,20.19,20.66,2212757,45968536.00
2023/05/16,20.66,20.66,19.94,20.07,2203921,45125096.00
2023/05/17,20.06,20.40,19.88,20.27,1477698,30391172.00
2023/05/18,20.37,20.87,20.23,20.77,2237327,46814148.00
2023/05/19,20.77,20.77,20.48,20.66,1455848,30473192.00
2023/05/22,20.49,20.65,20.40,20.46,1613950,33615276.00
2023/05/23,20.49,21.17,20.17,20.55,3060689,64480696.00
2023/05/24,20.46,20.80,20.30,20.77,2690594,56338424.00
2023/05/25,20.66,20.97,20.07,20.53,2632150,54675812.00
2023/05/26,20.34,20.64,20.29,20.61,1769514,36864960.00
2023/05/29,20.69,20.82,20.57,20.64,2191550,46063636.00
2023/05/30,20.64,21.13,20.27,20.96,3281430,69364840.00
2023/05/31,20.85,21.47,20.82,21.39,3944984,85197336.00
2023/06/01,21.38,21.69,21.13,21.51,3196644,69642960.00
2023/06/02,21.66,21.95,21.52,21.76,3397713,75009376.00
2023/06/05,21.78,21.92,21.59,21.75,2375942,52503528.00
2023/06/06,21.81,21.89,21.08,21.12,2678729,58435772.00
2023/06/07,21.09,21.59,21.02,21.38,1925313,41742952.00
2023/06/08,21.59,21.59,21.10,21.28,1964827,42165760.00
2023/06/09,21.31,21.79,21.19,21.73,2201583,47850072.00
2023/06/12,21.54,21.87,21.54,21.69,1768600,38715464.00
2023/06/13,21.65,22.00,21.40,21.91,2412850,53064268.00
2023/06/14,21.82,22.05,21.69,21.92,1814534,40024604.00
2023/06/15,21.92,22.02,21.46,21.59,2222200,48453516.00
2023/06/16,21.57,21.99,21.33,21.73,2354700,51532844.00
2023/06/19,21.63,22.09,21.63,22.01,2500700,55337752.00
2023/06/20,21.99,21.99,21.63,21.73,1958489,42945152.00
2023/06/21,21.72,21.76,21.07,21.09,2355616,50633584.00
2023/06/26,21.03,21.16,19.87,19.98,2652819,54291508.00
2023/06/27,19.94,20.28,19.92,20.12,1692238,34260648.00
2023/06/28,20.04,20.11,19.11,19.83,2389897,47015184.00
2023/06/29,19.79,20.15,19.74,20.08,1361272,27439926.00
2023/06/30,20.03,20.34,19.90,20.18,1379855,28043404.00
2023/07/03,20.26,20.33,19.87,20.22,1601300,32479028.00
2023/07/04,20.10,20.34,20.02,20.32,1515950,30882754.00
2023/07/05,20.39,20.70,20.24,20.25,1747128,35977720.00
2023/07/06,20.39,20.54,20.04,20.23,1243644,25508686.00
2023/07/07,20.22,20.41,19.90,20.02,1451200,29350512.00
2023/07/10,20.14,20.51,19.98,20.18,1024600,20890222.00
2023/07/11,20.15,20.57,20.06,20.47,1573400,32447572.00
2023/07/12,20.47,20.88,20.31,20.48,2117433,43870064.00
2023/07/13,20.45,20.97,20.23,20.90,4012240,84135368.00
2023/07/14,21.32,23.50,21.32,22.38,13568239,306121952.00
2023/07/17,21.85,22.24,21.50,21.74,8586416,188746928.00
2023/07/18,21.84,21.97,21.40,21.45,3797978,82429912.00
2023/07/19,21.44,21.67,21.21,21.24,2400772,51732588.00
2023/07/20,21.24,21.39,20.77,20.84,2669800,56568012.00
2023/07/21,20.84,21.10,20.34,20.40,2402187,50043076.00
2023/07/24,20.28,20.80,20.20,20.59,1607200,33263426.00
2023/07/25,20.66,21.13,20.66,21.01,2086445,44080368.00
2023/07/26,21.06,21.11,20.56,20.69,1911539,39970588.00
2023/07/27,20.75,20.81,20.31,20.39,1839761,38067536.00
2023/07/28,20.39,20.87,20.14,20.82,2390830,49557728.00
2023/07/31,20.75,20.99,20.61,20.70,1964300,41193592.00
2023/08/01,20.75,20.78,20.40,20.44,1628219,33689356.00
2023/08/02,20.50,20.67,20.39,20.55,1056050,21860690.00
2023/08/03,20.49,20.67,20.36,20.62,1256648,25991498.00
2023/08/04,20.54,22.02,20.50,21.67,8149324,177181952.00
2023/08/07,21.74,22.46,21.61,22.22,7198307,160649200.00
2023/08/08,22.24,22.61,21.91,22.06,4561582,101856136.00
2023/08/09,21.87,23.06,21.69,22.56,7292955,166605776.00
2023/08/10,22.81,23.09,22.33,23.05,6167643,140889136.00
2023/08/11,22.59,22.66,21.85,21.87,5386796,120056696.00
2023/08/14,21.85,24.31,21.58,23.24,11590673,268180176.00
2023/08/15,22.80,24.51,22.16,24.38,17428185,409899424.00
2023/08/16,23.42,24.37,23.00,23.08,15881950,376092448.00
2023/08/17,22.83,23.04,22.00,22.88,9700024,220008416.00
2023/08/18,22.77,22.80,21.28,21.30,9331714,206017104.00
2023/08/21,21.24,21.95,20.88,20.88,6110482,131923968.00
2023/08/22,20.94,22.38,20.94,22.07,8411050,184356416.00
2023/08/23,21.84,22.59,21.76,22.03,6903664,154580176.00
2023/08/24,21.84,26.47,21.44,26.47,16277638,402801664.00
2023/08/25,27.84,31.80,27.17,30.84,49784224,1504062080.00
2023/08/28,37.04,37.04,27.56,27.86,51412246,1695926528.00
2023/08/29,26.44,29.17,25.95,28.10,38209593,1052557376.00
2023/08/30,27.16,28.34,25.98,27.61,30937031,847530176.00
2023/08/31,26.96,30.34,26.84,29.14,35543671,1014262528.00
2023/09/01,28.26,28.54,26.44,26.45,24580061,675828416.00
2023/09/04,26.06,26.39,25.20,25.48,18300855,470629440.00
2023/09/05,25.50,25.71,24.02,24.14,17769927,442058208.00
2023/09/06,23.99,24.44,23.47,24.30,13374189,323641376.00
2023/09/07,24.05,24.79,23.96,24.09,12184294,299220288.00
2023/09/08,24.09,24.21,23.14,23.94,11903319,283757216.00
2023/09/11,23.94,24.17,23.39,24.11,8388637,201590064.00
2023/09/12,24.49,25.62,24.25,25.19,19985842,502727648.00
2023/09/13,26.13,28.62,25.77,25.82,30794342,836634048.00
2023/09/14,25.40,25.82,23.45,23.50,21131055,516499232.00
2023/09/15,23.54,23.65,22.72,22.72,13033437,301713408.00
2023/09/18,22.61,23.21,22.38,23.09,8933031,206107168.00
2023/09/19,23.05,23.60,22.79,23.26,8324461,194780608.00
2023/09/20,23.07,23.28,22.75,22.79,6665977,154125552.00
2023/09/21,22.74,23.07,22.64,22.84,4993250,114898512.00
2023/09/22,22.74,23.54,22.67,23.47,8033968,187855152.00
2023/09/25,23.34,23.39,22.98,23.22,6753386,157582208.00
2023/09/26,23.07,23.44,22.98,23.21,6651857,155826112.00
2023/09/27,23.03,23.33,22.61,22.62,7111866,164094624.00
2023/09/28,22.71,23.39,22.71,23.13,6939316,161474944.00
2023/10/09,22.84,23.17,22.66,22.89,5517739,127119480.00
2023/10/10,23.29,25.40,23.14,24.93,22230424,542008704.00
2023/10/11,24.27,24.65,24.03,24.56,13832103,339979488.00
2023/10/12,24.84,25.03,24.15,24.34,8595100,210655840.00
2023/10/13,24.18,24.49,23.91,24.07,7700056,187188976.00
2023/10/16,24.09,24.43,23.75,24.40,8438779,205823392.00
2023/10/17,25.12,26.26,24.94,26.02,21138134,546498688.00
2023/10/18,25.44,25.44,24.52,24.86,12782174,321480128.00
2023/10/19,24.52,25.39,24.41,24.63,9081955,227699264.00
2023/10/20,24.36,24.62,22.59,22.72,10919084,255277664.00
2023/10/23,22.65,22.66,20.82,20.92,9457514,202300864.00
2023/10/24,21.04,21.54,20.30,21.41,7008621,149149872.00
2023/10/25,21.39,22.12,21.34,21.78,5915252,129881008.00
2023/10/26,21.58,22.10,21.34,21.68,5987462,131194024.00
2023/10/27,21.42,21.46,20.53,21.28,7948118,168139312.00
2023/10/30,21.06,22.24,21.02,22.16,6863017,150761904.00
2023/10/31,22.06,22.38,21.38,21.74,5409255,119239056.00
2023/11/01,21.73,22.05,21.63,22.04,4368587,96206744.00
2023/11/02,22.05,22.34,21.89,21.89,4430758,98513928.00
2023/11/03,21.89,22.29,21.87,22.16,3935621,87856776.00
2023/11/06,22.48,22.92,22.26,22.83,5708636,130256104.00
2023/11/07,22.78,23.55,22.63,23.40,6995407,163290512.00
2023/11/08,23.34,23.94,23.22,23.35,8214636,194717696.00
2023/11/09,23.43,23.64,23.01,23.18,5548354,129961056.00
2023/11/10,23.07,23.24,22.80,23.04,3929762,91067024.00
2023/11/13,23.20,24.05,23.17,23.99,9947056,238133088.00
2023/11/14,24.02,25.43,24.01,24.85,15353219,382443648.00
2023/11/15,25.14,26.84,25.13,25.31,22001575,571720576.00
2023/11/16,25.26,25.72,24.72,25.06,11677746,296543712.00
2023/11/17,24.86,25.12,24.48,24.70,7652900,190392000.00
2023/11/20,24.84,24.85,24.25,24.62,6622933,163276048.00
2023/11/21,24.79,25.22,24.53,24.66,10153742,254243904.00
2023/11/22,24.54,25.04,24.36,24.48,6791990,168733264.00
2023/11/23,24.29,24.42,23.71,24.32,5731523,139003104.00
2023/11/24,24.32,24.43,23.22,23.41,5803679,138024496.00
2023/11/27,23.42,24.30,23.40,24.08,6035386,144930112.00
2023/11/28,24.15,24.24,23.54,23.76,4259103,101912728.00
2023/11/29,23.67,23.72,22.98,23.06,7088204,165879024.00
2023/11/30,23.06,23.11,22.29,22.59,4321216,98317432.00
2023/12/01,22.64,23.30,22.39,23.24,4211467,97468696.00
2023/12/04,23.20,23.78,23.14,23.43,4453071,105586040.00
2023/12/05,23.27,23.44,22.48,22.48,4107850,94261664.00
2023/12/06,22.36,23.02,22.06,22.60,4309800,97993584.00
2023/12/07,22.62,23.07,22.50,22.92,4419931,101633248.00
2023/12/08,23.01,23.13,22.35,22.40,4524300,103134816.00
2023/12/11,22.23,23.05,21.94,23.03,4385685,99381664.00
2023/12/12,23.07,23.50,22.92,23.20,4113699,96031128.00
2023/12/13,23.15,23.20,22.61,22.64,3000949,69170688.00
2023/12/14,22.79,23.12,22.49,22.55,3042191,69744568.00
2023/12/15,22.53,22.82,22.25,22.61,2806161,63697796.00
2023/12/18,22.51,23.01,22.22,22.24,3404786,77292856.00
2023/12/19,22.18,22.51,21.97,22.20,2281100,51087556.00
2023/12/20,22.29,22.31,21.71,21.72,2683963,59309360.00
2023/12/21,21.71,22.03,21.39,21.80,2716550,59427136.00
2023/12/22,21.80,25.74,21.34,23.78,20472846,489451392.00
2023/12/25,23.83,24.78,22.40,24.03,18658209,442711840.00
2023/12/26,23.34,24.00,23.28,23.80,10790811,256567504.00
2023/12/27,23.64,23.93,22.83,23.59,8745917,206116640.00
2023/12/28,23.47,24.42,22.94,24.42,13429074,322390816.00
2023/12/29,24.24,24.47,23.95,24.10,11500586,279667648.00
2024/01/02,24.03,25.34,23.61,24.73,14011406,347038080.00
2024/01/03,24.40,25.72,24.33,25.25,16793510,425002368.00
2024/01/04,24.78,26.34,24.03,24.08,18117945,457972544.00
2024/01/05,23.84,25.56,23.54,24.92,17512522,434036064.00
2024/01/08,24.73,26.94,24.72,25.49,23763880,618554048.00
2024/01/09,25.12,25.12,23.95,24.83,17021063,421346432.00
2024/01/10,24.33,24.33,22.39,22.89,13473932,314558240.00
2024/01/11,22.82,27.50,22.70,27.50,23474047,618185920.00
2024/01/12,28.43,29.15,26.62,26.74,39778993,1113185536.00
2024/01/15,26.21,29.03,26.04,27.99,30552696,836360576.00
2024/01/16,27.62,30.80,27.52,29.29,31582344,919978240.00
2024/01/17,28.29,29.19,26.74,27.59,23092381,654766144.00
2024/01/18,26.92,27.57,25.44,26.50,19659940,520096768.00
2024/01/19,26.33,26.40,24.06,24.10,18980587,471094496.00
2024/01/22,23.74,24.18,21.64,21.97,15844037,362689824.00
2024/01/23,21.74,22.45,21.15,21.84,11251646,247623872.00
2024/01/24,21.79,23.19,21.75,22.76,14270504,323994688.00
2024/01/25,22.52,23.23,21.85,23.10,15205816,348146336.00
2024/01/26,22.93,23.59,22.35,22.36,13274683,307909888.00
2024/01/29,21.99,22.29,19.95,20.01,13546296,283305408.00
2024/01/30,19.52,19.62,18.14,18.24,11154499,210481584.00
2024/01/31,18.22,18.31,16.70,16.74,10109904,176729696.00
2024/02/01,16.62,17.81,16.44,17.22,9138810,158994928.00
2024/02/02,17.34,17.67,15.53,16.10,9441712,158088496.00
2024/02/05,15.84,15.94,13.54,13.90,10945154,160123936.00
2024/02/06,13.92,14.99,12.96,14.58,9152221,129417872.00
2024/02/07,14.55,15.11,13.39,13.74,9625039,139646688.00
2024/02/08,13.99,15.63,13.99,15.38,10101828,151788704.00
2024/02/19,15.79,16.72,15.64,16.37,10172433,165592816.00
2024/02/20,16.36,17.29,15.85,16.97,10391522,174826048.00
2024/02/21,16.59,18.12,16.42,17.14,11971557,208995168.00
2024/02/22,17.17,18.12,17.17,17.94,12074644,215339856.00
2024/02/23,18.19,18.80,17.74,18.73,13037258,241061024.00
2024/02/26,18.72,19.32,18.22,18.93,11732166,222408784.00
2024/02/27,18.79,20.60,18.56,20.03,13680150,271903392.00
2024/02/28,19.87,21.62,18.28,18.31,20830239,421254624.00
2024/02/29,18.84,21.31,18.84,20.07,19302462,389131040.00
2024/03/01,19.87,20.54,19.54,20.32,16897275,340556704.00
2024/03/04,20.24,20.52,19.36,19.83,11176635,223734848.00
2024/03/05,19.64,20.75,19.39,20.16,14384021,290419680.00
2024/03/06,19.54,20.04,19.51,19.64,9299005,184852256.00
2024/03/07,19.52,19.80,18.74,18.76,9866250,191081600.00
2024/03/08,19.01,19.13,18.52,18.98,5889872,111970504.00
2024/03/11,18.94,19.42,18.64,19.41,6014991,115671424.00
2024/03/12,19.53,20.05,19.42,19.95,9344288,186695456.00
2024/03/13,19.92,20.81,19.81,20.25,11394957,232639280.00
2024/03/14,20.24,20.24,19.32,19.69,7757264,154549904.00
2024/03/15,19.54,20.12,19.26,19.94,6480639,128688016.00
2024/03/18,20.11,20.34,19.81,20.32,7413808,150321872.00
2024/03/19,20.28,20.80,20.11,20.31,9271326,191204240.00
2024/03/20,20.46,20.87,20.32,20.81,9327119,194259280.00
2024/03/21,20.95,21.15,20.34,20.74,9197472,191966944.00
2024/03/22,20.63,20.72,19.86,20.22,8149198,166425392.00
2024/03/25,20.32,20.45,19.21,19.27,6643101,132724072.00
2024/03/26,19.35,19.64,18.76,19.06,6802427,131482720.00
2024/03/27,18.83,19.03,17.53,17.53,6732677,123237248.00
2024/03/28,17.42,18.60,17.37,18.40,5886720,108002960.00
2024/03/29,18.44,18.52,17.95,18.37,3884477,71443728.00
2024/04/01,18.50,19.09,18.41,19.08,4434555,84025496.00
2024/04/02,19.06,19.12,18.55,18.75,4049745,76604928.00
2024/04/03,18.61,18.70,18.10,18.22,3371520,62272776.00
2024/04/08,18.22,18.40,17.76,17.77,3647339,66428504.00
2024/04/09,17.62,18.11,17.62,17.96,2570297,46309276.00
2024/04/10,17.86,19.14,17.72,18.32,8337893,155248880.00
2024/04/11,17.94,18.27,17.71,17.75,5801151,105110312.00
2024/04/12,17.72,18.03,17.12,17.19,4899634,86497840.00
2024/04/15,17.19,17.36,15.34,16.42,5725242,95324792.00
2024/04/16,16.31,16.49,14.64,14.67,6006965,92181192.00
2024/04/17,14.90,16.12,14.90,16.07,5184687,82669800.00
2024/04/18,16.02,16.27,15.66,15.87,3779857,60990772.00
2024/04/19,15.90,15.95,15.37,15.45,3242182,51024936.00
2024/04/22,15.37,15.66,14.90,15.60,3026338,47079992.00
2024/04/23,15.88,16.26,15.64,16.05,4228744,68330152.00
2024/04/24,16.29,16.62,16.22,16.56,3571663,59359520.00
2024/04/25,16.52,16.79,16.34,16.41,3889400,64983392.00
2024/04/26,16.60,17.39,16.51,17.36,5961101,102310096.00
2024/04/29,17.29,17.99,17.20,17.81,4745799,84828400.00
2024/04/30,18.02,19.19,17.74,17.76,8516450,157127648.00
2024/05/06,18.11,18.12,17.66,17.79,5290450,95273976.00
2024/05/07,17.74,18.97,17.53,18.48,7857299,144774992.00
2024/05/08,18.09,18.20,17.57,17.72,5254430,94669576.00
2024/05/09,17.89,18.15,17.76,17.82,3714622,67176312.00
2024/05/10,17.95,18.65,17.33,18.18,8274080,150974080.00
2024/05/13,17.79,17.79,17.00,17.22,5621750,98579336.00
2024/05/14,17.49,17.62,17.22,17.52,3074541,54058736.00
2024/05/15,17.39,17.61,17.07,17.15,2748472,47972464.00
2024/05/16,17.39,17.78,17.26,17.64,4270555,75571360.00
2024/05/17,17.78,17.85,17.39,17.75,3428193,61083004.00
2024/05/20,17.65,18.01,17.53,17.76,3209671,57449276.00
2024/05/21,17.83,18.07,17.63,17.71,2838193,50932220.00
2024/05/22,17.57,18.02,17.49,17.97,3488451,62805040.00
2024/05/23,17.97,18.21,17.44,17.64,3768700,67634392.00
2024/05/24,17.58,17.58,17.02,17.02,3449585,59906840.00
2024/05/27,17.04,17.24,16.72,17.20,2527302,43294052.00
2024/05/28,17.05,17.19,16.76,16.80,1985644,33934132.00
2024/05/29,16.74,18.19,16.72,17.34,6581787,116701712.00
2024/05/30,16.84,17.51,16.84,17.07,4506050,77601480.00
2024/05/31,17.07,18.10,16.96,18.01,7212400,129264080.00
2024/06/03,17.81,18.13,17.35,17.59,5049550,90101448.00
2024/06/04,17.47,17.47,16.53,16.78,4982150,84595968.00
2024/06/05,16.78,17.29,16.57,16.68,3425888,58191280.00
2024/06/06,16.65,16.79,15.39,15.62,5749686,92248304.00
2024/06/07,16.04,16.23,15.61,15.72,4187849,67204608.00
2024/06/11,15.71,16.40,15.30,16.33,4362750,70537792.00
2024/06/12,16.32,16.76,16.31,16.64,3441050,57690000.00
2024/06/13,16.40,16.90,16.40,16.75,3092950,52287972.00
2024/06/14,16.72,17.29,16.56,17.05,5148450,88184184.00
2024/06/17,16.70,17.03,16.62,16.98,3540050,60325972.00
2024/06/18,16.99,17.74,16.87,17.64,6141150,107604304.00
2024/06/19,17.63,18.24,17.54,17.68,8156096,147262048.00
2024/06/20,17.74,17.97,17.28,17.38,5500500,96932080.00
2024/06/21,17.20,17.98,16.79,17.58,6731428,118395264.00
2024/06/24,17.33,19.12,16.70,18.47,17342756,314336480.00
2024/06/25,18.34,19.06,17.81,19.06,19631118,364625216.00
2024/06/26,18.48,19.42,18.28,19.11,17037683,321290912.00
2024/06/27,18.69,19.90,18.21,18.89,16415905,311603328.00
2024/06/28,18.40,18.73,18.01,18.04,11483679,211409888.00
2024/07/01,17.79,18.68,17.69,18.27,8175508,150076368.00
2024/07/02,18.32,20.96,18.32,19.57,23306881,459754272.00
2024/07/03,19.06,19.28,17.98,18.03,15757502,291098112.00
2024/07/04,18.14,18.51,17.46,17.83,10228317,183880720.00
2024/07/05,17.58,18.07,16.84,17.78,7741549,136135856.00
2024/07/08,17.44,17.69,16.29,16.52,8181159,137463392.00
2024/07/09,15.57,16.18,15.39,16.15,9617681,152167456.00
2024/07/10,15.96,16.37,15.81,16.00,5153124,82950000.00
2024/07/11,16.28,17.08,16.23,16.78,7175607,119903680.00
2024/07/12,16.68,17.00,16.46,16.54,4516007,75341960.00
2024/07/15,15.75,15.77,14.67,14.93,11627648,174784784.00
2024/07/16,14.82,15.23,14.69,15.12,5769800,87113216.00
2024/07/17,15.12,15.20,14.54,14.59,5008908,73748136.00
2024/07/18,14.49,14.54,14.00,14.40,4400250,62672288.00
2024/07/19,14.33,14.72,14.24,14.63,3102483,45283548.00
2024/07/22,14.75,15.23,14.72,15.20,5036950,75705488.00
2024/07/23,15.13,15.30,14.79,14.85,3081471,46326288.00
2024/07/24,14.88,14.88,14.43,14.45,3021950,44161336.00
2024/07/25,15.68,16.43,14.82,15.13,9607250,147429632.00
2024/07/26,14.70,15.17,14.69,14.99,7527141,111981480.00
2024/07/29,15.07,15.56,14.84,15.46,8075850,123736624.00
2024/07/30,15.33,16.03,15.20,15.53,8082050,126075696.00
2024/07/31,15.35,16.34,15.31,16.17,8492991,135179024.00
2024/08/01,16.05,16.21,15.85,15.96,5522692,88448008.00
2024/08/02,15.83,16.02,15.39,15.54,4709850,74183384.00
2024/08/05,15.48,15.67,14.89,14.97,4379850,66762568.00
2024/08/06,15.24,15.31,14.88,15.14,2614700,39369832.00
2024/08/07,15.13,15.37,15.04,15.18,2545317,38840876.00
2024/08/08,15.22,15.26,14.68,14.92,2266917,33879412.00
2024/08/09,15.07,15.20,14.89,15.01,2712010,40821440.00
2024/08/12,14.84,14.84,14.45,14.62,2567560,37611136.00
2024/08/13,14.60,14.80,14.47,14.80,1899000,27905468.00
2024/08/14,14.79,15.00,14.74,14.90,1836121,27393388.00
2024/08/15,14.86,15.33,14.68,15.20,3016060,45593364.00
2024/08/16,15.17,15.61,15.17,15.40,3238145,49878916.00
2024/08/19,15.47,16.08,15.47,15.59,6679671,105657976.00
2024/08/20,15.40,15.58,15.24,15.37,4153800,64025640.00
2024/08/21,15.33,15.68,15.22,15.27,2793390,43118144.00
2024/08/22,15.28,15.75,14.80,14.88,4099607,62619460.00
2024/08/23,14.96,15.64,14.58,15.48,5583525,85695632.00
2024/08/26,15.38,15.51,14.93,15.02,4008050,60582864.00
2024/08/27,14.79,15.11,14.52,14.59,3174700,46822360.00
2024/08/28,14.55,14.58,13.98,14.29,3789768,53964044.00
2024/08/29,14.28,14.75,14.14,14.63,2983150,43420416.00
2024/08/30,14.69,15.41,14.63,15.04,4490800,68081632.00
2024/09/02,15.07,15.15,14.28,14.34,3905100,57338784.00
2024/09/03,14.45,14.75,14.41,14.73,3462508,50648404.00
2024/09/04,14.60,14.69,14.43,14.58,2331350,33937696.00
2024/09/05,17.50,17.50,17.50,17.50,5468452,95807280.00
2024/09/06,20.15,20.15,17.76,17.83,33437938,632920576.00
2024/09/09,16.31,16.57,15.30,15.45,21628575,340264992.00
2024/09/10,15.28,15.57,14.75,15.13,14237772,214573824.00
2024/09/11,15.19,15.27,14.96,15.00,9068037,137123072.00
2024/09/12,15.01,15.26,14.88,15.07,9160791,138245248.00
2024/09/13,14.94,15.04,14.44,14.46,8448421,123847520.00
2024/09/18,14.42,14.63,14.05,14.59,6764532,97409120.00
2024/09/19,14.68,15.13,14.53,15.02,8300500,123939400.00
2024/09/20,15.02,15.41,14.98,15.09,8351659,126932608.00
2024/09/23,15.09,15.38,14.95,15.23,7187961,109614176.00
2024/09/24,15.38,16.02,14.92,15.87,12250926,190908976.00
2024/09/25,16.12,16.89,15.92,16.33,13623497,223271728.00
2024/09/26,16.17,16.70,16.01,16.63,10779802,176589040.00
2024/09/27,16.94,18.11,16.65,17.84,15250186,265932448.00
2024/09/30,18.97,21.30,18.48,21.18,24880258,492670080.00
2024/10/08,24.89,25.42,22.32,25.42,28040851,682453440.00
2024/10/09,23.96,27.08,23.13,23.76,27766373,689198848.00
2024/10/10,23.93,24.48,21.49,21.86,16472272,369636928.00
2024/10/11,21.76,22.68,20.98,21.41,12361053,271116896.00
2024/10/14,21.73,22.38,20.48,22.30,11784865,254266816.00
2024/10/15,21.98,23.46,21.73,22.04,13949115,316301120.00
2024/10/16,21.19,22.46,21.06,22.00,7833572,171328064.00
2024/10/17,22.52,23.12,22.30,22.46,12200003,277692032.00
2024/10/18,22.25,23.73,21.87,22.96,15196254,346352512.00
2024/10/21,22.97,23.95,22.78,23.69,16423213,383723072.00
2024/10/22,23.36,23.40,21.92,22.31,12989134,293462816.00
2024/10/23,22.30,22.94,22.28,22.44,8824236,199801856.00
2024/10/24,22.04,22.30,21.60,21.80,6353410,138662624.00
2024/10/25,21.90,22.19,21.60,21.83,6404250,139886144.00
2024/10/28,21.98,22.37,21.62,22.37,6939125,152760848.00
2024/10/29,22.70,23.89,22.35,22.89,17798831,409637760.00
2024/10/30,22.10,23.01,21.77,22.74,11112306,249573552.00
2024/10/31,22.65,23.99,22.11,23.75,17914225,416862144.00
2024/11/01,23.26,23.60,21.00,21.20,13565147,301815648.00
2024/11/04,20.91,21.73,20.91,21.73,4784150,102882816.00
2024/11/05,21.80,22.93,21.77,22.82,10002702,225665920.00
2024/11/06,22.90,23.75,22.40,22.95,11908314,274817184.00
2024/11/07,22.57,23.94,22.34,23.88,13904144,324859744.00
2024/11/08,24.82,25.22,23.27,23.36,14588068,350971360.00
2024/11/11,23.07,24.44,23.07,24.35,12880978,308788960.00
2024/11/12,24.54,29.22,24.31,26.56,38750862,1047054336.00
2024/11/13,26.33,26.33,24.66,25.40,21836325,552308800.00
2024/11/14,24.98,26.23,24.31,25.06,17042426,431489600.00
2024/11/15,26.08,26.08,23.70,23.70,16521397,412468096.00
2024/11/18,23.50,23.91,21.21,21.44,13362473,294809280.00
2024/11/19,21.50,22.35,21.21,22.32,7278487,158567104.00
2024/11/20,22.45,23.04,22.16,22.72,7985950,180695136.00
2024/11/21,22.68,23.62,22.30,23.15,10045400,229812368.00
2024/11/22,22.77,23.80,21.85,21.95,10022348,228720352.00
数据来源:通达信
