300767 震安科技 日线 前复权
      日期	    开盘	    最高	    最低	    收盘	    成交量	    成交额
2019/03/29,7.25,8.77,7.25,8.77,9700,266401.00
2019/04/01,9.68,9.68,9.68,9.68,3545,107732.55
2019/04/02,10.69,10.69,10.69,10.69,4100,137063.00
2019/04/03,11.79,11.79,11.79,11.79,5800,213266.00
2019/04/04,13.01,13.01,13.01,13.01,26700,1080015.00
2019/04/08,14.35,14.35,14.35,14.35,42200,1877900.00
2019/04/09,15.82,15.82,15.82,15.82,68804,3367955.75
2019/04/10,17.44,17.44,17.44,17.44,132100,7113585.00
2019/04/11,18.65,18.65,17.13,17.50,11298357,620198592.00
2019/04/12,17.69,17.78,16.11,16.43,6905423,358732192.00
2019/04/15,16.43,16.66,15.94,15.94,4742983,240861840.00
2019/04/16,15.67,15.99,15.30,15.97,4440436,214667936.00
2019/04/17,15.84,16.15,15.64,15.80,3695412,181443600.00
2019/04/18,15.65,17.42,15.44,16.63,7223356,367920544.00
2019/04/19,16.13,16.43,15.84,16.22,4368973,218010272.00
2019/04/22,16.13,16.69,15.96,16.33,4164029,210500944.00
2019/04/23,16.38,17.32,15.93,15.97,5917330,303890464.00
2019/04/24,15.34,15.43,14.39,14.57,5800770,266706368.00
2019/04/25,14.41,14.63,13.84,13.99,3525661,155857216.00
2019/04/26,13.89,14.35,13.89,14.15,2701864,118863088.00
2019/04/29,14.18,14.38,12.83,12.93,3097742,128832704.00
2019/04/30,12.93,13.29,12.91,13.01,1689641,68817136.00
2019/05/06,12.78,14.32,12.64,13.24,3693199,153001056.00
2019/05/07,12.86,13.69,12.80,13.69,2886828,119539888.00
2019/05/08,13.36,13.73,13.19,13.35,2098068,87701352.00
2019/05/09,13.24,13.57,12.80,12.83,2279544,93971128.00
2019/05/10,12.89,13.42,12.56,13.19,2596049,105792072.00
2019/05/13,13.09,13.09,12.70,12.85,2021134,80812920.00
2019/05/14,12.66,12.80,12.14,12.36,2489702,96617016.00
2019/05/15,12.50,12.70,12.37,12.62,1929316,75515224.00
2019/05/16,12.57,12.93,12.54,12.67,1917032,75747376.00
2019/05/17,12.68,12.76,11.90,12.00,2165232,82883576.00
2019/05/20,12.00,12.15,11.61,11.75,1242620,45590896.00
2019/05/21,11.79,11.95,11.77,11.85,1244975,46006144.00
2019/05/22,11.87,11.90,11.49,11.55,1354434,49208224.00
2019/05/23,11.49,11.49,11.04,11.17,1575268,55136180.00
2019/05/24,11.17,11.49,11.09,11.29,1416394,50009836.00
2019/05/27,11.33,11.57,11.28,11.49,1380133,49152408.00
2019/05/28,11.47,11.64,11.33,11.37,1398327,50149652.00
2019/05/29,11.37,11.83,11.28,11.63,1766934,64171840.00
2019/05/30,11.57,12.01,11.32,12.00,2095500,76176536.00
2019/05/31,12.03,13.24,11.96,13.24,6221383,248912928.00
2019/06/03,13.08,13.08,12.25,12.42,4088633,159980912.00
2019/06/04,12.25,12.75,12.25,12.57,2569184,99848416.00
2019/06/05,12.72,12.79,11.96,11.98,2650146,101287216.00
2019/06/06,11.98,11.98,11.17,11.28,2025824,72324224.00
2019/06/10,11.38,11.47,11.24,11.31,865224,30635062.00
2019/06/11,11.31,11.91,11.31,11.88,1730400,63141064.00
2019/06/12,11.86,12.10,11.75,11.78,1536401,56903512.00
2019/06/13,11.80,12.20,11.80,12.12,1699098,63475224.00
2019/06/14,12.05,12.22,11.34,11.43,1846313,67809240.00
2019/06/17,11.30,11.50,11.25,11.39,808100,28652040.00
2019/06/18,12.57,12.57,12.24,12.57,5269232,205445536.00
2019/06/19,13.21,13.52,12.37,12.68,6842169,276214720.00
2019/06/20,12.21,12.61,12.21,12.37,4288163,165071440.00
2019/06/21,12.32,12.76,12.20,12.49,3455863,134626096.00
2019/06/24,12.48,12.48,12.20,12.33,1926668,73916784.00
2019/06/25,12.22,12.33,11.77,11.84,2280649,85152368.00
2019/06/26,11.73,12.00,11.67,11.94,1321314,48969780.00
2019/06/27,11.91,12.01,11.81,11.87,1207383,44824608.00
2019/06/28,11.95,11.96,11.71,11.96,1116469,41171776.00
2019/07/01,12.20,12.52,12.11,12.46,2256714,86538392.00
2019/07/02,12.46,12.46,12.21,12.35,1467714,56253524.00
2019/07/03,12.20,12.30,12.02,12.12,1300700,49100696.00
2019/07/04,12.14,12.65,12.06,12.28,2036013,78209776.00
2019/07/05,12.19,12.79,12.08,12.79,3799862,148577728.00
2019/07/08,12.76,12.76,12.09,12.10,2621390,100369928.00
2019/07/09,12.11,12.46,12.11,12.43,1888416,72271176.00
2019/07/10,12.36,12.48,11.76,11.85,2178800,82065696.00
2019/07/11,11.85,11.96,11.48,11.50,1601964,58301036.00
2019/07/12,11.48,11.67,11.48,11.57,845391,30528768.00
2019/07/15,11.21,11.22,10.40,10.92,2556252,86228552.00
2019/07/16,10.84,11.01,10.75,10.98,1345657,45779412.00
2019/07/17,10.94,11.00,10.81,10.87,922754,31390728.00
2019/07/18,10.77,10.83,10.55,10.56,995021,33147432.00
2019/07/19,10.65,10.73,10.51,10.57,817064,27109868.00
2019/07/22,10.60,10.65,10.06,10.15,1179802,37695004.00
2019/07/23,10.13,10.33,10.12,10.31,645233,20709870.00
2019/07/24,10.35,10.53,10.30,10.38,698900,22810812.00
2019/07/25,10.40,10.54,10.35,10.49,689290,22571636.00
2019/07/26,10.48,10.55,10.39,10.47,647300,21222504.00
2019/07/29,10.47,10.51,10.43,10.49,485014,15895825.00
2019/07/30,10.49,10.65,10.49,10.52,733900,24289844.00
2019/07/31,10.52,10.52,10.29,10.35,695852,22569630.00
2019/08/01,10.24,10.43,10.24,10.43,539752,17508926.00
2019/08/02,10.27,10.27,10.07,10.20,878500,28000996.00
2019/08/05,10.17,10.43,10.16,10.26,818140,26454792.00
2019/08/06,10.05,10.68,9.78,10.65,2145749,69164896.00
2019/08/07,10.59,10.74,10.29,10.32,1348706,44223176.00
2019/08/08,10.35,10.61,10.20,10.54,1102131,35917136.00
2019/08/09,10.73,10.73,10.26,10.61,1420300,46805544.00
2019/08/12,10.55,10.87,10.55,10.80,1710100,57584992.00
2019/08/13,10.67,10.68,10.42,10.55,1250700,41257388.00
2019/08/14,10.61,10.71,10.48,10.48,861876,28485314.00
2019/08/15,10.21,10.31,10.03,10.25,900461,28756530.00
2019/08/16,10.23,10.36,10.18,10.18,795461,25557062.00
2019/08/19,10.27,10.42,10.05,10.41,942600,30413180.00
2019/08/20,10.42,10.57,10.33,10.56,1198892,39308748.00
2019/08/21,10.52,10.58,10.35,10.56,1199608,39277736.00
2019/08/22,10.52,10.81,10.50,10.69,1583432,52918904.00
2019/08/23,10.69,10.72,10.42,10.45,1010678,33301452.00
2019/08/26,10.21,10.34,10.10,10.25,888422,28331440.00
2019/08/27,10.35,10.54,10.28,10.36,970253,31499374.00
2019/08/28,10.36,10.61,10.31,10.61,1315100,43260944.00
2019/08/29,10.64,10.71,10.48,10.60,1083022,35800044.00
2019/08/30,10.61,10.61,10.15,10.20,1611500,52078896.00
2019/09/02,10.15,10.35,10.14,10.33,775600,24957388.00
2019/09/03,10.32,10.39,10.29,10.38,872130,28273926.00
2019/09/04,10.37,10.56,10.35,10.53,1259822,41371392.00
2019/09/05,10.61,10.86,10.55,10.75,2176911,72971104.00
2019/09/06,11.54,11.80,11.14,11.26,4156491,148145104.00
2019/09/09,11.41,11.50,11.16,11.43,2411691,85492248.00
2019/09/10,11.41,11.45,11.21,11.30,1515590,53493676.00
2019/09/11,11.44,12.14,11.28,11.82,3578330,130999744.00
2019/09/12,11.79,13.03,11.76,13.03,6577339,262294880.00
2019/09/16,13.17,13.26,12.55,12.78,4537069,181180320.00
2019/09/17,12.81,13.00,12.30,12.76,3418260,134384384.00
2019/09/18,12.66,13.51,12.55,13.27,4542006,184618064.00
2019/09/19,13.19,13.32,12.88,13.18,2088900,84808416.00
2019/09/20,13.21,13.85,12.70,13.01,2688235,109825168.00
2019/09/23,13.03,13.36,12.70,13.26,2325105,94311240.00
2019/09/24,13.05,14.15,13.05,13.55,3644015,155755008.00
2019/09/25,13.34,14.05,13.31,13.85,2447704,105062320.00
2019/09/26,13.97,15.28,13.86,14.90,4261599,195032208.00
2019/09/27,14.69,14.81,14.12,14.50,2223874,99946368.00
2019/09/30,14.52,15.07,14.35,14.54,1467853,66645116.00
2019/10/08,14.48,15.18,14.47,14.96,2084661,96135064.00
2019/10/09,14.96,14.96,13.43,13.43,2753400,118812192.00
2019/10/10,14.02,14.81,13.85,14.81,3295794,146733120.00
2019/10/11,14.81,15.46,14.73,15.28,3140390,146709056.00
2019/10/14,15.51,15.60,14.61,14.91,2398777,110597056.00
2019/10/15,14.65,14.68,13.91,14.45,1876094,83292144.00
2019/10/16,14.35,14.51,13.36,13.48,2051000,88322728.00
2019/10/17,13.48,13.80,13.27,13.36,1045900,43817756.00
2019/10/18,13.40,13.42,12.86,13.04,1448390,58930776.00
2019/10/21,13.10,13.32,12.47,13.07,1377774,55165204.00
2019/10/22,13.12,13.18,12.86,12.96,1054900,42678324.00
2019/10/23,13.03,13.03,12.66,12.70,944000,37612624.00
2019/10/24,12.82,13.52,12.76,12.99,1309800,53677664.00
2019/10/25,12.84,13.01,12.65,12.90,899600,35927584.00
2019/10/28,12.74,13.22,12.71,13.15,993200,39919924.00
2019/10/29,13.00,13.08,12.76,12.82,929930,37155092.00
2019/10/30,12.75,13.06,12.46,12.85,1007063,39855500.00
2019/10/31,12.97,12.97,12.69,12.75,506400,20170464.00
2019/11/01,12.82,12.83,12.66,12.75,603400,23950800.00
2019/11/04,12.82,12.93,12.71,12.90,603163,24048538.00
2019/11/05,12.96,12.98,12.77,12.84,611800,24447248.00
2019/11/06,12.86,14.16,12.70,13.63,2454550,103311400.00
2019/11/07,13.66,14.48,13.66,14.24,2529235,110949200.00
2019/11/08,14.24,14.28,13.86,14.05,1525735,66769556.00
2019/11/11,13.95,14.88,13.69,14.68,2380356,107113120.00
2019/11/12,14.69,15.02,14.41,15.02,1467900,67030556.00
2019/11/13,15.01,15.34,14.74,14.81,1242084,57429452.00
2019/11/14,15.14,15.14,14.76,14.81,1559984,72208312.00
2019/11/15,14.99,14.99,14.65,14.87,1286100,59038080.00
2019/11/18,14.83,14.88,14.36,14.76,1040640,47302028.00
2019/11/19,14.81,15.03,14.52,14.85,1229900,56394400.00
2019/11/20,14.85,15.07,14.08,14.28,2224800,98870576.00
2019/11/21,14.16,14.44,14.03,14.19,911740,40304576.00
2019/11/22,14.34,15.64,14.19,15.23,5566309,265522016.00
2019/11/25,14.90,14.97,13.67,13.67,3981843,172096416.00
2019/11/26,13.82,15.08,13.29,15.08,2725800,122047064.00
2019/11/27,15.38,15.77,14.88,15.40,2978424,142009168.00
2019/11/28,15.40,15.49,14.71,14.89,2632376,122883528.00
2019/11/29,15.35,16.36,15.24,15.94,3359770,163829600.00
2019/12/02,16.49,16.66,15.67,15.87,2663703,132537744.00
2019/12/03,15.57,16.65,15.57,16.47,2166712,107311224.00
2019/12/04,16.31,18.03,16.20,17.49,2449446,130530664.00
2019/12/05,17.82,18.25,17.19,17.77,2265400,124353840.00
2019/12/06,17.59,18.41,17.54,18.34,1835300,102105080.00
2019/12/09,18.09,18.75,17.64,17.79,2091681,116512816.00
2019/12/10,17.56,17.91,16.94,17.40,2354807,125947408.00
2019/12/11,17.49,17.96,17.12,17.66,1900530,102771168.00
2019/12/12,17.48,17.73,16.97,17.26,1766067,93589192.00
2019/12/13,17.49,18.42,17.23,18.19,2540346,141028544.00
2019/12/16,18.19,18.28,17.73,18.25,1590963,88504872.00
2019/12/17,18.08,19.08,17.73,18.98,2540537,142249952.00
2019/12/18,18.87,19.41,18.57,18.63,1578100,91652632.00
2019/12/19,18.47,20.10,18.09,19.64,2284220,133788416.00
2019/12/20,19.45,20.10,19.08,19.48,1561220,94342608.00
2019/12/23,19.42,20.03,19.26,19.58,1223800,73908016.00
2019/12/24,19.30,21.13,19.18,20.98,1923000,121294080.00
2019/12/25,21.13,21.13,20.30,20.78,1721900,108824008.00
2019/12/26,20.78,21.09,20.57,21.04,1078000,69089392.00
2019/12/27,21.24,21.45,19.56,19.89,1875131,117522520.00
2019/12/30,19.21,19.87,18.49,19.45,1454801,86404448.00
2019/12/31,19.37,19.77,18.98,19.65,1141147,68452880.00
2020/01/02,19.57,19.84,19.10,19.77,1386212,83344528.00
2020/01/03,19.65,19.65,18.75,19.18,1893100,111904272.00
2020/01/06,18.82,19.29,18.36,18.98,1446557,83897912.00
2020/01/07,18.85,19.56,18.69,18.78,1865202,109745224.00
2020/01/08,18.98,18.98,18.04,18.14,1673500,95103448.00
2020/01/09,18.24,18.78,18.15,18.56,1783111,101970752.00
2020/01/10,18.55,18.94,18.42,18.64,1422052,81884864.00
2020/01/13,18.63,19.01,18.18,18.95,1372538,79072096.00
2020/01/14,18.93,18.93,18.26,18.34,1398400,79824928.00
2020/01/15,18.42,18.96,18.35,18.70,1087400,62804468.00
2020/01/16,18.78,18.95,18.12,18.33,1170874,66358916.00
2020/01/17,18.34,18.62,18.27,18.43,895989,50960192.00
2020/01/20,18.28,18.65,17.99,18.45,877700,49517680.00
2020/01/21,18.44,20.33,18.33,20.33,3264292,199129104.00
2020/01/22,19.87,20.10,18.86,20.00,2794751,166814480.00
2020/01/23,19.42,19.78,18.01,19.08,1453430,85037768.00
2020/02/03,17.14,18.82,17.14,18.82,1796550,97702488.00
2020/02/04,18.48,18.78,18.09,18.71,1124761,63971096.00
2020/02/05,18.82,19.04,18.19,18.40,1047252,60158448.00
2020/02/06,18.24,18.97,17.91,18.87,1044852,59520884.00
2020/02/07,18.82,20.68,18.45,20.56,1936373,116789992.00
2020/02/10,20.00,20.75,19.99,20.20,958421,59809196.00
2020/02/11,20.14,20.40,19.58,19.96,773551,47324844.00
2020/02/12,19.94,20.63,19.94,20.36,1094054,68189272.00
2020/02/13,20.13,20.43,19.74,20.04,762900,46942592.00
2020/02/14,20.04,20.16,19.25,19.82,809700,49260492.00
2020/02/17,19.48,20.63,19.32,20.43,959500,59731984.00
2020/02/18,20.81,22.28,20.80,22.02,1840200,123068936.00
2020/02/19,21.56,22.71,21.46,21.81,1405001,94926008.00
2020/02/20,22.13,22.21,21.49,22.09,798301,53799800.00
2020/02/21,22.29,24.33,22.08,24.33,1855441,134426352.00
2020/02/24,25.10,26.81,24.83,26.11,2525455,200392304.00
2020/02/25,25.40,28.76,25.40,28.76,2275401,194131504.00
2020/02/26,28.76,31.65,28.04,29.38,3070280,289373664.00
2020/02/27,30.06,32.19,29.40,31.38,2369600,227026992.00
2020/02/28,29.88,30.57,28.37,29.58,1909109,174007104.00
2020/03/02,29.73,31.71,28.41,30.70,1851700,172559408.00
2020/03/03,31.14,31.35,29.80,30.72,1067200,100131680.00
2020/03/04,30.56,30.72,29.07,30.19,1000400,91247616.00
2020/03/05,30.30,31.34,30.20,30.99,1224966,115863392.00
2020/03/06,30.32,32.42,30.06,30.33,1137900,109073880.00
2020/03/09,30.05,31.05,28.08,29.23,1715951,156530992.00
2020/03/10,28.78,29.73,27.51,28.24,1608666,139186288.00
2020/03/11,28.84,29.21,27.31,27.36,1161043,99480016.00
2020/03/12,27.64,27.64,26.12,26.33,1428900,116619216.00
2020/03/13,24.57,25.89,24.55,25.32,1090801,84610112.00
2020/03/16,25.66,25.89,23.20,23.48,1542518,115286296.00
2020/03/17,23.60,24.77,22.28,23.10,1009300,71873520.00
2020/03/18,23.46,25.10,23.46,23.61,1353863,101393688.00
2020/03/19,23.61,24.43,22.80,24.11,987099,71777632.00
2020/03/20,24.41,25.96,23.78,25.42,1324063,101393256.00
2020/03/23,24.44,24.61,22.84,22.84,1176118,85341264.00
2020/03/24,23.45,23.77,22.12,23.42,818100,57879180.00
2020/03/25,24.41,24.41,23.45,23.88,649500,47463664.00
2020/03/26,23.64,24.10,23.01,23.23,446049,32171776.00
2020/03/27,23.31,24.04,22.91,23.25,559400,40384904.00
2020/03/30,23.14,23.45,21.43,22.52,1077749,73621248.00
2020/03/31,23.21,23.40,22.47,23.18,919700,65446364.00
2020/04/01,23.28,25.15,23.22,24.60,1806619,135438000.00
2020/04/02,24.43,26.54,24.27,26.09,1870363,145929136.00
2020/04/03,25.76,26.00,24.30,24.98,1711503,131594904.00
2020/04/07,25.43,27.41,25.43,26.89,1883249,153474080.00
2020/04/08,26.89,26.89,24.52,24.52,2978600,230968736.00
2020/04/09,24.57,25.50,23.71,25.20,1341016,102276880.00
2020/04/10,25.90,26.05,24.33,24.47,1084000,82859920.00
2020/04/13,23.91,24.60,23.78,24.42,635600,46982864.00
2020/04/14,24.77,25.49,24.44,25.37,697052,53850800.00
2020/04/15,25.46,25.75,25.03,25.22,453300,35184816.00
2020/04/16,25.24,25.58,24.50,25.40,531400,41009864.00
2020/04/17,25.40,26.26,25.16,25.59,841359,66148176.00
2020/04/20,25.65,26.42,25.53,25.93,662949,52726580.00
2020/04/21,25.59,25.89,25.12,25.44,401700,31372556.00
2020/04/22,25.26,25.62,24.82,25.60,451649,35214412.00
2020/04/23,25.53,25.99,24.82,24.82,592582,45819692.00
2020/04/24,24.77,25.01,23.11,23.57,1148000,83984040.00
2020/04/27,23.64,23.93,22.82,23.59,640500,46191940.00
2020/04/28,25.10,25.10,22.52,24.67,1288948,95309872.00
2020/04/29,24.76,26.42,24.59,25.21,1899099,149248224.00
2020/04/30,25.22,25.71,25.10,25.47,980500,76467208.00
2020/05/06,25.26,25.46,24.96,25.43,1018790,78732352.00
2020/05/07,25.42,28.01,25.25,27.08,3390114,281444480.00
2020/05/08,27.30,28.03,26.81,27.97,2571073,216938448.00
2020/05/11,27.84,29.00,27.65,28.84,1576900,136992400.00
2020/05/12,29.05,31.76,28.69,31.76,2248706,210104624.00
2020/05/13,31.69,32.37,31.03,31.25,1484390,142774672.00
2020/05/14,30.73,31.84,29.90,29.99,1563400,146660896.00
2020/05/15,30.30,31.32,30.08,30.43,1497200,140408672.00
2020/05/18,31.13,33.51,30.13,33.51,1964301,193899408.00
2020/05/19,34.36,36.48,33.70,35.21,2433325,260381536.00
2020/05/20,35.69,36.34,32.02,32.32,2213320,227423600.00
2020/05/21,32.56,33.33,30.06,30.09,2039800,196640320.00
2020/05/22,30.57,32.21,29.70,29.97,2054329,192553824.00
2020/05/25,30.72,30.94,28.91,29.29,1588762,144204064.00
2020/05/26,29.47,32.26,29.09,32.11,1956544,185907072.00
2020/05/27,31.80,32.33,30.88,31.58,1518152,146545088.00
2020/05/28,31.38,31.84,30.39,31.68,1088790,104012152.00
2020/05/29,31.61,34.29,31.02,33.73,1258406,125336728.00
2020/06/01,34.48,35.02,33.41,34.74,1288997,134750768.00
2020/06/02,34.39,34.74,33.31,33.55,955298,98340160.00
2020/06/03,33.60,36.94,33.60,36.94,1672287,184853616.00
2020/06/04,36.72,37.50,36.53,37.00,970747,109729208.00
2020/06/05,37.62,37.62,36.01,37.37,811100,91188008.00
2020/06/08,37.37,38.55,36.96,37.27,934700,107363832.00
2020/06/09,38.42,38.43,33.51,33.51,2004362,211412880.00
2020/06/10,31.72,33.37,31.14,31.98,2153790,211540960.00
2020/06/11,32.40,35.21,31.98,33.39,2068700,212921440.00
2020/06/12,32.70,36.77,32.11,36.77,1858326,197907680.00
2020/06/15,37.15,40.33,35.36,38.31,5126115,334375776.00
2020/06/16,38.33,41.05,37.95,40.49,2628609,175851232.00
2020/06/17,40.33,40.41,37.51,38.93,3433140,225540176.00
2020/06/18,38.93,39.39,36.91,37.39,2263210,143822944.00
2020/06/19,37.81,38.80,36.81,37.15,2748980,174598944.00
2020/06/22,36.62,37.51,36.02,36.65,2428827,150449632.00
2020/06/23,36.56,38.93,36.35,38.38,3050073,196492000.00
2020/06/24,38.20,38.89,37.21,37.92,1826076,116842792.00
2020/06/29,38.15,39.71,37.53,39.40,2477300,162722048.00
2020/06/30,39.40,40.77,38.66,38.97,2369768,158689168.00
2020/07/01,39.02,40.27,37.21,37.96,3093140,200804288.00
2020/07/02,37.80,38.13,37.15,37.36,2420607,153809280.00
2020/07/03,37.48,38.13,36.37,37.33,2499324,157400688.00
2020/07/06,36.62,38.40,36.32,37.34,3777230,238807152.00
2020/07/07,37.47,39.23,36.73,39.23,4427216,283649344.00
2020/07/08,41.28,41.28,38.08,38.58,5142610,342823968.00
2020/07/09,39.30,42.47,39.30,42.47,2647441,186652880.00
2020/07/10,44.69,46.74,42.73,46.74,6010757,466496992.00
2020/07/13,49.71,51.45,47.03,51.45,4689186,393343776.00
2020/07/14,52.09,55.78,48.82,52.96,4915955,427747168.00
2020/07/15,52.96,53.28,48.86,49.84,3478420,296508448.00
2020/07/16,48.54,51.46,44.95,45.01,3829985,310941344.00
2020/07/17,45.56,49.54,45.56,49.54,3495529,285321664.00
2020/07/20,51.50,51.65,48.05,50.01,2998202,250632960.00
2020/07/21,50.01,52.39,48.76,51.62,2252683,193895056.00
2020/07/22,50.90,52.47,50.90,51.40,2047110,178844048.00
2020/07/23,51.07,51.57,48.92,50.60,2558813,217645680.00
2020/07/24,49.71,49.94,46.92,47.10,2856860,233523040.00
2020/07/27,47.34,49.66,47.27,47.80,2131093,173939728.00
2020/07/28,48.82,48.82,46.65,47.33,1676083,134094096.00
2020/07/29,47.64,51.26,46.51,49.13,3902860,322744064.00
2020/07/30,49.22,49.39,46.83,47.99,2409100,195522096.00
2020/07/31,48.26,49.65,47.27,48.68,2604360,213192304.00
2020/08/03,49.12,49.12,48.03,49.03,2899087,238025216.00
2020/08/04,48.84,52.09,48.82,50.89,4557755,390690720.00
2020/08/05,50.77,55.67,49.59,53.90,5061766,458015776.00
2020/08/06,53.47,54.46,51.22,52.99,3315940,294546784.00
2020/08/07,52.15,54.06,51.25,52.21,2176775,193741072.00
2020/08/10,50.77,52.03,50.77,51.52,2146270,186822144.00
2020/08/11,52.47,55.06,51.20,51.47,3804380,342495136.00
2020/08/12,50.68,52.81,47.38,49.01,2742540,229467360.00
2020/08/13,49.12,50.49,48.34,49.64,1637880,136946432.00
2020/08/14,49.53,51.89,48.46,49.12,3039680,255346320.00
2020/08/17,48.34,49.12,46.14,48.76,2548540,205842432.00
2020/08/18,48.93,51.97,48.43,51.62,4093459,349494304.00
2020/08/19,52.09,53.20,50.96,51.92,2685140,235409936.00
2020/08/20,51.21,51.80,50.50,51.33,2067640,178423952.00
2020/08/21,52.62,53.27,51.03,52.36,2428580,215223808.00
2020/08/24,52.09,57.22,50.71,55.58,3592449,324045472.00
2020/08/25,55.71,56.62,53.22,53.63,2581540,238312400.00
2020/08/26,53.84,54.06,51.67,52.80,2011880,178915568.00
2020/08/27,51.21,54.87,50.55,53.34,2162540,193118976.00
2020/08/28,53.58,60.07,53.12,58.62,3447921,332084960.00
2020/08/31,58.58,61.00,56.78,57.03,3237985,319889920.00
2020/09/01,57.87,58.49,56.08,57.33,2163560,208650192.00
2020/09/02,57.45,58.49,56.74,57.23,1555200,150587280.00
2020/09/03,57.68,57.69,54.35,54.59,1854752,174613808.00
2020/09/04,53.84,55.55,53.34,53.92,1654140,151159920.00
2020/09/07,53.92,56.49,52.20,54.18,2108388,194848960.00
2020/09/08,54.37,56.20,53.64,55.38,1507900,139796112.00
2020/09/09,54.90,54.90,50.64,51.17,2736930,241101920.00
2020/09/10,51.50,52.81,49.06,49.06,2034280,174608976.00
2020/09/11,49.23,51.18,48.57,50.83,1558220,132249688.00
2020/09/14,51.15,52.81,50.48,51.20,1317625,114428296.00
2020/09/15,51.34,51.50,49.76,50.24,1060671,89914544.00
2020/09/16,50.26,50.56,48.74,49.42,1275282,106553960.00
2020/09/17,49.40,49.65,47.86,48.52,1518400,124393632.00
2020/09/18,47.91,49.71,46.87,48.97,1689929,138513504.00
2020/09/21,49.46,49.70,47.14,47.94,1875052,152219040.00
2020/09/22,47.36,48.33,47.36,47.45,1074899,86899104.00
2020/09/23,47.83,48.41,47.07,48.07,1143320,92371504.00
2020/09/24,48.07,48.31,46.61,46.68,1077260,85916160.00
2020/09/25,47.62,47.62,46.20,46.30,945600,74774592.00
2020/09/28,46.21,46.56,45.02,45.93,1042360,80768680.00
2020/09/29,46.55,46.67,45.44,46.07,845120,65960616.00
2020/09/30,46.47,48.77,45.93,47.17,1409360,112743576.00
2020/10/09,48.40,48.44,46.83,46.95,1552429,124073416.00
2020/10/12,46.62,47.47,43.18,46.40,4854861,370155936.00
2020/10/13,45.92,50.01,45.57,49.71,3562337,290449024.00
2020/10/14,49.12,49.12,45.44,47.22,3916449,309547200.00
2020/10/15,47.30,47.30,45.13,46.14,2501660,193906368.00
2020/10/16,45.55,46.49,44.99,45.44,1521189,117138080.00
2020/10/19,45.50,46.09,44.19,44.70,1376000,103902496.00
2020/10/20,44.08,45.29,42.89,44.84,1295260,97242744.00
2020/10/21,44.62,45.60,44.40,44.56,823400,62543452.00
2020/10/22,44.27,44.94,43.52,44.18,943500,70557104.00
2020/10/23,44.74,44.94,42.10,42.43,1485859,108777696.00
2020/10/26,41.08,42.86,40.07,42.52,1732176,122167088.00
2020/10/27,42.51,44.06,42.15,43.25,1235540,90139056.00
2020/10/28,43.27,44.15,42.45,43.91,1096120,80533864.00
2020/10/29,43.28,44.30,43.09,44.11,1021180,75797384.00
2020/10/30,44.34,45.16,42.70,42.70,1583719,117220336.00
2020/11/02,43.34,43.76,42.45,43.40,1592749,116493792.00
2020/11/03,43.12,43.75,42.93,43.31,899446,65815012.00
2020/11/04,43.36,44.71,42.87,43.00,1389580,102361096.00
2020/11/05,43.47,44.68,43.05,44.30,1925209,143280320.00
2020/11/06,44.07,44.36,42.94,43.18,1440389,105433560.00
2020/11/09,42.73,43.94,42.38,43.33,1227122,89935880.00
2020/11/10,43.34,47.40,43.11,46.16,3424040,263872144.00
2020/11/11,46.50,47.13,44.47,45.13,1612500,124435344.00
2020/11/12,44.86,44.95,43.45,43.81,1307319,97107616.00
2020/11/13,43.92,43.97,40.53,40.80,3525000,248242736.00
2020/11/16,41.39,41.77,39.15,40.18,3702232,250347088.00
2020/11/17,40.20,40.22,38.76,39.18,1432248,94782240.00
2020/11/18,39.24,41.66,39.13,40.22,2553580,175573088.00
2020/11/19,40.07,41.58,39.12,41.14,2103959,145011328.00
2020/11/20,41.20,41.90,40.72,41.45,1733280,121323784.00
2020/11/23,41.97,41.97,39.96,40.89,1645720,113706952.00
2020/11/24,40.79,43.70,40.79,43.52,3377359,242744224.00
2020/11/25,43.03,43.44,41.77,42.21,2081940,149544576.00
2020/11/26,42.03,42.08,40.61,41.43,1403320,97866784.00
2020/11/27,41.97,42.56,41.14,42.31,1292100,91726160.00
2020/11/30,42.57,42.57,40.71,40.96,1418020,98610408.00
2020/12/01,40.81,43.46,40.67,42.63,1997080,142617072.00
2020/12/02,43.16,43.16,41.26,41.74,1820860,128572032.00
2020/12/03,41.75,41.97,40.88,41.38,790880,55355244.00
2020/12/04,41.15,42.33,40.72,41.68,1057620,74334560.00
2020/12/07,41.68,43.08,41.31,42.96,1853320,133080496.00
2020/12/08,42.74,44.36,42.45,43.90,1981900,146165536.00
2020/12/09,44.36,44.62,42.81,42.81,961369,71153752.00
2020/12/10,42.96,44.36,42.96,43.11,1465942,108078960.00
2020/12/11,42.91,43.64,42.09,42.86,1466322,106287424.00
2020/12/14,42.85,44.28,42.59,44.19,1268862,94016512.00
2020/12/15,44.16,46.14,44.16,45.52,2092960,160308640.00
2020/12/16,45.44,45.44,42.52,43.64,1506720,112619296.00
2020/12/17,42.87,45.52,42.58,45.01,2496260,187741008.00
2020/12/18,45.19,45.52,44.16,44.56,853200,64422828.00
2020/12/21,44.56,45.25,44.18,44.30,1027800,77748568.00
2020/12/22,43.84,44.66,42.99,43.14,1295892,95923280.00
2020/12/23,42.92,43.46,42.36,42.39,1787880,129522976.00
2020/12/24,42.56,42.57,40.65,40.99,1971230,137446784.00
2020/12/25,40.96,41.66,40.07,40.98,1070071,74089784.00
2020/12/28,40.74,43.83,40.28,42.54,1671263,119610632.00
2020/12/29,41.97,42.98,41.15,42.15,1054993,74905792.00
2020/12/30,42.19,42.50,41.50,42.26,611426,43409268.00
2020/12/31,41.87,43.37,41.69,43.16,1595518,115581976.00
2021/01/04,43.46,45.13,43.11,43.94,2334448,174697808.00
2021/01/05,44.49,45.67,43.90,45.37,2966832,225752736.00
2021/01/06,45.56,47.01,45.07,46.02,1618876,125789440.00
2021/01/07,47.33,54.69,46.14,52.44,5374309,461952512.00
2021/01/08,52.57,55.83,50.19,51.45,5410221,480589696.00
2021/01/11,51.45,54.65,49.83,53.49,3328980,297094016.00
2021/01/12,52.87,54.99,52.39,54.58,2111195,192852016.00
2021/01/13,54.58,56.20,54.06,54.53,2047667,191126992.00
2021/01/14,53.89,55.68,53.60,55.00,2187799,202627552.00
2021/01/15,54.47,57.75,54.47,57.50,2904384,277613952.00
2021/01/18,57.74,59.58,56.54,57.77,2938423,287106304.00
2021/01/19,57.75,60.78,57.45,60.41,2413947,242822592.00
2021/01/20,58.15,60.13,55.15,60.11,4259926,416021056.00
2021/01/21,59.84,60.69,57.67,59.23,2185138,217793088.00
2021/01/22,58.70,59.49,57.53,58.63,1738273,171786864.00
2021/01/25,58.62,62.21,58.05,59.67,2052277,208619024.00
2021/01/26,59.67,60.12,57.32,58.46,1140728,112485824.00
2021/01/27,58.12,59.21,55.92,57.87,1542465,149904272.00
2021/01/28,58.05,58.48,55.49,55.66,1389485,133106968.00
2021/01/29,56.26,57.39,52.62,53.64,2019236,186116032.00
2021/02/01,53.66,54.30,52.62,53.14,2053022,185188464.00
2021/02/02,54.12,54.67,51.99,53.99,1418300,127966880.00
2021/02/03,54.77,54.77,52.49,52.53,1166644,104321360.00
2021/02/04,51.42,52.75,49.91,50.50,1695174,145948784.00
2021/02/05,50.43,51.80,49.53,49.72,1310180,111969304.00
2021/02/08,49.75,51.20,48.59,49.07,1063444,88696576.00
2021/02/09,49.09,51.29,48.70,50.78,1239522,105283856.00
2021/02/10,50.79,53.05,49.72,51.59,1485697,129389784.00
2021/02/18,53.88,53.88,50.07,50.31,1262008,109250272.00
2021/02/19,49.64,51.35,48.52,50.90,1304283,110389152.00
2021/02/22,51.30,51.30,48.46,48.53,1517508,126732120.00
2021/02/23,47.99,49.05,47.74,47.96,1012868,82917024.00
2021/02/24,47.86,48.69,45.55,46.52,1870275,147466064.00
2021/02/25,47.03,47.06,44.56,44.96,1395563,107115472.00
2021/02/26,44.58,45.41,43.83,44.47,1313216,98801616.00
2021/03/01,44.41,45.16,44.00,44.75,1678289,126623456.00
2021/03/02,44.89,45.87,44.38,45.30,1662821,127171872.00
2021/03/03,45.24,45.65,44.18,44.53,1327422,100364944.00
2021/03/04,44.95,44.95,42.93,43.27,1484309,109640680.00
2021/03/05,42.37,43.85,42.37,43.55,1256737,91559192.00
2021/03/08,43.62,43.94,41.72,41.72,1145156,83345616.00
2021/03/09,41.36,42.46,40.13,40.47,1462520,101493448.00
2021/03/10,42.57,42.87,40.54,42.24,1768130,125328896.00
2021/03/11,42.59,47.63,42.57,45.66,2568999,197557648.00
2021/03/12,44.65,46.44,43.40,45.86,2899121,220573968.00
2021/03/15,45.55,45.55,42.33,42.63,1756768,129424080.00
2021/03/16,43.05,44.84,42.76,44.41,1224480,91107336.00
2021/03/17,45.41,45.41,43.88,44.91,870937,65771048.00
2021/03/18,44.83,45.09,43.97,44.26,771488,57926212.00
2021/03/19,43.50,46.68,43.24,45.02,1252210,95622144.00
2021/03/22,44.95,45.72,44.69,45.55,747984,57114732.00
2021/03/23,44.95,45.84,44.36,44.58,728477,55236576.00
2021/03/24,44.36,44.84,44.15,44.28,444938,33446756.00
2021/03/25,44.11,46.00,43.94,45.12,617610,47141176.00
2021/03/26,45.12,45.65,44.54,44.95,639050,48563672.00
2021/03/29,45.25,47.15,45.24,47.00,1318430,103752952.00
2021/03/30,47.26,48.75,46.74,48.31,1263573,102548792.00
2021/03/31,48.34,49.18,47.51,48.99,1092182,89428672.00
2021/04/01,49.34,50.11,48.24,48.69,910793,75366952.00
2021/04/02,48.52,49.94,48.28,48.62,778571,64333228.00
2021/04/06,49.12,49.12,47.08,47.69,1081329,86980408.00
2021/04/07,48.27,48.31,46.74,47.30,838163,66870632.00
2021/04/08,47.30,47.62,46.50,46.86,678331,53995668.00
2021/04/09,46.60,47.35,46.21,46.42,568116,44746812.00
2021/04/12,46.42,47.33,45.13,45.33,703490,54588144.00
2021/04/13,45.25,46.10,43.65,44.04,889877,66722280.00
2021/04/14,44.04,46.24,43.95,45.77,832580,63947564.00
2021/04/15,45.89,46.14,44.90,45.70,549234,42418872.00
2021/04/16,45.56,46.41,45.31,45.72,506066,39201716.00
2021/04/19,46.13,49.30,45.56,48.77,1480278,120590856.00
2021/04/20,48.40,50.07,48.21,49.31,1068810,89357904.00
2021/04/21,49.17,50.31,48.88,50.10,877267,73942248.00
2021/04/22,50.04,50.04,48.87,49.12,1035035,86385248.00
2021/04/23,49.22,49.71,47.93,48.43,1352868,111323856.00
2021/04/26,47.45,49.63,47.03,48.81,1972549,161730368.00
2021/04/27,48.78,49.94,48.52,49.73,1070990,89415152.00
2021/04/28,49.42,51.79,49.24,51.37,1202753,103730456.00
2021/04/29,51.27,54.32,50.79,53.09,1633888,145618016.00
2021/04/30,52.87,54.36,52.51,53.39,1295747,116965448.00
2021/05/06,53.52,57.45,52.86,54.42,2395081,223414048.00
2021/05/07,54.94,55.67,52.21,52.75,1918868,173863248.00
2021/05/10,52.75,56.29,52.75,54.40,2961377,273768864.00
2021/05/11,54.65,58.78,54.65,58.64,5611163,544979840.00
2021/05/12,59.77,67.90,58.05,66.80,5777074,606792896.00
2021/05/13,71.26,72.93,60.86,65.35,8449105,959008896.00
2021/05/14,65.34,78.48,64.45,78.48,7204028,900752704.00
2021/05/17,75.31,78.26,72.23,73.10,5670773,715286912.00
2021/05/18,72.93,73.11,68.76,72.01,3512081,421613856.00
2021/05/19,74.18,76.80,70.64,71.86,3677715,459947936.00
2021/05/20,71.02,72.87,67.56,68.76,3326038,390596640.00
2021/05/21,69.45,69.64,65.42,66.13,3264162,367191840.00
2021/05/24,68.17,68.99,62.73,63.70,4462700,489079104.00
2021/05/25,63.37,64.30,61.32,63.83,3265832,347730976.00
2021/05/26,63.68,65.06,62.16,62.98,2531657,272703968.00
2021/05/27,63.49,64.06,62.21,63.68,1852393,197535232.00
2021/05/28,64.16,66.38,62.72,64.84,2790453,306861728.00
2021/05/31,64.99,65.87,63.33,64.16,1567348,169915888.00
2021/06/01,63.53,64.00,60.73,61.86,3190040,333482976.00
2021/06/02,62.19,62.32,58.06,58.12,3781520,378567360.00
2021/06/03,58.06,61.31,57.65,59.81,2632781,264998048.00
2021/06/04,59.53,60.67,58.88,60.49,1594925,160910720.00
2021/06/07,61.02,63.34,60.25,62.51,2730788,286630208.00
2021/06/08,62.52,62.99,59.81,61.30,1932348,200048192.00
2021/06/09,61.61,62.69,59.92,62.27,1852030,192230384.00
2021/06/10,62.21,62.74,60.90,62.23,1740665,181584288.00
2021/06/11,62.81,63.00,60.90,61.84,2391712,178001344.00
2021/06/15,61.83,62.56,60.16,60.73,1788802,131486616.00
2021/06/16,60.64,60.68,56.22,56.26,4211932,293134016.00
2021/06/17,56.52,59.66,56.51,58.73,3147561,221088400.00
2021/06/18,58.42,59.16,57.15,57.48,1709609,118851144.00
2021/06/21,57.60,58.05,55.91,57.26,2642217,181318048.00
2021/06/22,57.55,62.66,56.35,61.40,5029691,363933216.00
2021/06/23,61.85,64.35,60.94,64.15,3526878,267786512.00
2021/06/24,64.18,66.23,63.19,63.28,2557226,197396848.00
2021/06/25,63.19,64.78,62.56,64.47,2217763,170504736.00
2021/06/28,64.47,64.73,62.08,62.60,2327249,176157008.00
2021/06/29,63.09,63.44,62.09,62.76,1443491,109320488.00
2021/06/30,62.86,69.18,62.86,69.06,4327555,351549504.00
2021/07/01,69.50,70.51,67.85,68.89,2413731,201055504.00
2021/07/02,68.60,68.88,66.21,68.26,2652858,215698816.00
2021/07/05,68.84,73.35,68.56,72.14,3763444,324461856.00
2021/07/06,71.78,72.08,68.17,69.29,2745951,231217680.00
2021/07/07,68.34,70.25,68.15,68.38,1771483,146793728.00
2021/07/08,68.28,69.85,67.51,69.05,2277780,188955568.00
2021/07/09,68.43,69.01,64.94,66.50,3604812,287577120.00
2021/07/12,66.51,67.51,64.61,66.83,2350774,187505552.00
2021/07/13,66.83,71.06,66.07,68.76,2285810,190930832.00
2021/07/14,68.09,68.60,66.21,67.01,2731838,221019024.00
2021/07/15,68.16,71.85,67.77,71.33,5217335,444789024.00
2021/07/16,71.15,74.31,71.10,72.35,3697642,324103712.00
2021/07/19,72.35,73.56,68.43,69.22,4388304,370070144.00
2021/07/20,69.02,69.92,67.44,69.66,1999527,165645168.00
2021/07/21,70.26,74.30,70.10,73.26,3139982,274335584.00
2021/07/22,73.24,74.15,72.25,73.10,2253416,198410272.00
2021/07/23,72.76,73.17,69.67,70.65,2690351,229614256.00
2021/07/26,69.94,72.36,67.89,70.26,2823050,238527280.00
2021/07/27,71.77,74.83,70.60,72.60,4300015,376175616.00
2021/07/28,71.41,73.13,69.02,71.92,3306661,284092160.00
2021/07/29,71.41,72.17,68.19,70.56,4144771,349232352.00
2021/07/30,70.16,70.56,66.93,66.94,3931508,322613504.00
2021/08/02,66.72,72.85,64.86,72.70,4845449,406723328.00
2021/08/03,73.18,73.18,71.10,73.00,2642604,230175744.00
2021/08/04,73.01,83.31,73.01,78.42,9319343,881594368.00
2021/08/05,78.43,82.80,77.68,77.68,5946743,567356352.00
2021/08/06,77.36,78.67,71.46,71.72,6520656,577519552.00
2021/08/09,70.85,71.83,69.94,70.47,3267876,278055584.00
2021/08/10,70.52,71.18,66.96,68.51,5658232,464377088.00
2021/08/11,68.60,73.60,67.76,72.46,3771040,325688576.00
2021/08/12,73.43,85.68,73.17,84.60,10242861,1003303808.00
2021/08/13,84.60,90.16,83.18,88.91,6951277,726990464.00
2021/08/16,84.85,88.91,84.70,86.30,4901846,512494272.00
2021/08/17,88.60,94.75,87.60,88.24,5928601,641895424.00
2021/08/18,90.68,91.40,84.42,86.01,4515682,469699552.00
2021/08/19,89.01,100.47,85.51,97.83,8500622,967583360.00
2021/08/20,97.78,100.68,95.86,99.10,4486154,531176256.00
2021/08/23,98.01,98.71,95.33,97.66,4533950,529313760.00
2021/08/24,96.69,97.02,93.38,95.31,4224939,482036896.00
2021/08/25,95.66,97.00,91.69,96.11,3299289,375496224.00
2021/08/26,96.10,98.00,93.19,93.76,2613814,297915200.00
2021/08/27,94.21,96.25,91.10,93.76,3171272,357544224.00
2021/08/30,87.35,105.97,87.35,98.09,8063593,957573568.00
2021/08/31,100.25,100.25,93.47,94.66,4196314,478426656.00
2021/09/01,94.66,95.90,89.01,93.61,4238313,470167968.00
2021/09/02,94.01,97.18,91.61,91.78,3255846,367343360.00
2021/09/03,89.66,92.35,86.51,87.76,4864921,517504000.00
2021/09/06,87.35,87.35,80.70,85.40,4020593,407110848.00
2021/09/07,85.97,88.41,84.01,84.85,2960904,304427296.00
2021/09/08,86.51,86.51,82.46,83.82,3055396,307344032.00
2021/09/09,84.86,85.58,81.22,83.98,2639812,263526016.00
2021/09/10,83.58,84.81,81.36,84.26,2653897,265099344.00
2021/09/13,83.78,84.16,81.76,83.28,1960512,195282480.00
2021/09/14,83.28,86.43,82.43,84.34,2351244,239736368.00
2021/09/15,83.60,85.16,80.68,83.59,2717536,269489568.00
2021/09/16,85.58,88.16,81.16,81.49,3198253,323556064.00
2021/09/17,82.67,85.26,80.67,84.46,2367396,236344448.00
2021/09/22,83.18,84.02,81.18,81.71,1670801,165444208.00
2021/09/23,82.76,86.17,81.26,83.18,1970544,198029136.00
2021/09/24,82.76,85.42,80.34,84.33,2441312,244163888.00
2021/09/27,85.68,87.01,82.35,85.68,2058797,209558000.00
2021/09/28,83.86,91.76,83.86,88.69,3773848,402753888.00
2021/09/29,87.46,93.10,86.93,91.08,2909486,318488416.00
2021/09/30,92.41,93.16,90.68,90.68,2421881,267095632.00
2021/10/08,92.76,96.52,89.85,91.93,2305641,257612304.00
2021/10/11,90.93,92.31,87.86,88.16,1667475,179289216.00
2021/10/12,87.96,89.42,84.42,86.05,2294225,239084784.00
2021/10/13,86.05,87.14,84.94,86.40,1001023,103765760.00
2021/10/14,86.42,87.19,84.01,84.01,1085263,111803472.00
2021/10/15,84.25,85.66,80.68,84.60,2671427,266825376.00
2021/10/18,83.67,84.85,81.99,83.43,1641984,164443664.00
2021/10/19,83.43,86.26,82.57,85.27,1435087,145797792.00
2021/10/20,85.27,85.67,78.38,80.68,4910159,478732832.00
2021/10/21,81.51,82.31,77.51,77.83,3483043,331516352.00
2021/10/22,77.41,79.26,75.35,76.18,3053996,281895520.00
2021/10/25,76.34,77.18,75.00,76.93,1725417,158106960.00
2021/10/26,76.96,79.00,76.96,77.92,1553701,145599328.00
2021/10/27,77.96,80.39,76.78,78.18,1810495,171123696.00
2021/10/28,77.42,79.85,75.56,76.57,1989912,183561168.00
2021/10/29,75.38,84.29,74.43,82.26,5089939,492797536.00
2021/11/01,82.07,84.43,80.23,80.43,2354336,232692288.00
2021/11/02,80.23,81.63,79.01,80.76,1460154,141190448.00
2021/11/03,80.76,82.20,79.18,80.48,1208525,116704672.00
2021/11/04,80.48,82.57,79.96,80.51,1194999,116065864.00
2021/11/05,80.51,81.51,78.94,79.01,1933038,186146160.00
2021/11/08,79.44,80.60,78.76,79.84,1228836,117308464.00
2021/11/09,80.68,81.51,79.35,81.26,1804179,174863072.00
2021/11/10,81.17,81.88,78.19,78.36,1377569,131141480.00
2021/11/11,78.35,79.42,77.35,77.71,1287140,121074888.00
2021/11/12,76.65,78.71,76.53,78.10,1383639,129868968.00
2021/11/15,77.35,79.19,77.08,77.27,1144806,107299136.00
2021/11/16,77.10,77.35,74.57,74.86,2509709,226888608.00
2021/11/17,74.85,78.73,74.06,75.96,2130595,194213504.00
2021/11/18,75.81,75.96,71.39,72.58,3467777,303800672.00
2021/11/19,72.56,73.15,69.62,72.18,3093426,263673472.00
2021/11/22,71.55,74.45,71.26,72.78,1787859,156254080.00
2021/11/23,72.78,73.48,70.10,70.35,2248007,192562480.00
2021/11/24,70.36,77.00,70.36,75.41,4946081,440807072.00
2021/11/25,74.81,75.67,72.10,75.62,2587799,229535360.00
2021/11/26,75.60,76.00,73.31,74.90,1767468,159279504.00
2021/11/29,73.68,75.59,73.26,74.24,1119140,100184136.00
2021/11/30,74.51,78.91,73.86,78.48,3464991,320490848.00
2021/12/01,78.18,79.45,76.65,79.23,1937903,182464592.00
2021/12/02,78.96,79.79,77.58,77.84,964160,90695752.00
2021/12/03,77.19,78.08,74.76,75.12,1761135,160916064.00
2021/12/06,74.43,75.51,72.21,72.26,1294340,114425104.00
2021/12/07,73.29,75.73,70.70,74.72,2092510,184691344.00
2021/12/08,74.91,78.16,74.01,77.83,1707105,158123776.00
2021/12/09,77.61,78.58,76.82,77.99,1113661,104350280.00
2021/12/10,77.36,79.42,77.10,79.00,1292588,122056080.00
2021/12/13,79.17,83.18,78.75,81.65,2404299,235934864.00
2021/12/14,81.25,82.08,78.66,79.38,1533240,147566192.00
2021/12/15,79.17,81.40,78.06,80.24,1187891,114465112.00
2021/12/16,80.23,83.12,79.48,82.49,1405720,138501744.00
2021/12/17,81.51,83.18,80.75,80.96,1178320,115346600.00
2021/12/20,81.26,86.13,79.52,83.23,2870359,287803296.00
2021/12/21,83.23,86.68,82.35,86.51,2086345,213284368.00
2021/12/22,86.52,88.01,84.87,87.48,1500691,156595904.00
2021/12/23,89.01,89.38,86.28,87.76,1290585,136442752.00
2021/12/24,87.51,88.39,84.35,85.87,898251,92872952.00
2021/12/27,85.88,86.86,83.18,85.53,1235812,126162496.00
2021/12/28,88.18,89.85,86.51,87.35,1334110,140845760.00
2021/12/29,87.77,91.26,86.94,89.27,1467922,157851456.00
2021/12/30,90.17,90.17,86.76,87.16,1234980,130363088.00
2021/12/31,87.14,88.18,86.11,86.81,864091,90149016.00
2022/01/04,87.71,88.38,85.53,85.98,958961,100304760.00
2022/01/05,85.71,86.16,79.48,80.18,2589858,254368336.00
2022/01/06,78.57,82.35,77.36,81.41,1793288,172414272.00
2022/01/07,80.86,81.41,77.77,78.47,1185791,113059032.00
2022/01/10,77.71,82.25,77.71,81.19,1106380,107027088.00
2022/01/11,81.02,82.80,79.62,80.51,685920,66572700.00
2022/01/12,80.61,81.76,80.04,81.18,658972,63975608.00
2022/01/13,81.90,81.90,77.86,78.43,995594,94609808.00
2022/01/14,78.32,78.99,75.37,76.05,1239586,114147336.00
2022/01/17,76.43,77.29,75.68,75.92,845905,77757936.00
2022/01/18,76.76,77.70,74.63,77.51,1053760,97092312.00
2022/01/19,77.06,77.89,74.94,76.59,1007380,92215400.00
2022/01/20,76.58,76.60,75.01,75.43,642274,58323372.00
2022/01/21,75.16,76.81,74.64,74.87,796691,72281408.00
2022/01/24,74.85,76.10,73.25,74.95,781480,70093464.00
2022/01/25,75.06,77.89,74.85,74.91,878388,80381920.00
2022/01/26,74.86,76.49,73.68,76.11,879748,79619072.00
2022/01/27,76.48,77.85,74.51,75.22,1220731,111828176.00
2022/01/28,75.11,76.05,71.53,73.36,1380531,122332744.00
2022/02/07,74.01,76.24,73.60,74.26,636696,57249924.00
2022/02/08,73.91,76.35,73.57,76.03,536440,48387096.00
2022/02/09,76.02,81.13,75.57,79.71,1307146,124458784.00
2022/02/10,80.64,80.64,78.68,79.44,699968,66670452.00
2022/02/11,79.04,80.25,76.78,76.93,585100,55102980.00
2022/02/14,75.54,76.75,74.43,75.85,927242,83937416.00
2022/02/15,76.14,76.14,74.15,75.09,547825,49331516.00
2022/02/16,75.20,76.33,74.56,75.57,506710,45906328.00
2022/02/17,75.57,75.67,74.61,74.92,577537,52065784.00
2022/02/18,74.46,75.12,73.86,74.06,783285,69985920.00
2022/02/21,73.88,74.46,71.39,72.06,1393787,121233528.00
2022/02/22,71.86,71.86,69.65,70.11,1340692,113603024.00
2022/02/23,70.11,72.71,70.11,70.96,1134797,97138784.00
2022/02/24,70.72,71.18,65.43,67.31,3645131,297044736.00
2022/02/25,66.61,68.17,66.61,67.48,938269,76144832.00
2022/02/28,67.26,70.12,66.10,68.85,1333104,109255640.00
2022/03/01,69.02,69.64,66.37,67.47,1402544,113546032.00
2022/03/02,66.94,67.35,65.02,65.25,1074480,84759960.00
2022/03/03,65.26,65.96,63.18,63.84,1271993,97960360.00
2022/03/04,63.49,63.50,59.85,60.89,2405634,177692288.00
2022/03/07,60.88,60.88,56.39,57.14,2517112,174741168.00
2022/03/08,57.37,58.10,52.31,52.55,4160925,270259776.00
2022/03/09,53.08,53.14,49.16,52.04,3225140,199567280.00
2022/03/10,53.75,54.43,51.01,51.60,2562972,161043744.00
2022/03/11,50.84,54.19,50.27,53.65,2872023,181467056.00
2022/03/14,53.30,56.14,52.44,54.17,2611452,171367120.00
2022/03/15,53.76,54.26,51.10,51.58,2408799,153038688.00
2022/03/16,51.95,53.17,49.65,52.40,2392028,147738048.00
2022/03/17,55.68,55.85,52.64,55.30,3516878,231308896.00
2022/03/18,54.81,56.99,53.56,55.92,2244372,149532144.00
2022/03/21,54.30,56.97,52.73,53.44,2823980,184204448.00
2022/03/22,53.78,54.10,50.54,50.90,2716836,167991088.00
2022/03/23,51.15,52.35,50.03,51.75,1934820,119601656.00
2022/03/24,51.73,51.73,50.41,50.96,1267000,77718480.00
2022/03/25,50.98,51.50,49.21,49.35,1557756,93715128.00
2022/03/28,49.75,49.84,48.10,48.55,2838928,166260288.00
2022/03/29,48.52,49.59,47.46,48.12,1549687,90456968.00
2022/03/30,48.96,51.47,48.13,50.61,1852153,111764400.00
2022/03/31,50.35,50.95,49.64,50.23,1377542,83244080.00
2022/04/01,49.94,50.52,48.50,49.35,2221775,132025560.00
2022/04/06,49.35,49.37,47.69,48.30,1036558,60079088.00
2022/04/07,48.19,48.19,45.25,45.33,2613832,145255040.00
2022/04/08,45.68,46.99,44.85,45.89,1999336,110078808.00
2022/04/11,45.12,45.58,43.08,43.65,1573092,83590216.00
2022/04/12,43.65,43.82,42.03,43.32,1632484,84213384.00
2022/04/13,43.31,43.31,40.68,40.85,2118270,106310632.00
2022/04/14,41.05,42.85,41.05,42.26,1304681,66381320.00
2022/04/15,43.06,43.08,40.72,40.93,1081850,53831352.00
2022/04/18,40.70,41.89,40.26,41.68,1412700,70105136.00
2022/04/19,41.95,42.09,40.60,41.99,1531545,76742400.00
2022/04/20,41.95,45.01,41.95,43.59,2664078,140356720.00
2022/04/21,43.45,44.27,41.18,41.26,2036680,104926424.00
2022/04/22,41.27,41.85,39.85,41.00,1299365,64003608.00
2022/04/25,39.85,40.00,36.51,36.55,2063077,95623864.00
2022/04/26,37.07,39.68,36.55,37.99,3286955,152311920.00
2022/04/27,38.11,41.57,38.10,40.57,3697740,176482832.00
2022/04/28,40.43,42.63,39.77,40.29,2232383,110264136.00
2022/04/29,41.18,41.50,39.35,41.07,2698069,132034552.00
2022/05/05,41.10,43.63,41.10,42.98,2700470,138541872.00
2022/05/06,41.62,42.61,41.12,41.82,1328955,67092764.00
2022/05/09,41.72,43.86,41.22,43.05,1759487,91270160.00
2022/05/10,42.04,45.68,41.98,44.85,1990828,106606296.00
2022/05/11,44.85,46.24,44.68,45.01,2396531,131016488.00
2022/05/12,45.68,47.87,43.90,45.75,3372339,186140400.00
2022/05/13,45.55,46.41,44.72,45.55,2468131,135205392.00
2022/05/16,45.75,49.35,45.75,47.63,4208597,244272256.00
2022/05/17,47.25,48.10,46.15,47.71,2253627,128116856.00
2022/05/18,47.24,48.00,46.01,47.25,2370990,134240672.00
2022/05/19,46.10,52.24,46.03,51.85,4162696,247137264.00
2022/05/20,52.26,53.96,51.80,53.80,3294096,209198032.00
2022/05/23,53.71,57.15,53.71,57.01,4513169,301091872.00
2022/05/24,57.01,57.51,54.93,55.93,2807130,190884400.00
2022/05/25,55.68,56.25,53.85,55.77,2422135,160509968.00
2022/05/26,58.09,59.15,52.55,59.13,4308618,240494768.00
2022/05/27,57.57,58.92,55.09,55.15,2186195,124296248.00
2022/05/30,56.46,58.36,54.20,57.84,2641401,150387440.00
2022/05/31,58.58,60.04,57.24,60.04,1948274,115125688.00
2022/06/01,59.52,63.28,58.86,60.12,2863846,175055952.00
2022/06/02,62.12,62.23,58.11,58.52,2622359,156463472.00
2022/06/06,58.39,58.58,55.72,56.68,4712913,268383760.00
2022/06/07,56.68,57.39,53.91,55.22,3946330,217443472.00
2022/06/08,55.73,58.85,55.32,56.63,3750091,214298480.00
2022/06/09,56.67,58.42,56.08,58.22,2521709,145175488.00
2022/06/10,58.21,61.27,57.39,61.06,3511740,211838352.00
2022/06/13,60.55,60.85,58.52,60.29,2644022,157781792.00
2022/06/14,60.10,60.48,58.77,60.22,1623087,96834752.00
2022/06/15,60.16,63.35,60.15,63.02,2880663,179921504.00
2022/06/16,62.61,63.22,60.52,61.27,2340818,144359568.00
2022/06/17,60.42,63.96,60.09,63.21,2635176,165845568.00
2022/06/20,63.92,64.11,61.51,61.84,2128641,132926784.00
2022/06/21,62.55,62.55,60.92,61.56,1366852,84460608.00
2022/06/22,61.91,61.91,59.97,60.24,1603895,97555064.00
2022/06/23,58.39,61.30,58.01,60.92,3854006,232385664.00
2022/06/24,61.08,61.08,57.43,58.50,4550587,271183008.00
2022/06/27,58.70,61.70,58.57,58.81,3946134,235011632.00
2022/06/28,58.86,59.37,54.92,56.37,4392965,247351456.00
2022/06/29,56.51,56.91,54.52,55.44,3243446,180532576.00
2022/06/30,55.49,58.79,55.49,58.10,3448023,198552672.00
2022/07/01,58.10,58.13,55.95,57.22,2141016,121720648.00
2022/07/04,57.20,57.58,55.62,55.71,3086226,173896528.00
2022/07/05,55.91,56.25,53.10,54.32,3910623,211645760.00
2022/07/06,54.33,55.53,52.89,53.24,3011843,162248064.00
2022/07/07,53.26,54.07,52.17,53.36,1831291,97433912.00
2022/07/08,54.27,54.54,52.22,52.24,1887709,100199480.00
2022/07/11,51.89,53.52,50.75,52.78,3170298,165981552.00
2022/07/12,52.79,53.47,51.37,51.72,2144994,112131712.00
2022/07/13,51.34,52.00,50.97,51.10,1356000,69851104.00
2022/07/14,50.82,53.78,50.52,51.82,2979228,156200224.00
2022/07/15,52.00,52.29,49.52,49.59,3512945,177855728.00
2022/07/18,49.68,51.60,48.93,51.16,3828422,193300912.00
2022/07/19,51.06,53.24,50.27,52.15,3798425,198320832.00
2022/07/20,52.24,54.98,51.42,54.22,4209152,226513536.00
2022/07/21,54.48,55.10,53.52,53.82,2802972,152739856.00
2022/07/22,55.08,55.27,52.10,52.53,2966642,157481504.00
2022/07/25,52.12,54.09,51.86,52.93,1963854,104582616.00
2022/07/26,52.93,54.91,52.82,54.42,2147442,116824568.00
2022/07/27,54.24,54.77,53.66,54.65,1432757,77901928.00
2022/07/28,54.73,59.21,54.73,57.92,4312671,249660256.00
2022/07/29,57.92,59.87,57.60,58.62,3402854,201051872.00
2022/08/01,58.86,61.58,57.73,60.92,3234910,195959200.00
2022/08/02,59.99,62.52,58.42,61.07,4453656,269757824.00
2022/08/03,59.52,62.03,57.02,57.38,4266387,252660160.00
2022/08/04,58.54,61.67,58.54,60.86,4211584,255500320.00
2022/08/05,61.24,62.31,59.13,60.41,2694761,163543872.00
2022/08/08,60.42,61.11,58.91,59.18,2366604,141390064.00
2022/08/09,59.19,59.77,58.17,58.94,2145785,126389464.00
2022/08/10,58.53,60.78,57.92,59.92,1917896,115164000.00
2022/08/11,59.89,63.34,59.89,62.54,4314138,270286496.00
2022/08/12,62.72,63.10,61.18,62.52,1928277,120435048.00
2022/08/15,62.23,65.64,61.73,65.26,2930350,190086816.00
2022/08/16,65.47,66.50,64.72,65.43,2468943,162159568.00
2022/08/17,65.12,65.14,62.92,63.82,2047820,131031336.00
2022/08/18,63.81,63.85,60.62,61.42,2589196,160116352.00
2022/08/19,61.92,61.95,58.70,58.80,2040314,122280408.00
2022/08/22,59.08,62.21,58.44,61.42,1626203,99338096.00
2022/08/23,61.31,61.72,59.99,60.87,1280950,77635856.00
2022/08/24,60.87,61.02,58.20,59.70,1937627,115249072.00
2022/08/25,60.42,60.42,58.42,59.12,1161022,68937664.00
2022/08/26,59.10,61.92,58.24,60.50,1663647,100878144.00
2022/08/29,58.11,60.33,57.92,59.19,1628321,96365288.00
2022/08/30,58.80,59.90,55.74,56.72,2905302,165020288.00
2022/08/31,55.78,56.72,53.92,55.32,2311967,127566816.00
2022/09/01,54.67,55.81,53.60,55.02,1691197,92419584.00
2022/09/02,54.58,56.59,53.92,55.92,1510209,84303400.00
2022/09/05,55.98,57.92,53.67,54.72,2343969,129713216.00
2022/09/06,53.92,54.73,51.48,53.33,3190881,168370512.00
2022/09/07,52.88,53.67,52.10,52.91,1870697,99023928.00
2022/09/08,52.91,54.01,52.13,53.47,1745206,92966336.00
2022/09/09,52.97,56.31,52.93,56.10,2109977,116659976.00
2022/09/13,56.44,56.69,54.38,54.68,1606947,88348880.00
2022/09/14,53.92,54.51,52.27,52.69,1301485,69463976.00
2022/09/15,52.95,54.75,51.23,51.98,1944339,102856392.00
2022/09/16,51.97,52.57,50.98,51.28,1106974,57416808.00
2022/09/19,50.92,51.50,49.58,50.02,1608475,80795528.00
2022/09/20,51.47,52.81,50.11,51.23,1449723,75082024.00
2022/09/21,50.80,51.53,49.92,50.07,1154216,58338524.00
2022/09/22,49.41,50.11,48.92,49.00,1147866,56667792.00
2022/09/23,48.95,50.27,48.28,48.98,1194295,58614564.00
2022/09/26,48.97,50.72,48.20,49.94,1362420,67970896.00
2022/09/27,50.17,52.22,49.52,51.92,1212855,61797548.00
2022/09/28,51.91,52.50,49.64,49.88,1108333,56248332.00
2022/09/29,50.18,50.80,49.33,49.92,1626876,81287936.00
2022/09/30,50.92,50.92,46.92,47.75,1677043,80751984.00
2022/10/10,47.62,47.62,45.32,46.02,1499347,69145104.00
2022/10/11,46.22,46.77,45.03,45.32,812078,37115632.00
2022/10/12,44.92,45.72,43.32,45.47,1275880,56878908.00
2022/10/13,45.47,47.12,44.40,45.12,1601051,73719792.00
2022/10/14,45.90,47.52,45.42,47.12,1510571,70900208.00
2022/10/17,46.77,48.51,46.42,48.02,1173452,55821984.00
2022/10/18,48.34,48.78,46.80,46.89,1106528,52543564.00
2022/10/19,46.89,47.73,45.73,46.02,1292463,60316340.00
2022/10/20,46.02,47.30,44.94,46.08,1211408,55978940.00
2022/10/21,46.07,46.62,45.26,46.33,724094,33312248.00
2022/10/24,46.30,48.11,44.37,45.53,1130799,52213636.00
2022/10/25,43.92,44.95,41.98,44.25,2893792,126790960.00
2022/10/26,44.10,46.52,44.10,45.82,1883282,85802688.00
2022/10/27,45.49,46.92,44.22,44.25,1685356,76791320.00
2022/10/28,43.49,44.52,41.79,41.96,1655891,71244320.00
2022/10/31,41.92,42.76,41.11,42.30,1702474,71610248.00
2022/11/01,42.42,45.19,42.42,45.12,1605464,70923360.00
2022/11/02,45.71,47.32,45.13,46.82,1848979,85512896.00
2022/11/03,46.82,47.74,46.41,47.07,1258175,59446972.00
2022/11/04,46.98,48.40,46.57,47.92,2058774,97846008.00
2022/11/07,47.89,48.42,47.37,47.79,1253666,59961704.00
2022/11/08,47.71,48.42,47.04,47.37,813608,38661160.00
2022/11/09,47.72,47.72,46.94,47.02,889106,42046548.00
2022/11/10,46.86,47.11,45.85,46.42,1043120,48379544.00
2022/11/11,47.92,50.13,47.17,49.30,2271821,110544456.00
2022/11/14,49.92,50.89,47.50,47.80,2104210,102897864.00
2022/11/15,47.78,50.26,47.20,50.09,1924543,95272376.00
2022/11/16,49.92,50.42,49.15,49.47,1078056,53683288.00
2022/11/17,49.48,49.48,46.82,48.14,1986335,95058760.00
2022/11/18,48.51,49.84,47.72,48.02,1964577,96392384.00
2022/11/21,47.90,47.90,46.49,47.62,1632930,77021832.00
2022/11/22,47.87,47.87,46.63,47.13,1292597,61009136.00
2022/11/23,47.13,47.22,45.60,45.90,1313088,60778780.00
2022/11/24,45.72,46.97,45.13,46.61,2124001,98280384.00
2022/11/25,46.35,47.45,46.13,47.24,1416596,66643196.00
2022/11/28,46.72,49.88,46.14,48.92,2185089,106297696.00
2022/11/29,49.16,49.87,47.23,47.32,2266930,109527176.00
2022/11/30,47.10,48.42,46.61,47.80,1544096,73754744.00
2022/12/01,48.52,51.82,48.47,51.56,3200908,163113456.00
2022/12/02,51.62,52.86,50.64,50.72,2013192,103583752.00
2022/12/05,50.52,52.41,49.93,50.42,1558783,78807080.00
2022/12/06,50.51,51.89,49.76,51.52,1746523,89460120.00
2022/12/07,51.31,51.62,50.04,50.22,1219180,61672156.00
2022/12/08,50.29,50.98,49.29,50.42,927828,46771012.00
2022/12/09,50.43,52.17,49.78,51.99,1728331,88864824.00
2022/12/12,51.93,52.03,50.42,50.81,1593303,81378616.00
2022/12/13,50.86,50.91,49.37,49.39,1073124,53621528.00
2022/12/14,49.56,50.05,48.50,48.62,1075463,52918728.00
2022/12/15,48.62,49.21,47.97,48.92,679880,33096200.00
2022/12/16,48.88,49.49,47.93,48.31,608818,29465114.00
2022/12/19,48.76,49.27,46.79,47.00,804780,38536888.00
2022/12/20,46.97,47.42,46.13,46.60,696641,32566304.00
2022/12/21,46.67,47.17,45.30,45.99,660951,30367224.00
2022/12/22,45.99,47.04,44.67,44.70,1019505,46512176.00
2022/12/23,44.81,45.51,44.44,44.92,534161,24108124.00
2022/12/26,44.97,47.90,44.97,47.24,1234451,58001704.00
2022/12/27,47.42,47.71,46.81,46.97,456535,21504900.00
2022/12/28,47.27,47.27,45.68,45.92,799906,36961064.00
2022/12/29,46.32,48.58,45.61,47.43,1167252,55478172.00
2022/12/30,47.54,48.42,46.67,46.67,1165652,55229628.00
2023/01/03,46.70,47.30,45.82,47.04,922945,43093036.00
2023/01/04,46.92,48.87,46.52,48.42,1400157,67402176.00
2023/01/05,48.41,50.32,48.24,49.50,1685711,83951584.00
2023/01/06,50.02,50.02,48.43,48.56,1202925,58950188.00
2023/01/09,48.62,50.42,48.62,49.78,1614908,80511128.00
2023/01/10,49.92,50.81,49.03,50.53,1342150,67312448.00
2023/01/11,50.52,50.89,49.98,50.30,766097,38662356.00
2023/01/12,51.01,52.42,50.31,51.40,1870031,96660296.00
2023/01/13,51.34,52.02,51.10,51.21,831334,42839092.00
2023/01/16,50.97,52.18,50.74,50.82,1132196,58425352.00
2023/01/17,50.77,51.74,50.58,50.86,584020,29870416.00
2023/01/18,50.86,50.96,50.10,50.17,823255,41579100.00
2023/01/19,50.17,50.83,49.75,50.58,662733,33467696.00
2023/01/20,50.58,51.42,50.28,50.67,870144,44176624.00
2023/01/30,51.20,52.42,50.52,51.48,1549426,80012888.00
2023/01/31,51.48,52.07,50.92,51.53,931289,48090424.00
2023/02/01,51.94,52.12,50.82,51.06,1232954,63253508.00
2023/02/02,50.92,53.38,50.74,52.42,2000063,104630368.00
2023/02/03,52.03,52.68,50.83,51.23,1069125,54956160.00
2023/02/06,50.23,51.27,50.23,50.58,939401,47755404.00
2023/02/07,51.82,52.92,49.39,50.94,2189007,111557144.00
2023/02/08,50.94,52.30,50.25,50.34,1063519,54500096.00
2023/02/09,50.34,52.52,50.32,51.76,1879288,97431952.00
2023/02/10,52.17,54.13,51.47,53.28,2589822,137178032.00
2023/02/13,54.46,56.40,53.84,53.90,3262611,179902528.00
2023/02/14,54.47,54.71,53.57,53.62,1434456,77505984.00
2023/02/15,53.49,53.92,52.27,52.65,1219621,64665884.00
2023/02/16,52.52,52.85,50.30,50.76,1609790,83031872.00
2023/02/17,50.47,51.01,49.83,49.99,1501360,75696336.00
2023/02/20,49.78,51.60,49.17,51.32,2423729,122927416.00
2023/02/21,51.26,51.39,50.00,50.52,2293975,116276088.00
2023/02/22,50.52,50.68,49.91,50.20,705345,35477184.00
2023/02/23,50.79,51.57,50.34,50.84,1413841,72162360.00
2023/02/24,50.72,50.73,49.70,50.27,920231,46178020.00
2023/02/27,50.15,50.29,48.49,48.82,1743752,85867240.00
2023/02/28,48.84,49.34,47.70,48.58,1499835,72606560.00
2023/03/01,48.81,48.81,47.92,48.66,1055115,51184628.00
2023/03/02,48.66,49.51,47.92,48.83,1194346,58628524.00
2023/03/03,48.84,50.48,48.72,49.69,1095514,54638620.00
2023/03/06,50.03,50.04,47.40,48.50,2016080,96960912.00
2023/03/07,48.15,48.15,46.32,46.69,1523072,71863856.00
2023/03/08,46.42,46.66,45.38,45.75,1737558,79602240.00
2023/03/09,45.75,46.09,45.25,45.77,906680,41503064.00
2023/03/10,45.75,45.75,45.19,45.27,717780,32650706.00
2023/03/13,45.38,46.04,44.24,44.45,1220876,54737232.00
2023/03/14,44.50,44.89,43.02,43.88,1663821,72846472.00
2023/03/15,43.70,44.67,43.44,43.67,802246,35277612.00
2023/03/16,43.28,43.80,42.89,43.06,1464434,63595212.00
2023/03/17,43.65,44.36,42.94,42.95,991745,43336916.00
2023/03/20,43.48,43.70,42.45,43.37,1002545,43172216.00
2023/03/21,43.36,44.22,43.11,43.61,753219,32946420.00
2023/03/22,44.13,44.13,42.92,43.32,991074,43081240.00
2023/03/23,43.62,43.62,42.68,42.93,774897,33413322.00
2023/03/24,43.06,43.06,41.12,41.70,2654486,111149128.00
2023/03/27,41.88,41.88,40.62,41.18,1738698,71728528.00
2023/03/28,41.55,41.55,40.07,40.71,2259215,91822416.00
2023/03/29,40.74,41.23,40.29,40.57,1084917,44344676.00
2023/03/30,40.53,41.08,40.17,40.77,1524879,61925788.00
2023/03/31,40.77,41.72,40.67,41.02,1228335,50744088.00
2023/04/03,40.97,41.57,40.43,41.17,1687362,69496696.00
2023/04/04,41.27,41.76,40.53,40.91,1722214,70821192.00
2023/04/06,40.74,41.02,40.35,40.57,1094465,44510700.00
2023/04/07,40.97,41.12,40.41,40.41,763674,31156620.00
2023/04/10,40.41,40.85,40.09,40.74,1034847,41878056.00
2023/04/11,40.42,40.73,40.05,40.20,858252,34653000.00
2023/04/12,40.20,40.24,38.41,38.65,2701615,105928696.00
2023/04/13,38.51,38.60,37.62,38.27,1576738,60151972.00
2023/04/14,37.92,38.47,37.14,37.91,2119215,80588768.00
2023/04/17,37.41,39.14,37.22,38.72,2134283,82751824.00
2023/04/18,39.37,41.12,38.95,40.16,3154639,127350744.00
2023/04/19,40.16,41.19,39.32,40.71,2032211,82041496.00
2023/04/20,40.45,40.62,38.85,39.09,1689003,66889076.00
2023/04/21,38.97,39.62,38.19,38.26,1283220,49715408.00
2023/04/24,38.26,38.43,36.92,37.19,1715371,64440844.00
2023/04/25,37.19,37.72,34.30,35.23,3773045,134710320.00
2023/04/26,35.89,36.32,34.62,34.77,2616242,92619696.00
2023/04/27,35.22,35.43,34.42,35.39,2310103,81224000.00
2023/04/28,34.94,36.02,34.15,34.65,2015512,70331672.00
2023/05/04,34.24,35.34,33.88,34.07,1532381,52784776.00
2023/05/05,34.12,34.34,32.98,33.08,2198852,73389296.00
2023/05/08,33.15,33.80,32.86,33.52,1700991,56833196.00
2023/05/09,33.65,33.65,31.98,32.35,2621026,85831792.00
2023/05/10,32.34,32.41,31.23,32.04,3966317,126903872.00
2023/05/11,32.22,32.58,31.67,32.29,2327207,75144840.00
2023/05/12,32.34,32.68,30.93,31.40,4582651,144693488.00
2023/05/15,31.75,33.85,31.68,32.99,5025242,166859600.00
2023/05/16,32.99,32.99,31.81,31.98,2874547,92677568.00
2023/05/17,31.91,32.26,31.58,31.72,1754091,55997964.00
2023/05/18,31.93,32.05,30.95,31.10,1813882,56981520.00
2023/05/19,31.20,31.20,30.61,30.72,2534013,78255152.00
2023/05/22,30.69,31.05,30.15,30.92,2415533,74164144.00
2023/05/23,30.92,31.13,30.35,30.35,1828215,56071568.00
2023/05/24,30.45,30.45,29.22,29.24,4864172,144409728.00
2023/05/25,29.35,29.40,28.42,28.90,4424988,127933632.00
2023/05/26,28.90,29.27,28.25,28.46,2898799,82904832.00
2023/05/29,28.65,28.86,27.62,27.84,4242505,119126456.00
2023/05/30,27.69,28.05,26.69,27.10,5639878,153539584.00
2023/05/31,27.21,27.65,26.22,26.27,4913700,130966240.00
2023/06/01,26.18,26.86,25.89,26.45,4661574,123594832.00
2023/06/02,26.56,27.47,26.52,27.42,3940510,107254120.00
2023/06/05,27.36,27.37,26.91,27.14,2736225,74290504.00
2023/06/06,27.40,27.61,26.47,26.58,3355719,90609088.00
2023/06/07,26.59,26.71,25.87,25.96,2539536,66682616.00
2023/06/08,25.89,26.17,25.72,25.93,2627923,68364088.00
2023/06/09,25.95,26.52,25.73,26.09,2016924,52770340.00
2023/06/12,26.09,27.41,25.51,26.89,4169698,111297560.00
2023/06/13,26.81,27.22,26.32,26.42,2674127,71359224.00
2023/06/14,26.61,26.79,26.23,26.53,1959971,52174376.00
2023/06/15,26.70,27.40,26.31,27.24,3195290,86626856.00
2023/06/16,27.25,27.80,27.10,27.71,2868506,79195144.00
2023/06/19,27.69,27.86,26.58,26.70,3908816,105601024.00
2023/06/20,26.90,26.90,26.32,26.39,3375229,89767288.00
2023/06/21,26.33,26.68,25.67,25.73,2141744,56008368.00
2023/06/26,25.52,25.68,24.20,24.55,7540312,186573984.00
2023/06/27,24.55,25.29,24.50,24.79,4958478,123720064.00
2023/06/28,24.78,24.97,24.07,24.37,4014737,97965544.00
2023/06/29,24.42,25.07,24.33,24.43,4801902,119136136.00
2023/06/30,24.54,25.92,24.29,25.28,7594402,190471088.00
2023/07/03,25.31,25.91,24.42,24.88,10553877,265401168.00
2023/07/04,24.98,25.14,24.62,24.79,6282715,156690096.00
2023/07/05,24.88,24.89,24.08,24.14,4766336,116639360.00
2023/07/06,24.08,24.62,23.72,24.46,6051953,146756992.00
2023/07/07,24.28,24.29,23.65,23.75,5227129,125090072.00
2023/07/10,23.90,25.57,23.90,24.34,13331428,331173344.00
2023/07/11,24.47,25.20,24.08,25.00,9274611,231097136.00
2023/07/12,25.17,25.30,24.18,24.23,7672712,188802016.00
2023/07/13,24.41,24.76,24.17,24.60,4822434,118778392.00
2023/07/14,24.61,24.67,23.68,23.79,7134191,171505856.00
2023/07/17,23.60,23.87,23.20,23.31,5380520,126716008.00
2023/07/18,23.42,23.73,22.82,23.71,5888229,137529840.00
2023/07/19,23.61,23.97,23.20,23.38,4421100,104161792.00
2023/07/20,23.38,24.09,23.28,23.52,5018956,119535248.00
2023/07/21,23.57,24.09,23.12,23.75,5012395,118910672.00
2023/07/24,23.75,24.16,22.78,22.83,8327453,192690112.00
2023/07/25,23.02,25.28,23.02,24.85,17435004,425812736.00
2023/07/26,24.93,25.29,24.55,25.02,8560648,213347840.00
2023/07/27,24.95,25.13,24.08,24.16,8675264,211407840.00
2023/07/28,24.11,26.00,23.70,25.89,13694812,343560032.00
2023/07/31,25.90,26.33,25.05,25.16,17117817,438238336.00
2023/08/01,25.20,25.74,24.96,25.39,11031508,279684832.00
2023/08/02,25.18,25.80,25.14,25.42,6589619,167668416.00
2023/08/03,25.42,25.58,25.17,25.41,5966487,151177168.00
2023/08/04,25.49,25.78,25.12,25.33,7179906,182689072.00
2023/08/07,25.73,25.96,24.80,25.00,10716193,270325088.00
2023/08/08,24.90,25.01,23.56,23.79,9742059,234454576.00
2023/08/09,23.72,24.35,23.60,23.85,5371200,128536240.00
2023/08/10,23.80,23.88,23.25,23.63,5233349,122982752.00
2023/08/11,23.60,23.88,23.36,23.37,5741587,135311808.00
2023/08/14,23.19,23.34,22.40,22.76,6830818,155134128.00
2023/08/15,22.70,22.85,21.56,21.78,8310322,182538160.00
2023/08/16,21.69,22.08,21.48,21.83,4610120,100435344.00
2023/08/17,21.67,22.24,21.44,22.15,4236211,92987784.00
2023/08/18,22.13,22.71,21.82,21.82,5130228,114468944.00
2023/08/21,21.84,21.90,21.18,21.24,3776251,81180416.00
2023/08/22,21.24,21.40,20.56,21.11,5506558,114824192.00
2023/08/23,20.91,20.91,20.17,20.17,5735358,117112712.00
2023/08/24,20.35,20.44,19.83,20.08,4305323,86765008.00
2023/08/25,19.99,20.37,19.79,19.95,4079813,81834240.00
2023/08/28,21.76,21.76,19.83,19.86,6697757,137307568.00
2023/08/29,19.86,20.74,19.76,20.68,5532116,113002200.00
2023/08/30,20.57,20.88,20.45,20.58,3679663,75989264.00
2023/08/31,20.49,20.54,19.91,20.01,3657042,73516760.00
2023/09/01,20.11,20.34,19.90,20.05,3328883,66874160.00
2023/09/04,20.15,21.03,20.06,20.95,7459651,154488448.00
2023/09/05,20.94,20.97,20.50,20.90,4748516,98520336.00
2023/09/06,20.86,21.61,20.61,21.55,5962318,126693360.00
2023/09/07,21.44,21.47,20.73,20.80,5384419,113496640.00
2023/09/08,20.85,21.20,20.61,20.93,3013173,62896864.00
2023/09/11,20.99,21.10,20.56,20.94,4437046,92445544.00
2023/09/12,20.94,21.07,20.73,20.82,2612661,54537640.00
2023/09/13,20.80,20.87,20.05,20.32,4842646,98581568.00
2023/09/14,20.28,20.48,19.71,19.82,3916124,78069208.00
2023/09/15,19.81,20.30,19.50,19.90,4065360,80681952.00
2023/09/18,19.91,21.46,19.72,20.86,8096808,168689376.00
2023/09/19,20.91,20.97,20.41,20.64,3777670,77760512.00
2023/09/20,20.51,20.68,20.20,20.26,3301716,67280680.00
2023/09/21,20.02,20.35,19.85,19.89,2936362,58804080.00
2023/09/22,19.78,20.57,19.64,20.53,3749445,75629192.00
2023/09/25,20.38,20.46,19.92,19.99,3341270,67091200.00
2023/09/26,19.90,19.93,19.41,19.43,4411889,86571784.00
2023/09/27,19.60,20.20,19.09,19.69,6627552,130892520.00
2023/09/28,19.75,20.45,19.72,19.98,5465939,109968696.00
2023/10/09,20.07,20.32,19.60,19.69,4062419,80699480.00
2023/10/10,19.73,20.28,19.52,19.60,5009467,99268248.00
2023/10/11,19.70,19.90,19.38,19.48,3780652,74272664.00
2023/10/12,19.68,20.16,19.40,20.09,5336812,105843320.00
2023/10/13,19.90,19.99,19.50,19.67,4787944,94218216.00
2023/10/16,19.67,19.75,18.89,19.03,5777609,110584672.00
2023/10/17,19.03,19.42,19.03,19.17,3196309,61295592.00
2023/10/18,19.00,19.16,18.58,18.60,4049963,75928088.00
2023/10/19,18.46,19.13,18.43,18.71,4314910,80983840.00
2023/10/20,18.60,19.23,18.46,18.62,4207089,79477184.00
2023/10/23,18.50,18.51,17.73,17.91,4863694,87658560.00
2023/10/24,17.91,18.51,17.90,18.31,4070724,74259496.00
2023/10/25,19.35,20.12,19.08,19.45,12001376,236353136.00
2023/10/26,19.18,19.38,18.30,18.74,8071458,150873584.00
2023/10/27,18.62,19.45,18.59,19.42,6393897,122369584.00
2023/10/30,19.39,19.46,19.03,19.22,4191770,80529376.00
2023/10/31,19.12,19.26,18.65,18.82,3857623,72795440.00
2023/11/01,18.86,18.93,18.58,18.68,2975336,55584284.00
2023/11/02,18.69,18.79,18.14,18.18,3561299,65452796.00
2023/11/03,18.19,18.89,18.19,18.73,4721703,88154360.00
2023/11/06,18.78,19.74,18.78,19.71,6590122,127729368.00
2023/11/07,19.63,19.63,19.26,19.42,4271674,82811712.00
2023/11/08,19.42,19.83,19.39,19.60,3790055,74260616.00
2023/11/09,19.52,20.16,19.52,19.73,5678908,113020328.00
2023/11/10,19.64,19.67,19.34,19.47,3270900,63665356.00
2023/11/13,19.58,19.72,19.32,19.60,2898104,56527276.00
2023/11/14,19.53,20.06,19.44,19.91,3556326,70446368.00
2023/11/15,20.16,20.95,20.12,20.46,7290525,149613680.00
2023/11/16,20.51,20.66,20.01,20.03,3720193,75177352.00
2023/11/17,20.11,20.18,19.83,20.05,3243917,64886416.00
2023/11/20,20.07,20.24,19.80,20.21,3415624,68432320.00
2023/11/21,20.28,20.72,20.17,20.29,4800956,98002768.00
2023/11/22,20.23,20.29,19.72,19.75,3541000,70580400.00
2023/11/23,19.65,19.95,19.63,19.94,2266308,44865264.00
2023/11/24,19.90,19.95,19.34,19.36,3542400,68987792.00
2023/11/27,19.25,19.43,18.96,19.06,2879313,55013520.00
2023/11/28,19.07,19.35,18.81,19.27,2522271,48338028.00
2023/11/29,19.26,19.33,18.88,18.91,2241394,42641556.00
2023/11/30,18.90,18.95,18.46,18.56,2788770,51975296.00
2023/12/01,18.60,18.62,18.24,18.56,2757692,50811856.00
2023/12/04,18.66,18.66,18.23,18.28,2205606,40419924.00
2023/12/05,18.28,18.41,17.87,17.88,2550948,46214388.00
2023/12/06,17.88,18.34,17.78,18.01,2783318,50488984.00
2023/12/07,18.03,18.03,17.64,17.80,2547480,45297712.00
2023/12/08,17.85,17.93,17.52,17.55,2435085,43133236.00
2023/12/11,17.52,17.82,17.21,17.80,2669353,46758972.00
2023/12/12,17.77,17.88,17.65,17.82,1613347,28671542.00
2023/12/13,17.76,17.76,17.39,17.42,2111958,36983456.00
2023/12/14,17.42,17.85,17.27,17.29,2849352,49824632.00
2023/12/15,17.35,17.69,17.29,17.36,2558976,44661596.00
2023/12/18,17.34,17.35,16.84,16.90,2982359,50728712.00
2023/12/19,17.90,18.55,17.15,17.30,10833015,190915680.00
2023/12/20,17.30,17.30,16.58,16.58,7437681,125363488.00
2023/12/21,16.55,17.23,16.41,17.01,6242418,104975952.00
2023/12/22,17.02,17.13,16.64,16.78,4230572,71258344.00
2023/12/25,16.88,16.88,16.54,16.56,2182251,36398288.00
2023/12/26,16.52,16.54,16.06,16.16,3463494,56193848.00
2023/12/27,16.16,16.37,15.98,16.23,3250582,52573328.00
2023/12/28,16.23,17.40,16.13,17.32,7756181,131608288.00
2023/12/29,17.26,17.58,17.24,17.38,3793877,65900964.00
2024/01/02,17.55,17.57,17.24,17.33,2865752,49794704.00
2024/01/03,17.30,17.38,16.98,17.22,2978972,51126076.00
2024/01/04,17.23,17.25,16.85,16.96,2635023,44688264.00
2024/01/05,16.90,17.30,16.70,16.74,2763527,46882892.00
2024/01/08,16.67,16.88,16.32,16.36,2474187,40944008.00
2024/01/09,16.37,16.92,16.22,16.47,3840977,63557780.00
2024/01/10,16.40,16.84,16.05,16.49,3410045,56297804.00
2024/01/11,16.46,17.14,16.33,16.91,4227829,70835272.00
2024/01/12,16.90,17.37,16.87,16.92,3579913,61146884.00
2024/01/15,16.92,17.01,16.45,16.78,3230972,54171080.00
2024/01/16,16.72,17.11,16.57,16.94,3112673,52313644.00
2024/01/17,16.90,16.90,16.38,16.39,3346062,55487764.00
2024/01/18,16.29,16.50,15.70,16.29,4483951,72448856.00
2024/01/19,16.25,16.51,15.80,15.83,3261890,52469316.00
2024/01/22,15.78,15.78,14.19,14.51,7121302,106511336.00
2024/01/23,14.51,15.24,14.28,14.71,5833807,86080448.00
2024/01/24,14.83,14.96,13.99,14.75,5853761,84509960.00
2024/01/25,14.83,15.20,14.57,15.18,4566551,68237216.00
2024/01/26,15.14,15.49,15.07,15.15,3244494,49433008.00
2024/01/29,14.99,15.18,14.17,14.21,4728592,68551512.00
2024/01/30,14.21,14.29,13.60,13.65,4700062,65690872.00
2024/01/31,13.65,13.73,12.66,12.79,9318642,121666528.00
2024/02/01,12.59,12.77,12.16,12.31,6758135,84018360.00
2024/02/02,12.31,12.60,10.97,11.45,10958754,128650816.00
2024/02/05,11.43,11.55,9.52,9.80,14311924,145876288.00
2024/02/06,9.60,10.37,8.97,10.03,12108550,116421088.00
2024/02/07,10.18,10.25,9.58,9.86,11449976,113711488.00
2024/02/08,9.84,11.80,9.82,11.50,14751793,161760992.00
2024/02/19,11.50,11.50,10.90,11.25,13199304,146802992.00
2024/02/20,11.10,11.37,10.88,11.29,7937058,88595272.00
2024/02/21,11.23,11.98,11.15,11.60,9141496,106142856.00
2024/02/22,11.51,12.02,11.44,12.02,7168596,84504712.00
2024/02/23,12.01,12.46,11.88,12.40,8541458,103571216.00
2024/02/26,12.38,12.96,12.18,12.56,8921265,111896608.00
2024/02/27,12.56,13.14,12.44,13.14,7682536,98961808.00
2024/02/28,13.22,13.56,11.92,11.92,12903592,164889440.00
2024/02/29,11.90,12.45,11.88,12.43,8636387,105803456.00
2024/03/01,12.44,12.66,12.33,12.60,6531964,81756296.00
2024/03/04,12.60,12.74,12.08,12.33,5861682,72154320.00
2024/03/05,12.39,12.40,11.94,12.03,5865928,71083784.00
2024/03/06,12.05,12.43,11.77,12.17,5863940,70823960.00
2024/03/07,12.20,12.39,11.85,11.85,5077380,61661960.00
2024/03/08,11.95,12.15,11.76,11.92,4565042,54492760.00
2024/03/11,11.85,12.40,11.85,12.40,6512957,79302720.00
2024/03/12,12.56,12.79,12.38,12.64,6261601,78689440.00
2024/03/13,12.64,12.74,12.43,12.60,5370353,67557392.00
2024/03/14,12.57,12.74,12.31,12.44,5662387,70848680.00
2024/03/15,12.45,12.85,12.30,12.84,5919373,74485584.00
2024/03/18,12.86,13.06,12.56,12.90,7290401,93130136.00
2024/03/19,12.90,13.08,12.80,12.86,5047778,65216900.00
2024/03/20,12.79,13.04,12.68,12.93,9117154,117441192.00
2024/03/21,12.91,13.08,12.60,12.82,5624919,72103712.00
2024/03/22,12.83,12.94,12.38,12.41,6082382,76308536.00
2024/03/25,12.40,12.47,11.81,11.84,6462981,78490360.00
2024/03/26,11.80,11.98,11.52,11.77,5770527,67871944.00
2024/03/27,11.70,11.77,11.05,11.08,5791897,66040408.00
2024/03/28,11.08,11.63,11.08,11.48,5921517,67750616.00
2024/03/29,11.48,11.72,11.38,11.64,4374200,50580220.00
2024/04/01,11.70,12.36,11.68,12.35,6141186,74385664.00
2024/04/02,12.35,12.54,12.12,12.42,5691010,70250456.00
2024/04/03,13.49,13.50,12.14,12.30,18512353,235519024.00
2024/04/08,12.25,12.45,11.46,11.50,12180187,143861568.00
2024/04/09,11.56,12.20,11.56,12.13,10353605,123989064.00
2024/04/10,12.11,12.16,11.39,11.52,7791721,90610944.00
2024/04/11,11.45,11.68,11.22,11.33,6477025,74001648.00
2024/04/12,11.33,11.41,10.85,10.96,7459136,82521624.00
2024/04/15,10.95,11.10,10.04,10.27,10459606,109047096.00
2024/04/16,10.21,10.22,9.34,9.44,10186805,97530352.00
2024/04/17,9.54,10.27,9.54,10.25,8466626,85250120.00
2024/04/18,10.25,10.27,9.87,10.02,5739112,57924804.00
2024/04/19,10.02,10.10,9.77,9.85,4880947,48270444.00
2024/04/22,9.73,10.06,9.48,9.82,6245257,61271268.00
2024/04/23,9.78,10.23,9.71,10.06,7483645,75122752.00
2024/04/24,10.04,10.44,9.84,10.29,6612477,67172448.00
2024/04/25,10.15,10.54,10.15,10.37,5840068,60737476.00
2024/04/26,10.29,10.60,10.13,10.53,6105637,63652128.00
2024/04/29,10.49,11.10,10.49,11.05,6630208,72259976.00
2024/04/30,10.97,11.16,10.73,10.96,5028629,55000444.00
2024/05/06,11.04,11.54,11.04,11.36,7906282,89860440.00
2024/05/07,11.33,11.60,11.25,11.54,5873251,67354904.00
2024/05/08,11.59,11.59,11.14,11.18,4565739,51737488.00
2024/05/09,11.12,11.67,11.12,11.59,5120191,59092092.00
2024/05/10,11.57,11.67,11.20,11.28,4134840,46826772.00
2024/05/13,11.22,11.22,10.80,10.87,5315773,58058784.00
2024/05/14,10.95,11.10,10.85,10.87,3520423,38557492.00
2024/05/15,10.87,10.98,10.75,10.79,3357339,36456072.00
2024/05/16,10.81,11.36,10.81,11.11,6445807,71681344.00
2024/05/17,11.10,11.92,11.10,11.87,11983432,138141040.00
2024/05/20,11.92,11.92,11.36,11.45,10305716,118676456.00
2024/05/21,11.41,11.48,11.07,11.16,5584345,62596136.00
2024/05/22,11.15,11.55,11.10,11.48,5948000,67469856.00
2024/05/23,11.38,11.44,10.98,11.01,5286918,58764144.00
2024/05/24,11.06,11.06,10.66,10.67,4546300,49268532.00
2024/05/27,10.72,10.83,10.30,10.72,5701391,60033352.00
2024/05/28,10.70,10.77,10.46,10.51,3770992,39994456.00
2024/05/29,10.48,10.98,10.48,10.69,5095998,54975332.00
2024/05/30,10.67,10.75,10.46,10.54,3312420,35054740.00
2024/05/31,10.59,11.00,10.49,10.68,5009065,53949832.00
2024/06/03,10.64,10.68,10.10,10.26,6670509,68798688.00
2024/06/04,10.23,10.23,9.84,10.02,5588431,55616844.00
2024/06/05,9.96,10.09,9.76,9.76,3662317,36245532.00
2024/06/06,9.76,9.93,8.97,9.01,9781100,90314992.00
2024/06/07,9.17,9.50,9.14,9.38,7537464,70278896.00
2024/06/11,9.38,9.61,9.09,9.54,4557487,42835192.00
2024/06/12,9.54,9.74,9.50,9.53,3825220,36684000.00
2024/06/13,9.50,9.70,9.34,9.58,4294673,40965088.00
2024/06/14,9.53,9.65,9.31,9.49,5196544,49230440.00
2024/06/17,9.45,9.45,9.20,9.26,4616551,42838464.00
2024/06/18,9.27,9.36,9.13,9.20,5963137,55029048.00
2024/06/19,9.23,9.35,9.08,9.10,3989791,36563320.00
2024/06/20,9.10,9.11,8.78,8.85,4380587,39025716.00
2024/06/21,8.84,8.90,8.64,8.64,4057881,35482168.00
2024/06/24,8.65,8.66,8.20,8.32,5357646,44821048.00
2024/06/25,8.38,8.61,8.26,8.45,5436109,45952752.00
2024/06/26,8.45,8.70,8.30,8.67,4585716,39114724.00
2024/06/27,8.67,8.90,8.60,8.65,5193570,45371600.00
2024/06/28,8.69,8.71,8.46,8.48,3782422,32549578.00
2024/07/01,8.52,8.78,8.39,8.69,4825638,41420328.00
2024/07/02,8.69,8.82,8.60,8.70,3339172,29145970.00
2024/07/03,8.70,8.77,8.59,8.62,2750631,23842440.00
2024/07/04,8.64,8.69,8.20,8.22,3621920,30276268.00
2024/07/05,8.24,8.38,8.08,8.32,2974198,24605934.00
2024/07/08,8.32,8.34,7.99,8.02,3400160,27476016.00
2024/07/09,8.02,8.11,7.77,8.04,4363184,34729124.00
2024/07/10,7.98,8.16,7.90,7.94,3610688,28978610.00
2024/07/11,8.18,8.47,8.11,8.40,4449614,37023896.00
2024/07/12,8.40,8.63,8.37,8.42,3455932,29394324.00
2024/07/15,8.45,8.51,8.01,8.06,4666979,37974468.00
2024/07/16,8.08,8.14,7.94,8.02,3121400,25022454.00
2024/07/17,8.06,8.15,7.97,7.99,2795115,22440068.00
2024/07/18,7.89,7.94,7.64,7.83,4130179,32105768.00
2024/07/19,7.83,8.08,7.76,8.00,4109695,32641024.00
2024/07/22,8.03,8.16,7.92,8.08,3705839,29856978.00
2024/07/23,8.10,8.25,7.87,7.89,3295627,26577398.00
2024/07/24,7.86,7.94,7.71,7.73,3203297,24967992.00
2024/07/25,7.73,8.05,7.67,7.90,3364899,26554584.00
2024/07/26,7.90,8.13,7.90,8.03,3664620,29517120.00
2024/07/29,8.05,8.20,7.90,8.10,4405900,35551120.00
2024/07/30,8.11,8.62,8.10,8.52,10056660,84012192.00
2024/07/31,8.50,8.56,8.31,8.50,8821864,74553368.00
2024/08/01,8.52,8.76,8.42,8.59,8981961,76779384.00
2024/08/02,8.51,8.63,8.38,8.41,6386644,54361092.00
2024/08/05,8.30,8.51,8.13,8.13,5642136,46960720.00
2024/08/06,8.22,8.41,8.20,8.37,4669485,38950920.00
2024/08/07,8.40,8.47,8.26,8.33,3540458,29567358.00
2024/08/08,8.32,8.46,8.17,8.35,3671418,30583108.00
2024/08/09,8.42,8.56,8.27,8.27,3693161,31044032.00
2024/08/12,8.27,8.38,8.12,8.17,2785911,22890754.00
2024/08/13,8.13,8.28,8.02,8.25,2574260,21015348.00
2024/08/14,8.23,8.43,8.23,8.33,3385700,28264732.00
2024/08/15,8.29,8.36,8.10,8.26,3921000,32313528.00
2024/08/16,8.23,8.32,8.01,8.01,4203534,34182228.00
2024/08/19,8.00,8.06,7.86,7.90,3081220,24488964.00
2024/08/20,7.95,8.06,7.70,7.72,3600598,28305494.00
2024/08/21,7.69,7.81,7.64,7.72,2423898,18772690.00
2024/08/22,7.73,7.81,7.48,7.53,3826103,29121958.00
2024/08/23,7.52,7.58,7.29,7.32,4484312,33082868.00
2024/08/26,7.33,7.87,7.33,7.73,6854767,52729560.00
2024/08/27,7.62,9.28,7.53,9.28,19913408,172044960.00
2024/08/28,9.25,9.57,8.50,8.94,29357815,259298272.00
2024/08/29,8.82,9.05,8.56,8.88,18901819,166266912.00
2024/08/30,8.80,9.28,8.66,9.08,21602528,193406032.00
2024/09/02,8.98,9.04,8.64,8.66,13095287,115324096.00
2024/09/03,8.60,8.94,8.60,8.75,8557909,74917376.00
2024/09/04,8.74,8.97,8.66,8.74,8438644,74366096.00
2024/09/05,8.70,8.89,8.69,8.81,7180764,63251460.00
2024/09/06,8.81,8.88,8.48,8.53,6943345,59931224.00
2024/09/09,8.48,8.55,8.36,8.46,4588200,38792868.00
2024/09/10,8.50,8.58,8.31,8.49,4289500,36163832.00
2024/09/11,8.48,8.62,8.38,8.42,4356000,36959004.00
2024/09/12,8.44,8.63,8.41,8.42,4185320,35584228.00
2024/09/13,8.45,8.54,8.02,8.02,6957251,56982572.00
2024/09/18,8.01,8.07,7.71,7.84,4700890,36853332.00
2024/09/19,7.99,8.28,7.82,8.24,6979096,56637204.00
2024/09/20,8.24,8.28,8.02,8.07,4178900,33906304.00
2024/09/23,8.03,8.16,7.96,8.02,3002083,24150262.00
2024/09/24,8.10,8.64,8.05,8.57,8143602,68113080.00
2024/09/25,8.66,8.84,8.60,8.65,7990287,69682584.00
2024/09/26,8.65,9.20,8.65,9.17,9618600,86017768.00
2024/09/27,9.36,10.23,9.23,9.77,14186033,136642464.00
2024/09/30,10.30,11.65,10.16,11.64,24086356,262911040.00
2024/10/08,13.89,13.89,11.91,13.31,23935650,310357760.00
2024/10/09,12.61,12.67,11.30,11.30,18797284,225926704.00
2024/10/10,11.51,11.80,10.90,11.37,13384356,152461008.00
2024/10/11,11.31,11.48,10.45,10.66,9356866,101545968.00
2024/10/14,10.85,11.03,10.40,10.96,8307959,89525072.00
2024/10/15,10.84,11.06,10.58,10.63,6221105,67426552.00
2024/10/16,10.46,11.16,10.46,10.86,7951235,86124920.00
2024/10/17,10.95,11.05,10.53,10.57,7080396,76643848.00
2024/10/18,10.61,11.06,10.44,10.82,8752933,94009832.00
2024/10/21,10.90,11.10,10.81,10.94,7820981,85701400.00
2024/10/22,11.00,11.11,10.78,10.96,7202971,78889432.00
2024/10/23,10.97,11.16,10.85,10.88,8342141,91763504.00
2024/10/24,10.78,10.88,10.59,10.66,6407346,68542560.00
2024/10/25,10.66,11.12,10.66,11.11,9279402,102010680.00
2024/10/28,11.26,11.44,11.08,11.35,8931276,100307352.00
2024/10/29,11.36,11.50,10.80,10.82,9340441,103608576.00
2024/10/30,10.66,10.72,10.34,10.44,9462518,99243296.00
2024/10/31,10.44,10.70,10.33,10.50,6474700,68255728.00
2024/11/01,10.52,11.13,10.08,10.13,10018027,104446288.00
2024/11/04,10.05,10.35,9.94,10.33,5914388,60498424.00
2024/11/05,10.33,10.70,10.33,10.62,7017007,73994856.00
2024/11/06,10.70,11.56,10.70,11.11,14140998,157099920.00
2024/11/07,11.08,11.68,10.92,11.54,11881763,135640208.00
2024/11/08,11.68,11.86,11.23,11.26,10235031,117056520.00
2024/11/11,11.24,11.96,11.20,11.83,11758548,137343808.00
2024/11/12,11.89,12.45,11.79,11.94,16737986,202891088.00
2024/11/13,11.68,12.19,11.50,11.82,10991511,130018360.00
2024/11/14,11.79,11.85,11.28,11.29,7244290,83423712.00
2024/11/15,11.29,11.48,11.03,11.03,5928229,66862560.00
2024/11/18,11.16,11.29,10.61,10.76,7558303,82246848.00
2024/11/19,10.80,11.15,10.66,11.15,5393820,58802124.00
2024/11/20,11.15,11.32,11.06,11.27,5931529,66536580.00
2024/11/21,11.22,11.43,11.11,11.22,5924782,66851772.00
2024/11/22,11.22,11.39,10.55,10.55,7610250,83671296.00
数据来源:通达信
