301180 万祥科技 日线 前复权
      日期	    开盘	    最高	    最低	    收盘	    成交量	    成交额
2021/11/16,40.88,41.18,36.76,37.21,27608705,1053467456.00
2021/11/17,36.06,38.68,34.96,37.53,21437753,795082240.00
2021/11/18,35.78,37.30,34.88,36.51,16272603,590468864.00
2021/11/19,37.88,40.15,36.51,36.51,20037974,770918848.00
2021/11/22,34.99,37.55,33.91,36.58,15651567,562447808.00
2021/11/23,35.89,37.18,35.18,36.13,12840191,464835264.00
2021/11/24,36.53,36.53,35.23,35.29,10474181,375327392.00
2021/11/25,35.29,36.78,34.89,36.68,11967543,431408864.00
2021/11/26,36.13,36.73,35.20,35.38,9202904,330267232.00
2021/11/29,34.13,35.73,33.94,34.77,6700044,233935040.00
2021/11/30,34.77,35.53,33.95,34.29,7462495,260598032.00
2021/12/01,34.18,35.17,34.10,35.08,6011478,209884208.00
2021/12/02,35.54,36.84,34.26,34.37,9115806,325722976.00
2021/12/03,33.83,33.83,32.41,32.45,8601386,284088224.00
2021/12/06,32.18,32.38,31.32,31.58,5081562,162088992.00
2021/12/07,31.79,31.89,30.33,30.97,5050068,157022736.00
2021/12/08,30.88,31.29,30.81,31.23,3573256,111437152.00
2021/12/09,31.18,31.45,31.02,31.14,3490092,109437896.00
2021/12/10,31.18,31.75,30.69,31.68,3858628,121578888.00
2021/12/13,31.87,32.13,31.38,31.66,3408407,108386096.00
2021/12/14,31.33,32.04,30.88,31.96,4198125,132845392.00
2021/12/15,31.86,33.36,31.73,33.33,7653871,251651328.00
2021/12/16,33.08,33.14,32.09,32.83,5536123,181542832.00
2021/12/17,32.87,32.87,31.10,31.17,5061280,161636496.00
2021/12/20,30.47,31.30,30.44,30.44,3026466,93413408.00
2021/12/21,30.38,31.23,30.34,30.81,2366935,73211896.00
2021/12/22,30.76,32.00,30.76,31.71,4086888,129424264.00
2021/12/23,31.63,31.74,30.66,30.66,3365332,104457488.00
2021/12/24,30.85,31.05,28.89,28.90,4125811,123053072.00
2021/12/27,28.90,29.36,28.28,29.15,1923826,55731780.00
2021/12/28,29.10,29.40,28.79,29.29,1766463,51617184.00
2021/12/29,29.16,29.84,28.95,29.53,1886102,55613184.00
2021/12/30,29.28,29.77,29.27,29.38,1758619,52179512.00
2021/12/31,29.54,29.56,29.20,29.37,1487507,43859364.00
2022/01/04,29.57,29.57,29.03,29.16,1828573,53572252.00
2022/01/05,29.16,29.16,27.88,28.06,2731000,77593608.00
2022/01/06,27.97,28.47,27.87,28.35,1444769,41050928.00
2022/01/07,28.30,28.61,27.83,27.83,1804184,51228292.00
2022/01/10,27.94,28.70,27.88,28.57,1791908,51120868.00
2022/01/11,28.57,29.07,28.37,28.45,1847798,53252876.00
2022/01/12,28.46,28.87,28.46,28.76,1205620,34711388.00
2022/01/13,28.78,28.88,28.06,28.12,1616000,46028708.00
2022/01/14,28.04,28.43,27.88,28.00,1411896,39830560.00
2022/01/17,27.98,28.67,27.91,28.62,1799076,51355624.00
2022/01/18,28.88,30.04,28.88,29.16,3681988,108878848.00
2022/01/19,28.68,28.76,28.14,28.64,1648217,47230280.00
2022/01/20,28.68,28.87,27.82,27.82,1784186,50414428.00
2022/01/21,27.80,27.80,26.89,26.90,1773079,48264252.00
2022/01/24,27.27,29.27,26.98,27.94,2101970,58886584.00
2022/01/25,27.56,27.56,26.39,26.39,1740892,47205660.00
2022/01/26,26.39,26.79,26.08,26.77,920796,24484146.00
2022/01/27,26.68,26.68,24.56,24.58,1710365,43928184.00
2022/01/28,24.67,25.15,24.49,24.82,1061894,26499908.00
2022/02/07,25.22,26.13,25.14,25.23,940570,24077362.00
2022/02/08,25.17,25.81,25.08,25.75,993433,25448624.00
2022/02/09,25.75,26.05,25.58,26.01,1006876,26196372.00
2022/02/10,25.78,26.02,25.58,25.69,673100,17428490.00
2022/02/11,25.69,27.43,25.35,26.43,2741374,73275080.00
2022/02/14,25.96,26.25,25.36,25.78,1578829,41045196.00
2022/02/15,25.69,25.98,25.48,25.98,867964,22497038.00
2022/02/16,25.83,26.53,25.83,26.49,1393193,36793976.00
2022/02/17,26.28,27.13,26.26,26.70,2099459,56356556.00
2022/02/18,26.07,26.33,25.80,26.28,1410301,36940448.00
2022/02/21,26.32,26.65,26.12,26.40,1097628,28976974.00
2022/02/22,26.38,26.38,25.37,25.55,1510671,38942520.00
2022/02/23,25.86,26.73,25.53,26.66,2376837,62921260.00
2022/02/24,26.48,26.81,25.20,26.06,2348012,61610536.00
2022/02/25,26.09,26.55,25.85,25.86,1252257,32906934.00
2022/02/28,25.85,26.17,25.16,25.52,1089125,27811044.00
2022/03/01,25.59,25.87,25.38,25.73,782000,20149332.00
2022/03/02,25.63,25.63,25.15,25.49,938720,23910906.00
2022/03/03,25.49,25.68,25.13,25.13,1020348,25958162.00
2022/03/04,25.04,25.89,24.90,25.26,1866546,47764292.00
2022/03/07,25.26,25.34,24.10,24.24,1951746,47786096.00
2022/03/08,24.37,24.38,22.37,22.76,2129560,49677792.00
2022/03/09,22.88,23.06,21.38,22.21,1363771,30581850.00
2022/03/10,22.83,22.97,22.47,22.60,1278337,29205588.00
2022/03/11,22.39,22.79,21.86,22.77,997964,22436252.00
2022/03/14,22.35,22.55,21.78,21.86,1035280,23046674.00
2022/03/15,21.68,22.06,20.79,20.79,1328171,28556854.00
2022/03/16,21.11,21.39,20.04,21.38,1539082,32335882.00
2022/03/17,21.31,22.24,21.31,21.97,1843286,40583932.00
2022/03/18,21.65,22.07,21.62,21.99,879200,19378490.00
2022/03/21,22.00,22.37,21.92,22.29,1044900,23326570.00
2022/03/22,22.28,22.28,21.96,22.09,768640,17087728.00
2022/03/23,22.12,23.33,21.91,22.53,1637810,37029128.00
2022/03/24,22.32,22.32,21.76,21.97,1200582,26474268.00
2022/03/25,21.86,22.33,21.76,21.76,835053,18532706.00
2022/03/28,21.85,21.99,21.32,21.62,544664,11863554.00
2022/03/29,21.62,21.87,20.92,21.02,905442,19380582.00
2022/03/30,21.48,21.54,20.88,21.28,791774,16850774.00
2022/03/31,21.26,21.26,20.80,20.87,942616,19919342.00
2022/04/01,20.74,20.84,20.38,20.72,631539,13116683.00
2022/04/06,20.48,20.84,20.48,20.54,686100,14238937.00
2022/04/07,20.47,20.57,19.89,19.95,1089852,22057812.00
2022/04/08,20.03,20.04,19.20,19.26,1432272,28043774.00
2022/04/11,19.15,19.26,18.17,18.31,1384616,25939992.00
2022/04/12,18.38,19.09,18.19,18.78,948300,17847402.00
2022/04/13,18.66,18.79,18.40,18.45,634882,11863572.00
2022/04/14,18.53,18.80,18.48,18.59,611888,11475801.00
2022/04/15,18.55,18.58,17.76,17.88,1045782,18940416.00
2022/04/18,17.78,18.63,17.60,18.63,1229489,22614756.00
2022/04/19,18.58,18.92,18.48,18.66,575432,10818535.00
2022/04/20,18.68,18.97,18.50,18.68,694125,13100950.00
2022/04/21,18.88,19.24,17.91,18.06,1216801,22897974.00
2022/04/22,17.98,18.66,17.76,18.38,1147675,20997742.00
2022/04/25,18.14,18.18,16.19,16.26,1947776,33535356.00
2022/04/26,16.35,16.73,15.31,15.42,1622489,26165416.00
2022/04/27,15.30,16.17,15.06,16.16,1412146,22270390.00
2022/04/28,15.86,16.26,15.48,15.64,1366121,21711154.00
2022/04/29,15.70,16.59,15.70,16.38,1394700,22862246.00
2022/05/05,16.38,17.33,16.22,16.82,1244182,21133160.00
2022/05/06,16.55,17.12,16.20,16.89,1068400,18047798.00
2022/05/09,16.89,17.26,16.43,17.06,755475,12975015.00
2022/05/10,16.76,17.70,16.67,17.49,1342964,23475710.00
2022/05/11,17.36,18.01,17.36,17.36,1682558,30058050.00
2022/05/12,17.11,17.86,17.11,17.71,1024782,18158862.00
2022/05/13,17.71,17.82,17.41,17.61,717800,12720553.00
2022/05/16,17.65,17.87,17.33,17.58,821300,14544983.00
2022/05/17,17.39,17.67,17.19,17.45,774282,13559612.00
2022/05/18,17.49,17.99,17.49,17.68,1057900,18926940.00
2022/05/19,16.93,17.58,16.74,17.55,2509349,43759000.00
2022/05/20,17.72,18.39,17.50,17.73,2353773,42287528.00
2022/05/23,17.76,18.26,17.76,18.15,1683907,30674706.00
2022/05/24,18.42,18.74,16.76,16.83,2131355,37973264.00
2022/05/25,17.08,17.49,17.05,17.21,1144584,19835118.00
2022/05/26,17.20,17.44,16.79,17.22,1090580,18831252.00
2022/05/27,17.50,17.66,17.27,17.44,1140416,20026364.00
2022/05/30,17.56,18.07,17.38,18.06,1809504,32396944.00
2022/05/31,18.03,18.43,17.70,18.36,1900447,34723820.00
2022/06/01,18.41,18.73,18.03,18.70,1962413,36609452.00
2022/06/02,18.61,19.15,18.44,19.02,1797079,34042512.00
2022/06/06,19.04,19.71,18.88,19.56,2173776,42293744.00
2022/06/07,19.53,19.90,19.18,19.29,1878394,36684824.00
2022/06/08,19.33,19.54,18.68,18.89,1529947,29273410.00
2022/06/09,18.89,18.89,17.99,18.06,1528531,28169786.00
2022/06/10,18.09,18.46,18.09,18.44,1088694,20127214.00
2022/06/13,18.38,19.07,18.24,18.84,1453546,27503200.00
2022/06/14,19.05,19.05,17.95,18.59,1517970,28045900.00
2022/06/15,18.68,19.10,18.39,18.39,1412373,26469378.00
2022/06/16,18.36,18.73,18.33,18.43,1242238,23198720.00
2022/06/17,18.36,19.06,18.10,19.03,2195752,41347240.00
2022/06/20,19.04,19.65,18.88,19.38,2532756,49240180.00
2022/06/21,19.38,19.63,19.04,19.26,1913696,37170196.00
2022/06/22,19.33,19.46,18.76,18.77,1532411,29406072.00
2022/06/23,18.82,19.41,18.82,19.39,1623286,31354638.00
2022/06/24,19.64,22.20,19.34,20.78,6838004,143858000.00
2022/06/27,20.89,21.68,20.53,20.67,5125971,108204880.00
2022/06/28,20.62,21.37,20.18,21.29,4624189,97408616.00
2022/06/29,21.18,21.18,20.17,20.22,3704995,76989288.00
2022/06/30,20.46,21.66,20.46,20.83,3790972,80249976.00
2022/07/01,20.64,21.12,20.21,20.23,3020321,62538720.00
2022/07/04,20.08,20.27,19.54,19.98,2167900,43329812.00
2022/07/05,19.86,20.20,19.24,19.60,2231207,44108408.00
2022/07/06,19.71,19.82,19.15,19.32,1253616,24511386.00
2022/07/07,19.19,19.67,18.98,19.54,1430570,27912524.00
2022/07/08,19.46,20.06,19.41,19.54,1695826,33684076.00
2022/07/11,19.35,19.56,18.88,19.04,1472577,28363536.00
2022/07/12,19.15,19.15,18.09,18.12,2075650,38416676.00
2022/07/13,18.19,18.32,17.99,18.09,919693,16791270.00
2022/07/14,18.11,18.70,18.04,18.63,1401867,26029480.00
2022/07/15,18.48,19.55,18.40,19.17,2979554,57723396.00
2022/07/18,19.25,19.56,19.03,19.56,1690061,32866748.00
2022/07/19,19.69,19.92,19.48,19.85,1549429,30693494.00
2022/07/20,19.93,23.83,19.93,23.83,9440493,218488816.00
2022/07/21,22.58,23.19,22.38,22.79,13078577,298626368.00
2022/07/22,22.48,22.81,21.86,22.08,6788637,151359984.00
2022/07/25,22.31,22.31,21.15,21.46,4282508,92408848.00
2022/07/26,21.49,21.76,20.95,21.60,4044057,86925040.00
2022/07/27,21.60,22.00,21.31,22.00,4151676,90523768.00
2022/07/28,22.71,22.71,21.94,22.15,5416145,120967160.00
2022/07/29,21.93,24.69,21.80,23.37,10204540,237532304.00
2022/08/01,23.00,23.28,22.59,22.95,5212959,119802552.00
2022/08/02,22.57,22.58,21.13,21.73,4350670,95426296.00
2022/08/03,22.03,22.38,21.33,21.52,2948894,64777440.00
2022/08/04,21.83,22.25,21.47,22.24,2582409,56754948.00
2022/08/05,22.09,22.52,21.83,22.11,2891368,64221456.00
2022/08/08,22.81,22.82,22.07,22.60,3054262,68535496.00
2022/08/09,22.19,23.03,22.14,22.85,3438199,78038560.00
2022/08/10,22.65,23.23,22.45,23.13,3252545,74729720.00
2022/08/11,23.13,25.32,23.03,23.98,7732873,187584480.00
2022/08/12,23.89,24.22,23.13,23.24,4494629,105600952.00
2022/08/15,23.05,23.88,22.63,23.87,3029178,71056104.00
2022/08/16,23.73,25.41,23.63,24.36,5100329,126134104.00
2022/08/17,24.31,27.63,24.28,26.13,9173376,240629760.00
2022/08/18,26.93,30.15,25.69,29.43,12426293,348155264.00
2022/08/19,28.74,29.01,27.23,27.56,8498314,238172128.00
2022/08/22,27.49,30.73,27.41,28.84,10601706,308326272.00
2022/08/23,28.40,28.52,26.32,26.59,9627048,264070128.00
2022/08/24,26.64,27.57,24.86,26.73,10323303,270135648.00
2022/08/25,26.20,27.93,25.57,25.74,7730106,207292976.00
2022/08/26,25.92,25.92,23.93,23.94,6604138,164565520.00
2022/08/29,23.48,24.92,23.09,23.95,3949317,95619312.00
2022/08/30,24.25,24.27,23.08,23.35,2390610,56211796.00
2022/08/31,23.16,23.52,21.93,22.08,2691132,60665888.00
2022/09/01,22.12,22.38,21.28,21.40,2092000,45585912.00
2022/09/02,21.50,22.31,21.13,22.09,2348059,51387356.00
2022/09/05,22.24,22.41,21.36,21.71,2512502,54930252.00
2022/09/06,21.70,22.35,21.04,21.87,3027984,65602004.00
2022/09/07,21.73,22.22,21.58,21.99,3024122,66482452.00
2022/09/08,22.04,23.47,21.89,23.43,7486652,170975152.00
2022/09/09,23.04,23.22,22.20,22.47,4297975,96701128.00
2022/09/13,22.48,22.72,21.31,21.36,3693248,80941432.00
2022/09/14,20.93,21.15,20.54,20.88,2500142,52158856.00
2022/09/15,20.83,21.29,19.93,20.11,2283625,46630872.00
2022/09/16,20.13,20.25,19.49,19.53,1587970,31515934.00
2022/09/19,19.54,19.82,18.82,19.01,1697400,32577692.00
2022/09/20,19.02,19.55,19.02,19.42,1283315,24930258.00
2022/09/21,19.33,19.34,18.95,19.29,1108327,21314578.00
2022/09/22,19.08,19.38,18.99,19.01,1209899,23275410.00
2022/09/23,19.09,19.16,18.18,18.39,1580182,29418770.00
2022/09/26,18.38,18.52,17.92,18.07,1158066,21123326.00
2022/09/27,18.37,18.65,18.05,18.62,1235539,22787250.00
2022/09/28,18.72,18.72,17.86,17.95,1197094,21795062.00
2022/09/29,18.32,18.43,17.56,17.73,931501,16687160.00
2022/09/30,17.50,17.91,17.02,17.02,909200,15819459.00
2022/10/10,17.13,17.31,16.63,16.73,793868,13485993.00
2022/10/11,16.72,17.00,16.54,16.77,765445,12901975.00
2022/10/12,16.78,17.47,16.52,17.44,1262970,21566914.00
2022/10/13,17.51,17.97,17.21,17.72,1333116,23663924.00
2022/10/14,18.03,18.33,17.71,18.24,1531124,27817864.00
2022/10/17,18.16,18.55,17.88,18.51,1435983,26527374.00
2022/10/18,18.51,18.88,18.33,18.73,1501230,28138240.00
2022/10/19,18.48,18.95,18.48,18.56,1254283,23566484.00
2022/10/20,18.55,18.86,18.13,18.65,1517572,28241574.00
2022/10/21,18.93,19.07,18.34,18.53,893938,16700903.00
2022/10/24,18.57,19.16,18.22,18.28,1000271,18679070.00
2022/10/25,18.29,18.50,17.84,18.09,927824,16886712.00
2022/10/26,18.48,18.97,18.03,18.79,1372814,25673736.00
2022/10/27,19.21,19.21,18.55,18.65,1147636,21710988.00
2022/10/28,18.74,18.84,17.61,17.61,1297824,23639518.00
2022/10/31,17.61,18.50,17.61,18.35,1136977,20757202.00
2022/11/01,18.72,19.06,17.93,19.03,1338695,25227120.00
2022/11/02,19.13,19.58,19.04,19.30,1553667,30192788.00
2022/11/03,19.21,19.45,18.95,19.23,1064380,20567398.00
2022/11/04,19.43,19.83,19.20,19.64,1573581,30952330.00
2022/11/07,19.68,20.10,19.51,19.64,1246198,24664650.00
2022/11/08,19.64,19.79,19.26,19.55,1065035,20741496.00
2022/11/09,19.51,19.88,19.31,19.57,840792,16537859.00
2022/11/10,19.78,19.88,19.21,19.26,1111244,21666208.00
2022/11/11,19.74,19.82,18.98,19.09,1225654,23828406.00
2022/11/14,19.13,19.33,18.88,19.20,893730,17169632.00
2022/11/15,19.12,19.84,19.03,19.68,1356751,26721030.00
2022/11/16,19.63,19.80,19.37,19.42,1110666,21826294.00
2022/11/17,19.35,19.51,19.04,19.47,1177430,22757028.00
2022/11/18,19.53,19.98,19.23,19.24,1281069,25196444.00
2022/11/21,19.14,19.62,18.99,19.53,1043400,20300016.00
2022/11/22,19.68,19.68,19.14,19.26,790958,15387850.00
2022/11/23,19.29,19.37,18.46,18.92,1093864,20666804.00
2022/11/24,19.01,19.20,18.81,18.95,594116,11315978.00
2022/11/25,18.94,18.95,18.57,18.58,593744,11166325.00
2022/11/28,18.49,18.55,17.98,18.11,825375,15105049.00
2022/11/29,18.11,18.47,18.11,18.35,625654,11512915.00
2022/11/30,18.35,18.41,18.05,18.11,653543,11943434.00
2022/12/01,18.26,18.72,18.26,18.49,784121,14594845.00
2022/12/02,18.36,18.87,18.31,18.71,720029,13496791.00
2022/12/05,18.83,18.91,18.53,18.68,692967,12956921.00
2022/12/06,18.68,18.89,18.53,18.77,682967,12843483.00
2022/12/07,18.65,18.82,18.48,18.67,756636,14185963.00
2022/12/08,18.68,18.70,18.43,18.45,574953,10694030.00
2022/12/09,18.39,18.54,18.20,18.46,486998,8974516.00
2022/12/12,18.14,18.68,18.07,18.45,840032,15529894.00
2022/12/13,18.56,18.61,18.01,18.05,751410,13755980.00
2022/12/14,18.13,18.41,18.06,18.10,579800,10617752.00
2022/12/15,18.09,18.41,17.94,18.37,662959,12162803.00
2022/12/16,18.18,18.30,17.63,17.68,1041200,18636472.00
2022/12/19,17.68,17.83,17.26,17.31,537844,9430781.00
2022/12/20,17.53,17.64,17.16,17.58,457017,7993501.00
2022/12/21,17.43,17.64,17.05,17.13,458692,7953078.00
2022/12/22,17.16,17.30,16.67,16.77,659700,11210698.00
2022/12/23,16.72,17.13,16.60,16.82,436730,7345976.00
2022/12/26,16.61,17.21,16.61,17.11,940959,16079053.00
2022/12/27,17.08,17.24,16.88,17.16,564962,9691288.00
2022/12/28,17.17,17.17,16.61,16.70,557224,9391091.00
2022/12/29,16.70,16.77,16.32,16.72,790754,13130412.00
2022/12/30,16.72,16.81,16.30,16.38,656344,10833902.00
2023/01/03,16.38,16.96,16.26,16.94,1048162,17541678.00
2023/01/04,17.03,17.10,16.78,16.96,852155,14492894.00
2023/01/05,16.97,17.26,16.80,17.14,812670,13922259.00
2023/01/06,17.13,17.37,17.08,17.24,805214,13946892.00
2023/01/09,17.34,17.39,17.16,17.22,774257,13428081.00
2023/01/10,17.31,17.42,17.16,17.28,579864,10071817.00
2023/01/11,17.21,17.51,17.05,17.06,632047,10983193.00
2023/01/12,17.05,17.40,17.02,17.24,502459,8707062.00
2023/01/13,17.25,17.51,17.06,17.19,656236,11379913.00
2023/01/16,17.33,17.96,17.14,17.81,1266288,22474272.00
2023/01/17,17.90,18.02,17.73,17.84,791900,14180213.00
2023/01/18,17.85,17.94,17.74,17.89,507350,9085674.00
2023/01/19,17.92,18.03,17.78,17.99,717300,12934076.00
2023/01/20,18.18,18.25,17.90,18.00,677426,12229150.00
2023/01/30,18.23,18.38,18.12,18.29,851484,15620670.00
2023/01/31,18.43,18.43,18.15,18.39,567611,10410620.00
2023/02/01,18.39,18.67,18.38,18.61,722449,13435586.00
2023/02/02,18.78,18.98,18.61,18.84,1134099,21422380.00
2023/02/03,18.76,18.99,18.43,18.69,1004047,18802464.00
2023/02/06,18.76,19.42,18.70,19.42,2405358,46338816.00
2023/02/07,19.63,19.63,19.11,19.23,1675500,32276436.00
2023/02/08,19.21,19.29,18.79,18.82,1459947,27787376.00
2023/02/09,18.85,19.21,18.71,19.18,1171401,22405084.00
2023/02/10,19.31,19.38,18.93,19.02,840521,16165850.00
2023/02/13,19.00,19.21,18.93,19.07,827798,15835619.00
2023/02/14,19.10,19.25,19.08,19.20,757088,14561970.00
2023/02/15,19.35,22.83,19.13,21.47,11497004,245519168.00
2023/02/16,21.13,21.13,20.14,20.34,7089287,146921632.00
2023/02/17,20.23,22.28,20.18,22.05,10737946,231149728.00
2023/02/20,21.23,21.99,20.83,21.99,7628209,163617072.00
2023/02/21,21.55,21.83,20.83,21.14,5834323,125398928.00
2023/02/22,20.96,21.35,20.54,21.04,3726365,78064152.00
2023/02/23,20.81,20.98,20.40,20.46,3057091,63252900.00
2023/02/24,20.32,20.52,19.99,20.14,2425200,49111352.00
2023/02/27,20.01,20.27,19.83,19.93,2006605,40273328.00
2023/02/28,19.96,20.21,19.74,20.20,1876376,37673688.00
2023/03/01,20.15,20.35,19.94,20.32,2087414,42195232.00
2023/03/02,20.66,20.78,20.37,20.44,3724007,76976224.00
2023/03/03,20.85,20.91,19.98,20.00,2895978,59310632.00
2023/03/06,19.99,20.08,19.27,19.50,2980941,58407768.00
2023/03/07,19.41,19.61,18.60,18.62,2735683,52172356.00
2023/03/08,18.72,18.90,18.60,18.89,1509103,28366340.00
2023/03/09,19.00,19.01,18.76,18.95,1274803,24158016.00
2023/03/10,18.91,18.91,18.68,18.68,1203800,22679124.00
2023/03/13,18.85,18.85,18.22,18.44,1197787,22121056.00
2023/03/14,18.33,18.47,17.61,18.42,1900368,34353164.00
2023/03/15,18.38,18.61,18.24,18.43,1458214,27015030.00
2023/03/16,18.33,18.49,17.72,17.95,1289873,23366032.00
2023/03/17,17.99,18.30,17.75,18.17,1136737,20668558.00
2023/03/20,18.28,18.46,17.95,18.46,1637966,30073150.00
2023/03/21,18.48,18.86,18.33,18.85,1450730,27097456.00
2023/03/22,18.93,19.10,18.84,19.05,1828762,34841796.00
2023/03/23,19.12,19.23,18.73,19.14,1381443,26461702.00
2023/03/24,19.15,19.73,19.15,19.45,2293000,44816792.00
2023/03/27,19.38,19.72,19.21,19.48,1867745,36499588.00
2023/03/28,19.52,19.52,18.84,19.00,1795189,34446708.00
2023/03/29,19.11,19.42,18.96,19.19,1533824,29542684.00
2023/03/30,19.19,19.29,18.94,19.26,997500,19158000.00
2023/03/31,19.43,19.43,18.93,19.08,1251600,23916480.00
2023/04/03,19.18,19.46,19.14,19.29,1627900,31503948.00
2023/04/04,19.41,19.42,18.78,18.92,1731622,32982058.00
2023/04/06,18.90,19.26,18.77,19.08,1625733,31106574.00
2023/04/07,19.06,19.65,19.06,19.62,2291854,44740048.00
2023/04/10,19.82,20.05,19.44,19.63,2684926,53251112.00
2023/04/11,19.78,19.80,19.43,19.55,1294661,25451884.00
2023/04/12,19.60,20.19,19.43,20.14,2828522,56632208.00
2023/04/13,20.15,20.26,19.55,19.66,2348759,46681604.00
2023/04/14,19.66,19.76,19.18,19.53,1494507,29148176.00
2023/04/17,19.52,19.67,19.13,19.18,1250172,24244502.00
2023/04/18,19.29,19.29,18.63,18.73,1565626,29639966.00
2023/04/19,18.73,19.05,18.66,18.93,1228037,23202746.00
2023/04/20,18.93,18.93,18.29,18.34,1273084,23626858.00
2023/04/21,18.28,18.47,17.23,17.28,2005963,35650028.00
2023/04/24,17.32,17.43,16.99,17.24,1107351,19111464.00
2023/04/25,16.59,16.62,14.72,14.93,3770636,57582616.00
2023/04/26,14.93,15.58,14.75,15.42,1860424,28655166.00
2023/04/27,15.48,15.88,15.33,15.56,1198380,18825264.00
2023/04/28,15.57,15.85,15.49,15.80,739854,11697894.00
2023/05/04,15.73,15.90,15.39,15.47,1178300,18436320.00
2023/05/05,15.55,15.73,15.14,15.26,821600,12615445.00
2023/05/08,15.33,15.50,15.22,15.34,872322,13451060.00
2023/05/09,15.28,15.53,15.01,15.06,1112500,16966386.00
2023/05/10,15.13,15.74,14.96,15.50,1515200,23451642.00
2023/05/11,15.54,16.04,15.41,15.85,1537049,24280072.00
2023/05/12,15.85,15.90,15.40,15.44,939736,14709896.00
2023/05/15,15.38,16.19,15.31,16.11,2166912,34626864.00
2023/05/16,16.03,16.09,15.77,16.02,1358368,21761512.00
2023/05/17,15.93,16.61,15.93,16.43,1703674,27898970.00
2023/05/18,16.43,16.95,16.23,16.61,1717977,28654174.00
2023/05/19,16.65,16.99,16.55,16.84,1466699,24755858.00
2023/05/22,16.79,17.12,16.79,16.92,1171881,19947592.00
2023/05/23,16.88,17.32,16.84,17.05,1274100,21877762.00
2023/05/24,16.84,17.08,16.83,16.84,1234200,20977820.00
2023/05/25,16.92,17.28,16.76,16.99,1159594,19774558.00
2023/05/26,17.13,17.17,16.87,16.89,788900,13469205.00
2023/05/29,17.00,17.23,16.90,17.10,1245694,21409972.00
2023/05/30,17.02,17.18,16.82,17.07,986182,16825082.00
2023/05/31,17.03,17.33,16.83,17.23,1079700,18677104.00
2023/06/01,17.14,17.72,17.04,17.54,1429913,25169030.00
2023/06/02,17.55,17.67,17.19,17.20,1286543,22393704.00
2023/06/05,17.29,17.43,17.11,17.16,786200,13581733.00
2023/06/06,17.17,17.26,16.58,16.58,1075000,18098810.00
2023/06/07,16.78,17.00,16.43,16.90,946754,15980212.00
2023/06/08,16.98,16.98,16.32,16.37,1198280,19858900.00
2023/06/09,16.44,16.63,16.14,16.46,1046623,17232760.00
2023/06/12,16.48,16.93,16.43,16.78,973715,16322161.00
2023/06/13,16.93,17.42,16.63,17.06,1881821,32204574.00
2023/06/14,16.91,17.02,16.43,16.54,1539000,25650594.00
2023/06/15,16.54,16.66,16.43,16.43,859624,14257404.00
2023/06/16,16.31,16.54,16.27,16.45,697200,11500441.00
2023/06/19,16.38,16.88,16.38,16.81,1147500,19285192.00
2023/06/20,17.10,20.19,17.10,19.17,15182895,300147168.00
2023/06/21,18.67,18.78,17.83,18.02,13022413,237541056.00
2023/06/26,17.86,17.92,16.98,17.13,6748551,117395960.00
2023/06/27,17.03,17.17,16.36,16.62,5704920,95244120.00
2023/06/28,16.69,17.43,16.65,16.98,5728950,97477624.00
2023/06/29,16.53,16.99,16.53,16.82,3902158,65669604.00
2023/06/30,16.68,17.61,16.62,17.46,5317891,91562544.00
2023/07/03,17.28,17.45,17.08,17.13,3851121,66635316.00
2023/07/04,17.14,17.53,16.96,17.47,4110832,71359112.00
2023/07/05,17.45,17.45,17.11,17.20,2722012,47190776.00
2023/07/06,17.50,17.51,17.16,17.19,2051428,35557320.00
2023/07/07,17.12,17.28,16.72,16.73,3111525,52874272.00
2023/07/10,16.85,16.88,16.40,16.47,2057677,34236448.00
2023/07/11,16.53,17.19,16.42,17.18,2664277,44925776.00
2023/07/12,17.03,17.30,16.85,16.91,2304882,39564972.00
2023/07/13,17.02,17.87,16.83,17.62,5154760,90394728.00
2023/07/14,17.55,18.07,17.39,17.65,3541383,62323244.00
2023/07/17,17.58,17.74,17.35,17.55,2181894,38226572.00
2023/07/18,17.78,17.93,17.40,17.51,2597564,45841056.00
2023/07/19,17.46,17.59,17.16,17.28,1893200,32812272.00
2023/07/20,17.45,17.49,16.78,16.83,1876398,31989898.00
2023/07/21,16.72,16.91,16.53,16.65,1308818,21889848.00
2023/07/24,16.52,16.73,16.28,16.33,1407618,23173266.00
2023/07/25,16.41,16.61,16.35,16.60,1170500,19327936.00
2023/07/26,16.50,16.55,16.31,16.37,984991,16180660.00
2023/07/27,16.38,16.75,16.29,16.35,1263000,20833168.00
2023/07/28,16.31,16.34,15.84,16.31,1431667,23048352.00
2023/07/31,16.29,16.58,16.24,16.52,897570,14794000.00
2023/08/01,16.57,16.58,16.38,16.50,731003,12046642.00
2023/08/02,16.57,16.64,16.43,16.52,748991,12379949.00
2023/08/03,16.52,16.52,16.25,16.31,839391,13742322.00
2023/08/04,16.45,16.67,16.34,16.58,1011272,16708207.00
2023/08/07,16.59,16.73,16.43,16.49,833140,13817589.00
2023/08/08,16.48,16.67,16.43,16.64,745400,12355397.00
2023/08/09,16.61,16.62,16.44,16.49,586600,9701219.00
2023/08/10,16.58,16.88,16.40,16.81,1267612,21161000.00
2023/08/11,16.81,17.34,16.40,16.40,2273700,38220408.00
2023/08/14,16.39,16.46,15.98,16.46,1484336,24015024.00
2023/08/15,16.47,16.78,16.32,16.75,1828722,30384188.00
2023/08/16,16.75,17.03,16.08,16.13,2067819,34194380.00
2023/08/17,16.78,18.50,16.78,17.22,9438928,167573744.00
2023/08/18,17.12,17.37,16.40,16.46,6089746,102722624.00
2023/08/21,16.22,16.54,15.78,15.78,4141144,66840820.00
2023/08/22,15.78,15.95,15.04,15.38,2742999,42009476.00
2023/08/23,15.36,15.36,14.95,15.13,1444500,21872228.00
2023/08/24,14.98,15.31,14.86,14.91,1478500,22244148.00
2023/08/25,14.79,14.87,14.20,14.24,1862754,27016504.00
2023/08/28,14.87,15.18,14.26,14.32,1440390,21140778.00
2023/08/29,14.46,15.26,14.32,15.21,2552183,38398484.00
2023/08/30,15.21,16.10,15.04,16.08,4060831,64474256.00
2023/08/31,16.13,16.41,15.80,16.37,3076254,50031032.00
2023/09/01,16.31,16.73,16.28,16.61,2584750,42827896.00
2023/09/04,16.73,16.98,16.31,16.68,2555016,42322380.00
2023/09/05,16.72,17.25,16.72,16.97,2373800,40358440.00
2023/09/06,17.03,17.33,16.80,17.33,2816996,48309284.00
2023/09/07,17.20,17.28,16.88,17.01,2948001,50378716.00
2023/09/08,17.20,17.64,16.85,17.44,3493783,60255840.00
2023/09/11,17.30,17.39,16.93,17.03,2165860,37029000.00
2023/09/12,17.28,17.28,16.78,16.84,2301442,39014848.00
2023/09/13,17.00,17.00,16.25,16.41,1697740,27999988.00
2023/09/14,16.50,16.56,16.20,16.25,1422640,23315480.00
2023/09/15,16.51,16.51,15.96,16.18,1438400,23238144.00
2023/09/18,16.13,16.48,15.88,16.26,1192300,19400914.00
2023/09/19,16.25,16.47,15.81,15.88,1146550,18281274.00
2023/09/20,15.81,16.18,15.62,15.66,840526,13292826.00
2023/09/21,15.61,15.84,15.53,15.66,968004,15197333.00
2023/09/22,15.53,16.29,15.53,16.27,1331392,21363160.00
2023/09/25,16.26,16.37,15.98,16.15,1021654,16484113.00
2023/09/26,16.14,16.15,15.81,15.92,822400,13115581.00
2023/09/27,15.84,16.16,15.73,15.87,943117,15041016.00
2023/09/28,15.88,16.57,15.88,16.43,1631800,26711400.00
2023/10/09,16.84,18.97,16.84,17.64,7987120,143303584.00
2023/10/10,17.50,17.64,17.03,17.38,5659531,97777520.00
2023/10/11,17.10,17.38,17.08,17.20,3618214,62319904.00
2023/10/12,17.26,18.14,16.92,18.03,7967181,141003296.00
2023/10/13,17.82,18.53,17.53,18.07,8117043,146264928.00
2023/10/16,17.71,17.98,17.26,17.41,4829921,84421400.00
2023/10/17,17.35,17.41,16.88,17.41,2800700,48282008.00
2023/10/18,17.20,17.23,16.77,16.97,2461800,41857104.00
2023/10/19,16.77,17.25,16.77,16.89,2260062,38525428.00
2023/10/20,16.78,17.33,16.59,16.67,2026940,34109000.00
2023/10/23,16.63,16.63,15.92,15.99,2111373,34186768.00
2023/10/24,16.05,16.81,16.05,16.75,2606556,43092684.00
2023/10/25,16.63,16.96,16.40,16.57,2041700,33911232.00
2023/10/26,16.38,17.06,16.28,17.03,2262673,37791900.00
2023/10/27,16.98,17.30,16.59,17.15,2501334,42578252.00
2023/10/30,17.14,17.58,16.93,17.49,2463900,42714048.00
2023/10/31,17.58,17.67,17.23,17.33,1959634,34175116.00
2023/11/01,17.31,17.56,17.30,17.37,1412245,24632652.00
2023/11/02,17.38,17.64,17.03,17.03,1452576,25081588.00
2023/11/03,17.03,17.66,17.01,17.59,2381469,41693800.00
2023/11/06,17.66,18.08,17.65,18.08,2934342,52655824.00
2023/11/07,18.08,18.26,17.89,18.13,2460143,44559816.00
2023/11/08,18.13,18.27,17.82,18.02,2301284,41528588.00
2023/11/09,18.07,18.15,17.70,17.82,1919942,34400684.00
2023/11/10,17.73,18.51,17.62,18.04,3157842,57130316.00
2023/11/13,17.97,18.27,17.83,18.16,2657042,48166156.00
2023/11/14,18.18,18.32,17.96,18.27,2049550,37343192.00
2023/11/15,18.27,18.58,18.21,18.50,2717352,50018056.00
2023/11/16,18.43,18.54,18.13,18.16,2241129,41051964.00
2023/11/17,18.19,18.42,18.06,18.25,1823277,33344304.00
2023/11/20,18.37,18.42,18.06,18.17,1533891,27912702.00
2023/11/21,18.37,18.37,17.89,18.06,2394900,43400948.00
2023/11/22,17.87,18.13,17.68,17.69,1245298,22271242.00
2023/11/23,17.68,18.28,17.68,18.26,2404142,43587648.00
2023/11/24,18.30,19.42,17.88,17.98,8339900,155987968.00
2023/11/27,18.38,19.08,18.19,18.53,6483200,120779864.00
2023/11/28,18.13,18.75,18.13,18.40,5001464,92373256.00
2023/11/29,18.66,19.22,18.48,18.78,7471279,140695232.00
2023/11/30,18.58,18.63,17.79,18.13,5510785,100006528.00
2023/12/01,18.08,18.21,17.22,18.16,3561383,63448552.00
2023/12/04,18.12,18.20,17.62,17.80,2033100,36234028.00
2023/12/05,17.64,17.98,17.31,17.36,2173600,38221852.00
2023/12/06,17.29,17.66,17.29,17.49,1657000,29000916.00
2023/12/07,17.39,17.68,17.36,17.49,1538100,26966688.00
2023/12/08,17.49,17.88,17.37,17.49,1392700,24578936.00
2023/12/11,17.48,17.99,17.33,17.99,2198700,39004364.00
2023/12/12,17.96,17.97,17.68,17.85,1426300,25462084.00
2023/12/13,17.82,17.97,17.63,17.73,1443027,25689454.00
2023/12/14,17.77,17.87,17.48,17.50,1103900,19489116.00
2023/12/15,17.50,17.58,17.22,17.36,1472900,25628222.00
2023/12/18,17.23,17.37,17.08,17.14,1265400,21774800.00
2023/12/19,17.23,17.55,17.04,17.48,1098050,19084124.00
2023/12/20,17.67,17.85,17.32,17.43,1428000,25153196.00
2023/12/21,17.38,17.55,16.89,17.55,1699409,29364292.00
2023/12/22,17.85,17.85,17.17,17.23,1509136,26384686.00
2023/12/25,17.53,17.53,17.06,17.32,926700,16033235.00
2023/12/26,17.27,17.28,16.63,16.84,1237946,20860078.00
2023/12/27,16.84,17.27,16.63,17.23,1532750,26154552.00
2023/12/28,17.21,17.63,16.89,17.38,1218904,21117540.00
2023/12/29,17.31,18.11,17.31,18.07,2084627,37421488.00
2024/01/02,18.07,18.13,17.87,17.95,1442400,25934760.00
2024/01/03,17.86,17.96,17.48,17.68,1601254,28354358.00
2024/01/04,17.68,17.98,17.38,17.50,1446765,25399660.00
2024/01/05,17.49,17.71,17.07,17.20,1257000,21855580.00
2024/01/08,17.27,17.28,16.69,16.69,1317300,22251154.00
2024/01/09,16.69,17.03,16.50,16.57,1387600,23262460.00
2024/01/10,16.74,16.74,16.18,16.33,1192000,19559056.00
2024/01/11,16.59,16.98,16.19,16.89,1298770,21677918.00
2024/01/12,16.89,16.91,16.51,16.51,888754,14864539.00
2024/01/15,16.65,16.67,16.26,16.54,1004300,16586394.00
2024/01/16,16.54,16.64,16.14,16.36,860700,14058195.00
2024/01/17,16.37,16.42,15.91,15.96,1020854,16546215.00
2024/01/18,16.11,16.11,15.29,15.73,1354100,21219716.00
2024/01/19,15.76,15.94,15.50,15.53,878318,13767364.00
2024/01/22,15.79,15.79,14.35,14.50,1505600,22567700.00
2024/01/23,14.28,14.84,14.12,14.18,1563469,22358694.00
2024/01/24,14.25,14.44,13.66,14.20,1652950,23326088.00
2024/01/25,14.23,15.05,14.07,15.03,1683369,24753588.00
2024/01/26,15.03,15.11,14.73,14.76,1286290,19219584.00
2024/01/29,14.86,15.02,14.15,14.17,1041354,15052356.00
2024/01/30,14.01,14.09,13.41,13.41,1569054,21642808.00
2024/01/31,13.57,13.57,12.45,12.52,1826853,23606270.00
2024/02/01,12.30,12.55,11.96,12.31,2002700,24600552.00
2024/02/02,12.31,12.59,10.87,11.29,2899022,33741308.00
2024/02/05,11.27,11.28,9.29,9.47,3811651,38117320.00
2024/02/06,10.20,11.37,10.20,11.37,3072467,34053720.00
2024/02/07,13.65,13.65,13.65,13.65,3895255,53248136.00
2024/02/08,13.75,14.86,11.50,13.34,14346809,183062848.00
2024/02/19,12.29,13.29,12.29,13.19,11351441,145658224.00
2024/02/20,13.01,13.01,12.47,12.76,7819570,98964224.00
2024/02/21,12.48,13.18,12.38,12.76,7886977,101591816.00
2024/02/22,12.74,13.11,12.64,13.03,5590451,72342272.00
2024/02/23,13.03,13.62,12.89,13.58,6141691,81928672.00
2024/02/26,13.70,13.98,13.38,13.53,5493022,75068104.00
2024/02/27,14.08,14.22,13.53,14.22,5269354,73237024.00
2024/02/28,14.18,14.47,12.67,12.68,6656200,91321992.00
2024/02/29,12.48,13.46,12.34,13.38,4484036,59274000.00
2024/03/01,13.39,14.45,13.32,14.11,5359850,74576312.00
2024/03/04,14.09,14.34,13.65,14.12,4537251,63723716.00
2024/03/05,14.00,14.46,13.70,14.05,4493500,63782592.00
2024/03/06,13.96,14.44,13.65,14.25,4252854,59796908.00
2024/03/07,14.14,14.38,13.60,13.62,3852955,53712164.00
2024/03/08,13.56,14.04,13.56,13.88,2994300,41557320.00
2024/03/11,13.82,14.12,13.65,14.09,2721541,37916516.00
2024/03/12,14.07,14.33,14.01,14.27,3114200,44243048.00
2024/03/13,14.30,14.75,14.18,14.42,3410100,49284688.00
2024/03/14,14.42,14.42,13.78,14.09,2784862,39360072.00
2024/03/15,14.11,14.38,14.03,14.34,2552800,36338208.00
2024/03/18,14.34,14.72,14.32,14.70,3033511,44221608.00
2024/03/19,14.68,15.06,14.63,14.82,3426400,51053468.00
2024/03/20,14.82,15.02,14.77,14.99,2640450,39420792.00
2024/03/21,14.99,15.20,14.59,14.76,2716141,40289636.00
2024/03/22,14.71,14.94,14.35,14.54,2378300,34709816.00
2024/03/25,14.19,14.64,13.85,13.91,2474946,35194504.00
2024/03/26,13.94,14.66,13.64,13.92,4523871,63580052.00
2024/03/27,13.85,13.88,13.06,13.08,3188379,43052688.00
2024/03/28,13.09,13.85,13.02,13.60,2759789,37364096.00
2024/03/29,13.58,13.93,13.38,13.86,1564879,21410022.00
2024/04/01,13.88,14.38,13.88,14.38,2127200,30327664.00
2024/04/02,14.38,14.48,14.04,14.24,1601021,22801690.00
2024/04/03,14.20,14.24,13.57,13.88,2264600,31445592.00
2024/04/08,14.07,14.07,13.14,13.16,2164096,29080714.00
2024/04/09,13.17,13.85,13.16,13.79,2104100,28421844.00
2024/04/10,13.75,13.77,13.06,13.19,1623921,21635584.00
2024/04/11,12.98,13.38,12.94,13.06,1437200,18962294.00
2024/04/12,13.06,13.33,12.94,12.94,1358550,17851804.00
2024/04/15,13.12,13.19,12.05,12.26,2427040,30430248.00
2024/04/16,12.25,12.28,10.84,10.89,2846104,32140038.00
2024/04/17,10.93,12.39,10.90,12.36,3096841,36864312.00
2024/04/18,12.53,12.53,11.89,12.21,2423923,29584502.00
2024/04/19,12.18,12.33,11.92,12.19,1969754,23893398.00
2024/04/22,12.78,12.78,11.64,12.04,2604004,31301814.00
2024/04/23,11.89,12.50,11.89,12.43,2161982,26659064.00
2024/04/24,12.40,12.86,12.39,12.85,1751100,22262046.00
2024/04/25,12.86,13.14,12.76,13.00,1644400,21384372.00
2024/04/26,12.84,13.33,12.73,13.24,2099600,27671052.00
2024/04/29,13.28,13.68,13.21,13.65,1744850,23628340.00
2024/04/30,13.74,13.78,13.39,13.63,1681400,22815112.00
2024/05/06,13.69,13.97,13.64,13.79,1637854,22579736.00
2024/05/07,13.79,14.05,13.63,14.02,1906818,26575408.00
2024/05/08,13.95,14.14,13.80,13.84,1779923,24879592.00
2024/05/09,13.95,14.21,13.74,14.06,1537400,21679226.00
2024/05/10,14.09,14.15,13.63,13.67,1604500,22143462.00
2024/05/13,13.73,13.74,13.18,13.33,1575800,21151554.00
2024/05/14,13.46,13.80,13.32,13.48,1553000,20998172.00
2024/05/15,13.51,13.70,13.21,13.43,966300,13048438.00
2024/05/16,13.57,13.77,13.37,13.52,971200,13222220.00
2024/05/17,13.64,13.85,13.34,13.84,1427794,19540930.00
2024/05/20,13.90,14.06,13.64,13.79,1420900,19693360.00
2024/05/21,13.83,13.94,13.59,13.72,1394794,19192160.00
2024/05/22,13.86,14.06,13.60,14.05,1351100,18790758.00
2024/05/23,14.06,14.88,13.86,13.96,4712910,67053200.00
2024/05/24,13.85,14.44,13.63,13.76,4825310,67457184.00
2024/05/27,13.34,13.78,13.18,13.62,3670700,49251004.00
2024/05/28,13.47,14.32,13.39,13.88,3147200,43247136.00
2024/05/29,13.72,16.66,13.51,15.47,13916132,208628416.00
2024/05/30,14.64,15.20,14.22,14.54,12474236,181285168.00
2024/05/31,15.19,17.45,15.19,17.45,20805437,354629120.00
2024/06/03,16.64,17.48,15.62,16.83,23158958,379738816.00
2024/06/04,15.98,15.98,14.70,14.96,14265091,217403200.00
2024/06/05,14.66,14.86,14.34,14.83,11246454,164496752.00
2024/06/06,14.46,14.81,12.76,12.87,12118269,167339744.00
2024/06/07,13.25,13.34,12.28,12.66,8632500,109529080.00
2024/06/11,12.35,13.33,12.01,13.30,7994239,102581568.00
2024/06/12,13.52,14.69,13.52,13.91,9802113,137940832.00
2024/06/13,13.95,14.29,13.74,14.04,7753301,109548880.00
2024/06/14,14.29,14.33,13.75,13.86,5241300,73023384.00
2024/06/17,13.80,16.64,13.68,16.64,15508654,241635632.00
2024/06/18,19.32,19.96,17.46,18.61,31789367,587165312.00
2024/06/19,19.39,20.66,18.68,19.03,35481561,700226624.00
2024/06/20,18.37,19.58,17.19,17.28,26771190,487966272.00
2024/06/21,16.78,16.92,15.80,15.89,20789540,335903424.00
2024/06/24,15.51,15.77,14.76,14.81,13298706,202573696.00
2024/06/25,14.98,15.16,14.59,14.88,12812069,190886480.00
2024/06/26,14.55,15.15,14.23,15.09,11604457,171662768.00
2024/06/27,15.08,15.63,14.75,14.81,13214000,201028208.00
2024/06/28,14.78,16.08,14.40,15.62,17629477,274101888.00
2024/07/01,15.85,15.99,14.80,15.21,11278064,171998304.00
2024/07/02,15.23,15.59,14.79,14.95,8288658,124588760.00
2024/07/03,14.82,15.00,14.31,14.44,6968856,101251576.00
2024/07/04,14.48,14.55,13.69,13.77,7101700,99671152.00
2024/07/05,13.80,13.83,13.23,13.59,5484200,74003376.00
2024/07/08,13.57,13.59,13.08,13.23,4734600,62857464.00
2024/07/09,13.32,14.33,13.08,14.24,10191700,140540400.00
2024/07/10,13.99,14.36,13.91,14.15,6679300,94622744.00
2024/07/11,14.43,14.78,14.16,14.66,7048550,102088856.00
2024/07/12,14.63,14.63,14.21,14.34,4899333,70292128.00
2024/07/15,14.31,14.58,13.80,13.92,4402177,61516560.00
2024/07/16,13.84,14.67,13.72,14.26,8064844,114957184.00
2024/07/17,14.22,14.23,13.33,13.37,6950895,95086136.00
2024/07/18,13.39,13.39,12.53,12.86,6576376,84062664.00
2024/07/19,12.72,13.31,12.70,13.17,4921548,64353316.00
2024/07/22,13.36,13.39,13.02,13.31,3886400,51412544.00
2024/07/23,13.34,13.40,12.82,12.85,3796154,49682808.00
2024/07/24,12.86,13.12,12.58,12.68,3264300,41676972.00
2024/07/25,12.55,12.78,12.21,12.44,4041200,50348100.00
2024/07/26,12.44,12.98,12.44,12.88,3799600,48550384.00
2024/07/29,12.95,13.29,12.71,13.12,3991036,51900572.00
2024/07/30,13.10,13.30,12.78,13.15,2965100,38832968.00
2024/07/31,13.28,13.52,12.91,13.50,4812650,64216652.00
2024/08/01,13.56,13.66,13.34,13.53,4036300,54578672.00
2024/08/02,13.41,13.50,12.90,12.93,4169700,54993748.00
2024/08/05,12.85,12.96,12.15,12.16,4354100,54534040.00
2024/08/06,12.50,12.60,12.26,12.59,3239000,40207656.00
2024/08/07,12.67,12.86,12.53,12.66,2827500,35833928.00
2024/08/08,12.65,12.69,12.26,12.50,2419900,30179360.00
2024/08/09,12.60,12.87,12.58,12.61,2397281,30422134.00
2024/08/12,12.61,12.79,12.30,12.38,2085800,25952584.00
2024/08/13,12.38,12.69,12.34,12.65,2351700,29480084.00
2024/08/14,12.73,14.88,12.73,13.92,15782008,216906176.00
2024/08/15,13.51,13.84,13.43,13.67,13200900,179760784.00
2024/08/16,13.42,14.15,13.40,13.83,12329809,171632912.00
2024/08/19,13.80,14.04,13.55,13.82,8459008,116679704.00
2024/08/20,13.84,13.86,13.42,13.50,5928900,80534648.00
2024/08/21,13.48,13.87,13.40,13.53,5551736,75758640.00
2024/08/22,13.40,13.59,13.21,13.25,4571900,60958208.00
2024/08/23,13.26,13.57,12.90,13.48,4754500,63158236.00
2024/08/26,13.59,13.93,13.31,13.79,6337400,86903416.00
2024/08/27,13.80,13.85,13.16,13.20,4764000,63600648.00
2024/08/28,13.02,13.65,12.81,13.48,5945900,79745680.00
2024/08/29,13.43,14.26,13.43,14.00,8624000,119809376.00
2024/08/30,13.92,14.56,13.92,14.22,11460900,164375504.00
2024/09/02,14.33,14.88,13.99,14.00,8718598,124449552.00
2024/09/03,14.20,14.40,13.88,13.99,5320600,74782656.00
2024/09/04,13.81,13.90,13.55,13.87,5380098,74055216.00
2024/09/05,13.98,14.13,13.60,13.73,4050600,55665428.00
2024/09/06,13.80,13.94,13.19,13.20,4171259,55831628.00
2024/09/09,13.00,13.48,13.00,13.16,3189700,42082632.00
2024/09/10,13.23,13.55,12.98,13.45,3446900,45676608.00
2024/09/11,13.33,13.49,13.15,13.21,2430000,32347832.00
2024/09/12,13.28,13.46,12.83,12.86,3359900,43993056.00
2024/09/13,12.86,13.09,12.55,12.60,2661800,33855632.00
2024/09/18,12.63,12.63,12.14,12.36,2596900,32026780.00
2024/09/19,12.65,12.66,12.31,12.41,3000900,37432696.00
2024/09/20,12.40,12.66,12.29,12.40,3178100,39573152.00
2024/09/23,12.38,12.64,12.25,12.39,2898300,36126744.00
2024/09/24,12.60,12.66,12.10,12.66,4901200,61114352.00
2024/09/25,12.83,13.16,12.69,12.74,5412675,69806352.00
2024/09/26,12.66,13.03,12.60,13.02,4913800,63121060.00
2024/09/27,13.11,14.04,13.10,13.78,7156800,97109376.00
2024/09/30,14.36,15.98,14.13,15.88,11482483,172551616.00
2024/10/08,18.74,18.99,16.62,18.30,12723480,226942208.00
2024/10/09,17.99,18.01,15.45,15.45,10508400,176073520.00
2024/10/10,15.70,16.63,15.62,15.75,8451706,135973728.00
2024/10/11,15.72,15.85,14.71,15.10,5403817,82275432.00
2024/10/14,14.87,15.95,14.67,15.92,6935657,106205592.00
2024/10/15,15.86,16.23,15.39,15.52,5254700,83082776.00
2024/10/16,15.28,15.56,15.03,15.18,4553300,69482176.00
2024/10/17,15.48,15.94,15.40,15.46,4699436,73622424.00
2024/10/18,15.40,16.49,15.40,16.09,6051838,96820192.00
2024/10/21,16.24,16.94,16.11,16.50,6161400,101893200.00
2024/10/22,16.44,16.65,16.06,16.28,4796900,78231224.00
2024/10/23,16.20,16.20,15.66,15.79,6296600,100329488.00
2024/10/24,15.77,15.95,15.37,15.82,4643202,72860480.00
2024/10/25,15.76,16.28,15.71,16.11,4642548,74126224.00
2024/10/28,16.11,16.55,15.90,16.53,5592100,90732656.00
2024/10/29,16.51,16.64,16.00,16.02,5026800,81902128.00
2024/10/30,16.19,16.60,15.87,16.20,6582500,106905016.00
2024/10/31,16.30,16.53,15.86,16.43,6278700,102446568.00
2024/11/01,16.32,16.46,14.96,15.00,6731500,104084248.00
2024/11/04,15.12,15.82,15.11,15.71,4602861,71768696.00
2024/11/05,15.71,16.54,15.60,16.39,5985600,96762416.00
2024/11/06,16.46,16.79,15.98,16.10,5632575,91767432.00
2024/11/07,16.10,16.36,15.90,16.34,4354266,70387456.00
2024/11/08,16.81,16.84,16.25,16.41,5205700,86129488.00
2024/11/11,16.59,17.12,16.42,17.08,6091000,103030608.00
2024/11/12,17.50,17.59,16.61,16.89,5966645,101129120.00
2024/11/13,16.80,16.94,16.28,16.83,4330300,71951720.00
2024/11/14,16.75,17.05,16.03,16.11,3818400,62659376.00
2024/11/15,16.09,16.51,15.73,15.77,4176700,67462008.00
2024/11/18,15.77,16.01,14.87,14.95,5677500,86623408.00
2024/11/19,15.17,15.55,14.93,15.50,4645700,70965928.00
2024/11/20,15.50,15.77,15.20,15.68,3900649,60773208.00
2024/11/21,15.69,15.84,15.23,15.49,3509100,54562748.00
2024/11/22,15.55,15.62,14.80,14.80,4080900,61958124.00
数据来源:通达信
