300719 安达维尔 日线 前复权
      日期	    开盘	    最高	    最低	    收盘	    成交量	    成交额
2017/11/09,8.70,10.65,8.70,10.65,10773,188044.16
2017/11/10,11.82,11.82,11.82,11.82,2273,43891.63
2017/11/13,13.11,13.11,13.11,13.11,4773,101378.52
2017/11/14,14.52,14.52,14.52,14.52,7046,164594.56
2017/11/15,16.08,16.08,16.08,16.08,10646,273602.19
2017/11/16,17.79,17.79,17.79,17.79,16073,454383.72
2017/11/17,19.68,19.68,19.68,19.68,72246,2246850.50
2017/11/20,21.75,21.75,20.95,21.75,3725083,127296560.00
2017/11/21,21.75,22.99,20.29,21.35,22735517,774324224.00
2017/11/22,20.17,22.63,19.73,22.15,21349889,718291008.00
2017/11/23,20.68,21.01,19.83,19.83,13857289,441969888.00
2017/11/24,18.95,19.16,17.74,17.74,10231248,298678496.00
2017/11/27,17.61,18.37,16.88,17.01,7493034,210300944.00
2017/11/28,17.08,17.61,16.95,17.28,5627129,154606032.00
2017/11/29,17.16,17.31,16.19,16.67,7675940,202751312.00
2017/11/30,16.79,17.37,16.74,17.03,7555042,205302960.00
2017/12/01,16.95,17.33,16.54,17.15,6095688,165081216.00
2017/12/04,16.85,16.93,15.33,15.33,7584335,192640880.00
2017/12/05,15.39,15.99,15.05,15.25,5047389,125499704.00
2017/12/06,14.94,15.60,14.85,15.56,4816191,117258456.00
2017/12/07,15.41,16.25,15.28,15.55,5697666,143971520.00
2017/12/08,15.32,16.50,15.09,16.09,6941727,177931680.00
2017/12/11,16.01,16.44,15.89,16.23,5211854,134725264.00
2017/12/12,16.14,16.14,15.43,15.49,5722766,144181568.00
2017/12/13,15.42,15.78,15.37,15.73,2796113,70018312.00
2017/12/14,15.75,16.05,15.40,15.93,3726370,93901608.00
2017/12/15,15.80,15.97,15.21,15.40,3772300,93994024.00
2017/12/18,15.61,15.71,15.13,15.40,2568759,63539792.00
2017/12/19,15.43,15.60,15.21,15.41,2801140,69179816.00
2017/12/20,15.37,15.45,14.40,14.47,5019634,119509024.00
2017/12/21,14.45,14.79,14.01,14.54,3731433,86689584.00
2017/12/22,14.49,14.81,14.43,14.67,2989912,70420720.00
2017/12/25,14.87,15.51,14.74,15.05,4063077,98226008.00
2017/12/26,14.98,16.61,14.98,16.28,8486350,217163696.00
2017/12/27,16.01,16.49,15.91,16.04,6105507,157986368.00
2017/12/28,16.00,17.17,15.96,16.62,7773390,207116112.00
2017/12/29,16.67,16.91,16.19,16.43,4279571,112472744.00
2018/01/02,16.58,16.73,16.09,16.45,3349444,87624400.00
2018/01/03,16.46,16.46,15.83,16.04,3866092,98918792.00
2018/01/04,15.96,16.73,15.87,16.18,4444614,116072656.00
2018/01/05,16.01,16.17,15.69,15.78,3524023,89444320.00
2018/01/08,15.81,16.25,15.53,16.20,3636308,92162824.00
2018/01/09,16.19,16.65,15.99,16.29,4462837,116490624.00
2018/01/10,16.15,16.20,15.15,15.41,4746873,118885680.00
2018/01/11,15.35,16.05,15.17,15.71,4118722,103655976.00
2018/01/12,15.63,16.07,15.47,15.87,4153271,104885280.00
2018/01/15,16.00,16.53,15.93,15.93,7493743,194555728.00
2018/01/16,15.45,16.87,15.07,16.66,9269719,241838480.00
2018/01/17,16.78,17.27,16.18,16.99,9798628,263491424.00
2018/01/18,16.75,17.01,16.57,16.73,5118425,136729088.00
2018/01/19,17.08,18.51,17.07,18.51,4097709,118365824.00
2018/01/22,19.94,20.47,18.29,18.54,21643554,678395200.00
2018/01/23,17.31,17.98,16.81,17.51,14612772,404458656.00
2018/01/24,17.26,17.75,16.82,17.35,10137289,278877696.00
2018/01/25,17.09,18.22,17.01,17.35,11429557,321225984.00
2018/01/26,17.16,17.31,16.34,16.41,8295699,222296800.00
2018/01/29,16.35,16.73,16.01,16.66,5182670,135632080.00
2018/01/30,16.58,16.89,16.30,16.73,4377817,115883552.00
2018/01/31,16.15,16.15,14.95,14.95,6986202,172238032.00
2018/02/01,14.96,15.05,13.89,13.95,4832761,112207856.00
2018/02/02,13.77,14.13,13.35,13.85,3009373,67145224.00
2018/02/05,13.48,13.85,12.96,13.03,2972970,64548720.00
2018/02/06,12.47,12.98,11.63,11.63,3698043,74256536.00
2018/02/07,11.96,12.23,11.32,12.00,4049044,78909520.00
2018/02/08,11.89,12.45,11.89,12.16,2820391,56232796.00
2018/02/09,11.75,11.96,11.58,11.91,3011201,57942684.00
2018/02/12,12.18,12.57,12.01,12.36,2526517,50765896.00
2018/02/13,12.43,12.55,12.01,12.04,2541954,50861800.00
2018/02/14,11.89,12.25,11.89,12.10,1519857,30002640.00
2018/02/22,12.30,12.53,12.15,12.38,1581971,31793636.00
2018/02/23,12.39,12.89,12.33,12.53,2292117,46786704.00
2018/02/26,12.85,13.38,12.68,13.21,4121061,86983200.00
2018/02/27,13.16,13.88,13.09,13.41,4882517,106523544.00
2018/02/28,13.19,13.37,12.87,13.07,3181915,67790368.00
2018/03/01,12.87,13.38,12.87,13.34,2566357,55079300.00
2018/03/02,13.10,13.39,12.92,13.16,2501018,53372636.00
2018/03/05,13.61,14.58,13.28,14.58,10310649,238402912.00
2018/03/06,14.27,14.71,14.18,14.41,8510266,197443344.00
2018/03/07,14.20,14.39,13.98,14.25,4078609,93109544.00
2018/03/08,14.21,14.56,14.08,14.55,5169112,120058296.00
2018/03/09,14.53,14.92,14.41,14.77,5384675,127196264.00
2018/03/12,14.93,15.20,14.58,15.02,5855598,139944592.00
2018/03/13,15.57,15.92,14.41,14.41,7630580,186272208.00
2018/03/14,14.15,14.51,13.90,13.97,4695448,107456592.00
2018/03/15,13.92,14.15,13.27,13.59,4481503,98896552.00
2018/03/16,13.62,13.78,13.55,13.63,2291536,50633284.00
2018/03/19,13.79,14.35,13.75,14.18,4379284,99745688.00
2018/03/20,14.05,14.68,13.80,14.67,4958410,114186832.00
2018/03/21,14.65,16.25,14.53,15.78,13529883,341213248.00
2018/03/22,15.77,15.77,15.05,15.15,9117477,224381664.00
2018/03/23,14.55,16.77,14.34,16.77,16263223,417668608.00
2018/03/26,17.61,18.55,16.95,18.55,23930976,686839232.00
2018/03/27,18.61,20.51,18.15,20.51,18358003,560295360.00
2018/03/28,22.01,22.61,18.81,18.91,27879587,930953280.00
2018/03/29,18.45,18.75,17.77,18.05,18179219,523805088.00
2018/03/30,17.81,18.63,17.81,18.12,13816441,400030208.00
2018/04/02,17.93,18.61,17.54,18.07,13702358,394643296.00
2018/04/03,17.64,18.94,17.61,18.47,13719193,400971328.00
2018/04/04,18.68,20.42,18.08,19.31,18816561,580853440.00
2018/04/09,19.15,20.93,18.87,20.16,16399497,519941344.00
2018/04/10,19.75,19.99,18.04,18.04,14558913,429394784.00
2018/04/11,17.67,19.55,17.31,19.37,11529918,335883392.00
2018/04/12,18.95,21.15,18.48,19.67,17104800,539107328.00
2018/04/13,19.68,21.15,18.81,20.29,16730257,538794432.00
2018/04/16,20.30,21.05,19.48,20.18,12377957,396547456.00
2018/04/17,20.00,20.23,18.20,18.41,10148505,309153376.00
2018/04/18,18.59,18.70,16.95,18.28,7703660,219380064.00
2018/04/19,18.03,18.92,17.82,17.93,7453004,217651216.00
2018/04/20,17.65,18.09,16.25,16.44,6406721,175956976.00
2018/04/23,16.44,17.09,16.02,16.68,4361897,116040104.00
2018/04/24,16.97,17.52,16.70,17.43,5354879,146350688.00
2018/04/25,17.25,17.60,17.15,17.35,4560673,126140736.00
2018/04/26,17.05,17.05,16.28,16.30,5718847,151699696.00
2018/04/27,16.50,16.87,16.35,16.65,3252406,86142704.00
2018/05/02,16.65,16.85,15.81,16.13,3110400,80912400.00
2018/05/03,16.47,17.11,16.13,17.07,4696692,125215768.00
2018/05/04,16.97,18.41,16.85,18.08,7596443,213137808.00
2018/05/07,17.83,18.51,17.43,18.31,6549555,187632208.00
2018/05/08,18.18,19.05,17.85,18.33,7492277,219771888.00
2018/05/09,18.28,18.83,17.49,18.83,10741015,202453136.00
2018/05/10,19.46,20.46,18.81,18.83,15070473,302730624.00
2018/05/11,18.74,18.74,17.56,17.58,11737674,218164624.00
2018/05/14,17.46,17.46,16.64,17.10,7054685,125431640.00
2018/05/15,16.98,17.97,16.94,17.80,8201090,149782064.00
2018/05/16,17.68,18.67,17.48,17.83,11574080,218925472.00
2018/05/17,17.39,18.42,17.02,18.27,9808826,180546144.00
2018/05/18,17.98,18.53,17.83,18.02,8502566,160584688.00
2018/05/21,18.09,18.35,17.50,18.29,8945824,167665904.00
2018/05/22,18.18,19.18,18.10,18.87,14367656,278575936.00
2018/05/23,18.64,19.78,18.38,19.02,15128350,299210944.00
2018/05/24,18.68,18.91,18.27,18.32,9115163,174872624.00
2018/05/25,18.59,20.22,18.43,20.22,15901186,325214368.00
2018/05/28,20.78,21.13,18.69,18.69,20251348,411080288.00
2018/05/29,17.78,18.47,17.23,17.26,10516078,195567104.00
2018/05/30,17.47,17.87,16.28,16.58,9185198,165837168.00
2018/05/31,16.92,17.01,16.30,16.85,6453971,112718760.00
2018/06/01,16.53,17.97,16.53,17.20,7775600,139879280.00
2018/06/04,16.98,17.53,16.86,17.18,5036433,90372808.00
2018/06/05,17.24,17.97,17.08,17.88,8353615,153343584.00
2018/06/06,17.68,18.16,17.48,18.14,7585780,140907136.00
2018/06/07,18.18,18.23,17.34,17.43,5861942,108326640.00
2018/06/08,17.33,17.72,16.77,17.37,4708975,84840072.00
2018/06/11,17.84,17.84,17.16,17.33,3828956,69754832.00
2018/06/12,16.97,17.49,16.48,17.31,4197481,74958296.00
2018/06/13,17.23,17.24,16.58,16.59,3911542,69033192.00
2018/06/14,16.48,16.88,16.32,16.43,3285777,56623604.00
2018/06/15,16.45,16.57,14.79,15.07,5764859,93429352.00
2018/06/19,14.68,15.51,13.49,13.56,5454220,82060880.00
2018/06/20,13.50,14.48,13.50,14.30,5651111,83481144.00
2018/06/21,14.11,14.78,14.03,14.13,5362869,80803624.00
2018/06/22,14.01,14.56,13.63,14.33,3867887,57832432.00
2018/06/25,14.35,14.76,14.29,14.39,3625094,55210796.00
2018/06/26,14.00,15.14,13.78,15.04,6083212,94182088.00
2018/06/27,14.93,15.11,14.60,14.94,3753455,58485756.00
2018/06/28,15.07,15.24,14.61,14.61,3108650,48635940.00
2018/06/29,14.66,15.23,14.66,15.15,3365636,52987340.00
2018/07/02,15.18,15.73,15.01,15.19,5041605,81250240.00
2018/07/03,15.11,15.78,15.03,15.69,6221735,101207624.00
2018/07/04,15.51,15.58,14.71,14.77,4570550,72557152.00
2018/07/05,14.79,15.07,14.08,14.13,2942236,45211820.00
2018/07/06,14.14,14.83,14.13,14.57,3469327,52904188.00
2018/07/09,14.58,14.98,14.49,14.96,2777308,43254108.00
2018/07/10,14.87,15.40,14.81,15.38,4489190,71050208.00
2018/07/11,15.11,15.15,14.21,14.59,4392500,67210584.00
2018/07/12,14.53,15.80,14.53,15.21,5751309,91995000.00
2018/07/13,15.26,15.31,14.79,15.01,3820469,60259032.00
2018/07/16,15.06,15.36,14.91,15.12,3082300,49044644.00
2018/07/17,15.31,15.31,14.64,14.98,3235600,50490332.00
2018/07/18,15.03,15.19,14.69,14.69,3371881,52995116.00
2018/07/19,14.70,14.94,14.32,14.38,2499851,38147684.00
2018/07/20,14.43,14.76,14.34,14.69,2565518,39233024.00
2018/07/23,14.66,15.56,14.66,15.15,5695025,90430304.00
2018/07/24,14.98,15.38,14.98,15.21,5039068,80060152.00
2018/07/25,15.25,15.35,14.99,15.07,2796547,44360472.00
2018/07/26,15.01,15.21,14.58,14.59,3239899,50052732.00
2018/07/27,14.58,14.81,14.42,14.43,1731337,26502580.00
2018/07/30,14.43,14.61,14.10,14.31,2307397,34705236.00
2018/07/31,14.28,14.33,13.78,13.89,2237147,33017822.00
2018/08/01,13.94,14.03,12.68,12.76,4498650,63096848.00
2018/08/02,12.76,12.77,11.79,12.17,3600359,46271376.00
2018/08/03,12.17,12.38,11.96,11.98,2292686,29557234.00
2018/08/06,12.08,12.19,11.49,11.66,1688450,21178050.00
2018/08/07,11.76,12.19,11.59,12.15,2689410,34094336.00
2018/08/08,12.11,12.15,11.64,11.67,2273265,28686558.00
2018/08/09,11.58,12.24,11.58,12.05,2832397,36110964.00
2018/08/10,12.12,12.31,11.99,12.23,2319747,29884728.00
2018/08/13,11.99,12.36,11.88,12.28,2637214,33949908.00
2018/08/14,12.29,12.57,12.17,12.56,3495622,45852832.00
2018/08/15,12.61,13.24,12.23,12.27,5178738,69848080.00
2018/08/16,11.73,12.15,11.50,11.82,3210931,40323904.00
2018/08/17,11.95,12.17,11.54,11.58,2206123,27677586.00
2018/08/20,11.36,11.67,11.08,11.57,3305300,39949460.00
2018/08/21,11.56,11.82,11.36,11.66,2523076,31163738.00
2018/08/22,11.63,11.80,11.43,11.56,2135150,26411572.00
2018/08/23,11.64,11.83,11.53,11.68,1926850,23916430.00
2018/08/24,11.72,11.82,11.50,11.53,1554534,19220486.00
2018/08/27,11.73,12.76,11.73,12.76,2164735,28762362.00
2018/08/28,13.55,14.11,12.78,12.95,14964909,214087824.00
2018/08/29,12.63,12.78,12.14,12.58,8953857,118062552.00
2018/08/30,12.43,12.53,12.13,12.17,4658366,60581592.00
2018/08/31,12.28,12.96,12.18,12.61,8570635,114469696.00
2018/09/03,12.28,13.05,11.90,13.04,8354146,111657864.00
2018/09/04,12.81,13.43,12.68,13.06,9799177,135193056.00
2018/09/05,13.08,13.69,13.04,13.29,9606567,135343840.00
2018/09/06,13.05,13.43,12.93,13.13,6578591,91421904.00
2018/09/07,13.13,13.37,12.33,12.76,5946878,81028448.00
2018/09/10,12.81,12.86,11.71,11.82,5068324,65406136.00
2018/09/11,11.93,13.07,11.89,13.07,6142542,81276328.00
2018/09/12,13.28,13.87,13.03,13.28,14087166,199497200.00
2018/09/13,13.59,14.68,13.11,14.68,14650929,213466064.00
2018/09/14,15.15,15.98,13.61,13.87,22096935,347135136.00
2018/09/17,14.35,15.06,14.04,14.26,12870525,194711792.00
2018/09/18,13.89,14.46,13.58,14.43,11296393,167656672.00
2018/09/19,14.09,14.95,13.69,14.46,13903425,208692384.00
2018/09/20,14.18,14.29,13.79,13.96,7868550,115691104.00
2018/09/21,13.88,14.13,13.80,13.96,5433365,79752312.00
2018/09/25,13.85,14.12,13.63,13.87,4403025,64457492.00
2018/09/26,13.80,13.96,13.59,13.73,5029335,72788608.00
2018/09/27,13.77,13.82,12.68,12.74,7089318,98676568.00
2018/09/28,12.80,13.05,12.61,12.74,4246450,57626452.00
2018/10/08,12.74,12.76,11.93,12.05,3630772,47133672.00
2018/10/09,12.17,12.31,11.89,12.11,2671545,34306284.00
2018/10/10,12.23,12.66,11.99,12.66,5373768,70332776.00
2018/10/11,12.13,12.43,11.38,11.66,5588555,70588064.00
2018/10/12,11.48,12.17,11.09,11.92,4001143,49668844.00
2018/10/15,11.43,11.80,11.33,11.48,3855464,47345560.00
2018/10/16,11.88,12.70,11.83,11.93,9231916,120595816.00
2018/10/17,11.93,12.13,11.37,11.76,7510219,93247032.00
2018/10/18,11.54,11.55,10.51,10.52,5771210,67233192.00
2018/10/19,10.28,10.77,9.88,10.59,3695913,41072800.00
2018/10/22,10.78,11.33,10.61,11.19,4811944,56508692.00
2018/10/23,11.06,11.48,10.82,10.93,3968695,47040712.00
2018/10/24,10.79,11.18,10.78,10.93,2652897,31125992.00
2018/10/25,10.29,10.53,10.08,10.46,3479300,38533292.00
2018/10/26,10.58,10.71,10.33,10.33,2530900,28374060.00
2018/10/29,10.27,10.47,10.10,10.24,2149847,23644524.00
2018/10/30,10.08,10.42,9.98,10.37,2719850,29874194.00
2018/10/31,10.28,10.56,10.28,10.52,3193447,35730276.00
2018/11/01,10.51,10.93,10.43,10.68,4090694,46574228.00
2018/11/02,10.79,10.95,10.63,10.94,4625241,53309220.00
2018/11/05,11.13,11.14,10.68,10.87,4396740,51195208.00
2018/11/06,10.78,10.82,10.24,10.51,3632962,40500956.00
2018/11/07,10.48,10.66,10.41,10.44,2615988,29504672.00
2018/11/08,10.53,10.58,10.30,10.33,2440975,27156602.00
2018/11/09,10.43,10.48,10.29,10.37,1566450,17386212.00
2018/11/12,10.58,11.10,10.49,10.98,4956913,57368576.00
2018/11/13,10.81,11.13,10.66,10.99,5316203,61807264.00
2018/11/14,10.94,11.10,10.84,10.92,4249557,49702472.00
2018/11/15,10.72,11.38,10.64,11.29,7095256,83783928.00
2018/11/16,11.27,11.29,11.02,11.14,4763289,56562240.00
2018/11/19,11.28,11.29,10.89,11.19,2904707,34225564.00
2018/11/20,11.14,11.59,11.00,11.04,5748405,69167824.00
2018/11/21,11.07,11.07,10.75,11.00,3313265,38410664.00
2018/11/22,11.00,11.08,10.78,10.92,2340997,27264620.00
2018/11/23,10.93,11.02,10.13,10.25,3130197,35275124.00
2018/11/26,10.29,10.45,10.16,10.20,1806250,19854714.00
2018/11/27,10.35,10.43,10.21,10.32,1721997,19048628.00
2018/11/28,10.26,10.42,10.15,10.39,2057647,22726182.00
2018/11/29,10.49,10.56,9.98,10.04,2179697,24117080.00
2018/11/30,10.06,10.14,9.84,10.11,1714300,18399798.00
2018/12/03,10.29,10.49,10.29,10.38,2311950,25691170.00
2018/12/04,10.40,10.54,10.33,10.52,2023450,22535392.00
2018/12/05,10.35,10.38,10.17,10.31,1666700,18357794.00
2018/12/06,10.43,11.41,10.38,10.91,11166829,131699344.00
2018/12/07,10.68,10.87,10.56,10.83,6127881,70063208.00
2018/12/10,10.26,10.47,9.70,9.89,5972009,64220640.00
2018/12/11,9.85,9.94,9.64,9.83,3572491,37505420.00
2018/12/12,9.84,9.91,9.79,9.88,1951450,20637796.00
2018/12/13,9.88,10.03,9.73,9.92,2484488,26423826.00
2018/12/14,9.88,9.92,9.60,9.65,2133309,22336476.00
2018/12/17,9.65,9.88,9.38,9.88,2843834,29625106.00
2018/12/18,9.77,10.53,9.59,10.06,4071898,43847552.00
2018/12/19,9.78,9.95,9.69,9.74,2397859,25269030.00
2018/12/20,9.74,9.81,9.63,9.71,1660529,17323086.00
2018/12/21,9.66,9.81,9.51,9.58,1497950,15564738.00
2018/12/24,9.60,9.95,9.58,9.81,2210650,23228592.00
2018/12/25,9.70,9.76,9.40,9.70,1870547,19260102.00
2018/12/26,9.68,9.83,9.68,9.75,1720179,18025592.00
2018/12/27,9.91,9.91,9.56,9.56,1816379,19037212.00
2018/12/28,9.56,9.84,9.54,9.56,1543737,16037463.00
2019/01/02,9.60,9.87,9.59,9.71,1786850,18676286.00
2019/01/03,9.72,10.75,9.72,10.75,12950984,146611792.00
2019/01/04,10.76,11.37,10.61,10.78,16736948,194700288.00
2019/01/07,10.61,11.65,10.61,11.20,13409998,158640608.00
2019/01/08,10.99,10.99,10.69,10.82,8060557,92937752.00
2019/01/09,10.70,10.88,10.59,10.70,6456129,74046512.00
2019/01/10,10.65,10.82,10.51,10.78,4986276,56842152.00
2019/01/11,10.65,11.22,10.65,11.09,8818009,103200672.00
2019/01/14,10.93,11.06,10.62,10.67,4537800,52059288.00
2019/01/15,10.69,10.83,10.51,10.75,3689297,42080212.00
2019/01/16,10.69,10.77,10.37,10.38,3657250,41246364.00
2019/01/17,10.44,10.44,10.08,10.08,4246305,46495872.00
2019/01/18,10.12,10.20,9.94,10.13,2233219,24128064.00
2019/01/21,10.21,10.35,10.12,10.14,1947355,21313226.00
2019/01/22,10.15,10.26,10.03,10.12,1640474,17816278.00
2019/01/23,10.06,10.22,9.99,10.22,1348374,14613875.00
2019/01/24,10.20,10.37,10.11,10.27,2015210,22139884.00
2019/01/25,10.27,10.29,9.87,9.88,2208600,23801872.00
2019/01/28,9.98,10.04,9.72,9.78,1334700,14132689.00
2019/01/29,9.76,9.93,9.42,9.53,1590347,16353341.00
2019/01/30,9.53,9.69,9.48,9.56,986550,10154992.00
2019/01/31,9.54,9.57,8.54,8.60,3968900,37993256.00
2019/02/01,8.65,8.92,8.65,8.83,1453392,13854854.00
2019/02/11,8.86,9.11,8.85,9.09,1339092,13063827.00
2019/02/12,9.23,9.38,9.11,9.26,2208450,21929050.00
2019/02/13,9.30,9.53,9.21,9.51,2841800,28762988.00
2019/02/14,9.40,9.60,9.40,9.52,2281619,23333480.00
2019/02/15,9.65,9.76,9.53,9.61,2537400,26278088.00
2019/02/18,9.61,9.95,9.58,9.93,3230932,34032948.00
2019/02/19,9.95,10.06,9.67,10.06,4118309,43650716.00
2019/02/20,10.05,10.48,9.85,10.18,5412969,58892008.00
2019/02/21,10.09,10.28,9.86,9.95,5115278,55451976.00
2019/02/22,9.93,10.15,9.88,10.11,3271066,35182168.00
2019/02/25,10.19,10.69,10.08,10.63,7509191,83478944.00
2019/02/26,10.80,10.86,10.44,10.47,6757641,76582856.00
2019/02/27,10.62,11.28,10.49,10.75,9702036,112380688.00
2019/02/28,10.92,11.10,10.49,10.82,6289109,71979016.00
2019/03/01,10.81,10.94,10.43,10.79,6661026,76026416.00
2019/03/04,10.88,11.06,10.76,10.96,7696478,89459880.00
2019/03/05,10.89,11.34,10.78,11.31,7665160,90553944.00
2019/03/06,11.35,11.53,11.04,11.40,7831688,93964688.00
2019/03/07,11.40,11.76,11.13,11.60,8681187,106492120.00
2019/03/08,11.28,11.54,10.96,10.98,6638906,79446496.00
2019/03/11,11.16,11.58,11.04,11.56,5617164,67825832.00
2019/03/12,11.82,12.05,11.48,11.84,9224096,114738688.00
2019/03/13,12.28,13.10,11.98,12.42,15781722,210229904.00
2019/03/14,11.91,13.03,11.34,12.47,16346656,210017776.00
2019/03/15,12.28,12.78,11.84,12.58,12376353,160700384.00
2019/03/18,12.55,12.56,12.08,12.36,6909770,90060576.00
2019/03/19,12.34,12.50,12.01,12.15,6187376,80032256.00
2019/03/20,12.03,12.19,11.60,12.02,6153554,77817184.00
2019/03/21,11.95,12.25,11.95,12.00,5341733,68488672.00
2019/03/22,11.99,12.00,11.60,11.77,3961837,49552016.00
2019/03/25,11.77,12.53,11.66,12.14,9415642,121723632.00
2019/03/26,12.13,12.17,11.46,11.47,5890544,74093088.00
2019/03/27,11.52,11.57,10.85,11.19,4459100,52873088.00
2019/03/28,11.14,11.36,10.94,10.98,3294500,39197100.00
2019/03/29,10.97,11.45,10.97,11.41,4012618,48069992.00
2019/04/01,11.48,12.01,11.48,11.87,4588318,57385784.00
2019/04/02,11.91,12.45,11.78,12.17,7018378,90498568.00
2019/04/03,12.26,12.50,12.03,12.22,5548197,71689192.00
2019/04/04,12.74,12.74,12.11,12.19,5780472,75320816.00
2019/04/08,12.15,12.32,11.74,11.94,5465284,69827760.00
2019/04/09,12.01,12.14,11.90,12.05,3036182,38719596.00
2019/04/10,11.68,11.88,11.48,11.63,4019138,49748988.00
2019/04/11,11.61,11.96,11.55,11.55,2838610,35408892.00
2019/04/12,11.56,11.63,11.29,11.37,2365850,28660498.00
2019/04/15,11.52,11.70,11.36,11.36,2120650,26003598.00
2019/04/16,11.36,11.62,11.08,11.61,2961850,35689768.00
2019/04/17,11.57,11.74,11.48,11.64,2991910,36893136.00
2019/04/18,11.67,12.08,11.66,11.80,4685869,59010848.00
2019/04/19,11.88,11.98,11.50,11.75,3088838,38408736.00
2019/04/22,11.83,11.83,11.34,11.37,3106879,38048204.00
2019/04/23,11.36,11.48,11.10,11.13,2145150,25699012.00
2019/04/24,11.13,11.26,10.94,11.23,1682660,19948870.00
2019/04/25,11.18,11.28,10.71,10.71,1992101,23413774.00
2019/04/26,10.71,10.89,10.59,10.64,1822569,20841054.00
2019/04/29,10.65,10.65,9.88,9.89,2511419,27426092.00
2019/04/30,10.00,10.25,10.00,10.07,1528169,16570470.00
2019/05/06,9.82,9.98,9.11,9.17,2287050,23466118.00
2019/05/07,9.19,9.58,9.19,9.50,1837478,18597480.00
2019/05/08,9.40,9.96,9.19,9.73,2027816,20970912.00
2019/05/09,9.76,10.13,9.75,9.83,2814759,30030690.00
2019/05/10,9.67,10.89,9.67,10.89,6777866,76416480.00
2019/05/13,10.38,11.10,10.38,10.62,6572450,75753864.00
2019/05/14,10.68,11.20,10.48,10.89,6535664,75679520.00
2019/05/15,10.76,10.95,10.52,10.76,4634817,52886816.00
2019/05/16,10.67,11.61,10.54,11.13,8017348,94602056.00
2019/05/17,10.99,11.16,10.35,10.52,5307640,61563576.00
2019/05/20,10.67,11.11,10.49,11.02,4587108,53268060.00
2019/05/21,11.07,11.43,10.71,11.23,5767819,68045216.00
2019/05/22,11.11,11.21,10.71,10.91,4474570,52173760.00
2019/05/23,10.87,10.91,10.21,10.21,3691917,41758732.00
2019/05/24,10.17,10.36,10.08,10.14,3092405,33748568.00
2019/05/27,10.17,11.01,10.16,10.79,3819209,43205020.00
2019/05/28,10.94,11.05,10.70,10.82,3946955,45769544.00
2019/05/29,10.78,11.05,10.70,10.95,2679368,31224430.00
2019/05/30,11.11,11.11,10.69,10.74,2673910,30812368.00
2019/05/31,10.78,11.77,10.76,11.59,8850911,106588160.00
2019/06/03,11.76,12.01,10.99,11.23,8475117,102809896.00
2019/06/04,10.94,11.03,10.22,10.35,5660794,64310592.00
2019/06/05,10.52,10.62,10.30,10.34,2784436,31021580.00
2019/06/06,10.31,10.40,9.70,9.94,2262014,24303174.00
2019/06/10,9.94,10.16,9.92,10.02,1484250,16003954.00
2019/06/11,10.13,10.48,9.95,10.47,2502216,27510366.00
2019/06/12,10.44,10.85,10.37,10.60,3220026,36432584.00
2019/06/13,10.62,10.97,10.48,10.84,3973117,44793988.00
2019/06/14,10.93,11.27,10.70,10.83,5669841,65803660.00
2019/06/17,10.88,11.04,10.75,10.87,2582596,29453342.00
2019/06/18,10.93,10.97,10.48,10.64,2526197,28175162.00
2019/06/19,10.84,11.76,10.64,11.76,9601008,114865656.00
2019/06/20,11.48,12.28,11.17,11.82,15034373,183513728.00
2019/06/21,11.67,12.49,11.56,12.33,15260202,191118080.00
2019/06/24,12.03,12.20,11.79,11.88,8560417,106840112.00
2019/06/25,11.88,12.20,11.68,12.14,9428043,118107528.00
2019/06/26,11.81,11.97,11.54,11.86,7150624,87647712.00
2019/06/27,11.75,12.03,11.71,11.97,5887356,73091680.00
2019/06/28,11.86,11.97,11.42,11.68,5209574,63371960.00
2019/07/01,11.90,11.97,11.65,11.93,7396024,91363624.00
2019/07/02,11.92,12.18,11.65,11.74,6009207,74838872.00
2019/07/03,11.58,11.78,11.27,11.66,4769714,57312984.00
2019/07/04,11.66,12.33,11.53,12.22,16423576,205720016.00
2019/07/05,12.01,12.09,11.79,11.96,7794107,97037080.00
2019/07/08,11.20,11.42,10.71,10.71,9616960,109169888.00
2019/07/09,10.56,10.70,10.26,10.40,4870310,53264104.00
2019/07/10,10.48,10.87,10.40,10.54,3738131,41630500.00
2019/07/11,10.68,10.68,10.38,10.40,2402300,26536454.00
2019/07/12,10.55,10.62,10.43,10.54,1976500,21863456.00
2019/07/15,10.63,10.90,10.50,10.89,3668422,41374004.00
2019/07/16,10.84,11.06,10.72,10.81,2729972,31049118.00
2019/07/17,10.83,11.01,10.74,10.86,2585200,29521784.00
2019/07/18,10.83,11.23,10.71,10.90,3751488,43063992.00
2019/07/19,10.95,11.07,10.83,10.93,2635197,30252598.00
2019/07/22,10.97,11.13,10.27,10.76,3538024,39893020.00
2019/07/23,10.76,11.31,10.72,11.30,5501411,63764500.00
2019/07/24,11.33,11.75,11.24,11.69,7627250,92172840.00
2019/07/25,11.56,11.67,11.39,11.60,3850311,46546924.00
2019/07/26,11.58,12.28,11.53,11.76,10227669,126479256.00
2019/07/29,11.78,12.02,11.58,11.73,5722300,70150384.00
2019/07/30,11.80,12.14,11.58,11.79,7546702,93578832.00
2019/07/31,11.84,12.47,11.74,12.11,12613296,159543824.00
2019/08/01,11.98,12.10,11.69,11.94,8814512,109147816.00
2019/08/02,11.67,11.84,11.28,11.73,7575859,91881848.00
2019/08/05,11.73,12.11,11.48,11.55,6634050,81979432.00
2019/08/06,11.26,12.76,11.14,12.76,16000270,207803072.00
2019/08/07,13.49,14.09,11.76,11.89,35181142,482491008.00
2019/08/08,11.00,11.66,11.00,11.14,21834595,257563392.00
2019/08/09,11.07,11.42,10.46,10.48,16333604,186628784.00
2019/08/12,10.53,10.64,10.27,10.56,8182465,89626304.00
2019/08/13,10.38,10.78,10.31,10.50,7776630,86175680.00
2019/08/14,10.64,10.72,10.48,10.67,7984450,88778376.00
2019/08/15,10.32,10.64,10.27,10.57,5799700,63912940.00
2019/08/16,10.63,10.83,10.51,10.74,7452650,83495520.00
2019/08/19,10.76,11.18,10.60,11.09,9818431,112718288.00
2019/08/20,11.01,11.46,10.95,11.04,10288261,120037792.00
2019/08/21,11.05,11.45,11.05,11.45,11296537,133130808.00
2019/08/22,11.58,11.82,11.29,11.66,13952766,169056608.00
2019/08/23,11.60,11.76,11.46,11.59,9079716,110184936.00
2019/08/26,11.29,12.13,11.29,11.86,11769590,145066816.00
2019/08/27,11.77,12.34,11.77,12.25,13247650,166987008.00
2019/08/28,12.16,12.80,11.89,12.60,20162296,260199680.00
2019/08/29,12.48,12.72,12.17,12.37,17266896,223309440.00
2019/08/30,12.39,12.68,12.11,12.68,17982678,233108544.00
2019/09/02,12.78,13.58,12.60,12.96,20759431,282400096.00
2019/09/03,12.74,14.06,12.55,13.24,20663681,282123328.00
2019/09/04,13.05,13.90,12.92,13.48,19496212,270522816.00
2019/09/05,13.39,14.08,13.35,13.69,16675520,237503296.00
2019/09/06,13.64,14.83,13.42,14.41,20564653,301242592.00
2019/09/09,14.40,14.73,14.13,14.43,16531234,246109104.00
2019/09/10,14.43,14.72,13.87,13.97,16303547,240048976.00
2019/09/11,13.78,14.46,13.68,13.87,15029150,219251664.00
2019/09/12,13.88,14.14,13.67,13.91,10192788,146876208.00
2019/09/16,13.90,14.06,13.50,13.66,11552710,164822752.00
2019/09/17,13.73,13.84,13.04,13.18,12890082,179522512.00
2019/09/18,13.22,13.46,13.06,13.20,7444422,102485840.00
2019/09/19,13.11,13.46,13.02,13.30,8830891,121457896.00
2019/09/20,13.28,13.44,12.93,13.13,7592116,103941040.00
2019/09/23,13.07,13.07,12.53,12.84,7609850,101060352.00
2019/09/24,12.93,13.16,12.59,12.91,8446850,113375776.00
2019/09/25,12.77,13.18,12.56,12.56,11116912,149528544.00
2019/09/26,12.50,12.76,11.38,11.48,11432534,141366416.00
2019/09/27,11.48,12.60,11.48,12.33,13830984,175434608.00
2019/09/30,12.30,12.66,12.04,12.04,6674350,85432784.00
2019/10/08,12.28,12.28,11.53,11.66,6187922,76264192.00
2019/10/09,11.61,11.76,11.40,11.72,5707750,69191576.00
2019/10/10,11.79,11.79,11.48,11.71,5690010,69338656.00
2019/10/11,11.71,11.78,11.43,11.57,4335850,52578924.00
2019/10/14,11.68,12.48,11.61,11.93,8553810,105976936.00
2019/10/15,11.82,11.92,11.59,11.64,5417480,66204376.00
2019/10/16,11.68,11.72,11.50,11.56,3543518,42939588.00
2019/10/17,11.48,11.56,11.24,11.29,4687409,55760904.00
2019/10/18,11.32,11.50,11.10,11.20,4149409,49003240.00
2019/10/21,11.10,11.19,10.80,11.18,3935175,45330548.00
2019/10/22,11.21,11.48,11.13,11.41,4200607,49892440.00
2019/10/23,11.50,11.70,11.42,11.44,5598100,67762272.00
2019/10/24,11.57,11.57,11.23,11.34,3455416,41021688.00
2019/10/25,11.32,11.50,11.19,11.50,3306519,39232588.00
2019/10/28,11.39,11.75,11.36,11.72,5070171,61551528.00
2019/10/29,11.75,11.94,11.54,11.56,5638539,69220992.00
2019/10/30,11.54,11.73,11.28,11.52,3735496,45075192.00
2019/10/31,11.67,11.67,11.14,11.24,3530070,42032216.00
2019/11/01,11.28,11.68,11.20,11.56,4495950,54037652.00
2019/11/04,11.61,11.76,11.48,11.57,2995226,36365292.00
2019/11/05,11.61,11.61,11.28,11.44,3049950,36467616.00
2019/11/06,11.44,11.83,11.39,11.49,4926400,59802536.00
2019/11/07,11.33,11.48,11.29,11.38,3461989,41149032.00
2019/11/08,11.46,11.51,11.29,11.30,2561550,30436798.00
2019/11/11,11.21,11.25,10.48,10.62,6197816,69957120.00
2019/11/12,10.67,10.92,10.59,10.73,4336229,48987972.00
2019/11/13,10.80,11.06,10.75,11.01,4046010,46267904.00
2019/11/14,11.05,11.13,10.91,11.05,2218700,25619570.00
2019/11/15,11.06,11.06,10.74,10.76,2343900,26618774.00
2019/11/18,10.76,10.83,10.57,10.70,2115100,23670298.00
2019/11/19,10.66,11.04,10.66,10.99,2875803,32895830.00
2019/11/20,10.94,11.10,10.79,10.81,1825855,20903128.00
2019/11/21,10.76,11.13,10.76,10.86,3116561,35789208.00
2019/11/22,10.87,11.06,10.74,10.88,3079000,35241748.00
2019/11/25,10.83,10.90,10.50,10.60,3203938,35660376.00
2019/11/26,10.67,10.76,10.45,10.53,1923788,21320250.00
2019/11/27,10.48,10.57,10.34,10.39,1856200,20331966.00
2019/11/28,10.39,10.55,10.32,10.43,1394450,15313546.00
2019/11/29,10.48,10.57,10.42,10.54,1353336,14906385.00
2019/12/02,10.50,10.61,10.44,10.49,1188257,13134080.00
2019/12/03,10.51,10.58,10.32,10.54,1611503,17637824.00
2019/12/04,10.48,10.71,10.43,10.70,2448813,27317162.00
2019/12/05,10.67,10.76,10.63,10.74,2144940,24051304.00
2019/12/06,10.73,10.85,10.67,10.84,2095260,23658942.00
2019/12/09,10.75,10.93,10.75,10.80,1960680,22247322.00
2019/12/10,10.76,10.90,10.68,10.87,1949507,22056828.00
2019/12/11,10.87,10.93,10.73,10.80,1428900,16173208.00
2019/12/12,10.83,10.86,10.73,10.73,1728750,19560456.00
2019/12/13,10.80,10.93,10.77,10.85,2352959,26754784.00
2019/12/16,10.90,11.24,10.82,11.17,3901614,45115956.00
2019/12/17,11.09,11.32,11.09,11.21,3453183,40486748.00
2019/12/18,11.21,11.53,11.18,11.38,4132414,49218660.00
2019/12/19,11.36,11.44,11.21,11.37,3089112,36593548.00
2019/12/20,11.39,11.54,11.26,11.28,3111300,37015580.00
2019/12/23,11.21,11.40,10.99,11.01,2613700,30593238.00
2019/12/24,10.98,11.20,10.93,11.15,2098700,24403010.00
2019/12/25,11.22,11.34,11.16,11.22,2157889,25410356.00
2019/12/26,11.20,11.41,11.20,11.41,2396496,28451854.00
2019/12/27,11.35,11.45,11.18,11.18,2640521,31316988.00
2019/12/30,11.18,11.35,11.15,11.29,2677115,31568762.00
2019/12/31,11.26,11.35,11.07,11.20,2367317,27734762.00
2020/01/02,11.34,11.58,11.28,11.54,4625158,55308756.00
2020/01/03,11.51,12.07,11.43,11.89,8654722,106486432.00
2020/01/06,12.06,12.35,11.71,11.83,9352299,116880416.00
2020/01/07,11.72,11.86,11.70,11.81,5634908,69242496.00
2020/01/08,11.89,12.88,11.89,12.75,15931422,205067296.00
2020/01/09,12.10,12.31,11.89,12.13,11449704,144428592.00
2020/01/10,12.04,12.04,11.66,11.83,6236813,76970888.00
2020/01/13,11.83,11.89,11.76,11.88,3858952,47737340.00
2020/01/14,11.88,12.02,11.78,11.95,4175393,51733296.00
2020/01/15,11.90,12.13,11.85,12.00,4108109,51442940.00
2020/01/16,12.01,12.04,11.71,11.71,3298250,40775876.00
2020/01/17,11.73,11.80,11.55,11.56,2842850,34609564.00
2020/01/20,11.58,11.74,11.45,11.68,3418750,41573228.00
2020/01/21,11.67,11.69,11.25,11.29,4227459,50358712.00
2020/01/22,11.26,11.42,10.99,11.29,3303399,38747924.00
2020/01/23,11.25,11.43,10.49,10.86,3768300,43503492.00
2020/02/03,9.72,9.72,9.72,9.72,578200,5920768.00
2020/02/04,8.78,9.38,8.78,9.17,5837568,56544212.00
2020/02/05,9.27,9.56,9.13,9.44,7115168,70335944.00
2020/02/06,9.46,9.67,9.35,9.58,5160599,51809960.00
2020/02/07,9.58,9.76,9.54,9.75,5205263,52948996.00
2020/02/10,9.69,9.90,9.47,9.86,5573497,57050876.00
2020/02/11,9.78,9.93,9.64,9.77,4214950,43399328.00
2020/02/12,9.77,9.93,9.68,9.91,4719997,48851184.00
2020/02/13,9.91,9.96,9.75,9.76,3511009,36354872.00
2020/02/14,9.57,9.85,9.50,9.64,4261350,43438472.00
2020/02/17,9.69,10.53,9.69,10.46,9482316,101577064.00
2020/02/18,10.43,10.79,10.41,10.65,7805230,86899680.00
2020/02/19,10.58,11.18,10.53,10.85,8552997,97303040.00
2020/02/20,10.80,10.90,10.59,10.81,6288069,70854216.00
2020/02/21,10.81,11.06,10.75,10.97,6190150,70735856.00
2020/02/24,10.83,11.08,10.73,10.97,5525200,63179840.00
2020/02/25,10.71,10.93,10.44,10.89,6363650,71526872.00
2020/02/26,10.70,11.14,10.64,10.81,6371601,73050904.00
2020/02/27,10.82,11.36,10.74,11.30,10239087,119656944.00
2020/02/28,10.79,11.03,10.12,10.12,9467185,104799176.00
2020/03/02,10.19,10.98,10.19,10.85,6884775,77004736.00
2020/03/03,11.03,11.79,10.89,11.28,11780363,140153728.00
2020/03/04,11.16,11.66,11.14,11.44,8755799,104248088.00
2020/03/05,11.56,11.61,11.25,11.34,7751054,92461288.00
2020/03/06,11.18,11.46,11.00,11.21,5142300,60535744.00
2020/03/09,11.06,11.20,10.67,10.70,5882357,66985732.00
2020/03/10,10.49,10.91,10.29,10.89,5541920,61915640.00
2020/03/11,10.95,11.49,10.95,11.06,8583757,100622328.00
2020/03/12,10.88,11.02,10.61,10.75,5402312,61090400.00
2020/03/13,10.16,10.62,10.00,10.49,6437669,69715224.00
2020/03/16,10.66,10.83,9.68,9.77,7533474,81473864.00
2020/03/17,9.81,9.93,9.39,9.75,4348969,44461240.00
2020/03/18,9.79,9.94,9.44,9.46,5093443,52057968.00
2020/03/19,9.48,9.67,9.38,9.56,4092062,41026728.00
2020/03/20,9.68,9.75,9.50,9.63,3528007,35789616.00
2020/03/23,9.48,9.54,9.20,9.27,3713700,36845760.00
2020/03/24,9.43,9.64,9.35,9.60,4221050,42318584.00
2020/03/25,9.77,9.82,9.61,9.72,3280850,33509174.00
2020/03/26,9.66,9.72,9.50,9.53,2479062,25086512.00
2020/03/27,9.66,9.71,9.54,9.54,3074100,31223108.00
2020/03/30,9.49,9.49,9.10,9.28,4062900,39804764.00
2020/03/31,9.40,9.47,9.22,9.30,2224450,21957954.00
2020/04/01,9.20,9.36,9.07,9.09,3193927,31059766.00
2020/04/02,8.98,9.40,8.98,9.40,2979900,29036302.00
2020/04/03,9.40,9.59,9.24,9.41,3487724,34650900.00
2020/04/07,9.55,9.82,9.48,9.68,3971950,40416960.00
2020/04/08,9.68,10.03,9.65,9.93,5398550,56187044.00
2020/04/09,9.99,10.18,9.92,10.00,5007495,52856112.00
2020/04/10,10.00,10.03,9.63,9.73,4499184,46422020.00
2020/04/13,9.73,9.74,9.42,9.62,2950849,29661298.00
2020/04/14,9.57,9.78,9.54,9.68,2675174,27167742.00
2020/04/15,9.71,10.28,9.63,9.82,6446050,66978328.00
2020/04/16,9.84,10.13,9.70,9.96,4741050,49487992.00
2020/04/17,9.93,10.01,9.57,9.68,4096100,42189288.00
2020/04/20,9.68,9.78,9.64,9.76,2046150,20935628.00
2020/04/21,9.75,9.81,9.59,9.64,2558550,26060434.00
2020/04/22,9.55,9.64,9.43,9.61,2517600,25277176.00
2020/04/23,9.59,10.02,9.58,9.89,6895150,71608408.00
2020/04/24,9.90,10.03,9.56,9.87,5498650,56603052.00
2020/04/27,9.76,9.78,9.14,9.21,6717950,66575580.00
2020/04/28,9.12,9.31,8.71,8.83,3636784,34327076.00
2020/04/29,8.96,9.13,8.83,8.87,1934300,18253776.00
2020/04/30,8.88,9.09,8.88,9.05,2218800,21145056.00
2020/05/06,8.98,9.17,8.95,9.16,2749310,26328058.00
2020/05/07,9.11,9.21,9.00,9.02,2806450,26952684.00
2020/05/08,9.04,9.13,9.01,9.08,2225860,21369312.00
2020/05/11,9.11,9.31,9.07,9.15,3504800,33972808.00
2020/05/12,9.16,9.27,9.00,9.07,3749350,36027948.00
2020/05/13,9.06,9.21,9.00,9.10,3401500,32757468.00
2020/05/14,9.10,9.33,8.99,9.23,6088307,59039248.00
2020/05/15,9.19,9.34,9.10,9.28,4641300,45097844.00
2020/05/18,9.31,10.26,9.28,10.26,7943132,84162184.00
2020/05/19,10.63,10.78,10.05,10.17,20878036,227672224.00
2020/05/20,10.18,10.34,9.72,9.89,12376635,130101600.00
2020/05/21,9.82,10.93,9.69,10.26,22100457,241617040.00
2020/05/22,10.16,10.41,9.59,9.93,11670905,122310672.00
2020/05/25,10.18,10.43,9.78,10.17,9988517,106279232.00
2020/05/26,10.28,11.23,10.28,10.90,20959530,235966000.00
2020/05/27,10.79,11.42,10.64,10.88,17171092,197027408.00
2020/05/28,10.88,11.00,10.55,10.66,9724893,109384560.00
2020/05/29,10.64,10.78,10.38,10.63,7792453,86213040.00
2020/06/01,10.68,11.21,10.56,11.02,10636160,121414104.00
2020/06/02,11.00,11.23,10.85,10.98,7364900,85174048.00
2020/06/03,11.11,11.18,10.58,10.61,7048760,79639544.00
2020/06/04,10.67,10.74,10.41,10.46,4379940,48359760.00
2020/06/05,10.46,10.57,10.21,10.36,4184960,45499060.00
2020/06/08,10.46,10.61,10.22,10.35,4796070,52469564.00
2020/06/09,10.56,11.03,10.31,10.50,9004857,99792664.00
2020/06/10,10.34,10.50,10.21,10.44,3503366,38115160.00
2020/06/11,10.45,10.55,10.17,10.17,3933800,42859360.00
2020/06/12,9.90,10.28,9.84,10.14,3149672,33426502.00
2020/06/15,10.10,10.37,10.02,10.05,3984157,42284408.00
2020/06/16,10.18,10.46,10.08,10.39,3981500,42544020.00
2020/06/17,10.76,10.89,10.46,10.56,5432100,59981836.00
2020/06/18,10.50,10.66,10.28,10.48,4533800,49139868.00
2020/06/19,10.40,10.55,10.36,10.42,3179900,34489380.00
2020/06/22,10.33,10.73,10.26,10.49,4792347,52094372.00
2020/06/23,10.42,10.60,10.36,10.47,2818000,30612080.00
2020/06/24,10.40,10.52,10.34,10.34,2478250,26818464.00
2020/06/29,10.33,10.93,10.28,10.71,7922305,87753704.00
2020/06/30,10.68,11.18,10.68,11.12,7940455,90343144.00
2020/07/01,11.26,11.32,10.95,11.17,6192645,71567136.00
2020/07/02,11.20,11.25,11.10,11.21,4616355,53531592.00
2020/07/03,11.23,11.67,11.23,11.48,6186575,73426584.00
2020/07/06,11.54,12.20,11.54,12.12,6795980,84419320.00
2020/07/07,12.09,12.44,11.89,12.08,6504910,81875176.00
2020/07/08,12.01,13.10,12.01,13.06,8240888,107761248.00
2020/07/09,13.83,14.41,13.38,14.41,5460089,79583128.00
2020/07/10,15.89,15.89,13.68,13.79,28422967,438480288.00
2020/07/13,13.84,14.72,13.84,14.17,16401478,238916944.00
2020/07/14,14.37,14.68,13.70,14.18,13803332,202363456.00
2020/07/15,14.58,14.66,13.45,13.53,14043935,202880176.00
2020/07/16,13.42,14.56,13.42,13.72,14999805,217497632.00
2020/07/17,13.97,14.18,12.58,13.72,11240735,157321600.00
2020/07/20,13.78,14.55,13.78,14.50,13606122,199508512.00
2020/07/21,14.53,14.67,13.68,13.74,12455850,178926608.00
2020/07/22,13.73,14.47,13.38,14.07,12644610,183829280.00
2020/07/23,14.05,14.92,14.05,14.66,17851882,268249056.00
2020/07/24,14.68,16.08,14.66,14.74,25874400,403207776.00
2020/07/27,14.54,15.03,13.58,14.18,14701513,216961072.00
2020/07/28,14.13,14.83,13.84,14.29,11465650,169675104.00
2020/07/29,14.11,14.57,13.71,14.56,10492113,153532816.00
2020/07/30,14.60,14.98,14.09,14.27,10400600,154488784.00
2020/07/31,14.38,14.44,13.88,14.22,8424350,122439192.00
2020/08/03,14.41,15.68,14.29,15.68,18713419,292569536.00
2020/08/04,15.88,16.01,14.91,15.01,18908606,298624256.00
2020/08/05,15.13,16.55,14.82,16.55,20477619,333833984.00
2020/08/06,16.38,16.96,15.96,16.43,17377850,293377152.00
2020/08/07,15.79,16.57,15.62,16.18,12912160,212703168.00
2020/08/10,15.79,17.08,15.73,15.74,13068978,217931104.00
2020/08/11,15.58,16.38,15.40,15.46,9808923,159777104.00
2020/08/12,15.30,15.62,14.40,14.91,9845600,150873056.00
2020/08/13,15.28,15.35,14.74,14.99,6223445,96233096.00
2020/08/14,14.97,15.79,14.85,15.36,7442850,117354928.00
2020/08/17,15.30,15.82,15.30,15.58,7491300,119729264.00
2020/08/18,15.78,17.18,15.64,17.18,26394931,457490784.00
2020/08/19,16.91,18.52,16.91,17.48,29145275,529175200.00
2020/08/20,17.31,17.88,16.42,16.65,14834497,259335024.00
2020/08/21,17.03,17.08,15.81,16.15,12171631,203705760.00
2020/08/24,16.42,16.87,15.92,16.53,9431350,159228448.00
2020/08/25,16.61,16.66,15.79,16.00,10801260,178881600.00
2020/08/26,16.06,16.14,14.58,14.74,12267682,193337632.00
2020/08/27,14.90,16.06,14.89,15.35,12112400,191782352.00
2020/08/28,15.23,17.46,15.23,16.60,19838500,337548000.00
2020/08/31,16.39,17.23,16.39,16.63,14772350,253941776.00
2020/09/01,16.87,19.14,16.69,18.67,26459979,487730144.00
2020/09/02,18.18,19.42,17.67,18.37,29142384,546371264.00
2020/09/03,18.08,18.18,16.78,17.53,19975458,356100352.00
2020/09/04,16.95,18.17,16.95,17.70,16005155,288460384.00
2020/09/07,17.31,18.05,16.99,17.23,16149949,289388192.00
2020/09/08,17.17,17.80,17.11,17.38,11899030,211953936.00
2020/09/09,17.08,19.87,16.66,18.23,31112156,577901888.00
2020/09/10,17.64,17.76,15.40,15.48,21183510,356753376.00
2020/09/11,15.00,17.14,15.00,16.71,19415100,331167552.00
2020/09/14,17.14,18.08,16.68,17.88,13901300,246500272.00
2020/09/15,17.96,18.52,17.04,17.70,16144631,295461152.00
2020/09/16,17.38,17.79,16.58,16.94,12453650,217494656.00
2020/09/17,17.05,17.07,16.13,16.41,10324928,174410864.00
2020/09/18,16.41,17.76,16.39,17.13,16056556,282578624.00
2020/09/21,17.29,20.64,17.29,20.64,39733650,805054592.00
2020/09/22,20.09,24.80,20.01,24.33,55439038,1246068736.00
2020/09/23,22.98,23.03,21.45,21.99,42648669,968747968.00
2020/09/24,21.33,22.16,20.03,20.43,28090850,598793856.00
2020/09/25,20.88,23.99,19.91,22.88,42997430,975248960.00
2020/09/28,21.69,24.78,21.23,22.16,41682355,963712128.00
2020/09/29,22.59,26.08,21.82,26.07,43682088,1047222912.00
2020/09/30,24.41,29.58,23.58,25.98,50167920,1336635648.00
2020/10/09,26.03,28.16,25.26,27.01,41449602,1122467712.00
2020/10/12,26.02,30.56,25.47,28.83,44124556,1228896896.00
2020/10/13,28.07,29.56,27.34,28.23,33918402,970475520.00
2020/10/14,28.28,29.90,26.09,26.47,34971048,982022016.00
2020/10/15,25.43,26.03,23.09,23.22,30695141,756263936.00
2020/10/16,23.54,24.52,22.86,24.12,20498187,498479968.00
2020/10/19,24.17,25.98,23.78,25.33,27511971,707299520.00
2020/10/20,24.98,25.08,23.58,24.48,20787283,515187008.00
2020/10/21,24.77,24.93,23.58,23.65,17212120,421529696.00
2020/10/22,22.62,23.07,21.96,22.58,15004538,343702880.00
2020/10/23,22.93,23.77,22.14,22.18,16268000,379565632.00
2020/10/26,22.18,22.78,21.04,22.22,11970110,269883520.00
2020/10/27,22.23,24.37,22.23,23.34,20377128,485768864.00
2020/10/28,22.89,25.28,22.08,24.56,26313550,627421888.00
2020/10/29,23.36,24.87,23.02,23.49,22075155,534898592.00
2020/10/30,24.80,28.27,24.80,25.30,41503070,1119947520.00
2020/11/02,24.09,26.18,23.30,25.30,29421998,744084096.00
2020/11/03,25.16,25.42,23.99,24.43,22080343,554030720.00
2020/11/04,23.79,24.23,22.33,22.90,26232587,622696576.00
2020/11/05,22.21,23.15,21.90,22.68,17506623,399791840.00
2020/11/06,22.61,22.70,20.80,20.96,17508323,385995808.00
2020/11/09,20.82,21.71,20.10,21.57,13567678,294679104.00
2020/11/10,21.91,22.08,20.38,20.53,15082164,324599168.00
2020/11/11,20.38,20.67,19.35,19.39,12080766,244686624.00
2020/11/12,19.69,19.77,18.87,19.00,8022850,157656544.00
2020/11/13,19.09,19.84,18.69,19.36,13479150,265111472.00
2020/11/16,19.17,19.37,18.74,18.84,8218560,158761600.00
2020/11/17,18.97,18.98,17.99,18.15,9236400,172549776.00
2020/11/18,18.12,18.33,17.83,18.07,7769000,143738336.00
2020/11/19,18.06,20.68,17.72,20.44,27842329,557218240.00
2020/11/20,19.78,20.93,19.24,19.42,20932920,425935392.00
2020/11/23,19.48,20.55,18.75,19.81,19082982,382917024.00
2020/11/24,19.76,20.57,19.43,19.91,15073991,308600576.00
2020/11/25,19.72,19.95,18.99,19.01,12552941,248604848.00
2020/11/26,19.07,21.19,18.97,20.56,27309319,565026624.00
2020/11/27,20.46,23.46,19.96,21.91,36076479,795732992.00
2020/11/30,21.91,22.53,21.48,22.00,23533682,526379264.00
2020/12/01,21.85,22.16,21.23,21.65,17681910,389977056.00
2020/12/02,21.45,21.73,20.35,20.79,18466928,392724736.00
2020/12/03,20.50,20.78,20.03,20.13,11618250,240419824.00
2020/12/04,20.00,21.95,20.00,21.34,19807536,423879904.00
2020/12/07,21.04,21.56,20.54,20.56,13365124,285584352.00
2020/12/08,20.67,20.98,20.28,20.77,9196078,194434560.00
2020/12/09,20.80,21.16,20.08,20.18,12638796,264804768.00
2020/12/10,19.78,20.12,19.21,19.66,10733378,215783360.00
2020/12/11,19.68,20.01,19.18,19.26,9498059,189744752.00
2020/12/14,19.47,20.93,18.87,20.47,14904509,307589408.00
2020/12/15,20.18,20.86,19.97,20.11,11585950,240871808.00
2020/12/16,19.99,20.13,19.30,19.48,8208750,164878512.00
2020/12/17,19.66,19.66,18.55,19.14,9603600,186555968.00
2020/12/18,18.98,19.37,18.40,18.46,8980950,172883424.00
2020/12/21,18.47,19.45,18.34,19.10,9814550,190584512.00
2020/12/22,18.99,19.38,18.65,18.69,8371300,162053200.00
2020/12/23,18.59,19.60,18.58,19.55,12678055,248690464.00
2020/12/24,19.58,20.54,19.51,19.51,17018855,348320096.00
2020/12/25,19.20,19.68,18.81,18.93,10770251,211303664.00
2020/12/28,18.80,19.21,18.10,18.42,9801150,185716064.00
2020/12/29,18.44,18.56,17.74,17.76,8180850,151771936.00
2020/12/30,17.58,17.84,16.76,17.28,11825267,209746464.00
2020/12/31,17.35,18.22,17.18,18.08,11025839,201104944.00
2021/01/04,18.33,18.91,18.19,18.71,11097150,210929840.00
2021/01/05,18.58,19.04,18.26,18.60,10687550,203870752.00
2021/01/06,18.67,20.27,18.27,19.54,21778018,433368224.00
2021/01/07,19.20,19.20,17.81,18.23,16388000,309961088.00
2021/01/08,18.71,18.87,17.49,17.60,9855050,180388608.00
2021/01/11,17.63,18.08,16.91,17.00,8720838,155731552.00
2021/01/12,16.78,17.83,16.73,17.46,8727377,155633536.00
2021/01/13,17.93,17.93,17.04,17.13,7455719,133488136.00
2021/01/14,16.73,16.93,15.76,15.84,9817077,162543376.00
2021/01/15,16.46,17.35,16.43,17.02,9863950,171026176.00
2021/01/18,16.80,17.46,16.66,17.13,7721550,135915072.00
2021/01/19,16.93,17.46,16.73,17.18,7272950,126898096.00
2021/01/20,17.05,17.13,16.63,16.90,5674700,97965320.00
2021/01/21,16.79,17.17,16.67,16.77,5195489,89927008.00
2021/01/22,16.73,16.92,16.33,16.41,4635200,78449504.00
2021/01/25,16.09,16.94,15.87,15.89,6019435,100927240.00
2021/01/26,15.63,16.06,14.97,15.24,6956956,109150160.00
2021/01/27,15.28,15.30,14.93,15.00,3814350,59008552.00
2021/01/28,14.95,15.19,14.45,14.58,4237000,64427888.00
2021/01/29,14.56,14.76,13.52,13.86,6555150,94844528.00
2021/02/01,13.86,14.16,13.78,14.02,3662250,52694268.00
2021/02/02,13.96,14.28,13.79,14.08,3791951,54918772.00
2021/02/03,13.94,13.99,13.39,13.43,4040913,56939048.00
2021/02/04,13.34,13.83,12.98,13.42,4504650,62259792.00
2021/02/05,13.49,13.93,12.98,13.07,3521950,48709792.00
2021/02/08,12.98,13.08,12.37,12.44,4297900,56161112.00
2021/02/09,12.44,13.18,12.30,12.91,4801350,63338524.00
2021/02/10,13.13,13.13,12.73,12.97,3229950,42936672.00
2021/02/18,13.07,13.53,13.07,13.38,3721250,51241824.00
2021/02/19,13.46,14.10,13.19,14.07,5061223,71933000.00
2021/02/22,14.10,14.41,13.92,14.17,6660106,97358816.00
2021/02/23,14.16,15.40,13.71,14.98,11359810,172693136.00
2021/02/24,14.69,15.06,14.60,14.83,7064510,107684352.00
2021/02/25,14.84,15.38,14.62,15.10,8722001,134961584.00
2021/02/26,14.79,15.79,14.52,14.68,7218461,111760888.00
2021/03/01,14.43,15.24,14.31,15.24,7352829,113297352.00
2021/03/02,15.59,15.93,15.16,15.43,8297150,132117384.00
2021/03/03,15.22,15.43,14.96,15.38,5644000,88276304.00
2021/03/04,15.44,15.83,15.08,15.10,7200000,114481712.00
2021/03/05,14.95,15.60,14.91,15.47,6592656,103899920.00
2021/03/08,15.53,15.54,14.74,14.79,5904246,91573048.00
2021/03/09,14.74,14.91,13.74,14.08,5088500,74854264.00
2021/03/10,14.24,14.42,13.51,13.53,4346350,61644248.00
2021/03/11,13.64,13.97,13.31,13.88,3256850,46005392.00
2021/03/12,14.30,15.07,13.97,14.05,6839196,102012712.00
2021/03/15,13.90,14.52,13.85,14.19,4775196,69740128.00
2021/03/16,14.20,14.78,14.15,14.55,4606400,68691600.00
2021/03/17,14.88,15.56,14.52,15.25,8523300,132181392.00
2021/03/18,15.04,15.37,14.92,15.03,5600250,86869864.00
2021/03/19,14.92,15.53,14.83,15.08,8111650,126481376.00
2021/03/22,14.69,15.23,14.68,15.08,4975817,76569448.00
2021/03/23,14.93,15.08,14.55,14.65,4133100,62779264.00
2021/03/24,14.66,14.84,14.00,14.06,4826101,71346880.00
2021/03/25,13.90,14.27,13.86,13.98,3329300,48171956.00
2021/03/26,13.97,14.10,13.91,13.97,2905201,41884040.00
2021/03/29,14.00,14.44,13.96,14.16,3902451,56962084.00
2021/03/30,14.04,14.84,13.96,14.05,8578117,127574640.00
2021/03/31,13.90,13.94,13.36,13.51,6268817,87430776.00
2021/04/01,13.43,13.55,13.06,13.12,3936350,53445964.00
2021/04/02,13.12,13.24,12.91,13.16,2997750,40483500.00
2021/04/06,13.26,13.76,13.20,13.62,5239900,73060920.00
2021/04/07,13.58,13.74,13.43,13.63,3089300,43322448.00
2021/04/08,13.73,13.77,13.34,13.36,3398100,47401036.00
2021/04/09,13.27,13.68,13.27,13.39,2776100,38504656.00
2021/04/12,13.34,13.34,12.88,12.95,3148200,42510212.00
2021/04/13,13.03,13.03,12.55,12.59,2648150,34743036.00
2021/04/14,12.65,12.83,12.52,12.79,2487050,32640284.00
2021/04/15,12.83,12.88,12.58,12.75,2779450,36554896.00
2021/04/16,12.83,13.02,12.69,12.96,2615419,34716996.00
2021/04/19,12.95,13.21,12.87,13.16,2730471,36939260.00
2021/04/20,13.16,13.47,13.10,13.27,5005321,68693520.00
2021/04/21,13.25,13.51,13.15,13.28,3271800,44877116.00
2021/04/22,13.39,13.50,13.16,13.18,2762000,37903688.00
2021/04/23,13.18,13.19,12.86,12.88,2798400,37477520.00
2021/04/26,12.99,13.19,12.85,12.91,2516239,33774076.00
2021/04/27,12.89,12.89,12.13,12.23,4191700,53699732.00
2021/04/28,12.20,12.26,11.81,11.96,3586547,44531124.00
2021/04/29,11.96,12.06,11.82,11.89,2307608,28495606.00
2021/04/30,11.90,11.95,11.44,11.56,3391200,40723308.00
2021/05/06,11.52,12.06,11.38,11.85,3136900,38427528.00
2021/05/07,11.86,12.06,11.60,11.62,2454800,29824162.00
2021/05/10,11.65,11.73,11.41,11.58,2635955,31576650.00
2021/05/11,11.56,12.54,11.49,11.99,5673437,70520384.00
2021/05/12,11.99,12.03,11.73,11.83,3516950,43092220.00
2021/05/13,11.74,12.26,11.71,11.87,4564300,56619488.00
2021/05/14,11.87,12.83,11.78,12.48,9786400,124708040.00
2021/05/17,12.50,12.71,12.12,12.18,6598000,84347368.00
2021/05/18,12.00,12.91,12.00,12.71,8209050,107167832.00
2021/05/19,12.65,12.87,12.58,12.66,4740550,62118560.00
2021/05/20,12.56,12.97,12.51,12.69,4124650,54299548.00
2021/05/21,12.60,12.73,12.28,12.35,4876200,62679360.00
2021/05/24,12.28,12.65,12.26,12.45,3625200,46843660.00
2021/05/25,12.43,13.03,12.38,12.85,6635600,87764400.00
2021/05/26,12.96,13.08,12.73,12.81,4608100,61314704.00
2021/05/27,12.76,12.93,12.69,12.80,3498050,46241896.00
2021/05/28,12.86,13.07,12.77,12.94,4288600,57158448.00
2021/05/31,13.07,13.25,12.81,13.11,5515500,74304864.00
2021/06/01,12.99,13.13,12.83,12.94,4867950,65072280.00
2021/06/02,12.93,13.11,12.57,12.61,4580750,60369848.00
2021/06/03,12.65,12.75,12.45,12.47,3319350,43287056.00
2021/06/04,12.48,12.67,12.38,12.50,2726767,35316992.00
2021/06/07,12.38,12.74,12.19,12.46,4207617,54166348.00
2021/06/08,12.42,13.24,12.31,13.08,10189250,134811488.00
2021/06/09,13.16,15.49,13.16,14.85,25642589,383503712.00
2021/06/10,14.27,15.27,14.13,14.98,19365046,291825952.00
2021/06/11,14.68,15.05,14.33,14.43,13040300,195456496.00
2021/06/15,14.25,15.85,14.03,15.51,18569890,288999136.00
2021/06/16,15.18,15.40,14.63,15.18,12054953,186917408.00
2021/06/17,15.18,15.76,14.63,14.93,10538456,159871216.00
2021/06/18,14.94,15.67,14.57,14.98,13218870,203345456.00
2021/06/21,14.77,16.78,14.77,16.48,21028448,335210016.00
2021/06/22,16.07,18.12,15.79,16.88,28273259,481884000.00
2021/06/23,16.48,16.74,15.99,16.41,17197358,284473568.00
2021/06/24,16.41,17.15,16.09,16.10,15116720,254742080.00
2021/06/25,15.95,16.07,15.31,15.37,10986046,173857328.00
2021/06/28,15.30,15.86,15.20,15.44,8448778,133007560.00
2021/06/29,15.28,15.73,14.74,14.78,8688422,132435304.00
2021/06/30,14.78,15.14,14.63,15.14,6718450,101612432.00
2021/07/01,15.21,15.36,13.92,13.98,10249218,151210928.00
2021/07/02,13.82,14.14,13.66,13.98,6213600,87682976.00
2021/07/05,13.96,14.26,13.86,14.18,4009900,57500984.00
2021/07/06,14.09,14.78,14.04,14.48,6932550,101471232.00
2021/07/07,14.24,14.96,14.20,14.67,7230650,107625168.00
2021/07/08,14.60,15.57,14.60,15.07,11905550,182339712.00
2021/07/09,14.88,15.08,14.55,14.65,7192950,107739416.00
2021/07/12,14.65,14.90,14.46,14.48,6936600,103288200.00
2021/07/13,14.49,14.97,14.30,14.89,8264250,123002472.00
2021/07/14,14.80,14.90,14.18,14.24,6332700,93021200.00
2021/07/15,14.22,14.73,14.11,14.48,4512900,66068272.00
2021/07/16,13.58,14.04,12.55,13.14,15937750,213596064.00
2021/07/19,13.29,15.12,13.29,14.20,15381999,224098960.00
2021/07/20,14.02,14.50,13.64,14.31,11378199,162430432.00
2021/07/21,14.28,14.68,14.16,14.47,8648700,126839120.00
2021/07/22,14.39,14.46,13.88,14.20,6462400,92923792.00
2021/07/23,14.14,15.28,13.73,14.82,16997100,250431296.00
2021/07/26,14.67,15.43,14.56,15.25,20025025,306711904.00
2021/07/27,15.00,15.45,14.65,14.80,15227100,232703808.00
2021/07/28,14.62,14.62,12.58,13.23,11094350,153093984.00
2021/07/29,13.38,13.97,13.28,13.60,7288200,100835264.00
2021/07/30,13.83,13.94,13.38,13.77,6795200,94605264.00
2021/08/02,13.56,14.98,13.56,14.97,14538990,215853968.00
2021/08/03,14.94,15.14,14.48,14.63,9288800,139472912.00
2021/08/04,14.55,15.51,14.55,15.30,13527450,209288640.00
2021/08/05,15.48,16.06,15.17,15.69,21862950,347997664.00
2021/08/06,15.57,15.88,15.13,15.48,11891150,186223152.00
2021/08/09,15.58,15.76,15.14,15.24,8825550,137398800.00
2021/08/10,15.12,16.18,15.12,15.82,17050100,273226176.00
2021/08/11,15.71,16.58,15.53,16.19,16977097,276589184.00
2021/08/12,16.32,16.96,15.96,16.49,21113347,351734816.00
2021/08/13,16.23,16.88,15.75,15.83,16196650,266623952.00
2021/08/16,15.67,15.95,15.30,15.36,10890150,171415808.00
2021/08/17,15.28,15.84,14.71,15.01,14783200,228181728.00
2021/08/18,14.87,15.72,14.67,15.31,12332087,191214560.00
2021/08/19,15.41,18.42,15.40,18.42,41768778,746566016.00
2021/08/20,18.70,20.07,17.86,19.04,52351088,1013684160.00
2021/08/23,19.50,19.77,18.46,19.13,37525150,720540800.00
2021/08/24,17.59,18.55,16.08,17.59,41899786,719075904.00
2021/08/25,16.96,17.20,16.51,16.67,24589260,418834752.00
2021/08/26,16.73,17.23,16.28,17.03,24691597,419960000.00
2021/08/27,16.85,16.85,15.80,15.83,18892110,311240064.00
2021/08/30,15.70,16.55,15.66,16.07,13911360,227774640.00
2021/08/31,15.97,16.55,15.69,16.35,14603860,240266896.00
2021/09/01,16.27,16.27,14.86,15.18,16392146,257158464.00
2021/09/02,15.02,15.48,14.56,15.29,9965700,152779456.00
2021/09/03,15.36,15.86,15.10,15.44,9642750,151588864.00
2021/09/06,15.44,15.68,14.83,15.53,9221108,143095904.00
2021/09/07,15.51,15.93,15.36,15.74,8983258,143276448.00
2021/09/08,15.68,15.87,15.44,15.50,7479700,118375816.00
2021/09/09,15.54,16.28,15.14,16.18,13732650,218789712.00
2021/09/10,15.98,16.08,15.59,15.68,9216960,148010096.00
2021/09/13,15.53,15.68,15.28,15.29,6304000,98544864.00
2021/09/14,15.24,15.70,15.15,15.18,6253650,97573904.00
2021/09/15,15.03,15.33,14.78,15.13,5326950,81234016.00
2021/09/16,15.18,15.39,14.78,14.78,6721000,102598104.00
2021/09/17,14.85,15.03,13.78,13.98,9284700,134288224.00
2021/09/22,13.83,14.17,13.64,13.91,3869700,54960472.00
2021/09/23,13.99,14.35,13.88,14.20,6164800,88583288.00
2021/09/24,14.18,14.27,13.78,13.79,4448200,63160660.00
2021/09/27,13.78,13.96,12.88,13.05,5776280,78027712.00
2021/09/28,13.06,13.31,13.00,13.08,3392850,45361184.00
2021/09/29,12.98,13.16,12.48,12.49,4199200,54571712.00
2021/09/30,12.56,12.91,12.56,12.89,3284850,42755796.00
2021/10/08,13.01,13.20,12.96,13.05,2639950,35096472.00
2021/10/11,13.01,14.90,13.01,14.16,11731600,166934848.00
2021/10/12,13.67,14.78,13.48,14.35,10579170,150926400.00
2021/10/13,14.09,14.26,13.70,14.04,6113150,86731288.00
2021/10/14,13.94,14.54,13.89,13.95,6456650,93071680.00
2021/10/15,13.86,14.48,13.86,14.06,6062600,87374448.00
2021/10/18,13.65,14.28,13.43,14.08,6022720,85376032.00
2021/10/19,14.08,14.12,13.44,13.51,7598600,105776512.00
2021/10/20,13.49,13.64,13.23,13.36,4855200,66266076.00
2021/10/21,13.48,13.53,12.95,13.03,4658950,62183644.00
2021/10/22,13.27,13.30,12.77,12.81,4474800,58955308.00
2021/10/25,12.81,12.97,12.67,12.92,3381000,44099220.00
2021/10/26,12.80,13.14,12.75,12.85,3487650,45917956.00
2021/10/27,13.17,13.38,12.67,12.72,5262340,69673248.00
2021/10/28,12.38,12.65,11.89,11.95,5586900,69350360.00
2021/10/29,12.04,12.58,11.95,12.49,5262490,66240224.00
2021/11/01,12.49,12.88,12.49,12.68,4271009,55176676.00
2021/11/02,12.79,13.40,12.79,13.27,11058250,147833616.00
2021/11/03,12.88,13.11,12.68,12.97,6376000,83610400.00
2021/11/04,13.00,13.07,12.82,12.97,4962900,65334520.00
2021/11/05,12.97,13.12,12.88,13.00,5100600,67439904.00
2021/11/08,12.95,13.11,12.71,13.09,4561209,60059432.00
2021/11/09,13.04,13.52,12.96,13.42,7195991,97497672.00
2021/11/10,13.39,13.75,13.35,13.51,6502750,89403424.00
2021/11/11,13.63,13.63,13.38,13.45,5132250,70315376.00
2021/11/12,13.52,13.84,13.38,13.74,8090550,112090424.00
2021/11/15,13.70,14.04,13.63,13.89,6870350,96631440.00
2021/11/16,13.80,13.83,13.20,13.27,7507600,103073208.00
2021/11/17,13.30,13.55,13.13,13.49,4829100,65686700.00
2021/11/18,13.54,14.02,13.33,13.85,8727181,121920160.00
2021/11/19,13.96,14.02,13.66,13.77,5569000,78243696.00
2021/11/22,13.71,13.82,13.62,13.73,4975900,69345344.00
2021/11/23,13.79,13.85,13.45,13.65,5605100,77632584.00
2021/11/24,13.68,13.80,13.41,13.56,4278400,59012636.00
2021/11/25,13.56,13.69,13.44,13.51,3551000,48944528.00
2021/11/26,13.45,13.61,13.31,13.35,4817450,65812612.00
2021/11/29,13.11,14.16,13.03,13.99,11468900,161008224.00
2021/11/30,13.92,14.36,13.84,14.14,10850850,155514160.00
2021/12/01,14.14,14.23,13.93,14.09,6434200,91861072.00
2021/12/02,14.09,14.13,13.61,13.62,5860050,82174216.00
2021/12/03,13.66,14.85,13.66,14.16,16089441,234900816.00
2021/12/06,13.96,14.50,13.80,14.29,13084100,187932784.00
2021/12/07,14.31,14.36,13.51,13.68,8397560,117838376.00
2021/12/08,13.74,14.35,13.66,13.92,8082500,114850936.00
2021/12/09,14.02,14.07,13.60,13.67,7513400,104936872.00
2021/12/10,13.55,13.63,13.28,13.36,7465100,101628808.00
2021/12/13,13.32,13.40,13.13,13.30,3965750,53428620.00
2021/12/14,13.28,14.44,13.15,14.06,16013978,227081520.00
2021/12/15,14.15,14.15,13.80,13.90,6694209,94641224.00
2021/12/16,13.93,14.07,13.74,13.84,4820850,67976312.00
2021/12/17,14.12,14.28,13.82,13.86,7650400,108703480.00
2021/12/20,13.75,13.97,13.33,13.43,6364900,87986784.00
2021/12/21,13.36,13.52,13.29,13.51,3379000,46087212.00
2021/12/22,13.51,13.72,13.34,13.42,4834650,66047868.00
2021/12/23,13.46,13.46,12.97,12.97,7021150,93364616.00
2021/12/24,13.14,13.14,12.65,12.65,4500000,58585984.00
2021/12/27,12.68,12.86,12.63,12.73,2318500,30073640.00
2021/12/28,12.78,12.96,12.71,12.90,2351850,30741620.00
2021/12/29,12.97,13.15,12.89,13.03,3455100,45736624.00
2021/12/30,13.02,13.20,12.87,13.09,4049381,53946884.00
2021/12/31,13.17,13.29,13.04,13.09,3842450,51446360.00
2022/01/04,13.03,13.26,13.01,13.19,5008581,66908692.00
2022/01/05,13.19,13.26,12.79,12.92,4822373,63645164.00
2022/01/06,12.89,13.00,12.72,12.93,3533750,46229056.00
2022/01/07,12.95,13.18,12.60,12.63,6482741,85051376.00
2022/01/10,12.56,12.92,12.31,12.73,4061850,52253384.00
2022/01/11,12.73,12.87,12.62,12.66,2390410,30939562.00
2022/01/12,12.70,12.86,12.67,12.84,2234154,29096530.00
2022/01/13,12.81,12.96,12.71,12.73,2559900,33390310.00
2022/01/14,12.64,12.84,12.53,12.54,2735250,35350256.00
2022/01/17,12.64,12.90,12.53,12.87,3148310,40984860.00
2022/01/18,12.88,12.92,12.59,12.64,3214000,41478380.00
2022/01/19,12.64,12.73,12.42,12.52,2584700,33050710.00
2022/01/20,12.49,12.60,12.00,12.08,3986500,49559928.00
2022/01/21,12.03,12.08,11.79,11.87,2194600,26601536.00
2022/01/24,11.84,12.02,11.81,11.92,1856100,22523254.00
2022/01/25,12.02,12.50,11.73,11.79,5609000,69452424.00
2022/01/26,11.61,11.80,11.38,11.71,3234268,38361248.00
2022/01/27,11.80,11.80,11.11,11.11,3397209,39531728.00
2022/01/28,11.22,11.53,11.08,11.38,2409400,27891594.00
2022/02/07,11.52,11.75,11.46,11.64,1975500,23337812.00
2022/02/08,11.68,11.80,11.57,11.78,1607200,19150996.00
2022/02/09,11.80,12.00,11.75,11.97,1916100,23235488.00
2022/02/10,12.01,12.01,11.81,11.84,1610100,19484760.00
2022/02/11,11.83,11.88,11.64,11.68,2175400,26060842.00
2022/02/14,11.87,12.24,11.78,11.90,3136900,38264152.00
2022/02/15,11.84,12.15,11.78,12.03,2751900,33547094.00
2022/02/16,11.88,11.96,11.83,11.89,2275700,27537384.00
2022/02/17,11.80,12.17,11.72,11.99,3437809,41791940.00
2022/02/18,11.98,11.98,11.73,11.84,2245000,26998762.00
2022/02/21,11.84,12.17,11.81,12.13,3586268,44023276.00
2022/02/22,12.39,12.43,11.93,11.95,4715350,58246680.00
2022/02/23,11.88,12.24,11.85,12.16,3471200,42692844.00
2022/02/24,12.21,13.78,12.07,13.01,20405499,267071808.00
2022/02/25,12.58,12.78,12.33,12.47,11512108,147002688.00
2022/02/28,12.55,12.85,12.28,12.40,8508359,108541568.00
2022/03/01,12.34,12.97,12.21,12.76,9222178,118721216.00
2022/03/02,12.61,12.96,12.61,12.63,5880568,76239888.00
2022/03/03,12.58,12.66,12.35,12.40,5027400,63746604.00
2022/03/04,12.44,12.50,12.10,12.10,4156350,51957888.00
2022/03/07,12.17,12.32,11.89,12.02,4303350,53015888.00
2022/03/08,11.96,12.02,11.28,11.30,4953450,58435652.00
2022/03/09,11.29,11.42,10.36,10.90,5616450,62400416.00
2022/03/10,11.07,11.32,11.07,11.19,3995900,45623060.00
2022/03/11,11.06,11.20,10.83,11.20,2359250,26507084.00
2022/03/14,11.09,11.56,10.97,10.99,4743800,54315844.00
2022/03/15,10.86,11.03,10.28,10.29,5030650,55007156.00
2022/03/16,10.49,10.58,10.03,10.51,4125850,43773144.00
2022/03/17,10.55,10.88,10.55,10.69,3355450,36756524.00
2022/03/18,10.70,10.84,10.59,10.81,2689350,29552774.00
2022/03/21,10.88,10.92,10.71,10.88,2709050,29985552.00
2022/03/22,12.38,13.10,12.38,13.10,13185450,175144320.00
2022/03/23,12.40,12.98,11.93,12.23,26363401,329362464.00
2022/03/24,11.88,12.65,11.71,11.95,14776634,181610928.00
2022/03/25,11.83,12.36,11.78,12.18,12432500,153004976.00
2022/03/28,11.91,11.94,11.35,11.46,10227408,120815328.00
2022/03/29,11.42,11.69,11.12,11.17,6891850,80010448.00
2022/03/30,11.17,11.40,11.01,11.23,6619009,75476264.00
2022/03/31,11.16,11.35,11.04,11.07,5345000,61007012.00
2022/04/01,11.06,11.11,10.87,10.88,4619258,51717316.00
2022/04/06,10.88,11.13,10.87,11.08,3867750,43519292.00
2022/04/07,11.04,11.29,10.78,10.83,5167200,58100424.00
2022/04/08,10.78,10.89,10.54,10.58,3966300,43147500.00
2022/04/11,10.56,10.56,10.16,10.18,3316750,34967728.00
2022/04/12,10.22,10.55,10.07,10.49,4423200,46672352.00
2022/04/13,10.40,10.43,10.08,10.11,3010159,31426980.00
2022/04/14,10.14,10.45,10.07,10.23,3510900,36620696.00
2022/04/15,10.13,10.44,9.97,10.41,4675065,48843348.00
2022/04/18,10.15,10.33,9.96,10.24,4061850,42063212.00
2022/04/19,10.16,10.54,10.15,10.41,3608300,38102280.00
2022/04/20,10.36,10.52,10.14,10.26,2974300,31416724.00
2022/04/21,10.18,10.35,9.69,9.69,3952350,40264908.00
2022/04/22,9.74,9.81,9.38,9.47,3824650,37491204.00
2022/04/25,9.38,9.38,8.61,8.64,4744550,43468288.00
2022/04/26,8.59,8.76,8.09,8.13,4366656,37817960.00
2022/04/27,7.97,8.51,7.87,8.49,4231450,35685108.00
2022/04/28,8.47,8.47,8.18,8.27,3158000,26977452.00
2022/04/29,8.32,8.88,8.32,8.78,3516200,31259528.00
2022/05/05,8.74,9.14,8.69,9.04,3018058,27837464.00
2022/05/06,8.79,9.18,8.74,9.00,2203000,20365414.00
2022/05/09,8.78,9.55,8.78,9.30,3515500,33478632.00
2022/05/10,9.17,9.58,9.10,9.48,3347350,32277474.00
2022/05/11,10.31,10.78,9.46,9.47,8447900,85311728.00
2022/05/12,9.30,9.87,9.28,9.64,5281923,52076080.00
2022/05/13,9.61,9.77,9.55,9.61,2587050,25512332.00
2022/05/16,9.79,10.05,9.63,9.69,3691600,37025372.00
2022/05/17,9.64,9.78,9.48,9.61,2287423,22442904.00
2022/05/18,9.57,9.82,9.48,9.69,2980800,29580856.00
2022/05/19,9.57,9.78,9.55,9.72,2016684,19985140.00
2022/05/20,9.65,9.76,9.48,9.58,4832900,47529528.00
2022/05/23,9.51,9.72,9.51,9.71,2057900,20264658.00
2022/05/24,9.67,10.06,9.16,9.18,5368650,52836128.00
2022/05/25,9.16,9.55,9.10,9.54,3419100,32843360.00
2022/05/26,9.54,9.96,9.41,9.78,4377900,43513120.00
2022/05/27,9.86,9.94,9.56,9.68,2740884,27359164.00
2022/05/30,9.75,9.80,9.56,9.77,2467400,24473884.00
2022/05/31,9.75,9.81,9.59,9.73,2131100,21097584.00
2022/06/01,9.73,9.94,9.63,9.82,3267900,32806846.00
2022/06/02,9.87,10.05,9.72,9.99,3734800,37884376.00
2022/06/06,9.99,10.12,9.90,10.05,3206000,32874806.00
2022/06/07,10.02,10.09,9.75,9.85,2757500,27810364.00
2022/06/08,9.86,9.86,9.42,9.72,3498000,34531396.00
2022/06/09,9.73,9.73,9.30,9.37,2815100,27240452.00
2022/06/10,9.36,9.81,9.29,9.63,3289624,32473660.00
2022/06/13,9.68,9.91,9.64,9.80,2908024,29083616.00
2022/06/14,9.70,9.79,9.30,9.55,3712800,35970424.00
2022/06/15,9.65,9.95,9.55,9.57,3843300,38161260.00
2022/06/16,9.56,9.76,9.50,9.63,3842450,37975916.00
2022/06/17,9.59,9.71,9.36,9.52,3160611,30798944.00
2022/06/20,9.57,9.70,9.52,9.58,2907900,28574286.00
2022/06/21,9.54,9.67,9.48,9.60,3449521,33819356.00
2022/06/22,9.63,9.65,9.29,9.32,3093800,29928456.00
2022/06/23,9.29,9.76,9.29,9.74,6261250,61468700.00
2022/06/24,9.77,10.13,9.74,10.02,8012258,81947688.00
2022/06/27,10.12,10.13,9.92,10.00,4068585,41611996.00
2022/06/28,10.18,10.70,9.94,10.59,11077291,118359080.00
2022/06/29,10.48,10.55,10.06,10.08,6832300,71820600.00
2022/06/30,10.21,10.27,9.93,10.01,4255044,43595084.00
2022/07/01,10.01,10.16,9.87,9.93,3329400,33970996.00
2022/07/04,9.94,11.03,9.86,10.48,12122456,130377648.00
2022/07/05,10.48,11.03,10.10,10.76,13332692,144109520.00
2022/07/06,10.55,11.38,10.36,11.10,15264585,170803856.00
2022/07/07,10.91,11.34,10.71,10.81,11824342,131691800.00
2022/07/08,10.81,10.89,10.50,10.65,7737400,84055664.00
2022/07/11,10.65,11.04,10.26,10.74,8627133,93700752.00
2022/07/12,10.74,10.85,10.26,10.30,7738027,82618744.00
2022/07/13,10.47,10.50,10.25,10.38,3789500,40030764.00
2022/07/14,10.42,10.72,10.30,10.63,5993900,64823704.00
2022/07/15,10.58,10.90,10.53,10.59,6221777,67964616.00
2022/07/18,10.56,10.90,10.56,10.89,5840183,64197404.00
2022/07/19,10.86,11.08,10.84,10.90,4860609,54106824.00
2022/07/20,10.98,11.99,10.87,11.73,16649219,195427024.00
2022/07/21,11.50,11.58,11.19,11.20,10668669,123059096.00
2022/07/22,11.12,11.36,10.95,11.34,6113969,69700072.00
2022/07/25,11.34,11.61,10.97,11.02,5352469,60948600.00
2022/07/26,10.99,11.35,10.89,11.30,5158707,58786704.00
2022/07/27,11.25,12.15,11.23,11.62,11890154,141515120.00
2022/07/28,11.63,11.83,11.47,11.81,8489647,100964936.00
2022/07/29,11.69,11.74,11.40,11.64,6191298,72943048.00
2022/08/01,11.81,12.06,11.43,11.64,5607498,66639408.00
2022/08/02,11.75,12.15,11.56,11.93,18965452,229746176.00
2022/08/03,11.49,12.37,10.91,12.18,21236377,257827312.00
2022/08/04,11.93,12.00,11.37,11.46,13967798,164088640.00
2022/08/05,11.42,11.62,11.06,11.29,10372977,118938904.00
2022/08/08,11.10,11.73,11.10,11.51,8139385,95652568.00
2022/08/09,11.49,11.58,11.17,11.53,7547247,87386192.00
2022/08/10,11.60,12.05,11.50,11.70,10539643,126628608.00
2022/08/11,11.80,11.92,11.46,11.51,8188550,96332480.00
2022/08/12,11.50,11.55,11.26,11.26,6179850,71683032.00
2022/08/15,11.26,11.58,11.20,11.42,5176919,59931244.00
2022/08/16,11.42,11.52,11.28,11.30,4631150,53555056.00
2022/08/17,11.34,11.41,11.08,11.10,4832954,54910196.00
2022/08/18,11.09,11.20,11.03,11.11,3854949,43657656.00
2022/08/19,11.11,11.36,10.80,10.85,5641350,63409536.00
2022/08/22,10.76,10.94,10.65,10.91,3065880,33887724.00
2022/08/23,10.99,11.28,10.81,11.19,6852492,77549192.00
2022/08/24,11.21,11.33,10.80,10.90,6274369,70372824.00
2022/08/25,10.98,10.98,10.50,10.66,3991400,43330860.00
2022/08/26,10.70,10.90,10.60,10.74,3889400,42821600.00
2022/08/29,10.79,10.82,10.25,10.77,4193300,45717648.00
2022/08/30,10.70,10.87,10.65,10.68,3714219,40650348.00
2022/08/31,10.68,10.73,10.11,10.11,5227919,55183744.00
2022/09/01,10.11,10.41,10.11,10.21,3761042,39427984.00
2022/09/02,10.19,10.72,10.16,10.64,4416819,47325288.00
2022/09/05,10.70,10.89,10.62,10.73,2875100,31413168.00
2022/09/06,10.63,10.99,10.62,10.79,3024950,33376040.00
2022/09/07,10.81,10.90,10.75,10.85,2286450,25239048.00
2022/09/08,10.94,11.19,10.75,11.07,4837262,54395068.00
2022/09/09,11.17,11.17,10.86,11.06,3428843,38361540.00
2022/09/13,11.10,11.62,11.03,11.57,11481252,133500824.00
2022/09/14,11.28,11.71,11.18,11.46,8088952,94698224.00
2022/09/15,11.45,11.57,10.98,11.13,7014300,80304368.00
2022/09/16,11.19,11.42,11.02,11.04,5288769,60469728.00
2022/09/19,11.04,11.16,10.60,10.77,4949235,54429268.00
2022/09/20,10.90,10.91,10.52,10.59,3879050,42085128.00
2022/09/21,10.53,10.68,10.15,10.47,4614250,48751252.00
2022/09/22,10.40,10.99,10.32,10.71,5667600,62174996.00
2022/09/23,10.69,12.09,10.62,11.28,16590155,192506912.00
2022/09/26,11.15,11.19,10.40,10.55,12315850,133611376.00
2022/09/27,10.43,11.04,10.43,10.90,9298907,102304912.00
2022/09/28,11.06,11.07,10.19,10.22,9114227,97732720.00
2022/09/29,10.44,10.73,10.24,10.24,7029206,74747304.00
2022/09/30,10.32,10.35,9.67,9.67,7731609,77906032.00
2022/10/10,9.78,10.10,9.68,9.79,6539206,65977688.00
2022/10/11,9.90,9.90,9.36,9.48,4953300,47892876.00
2022/10/12,9.47,9.61,9.17,9.60,4593773,43907096.00
2022/10/13,9.59,9.83,9.49,9.65,4267350,42334672.00
2022/10/14,9.68,9.97,9.68,9.92,4055209,40830216.00
2022/10/17,9.95,11.94,9.82,11.46,31553950,366457632.00
2022/10/18,11.12,11.21,10.86,10.97,24945526,279865824.00
2022/10/19,11.01,11.03,10.65,10.80,10056109,110474968.00
2022/10/20,10.75,10.81,10.31,10.62,10292727,110761336.00
2022/10/21,10.58,10.77,10.47,10.69,8149050,88239808.00
2022/10/24,10.75,11.14,10.69,10.80,13390577,149060768.00
2022/10/25,10.76,11.30,10.64,11.10,15697977,177012096.00
2022/10/26,11.02,11.41,10.92,11.40,12030246,137309552.00
2022/10/27,11.34,11.37,11.09,11.19,8140300,92777184.00
2022/10/28,10.76,11.06,10.30,10.38,11525914,124921368.00
2022/10/31,10.30,10.88,10.23,10.82,7531777,81532944.00
2022/11/01,10.82,11.02,10.50,10.70,7035153,77006800.00
2022/11/02,10.75,11.01,10.65,10.82,5638100,62121776.00
2022/11/03,10.63,11.26,10.57,11.07,9484030,105601648.00
2022/11/04,11.00,11.08,10.87,11.01,8407453,93863928.00
2022/11/07,11.09,11.18,10.89,10.96,8533689,95627328.00
2022/11/08,10.99,11.03,10.70,10.95,7363289,81425832.00
2022/11/09,11.27,11.65,10.98,11.08,17759836,202260272.00
2022/11/10,10.80,10.95,10.66,10.70,10861179,119297968.00
2022/11/11,10.80,11.15,10.62,10.98,12450628,138077408.00
2022/11/14,10.95,10.98,10.47,10.55,10721062,116791712.00
2022/11/15,10.50,10.95,10.35,10.75,8614052,94301864.00
2022/11/16,10.90,11.18,10.74,10.96,10873156,121874616.00
2022/11/17,10.88,10.95,10.70,10.95,6148720,67618928.00
2022/11/18,10.92,11.10,10.59,10.61,7178666,79004520.00
2022/11/21,10.54,10.95,10.45,10.76,6338832,69581224.00
2022/11/22,10.76,10.96,10.60,10.61,6737656,74015008.00
2022/11/23,10.56,10.61,10.17,10.29,7583991,79939208.00
2022/11/24,10.40,10.40,10.07,10.14,4357185,45246824.00
2022/11/25,10.12,10.14,9.91,9.93,4438600,45164928.00
2022/11/28,9.86,10.45,9.73,10.35,9149381,94793096.00
2022/11/29,10.36,10.58,10.23,10.34,8437550,89180608.00
2022/11/30,10.43,10.45,10.21,10.25,4673150,49164412.00
2022/12/01,10.25,10.37,10.25,10.33,3669898,38597328.00
2022/12/02,10.36,10.41,10.31,10.34,3482050,36741020.00
2022/12/05,10.38,10.48,10.29,10.44,3544500,37559668.00
2022/12/06,10.48,10.92,10.37,10.76,10637709,115767576.00
2022/12/07,10.85,11.06,10.71,10.99,11587512,128784584.00
2022/12/08,10.97,11.18,10.73,10.81,7944768,88239984.00
2022/12/09,10.93,10.97,10.53,10.59,5733650,62298204.00
2022/12/12,10.62,10.97,10.48,10.85,7052650,77336928.00
2022/12/13,10.82,10.95,10.73,10.88,4669000,51659568.00
2022/12/14,10.98,11.02,10.75,10.82,4022916,44547388.00
2022/12/15,11.09,11.14,10.85,10.91,7340339,82173800.00
2022/12/16,10.82,10.98,10.73,10.77,4738750,52212872.00
2022/12/19,10.78,10.79,10.37,10.39,4361600,46882104.00
2022/12/20,10.43,10.63,10.35,10.39,3313879,35392276.00
2022/12/21,10.36,10.44,10.11,10.18,3275500,34258144.00
2022/12/22,10.28,10.35,9.97,10.05,3548500,36711908.00
2022/12/23,9.98,10.11,9.83,9.89,3668684,37314668.00
2022/12/26,10.00,10.30,9.94,10.29,3086000,32021224.00
2022/12/27,10.41,10.47,10.22,10.36,2575398,27162804.00
2022/12/28,10.32,11.38,10.23,10.69,13177775,144890208.00
2022/12/29,10.69,11.07,10.58,10.92,9716750,107663208.00
2022/12/30,10.93,11.15,10.86,11.11,9060750,102052000.00
2023/01/03,11.03,11.99,11.03,11.87,15874750,187708544.00
2023/01/04,11.79,12.30,11.70,12.05,12322484,151339104.00
2023/01/05,12.02,12.11,11.86,12.04,6717400,81810056.00
2023/01/06,12.05,12.10,11.86,11.90,5181398,63048148.00
2023/01/09,11.94,12.00,11.40,11.48,8916400,105193448.00
2023/01/10,11.59,11.60,11.31,11.37,5632300,65477472.00
2023/01/11,11.46,11.61,11.14,11.16,6804850,78363704.00
2023/01/12,11.46,11.57,11.17,11.29,7953750,91835480.00
2023/01/13,11.30,11.47,11.07,11.25,5148150,58783556.00
2023/01/16,11.20,11.55,11.20,11.39,4902450,56925656.00
2023/01/17,11.39,12.10,11.31,11.71,10450800,124982144.00
2023/01/18,11.61,11.94,11.55,11.86,7260750,87059920.00
2023/01/19,11.78,12.02,11.70,11.92,5660615,68306680.00
2023/01/20,11.92,12.29,11.92,11.98,6386339,78240128.00
2023/01/30,11.98,12.87,11.98,12.69,14326012,182972016.00
2023/01/31,12.59,12.69,12.45,12.59,7192450,91810312.00
2023/02/01,12.55,13.06,12.45,13.01,9478493,123399664.00
2023/02/02,13.26,13.26,12.76,12.89,7442825,97927088.00
2023/02/03,12.88,13.34,12.78,13.11,7962728,105347352.00
2023/02/06,13.04,13.23,12.78,12.87,5604200,73567680.00
2023/02/07,12.94,12.94,12.56,12.85,6354373,82209696.00
2023/02/08,12.85,12.85,12.57,12.63,4407200,56770896.00
2023/02/09,12.60,12.77,12.54,12.69,3693900,47567476.00
2023/02/10,12.63,12.83,12.48,12.60,3916700,50285356.00
2023/02/13,12.68,13.03,12.62,12.81,4781750,62411872.00
2023/02/14,12.82,12.88,12.47,12.54,3729247,47665776.00
2023/02/15,12.56,12.90,12.52,12.73,4635675,59805292.00
2023/02/16,12.81,12.81,12.13,12.24,4790450,60622700.00
2023/02/17,12.35,12.77,12.14,12.59,5798858,73548168.00
2023/02/20,12.41,12.48,12.14,12.28,5203650,64717976.00
2023/02/21,12.33,12.64,12.21,12.49,5756200,72855272.00
2023/02/22,12.45,12.61,12.31,12.56,3477700,44077816.00
2023/02/23,12.58,12.63,12.33,12.43,2689100,34009528.00
2023/02/24,12.40,12.80,12.40,12.67,6350750,81698176.00
2023/02/27,12.70,12.91,12.49,12.54,5342200,68851648.00
2023/02/28,12.54,12.70,12.33,12.46,4522400,57340896.00
2023/03/01,12.52,12.56,12.21,12.53,7031700,88374816.00
2023/03/02,12.61,13.02,12.51,12.84,6940628,90064056.00
2023/03/03,12.84,13.04,12.67,12.78,4248900,55365264.00
2023/03/06,12.84,13.08,12.77,12.89,5535700,72804248.00
2023/03/07,12.89,12.94,12.22,12.23,5201900,66115912.00
2023/03/08,12.10,12.54,12.10,12.48,4086950,51630296.00
2023/03/09,12.47,12.60,12.21,12.37,2499600,31345684.00
2023/03/10,12.30,12.42,12.10,12.11,2640400,32816776.00
2023/03/13,12.07,12.34,12.01,12.23,2799700,34698672.00
2023/03/14,12.17,12.24,11.85,12.02,2889450,35343800.00
2023/03/15,12.11,12.42,12.03,12.21,3160800,39409256.00
2023/03/16,12.24,12.24,11.56,11.65,5288800,63437180.00
2023/03/17,11.75,11.82,11.62,11.69,2375250,28332548.00
2023/03/20,11.79,11.79,11.46,11.55,2747850,32326924.00
2023/03/21,11.63,11.98,11.60,11.91,3742600,45210784.00
2023/03/22,11.91,12.11,11.79,12.10,3687550,45036080.00
2023/03/23,12.03,12.20,11.91,12.15,2845950,34917320.00
2023/03/24,12.24,12.62,12.15,12.33,4337000,54530768.00
2023/03/27,12.36,12.44,12.06,12.13,2790050,34550904.00
2023/03/28,12.16,12.18,11.82,11.84,2590350,31429864.00
2023/03/29,11.76,11.87,11.66,11.76,2388952,28528504.00
2023/03/30,11.76,11.79,11.56,11.65,2026825,24029610.00
2023/03/31,11.65,11.78,11.55,11.70,1931500,22970412.00
2023/04/03,11.70,11.88,11.55,11.83,3719000,44550908.00
2023/04/04,11.83,11.89,11.50,11.53,3503150,41517092.00
2023/04/06,11.52,11.78,11.44,11.72,2709500,32108324.00
2023/04/07,11.72,12.14,11.72,12.02,5936720,72034488.00
2023/04/10,12.07,12.12,11.69,11.72,3871100,46641588.00
2023/04/11,11.70,11.81,11.58,11.72,2643800,31475260.00
2023/04/12,11.72,11.84,11.66,11.76,2005850,24006608.00
2023/04/13,11.77,11.80,11.60,11.60,2217700,26301448.00
2023/04/14,11.55,11.69,11.42,11.51,2107150,24719988.00
2023/04/17,11.55,11.63,11.33,11.43,2704650,31484094.00
2023/04/18,11.40,11.45,11.10,11.16,4263400,48609668.00
2023/04/19,11.15,11.23,11.05,11.06,4416015,49966520.00
2023/04/20,11.07,11.18,10.80,10.91,3534515,39368228.00
2023/04/21,10.98,11.23,10.87,10.91,3946200,44450196.00
2023/04/24,10.92,10.92,10.60,10.75,4691852,51185468.00
2023/04/25,10.83,11.19,10.76,10.91,5869300,65565560.00
2023/04/26,10.86,11.51,10.72,11.13,4990971,56925288.00
2023/04/27,11.03,11.60,10.96,11.43,4932150,57135056.00
2023/04/28,11.46,11.66,11.35,11.60,3403029,40000696.00
2023/05/04,11.60,12.13,11.48,11.93,6610927,80221800.00
2023/05/05,11.93,11.93,11.62,11.74,3377450,40406304.00
2023/05/08,11.70,12.06,11.70,12.02,3694700,44942348.00
2023/05/09,12.12,12.12,11.78,11.78,3621481,43812032.00
2023/05/10,11.81,11.81,11.63,11.76,2438750,29030212.00
2023/05/11,11.76,11.85,11.66,11.79,1879450,22499260.00
2023/05/12,11.80,11.83,11.58,11.63,3152577,37390380.00
2023/05/15,11.68,11.92,11.59,11.89,2359457,28149288.00
2023/05/16,11.84,12.08,11.81,11.89,2161600,26191340.00
2023/05/17,11.89,12.36,11.80,12.25,6853350,84781576.00
2023/05/18,12.22,12.44,12.13,12.39,5232100,65525400.00
2023/05/19,12.38,12.75,12.33,12.53,5671150,72360880.00
2023/05/22,12.49,12.88,12.41,12.76,4932615,63838304.00
2023/05/23,12.68,12.88,12.50,12.59,3971465,50975288.00
2023/05/24,12.48,12.71,12.46,12.56,2398804,30692618.00
2023/05/25,12.56,12.75,12.40,12.59,3229600,41201132.00
2023/05/26,12.59,12.77,12.41,12.74,3444200,44186404.00
2023/05/29,13.25,13.52,12.45,12.57,10490700,135937504.00
2023/05/30,12.60,12.77,12.38,12.65,5526500,70611664.00
2023/05/31,12.78,13.10,12.52,12.75,6518450,84805984.00
2023/06/01,12.76,12.87,12.60,12.74,4856200,62907916.00
2023/06/02,12.61,12.90,12.57,12.57,3726950,47913516.00
2023/06/05,12.69,12.77,12.44,12.54,3301800,42121152.00
2023/06/06,12.51,12.97,12.34,12.35,4304550,54893216.00
2023/06/07,12.22,12.64,12.21,12.53,4380700,55453488.00
2023/06/08,12.49,12.60,12.30,12.53,2805000,35605200.00
2023/06/09,12.55,12.75,12.45,12.72,2613950,33476892.00
2023/06/12,12.62,12.74,12.52,12.61,3634150,46509364.00
2023/06/13,12.60,12.69,12.40,12.57,3154550,40072208.00
2023/06/14,12.56,12.63,12.30,12.39,3429400,43167160.00
2023/06/15,12.48,12.53,12.33,12.44,2118700,26764254.00
2023/06/16,12.47,13.15,12.46,13.09,7650323,100457632.00
2023/06/19,13.00,13.40,12.95,13.20,5568173,74780272.00
2023/06/20,13.31,13.53,13.01,13.47,6951650,94412048.00
2023/06/21,13.42,13.58,13.29,13.46,5101300,69622224.00
2023/06/26,13.27,13.45,13.08,13.14,4277100,57446908.00
2023/06/27,13.29,13.48,13.02,13.46,3450600,46680996.00
2023/06/28,13.41,13.55,12.98,13.49,4082850,55071260.00
2023/06/29,13.48,14.15,13.40,13.96,7796250,110009248.00
2023/06/30,14.09,14.13,13.80,13.92,4515950,63832728.00
2023/07/03,13.92,13.98,13.62,13.72,3725598,52033792.00
2023/07/04,13.63,13.82,13.60,13.72,2668100,37123988.00
2023/07/05,13.66,13.75,13.47,13.47,2244450,30922536.00
2023/07/06,13.55,13.58,13.36,13.40,1945100,26570508.00
2023/07/07,13.48,13.48,13.13,13.16,2804600,37641096.00
2023/07/10,13.22,13.37,13.00,13.26,3349950,44884564.00
2023/07/11,13.24,13.59,13.18,13.52,2978100,40592360.00
2023/07/12,13.48,13.50,13.08,13.13,2753250,37076824.00
2023/07/13,13.13,13.23,13.01,13.18,2358100,31457590.00
2023/07/14,13.19,13.21,13.00,13.10,2339500,31125518.00
2023/07/17,12.80,12.97,12.45,12.68,4703550,60553792.00
2023/07/18,12.80,12.95,12.50,12.83,3104708,40316968.00
2023/07/19,12.92,12.93,12.50,12.55,2333700,29961864.00
2023/07/20,12.57,12.58,12.33,12.37,2254550,28511294.00
2023/07/21,12.25,12.37,12.10,12.12,1937400,24075648.00
2023/07/24,12.15,12.52,12.11,12.30,2792350,34944868.00
2023/07/25,12.48,12.57,12.28,12.55,2604350,32908522.00
2023/07/26,12.50,12.56,12.21,12.24,2445350,30598182.00
2023/07/27,12.32,12.41,12.11,12.15,2726100,33953048.00
2023/07/28,12.20,12.27,12.03,12.22,2380200,29467332.00
2023/07/31,12.21,12.27,11.95,12.01,4210354,51651860.00
2023/08/01,12.01,12.07,11.85,11.94,2225900,26997288.00
2023/08/02,11.88,11.95,11.81,11.87,1829100,22081222.00
2023/08/03,12.06,12.06,11.82,11.85,2358300,28500200.00
2023/08/04,11.86,12.23,11.86,11.92,2907400,35268944.00
2023/08/07,11.92,11.92,11.78,11.81,2531450,30449952.00
2023/08/08,11.83,11.88,11.75,11.85,1650500,19836698.00
2023/08/09,11.85,12.05,11.75,11.89,3433700,41560776.00
2023/08/10,11.83,12.06,11.83,11.98,3042150,37047428.00
2023/08/11,11.98,12.08,11.83,11.85,2692672,32761992.00
2023/08/14,11.75,11.98,11.68,11.94,2073700,24959316.00
2023/08/15,11.89,11.98,11.74,11.77,2112850,25422796.00
2023/08/16,11.79,11.96,11.59,11.59,2017209,24075714.00
2023/08/17,11.55,12.22,11.50,12.20,6848712,83744136.00
2023/08/18,12.19,12.46,12.09,12.19,5348550,66907912.00
2023/08/21,12.31,12.50,11.90,11.92,3778900,46557496.00
2023/08/22,11.96,12.18,11.80,12.07,3324550,40546440.00
2023/08/23,12.03,12.03,11.66,11.67,2822000,33836632.00
2023/08/24,11.75,11.84,11.48,11.57,3050717,36113416.00
2023/08/25,11.57,11.63,11.19,11.26,2945515,34181236.00
2023/08/28,11.81,11.92,11.10,11.19,3316200,38703244.00
2023/08/29,11.18,11.88,11.11,11.83,4441350,52631156.00
2023/08/30,11.86,12.26,11.86,12.11,4599250,56582896.00
2023/08/31,12.07,12.19,11.93,11.95,2651534,32402470.00
2023/09/01,12.04,12.07,11.81,11.91,2530306,30612596.00
2023/09/04,11.90,12.09,11.85,11.94,2565150,31104972.00
2023/09/05,11.95,12.23,11.88,12.12,4427350,54578772.00
2023/09/06,12.12,12.57,12.04,12.55,5146100,64869812.00
2023/09/07,12.45,12.78,12.42,12.43,4708650,60048008.00
2023/09/08,12.38,13.24,12.38,13.02,11374784,149236016.00
2023/09/11,12.92,13.00,12.55,12.71,8962200,115269552.00
2023/09/12,12.78,12.78,12.49,12.51,5356350,68380448.00
2023/09/13,12.52,12.56,12.16,12.29,4181526,52355468.00
2023/09/14,12.29,12.44,12.18,12.27,2772476,34578732.00
2023/09/15,12.27,12.36,12.03,12.14,3147100,38777732.00
2023/09/18,12.01,12.20,11.98,12.06,2006350,24645484.00
2023/09/19,12.04,12.07,11.75,11.78,2854850,34426624.00
2023/09/20,11.79,11.84,11.54,11.56,2892069,34262036.00
2023/09/21,11.56,11.77,11.50,11.63,2425234,28746652.00
2023/09/22,11.64,11.76,11.50,11.73,2405400,28541782.00
2023/09/25,11.76,11.79,11.55,11.58,2225400,26352414.00
2023/09/26,11.55,11.68,11.46,11.50,1922750,22544758.00
2023/09/27,11.46,11.64,11.46,11.50,2045200,24025340.00
2023/09/28,11.53,11.93,11.51,11.91,3560639,42647128.00
2023/10/09,12.40,12.89,12.19,12.62,11421383,145546752.00
2023/10/10,12.72,13.45,12.66,13.05,13918584,185073264.00
2023/10/11,13.07,13.35,12.71,12.81,11093900,145894400.00
2023/10/12,12.74,12.89,12.28,12.34,7023000,88829312.00
2023/10/13,12.35,12.37,12.13,12.15,5114000,63504784.00
2023/10/16,12.29,13.05,12.25,12.72,11465324,147447520.00
2023/10/17,12.52,12.78,12.41,12.73,7868600,100791704.00
2023/10/18,12.73,12.75,12.35,12.40,4214200,53410576.00
2023/10/19,12.44,12.66,12.33,12.35,4607050,58407200.00
2023/10/20,12.35,12.46,12.10,12.15,4174150,51840144.00
2023/10/23,12.08,12.36,12.01,12.16,3688325,45630644.00
2023/10/24,12.22,12.64,12.16,12.37,8694000,109234920.00
2023/10/25,12.60,12.71,12.38,12.50,7273381,92633080.00
2023/10/26,12.55,12.87,12.24,12.76,9915300,127491336.00
2023/10/27,12.76,12.88,12.56,12.82,7402150,95873712.00
2023/10/30,13.20,13.20,12.56,12.90,8717273,113515536.00
2023/10/31,12.87,13.42,12.76,13.13,10400984,139032000.00
2023/11/01,13.01,13.28,12.94,13.06,7385931,98272496.00
2023/11/02,12.96,13.13,12.73,12.75,5688550,74432064.00
2023/11/03,12.80,13.07,12.76,12.99,4308500,56793564.00
2023/11/06,13.04,13.28,12.96,13.25,5001650,66802188.00
2023/11/07,13.14,13.68,13.14,13.55,9678702,132594872.00
2023/11/08,13.55,13.59,13.25,13.36,6069000,82185744.00
2023/11/09,13.34,13.44,13.13,13.23,4224950,56801864.00
2023/11/10,13.22,13.57,13.14,13.47,5973028,81438768.00
2023/11/13,13.45,13.87,13.25,13.80,8874200,122899096.00
2023/11/14,13.79,13.89,13.66,13.77,5897528,82357768.00
2023/11/15,13.84,13.91,13.60,13.66,3785600,52542588.00
2023/11/16,13.66,13.90,13.52,13.58,5139831,71359176.00
2023/11/17,13.52,13.72,13.51,13.64,3939392,54449116.00
2023/11/20,13.72,13.94,13.65,13.85,5384800,75529336.00
2023/11/21,13.90,13.90,13.57,13.61,4241554,58876720.00
2023/11/22,13.61,13.70,13.42,13.44,3089600,42470928.00
2023/11/23,13.41,13.78,13.41,13.75,4048331,56213804.00
2023/11/24,13.74,13.77,13.46,13.54,3272489,45060732.00
2023/11/27,13.52,13.75,13.45,13.66,3061650,42476880.00
2023/11/28,13.67,13.87,13.50,13.54,3833655,53028524.00
2023/11/29,13.55,13.74,13.45,13.53,3121900,43006468.00
2023/11/30,13.57,13.60,13.25,13.38,3130750,42486244.00
2023/12/01,13.43,13.54,13.27,13.45,2781000,37955152.00
2023/12/04,13.44,13.70,13.44,13.58,3897800,53781916.00
2023/12/05,13.58,13.59,13.37,13.37,3214000,43906884.00
2023/12/06,13.45,13.53,13.20,13.30,3063154,41606204.00
2023/12/07,13.27,13.41,13.23,13.28,2846500,38482076.00
2023/12/08,13.29,13.43,12.90,12.94,3728200,49506184.00
2023/12/11,12.84,13.18,12.81,13.13,3822900,50622284.00
2023/12/12,13.17,13.46,13.13,13.17,2629900,35311568.00
2023/12/13,13.23,13.32,12.99,13.01,3587100,47921292.00
2023/12/14,13.15,13.22,12.94,12.98,2646300,35060256.00
2023/12/15,13.01,13.05,12.80,12.87,3570636,46670888.00
2023/12/18,12.90,12.97,12.67,12.70,3417886,44436120.00
2023/12/19,12.77,12.93,12.60,12.77,4304400,55601760.00
2023/12/20,12.87,12.92,12.58,12.61,2916400,37810688.00
2023/12/21,12.63,12.73,12.39,12.67,2825400,36085920.00
2023/12/22,12.67,12.95,12.66,12.76,3245950,42270280.00
2023/12/25,12.76,13.04,12.68,12.80,3333400,43557592.00
2023/12/26,12.85,12.86,12.50,12.60,3114000,39832296.00
2023/12/27,12.56,12.68,12.43,12.63,2856400,36441196.00
2023/12/28,12.63,12.89,12.51,12.81,3241900,41947100.00
2023/12/29,12.78,13.16,12.78,13.13,3773750,49931848.00
2024/01/02,13.14,13.57,13.02,13.42,5100884,69614056.00
2024/01/03,13.45,13.54,13.21,13.40,3884300,52583324.00
2024/01/04,13.33,13.52,13.24,13.37,3662800,49632776.00
2024/01/05,13.36,13.49,13.03,13.11,3705452,49789288.00
2024/01/08,13.15,13.15,12.58,12.61,4982600,64709796.00
2024/01/09,12.66,12.88,12.62,12.70,4159850,53837220.00
2024/01/10,12.79,12.82,12.44,12.65,3629100,46677360.00
2024/01/11,12.73,12.93,12.54,12.87,2909288,37650924.00
2024/01/12,12.87,12.98,12.55,12.65,5584400,72096760.00
2024/01/15,12.64,12.81,12.33,12.81,6720434,86099856.00
2024/01/16,15.28,15.28,13.11,13.77,34490044,482755840.00
2024/01/17,13.68,13.76,12.95,12.99,25335917,340580224.00
2024/01/18,12.75,12.95,11.97,12.75,18866105,239446464.00
2024/01/19,12.64,12.73,12.08,12.19,12679081,158171680.00
2024/01/22,12.11,12.36,11.20,11.37,12991000,156601968.00
2024/01/23,11.25,11.60,11.10,11.48,8243851,95114880.00
2024/01/24,11.47,11.71,10.98,11.38,8155993,93809136.00
2024/01/25,11.35,11.95,11.25,11.91,7372589,87355448.00
2024/01/26,11.81,12.27,11.81,11.95,7509000,92210328.00
2024/01/29,11.97,12.08,11.39,11.42,4923005,58420084.00
2024/01/30,11.47,11.47,10.94,11.00,5297755,60376988.00
2024/01/31,11.03,11.09,10.21,10.29,7606090,82225192.00
2024/02/01,10.21,10.31,9.71,10.14,8104800,82975224.00
2024/02/02,9.88,10.19,8.95,9.12,10807200,105247272.00
2024/02/05,9.01,9.17,7.51,8.00,12347000,102341296.00
2024/02/06,7.74,8.20,7.17,8.01,13905325,109718816.00
2024/02/07,7.98,8.06,7.37,7.55,19257662,150484928.00
2024/02/08,7.75,8.65,7.46,8.60,20267189,165090640.00
2024/02/19,8.80,9.26,8.67,8.85,16963561,155082928.00
2024/02/20,8.85,9.01,8.69,8.95,6937279,63008680.00
2024/02/21,8.82,9.36,8.77,9.17,8191000,76590416.00
2024/02/22,9.16,9.50,9.10,9.50,7948100,75846472.00
2024/02/23,9.47,9.85,9.41,9.78,6900900,67973904.00
2024/02/26,9.77,10.53,9.73,10.16,10851390,112350528.00
2024/02/27,10.09,10.64,10.00,10.63,7104700,74776512.00
2024/02/28,10.63,10.68,9.50,9.53,10926650,112983344.00
2024/02/29,9.50,9.95,9.47,9.94,8356136,83359912.00
2024/03/01,10.30,10.70,10.22,10.42,12237777,129867888.00
2024/03/04,10.39,10.54,10.00,10.17,8986650,93331096.00
2024/03/05,10.12,11.02,9.98,10.57,18399129,200451104.00
2024/03/06,10.32,10.60,10.12,10.51,12421444,130786592.00
2024/03/07,10.46,10.62,10.19,10.19,9212939,97589592.00
2024/03/08,10.30,10.52,10.25,10.52,7246340,76705952.00
2024/03/11,10.48,10.95,10.42,10.93,13368600,146423696.00
2024/03/12,10.94,12.20,10.90,11.81,22653574,268374304.00
2024/03/13,11.62,11.97,11.26,11.60,19754435,231682496.00
2024/03/14,11.58,11.62,11.00,11.20,11669725,134079144.00
2024/03/15,11.20,12.04,11.16,11.66,17715380,210867488.00
2024/03/18,11.66,12.61,11.61,12.60,22154650,276846720.00
2024/03/19,12.21,12.55,12.13,12.15,16952055,211308304.00
2024/03/20,12.41,12.80,12.29,12.77,18678915,237637840.00
2024/03/21,12.55,14.52,12.51,13.72,32266289,441217216.00
2024/03/22,13.55,13.86,13.10,13.40,24731344,337935808.00
2024/03/25,13.20,13.70,12.47,12.56,21092550,278445600.00
2024/03/26,12.57,12.76,12.08,12.24,15884650,199339936.00
2024/03/27,12.21,12.33,11.56,11.88,13685060,165686816.00
2024/03/28,12.24,14.25,12.20,14.14,37860113,517030176.00
2024/03/29,13.70,14.10,13.61,13.84,25212783,353441696.00
2024/04/01,13.83,14.08,13.52,13.86,20071150,280758336.00
2024/04/02,13.70,14.98,13.63,14.02,32695952,474962112.00
2024/04/03,13.82,13.98,13.06,13.38,22116088,300446528.00
2024/04/08,13.23,13.40,12.80,12.82,13143700,172973696.00
2024/04/09,12.85,14.05,12.81,13.23,18452705,250960912.00
2024/04/10,13.16,13.76,12.64,13.74,23800468,320338688.00
2024/04/11,13.13,13.14,12.46,12.53,18905938,245056368.00
2024/04/12,12.45,12.76,12.25,12.34,11571555,146435712.00
2024/04/15,12.27,12.71,11.71,12.58,13437005,168972608.00
2024/04/16,11.96,12.30,11.40,11.71,14831405,179233568.00
2024/04/17,12.15,12.97,12.02,12.94,17855600,229524528.00
2024/04/18,13.83,15.57,13.82,15.57,41829797,636196160.00
2024/04/19,16.06,18.72,16.02,18.72,61382144,1090463872.00
2024/04/22,19.79,21.30,18.30,19.95,76052935,1525212288.00
2024/04/23,19.80,22.98,19.45,22.96,68067310,1463377152.00
2024/04/24,20.60,23.40,20.60,22.16,63766793,1435166208.00
2024/04/25,23.29,23.72,21.68,22.43,48570702,1102530048.00
2024/04/26,21.78,22.93,20.76,21.00,53931972,1178526208.00
2024/04/29,20.70,21.30,20.22,20.71,40944455,855187392.00
2024/04/30,20.10,20.41,17.85,18.62,40704460,770038272.00
2024/05/06,18.56,19.02,18.55,18.77,25459560,482222624.00
2024/05/07,19.17,22.56,19.17,22.56,36394494,789385536.00
2024/05/08,23.30,24.35,21.84,23.82,78836347,1863263616.00
2024/05/09,22.40,22.79,21.26,22.13,54472160,1207988096.00
2024/05/10,21.59,22.55,20.30,20.46,42904077,913627904.00
2024/05/13,19.96,21.12,19.57,20.82,30820299,631032256.00
2024/05/14,20.52,21.45,19.91,21.03,32250100,676273216.00
2024/05/15,20.78,24.08,20.63,22.09,57505951,1301928704.00
2024/05/16,21.50,22.95,21.32,21.60,45888843,1019807744.00
2024/05/17,22.93,25.88,21.99,25.34,72457259,1738189952.00
2024/05/20,23.80,25.05,23.78,24.83,58184869,1429715840.00
2024/05/21,23.75,23.90,22.80,23.10,40593662,951017344.00
2024/05/22,22.86,24.68,22.86,23.92,44172126,1064085632.00
2024/05/23,25.00,25.73,22.81,22.94,50869909,1251252352.00
2024/05/24,22.29,22.53,20.11,20.60,41137278,869742528.00
2024/05/27,20.70,20.96,19.58,20.70,27271499,558768128.00
2024/05/28,20.17,20.59,19.70,19.85,24245649,489963008.00
2024/05/29,19.74,20.25,19.46,19.70,19497299,388695360.00
2024/05/30,19.80,19.97,18.86,18.94,22270000,435810240.00
2024/05/31,18.89,19.63,18.57,19.37,23959300,463136736.00
2024/06/03,19.63,20.79,19.53,19.72,29659310,603146560.00
2024/06/04,19.58,20.29,18.83,19.27,23927700,473139392.00
2024/06/05,19.09,19.68,18.61,18.80,19771126,380770112.00
2024/06/06,19.16,19.27,17.70,17.90,23675100,433674592.00
2024/06/07,18.22,18.24,17.58,18.06,16693500,302416480.00
2024/06/11,17.70,18.00,17.39,17.92,16104800,288221024.00
2024/06/12,17.78,18.20,17.72,18.10,14942400,272244224.00
2024/06/13,18.05,18.18,17.67,17.85,14818954,267604928.00
2024/06/14,17.88,17.90,17.37,17.51,14117770,250126848.00
2024/06/17,17.52,18.33,17.46,17.85,21022850,382681376.00
2024/06/18,17.75,19.04,17.75,18.92,31596953,593379456.00
2024/06/19,18.60,20.41,18.53,19.22,37843677,739208768.00
2024/06/20,19.02,19.10,17.69,17.77,24608745,451930624.00
2024/06/21,17.58,18.07,17.20,17.34,15092050,267294032.00
2024/06/24,17.28,17.49,16.46,16.50,14866500,252598112.00
2024/06/25,16.65,17.15,16.47,16.65,13699550,230316576.00
2024/06/26,16.65,16.97,16.21,16.95,12468468,206543824.00
2024/06/27,16.79,16.86,16.30,16.33,9765605,161604496.00
2024/06/28,16.45,17.48,16.45,16.95,18687500,318944256.00
2024/07/01,16.72,17.10,16.49,16.96,11018900,184777984.00
2024/07/02,17.07,17.19,16.66,16.72,9273900,156321728.00
2024/07/03,16.62,16.87,16.24,16.32,8110450,133131152.00
2024/07/04,16.36,16.45,15.78,15.86,9730100,156160320.00
2024/07/05,15.85,16.00,15.49,15.93,6985100,110211016.00
2024/07/08,15.90,15.91,15.46,15.53,6481050,100977032.00
2024/07/09,15.70,16.03,15.18,16.00,12802099,200549568.00
2024/07/10,15.85,16.14,15.75,15.84,8978100,143051392.00
2024/07/11,16.10,16.35,15.89,16.24,10885700,175896592.00
2024/07/12,16.27,16.39,15.93,16.01,8906800,143847008.00
2024/07/15,15.88,16.20,15.73,15.81,6788100,107913712.00
2024/07/16,15.70,15.95,15.52,15.87,6293635,99003832.00
2024/07/17,15.79,15.87,15.12,15.12,8176200,125910848.00
2024/07/18,15.77,15.80,15.01,15.56,16072900,247485424.00
2024/07/19,15.40,15.68,15.20,15.40,11714400,180829840.00
2024/07/22,15.40,15.74,15.30,15.59,8996600,139858064.00
2024/07/23,15.53,15.67,15.14,15.18,6959300,107223584.00
2024/07/24,15.11,15.88,14.95,15.29,11617950,178688992.00
2024/07/25,14.89,15.79,14.81,15.53,13997655,215691744.00
2024/07/26,15.30,17.86,15.27,17.00,36885055,610207680.00
2024/07/29,17.50,18.87,16.98,18.12,42191227,745244032.00
2024/07/30,17.86,17.95,17.35,17.58,31935748,562032448.00
2024/07/31,17.40,18.46,16.70,17.74,40265300,701502080.00
2024/08/01,17.33,18.61,17.25,18.48,40115020,727078848.00
2024/08/02,18.23,20.00,18.14,19.15,48087928,927701504.00
2024/08/05,18.62,19.78,17.71,17.75,32228400,606567680.00
2024/08/06,18.08,18.38,16.99,18.00,23819403,426982592.00
2024/08/07,17.70,18.29,17.63,17.80,19971553,358153152.00
2024/08/08,17.50,17.66,16.45,16.51,24347700,408473728.00
2024/08/09,16.66,16.97,16.29,16.29,12649677,209526080.00
2024/08/12,16.42,16.47,15.63,15.92,10521700,166967088.00
2024/08/13,16.00,16.58,15.96,16.39,15576800,253681712.00
2024/08/14,16.39,16.47,15.99,15.99,11533300,186659168.00
2024/08/15,15.84,16.10,15.50,15.99,10587800,167434224.00
2024/08/16,15.97,16.11,15.55,15.63,9587220,151109184.00
2024/08/19,15.65,15.72,15.39,15.43,7935900,123027136.00
2024/08/20,15.42,15.49,14.87,14.96,8033720,121073344.00
2024/08/21,14.88,15.10,14.75,14.99,6128500,91786424.00
2024/08/22,14.99,15.23,14.72,14.86,10273900,154010896.00
2024/08/23,14.98,15.00,14.34,14.44,8017250,116594544.00
2024/08/26,14.43,15.03,14.38,14.91,10939701,161721568.00
2024/08/27,14.78,14.82,14.35,14.38,7192550,104439632.00
2024/08/28,14.35,14.44,14.13,14.18,6199600,88489680.00
2024/08/29,14.14,14.88,14.05,14.75,10408600,151725728.00
2024/08/30,14.58,15.28,14.51,14.95,13091600,196255808.00
2024/09/02,14.83,15.07,14.36,14.36,9284500,136181904.00
2024/09/03,14.38,15.05,14.38,14.63,9034178,133091112.00
2024/09/04,14.49,14.89,14.44,14.73,8413000,123850936.00
2024/09/05,14.73,15.03,14.61,14.89,8426300,125359200.00
2024/09/06,14.89,15.09,14.44,14.46,10616800,156818352.00
2024/09/09,14.36,14.67,14.25,14.47,6369100,92196168.00
2024/09/10,14.49,14.93,14.42,14.74,8913000,130629352.00
2024/09/11,14.57,14.72,14.43,14.51,6287956,91464336.00
2024/09/12,14.58,14.80,14.41,14.41,6116900,89489648.00
2024/09/13,14.49,14.68,14.13,14.15,5438800,77719424.00
2024/09/18,14.15,14.33,13.89,14.20,5485900,77334120.00
2024/09/19,14.21,14.61,14.21,14.47,6386000,92164640.00
2024/09/20,14.45,14.62,14.24,14.31,5043250,72448488.00
2024/09/23,14.31,14.49,14.14,14.28,5984151,85814000.00
2024/09/24,14.44,15.48,14.36,15.27,23855100,358945024.00
2024/09/25,15.17,15.62,15.10,15.26,21471578,329714880.00
2024/09/26,15.20,15.65,14.96,15.60,18316000,280941952.00
2024/09/27,15.90,16.62,15.64,16.46,21690188,349631488.00
2024/09/30,17.13,19.26,16.47,19.07,36959088,658697472.00
2024/10/08,22.00,22.88,19.28,22.88,40052129,855166912.00
2024/10/09,21.76,24.98,20.52,22.22,53541347,1242189696.00
2024/10/10,21.80,23.87,20.72,22.41,38432442,854205440.00
2024/10/11,21.58,22.06,19.17,19.55,28878599,583384384.00
2024/10/14,20.20,22.30,20.05,21.51,36020201,764789824.00
2024/10/15,21.00,23.36,20.45,22.31,47625600,1037189056.00
2024/10/16,21.40,22.20,21.22,21.56,28321901,613610816.00
2024/10/17,21.53,22.33,21.41,21.68,30576108,669699840.00
2024/10/18,21.38,23.89,21.00,23.09,46121626,1047813120.00
2024/10/21,23.29,27.19,23.29,26.57,56333987,1401650944.00
2024/10/22,25.68,26.36,24.11,24.20,44056651,1101012864.00
2024/10/23,23.40,26.21,23.39,24.00,38617900,957851840.00
2024/10/24,23.82,23.90,22.76,23.09,24674490,571331136.00
2024/10/25,23.09,24.10,22.92,23.26,27933560,658437376.00
2024/10/28,23.95,24.79,23.48,24.21,28379950,683958528.00
2024/10/29,22.76,23.64,21.81,21.98,36856301,828078272.00
2024/10/30,21.62,22.53,21.11,22.26,24768050,546581440.00
2024/10/31,22.31,22.70,22.00,22.21,24486690,547343744.00
2024/11/01,21.90,22.17,20.31,20.36,23513301,491175264.00
2024/11/04,20.36,21.09,20.36,20.99,12862100,268119824.00
2024/11/05,21.10,22.34,21.10,22.15,23937000,526904160.00
2024/11/06,23.30,23.58,22.35,22.62,36835450,847531584.00
2024/11/07,21.75,22.32,21.40,21.98,22573110,492964992.00
2024/11/08,22.06,22.82,22.06,22.50,21144706,474773184.00
2024/11/11,22.71,22.85,22.08,22.73,19169800,432789344.00
2024/11/12,22.98,23.00,21.82,22.03,16636350,371730624.00
2024/11/13,21.82,22.10,21.09,21.77,11952251,257581360.00
2024/11/14,21.77,21.87,20.64,20.69,10080541,212903504.00
2024/11/15,20.46,20.70,19.40,19.45,12346887,247605584.00
2024/11/18,19.45,19.84,18.31,18.78,10161309,190783264.00
2024/11/19,18.95,19.78,18.85,19.78,12003050,231806912.00
2024/11/20,19.79,20.11,19.54,20.08,9604815,191292320.00
2024/11/21,20.02,20.12,19.48,19.80,7470901,148067328.00
2024/11/22,19.60,20.28,19.05,19.42,14639300,288542848.00
数据来源:通达信
