300694 蠡湖股份 日线 前复权
      日期	    开盘	    最高	    最低	    收盘	    成交量	    成交额
2018/10/15,11.60,13.97,11.60,13.97,103339,1469535.38
2018/10/16,15.39,15.39,15.39,15.39,71886,1125734.75
2018/10/17,16.96,16.96,16.96,16.96,102972,1774207.50
2018/10/18,18.68,18.68,18.68,18.68,914666,17332920.00
2018/10/19,20.58,20.58,20.58,20.58,3211795,66965924.00
2018/10/22,22.67,22.67,22.17,22.67,6156814,141217392.00
2018/10/23,24.96,24.96,24.23,24.96,10718312,270219648.00
2018/10/24,23.70,26.19,22.93,24.73,35661818,867305344.00
2018/10/25,23.29,23.70,22.23,22.93,25025272,576234176.00
2018/10/26,23.47,23.70,21.54,22.13,23758732,545607232.00
2018/10/29,21.73,22.92,21.55,22.88,20848416,473375488.00
2018/10/30,22.73,25.20,22.13,25.20,24255089,582850816.00
2018/10/31,25.20,27.75,24.41,27.75,38589697,1030957120.00
2018/11/01,26.75,29.39,25.06,25.26,38349632,1042251008.00
2018/11/02,24.61,26.02,24.55,25.68,28469528,731207936.00
2018/11/05,25.98,27.99,25.08,27.09,34172263,915652928.00
2018/11/06,24.94,25.64,24.35,24.35,19563661,489845632.00
2018/11/07,23.61,24.29,22.60,23.42,19123236,454605952.00
2018/11/08,23.43,23.63,22.24,22.56,15517975,357353728.00
2018/11/09,22.23,22.79,21.82,21.94,11197256,252983472.00
2018/11/12,21.78,22.82,21.64,22.71,13015086,293530528.00
2018/11/13,22.21,23.15,21.98,22.89,15705764,357423840.00
2018/11/14,22.63,25.21,22.56,25.21,23695474,593565824.00
2018/11/15,24.53,25.91,24.09,24.85,26892160,674446208.00
2018/11/16,24.73,25.13,24.24,24.36,17321004,431046720.00
2018/11/19,23.73,25.59,23.73,24.78,19807682,495673984.00
2018/11/20,23.83,24.41,22.33,22.61,17816152,420295424.00
2018/11/21,21.96,23.08,21.83,22.96,10868956,247146480.00
2018/11/22,22.90,23.28,22.33,22.33,8703468,199977520.00
2018/11/23,22.31,23.19,20.74,21.13,11944994,267972640.00
2018/11/26,20.94,21.27,19.63,20.06,11470234,236151216.00
2018/11/27,20.26,20.36,19.69,20.33,7812700,159166704.00
2018/11/28,20.29,20.58,19.75,20.45,6648237,136285088.00
2018/11/29,20.77,20.81,18.54,18.78,9475180,190147200.00
2018/11/30,18.68,18.81,17.54,18.48,9857745,182449328.00
2018/12/03,18.89,20.36,18.64,20.36,9690723,191287072.00
2018/12/04,20.73,20.92,19.74,19.97,14145604,291943904.00
2018/12/05,19.15,19.32,18.53,18.97,9861573,189809264.00
2018/12/06,19.02,19.31,18.55,18.55,7463324,143236224.00
2018/12/07,18.56,18.92,18.36,18.43,4826939,91053592.00
2018/12/10,18.22,18.23,17.69,17.97,5400472,98240680.00
2018/12/11,18.17,18.79,17.94,18.59,6467103,120506248.00
2018/12/12,18.75,20.41,18.72,19.23,12003438,236954416.00
2018/12/13,19.16,19.42,18.60,18.86,8631140,165846272.00
2018/12/14,18.80,19.51,18.40,18.98,9915037,190586320.00
2018/12/17,18.73,19.72,18.56,19.69,11673378,229975872.00
2018/12/18,19.70,19.70,18.86,19.04,7879410,153242944.00
2018/12/19,19.20,19.47,18.23,18.23,7548994,144461568.00
2018/12/20,17.84,18.58,17.83,18.40,6206008,114797208.00
2018/12/21,18.23,18.70,18.12,18.63,5813855,109037368.00
2018/12/24,18.63,19.29,18.53,18.98,7759966,149127296.00
2018/12/25,18.73,18.73,17.80,18.62,7767208,143793520.00
2018/12/26,18.66,20.00,18.62,19.43,14082381,275521760.00
2018/12/27,19.58,20.22,19.22,19.46,15091990,302160896.00
2018/12/28,19.23,19.38,18.04,18.24,10407048,196539488.00
2019/01/02,18.23,19.83,17.81,18.96,9218206,174354000.00
2019/01/03,18.73,20.60,18.53,19.69,16564362,329309152.00
2019/01/04,18.92,20.33,18.78,20.10,16076624,321606464.00
2019/01/07,19.93,20.40,19.51,20.28,15388402,312715936.00
2019/01/08,20.15,20.51,19.82,19.91,11246676,229153952.00
2019/01/09,20.69,21.62,19.98,20.11,20584871,432949184.00
2019/01/10,19.56,19.82,19.28,19.51,12907841,255272768.00
2019/01/11,19.49,21.49,19.44,21.49,17715182,368373216.00
2019/01/14,23.67,23.67,21.93,23.67,32886600,776170560.00
2019/01/15,24.01,25.88,23.23,23.85,39869025,988559424.00
2019/01/16,22.25,23.58,21.89,22.94,26827446,613200960.00
2019/01/17,22.59,24.22,22.34,23.79,26294927,620189952.00
2019/01/18,23.23,23.51,21.74,22.39,20533224,470557120.00
2019/01/21,22.48,23.59,22.23,22.48,15645524,361070880.00
2019/01/22,22.94,24.23,22.79,23.41,22441967,530519488.00
2019/01/23,23.73,25.78,23.19,25.78,27664701,703588480.00
2019/01/24,25.73,26.68,23.73,24.56,34289165,876951552.00
2019/01/25,23.73,24.01,22.43,22.58,22299985,522463488.00
2019/01/28,22.68,23.18,21.73,23.07,15442431,353817888.00
2019/01/29,22.63,22.83,21.43,22.09,12579870,282588064.00
2019/01/30,22.22,22.54,19.85,19.89,16728742,359332352.00
2019/01/31,19.67,20.07,18.13,18.51,14034990,271450176.00
2019/02/01,18.94,19.13,18.52,18.92,8089580,154836704.00
2019/02/11,19.13,20.22,19.01,20.13,10389083,207796432.00
2019/02/12,20.19,20.71,19.83,20.33,11579274,237894096.00
2019/02/13,20.21,20.70,19.94,20.46,11238207,231898720.00
2019/02/14,20.41,21.43,20.13,20.93,12762185,269289632.00
2019/02/15,20.74,21.06,20.40,20.69,10038529,211027152.00
2019/02/18,20.69,21.68,20.69,21.24,12329964,264530016.00
2019/02/19,21.30,21.44,20.63,21.13,12485723,266955520.00
2019/02/20,21.13,22.21,20.98,21.72,17705049,388324064.00
2019/02/21,21.33,21.81,20.98,21.41,13450981,291763584.00
2019/02/22,21.23,21.46,20.93,21.37,11188840,240011440.00
2019/02/25,21.45,22.36,21.43,22.26,16371069,364241760.00
2019/02/26,22.27,23.45,21.91,22.71,21302615,488816736.00
2019/02/27,22.71,23.03,21.82,22.06,14090222,319124256.00
2019/02/28,21.63,22.01,21.31,21.78,8378458,184234976.00
2019/03/01,21.73,22.21,21.37,21.62,8057088,177272160.00
2019/03/04,21.63,22.39,21.53,21.97,11564901,256827472.00
2019/03/05,21.72,21.88,21.46,21.86,10961816,239938560.00
2019/03/06,21.91,23.36,21.83,23.24,22676198,523504064.00
2019/03/07,22.76,25.17,22.49,24.06,24852358,594566528.00
2019/03/08,23.31,23.74,21.68,21.68,17169817,397126560.00
2019/03/11,21.35,22.20,21.35,22.20,9872581,218161440.00
2019/03/12,22.19,22.68,21.88,22.53,11479052,260131904.00
2019/03/13,22.53,22.53,21.30,21.64,9082670,201918672.00
2019/03/14,21.63,21.82,20.23,20.74,7953782,170039776.00
2019/03/15,20.85,22.01,20.83,21.58,7796799,168099360.00
2019/03/18,23.73,23.77,22.60,22.78,19987152,470275488.00
2019/03/19,22.45,23.72,22.41,23.68,21115348,493052352.00
2019/03/20,23.24,23.29,22.24,22.58,13538513,311854208.00
2019/03/21,22.78,22.92,22.29,22.44,9672958,221049120.00
2019/03/22,22.29,23.09,22.08,22.79,10355470,237006864.00
2019/03/25,22.29,22.51,21.83,21.96,8253001,185135968.00
2019/03/26,22.16,22.46,21.23,21.30,7223278,160024176.00
2019/03/27,22.03,22.92,21.85,22.33,13375861,303096320.00
2019/03/28,21.94,22.71,21.74,22.59,11405981,258439280.00
2019/03/29,22.71,23.18,21.83,22.95,12409635,282965024.00
2019/04/01,23.28,24.06,22.73,23.71,17467539,416650336.00
2019/04/02,23.53,24.48,23.25,23.55,15736281,378376160.00
2019/04/03,23.23,24.02,23.14,23.55,10381441,247694944.00
2019/04/04,23.71,24.48,23.34,23.87,15211988,367947328.00
2019/04/08,24.18,24.31,22.88,23.20,11681800,277038080.00
2019/04/09,22.97,23.59,22.33,23.58,10187537,236062960.00
2019/04/10,23.21,23.53,22.77,22.80,7090450,166017968.00
2019/04/11,22.78,25.11,22.57,24.32,23321932,572694464.00
2019/04/12,24.45,25.69,23.87,24.54,24215744,608051072.00
2019/04/15,24.28,27.02,23.94,27.02,25872994,681270208.00
2019/04/16,26.72,28.11,25.84,27.28,28468777,774686400.00
2019/04/17,26.52,30.04,26.33,30.04,30320924,864810816.00
2019/04/18,29.11,29.73,27.34,27.34,23563532,675783424.00
2019/04/19,26.43,26.88,25.61,26.03,15318114,405607488.00
2019/04/22,26.18,26.51,25.07,25.07,11989700,311064064.00
2019/04/23,25.15,25.68,24.75,24.97,9069645,231227168.00
2019/04/24,25.18,25.93,24.96,25.53,9440637,242923904.00
2019/04/25,25.23,25.23,22.95,22.95,14123335,337789952.00
2019/04/26,22.50,23.02,22.25,22.29,6411614,146556192.00
2019/04/29,22.38,22.43,20.49,20.73,7657816,164507920.00
2019/04/30,20.73,21.30,20.61,21.15,4693717,99941192.00
2019/05/06,20.00,20.31,19.01,19.01,6450332,127315288.00
2019/05/07,19.13,19.65,18.96,19.41,5166445,101089040.00
2019/05/08,18.73,19.83,18.51,19.43,5514195,108006968.00
2019/05/09,18.98,20.04,18.94,19.59,5795770,115227560.00
2019/05/10,19.87,20.48,19.14,20.29,7950210,160986640.00
2019/05/13,20.20,20.20,19.33,19.71,4785333,95985904.00
2019/05/14,19.38,19.88,19.33,19.38,3694539,73175960.00
2019/05/15,19.68,20.13,19.51,19.95,5384383,108253208.00
2019/05/16,19.98,20.20,19.86,20.07,5262312,106910576.00
2019/05/17,20.16,20.16,18.23,18.54,7931630,153969520.00
2019/05/20,17.78,19.60,17.69,18.78,5517980,102490312.00
2019/05/21,18.72,19.17,18.60,18.90,3887367,74539728.00
2019/05/22,19.03,19.41,18.76,18.88,4921694,95139992.00
2019/05/23,18.64,19.11,18.09,18.24,4653548,87172736.00
2019/05/24,18.53,20.09,18.43,20.09,13684988,273454272.00
2019/05/27,20.09,21.20,19.73,20.72,17300768,358714496.00
2019/05/28,20.28,21.28,20.11,20.66,13795029,288269600.00
2019/05/29,20.76,21.50,20.49,20.59,13205028,280955520.00
2019/05/30,20.23,21.13,19.56,21.08,10841737,221823616.00
2019/05/31,20.80,22.22,20.55,21.33,15159125,329458784.00
2019/06/03,21.23,21.23,19.84,19.97,9407697,194725536.00
2019/06/04,20.01,21.69,19.90,20.71,10489508,220221536.00
2019/06/05,20.52,21.13,20.13,20.40,8503175,177655200.00
2019/06/06,20.06,20.37,18.73,18.73,7455110,146717088.00
2019/06/10,19.22,19.81,18.74,19.53,6083028,119934112.00
2019/06/11,20.04,20.70,19.82,20.54,7151780,147069568.00
2019/06/12,20.65,21.15,20.20,20.25,6522197,136035696.00
2019/06/13,20.58,21.70,20.27,21.19,12393811,264733232.00
2019/06/14,21.27,21.91,20.26,20.97,14850600,317911392.00
2019/06/17,20.84,20.85,20.23,20.40,5383910,111800944.00
2019/06/18,20.29,20.92,20.29,20.35,4347999,90647056.00
2019/06/19,20.81,21.33,20.54,20.63,6032300,127456392.00
2019/06/20,20.28,20.93,20.25,20.64,5539756,115420456.00
2019/06/21,20.73,21.15,20.61,20.83,5924414,124751384.00
2019/06/24,20.99,21.00,20.41,20.55,4499275,93958784.00
2019/06/25,20.55,20.55,19.59,19.83,5781416,116334488.00
2019/06/26,19.64,20.00,19.34,19.74,2918578,58162272.00
2019/06/27,19.84,20.07,19.52,19.54,4100140,82040416.00
2019/06/28,19.54,19.64,18.80,18.99,4086240,78975272.00
2019/07/01,19.51,19.73,19.29,19.66,4015986,79364080.00
2019/07/02,19.68,20.99,19.57,20.25,7738560,158608448.00
2019/07/03,19.94,20.06,19.54,19.61,4156086,83041624.00
2019/07/04,19.69,19.85,19.16,19.30,3386516,66459604.00
2019/07/05,19.21,19.56,19.17,19.49,2015716,39556208.00
2019/07/08,19.45,19.45,18.45,18.54,3367325,63961240.00
2019/07/09,18.55,18.79,18.55,18.74,1522500,28771620.00
2019/07/10,18.79,19.00,18.29,18.44,1849800,34881848.00
2019/07/11,18.40,18.72,18.16,18.43,1805500,33729744.00
2019/07/12,18.38,18.55,18.29,18.50,1570825,29289944.00
2019/07/15,18.53,18.77,17.94,18.70,2311325,43056032.00
2019/07/16,18.69,18.69,18.47,18.60,1703446,32001114.00
2019/07/17,18.53,19.53,18.42,18.89,3476916,66434844.00
2019/07/18,18.69,18.70,18.20,18.20,2572016,47913844.00
2019/07/19,18.56,19.16,18.49,18.51,4416197,84079520.00
2019/07/22,18.11,18.56,16.79,17.17,4282328,75676024.00
2019/07/23,17.24,17.32,16.99,17.26,2108421,36647040.00
2019/07/24,17.26,17.62,17.25,17.39,2206293,39013672.00
2019/07/25,17.41,17.51,17.35,17.38,1725851,30397668.00
2019/07/26,17.37,17.48,17.19,17.27,1527800,26765540.00
2019/07/29,17.33,17.54,17.24,17.38,1492600,26257236.00
2019/07/30,17.44,17.72,17.28,17.55,2494700,44283444.00
2019/07/31,17.47,17.47,17.16,17.19,2098900,36647320.00
2019/08/01,17.17,17.35,16.98,17.27,1575500,27461332.00
2019/08/02,16.79,16.95,16.55,16.76,3043500,51577280.00
2019/08/05,16.67,16.97,16.55,16.73,2041300,34822572.00
2019/08/06,16.31,16.48,15.58,16.11,3264800,53014936.00
2019/08/07,16.69,17.16,16.54,16.56,4980500,84795704.00
2019/08/08,16.64,16.64,16.29,16.32,2607945,43335584.00
2019/08/09,16.44,16.57,15.81,15.87,2079939,34043396.00
2019/08/12,15.97,16.37,15.91,16.37,1782897,29136120.00
2019/08/13,16.18,16.55,16.11,16.49,2236505,37100920.00
2019/08/14,16.78,16.78,16.44,16.50,2427500,40765964.00
2019/08/15,16.07,16.48,15.87,16.41,2235005,36580384.00
2019/08/16,16.32,16.71,16.32,16.51,2250300,37652356.00
2019/08/19,16.61,16.97,16.37,16.93,4359140,73947856.00
2019/08/20,16.93,16.94,16.69,16.74,3333232,56729040.00
2019/08/21,16.55,16.76,16.47,16.51,2195846,36897316.00
2019/08/22,16.63,16.94,16.48,16.83,3417800,57794280.00
2019/08/23,16.76,16.88,16.47,16.52,2239346,37784272.00
2019/08/26,15.95,16.89,15.95,16.53,3355600,56408644.00
2019/08/27,16.65,17.17,16.65,16.94,5210200,89261328.00
2019/08/28,17.17,17.96,16.92,17.62,9573313,169213472.00
2019/08/29,17.30,17.42,17.03,17.05,5081811,88298024.00
2019/08/30,17.19,17.28,16.50,16.50,3562700,60586380.00
2019/09/02,16.50,16.77,16.49,16.69,2442000,41231380.00
2019/09/03,16.78,16.85,16.61,16.73,2354546,39782708.00
2019/09/04,16.65,16.73,16.57,16.73,2326441,39211192.00
2019/09/05,16.79,17.18,16.75,16.92,4554192,78321520.00
2019/09/06,17.05,17.52,16.90,17.45,6633579,115674104.00
2019/09/09,17.64,17.76,17.21,17.76,5852100,103691000.00
2019/09/10,17.60,17.72,17.40,17.59,3960346,70348936.00
2019/09/11,17.64,18.29,17.51,17.82,6553300,118916856.00
2019/09/12,17.82,17.93,17.40,17.59,3881100,69201936.00
2019/09/16,17.61,17.94,17.54,17.65,3046000,54623888.00
2019/09/17,17.53,18.17,17.53,17.72,5474552,98693456.00
2019/09/18,17.67,18.19,17.29,18.06,5657532,101282320.00
2019/09/19,17.89,19.25,17.79,18.73,11561809,217491744.00
2019/09/20,18.58,19.29,18.29,18.93,10682687,203284976.00
2019/09/23,18.86,20.28,18.60,19.50,12863956,253525920.00
2019/09/24,19.16,19.26,18.50,18.59,10025400,190812144.00
2019/09/25,18.32,18.35,17.42,17.48,6831617,123189976.00
2019/09/26,17.44,17.75,16.61,16.68,4758700,82270712.00
2019/09/27,16.68,16.97,16.61,16.63,3228892,54765812.00
2019/09/30,16.57,16.59,16.08,16.13,2808708,46189692.00
2019/10/08,16.09,16.25,16.04,16.06,1602938,26273302.00
2019/10/09,15.71,16.29,15.71,16.27,1871655,30583774.00
2019/10/10,16.27,16.37,16.09,16.25,2105293,34580664.00
2019/10/11,16.25,16.99,15.79,16.83,4620472,76234312.00
2019/10/14,16.65,16.83,16.51,16.61,3769808,63609676.00
2019/10/15,16.31,16.59,15.79,15.96,4653928,75666320.00
2019/10/16,15.84,15.99,15.37,15.39,5095597,80656200.00
2019/10/17,15.27,15.64,15.27,15.46,2404509,37625632.00
2019/10/18,14.99,15.17,14.31,14.47,5477885,81126624.00
2019/10/21,14.42,14.43,13.80,14.00,4512900,64243792.00
2019/10/22,14.04,14.08,13.75,14.01,4529692,64006832.00
2019/10/23,13.89,13.99,13.65,13.75,3917077,55009692.00
2019/10/24,13.74,14.08,13.74,13.86,4006277,56602452.00
2019/10/25,13.92,13.97,13.69,13.94,2735746,38513748.00
2019/10/28,14.04,14.13,13.77,14.12,3924235,55739472.00
2019/10/29,14.04,14.05,13.74,13.77,3625000,51003424.00
2019/10/30,13.76,13.82,13.32,13.38,3050890,41905288.00
2019/10/31,13.38,13.72,13.38,13.45,3417200,47047944.00
2019/11/01,13.46,13.64,13.34,13.63,1868600,25730020.00
2019/11/04,13.69,14.37,13.59,14.11,6704401,95361072.00
2019/11/05,14.21,14.24,13.80,13.97,3820600,54245892.00
2019/11/06,13.98,14.13,13.89,14.02,3284900,46740232.00
2019/11/07,14.09,14.25,13.89,14.01,2821000,40181832.00
2019/11/08,14.08,14.12,13.69,13.69,3432346,48305016.00
2019/11/11,13.63,13.63,13.10,13.23,2811300,38237356.00
2019/11/12,13.31,13.67,13.24,13.60,3493146,48089432.00
2019/11/13,13.65,13.68,13.39,13.59,2073400,28497328.00
2019/11/14,13.59,13.59,13.34,13.42,1876400,25650126.00
2019/11/15,13.38,13.47,13.15,13.16,2542600,34219772.00
2019/11/18,13.16,13.27,13.04,13.24,1557846,20862538.00
2019/11/19,13.19,13.44,13.19,13.42,2180100,29589072.00
2019/11/20,13.47,13.47,13.18,13.20,1909700,25847016.00
2019/11/21,12.98,13.01,12.77,12.91,2773092,36332220.00
2019/11/22,12.80,13.04,12.59,12.66,2918200,38032732.00
2019/11/25,12.68,12.80,12.54,12.60,1835114,23597168.00
2019/11/26,12.64,12.64,12.38,12.43,1979400,25158276.00
2019/11/27,12.38,12.47,12.14,12.18,2611498,32515058.00
2019/11/28,12.27,12.38,12.15,12.21,2889546,36134960.00
2019/11/29,12.25,13.45,12.22,13.45,6523826,85677416.00
2019/12/02,13.95,14.75,13.88,13.93,18378338,265499936.00
2019/12/03,13.54,14.73,13.45,14.42,15084516,215527968.00
2019/12/04,13.95,14.42,13.86,13.96,9263473,132165072.00
2019/12/05,14.09,14.11,13.73,13.98,7872273,111206016.00
2019/12/06,13.96,13.96,13.62,13.79,6230571,86956976.00
2019/12/09,13.83,14.21,13.66,14.21,8280896,117140592.00
2019/12/10,14.09,14.20,13.87,14.07,6708025,95525032.00
2019/12/11,13.96,15.27,13.96,14.52,12650175,187096672.00
2019/12/12,14.29,14.50,14.01,14.22,7793200,112439088.00
2019/12/13,14.23,14.33,14.05,14.15,4832600,69327120.00
2019/12/16,14.13,14.28,14.03,14.25,5577615,80170984.00
2019/12/17,14.23,14.56,14.16,14.33,7243400,105698160.00
2019/12/18,14.31,14.66,14.17,14.65,8030600,117633920.00
2019/12/19,14.60,15.62,14.55,15.06,12579246,192527504.00
2019/12/20,14.91,15.20,14.69,14.75,7597092,114526680.00
2019/12/23,14.82,15.56,14.76,15.00,9668976,148176096.00
2019/12/24,14.94,15.71,14.93,15.24,11376240,177339696.00
2019/12/25,15.09,15.43,14.63,14.81,10031896,151321840.00
2019/12/26,14.63,15.15,14.45,15.14,8065057,121046688.00
2019/12/27,15.05,15.11,14.64,14.66,6147700,92676376.00
2019/12/30,14.53,14.53,13.17,14.10,5824600,82677856.00
2019/12/31,14.08,14.37,13.79,13.88,4104698,58401560.00
2020/01/02,13.89,14.12,13.89,14.07,4075000,58076840.00
2020/01/03,14.06,14.48,14.06,14.36,5656600,82283272.00
2020/01/06,14.33,14.99,14.12,14.79,7499798,111403848.00
2020/01/07,14.70,15.09,14.64,14.86,5970446,89902880.00
2020/01/08,14.86,15.07,14.60,14.60,6108711,91667544.00
2020/01/09,14.76,14.95,14.67,14.93,5174600,77608736.00
2020/01/10,14.94,14.97,14.56,14.70,3622200,54090216.00
2020/01/13,14.67,14.93,14.64,14.85,3175800,47655524.00
2020/01/14,14.87,15.24,14.77,15.09,7690938,116902040.00
2020/01/15,14.94,15.05,14.58,14.65,5534900,82725832.00
2020/01/16,14.63,14.96,14.42,14.75,5905600,88091776.00
2020/01/17,14.84,14.85,14.25,14.26,4337646,64020924.00
2020/01/20,14.15,14.43,14.04,14.30,3270646,47313288.00
2020/01/21,14.31,14.42,14.03,14.05,2752959,39705356.00
2020/01/22,14.02,14.18,13.56,14.07,2531100,35765736.00
2020/01/23,14.05,14.05,13.19,13.37,4002600,55375848.00
2020/02/03,12.01,12.14,12.01,12.01,3660700,44756056.00
2020/02/04,11.53,12.13,11.53,12.03,3627944,44210384.00
2020/02/05,12.07,13.24,12.01,12.94,6375928,82440808.00
2020/02/06,12.82,13.48,12.62,13.24,5359046,70750832.00
2020/02/07,13.07,13.17,12.81,12.96,3774800,49694316.00
2020/02/10,12.97,13.34,12.83,13.22,4213200,56229800.00
2020/02/11,13.12,13.73,13.08,13.24,5482282,74812312.00
2020/02/12,12.92,13.51,12.91,13.43,4652890,63011332.00
2020/02/13,13.43,13.54,13.19,13.21,3686700,49926316.00
2020/02/14,13.19,13.31,12.95,13.06,2787346,37159692.00
2020/02/17,13.04,13.54,13.04,13.51,4282275,58228664.00
2020/02/18,13.65,14.08,13.46,14.00,8313859,116320816.00
2020/02/19,13.95,14.07,13.79,13.80,5459285,77049496.00
2020/02/20,13.80,14.37,13.79,14.19,7399700,106289520.00
2020/02/21,14.09,14.39,13.99,14.39,7315592,105349784.00
2020/02/24,14.27,14.37,13.99,14.26,6849652,98437528.00
2020/02/25,13.89,13.89,13.28,13.72,12209034,167912752.00
2020/02/26,13.40,13.99,13.35,13.38,6514886,90202432.00
2020/02/27,13.44,13.57,13.11,13.26,4096371,55474432.00
2020/02/28,12.77,12.99,12.11,12.13,6121302,77983184.00
2020/03/02,12.21,12.69,12.21,12.56,3075700,39182428.00
2020/03/03,12.84,13.06,12.59,12.76,4202925,54891784.00
2020/03/04,12.59,12.96,12.57,12.92,2871200,37379704.00
2020/03/05,13.00,13.23,12.98,13.18,3880100,51675700.00
2020/03/06,13.04,13.29,12.97,13.13,3363646,44873412.00
2020/03/09,12.94,13.10,12.59,12.59,3930700,51154912.00
2020/03/10,12.18,12.84,12.18,12.84,3531000,45111696.00
2020/03/11,12.84,13.06,12.73,12.77,3446215,45210752.00
2020/03/12,12.64,12.69,12.24,12.38,3540046,44695072.00
2020/03/13,11.84,12.09,11.59,11.94,4908130,58892976.00
2020/03/16,11.94,12.09,11.39,11.39,4413100,52826088.00
2020/03/17,11.59,11.59,10.95,11.21,3284595,37537780.00
2020/03/18,11.27,11.52,11.00,11.08,3431977,39435952.00
2020/03/19,11.01,11.21,10.79,11.13,3106600,34914808.00
2020/03/20,11.17,11.36,11.15,11.34,2589200,29746348.00
2020/03/23,11.18,11.18,10.84,10.84,2976900,33304918.00
2020/03/24,11.01,11.10,10.79,11.10,2436900,27260696.00
2020/03/25,11.34,11.45,11.21,11.41,3677686,42503636.00
2020/03/26,11.37,11.95,11.29,11.61,5962927,70709384.00
2020/03/27,11.72,11.78,11.38,11.43,2931048,34361128.00
2020/03/30,11.11,11.29,10.93,11.17,2325500,26267632.00
2020/03/31,11.28,11.69,11.22,11.36,2696200,31258774.00
2020/04/01,11.44,11.89,11.44,11.56,3998900,47551012.00
2020/04/02,11.33,11.67,11.33,11.64,2837500,33360880.00
2020/04/03,11.70,11.96,11.53,11.62,3199415,38240376.00
2020/04/07,11.76,11.87,11.66,11.84,3682000,44135840.00
2020/04/08,11.79,11.92,11.72,11.77,2834300,34018068.00
2020/04/09,11.77,11.89,11.67,11.69,2525506,30258756.00
2020/04/10,11.67,11.73,11.23,11.27,2882546,33506530.00
2020/04/13,11.34,11.68,11.07,11.63,2891860,33629796.00
2020/04/14,11.64,12.19,11.54,11.93,5013900,60890848.00
2020/04/15,11.85,12.27,11.77,12.03,4941600,60356640.00
2020/04/16,11.96,12.06,11.82,11.99,3199000,38801168.00
2020/04/17,12.03,12.17,11.89,11.93,3603448,43979872.00
2020/04/20,11.90,12.00,11.82,11.99,2662863,32275346.00
2020/04/21,11.95,11.98,11.68,11.95,2683500,32175652.00
2020/04/22,11.75,11.95,11.67,11.89,2669200,32056466.00
2020/04/23,11.90,12.17,11.86,12.00,3824300,46740316.00
2020/04/24,12.24,12.67,12.00,12.05,6644000,83398656.00
2020/04/27,11.97,12.24,11.82,11.85,3730438,45472508.00
2020/04/28,11.84,12.02,11.15,11.46,3740090,43917312.00
2020/04/29,11.47,11.64,11.35,11.44,2016000,23624866.00
2020/04/30,11.50,11.93,11.50,11.89,3389046,40573328.00
2020/05/06,11.84,12.36,11.79,12.28,4484800,55376344.00
2020/05/07,12.39,12.39,12.09,12.13,2934100,36493340.00
2020/05/08,12.15,12.29,11.97,12.00,4397600,54104364.00
2020/05/11,12.07,12.55,12.05,12.47,7151592,89682512.00
2020/05/12,12.41,12.46,12.10,12.28,4389200,54659988.00
2020/05/13,12.29,12.32,12.03,12.26,2796700,34771540.00
2020/05/14,12.27,12.29,12.02,12.08,2655900,32777118.00
2020/05/15,12.14,12.16,12.00,12.03,2202400,27067120.00
2020/05/18,11.94,11.94,11.29,11.31,5895070,69477152.00
2020/05/19,11.42,11.50,11.29,11.48,3023167,35087860.00
2020/05/20,11.42,11.61,11.33,11.43,2431900,28431236.00
2020/05/21,11.48,11.54,11.19,11.24,2763866,31840956.00
2020/05/22,11.20,11.27,10.94,11.03,2850800,32152790.00
2020/05/25,11.04,11.16,11.02,11.16,1893866,21399330.00
2020/05/26,11.17,11.41,11.12,11.36,2001241,23085022.00
2020/05/27,11.39,11.47,11.27,11.37,2111241,24425720.00
2020/05/28,11.40,11.47,11.08,11.27,2059620,23622288.00
2020/05/29,11.32,11.42,11.22,11.35,1944891,22446048.00
2020/06/01,11.40,11.60,11.36,11.57,2929855,34367092.00
2020/06/02,11.56,11.65,11.54,11.61,2918400,34468848.00
2020/06/03,11.63,11.72,11.58,11.65,3137300,37160452.00
2020/06/04,11.69,11.90,11.60,11.71,3472068,41459172.00
2020/06/05,11.66,12.03,11.61,11.73,4148000,49827972.00
2020/06/08,11.83,12.37,11.82,11.93,6669466,81464992.00
2020/06/09,11.83,12.14,11.71,12.07,5711012,69067280.00
2020/06/10,11.90,11.99,11.74,11.77,3436500,41378844.00
2020/06/11,11.83,11.99,11.73,11.75,3484400,41999204.00
2020/06/12,11.49,11.69,11.45,11.59,2628185,30941326.00
2020/06/15,11.58,11.70,11.47,11.50,2694100,31779460.00
2020/06/16,11.56,11.73,11.54,11.73,2457893,29106932.00
2020/06/17,11.73,11.87,11.61,11.87,2954732,35261400.00
2020/06/18,11.85,11.89,11.73,11.80,1925532,23091442.00
2020/06/19,11.78,12.08,11.78,11.97,4364573,53074444.00
2020/06/22,11.98,12.19,11.89,12.03,3741544,45792172.00
2020/06/23,12.03,12.09,11.74,11.85,3082400,37198664.00
2020/06/24,11.86,12.02,11.74,11.94,3577446,43006132.00
2020/06/29,11.86,12.03,11.72,11.85,2860200,34331640.00
2020/06/30,11.83,12.02,11.83,12.02,3972730,47985292.00
2020/07/01,12.03,12.12,11.92,12.00,3162612,38329268.00
2020/07/02,12.02,12.30,11.90,12.27,6083629,74701496.00
2020/07/03,12.32,12.32,12.21,12.27,5190846,64353432.00
2020/07/06,12.30,12.72,12.28,12.69,7245746,92031896.00
2020/07/07,12.73,12.99,12.59,12.75,8899700,115333424.00
2020/07/08,12.72,13.27,12.72,13.24,9406839,123794280.00
2020/07/09,13.18,13.67,13.09,13.50,10880309,146483776.00
2020/07/10,13.38,13.47,13.10,13.15,8169112,109358472.00
2020/07/13,13.20,13.58,13.11,13.49,7742277,104604224.00
2020/07/14,13.47,13.56,12.93,13.25,7633585,101983080.00
2020/07/15,13.23,13.34,12.78,12.81,5934393,77833928.00
2020/07/16,12.83,13.01,12.38,12.39,5274225,67774272.00
2020/07/17,12.40,12.60,12.28,12.54,3169397,39882012.00
2020/07/20,12.62,12.98,12.57,12.93,4248715,54894864.00
2020/07/21,12.97,12.97,12.73,12.87,3322336,43059364.00
2020/07/22,12.87,13.14,12.73,12.97,6023500,78994984.00
2020/07/23,12.84,13.00,12.52,13.00,5081015,65572724.00
2020/07/24,12.99,13.12,12.37,12.37,5462385,70338944.00
2020/07/27,12.46,12.51,12.21,12.41,2516008,31353036.00
2020/07/28,12.42,12.62,12.42,12.53,2411200,30520060.00
2020/07/29,12.41,12.82,12.39,12.80,3322200,42498332.00
2020/07/30,12.86,12.92,12.73,12.79,2955500,38262728.00
2020/07/31,12.81,12.98,12.67,12.96,3973376,51539072.00
2020/08/03,13.07,13.23,12.96,13.16,4969079,65960816.00
2020/08/04,13.12,13.26,12.98,13.03,4604100,60852432.00
2020/08/05,13.07,13.25,12.93,13.15,4113212,54391824.00
2020/08/06,13.09,13.18,12.82,13.01,3910600,51229028.00
2020/08/07,12.97,13.04,12.50,12.72,4020900,51802728.00
2020/08/10,12.75,13.19,12.75,13.08,5508100,72604048.00
2020/08/11,13.10,13.16,12.77,12.77,4222046,55489316.00
2020/08/12,12.74,12.96,12.55,12.96,3845124,49341872.00
2020/08/13,12.97,14.14,12.96,13.43,12460517,169696208.00
2020/08/14,13.48,14.03,13.23,13.86,13585206,186997616.00
2020/08/17,13.86,14.52,13.69,14.37,15987335,226386064.00
2020/08/18,14.22,14.65,14.08,14.09,13383305,193429760.00
2020/08/19,14.02,14.06,13.59,13.64,10250927,142700944.00
2020/08/20,13.53,13.71,13.42,13.59,5856201,80123992.00
2020/08/21,13.64,13.84,13.27,13.35,6448800,88271384.00
2020/08/24,13.41,14.02,13.29,13.83,7127049,98496984.00
2020/08/25,13.77,14.35,13.59,14.29,12027248,170878640.00
2020/08/26,14.23,14.32,13.76,13.93,8300500,117334768.00
2020/08/27,13.07,13.42,12.47,13.28,14505078,190553968.00
2020/08/28,12.97,13.83,12.97,13.31,8702825,117466944.00
2020/08/31,13.37,13.67,13.05,13.05,6815400,91790560.00
2020/09/01,12.98,14.23,12.90,14.23,16070468,222719440.00
2020/09/02,14.03,14.62,14.01,14.32,19010625,275222976.00
2020/09/03,14.34,14.82,14.14,14.81,19366542,284243040.00
2020/09/04,14.56,15.20,14.30,14.69,15532304,229172016.00
2020/09/07,14.70,15.85,14.43,15.12,22703263,343566496.00
2020/09/08,14.97,15.14,14.54,15.09,15141360,227074176.00
2020/09/09,14.90,16.30,14.28,14.40,22361421,346323392.00
2020/09/10,14.14,14.35,12.66,12.76,16801140,229370720.00
2020/09/11,12.49,14.00,12.47,13.62,13261336,179106688.00
2020/09/14,13.70,14.33,13.49,14.10,11724794,165164528.00
2020/09/15,14.11,14.46,13.69,13.76,8236794,116121368.00
2020/09/16,13.67,13.85,13.40,13.55,6964800,95480296.00
2020/09/17,13.77,16.29,13.77,14.75,37142771,581958080.00
2020/09/18,14.79,17.37,14.79,16.08,39283784,631719808.00
2020/09/21,15.57,15.90,14.97,15.57,26605799,414996512.00
2020/09/22,15.35,16.41,14.97,16.30,29506616,469953664.00
2020/09/23,16.14,16.83,15.76,16.05,25726149,418331936.00
2020/09/24,15.40,15.78,15.06,15.27,17045696,264638720.00
2020/09/25,15.24,15.34,14.51,14.91,13597213,204102864.00
2020/09/28,15.13,15.64,14.72,15.26,14449970,222214800.00
2020/09/29,15.21,16.09,14.74,15.67,21740320,338175360.00
2020/09/30,15.51,15.76,14.90,14.99,14213625,219981296.00
2020/10/09,15.26,16.32,15.26,16.06,24069392,384954464.00
2020/10/12,16.38,17.35,15.98,17.14,34202037,573419648.00
2020/10/13,16.67,18.53,16.37,17.75,38582710,685702528.00
2020/10/14,17.48,18.66,16.93,18.08,35299745,633929472.00
2020/10/15,18.30,19.15,16.77,16.82,35966212,651575552.00
2020/10/16,16.50,17.34,16.38,17.05,20877515,354966720.00
2020/10/19,16.82,17.15,16.12,16.34,18942275,317587936.00
2020/10/20,16.22,17.03,16.10,17.00,16106197,270608128.00
2020/10/21,16.88,17.17,16.36,16.81,14038140,236147920.00
2020/10/22,16.65,17.37,16.31,17.29,18176140,311407808.00
2020/10/23,17.16,17.54,16.52,16.69,14584475,249630240.00
2020/10/26,16.67,16.76,15.67,16.47,13101435,215107552.00
2020/10/27,16.15,16.53,15.92,16.26,9591300,156962416.00
2020/10/28,16.20,16.43,15.55,16.30,11979100,192805536.00
2020/10/29,15.75,15.85,14.89,14.94,14885658,231124592.00
2020/10/30,15.01,15.18,13.97,14.02,13202900,194090912.00
2020/11/02,14.02,14.37,13.85,14.29,7261400,103943184.00
2020/11/03,14.39,14.77,14.15,14.44,8967370,130961136.00
2020/11/04,14.37,14.96,14.25,14.90,10859558,160382080.00
2020/11/05,14.93,15.15,14.68,14.97,10003770,150672512.00
2020/11/06,14.95,15.00,14.19,14.39,9112600,133386120.00
2020/11/09,14.52,14.83,14.39,14.68,7194100,106357320.00
2020/11/10,14.66,14.72,14.07,14.22,6335457,91282016.00
2020/11/11,14.29,14.35,13.64,13.66,6093100,85375744.00
2020/11/12,13.65,13.94,13.46,13.75,5418200,74989760.00
2020/11/13,13.63,14.27,13.60,13.83,5846200,81825008.00
2020/11/16,13.77,13.97,13.47,13.72,4782546,66296304.00
2020/11/17,13.67,14.07,13.47,14.01,6248657,87124320.00
2020/11/18,13.59,14.03,13.59,13.74,5931000,82188344.00
2020/11/19,13.72,13.97,13.15,13.31,7171700,96839248.00
2020/11/20,13.30,13.95,13.23,13.88,9485700,131147136.00
2020/11/23,13.93,14.23,13.79,14.09,8912300,126204784.00
2020/11/24,14.11,14.57,14.02,14.14,9813900,141446128.00
2020/11/25,14.24,14.73,13.97,14.25,10113270,146674224.00
2020/11/26,14.08,14.43,13.65,13.84,7988140,112703496.00
2020/11/27,13.57,13.71,12.62,12.96,12184500,161000928.00
2020/11/30,12.85,13.29,12.75,12.79,6327740,83389160.00
2020/12/01,12.74,13.08,12.63,12.95,5742100,74732832.00
2020/12/02,12.96,13.06,12.68,12.71,5291800,68398376.00
2020/12/03,12.62,12.78,12.44,12.58,4465740,56888784.00
2020/12/04,12.57,12.66,12.47,12.54,3816800,48449752.00
2020/12/07,12.57,12.60,12.21,12.24,5052046,63372136.00
2020/12/08,12.32,12.47,12.22,12.31,3505300,43719064.00
2020/12/09,12.35,12.35,11.87,11.91,4584728,55899816.00
2020/12/10,11.87,12.02,11.77,11.87,2874477,34591184.00
2020/12/11,11.91,11.93,11.43,11.63,4306300,50717216.00
2020/12/14,11.66,11.85,11.50,11.81,2671800,31689200.00
2020/12/15,11.82,12.13,11.77,12.02,4152600,50246904.00
2020/12/16,11.97,12.00,11.70,11.82,3209357,38355092.00
2020/12/17,11.70,12.04,11.54,12.01,3258600,39011260.00
2020/12/18,11.98,12.12,11.83,11.92,3240000,39238856.00
2020/12/21,11.94,12.02,11.81,12.00,2981200,35945656.00
2020/12/22,12.02,12.05,11.40,11.47,4030100,47644156.00
2020/12/23,11.38,11.97,11.38,11.58,3958300,46827488.00
2020/12/24,11.72,11.72,11.04,11.07,5631000,63988284.00
2020/12/25,10.98,11.42,10.98,11.38,4206200,48069320.00
2020/12/28,11.38,11.61,11.20,11.24,3575500,41064404.00
2020/12/29,11.22,11.40,11.12,11.13,3114000,35397200.00
2020/12/30,11.13,11.23,11.03,11.07,2769400,31140148.00
2020/12/31,11.07,11.40,11.06,11.38,4084981,46641984.00
2021/01/04,11.56,11.61,11.33,11.50,3612000,41934904.00
2021/01/05,11.51,11.53,11.15,11.31,3947200,45080452.00
2021/01/06,11.23,11.35,10.82,10.85,5024900,55882752.00
2021/01/07,10.85,10.92,10.07,10.12,7693253,80818384.00
2021/01/08,10.15,10.39,9.76,10.10,6089700,62262792.00
2021/01/11,10.10,10.18,9.67,9.67,4975546,49605380.00
2021/01/12,9.58,9.90,9.45,9.54,3762373,36692264.00
2021/01/13,9.53,9.62,9.11,9.25,4913300,45981500.00
2021/01/14,9.18,9.39,9.05,9.27,3743300,35072828.00
2021/01/15,9.27,9.63,9.19,9.59,4706815,45396792.00
2021/01/18,9.57,9.95,9.53,9.83,4697500,46515712.00
2021/01/19,9.82,10.03,9.76,9.91,3896200,39119056.00
2021/01/20,9.93,10.19,9.93,10.08,4391800,44764960.00
2021/01/21,10.00,10.25,9.92,10.08,3787100,38693196.00
2021/01/22,10.01,10.02,9.73,9.83,3300800,32981988.00
2021/01/25,9.83,9.87,9.42,9.44,3241246,31410816.00
2021/01/26,9.58,9.72,9.34,9.37,2641258,25452786.00
2021/01/27,9.33,9.45,9.21,9.37,2113600,20024888.00
2021/01/28,9.28,9.53,9.19,9.21,2481646,23490452.00
2021/01/29,9.30,9.34,8.81,9.00,3150246,28739812.00
2021/02/01,9.00,9.14,8.78,8.88,2687900,24339508.00
2021/02/02,9.02,9.04,8.78,8.89,2415390,21795478.00
2021/02/03,8.89,8.90,8.62,8.74,2835500,25094924.00
2021/02/04,8.77,8.79,8.34,8.43,2973000,25625876.00
2021/02/05,8.43,8.73,8.27,8.36,2197100,18901184.00
2021/02/08,8.36,8.38,8.16,8.19,2399816,20102024.00
2021/02/09,8.22,8.41,8.17,8.38,2134000,18015900.00
2021/02/10,8.41,8.54,8.30,8.41,2073600,17691248.00
2021/02/18,8.47,8.80,8.47,8.70,2680900,23597374.00
2021/02/19,8.68,9.01,8.68,9.00,2533900,22850324.00
2021/02/22,9.09,9.35,9.04,9.13,4112800,38409652.00
2021/02/23,9.04,9.22,8.98,8.98,3039800,27974240.00
2021/02/24,8.99,9.62,8.99,9.19,5410100,50894736.00
2021/02/25,9.19,9.39,9.00,9.22,3945530,36649780.00
2021/02/26,9.14,9.43,9.14,9.23,3876900,36505280.00
2021/03/01,9.23,9.48,9.23,9.41,2974500,28244544.00
2021/03/02,9.47,9.50,9.23,9.34,2577400,24408620.00
2021/03/03,9.27,9.43,9.20,9.36,2387700,22554128.00
2021/03/04,9.29,9.52,9.24,9.28,2687600,25500600.00
2021/03/05,9.29,9.60,9.24,9.55,3796600,36518696.00
2021/03/08,9.55,9.75,9.47,9.52,3667900,35796960.00
2021/03/09,9.45,9.59,8.98,9.15,3624300,33990640.00
2021/03/10,9.08,9.27,8.89,8.90,2722100,24991784.00
2021/03/11,8.86,9.14,8.81,9.12,1856200,16954518.00
2021/03/12,9.12,9.21,9.00,9.05,1502700,13823754.00
2021/03/15,9.13,9.14,8.88,9.00,1412100,12897284.00
2021/03/16,8.95,9.19,8.95,9.16,1812900,16741473.00
2021/03/17,9.21,9.34,9.10,9.30,1828600,17142490.00
2021/03/18,9.30,9.33,9.15,9.20,1572800,14681164.00
2021/03/19,9.16,9.42,9.12,9.27,2508900,23659600.00
2021/03/22,9.27,9.35,9.27,9.33,1650800,15582509.00
2021/03/23,9.32,9.32,9.12,9.14,2090100,19530704.00
2021/03/24,9.10,9.23,9.07,9.09,1515100,14038807.00
2021/03/25,9.09,9.12,8.86,8.89,2345000,21311336.00
2021/03/26,8.94,8.96,8.86,8.92,1784900,16140566.00
2021/03/29,8.98,9.00,8.73,8.76,2183900,19616544.00
2021/03/30,8.74,8.79,8.51,8.57,1998400,17449838.00
2021/03/31,8.58,8.78,8.52,8.75,1718800,15103930.00
2021/04/01,8.75,8.77,8.62,8.65,1257500,11062767.00
2021/04/02,8.64,8.74,8.59,8.72,1503300,13233422.00
2021/04/06,8.81,10.03,8.77,9.67,14183546,137982896.00
2021/04/07,9.44,9.80,9.44,9.77,9719332,94675992.00
2021/04/08,9.62,9.76,9.41,9.45,5622000,54395232.00
2021/04/09,9.43,10.69,9.42,10.41,16971000,175232240.00
2021/04/12,10.23,10.34,10.04,10.11,9516482,97715848.00
2021/04/13,10.04,10.12,9.80,9.97,5985100,60345960.00
2021/04/14,9.97,10.42,9.82,10.08,7544641,77331136.00
2021/04/15,9.89,10.07,9.77,9.81,4805292,48057616.00
2021/04/16,9.83,10.11,9.82,9.94,4371100,43982420.00
2021/04/19,9.98,10.66,9.98,10.43,9950100,104271328.00
2021/04/20,10.36,10.52,10.07,10.12,6804831,70478968.00
2021/04/21,9.87,10.06,9.69,9.75,5419900,54151524.00
2021/04/22,9.73,10.19,9.73,9.76,4764600,47696592.00
2021/04/23,9.68,9.71,9.47,9.47,3671141,35564496.00
2021/04/26,9.49,9.64,9.37,9.38,2625500,25287956.00
2021/04/27,9.35,9.37,8.97,9.05,3538105,32659938.00
2021/04/28,8.98,9.13,8.91,9.11,1822300,16702420.00
2021/04/29,8.96,9.26,8.87,9.14,2064700,19092556.00
2021/04/30,9.13,9.16,8.91,8.93,2284600,20822468.00
2021/05/06,8.93,9.05,8.93,9.03,1620400,14769486.00
2021/05/07,9.05,9.06,8.94,8.96,1443300,13145387.00
2021/05/10,8.94,9.04,8.80,9.03,1879900,17043296.00
2021/05/11,8.96,9.09,8.92,9.07,1850000,16956732.00
2021/05/12,9.11,9.29,9.00,9.26,3082446,28708438.00
2021/05/13,9.22,9.27,9.06,9.08,2621500,24358144.00
2021/05/14,9.06,9.22,9.04,9.20,2715446,25245632.00
2021/05/17,9.21,9.22,8.97,8.99,2516546,23077198.00
2021/05/18,8.97,9.10,8.88,9.07,1592500,14581397.00
2021/05/19,9.07,9.27,8.97,9.22,3118200,28867592.00
2021/05/20,9.17,9.24,9.12,9.16,2137900,19938804.00
2021/05/21,9.16,9.33,9.10,9.18,2050700,19163904.00
2021/05/24,9.19,9.28,9.14,9.27,1843100,17247368.00
2021/05/25,9.27,9.28,9.15,9.22,1827400,17046556.00
2021/05/26,9.19,9.32,9.19,9.32,2356300,22147130.00
2021/05/27,9.32,9.41,9.26,9.40,2403900,22774764.00
2021/05/28,9.41,9.50,9.25,9.27,2453700,23302632.00
2021/05/31,9.27,9.37,9.23,9.37,2096505,19773478.00
2021/06/01,9.40,9.62,9.33,9.59,3179600,30618180.00
2021/06/02,9.58,10.41,9.47,10.06,9718805,98782272.00
2021/06/03,9.92,10.45,9.92,9.99,7485101,76724944.00
2021/06/04,9.93,10.10,9.79,9.88,5121900,51571856.00
2021/06/07,9.88,9.98,9.68,9.74,3588605,35522856.00
2021/06/08,9.71,9.85,9.69,9.78,2805700,27703736.00
2021/06/09,9.77,10.00,9.69,9.96,3943300,39366456.00
2021/06/10,9.98,9.99,9.81,9.86,3047800,30416952.00
2021/06/11,9.85,10.03,9.64,9.64,3448400,34216608.00
2021/06/15,9.63,9.94,9.56,9.74,2790912,27577906.00
2021/06/16,9.72,10.28,9.67,10.11,8144100,82699632.00
2021/06/17,10.04,10.11,9.84,10.05,4524246,45626856.00
2021/06/18,10.00,10.35,9.96,10.28,6205400,64160420.00
2021/06/21,10.18,10.55,10.08,10.23,5916401,61113932.00
2021/06/22,10.20,10.89,10.20,10.85,13247500,142969488.00
2021/06/23,10.78,10.83,10.55,10.58,8106341,87354216.00
2021/06/24,10.57,11.37,10.49,11.08,14484441,160929616.00
2021/06/25,11.50,11.77,10.55,10.69,14883760,166726272.00
2021/06/28,10.30,10.68,10.30,10.38,8212200,86636168.00
2021/06/29,10.39,10.40,9.90,9.95,6737600,68728368.00
2021/06/30,9.99,11.96,9.96,11.61,20144246,225788704.00
2021/07/01,11.23,11.85,11.09,11.20,15254146,175193664.00
2021/07/02,11.43,11.63,11.01,11.31,10348200,118075208.00
2021/07/05,11.41,11.99,11.18,11.94,14958461,176479216.00
2021/07/06,11.50,11.65,10.72,11.64,15497190,174090864.00
2021/07/07,11.28,11.64,11.18,11.33,9482100,108845752.00
2021/07/08,11.32,11.52,10.97,11.45,8755374,99288320.00
2021/07/09,11.26,11.97,11.14,11.96,11542700,135611168.00
2021/07/12,12.20,12.39,11.68,11.77,9510000,113996288.00
2021/07/13,11.70,11.96,11.56,11.80,6435900,76480104.00
2021/07/14,11.68,11.75,11.15,11.23,6753400,77481864.00
2021/07/15,11.19,12.39,11.11,12.00,10976573,131365536.00
2021/07/16,12.00,12.20,11.70,11.92,6413338,76534728.00
2021/07/19,11.80,12.18,11.72,11.73,4337600,51858804.00
2021/07/20,11.70,12.07,11.46,11.84,5471600,65032904.00
2021/07/21,11.77,12.45,11.69,12.40,9887238,121554640.00
2021/07/22,12.34,12.65,12.03,12.29,8308400,102804464.00
2021/07/23,12.28,12.48,12.12,12.18,5955500,73827280.00
2021/07/26,12.10,12.26,11.66,11.95,7027500,84294312.00
2021/07/27,12.00,12.00,11.25,11.29,6105700,71468264.00
2021/07/28,11.28,11.34,10.40,10.88,4154400,45591864.00
2021/07/29,11.01,11.31,10.88,10.90,3481212,38859000.00
2021/07/30,10.93,11.54,10.82,11.40,5384858,61328536.00
2021/08/02,11.40,11.70,11.29,11.50,4000912,46541832.00
2021/08/03,11.50,11.88,11.46,11.58,4474712,52777180.00
2021/08/04,11.47,11.98,11.46,11.82,4670200,55785592.00
2021/08/05,11.74,12.15,11.70,11.94,5279294,63607528.00
2021/08/06,12.09,12.78,11.90,12.36,8406806,104692112.00
2021/08/09,12.36,12.75,12.10,12.14,7192184,89288384.00
2021/08/10,12.01,12.71,12.01,12.67,8799838,111080232.00
2021/08/11,12.77,13.44,12.56,13.36,11176210,147878992.00
2021/08/12,13.15,13.35,12.91,13.02,8131270,106905976.00
2021/08/13,12.89,13.32,12.67,13.01,6929500,90281848.00
2021/08/16,12.95,13.79,12.71,13.29,13903882,186992064.00
2021/08/17,13.19,13.53,12.72,13.06,11670915,153142432.00
2021/08/18,13.00,13.21,12.77,13.01,7125047,93206360.00
2021/08/19,12.82,12.97,12.05,12.30,7470000,93239656.00
2021/08/20,12.56,12.76,12.22,12.39,5271300,66374544.00
2021/08/23,12.65,13.04,12.40,12.85,4639600,59970520.00
2021/08/24,13.10,13.10,12.65,12.74,4650000,60337704.00
2021/08/25,12.65,12.78,12.48,12.59,4009600,50974736.00
2021/08/26,12.58,12.58,12.02,12.27,4510600,55782816.00
2021/08/27,12.19,12.35,11.70,11.86,4672514,56479724.00
2021/08/30,11.87,12.06,11.61,12.00,3211700,38515580.00
2021/08/31,12.06,12.06,11.55,11.60,2850400,33685864.00
2021/09/01,11.59,11.77,10.88,10.95,4812900,54276176.00
2021/09/02,10.94,11.09,10.84,11.03,2580823,28553254.00
2021/09/03,11.18,11.38,10.96,11.03,2831623,31895402.00
2021/09/06,11.05,11.28,10.85,11.23,2791900,31179666.00
2021/09/07,11.20,11.31,11.13,11.19,2153540,24302044.00
2021/09/08,11.16,11.27,11.13,11.17,2066100,23311572.00
2021/09/09,11.17,11.17,10.88,10.95,2895700,32079392.00
2021/09/10,10.95,11.00,10.64,10.70,3077001,33509972.00
2021/09/13,10.72,10.82,10.59,10.75,1374600,14861003.00
2021/09/14,10.75,10.95,10.68,10.86,2488800,27129858.00
2021/09/15,10.75,10.85,10.66,10.76,2016400,21855016.00
2021/09/16,10.82,10.90,10.56,10.62,2946814,31876020.00
2021/09/17,10.68,10.68,9.98,10.21,2810550,29100558.00
2021/09/22,10.21,10.35,10.01,10.35,1469150,15225562.00
2021/09/23,10.36,10.62,10.33,10.50,2227194,23565130.00
2021/09/24,10.60,10.60,10.21,10.34,2049900,21292154.00
2021/09/27,10.34,10.43,9.98,10.16,2294000,23449316.00
2021/09/28,10.20,10.23,9.95,10.02,2171042,22087828.00
2021/09/29,10.10,10.10,9.67,9.82,2343500,23301440.00
2021/09/30,9.82,9.93,9.63,9.79,2610300,25696064.00
2021/10/08,9.84,10.24,9.80,10.18,5122472,52171380.00
2021/10/11,10.27,10.39,10.05,10.25,3534170,36540748.00
2021/10/12,10.18,10.35,9.88,9.96,2392200,24299284.00
2021/10/13,10.04,10.28,9.99,10.24,1878758,19281148.00
2021/10/14,10.40,10.48,10.13,10.47,2440800,25368214.00
2021/10/15,10.38,10.50,10.27,10.29,2244100,23449344.00
2021/10/18,10.25,10.64,10.08,10.60,2564500,26947456.00
2021/10/19,10.61,10.87,10.55,10.67,2974800,32260856.00
2021/10/20,10.71,10.83,10.60,10.77,1729060,18739728.00
2021/10/21,10.82,10.98,10.61,10.77,1927800,21139976.00
2021/10/22,10.90,10.90,10.70,10.74,1584100,17278962.00
2021/10/25,10.85,10.91,10.65,10.72,1906000,20725522.00
2021/10/26,10.72,10.84,10.60,10.64,1470600,15864200.00
2021/10/27,10.64,10.71,10.40,10.64,1425500,15183031.00
2021/10/28,10.56,10.59,10.20,10.21,1515600,15856514.00
2021/10/29,10.21,10.69,10.17,10.65,1627200,17243528.00
2021/11/01,10.80,10.80,10.53,10.62,1263000,13579899.00
2021/11/02,10.70,10.78,10.26,10.41,1541898,16333336.00
2021/11/03,10.41,10.54,10.32,10.40,912498,9600820.00
2021/11/04,10.40,11.85,10.32,11.22,7298500,83223616.00
2021/11/05,11.11,11.77,11.03,11.65,8215446,95424752.00
2021/11/08,11.40,12.04,11.24,11.40,6415398,74217512.00
2021/11/09,11.40,11.63,11.25,11.58,4044698,46790996.00
2021/11/10,11.56,11.73,11.35,11.66,5004700,57925296.00
2021/11/11,11.65,12.23,11.53,12.08,5503100,66300184.00
2021/11/12,12.08,12.67,12.00,12.31,6618600,82530448.00
2021/11/15,12.37,12.76,12.24,12.68,5973750,75956776.00
2021/11/16,12.58,12.78,12.39,12.53,4451900,56293888.00
2021/11/17,12.60,12.76,12.50,12.67,3165850,40215324.00
2021/11/18,12.67,13.18,12.32,12.58,5667270,72423424.00
2021/11/19,12.57,13.03,12.50,12.97,6773998,87882152.00
2021/11/22,13.00,13.14,12.81,12.99,3632700,47545176.00
2021/11/23,13.02,13.39,12.93,13.08,4041900,53365696.00
2021/11/24,13.12,13.16,12.68,12.77,5520669,71780720.00
2021/11/25,12.78,12.92,12.60,12.72,3799300,48903300.00
2021/11/26,12.80,12.80,12.53,12.75,3613850,46184376.00
2021/11/29,12.81,12.83,12.36,12.80,3794300,48296780.00
2021/11/30,12.79,13.24,12.70,12.88,4271523,55857864.00
2021/12/01,12.86,13.20,12.75,13.11,4484100,59016592.00
2021/12/02,13.13,13.50,12.90,12.99,5268800,70026760.00
2021/12/03,12.86,13.18,12.56,12.75,4448000,57546688.00
2021/12/06,12.80,12.80,11.95,12.01,5151900,63557808.00
2021/12/07,12.01,12.13,11.46,11.54,4013200,47292296.00
2021/12/08,11.58,12.07,11.44,11.78,4537000,53813388.00
2021/12/09,11.75,11.86,11.56,11.62,2751700,32459208.00
2021/12/10,11.73,11.91,11.54,11.73,3350300,39710832.00
2021/12/13,11.85,11.85,11.47,11.58,3396700,39627480.00
2021/12/14,11.57,11.84,11.40,11.76,3320300,39244520.00
2021/12/15,11.72,12.12,11.70,11.84,3365204,40380356.00
2021/12/16,11.85,12.29,11.66,12.08,6156000,74205896.00
2021/12/17,11.95,12.13,11.63,11.70,4005500,47521748.00
2021/12/20,11.70,12.02,11.50,11.53,3104200,36865192.00
2021/12/21,11.70,11.78,11.52,11.78,2999558,35300460.00
2021/12/22,11.92,11.92,11.55,11.57,2667300,31432594.00
2021/12/23,11.54,11.74,11.30,11.35,3619900,41866888.00
2021/12/24,11.42,11.42,10.66,10.70,4629400,50949744.00
2021/12/27,10.70,10.85,10.51,10.75,2479900,26746372.00
2021/12/28,10.76,10.84,10.62,10.82,2391000,25922696.00
2021/12/29,10.78,10.89,10.57,10.66,2453000,26404248.00
2021/12/30,10.70,10.73,10.56,10.61,1940100,20868836.00
2021/12/31,10.64,10.69,10.51,10.54,2601400,27811068.00
2022/01/04,10.59,11.26,10.49,11.14,5753500,63926408.00
2022/01/05,11.13,11.20,10.77,10.91,3290900,36300032.00
2022/01/06,10.80,11.07,10.80,11.00,1902600,21049500.00
2022/01/07,10.98,11.22,10.79,10.79,4013000,44629740.00
2022/01/10,10.78,11.10,10.64,11.03,2894600,31970760.00
2022/01/11,11.03,11.45,10.96,11.34,5210758,59005952.00
2022/01/12,11.30,11.55,11.17,11.36,3623200,41546348.00
2022/01/13,11.36,11.47,11.24,11.33,2306400,26444472.00
2022/01/14,11.44,11.46,11.07,11.08,3025100,34264704.00
2022/01/17,11.10,11.40,11.09,11.38,2396171,27369478.00
2022/01/18,11.40,11.40,10.91,10.95,2981698,33364846.00
2022/01/19,11.00,11.18,10.80,11.09,2014100,22446988.00
2022/01/20,11.00,11.09,10.40,10.43,3308300,35572640.00
2022/01/21,10.49,10.57,10.27,10.43,1497300,15740473.00
2022/01/24,10.43,10.95,10.28,10.73,2953100,31916798.00
2022/01/25,10.78,10.78,10.00,10.01,4163700,43127520.00
2022/01/26,10.06,10.80,9.94,10.64,3862600,40687344.00
2022/01/27,10.84,11.94,10.52,11.04,9172792,104125280.00
2022/01/28,11.51,11.66,10.60,11.20,8911758,100139496.00
2022/02/07,11.06,11.63,10.76,11.30,6117146,69149208.00
2022/02/08,11.20,11.40,10.98,11.27,4242200,47802644.00
2022/02/09,11.23,11.53,11.06,11.44,4118600,47140172.00
2022/02/10,11.45,11.45,11.05,11.20,4691800,52846068.00
2022/02/11,11.12,11.19,10.67,10.76,4877846,53436768.00
2022/02/14,10.77,11.03,10.73,10.78,2748898,30138634.00
2022/02/15,10.77,10.91,10.59,10.66,2171400,23458832.00
2022/02/16,10.75,10.99,10.68,10.76,2524800,27510396.00
2022/02/17,10.75,10.94,10.61,10.64,2456800,26685808.00
2022/02/18,10.58,11.46,10.56,11.43,5965600,66822612.00
2022/02/21,11.40,11.70,11.28,11.61,5420643,63142512.00
2022/02/22,11.68,11.68,11.32,11.44,2318943,26788346.00
2022/02/23,11.45,11.65,11.20,11.29,3402546,38874380.00
2022/02/24,11.28,11.57,10.85,11.16,4779000,54237912.00
2022/02/25,11.13,11.44,11.11,11.21,2508775,28483010.00
2022/02/28,11.15,11.28,10.89,10.95,2402500,26603400.00
2022/03/01,10.97,11.29,10.97,11.11,2179100,24515320.00
2022/03/02,11.16,11.16,10.90,11.00,2611000,28979340.00
2022/03/03,11.00,11.05,10.86,10.97,1514100,16695415.00
2022/03/04,10.95,10.97,10.73,10.77,1835300,20056142.00
2022/03/07,10.76,10.82,10.50,10.58,1792700,19273756.00
2022/03/08,10.55,10.63,10.20,10.30,1954243,20506358.00
2022/03/09,10.30,10.58,9.70,10.28,2594300,26585688.00
2022/03/10,10.33,10.52,10.30,10.37,1589500,16706553.00
2022/03/11,10.18,10.50,10.10,10.50,1216600,12703364.00
2022/03/14,10.41,10.41,10.01,10.10,1682946,17258112.00
2022/03/15,10.15,10.15,9.79,9.81,2282300,22847980.00
2022/03/16,10.05,10.21,9.71,10.18,1993100,20049328.00
2022/03/17,10.23,10.36,10.15,10.33,2583700,26746160.00
2022/03/18,10.18,10.37,10.16,10.30,1208600,12558666.00
2022/03/21,10.39,10.39,10.21,10.32,1220375,12687299.00
2022/03/22,10.30,10.99,10.19,10.67,3705445,39605644.00
2022/03/23,10.67,11.31,10.66,10.85,4298873,47392548.00
2022/03/24,10.65,10.80,10.50,10.73,2365791,25351554.00
2022/03/25,10.62,10.69,10.43,10.45,1589000,16901716.00
2022/03/28,10.47,10.80,10.25,10.40,1074200,11263515.00
2022/03/29,10.43,10.45,9.90,10.08,2444645,24889778.00
2022/03/30,10.18,10.23,10.07,10.17,1154700,11837497.00
2022/03/31,10.22,10.31,10.08,10.21,1729745,17854016.00
2022/04/01,10.24,10.24,9.92,10.02,1370300,13873261.00
2022/04/06,9.98,10.18,9.92,10.08,1005700,10228571.00
2022/04/07,10.05,10.05,9.85,9.96,1802800,18065720.00
2022/04/08,9.86,9.95,9.70,9.87,1688046,16728544.00
2022/04/11,9.89,10.08,9.74,9.92,1399300,14075021.00
2022/04/12,9.93,10.13,9.85,10.13,1219200,12336779.00
2022/04/13,10.15,10.33,10.01,10.20,1699958,17572312.00
2022/04/14,10.20,10.36,10.18,10.33,1225500,12724539.00
2022/04/15,10.41,10.63,10.30,10.48,2194400,23192386.00
2022/04/18,10.42,10.76,10.42,10.72,2193700,23640888.00
2022/04/19,10.65,10.87,10.65,10.81,2088600,22739536.00
2022/04/20,10.76,10.98,10.65,10.72,2110958,22942456.00
2022/04/21,10.63,10.78,10.15,10.22,1961500,20589304.00
2022/04/22,10.04,10.22,10.01,10.07,1435900,14643797.00
2022/04/25,9.89,10.46,9.34,9.41,4043900,40764464.00
2022/04/26,9.32,9.62,8.41,8.55,3935000,35583524.00
2022/04/27,8.37,8.73,8.00,8.71,2556500,21466394.00
2022/04/28,8.71,10.45,8.71,9.50,6582301,65437036.00
2022/04/29,8.74,9.70,8.74,9.50,4207146,39514284.00
2022/05/05,9.36,10.29,9.28,9.70,2857245,27915362.00
2022/05/06,9.46,9.83,9.37,9.54,1591945,15440588.00
2022/05/09,9.73,10.06,9.43,9.96,1969500,19497316.00
2022/05/10,9.86,10.01,9.76,9.98,1506900,15093618.00
2022/05/11,9.87,10.12,9.83,9.85,2079800,21009024.00
2022/05/12,9.90,10.20,9.79,9.94,1825400,18418196.00
2022/05/13,9.99,10.14,9.94,10.02,1878500,19061052.00
2022/05/16,10.02,10.19,9.84,10.03,1527300,15538725.00
2022/05/17,10.01,10.20,9.92,10.09,1814000,18500636.00
2022/05/18,10.19,10.68,10.05,10.56,4153100,43917424.00
2022/05/19,10.50,10.76,10.32,10.68,3482639,37307348.00
2022/05/20,10.66,10.79,10.52,10.58,2440300,26180618.00
2022/05/23,10.67,10.82,10.52,10.78,2129061,23033050.00
2022/05/24,10.83,11.05,10.47,10.47,3170900,34461276.00
2022/05/25,10.59,10.75,10.41,10.68,2141300,22872488.00
2022/05/26,10.77,10.77,10.40,10.48,2275300,24181560.00
2022/05/27,10.54,10.58,10.20,10.30,1968000,20531116.00
2022/05/30,10.28,10.55,10.20,10.38,1949700,20361780.00
2022/05/31,10.35,10.51,10.26,10.38,1697700,17741968.00
2022/06/01,10.35,10.59,10.25,10.34,2254500,23703516.00
2022/06/02,10.52,10.69,10.24,10.47,2597746,27373910.00
2022/06/06,10.35,10.46,10.15,10.27,3375500,34847712.00
2022/06/07,10.16,10.26,9.80,9.84,3104200,31107312.00
2022/06/08,9.92,9.97,9.50,9.80,3547600,34829684.00
2022/06/09,9.75,9.80,9.45,9.51,1971900,19033908.00
2022/06/10,9.40,9.66,9.37,9.61,1332100,12925441.00
2022/06/13,9.61,9.86,9.54,9.80,2602997,25632198.00
2022/06/14,9.75,9.83,9.52,9.80,1800100,17661372.00
2022/06/15,9.82,11.14,9.75,10.60,8785900,93408144.00
2022/06/16,10.50,10.72,10.40,10.64,4896100,52269108.00
2022/06/17,10.68,10.90,10.52,10.81,4247200,46179744.00
2022/06/20,10.80,11.02,10.69,10.74,3100100,33802224.00
2022/06/21,10.90,10.90,10.62,10.70,2844700,30781796.00
2022/06/22,10.74,10.86,10.60,10.76,3338900,36202232.00
2022/06/23,10.75,11.25,10.70,11.12,5756300,64179024.00
2022/06/24,11.09,11.39,11.06,11.24,4552300,51612832.00
2022/06/27,11.21,11.44,11.19,11.35,4179200,47697576.00
2022/06/28,11.50,11.50,11.18,11.24,2897200,32952980.00
2022/06/29,11.25,11.30,10.87,10.88,4193400,46622440.00
2022/06/30,10.90,11.06,10.72,10.77,3350400,36708712.00
2022/07/01,10.74,10.87,10.45,10.57,3848900,41142232.00
2022/07/04,10.59,10.63,10.30,10.39,3373400,35420136.00
2022/07/05,10.59,10.66,10.00,10.14,3615500,37385948.00
2022/07/06,10.05,10.26,9.99,10.12,2024000,20670312.00
2022/07/07,10.12,10.33,10.02,10.22,2713358,28023816.00
2022/07/08,10.30,10.50,10.12,10.20,2945000,30582024.00
2022/07/11,10.22,10.23,9.88,9.98,3105600,31344422.00
2022/07/12,10.05,10.05,9.72,9.73,2181500,21683590.00
2022/07/13,9.83,10.37,9.83,10.24,5434300,55830232.00
2022/07/14,10.23,10.34,10.06,10.15,2619100,26797664.00
2022/07/15,10.15,10.62,10.02,10.39,4897800,51060980.00
2022/07/18,10.34,10.85,10.31,10.59,4652300,49763732.00
2022/07/19,10.62,11.48,10.62,11.00,8521400,95148576.00
2022/07/20,11.00,11.09,10.83,10.87,3541000,39028800.00
2022/07/21,10.90,10.91,10.72,10.73,2494000,27174212.00
2022/07/22,10.71,10.85,10.60,10.75,2517092,27268024.00
2022/07/25,10.82,10.84,10.46,10.53,2943800,31544752.00
2022/07/26,10.56,10.63,10.28,10.60,3411400,36019572.00
2022/07/27,10.60,11.12,10.60,10.99,4368358,48074536.00
2022/07/28,11.11,11.13,10.94,10.96,3165200,35202788.00
2022/07/29,11.20,11.70,11.04,11.29,8657000,99705536.00
2022/08/01,11.33,11.44,11.10,11.26,3849700,43641284.00
2022/08/02,11.13,11.25,10.72,10.80,4783700,52602260.00
2022/08/03,10.81,11.24,10.67,10.73,3955700,43834560.00
2022/08/04,10.75,10.94,10.69,10.88,3365300,36784324.00
2022/08/05,10.89,10.97,10.49,10.65,4045800,43516472.00
2022/08/08,10.69,11.85,10.50,11.61,9392400,107506080.00
2022/08/09,11.51,11.69,11.20,11.30,6241275,71807592.00
2022/08/10,11.36,11.75,11.26,11.67,7370935,86335976.00
2022/08/11,11.57,11.72,11.49,11.61,4947292,57820528.00
2022/08/12,11.61,11.79,11.32,11.38,5268831,61220072.00
2022/08/15,11.41,11.48,11.21,11.31,3162400,35984400.00
2022/08/16,11.23,11.69,11.23,11.54,4905939,57063092.00
2022/08/17,11.50,11.92,11.42,11.52,5050600,59220012.00
2022/08/18,11.60,12.00,11.47,11.93,9061239,108079992.00
2022/08/19,11.84,12.02,11.47,11.51,6852900,80709240.00
2022/08/22,11.47,11.54,11.13,11.32,4517546,51434804.00
2022/08/23,11.35,11.55,11.23,11.53,3950146,45549500.00
2022/08/24,11.51,11.51,10.95,10.99,4764400,53495604.00
2022/08/25,11.04,11.10,10.64,10.80,4264839,46467656.00
2022/08/26,10.82,11.18,10.75,10.91,3657000,40438288.00
2022/08/29,10.78,11.11,10.71,11.07,3179900,35314956.00
2022/08/30,11.09,11.18,10.68,10.73,3243100,35462044.00
2022/08/31,10.66,10.88,10.03,10.09,5079100,52451496.00
2022/09/01,10.19,10.30,9.90,10.03,3098000,31530178.00
2022/09/02,10.01,10.24,9.97,10.23,2188700,22431632.00
2022/09/05,10.23,10.40,10.11,10.20,1933100,19994736.00
2022/09/06,10.25,10.35,10.12,10.32,1689200,17510534.00
2022/09/07,10.34,10.42,10.14,10.25,2314200,24036712.00
2022/09/08,10.28,10.32,10.03,10.09,2246300,23021562.00
2022/09/09,10.11,10.14,9.89,10.02,1532049,15452853.00
2022/09/13,10.07,10.18,10.01,10.13,1654600,16882332.00
2022/09/14,10.00,10.10,9.88,9.97,1555000,15637819.00
2022/09/15,9.97,10.04,9.58,9.73,2401200,23664464.00
2022/09/16,9.67,9.74,9.52,9.54,1675800,16277958.00
2022/09/19,9.57,9.57,9.30,9.35,1810500,17181282.00
2022/09/20,9.48,9.59,9.43,9.52,1574300,15134857.00
2022/09/21,9.52,9.63,9.31,9.59,1663249,15957229.00
2022/09/22,9.50,9.66,9.50,9.53,1478500,14297816.00
2022/09/23,9.59,9.59,9.23,9.24,1512500,14303460.00
2022/09/26,9.24,9.28,9.03,9.09,1670700,15406293.00
2022/09/27,9.14,9.37,9.05,9.35,1798249,16868084.00
2022/09/28,9.30,9.39,9.22,9.24,1692099,15871470.00
2022/09/29,9.40,9.46,8.99,9.00,2226900,20440426.00
2022/09/30,9.04,9.09,8.89,8.96,1766338,16072019.00
2022/10/10,8.96,9.05,8.70,8.74,1612200,14461015.00
2022/10/11,8.80,8.99,8.72,8.95,1162600,10421622.00
2022/10/12,8.98,9.16,8.73,9.15,1606600,14617863.00
2022/10/13,9.16,9.30,9.08,9.21,1392151,12967105.00
2022/10/14,9.32,9.52,9.27,9.41,1682951,16026632.00
2022/10/17,9.48,9.50,9.33,9.47,1361251,12964405.00
2022/10/18,9.55,9.58,9.46,9.51,1138651,10951417.00
2022/10/19,9.40,9.71,9.38,9.56,2094802,20250082.00
2022/10/20,9.56,9.67,9.34,9.40,1935051,18496998.00
2022/10/21,9.50,9.54,9.38,9.51,1315800,12623160.00
2022/10/24,9.56,9.62,9.32,9.34,1586400,15220936.00
2022/10/25,9.29,9.64,9.28,9.59,2517200,24103012.00
2022/10/26,9.59,9.69,9.54,9.60,1898700,18435188.00
2022/10/27,9.88,10.27,9.77,9.77,6894800,69618544.00
2022/10/28,9.67,9.91,9.40,9.45,4633700,45092516.00
2022/10/31,9.36,9.62,9.23,9.54,3830300,36777476.00
2022/11/01,9.57,9.95,9.54,9.88,3882000,38464340.00
2022/11/02,9.90,10.03,9.76,9.96,3537800,35439532.00
2022/11/03,9.91,10.08,9.80,9.95,2261689,22656272.00
2022/11/04,9.91,10.15,9.88,10.08,3147300,31994178.00
2022/11/07,10.20,10.24,9.84,10.08,2406000,24477940.00
2022/11/08,10.08,10.20,9.92,10.12,1781200,18033828.00
2022/11/09,10.09,10.16,10.02,10.03,1651214,16805892.00
2022/11/10,10.07,10.16,9.94,9.97,1810100,18288872.00
2022/11/11,10.12,10.23,9.96,10.01,2033451,20643084.00
2022/11/14,10.03,10.03,9.91,9.98,1781597,17953058.00
2022/11/15,9.97,10.07,9.92,10.07,1588300,16058791.00
2022/11/16,10.14,10.28,10.06,10.27,3049446,31329570.00
2022/11/17,10.15,10.81,10.11,10.56,6975651,74146184.00
2022/11/18,10.58,10.80,10.44,10.44,4017100,43065068.00
2022/11/21,10.45,10.65,10.32,10.56,2362801,25109608.00
2022/11/22,10.57,10.78,10.46,10.54,2223500,23749472.00
2022/11/23,10.59,10.63,10.28,10.52,2688844,28345992.00
2022/11/24,10.57,10.59,10.36,10.39,1404300,14831182.00
2022/11/25,10.30,10.55,10.24,10.25,1426900,14846710.00
2022/11/28,10.31,10.31,10.07,10.14,1740200,17841696.00
2022/11/29,10.39,10.54,10.15,10.49,2704889,28429374.00
2022/11/30,10.41,11.01,10.41,10.80,4487700,48539416.00
2022/12/01,10.81,11.20,10.71,10.98,5803189,64255264.00
2022/12/02,10.92,11.12,10.84,10.96,3804100,42140364.00
2022/12/05,10.89,11.40,10.89,11.10,3570951,40115380.00
2022/12/06,10.99,11.14,10.89,10.98,2308900,25604352.00
2022/12/07,10.91,11.00,10.86,10.90,1579000,17404422.00
2022/12/08,11.02,11.05,10.79,10.99,2227139,24556854.00
2022/12/09,10.94,11.05,10.80,10.82,1778800,19560602.00
2022/12/12,10.83,10.88,10.70,10.79,2274100,24766470.00
2022/12/13,10.71,11.12,10.66,10.75,3766900,41458180.00
2022/12/14,10.78,10.94,10.63,10.65,1829900,19853492.00
2022/12/15,10.75,11.02,10.61,10.97,3104600,34108732.00
2022/12/16,11.01,11.04,10.62,10.98,3289814,36053092.00
2022/12/19,10.90,11.05,10.63,10.70,2500400,27226300.00
2022/12/20,10.66,10.87,10.35,10.65,3113392,33396308.00
2022/12/21,10.68,10.92,10.33,10.42,2813901,29979050.00
2022/12/22,10.43,10.52,9.90,9.94,2692700,27507190.00
2022/12/23,9.98,10.04,9.68,9.80,2137900,21218442.00
2022/12/26,9.89,10.15,9.77,10.10,1938000,19526148.00
2022/12/27,10.11,10.31,9.81,9.84,1984300,19923312.00
2022/12/28,9.83,9.94,9.40,9.47,2503500,24192812.00
2022/12/29,9.44,9.58,9.20,9.22,2240200,21083682.00
2022/12/30,9.29,9.43,9.25,9.36,1809700,17096188.00
2023/01/03,9.31,9.50,9.20,9.47,2532400,24067772.00
2023/01/04,9.48,9.58,9.39,9.47,2377092,22773906.00
2023/01/05,9.47,9.55,9.39,9.52,2805700,26844912.00
2023/01/06,9.51,9.65,9.42,9.51,2511400,24218798.00
2023/01/09,9.55,9.72,9.51,9.61,2162200,21074244.00
2023/01/10,9.68,9.68,9.50,9.59,1195900,11552466.00
2023/01/11,9.59,9.64,9.45,9.46,1245049,12010448.00
2023/01/12,9.53,9.69,9.46,9.54,1518100,14706904.00
2023/01/13,9.62,9.74,9.54,9.61,1685871,16385159.00
2023/01/16,9.56,9.69,9.55,9.64,2147146,20918906.00
2023/01/17,9.68,9.72,9.56,9.58,1421500,13828921.00
2023/01/18,9.65,9.82,9.60,9.77,2012600,19779830.00
2023/01/19,9.70,10.23,9.67,9.94,3130292,31459344.00
2023/01/20,9.99,10.23,9.92,10.15,2954582,30112278.00
2023/01/30,10.30,10.57,10.25,10.47,4147951,43797492.00
2023/01/31,10.50,10.72,10.29,10.61,2705800,28816184.00
2023/02/01,10.60,10.69,10.56,10.62,2640049,28281270.00
2023/02/02,10.58,10.70,10.50,10.64,3342900,35807360.00
2023/02/03,10.68,10.79,10.48,10.63,2453422,26267374.00
2023/02/06,10.62,10.86,10.60,10.63,2800900,30355412.00
2023/02/07,10.67,10.92,10.62,10.85,2872114,31302144.00
2023/02/08,10.88,10.98,10.80,10.90,2451800,26965188.00
2023/02/09,10.90,11.03,10.70,10.95,2288300,25292728.00
2023/02/10,10.89,10.99,10.83,10.93,2566700,28284402.00
2023/02/13,10.93,11.04,10.90,10.97,2906200,32191728.00
2023/02/14,10.91,11.01,10.87,10.90,2354935,25983490.00
2023/02/15,10.98,11.26,10.87,11.14,3995653,44971920.00
2023/02/16,11.18,11.25,10.60,10.72,3719601,40906196.00
2023/02/17,10.73,10.95,10.72,10.84,2973246,32497320.00
2023/02/20,10.89,10.90,10.62,10.78,3164500,34265208.00
2023/02/21,10.88,10.93,10.75,10.87,2181653,23866104.00
2023/02/22,10.80,10.87,10.70,10.82,1770800,19267796.00
2023/02/23,10.82,11.25,10.82,11.15,6481400,72670552.00
2023/02/24,11.09,11.17,10.75,10.85,4581800,50253336.00
2023/02/27,10.90,11.14,10.72,10.76,4157100,45735352.00
2023/02/28,10.85,11.03,10.62,10.91,3461100,37811832.00
2023/03/01,10.98,11.20,10.86,11.06,3606014,40176152.00
2023/03/02,11.06,11.13,10.80,10.83,3039700,33409504.00
2023/03/03,10.85,11.01,10.77,10.99,3462198,38125456.00
2023/03/06,10.93,11.01,10.79,10.83,2542000,27852540.00
2023/03/07,10.83,10.85,10.51,10.52,3622398,38935180.00
2023/03/08,10.52,10.69,10.40,10.69,2697600,28844244.00
2023/03/09,10.72,10.88,10.60,10.84,2651100,28796720.00
2023/03/10,10.78,11.16,10.60,10.69,3413000,37323000.00
2023/03/13,10.66,10.68,10.33,10.45,2867100,30292034.00
2023/03/14,10.53,10.53,10.00,10.10,2926900,29916306.00
2023/03/15,10.16,10.30,10.11,10.23,1449300,14985506.00
2023/03/16,10.26,10.26,9.88,9.92,1972300,19903356.00
2023/03/17,9.95,10.09,9.90,9.94,1333400,13434444.00
2023/03/20,9.93,10.29,9.93,10.12,2580100,26441370.00
2023/03/21,10.15,10.52,9.98,10.39,2302000,24021852.00
2023/03/22,10.42,11.80,10.41,11.42,12516516,142727488.00
2023/03/23,11.32,11.56,11.02,11.05,8973519,101384984.00
2023/03/24,11.09,11.30,10.98,11.08,5280200,59198360.00
2023/03/27,11.17,11.21,10.67,10.81,6567000,71842368.00
2023/03/28,10.83,10.88,10.62,10.74,3944300,42728728.00
2023/03/29,10.79,10.79,10.50,10.58,3151749,33718952.00
2023/03/30,10.57,10.68,10.42,10.47,3046500,32310908.00
2023/03/31,10.52,10.66,10.42,10.56,2833100,30172252.00
2023/04/03,10.50,10.59,10.35,10.48,4274800,45060940.00
2023/04/04,10.51,10.51,10.18,10.20,4063600,42093268.00
2023/04/06,10.20,10.20,9.92,9.99,4123368,41614984.00
2023/04/07,9.97,10.09,9.96,10.06,2622568,26587588.00
2023/04/10,10.06,10.06,9.65,9.72,4970991,49056860.00
2023/04/11,9.69,9.75,9.57,9.63,2851100,27804548.00
2023/04/12,9.65,9.70,9.58,9.68,2024200,19755328.00
2023/04/13,9.70,9.76,9.59,9.64,2697498,26386240.00
2023/04/14,9.69,9.79,9.65,9.73,2229800,21899268.00
2023/04/17,9.69,9.81,9.69,9.77,2375100,23371060.00
2023/04/18,9.80,9.80,9.59,9.61,2762721,26929606.00
2023/04/19,9.57,9.68,9.50,9.60,2353800,22777748.00
2023/04/20,9.53,9.63,9.48,9.56,2009500,19360252.00
2023/04/21,9.62,9.67,9.30,9.32,3118200,29741228.00
2023/04/24,9.32,9.43,9.09,9.38,3193340,29921492.00
2023/04/25,9.41,9.44,8.97,9.11,3490200,32199176.00
2023/04/26,9.08,9.34,9.05,9.32,2443300,22820128.00
2023/04/27,9.32,9.45,9.17,9.35,1721740,16268358.00
2023/04/28,9.36,9.61,9.30,9.61,2055600,19738954.00
2023/05/04,9.62,9.77,9.58,9.72,2204800,21581570.00
2023/05/05,9.75,9.77,9.49,9.55,2385751,23036446.00
2023/05/08,9.56,9.68,9.50,9.54,2129500,20556326.00
2023/05/09,9.54,9.55,9.35,9.41,2252800,21468012.00
2023/05/10,9.44,9.66,9.35,9.62,2071600,19960676.00
2023/05/11,9.62,9.71,9.52,9.66,1822400,17728870.00
2023/05/12,9.62,9.66,9.54,9.60,1402200,13596533.00
2023/05/15,9.59,9.77,9.56,9.72,2011200,19610412.00
2023/05/16,9.78,9.79,9.60,9.71,1744300,17113156.00
2023/05/17,9.60,9.92,9.60,9.89,2419900,23997606.00
2023/05/18,9.93,10.05,9.85,9.99,2213459,22239890.00
2023/05/19,10.02,10.02,9.85,9.94,1771000,17746724.00
2023/05/22,9.93,10.00,9.85,9.92,1727200,17289492.00
2023/05/23,9.92,9.99,9.84,9.87,1570100,15724218.00
2023/05/24,9.90,9.97,9.73,9.84,1775800,17726056.00
2023/05/25,9.78,9.95,9.75,9.95,2125100,21169712.00
2023/05/26,9.91,10.05,9.72,9.97,3018900,30238196.00
2023/05/29,10.08,10.10,9.87,9.88,1787959,17952132.00
2023/05/30,9.94,10.07,9.86,9.89,1548100,15538523.00
2023/05/31,9.93,9.93,9.80,9.82,1407500,13995562.00
2023/06/01,9.80,10.00,9.80,9.82,1561800,15557286.00
2023/06/02,9.78,9.94,9.78,9.85,1384800,13769336.00
2023/06/05,9.87,9.98,9.83,9.96,1676457,16809732.00
2023/06/06,9.96,10.05,9.70,9.73,2191600,21724678.00
2023/06/07,9.84,9.84,9.67,9.74,1383340,13588542.00
2023/06/08,10.02,10.07,9.60,9.65,3658942,36059356.00
2023/06/09,9.65,10.00,9.57,9.79,4077892,40610944.00
2023/06/12,9.77,10.17,9.65,10.14,6068600,61332552.00
2023/06/13,10.14,10.35,10.11,10.24,4681300,48392676.00
2023/06/14,10.33,10.33,10.15,10.27,2588683,26810634.00
2023/06/15,10.23,10.30,10.16,10.18,2324600,23977908.00
2023/06/16,10.17,10.26,10.07,10.10,2174200,22303710.00
2023/06/19,10.11,10.23,9.99,10.04,2396000,24375668.00
2023/06/20,10.09,10.11,9.95,10.06,2257100,22837540.00
2023/06/21,10.05,10.37,9.97,10.17,3802590,39093984.00
2023/06/26,10.15,10.29,10.05,10.05,5016300,51428164.00
2023/06/27,10.05,10.30,9.96,10.28,4224400,43362776.00
2023/06/28,10.17,10.43,10.07,10.43,4811002,49700200.00
2023/06/29,10.40,10.53,10.38,10.49,4303081,45299188.00
2023/06/30,10.44,10.67,10.41,10.58,3475890,36887492.00
2023/07/03,10.53,10.77,10.50,10.53,3884000,41236016.00
2023/07/04,10.48,10.83,10.46,10.76,3842749,41404748.00
2023/07/05,10.71,10.81,10.65,10.69,3469100,37443416.00
2023/07/06,10.70,10.80,10.56,10.77,2726823,29368588.00
2023/07/07,10.75,10.85,10.66,10.73,2889600,31232106.00
2023/07/10,10.73,10.85,10.58,10.65,3087700,33204256.00
2023/07/11,10.65,10.99,10.60,10.94,4927200,53641872.00
2023/07/12,10.92,11.13,10.79,10.82,3490200,38326744.00
2023/07/13,10.81,10.90,10.68,10.83,3153500,34175900.00
2023/07/14,10.85,10.89,10.65,10.80,2341900,25425972.00
2023/07/17,10.80,10.96,10.60,10.94,3218101,34941832.00
2023/07/18,10.93,11.05,10.82,10.94,2074900,22755464.00
2023/07/19,10.96,11.00,10.78,10.89,1870400,20401276.00
2023/07/20,10.80,10.92,10.71,10.73,2362500,25618216.00
2023/07/21,10.73,10.80,10.52,10.56,2543200,27071732.00
2023/07/24,10.56,10.63,10.49,10.52,1720700,18255228.00
2023/07/25,10.56,10.81,10.54,10.80,2256300,24312254.00
2023/07/26,10.80,10.80,10.56,10.59,2124700,22652416.00
2023/07/27,10.70,11.08,10.62,10.85,5552400,60761044.00
2023/07/28,10.75,10.96,10.51,10.73,4881200,52752380.00
2023/07/31,10.85,10.95,10.70,10.87,3269100,35690116.00
2023/08/01,10.88,10.93,10.67,10.73,2649900,28653404.00
2023/08/02,10.73,10.84,10.66,10.83,2087800,22591952.00
2023/08/03,10.82,10.84,10.47,10.49,3179746,33783528.00
2023/08/04,10.54,10.59,10.38,10.48,2675500,28168486.00
2023/08/07,10.48,10.57,10.37,10.45,2366146,24895018.00
2023/08/08,10.55,10.71,10.40,10.51,2395246,25373162.00
2023/08/09,10.50,10.51,10.29,10.31,2566251,26781374.00
2023/08/10,10.31,10.39,10.20,10.26,1856100,19142596.00
2023/08/11,10.26,10.30,10.11,10.11,2070000,21200910.00
2023/08/14,10.10,10.26,9.95,10.25,2548800,25911240.00
2023/08/15,10.20,10.34,10.18,10.24,1428800,14695040.00
2023/08/16,10.18,10.27,10.07,10.07,1356846,13855652.00
2023/08/17,10.03,10.39,9.96,10.38,2156900,22126802.00
2023/08/18,10.36,10.57,10.30,10.40,2654400,27929240.00
2023/08/21,10.31,10.57,10.31,10.34,1897700,19874366.00
2023/08/22,10.43,10.49,10.08,10.27,2156501,22184256.00
2023/08/23,10.27,10.35,10.08,10.21,1537900,15751978.00
2023/08/24,10.15,10.30,9.99,10.08,1764700,17910308.00
2023/08/25,10.08,10.15,9.82,9.87,1885501,18860994.00
2023/08/28,10.45,10.76,10.36,10.55,9493900,101234216.00
2023/08/29,10.52,11.16,10.46,11.10,9361447,102861360.00
2023/08/30,11.14,11.53,11.13,11.19,8404090,95231488.00
2023/08/31,11.27,11.40,11.07,11.11,5269602,59116900.00
2023/09/01,11.11,11.23,11.03,11.19,3861202,43231332.00
2023/09/04,11.24,11.33,11.12,11.24,3996500,45028044.00
2023/09/05,11.24,11.37,11.15,11.23,3102400,35084436.00
2023/09/06,11.19,11.33,11.13,11.22,2335600,26344796.00
2023/09/07,11.22,11.24,10.95,10.97,2125501,23609600.00
2023/09/08,11.00,11.13,10.88,10.93,2411401,26638722.00
2023/09/11,10.93,11.16,10.89,11.05,3156201,35010588.00
2023/09/12,11.11,11.23,11.05,11.11,2579400,28836888.00
2023/09/13,11.20,11.22,10.85,10.94,2760000,30421546.00
2023/09/14,11.03,11.03,10.75,10.83,2492800,27246392.00
2023/09/15,10.92,10.93,10.76,10.82,1750500,19039832.00
2023/09/18,10.77,11.30,10.70,11.18,3778100,42167428.00
2023/09/19,11.32,11.32,10.98,11.06,2806500,31172784.00
2023/09/20,11.01,11.28,11.01,11.04,2766500,30914838.00
2023/09/21,11.03,11.16,10.88,10.95,2409000,26580480.00
2023/09/22,11.00,11.26,10.90,11.18,2709900,30251868.00
2023/09/25,11.20,11.45,11.17,11.36,4858500,55320120.00
2023/09/26,11.31,11.39,11.15,11.24,3169100,35723336.00
2023/09/27,11.31,11.42,11.02,11.06,3596900,40275952.00
2023/09/28,11.14,11.38,11.03,11.25,4104800,46400668.00
2023/10/09,11.25,11.60,11.19,11.52,9636000,111124800.00
2023/10/10,11.45,11.47,11.20,11.35,5864844,66664000.00
2023/10/11,11.35,11.38,11.03,11.20,4833214,54191528.00
2023/10/12,11.18,11.37,11.07,11.28,4339020,49008636.00
2023/10/13,11.30,11.38,11.09,11.11,3590200,40377824.00
2023/10/16,11.12,11.24,11.07,11.09,3752600,42052152.00
2023/10/17,11.15,11.34,11.02,11.17,3949500,44285424.00
2023/10/18,11.15,11.35,11.08,11.18,4589796,51704528.00
2023/10/19,11.06,11.08,10.84,10.88,4928500,54127064.00
2023/10/20,10.82,11.35,10.82,10.93,4447800,49551600.00
2023/10/23,10.78,11.05,10.57,10.63,3853400,41562940.00
2023/10/24,10.64,11.12,10.64,10.95,3701300,40643620.00
2023/10/25,11.06,11.39,10.91,11.27,3917349,44256132.00
2023/10/26,11.19,11.37,11.04,11.32,3740120,42152880.00
2023/10/27,11.32,11.57,11.29,11.41,4574973,52486384.00
2023/10/30,11.15,11.31,10.86,11.16,10956531,122037232.00
2023/10/31,11.16,11.38,11.00,11.09,8159500,91559480.00
2023/11/01,11.23,11.25,10.93,11.19,9349149,104573904.00
2023/11/02,11.24,12.11,11.20,11.92,25201491,298111968.00
2023/11/03,12.03,12.16,11.56,11.77,22138000,260513008.00
2023/11/06,11.71,11.87,11.57,11.87,18287100,215249488.00
2023/11/07,11.77,13.83,11.75,13.16,37493073,483688416.00
2023/11/08,12.96,13.11,12.51,12.68,27452220,350877472.00
2023/11/09,12.54,12.64,12.10,12.24,17252800,213247504.00
2023/11/10,12.23,12.89,12.14,12.74,21520092,271162720.00
2023/11/13,12.74,13.21,12.59,13.10,23314506,303702304.00
2023/11/14,13.03,13.03,12.46,12.85,13063297,167050352.00
2023/11/15,12.74,13.04,12.55,12.93,12611084,161940400.00
2023/11/16,12.86,13.61,12.68,13.39,20601382,272003296.00
2023/11/17,13.28,13.58,12.90,12.93,15253420,201832416.00
2023/11/20,12.85,12.90,12.46,12.81,12852092,163899728.00
2023/11/21,12.63,12.89,12.59,12.71,8534222,108923672.00
2023/11/22,12.57,12.69,12.32,12.40,7977300,100260272.00
2023/11/23,12.35,12.85,12.30,12.73,9934300,126726936.00
2023/11/24,12.66,12.93,12.51,12.53,9924097,126336144.00
2023/11/27,12.45,12.91,12.36,12.76,8543000,108787632.00
2023/11/28,12.69,13.04,12.66,12.98,9242227,120006632.00
2023/11/29,13.00,13.14,12.69,12.78,7947600,102886232.00
2023/11/30,12.72,12.84,12.42,12.65,6068000,76796512.00
2023/12/01,12.65,12.70,12.50,12.58,5035979,63676672.00
2023/12/04,12.63,12.91,12.55,12.84,5697900,73226312.00
2023/12/05,12.78,12.84,12.42,12.45,5833900,73359824.00
2023/12/06,12.39,12.71,12.26,12.42,6796600,85175424.00
2023/12/07,12.36,12.42,12.06,12.06,6347100,77687336.00
2023/12/08,12.06,12.21,11.84,11.86,6223735,74850800.00
2023/12/11,11.84,12.14,11.76,12.10,5654235,68323856.00
2023/12/12,12.10,12.22,11.94,12.14,3470600,42126288.00
2023/12/13,12.13,12.32,12.05,12.15,2851250,34921200.00
2023/12/14,12.18,12.25,12.06,12.08,3109800,37927928.00
2023/12/15,12.08,12.16,11.99,12.09,2501710,30384560.00
2023/12/18,12.09,12.16,11.90,11.94,2679506,32338770.00
2023/12/19,11.94,12.09,11.80,12.01,3073600,36817472.00
2023/12/20,12.05,12.20,11.95,11.97,2723850,33103760.00
2023/12/21,11.91,12.27,11.82,12.20,4084750,49447656.00
2023/12/22,12.20,12.77,12.14,12.25,9510900,119346304.00
2023/12/25,12.31,12.49,12.02,12.49,7153300,88482800.00
2023/12/26,12.41,12.65,12.28,12.58,8855211,110864160.00
2023/12/27,12.51,12.55,12.07,12.15,6635419,81299160.00
2023/12/28,12.16,12.34,11.82,12.25,5780709,70306240.00
2023/12/29,12.22,12.82,12.22,12.56,8862864,111683856.00
2024/01/02,12.55,12.81,12.47,12.64,7941500,101149160.00
2024/01/03,12.60,12.65,12.32,12.36,4252100,53189008.00
2024/01/04,12.33,12.53,12.25,12.41,2788245,34715104.00
2024/01/05,12.39,12.48,12.07,12.13,4670400,57597640.00
2024/01/08,12.10,12.17,11.77,11.77,3474800,41650472.00
2024/01/09,11.93,12.34,11.88,12.14,5897500,72099760.00
2024/01/10,12.19,12.47,11.87,12.29,5559100,68393408.00
2024/01/11,12.23,12.43,12.12,12.29,2934250,36095916.00
2024/01/12,12.29,12.44,12.07,12.11,3609800,44319888.00
2024/01/15,12.08,12.25,11.89,12.25,2705900,32939592.00
2024/01/16,12.29,12.29,11.91,12.09,3138300,38014684.00
2024/01/17,12.18,12.21,11.87,11.87,3116500,37673356.00
2024/01/18,11.76,11.76,10.98,11.26,6794700,77128368.00
2024/01/19,11.28,11.40,11.11,11.20,4928600,55541736.00
2024/01/22,11.18,11.18,10.06,10.20,6464604,68979520.00
2024/01/23,10.20,10.31,9.91,10.22,4868446,49279168.00
2024/01/24,10.22,10.42,9.90,10.37,4043700,41389656.00
2024/01/25,10.41,11.02,10.19,11.01,4370500,46841476.00
2024/01/26,10.95,11.21,10.76,10.82,4199300,46183704.00
2024/01/29,10.80,10.87,10.15,10.29,3363700,35294260.00
2024/01/30,10.20,10.39,9.98,10.00,2452000,25016494.00
2024/01/31,9.90,10.00,9.37,9.46,3591755,34812380.00
2024/02/01,9.71,9.71,9.07,9.28,3365055,31366174.00
2024/02/02,9.25,9.47,8.33,8.61,4628714,41027756.00
2024/02/05,8.45,8.50,7.12,7.53,7572100,57922280.00
2024/02/06,7.25,7.85,6.75,7.50,7897600,57392848.00
2024/02/07,7.44,8.05,7.14,7.56,9556655,72068288.00
2024/02/08,7.43,8.30,7.26,8.27,8280317,65107804.00
2024/02/19,8.25,8.68,8.24,8.56,6485112,55028476.00
2024/02/20,8.52,8.66,8.30,8.61,4336396,37254592.00
2024/02/21,8.58,9.48,8.54,8.99,8971755,82104864.00
2024/02/22,8.91,9.11,8.85,9.06,3895456,35245904.00
2024/02/23,9.12,9.35,8.98,9.33,4171650,38494108.00
2024/02/26,9.43,9.70,9.31,9.53,4531360,43408472.00
2024/02/27,9.45,9.79,9.35,9.78,3928300,38187712.00
2024/02/28,9.78,10.23,8.85,8.85,9481862,90598384.00
2024/02/29,8.76,9.61,8.73,9.48,6749900,62732120.00
2024/03/01,9.60,9.90,9.40,9.56,6135100,59327504.00
2024/03/04,9.48,9.65,9.17,9.39,3821000,35888560.00
2024/03/05,9.35,9.37,9.07,9.11,3510300,32491492.00
2024/03/06,9.05,9.35,9.02,9.18,3647200,33699680.00
2024/03/07,9.18,9.40,9.04,9.12,3640200,33765956.00
2024/03/08,9.15,9.40,9.08,9.38,3608300,33575932.00
2024/03/11,9.33,9.63,9.31,9.61,3621300,34573936.00
2024/03/12,9.69,10.14,9.61,10.13,7658400,76703136.00
2024/03/13,10.00,10.14,9.85,10.04,4891300,49277036.00
2024/03/14,10.03,10.15,9.77,9.94,2818500,28129692.00
2024/03/15,9.94,10.14,9.81,10.14,3302400,33230878.00
2024/03/18,10.21,10.47,10.15,10.44,5317400,55180408.00
2024/03/19,10.44,10.64,10.37,10.44,4209100,44386488.00
2024/03/20,10.48,10.65,10.39,10.62,2516500,26684124.00
2024/03/21,10.66,10.71,10.46,10.64,2257500,24010660.00
2024/03/22,10.55,10.67,10.37,10.48,3025846,31915400.00
2024/03/25,10.48,10.62,10.17,10.17,3464400,36258620.00
2024/03/26,10.30,10.42,10.05,10.39,3296400,34080516.00
2024/03/27,10.43,10.45,10.00,10.02,2651400,27130182.00
2024/03/28,10.00,10.30,9.99,10.20,2841200,29098480.00
2024/03/29,10.22,10.54,10.05,10.23,3073946,31553530.00
2024/04/01,10.25,10.50,10.23,10.44,3356700,35081092.00
2024/04/02,10.44,10.55,10.38,10.48,2571200,27045662.00
2024/04/03,10.55,10.55,10.14,10.32,2690000,27760102.00
2024/04/08,10.37,10.38,10.05,10.10,2563740,26226072.00
2024/04/09,10.15,10.31,10.05,10.17,1985600,20296840.00
2024/04/10,10.22,10.22,9.65,9.75,2901200,28698744.00
2024/04/11,9.74,9.94,9.57,9.78,2421300,23880374.00
2024/04/12,9.78,9.95,9.65,9.67,2115700,20905694.00
2024/04/15,9.75,9.79,8.84,8.99,4400200,40729000.00
2024/04/16,9.00,9.03,7.89,7.90,5397000,44472216.00
2024/04/17,8.06,8.81,8.06,8.81,4511900,39072668.00
2024/04/18,8.65,9.04,8.59,8.76,3007500,26643584.00
2024/04/19,8.89,8.91,8.63,8.82,2198000,19377732.00
2024/04/22,8.82,9.03,8.40,8.93,3331100,29487464.00
2024/04/23,8.92,9.26,8.81,9.19,3303600,30439804.00
2024/04/24,9.24,9.40,9.23,9.32,2934600,27490560.00
2024/04/25,9.25,9.39,9.10,9.22,3798500,35189212.00
2024/04/26,9.60,9.74,9.41,9.62,5364700,51782144.00
2024/04/29,9.63,10.42,9.63,10.34,7123100,72328048.00
2024/04/30,10.23,10.53,10.18,10.36,4245346,44238640.00
2024/05/06,10.40,10.58,10.22,10.41,3615546,37624932.00
2024/05/07,10.44,10.57,10.38,10.53,2892200,30426298.00
2024/05/08,10.53,10.53,10.27,10.33,2746300,28660572.00
2024/05/09,10.38,10.53,10.35,10.45,2023300,21256168.00
2024/05/10,10.52,10.64,10.38,10.40,2654200,27878360.00
2024/05/13,10.32,10.50,9.97,10.08,2873400,29265104.00
2024/05/14,10.16,10.25,10.06,10.12,2164700,22072476.00
2024/05/15,10.15,10.43,10.08,10.21,2764364,28540136.00
2024/05/16,10.24,10.36,10.21,10.26,1609700,16650879.00
2024/05/17,10.35,10.41,10.22,10.39,1705000,17666048.00
2024/05/20,10.63,10.64,10.22,10.31,2172600,22578040.00
2024/05/21,10.31,10.31,10.07,10.14,2134900,21761148.00
2024/05/22,10.11,10.22,10.08,10.16,1336400,13637109.00
2024/05/23,10.25,10.25,9.85,9.89,3074500,30922200.00
2024/05/24,9.89,10.05,9.80,9.82,3139700,31354592.00
2024/05/27,9.84,10.03,9.70,9.99,2115300,20959192.00
2024/05/28,9.94,10.08,9.76,9.88,1963800,19588176.00
2024/05/29,9.93,10.12,9.81,10.06,2217800,22240654.00
2024/05/30,10.06,10.19,9.91,10.10,1856400,18749860.00
2024/05/31,10.10,10.28,10.08,10.20,2274300,23182184.00
2024/06/03,10.21,10.29,9.37,9.43,7756800,75503256.00
2024/06/04,9.43,9.46,8.93,9.09,6038730,55283780.00
2024/06/05,9.08,9.23,8.78,8.79,5614810,50164696.00
2024/06/06,8.80,8.93,8.44,8.56,6527750,56328428.00
2024/06/07,8.96,8.98,8.57,8.78,4325190,37860192.00
2024/06/11,8.74,8.88,8.70,8.83,4276700,37680120.00
2024/06/12,8.88,8.97,8.80,8.90,3646300,32469410.00
2024/06/13,8.82,8.97,8.73,8.82,2990200,26411508.00
2024/06/14,8.76,8.88,8.64,8.87,2014900,17754076.00
2024/06/17,8.88,8.92,8.69,8.71,3371700,29638396.00
2024/06/18,8.71,9.00,8.69,8.97,3509100,31041890.00
2024/06/19,8.99,9.23,8.91,9.06,3292400,29856180.00
2024/06/20,9.15,9.24,8.76,8.83,2751300,24501364.00
2024/06/21,8.79,8.93,8.62,8.88,1943590,17149082.00
2024/06/24,8.80,8.81,8.33,8.38,3673890,31310196.00
2024/06/25,8.38,8.70,8.33,8.47,4489950,38360304.00
2024/06/26,8.49,8.70,8.39,8.64,4245800,36370792.00
2024/06/27,8.63,8.87,8.41,8.47,4662700,39995044.00
2024/06/28,8.48,8.65,8.33,8.51,3008400,25746080.00
2024/07/01,8.52,8.68,8.35,8.66,3569600,30467618.00
2024/07/02,8.65,8.75,8.57,8.65,2627100,22766300.00
2024/07/03,8.60,8.75,8.50,8.57,2613600,22493308.00
2024/07/04,8.56,8.62,8.20,8.23,2935690,24465996.00
2024/07/05,8.25,8.41,8.10,8.34,2223700,18398410.00
2024/07/08,8.30,8.38,8.09,8.14,1943800,15927138.00
2024/07/09,8.08,8.36,7.95,8.33,3088100,25219592.00
2024/07/10,8.27,8.43,8.21,8.24,2108600,17563998.00
2024/07/11,8.30,8.58,8.30,8.58,2569000,21865612.00
2024/07/12,8.57,8.66,8.48,8.64,2027100,17422412.00
2024/07/15,8.60,8.65,8.34,8.40,2108400,17756840.00
2024/07/16,8.38,8.42,8.27,8.30,1977900,16474868.00
2024/07/17,8.32,8.63,8.15,8.18,4487900,37206180.00
2024/07/18,8.00,8.09,7.72,7.98,5231300,41241360.00
2024/07/19,7.93,8.12,7.90,8.02,3174700,25458884.00
2024/07/22,8.00,8.15,7.99,8.14,2461420,19888062.00
2024/07/23,8.18,8.24,7.97,7.98,2483900,20180128.00
2024/07/24,7.98,8.03,7.78,7.78,2653300,20878710.00
2024/07/25,7.75,8.02,7.68,7.93,2218600,17445412.00
2024/07/26,7.95,8.17,7.94,8.13,2431900,19689108.00
2024/07/29,8.16,8.27,8.08,8.20,2401200,19692168.00
2024/07/30,8.20,8.33,8.10,8.26,2159900,17811024.00
2024/07/31,8.26,8.47,8.25,8.46,2937500,24659904.00
2024/08/01,8.46,8.62,8.41,8.53,3139200,26783998.00
2024/08/02,8.50,8.56,8.39,8.41,2072500,17559994.00
2024/08/05,8.37,8.50,8.15,8.16,2270800,18874684.00
2024/08/06,8.25,8.32,8.14,8.27,1868000,15350034.00
2024/08/07,8.40,8.40,8.18,8.32,1590300,13181588.00
2024/08/08,8.28,8.35,8.14,8.31,1470500,12141048.00
2024/08/09,8.39,8.44,8.30,8.30,1776600,14854188.00
2024/08/12,8.25,8.37,8.22,8.29,1930000,16047360.00
2024/08/13,8.32,8.46,8.24,8.44,1938500,16237448.00
2024/08/14,8.48,8.49,8.36,8.41,1716100,14419262.00
2024/08/15,8.38,8.46,8.25,8.44,2037500,17077780.00
2024/08/16,8.40,8.51,8.40,8.43,1763650,14895601.00
2024/08/19,8.42,8.57,8.33,8.43,1658300,14050440.00
2024/08/20,8.40,8.43,8.19,8.21,2138000,17674588.00
2024/08/21,8.21,8.38,8.19,8.24,1734350,14378841.00
2024/08/22,8.29,8.30,8.05,8.06,1694050,13831432.00
2024/08/23,8.06,8.12,7.90,7.95,1898200,15200693.00
2024/08/26,7.96,8.20,7.95,8.18,2254301,18314826.00
2024/08/27,8.13,8.22,7.95,7.98,1629101,13084744.00
2024/08/28,7.75,7.97,7.58,7.85,4336500,33615472.00
2024/08/29,7.61,7.94,7.61,7.90,3307350,25794112.00
2024/08/30,7.85,8.17,7.85,8.02,2909950,23429314.00
2024/09/02,8.00,8.12,7.92,7.93,3076564,24698208.00
2024/09/03,7.76,8.11,7.76,8.07,2239296,17977156.00
2024/09/04,8.09,8.09,7.93,7.99,1765850,14098371.00
2024/09/05,7.98,8.10,7.97,8.06,1438100,11584915.00
2024/09/06,8.06,8.14,7.96,7.96,1818445,14618591.00
2024/09/09,7.95,8.01,7.86,7.94,1556700,12348683.00
2024/09/10,7.85,7.99,7.78,7.94,1810500,14281811.00
2024/09/11,7.85,8.01,7.85,7.90,1628500,12923579.00
2024/09/12,8.02,8.02,7.76,7.79,2080300,16390387.00
2024/09/13,7.80,7.85,7.70,7.70,1563200,12105123.00
2024/09/18,7.74,7.74,7.29,7.44,2499300,18675020.00
2024/09/19,7.49,7.69,7.45,7.65,1616600,12295304.00
2024/09/20,7.66,7.69,7.53,7.56,1486245,11284801.00
2024/09/23,7.55,7.71,7.49,7.60,1687100,12850145.00
2024/09/24,7.69,7.85,7.60,7.83,2587100,20050256.00
2024/09/25,7.89,8.09,7.87,7.94,2773900,22190512.00
2024/09/26,8.04,8.18,7.94,8.18,2638800,21290044.00
2024/09/27,8.30,8.62,8.21,8.55,4353600,36680800.00
2024/09/30,8.85,9.79,8.66,9.58,10122141,92969800.00
2024/10/08,10.94,10.94,9.69,10.34,14609687,150661872.00
2024/10/09,10.00,10.00,8.98,9.00,10218300,97211464.00
2024/10/10,9.27,9.46,8.92,9.20,5261901,48623904.00
2024/10/11,9.20,9.22,8.75,8.86,4899100,44044340.00
2024/10/14,9.03,9.08,8.75,9.04,4215600,37696924.00
2024/10/15,9.01,9.09,8.88,8.88,3680400,33036968.00
2024/10/16,8.76,8.98,8.58,8.89,3274000,29033010.00
2024/10/17,8.95,9.05,8.76,8.80,3730004,33373156.00
2024/10/18,8.79,9.30,8.78,9.13,5756804,51946344.00
2024/10/21,9.25,9.34,8.98,9.19,6218749,56895848.00
2024/10/22,9.21,9.55,9.15,9.49,6411432,59857728.00
2024/10/23,9.40,10.80,9.35,10.18,21591379,218253792.00
2024/10/24,9.87,10.25,9.66,9.84,15162401,149486896.00
2024/10/25,10.01,10.25,9.92,10.05,12062691,121590640.00
2024/10/28,10.20,10.37,10.03,10.33,10593030,108381528.00
2024/10/29,10.30,10.37,9.87,9.90,7622300,76673552.00
2024/10/30,9.80,10.02,9.63,9.80,5325637,52263060.00
2024/10/31,9.74,10.08,9.70,10.06,7415860,73332856.00
2024/11/01,10.02,10.47,9.52,9.59,11070031,110523080.00
2024/11/04,9.64,10.07,9.64,10.06,7849000,77862504.00
2024/11/05,10.08,10.47,9.98,10.18,7923935,80476040.00
2024/11/06,10.58,11.19,10.39,10.46,16580696,178705136.00
2024/11/07,11.40,12.38,11.08,11.20,24356620,278693472.00
2024/11/08,11.33,12.99,11.33,11.99,30562993,368096224.00
2024/11/11,12.01,13.16,11.80,12.91,29789045,378543136.00
2024/11/12,12.72,13.55,11.90,12.35,29801900,372910464.00
2024/11/13,12.41,13.48,12.20,13.18,30421650,389847008.00
2024/11/14,13.50,13.86,12.60,13.19,26961100,353563136.00
2024/11/15,12.90,15.83,12.65,15.83,63126871,954278016.00
2024/11/18,15.89,16.16,13.88,14.18,57991445,869869824.00
2024/11/19,13.25,16.80,12.84,15.99,47870075,699948160.00
2024/11/20,16.51,19.19,16.51,19.19,55047349,1030964544.00
2024/11/21,18.00,21.39,17.50,18.90,77067917,1499051776.00
2024/11/22,18.34,20.99,17.95,19.20,62687968,1217432320.00
数据来源:通达信
