300919 中伟股份 日线 前复权
      日期	    开盘	    最高	    最低	    收盘	    成交量	    成交额
2020/12/23,52.89,62.02,52.10,59.25,28741766,2347355648.00
2020/12/24,59.96,65.59,57.17,57.73,21542962,1877846272.00
2020/12/25,54.60,60.89,54.25,60.05,15745749,1308116608.00
2020/12/28,59.25,59.25,52.67,53.48,14551810,1161524608.00
2020/12/29,52.75,52.79,47.67,50.85,11928953,860984640.00
2020/12/30,49.96,55.45,49.82,52.23,9750420,749942656.00
2020/12/31,50.62,57.39,50.14,56.90,10393645,810563904.00
2021/01/04,60.59,67.82,59.87,65.39,12145353,1098702720.00
2021/01/05,63.53,64.80,59.97,61.50,11487173,1027268288.00
2021/01/06,61.50,66.05,59.12,63.08,10433787,934695552.00
2021/01/07,62.89,67.46,61.09,65.42,10165029,941475392.00
2021/01/08,69.89,72.67,66.09,67.00,9957202,973363328.00
2021/01/11,67.82,67.82,58.89,58.89,10928863,981175488.00
2021/01/12,57.75,62.19,57.32,60.45,6966674,603837696.00
2021/01/13,60.71,64.43,60.37,61.40,7833197,703356224.00
2021/01/14,59.25,63.80,58.26,60.06,5488983,478735840.00
2021/01/15,59.39,64.87,59.10,63.60,6930385,616161664.00
2021/01/18,62.73,64.20,61.46,64.20,5372173,481756736.00
2021/01/19,63.54,66.75,60.53,60.67,6541650,599122112.00
2021/01/20,60.35,63.82,60.22,63.22,5532648,494581696.00
2021/01/21,67.10,68.16,62.73,63.05,6567200,609823680.00
2021/01/22,61.80,66.25,60.82,66.16,7382885,668200064.00
2021/01/25,64.96,70.67,64.25,67.10,8092140,783818816.00
2021/01/26,67.16,69.25,65.23,67.25,4789764,458535168.00
2021/01/27,68.81,69.92,63.53,64.53,6344669,599242176.00
2021/01/28,62.60,62.73,57.91,58.23,6057778,527297472.00
2021/01/29,58.53,59.60,54.37,56.76,5022232,410783936.00
2021/02/01,56.77,59.45,55.67,59.25,3831673,318533824.00
2021/02/02,58.55,60.32,57.57,58.69,3907453,330653184.00
2021/02/03,58.72,60.10,55.80,56.39,3639908,304190496.00
2021/02/04,55.68,56.07,49.96,51.14,6259402,467726624.00
2021/02/05,51.45,52.02,48.64,48.72,3955348,285336800.00
2021/02/08,48.90,49.67,47.59,48.30,2913902,205284960.00
2021/02/09,48.55,57.75,47.93,54.87,6464520,496157760.00
2021/02/10,54.75,56.03,53.68,55.22,3201101,252223504.00
2021/02/18,56.90,57.10,51.71,51.97,5806795,446538240.00
2021/02/19,50.94,52.57,50.23,52.29,3401178,251795552.00
2021/02/22,52.75,54.46,51.03,52.63,4918109,374949120.00
2021/02/23,51.34,51.46,49.60,50.07,3582138,259957104.00
2021/02/24,49.96,51.17,49.25,50.05,2576784,186262608.00
2021/02/25,50.15,50.66,48.36,48.75,2703425,192848192.00
2021/02/26,47.10,47.60,45.67,46.82,3572509,240335472.00
2021/03/01,47.73,50.67,47.35,49.32,2912761,207046864.00
2021/03/02,49.34,49.73,48.23,48.84,1829659,128410872.00
2021/03/03,48.69,51.03,48.54,50.97,2952909,213599840.00
2021/03/04,49.95,49.95,48.89,49.25,2373971,168947056.00
2021/03/05,48.80,49.87,47.87,49.34,1449649,102485184.00
2021/03/08,49.84,50.10,47.53,48.17,2399681,168442912.00
2021/03/09,47.82,49.65,45.70,48.38,2726441,189323056.00
2021/03/10,50.12,50.59,47.32,47.67,1983788,140579504.00
2021/03/11,46.61,48.53,46.55,48.40,2167783,149426512.00
2021/03/12,48.54,49.25,46.62,46.71,2414104,165897792.00
2021/03/15,46.06,47.67,45.72,46.30,1867303,126145664.00
2021/03/16,46.57,47.24,46.20,46.92,1922837,130074568.00
2021/03/17,46.83,50.28,46.40,49.39,4048065,286910848.00
2021/03/18,49.24,51.46,48.65,50.89,3600275,259941968.00
2021/03/19,49.73,52.10,49.36,50.60,2058623,150571424.00
2021/03/22,51.07,55.65,51.07,53.75,3937387,299966944.00
2021/03/23,56.67,57.46,54.25,54.25,4870074,391203520.00
2021/03/24,53.18,57.10,53.13,54.87,4319379,344447808.00
2021/03/25,54.26,56.87,53.96,54.17,2902988,230819776.00
2021/03/26,53.54,57.72,53.53,56.87,3771088,303343328.00
2021/03/29,56.39,56.75,54.75,55.76,2169084,173904512.00
2021/03/30,55.41,56.96,55.03,56.13,1887994,151810832.00
2021/03/31,55.97,57.09,54.87,54.92,1560184,125648024.00
2021/04/01,54.92,56.73,54.89,56.23,1741590,140236560.00
2021/04/02,56.35,58.50,55.32,56.63,2584093,210696976.00
2021/04/06,56.63,58.87,55.32,58.40,2856665,235475200.00
2021/04/07,58.10,58.10,55.39,56.10,2274243,183932928.00
2021/04/08,55.87,56.55,54.39,54.45,1767238,140098304.00
2021/04/09,54.60,56.75,54.25,55.47,1866810,149540864.00
2021/04/12,55.75,56.72,51.43,51.72,2263564,172925216.00
2021/04/13,51.82,56.02,51.72,54.67,2391023,187802128.00
2021/04/14,55.35,58.00,54.97,57.30,3037783,248373856.00
2021/04/15,57.32,58.31,56.04,57.82,1639671,134773152.00
2021/04/16,57.85,58.32,56.15,57.13,1208300,98887072.00
2021/04/19,57.13,60.53,56.48,59.47,2758993,234514544.00
2021/04/20,60.53,63.46,60.53,61.87,3670980,327624416.00
2021/04/21,61.64,64.16,60.67,62.92,2575679,231138480.00
2021/04/22,63.03,66.92,62.61,66.09,3131842,292521952.00
2021/04/23,65.67,73.25,65.32,69.96,3961163,396558336.00
2021/04/26,69.67,72.80,66.75,67.63,3941608,390283328.00
2021/04/27,67.63,68.96,65.80,68.21,1933712,185816336.00
2021/04/28,67.67,71.46,66.81,71.32,2612557,261693600.00
2021/04/29,70.68,71.42,68.74,71.38,1440859,144146976.00
2021/04/30,71.52,73.06,70.81,72.58,1516816,156635376.00
2021/05/06,73.17,74.45,69.16,71.52,1442162,147208800.00
2021/05/07,71.49,73.17,67.26,67.47,1859187,184680064.00
2021/05/10,67.73,72.81,67.73,71.25,1848894,186883280.00
2021/05/11,71.55,71.55,68.71,69.24,991713,98759936.00
2021/05/12,68.67,70.52,67.82,70.07,1054959,104743768.00
2021/05/13,69.10,69.85,65.67,69.39,1772459,171992944.00
2021/05/14,69.53,71.72,69.40,70.19,1127307,113595832.00
2021/05/17,70.42,76.26,70.17,75.80,2279420,238904864.00
2021/05/18,75.97,78.49,73.30,76.02,2036004,220317312.00
2021/05/19,75.70,87.65,74.97,84.92,2828446,329881088.00
2021/05/20,84.25,87.43,81.50,85.73,2411536,290994368.00
2021/05/21,84.68,89.96,84.37,87.39,2098922,259384720.00
2021/05/24,87.10,92.05,86.60,87.46,2112500,266930032.00
2021/05/25,87.46,91.58,87.10,90.25,1742314,222638640.00
2021/05/26,90.40,91.56,85.67,89.62,1338853,169831616.00
2021/05/27,90.26,96.59,90.25,94.39,1927422,256740496.00
2021/05/28,95.00,111.39,94.25,109.60,4526452,681427904.00
2021/05/31,109.25,116.38,107.89,114.60,2903380,463067136.00
2021/06/01,112.82,113.45,104.37,108.47,3014314,460704096.00
2021/06/02,108.52,110.32,99.71,101.39,2666044,392089728.00
2021/06/03,101.39,105.32,98.10,104.03,2932628,425468416.00
2021/06/04,102.11,109.75,101.40,104.24,2635912,398450976.00
2021/06/07,103.69,107.03,95.87,98.87,3220392,454829184.00
2021/06/08,99.04,105.66,96.42,99.07,2874168,411496096.00
2021/06/09,99.06,104.85,97.46,103.53,2175525,318015264.00
2021/06/10,104.38,111.41,101.48,110.50,2674303,409408224.00
2021/06/11,112.07,112.12,101.78,105.80,3107544,463738944.00
2021/06/15,106.36,107.72,101.92,102.16,1742390,257467040.00
2021/06/16,102.43,105.01,97.23,98.02,2402301,343864000.00
2021/06/17,99.40,103.79,99.40,101.67,1236686,179080688.00
2021/06/18,102.02,106.80,98.86,102.17,2047200,300129184.00
2021/06/21,104.31,107.55,102.37,104.20,1348189,200534480.00
2021/06/22,104.72,110.01,100.18,108.77,2055648,308362944.00
2021/06/23,107.17,109.86,101.96,103.09,2557352,383641056.00
2021/06/24,103.11,105.63,98.15,98.54,2437858,348569856.00
2021/06/25,97.52,102.37,97.02,98.60,2350332,331650048.00
2021/06/28,97.79,108.59,97.74,104.89,3720527,551748800.00
2021/06/29,104.30,106.20,102.15,103.98,2546438,376325248.00
2021/06/30,104.30,115.93,101.41,115.02,3457902,541131008.00
2021/07/01,115.78,117.06,107.59,108.95,2276881,358207648.00
2021/07/02,104.15,107.16,101.72,103.07,3311228,489775584.00
2021/07/05,102.16,106.40,100.45,102.22,2808148,407987680.00
2021/07/06,103.27,105.50,93.36,97.68,3708774,520182080.00
2021/07/07,95.73,104.16,93.63,102.65,3770131,534503072.00
2021/07/08,104.99,111.81,104.11,106.17,3514255,536383744.00
2021/07/09,107.29,114.30,104.80,110.01,3915218,606152000.00
2021/07/12,112.02,115.02,109.30,110.10,4325654,686099712.00
2021/07/13,109.78,112.02,104.93,107.59,2359179,359382272.00
2021/07/14,111.45,112.16,100.65,103.21,4055593,605448000.00
2021/07/15,101.45,104.57,100.02,103.35,2272754,331185056.00
2021/07/16,104.06,113.30,103.60,107.16,3655409,567835776.00
2021/07/19,106.85,110.65,100.73,101.36,3202300,473705856.00
2021/07/20,100.37,102.83,98.23,102.66,1839515,263540384.00
2021/07/21,102.90,105.72,98.60,103.73,2918576,425704640.00
2021/07/22,105.19,122.14,103.23,119.35,5369245,835401024.00
2021/07/23,118.52,129.47,116.03,118.45,4922422,843499328.00
2021/07/26,118.59,122.61,109.09,111.52,3724130,607467520.00
2021/07/27,112.73,117.16,103.47,103.60,3323602,516140128.00
2021/07/28,102.59,105.45,97.95,103.23,2175436,315723168.00
2021/07/29,107.16,109.02,104.52,108.55,2602635,395518400.00
2021/07/30,107.02,111.00,105.07,108.00,2657779,408106624.00
2021/08/02,109.27,114.65,107.16,111.44,2726292,428847392.00
2021/08/03,109.30,110.72,102.18,103.87,2421430,361024672.00
2021/08/04,103.95,114.52,103.49,113.82,3643589,571360000.00
2021/08/05,113.59,129.30,110.10,124.54,5107003,878839552.00
2021/08/06,134.17,144.15,128.60,134.30,4907193,939899776.00
2021/08/09,131.86,135.19,124.06,128.95,2699202,490927040.00
2021/08/10,129.93,131.30,122.41,125.35,2731076,488978432.00
2021/08/11,125.64,129.22,123.07,125.35,1688466,302144928.00
2021/08/12,125.29,128.95,123.87,125.90,1749833,311879520.00
2021/08/13,125.73,135.15,124.31,129.43,2563184,473556800.00
2021/08/16,131.45,132.80,116.45,116.89,2653884,449975648.00
2021/08/17,117.15,118.50,110.12,116.45,3201346,515558272.00
2021/08/18,116.37,119.28,112.16,116.45,1839047,301447552.00
2021/08/19,116.47,119.22,112.25,117.45,1546960,255001600.00
2021/08/20,117.72,120.03,114.30,118.25,1737548,290983840.00
2021/08/23,118.48,120.72,111.58,115.02,3397821,553998464.00
2021/08/24,114.25,119.95,112.59,119.32,3176120,525858080.00
2021/08/25,117.87,119.22,112.22,118.23,2738567,449383264.00
2021/08/26,117.20,120.65,114.09,114.37,1877788,310718048.00
2021/08/27,114.35,116.45,111.04,112.77,2484749,401049344.00
2021/08/30,112.77,117.87,112.59,114.95,2854501,464724512.00
2021/08/31,115.71,115.71,110.49,111.72,1744320,277196672.00
2021/09/01,110.57,111.56,100.02,102.87,4476927,655387008.00
2021/09/02,101.80,103.88,99.85,102.87,2231312,321728640.00
2021/09/03,102.03,103.60,98.71,101.45,2320646,334311296.00
2021/09/06,101.45,108.23,100.23,106.44,2390155,354694176.00
2021/09/07,107.28,110.01,104.16,108.87,1858383,285497696.00
2021/09/08,110.02,110.02,105.27,105.30,1591670,241409168.00
2021/09/09,105.57,108.85,104.50,107.09,1333293,201839920.00
2021/09/10,106.44,113.57,105.02,112.45,1818784,283191136.00
2021/09/13,113.73,119.93,111.05,118.16,2818469,467207808.00
2021/09/14,117.87,124.48,115.01,119.02,2344667,399100992.00
2021/09/15,119.73,123.50,116.80,119.96,1735996,293953088.00
2021/09/16,120.72,126.09,118.85,120.80,2912184,506914400.00
2021/09/17,119.43,123.64,117.87,123.10,2158148,369740608.00
2021/09/22,120.02,121.44,115.01,116.36,1951973,326879648.00
2021/09/23,118.69,121.80,114.99,116.36,1460617,244419216.00
2021/09/24,114.87,116.77,110.80,113.77,1754714,282574880.00
2021/09/27,114.22,117.15,107.87,110.11,1499798,237773904.00
2021/09/28,110.06,110.20,104.66,105.87,1179613,178266256.00
2021/09/29,104.57,107.48,101.85,102.07,1105233,162685984.00
2021/09/30,102.10,106.45,102.10,105.18,1106082,164959936.00
2021/10/08,107.16,110.02,105.22,105.73,1004204,152019424.00
2021/10/11,105.73,107.52,104.30,104.40,854438,128140216.00
2021/10/12,104.40,105.20,100.97,102.69,1063276,155374064.00
2021/10/13,102.44,107.51,101.74,106.95,1052464,155958176.00
2021/10/14,105.18,105.66,102.15,104.34,990271,146384304.00
2021/10/15,105.02,124.30,102.66,108.94,1610440,244900784.00
2021/10/18,108.94,109.38,104.66,107.87,1304554,198414208.00
2021/10/19,107.16,112.15,106.45,107.45,1553816,240056224.00
2021/10/20,106.52,110.73,105.75,109.68,1422165,219687328.00
2021/10/21,109.30,109.62,105.22,105.80,1177986,178430528.00
2021/10/22,105.49,106.25,100.56,101.80,1650917,241421664.00
2021/10/25,100.78,102.75,99.01,100.45,1703560,242804624.00
2021/10/26,101.72,104.79,100.45,100.72,1860194,269819520.00
2021/10/27,100.72,100.72,95.02,96.31,2776277,382966624.00
2021/10/28,96.85,101.28,94.01,99.55,2905835,407597504.00
2021/10/29,99.56,107.70,98.11,106.82,3764000,558094976.00
2021/11/01,107.87,111.87,105.88,107.30,2748101,422602240.00
2021/11/02,107.37,109.95,105.37,106.87,1867464,284471136.00
2021/11/03,108.02,108.02,103.15,103.66,1276001,189334496.00
2021/11/04,103.23,112.64,103.23,110.94,3089597,483385152.00
2021/11/05,111.26,122.80,110.98,117.27,4804932,804846464.00
2021/11/08,120.14,126.56,119.07,122.77,4112308,713928384.00
2021/11/09,123.23,125.75,121.38,122.87,2249185,393316672.00
2021/11/10,122.25,123.22,115.89,116.35,2537476,424074016.00
2021/11/11,120.16,127.54,117.23,119.77,4923759,843775488.00
2021/11/12,118.58,120.73,110.65,111.30,4470618,722156800.00
2021/11/15,111.29,111.29,105.05,109.10,3648682,558480384.00
2021/11/16,109.04,109.87,106.09,107.94,1747400,267251936.00
2021/11/17,109.66,110.47,107.15,110.35,2185459,337539168.00
2021/11/18,110.46,113.98,106.45,112.07,2721336,426629888.00
2021/11/19,114.24,129.22,114.24,128.60,5899846,1027590080.00
2021/11/22,130.02,141.54,127.87,135.93,5831938,1125288832.00
2021/11/23,140.37,143.59,134.75,140.70,3799434,755806528.00
2021/11/24,140.54,152.00,137.29,148.36,4371768,910444288.00
2021/11/25,148.77,150.27,142.17,142.87,2876687,587849152.00
2021/11/26,142.96,145.75,140.40,141.56,2093508,421751360.00
2021/11/29,142.87,144.38,137.36,143.24,2569795,516376896.00
2021/11/30,143.52,146.56,141.21,142.55,1752954,354106848.00
2021/12/01,142.79,148.38,138.49,139.92,2343070,467594048.00
2021/12/02,141.30,147.63,135.02,136.60,2616240,513989568.00
2021/12/03,136.15,138.36,130.57,133.04,2570835,486170208.00
2021/12/06,132.05,136.15,125.67,126.56,2515246,458685152.00
2021/12/07,127.83,128.44,118.59,120.84,2661409,456473888.00
2021/12/08,121.50,126.15,119.43,124.28,2450176,428453984.00
2021/12/09,124.28,125.54,120.43,121.34,1192894,206954240.00
2021/12/10,123.48,126.50,120.02,124.86,2136552,375192896.00
2021/12/13,124.76,124.80,118.80,119.70,2714662,462154496.00
2021/12/14,120.02,120.22,115.90,117.59,2031122,337392416.00
2021/12/15,117.90,118.47,115.30,116.84,1425863,235638816.00
2021/12/16,116.72,118.80,114.52,116.74,1617417,266827008.00
2021/12/17,116.67,116.72,112.16,112.27,1796180,289990816.00
2021/12/20,111.87,112.66,107.96,109.56,2159857,336537248.00
2021/12/21,108.60,119.37,108.60,115.73,2537958,409333600.00
2021/12/22,116.42,116.42,111.87,113.02,1655797,266839856.00
2021/12/23,113.03,115.37,111.63,113.67,1417480,228782592.00
2021/12/24,114.57,114.57,107.38,109.80,2802757,437136512.00
2021/12/27,108.59,113.01,105.35,107.42,2475172,378557568.00
2021/12/28,107.42,109.70,105.68,107.73,2088910,317163424.00
2021/12/29,107.94,108.25,104.07,106.06,2666502,399765088.00
2021/12/30,105.37,107.52,104.22,104.26,1742959,259922256.00
2021/12/31,104.30,107.57,103.63,106.81,1923909,288761952.00
2022/01/04,109.30,112.02,100.45,101.13,2691579,395217888.00
2022/01/05,100.09,102.80,95.74,97.68,2541076,353463488.00
2022/01/06,96.74,100.73,95.80,98.77,2431392,340232896.00
2022/01/07,99.30,99.35,95.87,96.09,2259929,310928832.00
2022/01/10,96.09,98.52,94.27,94.52,1903240,257547184.00
2022/01/11,94.52,95.24,89.52,89.66,2527691,328999008.00
2022/01/12,91.45,97.42,90.92,96.27,5282574,708559104.00
2022/01/13,97.08,100.01,92.52,96.27,5381284,735171200.00
2022/01/14,96.15,98.71,93.22,97.23,3772132,516735712.00
2022/01/17,97.45,107.86,95.21,103.87,7481388,1092918016.00
2022/01/18,104.55,107.11,100.75,105.97,5211125,775625216.00
2022/01/19,105.13,105.73,98.24,101.23,4095193,586173312.00
2022/01/20,98.72,100.25,95.28,95.67,3148580,434827520.00
2022/01/21,95.65,98.37,93.53,95.77,1918544,262705616.00
2022/01/24,94.37,97.52,92.95,95.92,2946953,399072032.00
2022/01/25,95.97,100.72,94.45,95.66,2733890,379540096.00
2022/01/26,95.73,97.72,93.73,96.30,2359150,321429344.00
2022/01/27,98.23,98.59,91.45,91.49,2413298,321605440.00
2022/01/28,87.87,93.50,76.68,91.97,9309419,1103512192.00
2022/02/07,89.67,90.02,84.43,87.09,3890839,483468320.00
2022/02/08,87.15,88.14,82.72,84.33,2723009,326361856.00
2022/02/09,83.59,85.07,82.26,84.30,1808464,216221840.00
2022/02/10,85.09,85.71,80.02,81.44,3773169,438750880.00
2022/02/11,81.70,85.93,80.45,82.32,2833188,336663424.00
2022/02/14,82.16,84.07,80.23,81.44,1883173,220160784.00
2022/02/15,82.51,85.44,81.53,85.35,2649559,316209408.00
2022/02/16,85.42,86.37,83.59,83.99,1903167,228969552.00
2022/02/17,83.93,92.79,83.46,90.95,4543465,578427328.00
2022/02/18,90.67,90.67,87.17,87.98,2344855,294698240.00
2022/02/21,88.69,88.69,86.23,86.65,1497061,185359056.00
2022/02/22,86.05,86.86,84.67,85.95,1533139,186743920.00
2022/02/23,86.11,90.96,85.86,88.95,2849522,360793504.00
2022/02/24,88.57,91.36,87.07,88.59,3094406,391932032.00
2022/02/25,90.35,92.16,88.99,90.12,2372211,304821344.00
2022/02/28,90.69,98.59,90.69,95.45,7237281,979551616.00
2022/03/01,96.83,97.16,91.59,91.70,3735249,498885696.00
2022/03/02,90.58,92.07,88.36,90.17,2240817,285911680.00
2022/03/03,91.00,91.10,85.81,86.92,3121006,387767712.00
2022/03/04,85.73,87.80,84.44,84.77,2018972,246579088.00
2022/03/07,84.30,84.30,81.38,81.59,1828838,214730912.00
2022/03/08,84.25,85.30,76.45,77.70,3420744,388038336.00
2022/03/09,76.28,77.65,71.85,75.62,2678720,287652992.00
2022/03/10,79.90,83.45,78.87,81.45,3108094,362000192.00
2022/03/11,79.29,82.52,78.79,81.75,1953874,224964352.00
2022/03/14,81.05,81.38,78.95,80.37,1699631,194325824.00
2022/03/15,80.83,84.52,79.93,82.39,3783883,445339392.00
2022/03/16,82.90,91.45,82.90,90.02,5856303,722314560.00
2022/03/17,92.52,95.72,90.45,90.45,5177284,681425472.00
2022/03/18,89.96,91.16,88.59,90.97,1942285,248494112.00
2022/03/21,93.59,96.89,92.22,93.37,5419711,727190464.00
2022/03/22,93.05,93.85,91.09,91.66,2366481,310820000.00
2022/03/23,92.52,93.27,90.87,90.95,2255713,294797952.00
2022/03/24,90.00,90.95,87.31,88.53,2287066,288215488.00
2022/03/25,87.87,89.27,84.22,85.31,1937742,236359712.00
2022/03/28,85.95,86.02,82.02,82.87,1516420,180075888.00
2022/03/29,84.50,84.50,81.45,82.40,1073874,126475984.00
2022/03/30,83.80,87.79,82.91,86.96,2540752,312075712.00
2022/03/31,86.79,86.80,82.52,82.70,1669489,198773232.00
2022/04/01,82.16,83.82,81.52,82.95,1101538,130017784.00
2022/04/06,82.16,82.45,79.71,80.97,1003953,115305872.00
2022/04/07,80.97,82.52,78.95,78.95,1257759,143882112.00
2022/04/08,78.99,80.65,77.47,77.80,1702263,191065040.00
2022/04/11,76.95,76.95,71.86,72.15,2498162,260648896.00
2022/04/12,72.15,73.48,70.59,72.76,1625029,166953776.00
2022/04/13,70.00,70.73,67.80,67.88,2887271,282928864.00
2022/04/14,68.37,69.37,64.35,65.42,2536446,239732416.00
2022/04/15,65.02,65.23,61.35,62.88,2816147,252200784.00
2022/04/18,62.47,64.24,60.44,63.74,2094949,188065264.00
2022/04/19,63.52,65.25,62.16,62.56,1800367,162848752.00
2022/04/20,62.94,63.04,59.72,60.17,1719661,149073040.00
2022/04/21,60.17,60.83,56.87,57.94,2208768,184600688.00
2022/04/22,58.11,58.75,56.27,56.55,1369646,112253728.00
2022/04/25,55.73,55.88,52.37,52.55,1719371,133601400.00
2022/04/26,53.09,53.71,50.99,51.75,1624647,121759752.00
2022/04/27,50.35,56.29,49.67,56.00,2920452,225318704.00
2022/04/28,54.70,57.54,54.30,56.30,2273388,182855520.00
2022/04/29,55.81,58.62,55.10,58.46,2795186,229346560.00
2022/05/05,57.33,58.74,56.47,57.30,2042059,168604288.00
2022/05/06,55.02,56.97,54.30,56.16,1736360,139728960.00
2022/05/09,56.15,56.84,54.89,55.73,1193046,95710976.00
2022/05/10,55.83,58.09,54.57,57.67,2084760,170541056.00
2022/05/11,58.30,65.37,58.30,63.23,4134228,372178624.00
2022/05/12,64.30,65.73,60.64,61.55,3139066,280679936.00
2022/05/13,62.74,62.92,60.42,61.59,1566323,137596288.00
2022/05/16,64.30,72.52,64.16,70.26,6099541,601128000.00
2022/05/17,71.12,74.52,69.02,73.10,4309331,443543456.00
2022/05/18,73.09,77.52,72.24,75.61,3033752,327054144.00
2022/05/19,75.02,75.22,70.67,74.90,3992475,416889376.00
2022/05/20,75.77,76.45,71.45,74.30,3344794,350964512.00
2022/05/23,74.07,75.02,71.92,73.34,2076631,215954976.00
2022/05/24,73.16,73.58,68.00,69.30,3278853,329834400.00
2022/05/25,68.57,69.56,65.70,67.31,2640055,252174176.00
2022/05/26,66.96,69.08,64.80,68.25,2044307,197374928.00
2022/05/27,68.35,71.25,67.99,68.35,1884700,186251920.00
2022/05/30,69.43,72.76,67.99,72.28,3337167,339763456.00
2022/05/31,71.91,73.90,70.88,73.90,2356931,242937984.00
2022/06/01,73.35,75.64,71.36,74.12,2394540,251114240.00
2022/06/02,73.67,77.27,72.29,76.56,5371955,580507008.00
2022/06/06,76.05,83.12,75.85,82.67,3036101,351237760.00
2022/06/07,82.41,84.29,80.85,83.39,2785242,327882016.00
2022/06/08,82.99,84.56,81.99,83.06,2157508,255049584.00
2022/06/09,82.14,84.46,81.78,83.94,2330969,275610048.00
2022/06/10,82.85,93.36,82.61,90.89,6945959,893710080.00
2022/06/13,90.89,92.39,88.05,90.49,4656792,601153600.00
2022/06/14,89.59,90.58,86.06,87.58,3303651,410945632.00
2022/06/15,87.64,90.13,83.71,83.71,5028432,610123072.00
2022/06/16,83.24,85.99,82.85,83.21,3916178,466710688.00
2022/06/17,82.51,91.64,82.51,91.09,5566683,712145280.00
2022/06/20,92.28,92.29,88.96,89.59,5676530,729456832.00
2022/06/21,89.14,90.13,85.64,87.28,2631677,327575232.00
2022/06/22,87.64,90.59,87.14,88.06,2801398,354385824.00
2022/06/23,88.09,89.74,86.69,88.96,2133722,268458464.00
2022/06/24,89.19,92.03,88.06,91.19,4376390,561523904.00
2022/06/27,91.19,91.77,89.06,89.82,5257269,676955072.00
2022/06/28,89.36,90.35,84.99,89.56,4551342,566845632.00
2022/06/29,89.31,91.42,86.76,87.21,5322668,677253504.00
2022/06/30,86.65,88.76,84.57,87.21,3854253,473609952.00
2022/07/01,86.22,90.49,86.22,87.64,3752168,471696032.00
2022/07/04,88.44,90.28,85.71,89.29,4499702,567842624.00
2022/07/05,93.40,97.99,88.71,91.56,7620338,993379456.00
2022/07/06,91.05,93.05,88.19,89.96,4890407,628993792.00
2022/07/07,89.96,94.78,88.76,93.85,7848373,1024092032.00
2022/07/08,97.86,102.31,96.96,98.71,13257417,1869460096.00
2022/07/11,100.05,101.49,93.42,98.03,7468731,1030286848.00
2022/07/12,97.28,99.91,91.69,94.29,6314878,853005888.00
2022/07/13,94.34,103.98,90.71,103.62,8645752,1206094208.00
2022/07/14,98.71,105.98,96.35,103.71,9742782,1385385216.00
2022/07/15,102.07,105.85,100.61,104.29,6098768,891763072.00
2022/07/18,106.06,110.49,105.14,108.41,7664622,1175806976.00
2022/07/19,108.00,111.56,103.36,106.78,4963425,758180736.00
2022/07/20,105.14,106.46,101.56,104.45,3349221,491392864.00
2022/07/21,104.46,107.88,102.55,102.72,2940891,435725152.00
2022/07/22,104.20,104.42,97.99,99.24,4838843,684632256.00
2022/07/25,99.48,99.80,91.28,92.58,6536566,877574080.00
2022/07/26,93.66,93.69,89.20,92.18,4229405,549380032.00
2022/07/27,91.94,91.94,88.40,89.80,3552090,453543200.00
2022/07/28,90.99,91.41,86.60,86.99,3591366,449124896.00
2022/07/29,87.94,89.48,87.16,87.42,3879965,486385760.00
2022/08/01,91.19,96.05,87.99,93.82,6969947,915449024.00
2022/08/02,91.99,92.56,88.71,89.06,4686057,600128000.00
2022/08/03,90.14,91.03,85.99,86.00,3854890,480885312.00
2022/08/04,86.72,87.39,83.41,84.56,3166015,382313760.00
2022/08/05,84.92,85.98,82.74,85.45,3123223,374975840.00
2022/08/08,85.85,88.69,84.43,87.99,2827061,351200928.00
2022/08/09,88.59,89.54,86.63,88.03,2702853,338337312.00
2022/08/10,87.64,87.64,83.81,84.42,2742149,332557024.00
2022/08/11,85.45,85.74,82.46,85.06,2604524,311271168.00
2022/08/12,84.43,85.84,83.76,85.06,1741171,210075024.00
2022/08/15,84.41,87.74,83.84,85.41,2425625,296253568.00
2022/08/16,85.62,88.12,84.56,86.44,3326550,408659232.00
2022/08/17,86.40,86.56,79.78,80.99,5589337,649013568.00
2022/08/18,80.73,81.48,77.69,79.11,4896196,550845824.00
2022/08/19,79.11,79.20,73.00,73.37,7868489,841739456.00
2022/08/22,73.56,76.81,71.34,76.81,5515363,588021056.00
2022/08/23,75.14,77.49,74.35,75.23,3576399,383948672.00
2022/08/24,75.89,76.42,70.05,70.35,5741106,586852608.00
2022/08/25,70.85,71.34,68.86,69.56,3558985,353826432.00
2022/08/26,70.48,71.41,69.21,69.60,2837052,284318432.00
2022/08/29,69.32,70.61,67.64,69.06,2718352,268452896.00
2022/08/30,69.41,70.54,68.08,68.33,3634158,356551360.00
2022/08/31,68.29,68.68,64.93,65.42,4664774,439222208.00
2022/09/01,65.56,65.98,64.25,64.61,2340439,216985952.00
2022/09/02,64.68,65.85,63.42,64.88,2864373,264441312.00
2022/09/05,64.16,64.99,63.56,64.43,2457670,225942864.00
2022/09/06,65.14,66.04,63.09,65.76,3703610,342280064.00
2022/09/07,65.14,68.16,64.50,67.14,4625884,442164480.00
2022/09/08,67.12,68.35,65.21,65.42,2976792,281880320.00
2022/09/09,65.30,67.35,64.82,67.06,2446208,231237424.00
2022/09/13,68.05,68.46,65.61,66.20,2983655,283131200.00
2022/09/14,64.85,65.80,64.15,64.87,2530329,233879056.00
2022/09/15,65.37,65.62,61.71,62.28,3872791,347674688.00
2022/09/16,62.28,62.62,60.55,61.35,2661419,234286864.00
2022/09/19,60.93,63.99,60.93,62.24,3000843,268840608.00
2022/09/20,62.53,65.37,62.35,62.64,3396054,309708224.00
2022/09/21,61.96,63.35,61.64,62.66,2124590,190133152.00
2022/09/22,62.36,63.23,61.35,61.84,2035684,180943312.00
2022/09/23,62.24,62.51,60.14,61.22,1977648,173265552.00
2022/09/26,61.48,64.02,60.22,62.28,3233086,289053888.00
2022/09/27,62.79,62.79,60.41,62.09,2440705,215171536.00
2022/09/28,62.00,62.11,58.29,59.29,3190627,272912128.00
2022/09/29,60.14,61.91,59.31,59.65,3174784,273620128.00
2022/09/30,60.34,60.78,58.21,58.26,2074733,175310240.00
2022/10/10,57.28,58.78,55.49,55.99,2564883,209289376.00
2022/10/11,56.12,58.85,55.21,55.66,4600033,374315424.00
2022/10/12,55.86,57.20,53.33,57.01,4858549,382475136.00
2022/10/13,57.01,58.66,55.78,56.49,4042608,331998464.00
2022/10/14,56.56,56.56,52.04,55.30,7732214,600033344.00
2022/10/17,54.76,57.28,54.07,56.64,5238940,419737984.00
2022/10/18,57.21,57.60,55.20,55.99,4209767,339117600.00
2022/10/19,55.76,58.36,55.55,55.85,5404782,442173664.00
2022/10/20,55.14,56.04,53.56,54.89,3970321,311275904.00
2022/10/21,54.87,54.95,53.36,53.65,3652645,282619520.00
2022/10/24,54.00,55.81,52.64,52.68,4264645,331046272.00
2022/10/25,52.71,54.51,51.33,53.41,3750794,285293728.00
2022/10/26,53.47,55.49,53.15,54.74,4552636,355906400.00
2022/10/27,55.14,55.85,53.01,53.01,3932266,305049120.00
2022/10/28,52.66,52.66,49.85,49.93,4571582,334986656.00
2022/10/31,50.14,52.28,49.73,50.23,4439752,323657408.00
2022/11/01,50.24,52.11,50.24,51.71,5539114,408477344.00
2022/11/02,51.90,56.92,51.70,56.17,7470153,587203904.00
2022/11/03,56.06,58.35,55.31,56.35,5513691,447183232.00
2022/11/04,57.62,60.63,56.45,59.82,8672485,731891136.00
2022/11/07,60.66,62.68,59.25,62.30,9264283,810819200.00
2022/11/08,62.99,65.53,60.62,61.26,9204204,822439680.00
2022/11/09,61.01,62.06,59.60,59.61,5898771,510703328.00
2022/11/10,59.39,59.99,55.41,55.41,10628464,865706368.00
2022/11/11,57.31,58.00,54.29,55.21,13020424,1036133568.00
2022/11/14,54.57,57.11,54.57,55.28,7870061,629323584.00
2022/11/15,55.49,58.56,54.49,58.49,8500590,693208768.00
2022/11/16,57.86,59.14,56.50,56.61,6643362,547263552.00
2022/11/17,56.26,56.31,53.99,54.94,6058925,474315648.00
2022/11/18,54.91,55.62,53.27,53.27,6470505,502778336.00
2022/11/21,52.29,55.69,52.11,55.23,8001046,622550208.00
2022/11/22,55.14,55.49,53.02,53.64,5696518,439671840.00
2022/11/23,53.56,54.41,52.49,53.64,4299857,329676096.00
2022/11/24,53.91,55.28,53.24,53.43,5306164,410770336.00
2022/11/25,52.78,53.34,51.72,51.91,4342659,325727840.00
2022/11/28,51.92,52.45,51.16,51.72,3526932,261808640.00
2022/11/29,51.92,52.59,50.99,51.98,4419656,329072000.00
2022/11/30,52.28,53.19,51.45,52.80,5784944,434859968.00
2022/12/01,53.71,54.55,52.91,53.17,6508678,500956256.00
2022/12/02,52.64,53.74,52.55,52.91,3976232,302279456.00
2022/12/05,53.14,53.28,51.96,52.30,4234003,317565152.00
2022/12/06,51.99,54.71,51.77,53.89,6090150,465945472.00
2022/12/07,53.56,56.94,53.42,55.32,9428252,752305216.00
2022/12/08,55.28,56.28,53.89,55.99,5907537,467753280.00
2022/12/09,56.21,56.55,54.78,55.24,4985799,395683744.00
2022/12/12,54.56,55.09,53.72,53.84,4003350,311204928.00
2022/12/13,53.92,54.21,52.20,52.26,4206296,318669984.00
2022/12/14,52.24,52.73,51.24,51.69,4038191,300461792.00
2022/12/15,51.68,52.74,50.23,52.14,7278596,534450496.00
2022/12/16,51.45,51.99,49.81,50.12,5327402,386541888.00
2022/12/19,49.74,52.91,49.74,50.67,7116125,526709248.00
2022/12/20,50.43,50.43,48.37,49.07,4129973,293112000.00
2022/12/21,49.09,49.85,48.11,48.47,4052464,283824032.00
2022/12/22,48.71,49.07,47.04,47.36,4846550,334408192.00
2022/12/23,47.14,47.64,46.29,46.61,2998055,202233776.00
2022/12/26,46.55,48.09,46.47,47.56,4248147,288363008.00
2022/12/27,47.97,48.28,47.04,47.94,4075792,279774528.00
2022/12/28,47.43,47.83,46.49,46.74,3915800,264676304.00
2022/12/29,46.74,48.21,46.49,46.97,4656111,315748896.00
2022/12/30,47.64,48.08,45.57,45.57,7426278,495682720.00
2023/01/03,45.03,46.63,44.30,46.55,6592006,432625632.00
2023/01/04,46.47,46.53,45.37,45.80,5647083,372246528.00
2023/01/05,45.97,49.21,45.81,48.64,10027886,688773440.00
2023/01/06,48.33,50.10,48.03,49.11,7184531,509610720.00
2023/01/09,50.06,50.48,48.64,48.86,6160192,437429152.00
2023/01/10,48.74,49.47,48.21,49.03,6322609,443269984.00
2023/01/11,49.03,49.31,48.26,48.31,4578630,320608256.00
2023/01/12,48.49,51.78,48.49,51.21,10245706,742870592.00
2023/01/13,51.74,52.39,50.44,50.66,8950764,655315712.00
2023/01/16,50.96,51.16,49.86,50.71,5417449,392282080.00
2023/01/17,50.42,52.20,50.14,50.61,4863039,355128288.00
2023/01/18,50.71,51.76,50.24,50.82,5561415,407387936.00
2023/01/19,50.49,50.82,49.99,50.71,3396405,246380288.00
2023/01/20,50.84,54.05,50.65,53.13,8218243,620111872.00
2023/01/30,55.85,56.21,53.71,53.96,8799901,689509056.00
2023/01/31,53.71,54.26,53.13,54.14,4935591,380503232.00
2023/02/01,54.06,55.24,53.92,55.07,6290936,492899232.00
2023/02/02,55.19,55.39,54.28,54.33,4281284,335014752.00
2023/02/03,54.06,54.42,52.96,53.66,4566662,350680640.00
2023/02/06,53.55,53.87,52.77,53.28,3564920,271826240.00
2023/02/07,53.35,53.71,52.67,53.11,3110947,237046208.00
2023/02/08,53.06,54.65,52.99,53.53,4465887,345091616.00
2023/02/09,53.46,53.64,52.85,53.57,3628617,277527040.00
2023/02/10,53.54,53.61,52.31,52.50,3481020,263792992.00
2023/02/13,52.51,53.34,51.85,52.06,5473412,411520576.00
2023/02/14,52.27,52.84,50.85,51.34,5770803,425969568.00
2023/02/15,51.36,51.99,51.03,51.56,3376815,249498816.00
2023/02/16,51.58,51.85,49.32,49.44,6692525,486750208.00
2023/02/17,49.44,50.01,48.87,48.87,3816447,270461984.00
2023/02/20,48.74,49.41,47.78,49.13,3673047,256409632.00
2023/02/21,49.14,49.85,48.71,49.06,3601014,255016880.00
2023/02/22,48.67,49.16,48.42,48.69,3717730,260307392.00
2023/02/23,48.71,49.40,48.67,49.06,3958511,279230048.00
2023/02/24,49.33,49.35,48.49,48.76,3754938,264067168.00
2023/02/27,48.49,48.91,48.11,48.15,2426301,168949648.00
2023/02/28,48.15,49.05,48.15,49.00,3320536,232404816.00
2023/03/01,48.93,49.10,48.71,49.05,2396271,168418720.00
2023/03/02,49.01,49.06,48.49,48.66,2703289,189177792.00
2023/03/03,48.80,49.04,48.31,48.66,2131023,149028560.00
2023/03/06,48.98,49.74,48.56,49.41,4160760,293845024.00
2023/03/07,49.26,49.72,48.14,48.19,3583762,252103200.00
2023/03/08,47.99,47.99,47.27,47.69,2788898,190886256.00
2023/03/09,47.71,48.54,47.67,48.39,2541193,176411488.00
2023/03/10,48.38,49.55,47.76,49.13,4443351,311623808.00
2023/03/13,48.89,49.99,48.50,49.54,3629416,256236560.00
2023/03/14,49.42,50.39,49.14,50.28,6031784,433351840.00
2023/03/15,50.36,51.31,49.56,49.82,4638569,335971456.00
2023/03/16,49.58,49.67,47.96,47.96,3595075,252007344.00
2023/03/17,48.06,49.96,48.06,49.21,5009637,352465600.00
2023/03/20,49.09,49.76,48.32,48.56,4097070,287574336.00
2023/03/21,48.50,49.35,48.48,49.08,3390737,238520688.00
2023/03/22,49.14,50.35,49.05,49.16,3690810,262640928.00
2023/03/23,49.20,49.56,48.71,48.92,3401857,239770880.00
2023/03/24,48.88,49.21,48.39,49.20,3566655,250084256.00
2023/03/27,49.06,50.76,48.86,50.64,6880787,494904224.00
2023/03/28,50.41,50.61,49.82,49.87,3279188,235960128.00
2023/03/29,50.21,50.84,49.69,49.88,3310929,238421136.00
2023/03/30,49.56,50.35,49.56,50.34,3509437,252741248.00
2023/03/31,50.56,51.24,49.84,49.89,4036990,292668064.00
2023/04/03,49.55,50.14,49.42,49.86,3670594,262949216.00
2023/04/04,49.87,49.96,47.84,47.85,5463117,379861280.00
2023/04/06,47.57,47.59,45.56,45.89,6434714,426476512.00
2023/04/07,45.86,46.91,45.71,46.30,3386186,226117200.00
2023/04/10,46.56,47.22,46.25,46.99,3102225,209051760.00
2023/04/11,46.93,47.24,46.49,47.03,2610912,176069728.00
2023/04/12,46.92,47.00,45.71,45.83,3140126,208116240.00
2023/04/13,45.78,45.88,44.95,44.97,2680490,174534192.00
2023/04/14,45.01,46.69,45.01,46.26,3747764,248158224.00
2023/04/17,46.76,47.54,46.26,46.58,3713333,250343024.00
2023/04/18,46.61,47.32,46.11,46.18,3693187,247628880.00
2023/04/19,46.31,46.86,45.71,46.56,2624246,174652192.00
2023/04/20,46.56,46.64,45.05,45.10,3181376,208651328.00
2023/04/21,45.24,46.03,44.44,44.54,3083461,200630432.00
2023/04/24,44.42,44.53,42.57,42.99,4095098,255765616.00
2023/04/25,42.96,43.06,40.41,40.92,5178258,308138528.00
2023/04/26,40.93,44.30,40.64,43.06,5961997,367037408.00
2023/04/27,43.07,43.73,42.16,42.42,3662967,226080784.00
2023/04/28,42.42,42.98,42.07,42.93,3200146,195993936.00
2023/05/04,42.75,43.52,42.43,42.93,2781159,171960400.00
2023/05/05,42.75,43.02,41.41,42.09,3419848,207850240.00
2023/05/08,41.99,42.69,41.52,42.06,3375993,204363248.00
2023/05/09,41.92,42.18,40.66,40.70,3518358,209806288.00
2023/05/10,40.57,42.59,40.52,41.69,4444916,266955824.00
2023/05/11,41.66,43.16,41.62,42.34,3592559,219802768.00
2023/05/12,42.14,42.85,41.45,41.66,2787378,168702640.00
2023/05/15,41.84,43.35,41.73,43.35,4690074,290569120.00
2023/05/16,43.29,43.58,42.80,43.28,2670478,166216480.00
2023/05/17,43.15,43.54,42.82,43.09,2042001,126891168.00
2023/05/18,43.07,43.17,42.16,42.51,2259958,138832016.00
2023/05/19,42.69,42.74,42.11,42.31,1706165,104446800.00
2023/05/22,42.24,42.79,41.71,42.79,2085341,127256568.00
2023/05/23,43.02,43.16,42.34,42.34,2070184,127690400.00
2023/05/24,42.42,42.83,42.00,42.01,2178766,133160088.00
2023/05/25,42.14,42.63,41.67,42.06,2302284,140018608.00
2023/05/26,42.06,42.06,40.91,41.28,2057462,122837000.00
2023/05/29,41.32,41.53,40.26,40.68,2678728,157333440.00
2023/05/30,40.56,40.94,39.44,40.09,3379938,196105408.00
2023/05/31,40.06,40.25,39.07,39.83,3480898,198653376.00
2023/06/01,39.29,43.92,39.14,43.39,13753084,838575232.00
2023/06/02,43.62,44.54,43.31,43.99,6522184,412019776.00
2023/06/05,44.21,44.32,43.27,44.10,3088003,194917296.00
2023/06/06,44.14,44.17,43.28,43.32,2867502,180131200.00
2023/06/07,43.48,43.84,42.50,42.71,3286591,203634032.00
2023/06/08,42.90,43.96,42.71,43.64,4942141,310479648.00
2023/06/09,43.68,45.06,43.68,44.19,8511365,543785984.00
2023/06/12,43.85,44.58,43.48,43.68,3316891,209968016.00
2023/06/13,43.68,44.03,43.02,43.15,2250745,140142752.00
2023/06/14,43.18,43.48,42.64,42.82,2621899,161368432.00
2023/06/15,42.82,43.82,41.96,43.46,4206716,260908304.00
2023/06/16,43.52,43.80,42.82,43.25,3411984,212200048.00
2023/06/19,43.41,43.60,42.03,42.15,3630210,222164272.00
2023/06/20,42.04,42.34,41.61,41.66,2607428,156675008.00
2023/06/21,41.61,42.31,40.75,40.75,2836549,169088096.00
2023/06/26,40.61,41.63,40.14,40.68,3029234,177376864.00
2023/06/27,40.68,41.31,39.91,40.53,3073433,178910656.00
2023/06/28,40.47,41.68,40.26,41.37,3799150,224402592.00
2023/06/29,41.38,41.81,40.90,40.91,2240992,132821984.00
2023/06/30,40.90,42.23,40.79,41.93,3742115,224744864.00
2023/07/03,41.89,42.68,41.75,41.98,2528032,153201024.00
2023/07/04,41.95,42.12,41.62,41.75,1906289,114410104.00
2023/07/05,41.85,42.02,41.41,41.56,2052399,122940128.00
2023/07/06,41.43,41.52,40.76,40.84,2005219,118154688.00
2023/07/07,40.68,40.68,40.18,40.25,1644406,95510528.00
2023/07/10,40.26,41.83,40.26,41.06,2722025,161319216.00
2023/07/11,41.00,41.27,40.43,41.27,1964327,115338456.00
2023/07/12,41.24,41.71,40.82,41.21,1883305,111497272.00
2023/07/13,41.36,42.18,41.24,41.70,2625527,156771168.00
2023/07/14,41.62,41.70,40.86,41.21,3507417,207969344.00
2023/07/17,41.02,41.66,40.89,41.33,1520174,90203120.00
2023/07/18,41.52,41.72,40.76,41.21,1994148,117980216.00
2023/07/19,41.03,41.38,40.83,40.91,1487000,87673224.00
2023/07/20,41.08,41.96,41.03,41.31,3246678,193789808.00
2023/07/21,41.23,42.11,40.59,41.61,3079709,183730224.00
2023/07/24,41.50,41.61,40.53,40.56,2516927,147577008.00
2023/07/25,40.87,41.66,40.68,41.59,3486332,206965888.00
2023/07/26,41.60,42.25,41.43,41.96,2458912,148135216.00
2023/07/27,42.25,43.00,41.75,41.76,4400866,267627152.00
2023/07/28,41.62,42.45,41.28,42.26,2877811,173136656.00
2023/07/31,42.35,43.34,42.35,43.08,3589316,221773360.00
2023/08/01,43.16,43.52,42.75,43.16,2135588,132166088.00
2023/08/02,43.03,43.38,42.83,43.08,1654879,102387816.00
2023/08/03,43.03,43.78,42.93,43.73,2690770,167692800.00
2023/08/04,43.93,44.52,43.40,43.53,2976026,187425216.00
2023/08/07,43.43,43.53,42.84,43.15,1929112,119370944.00
2023/08/08,42.96,43.31,42.78,43.21,1259147,77908552.00
2023/08/09,43.18,43.48,42.96,43.43,1390589,86475744.00
2023/08/10,43.32,43.78,43.26,43.36,1629876,101719816.00
2023/08/11,43.23,43.64,42.32,42.33,2099363,128972128.00
2023/08/14,42.46,42.50,41.38,41.60,1570325,94201168.00
2023/08/15,41.68,41.86,40.93,41.11,1300494,77097816.00
2023/08/16,41.01,41.67,40.83,40.95,1370639,81065584.00
2023/08/17,41.02,41.34,40.61,41.16,1686116,99448856.00
2023/08/18,41.18,41.82,40.51,40.53,1855966,109923904.00
2023/08/21,40.32,40.64,39.61,39.61,1788255,103066816.00
2023/08/22,39.77,40.11,37.49,38.23,3780668,209034752.00
2023/08/23,38.23,38.23,36.79,36.93,3047543,164393344.00
2023/08/24,37.08,37.39,36.63,37.08,2218860,118592848.00
2023/08/25,37.27,38.46,37.04,37.66,3009988,163147600.00
2023/08/28,39.79,40.32,37.63,37.73,3091088,173004224.00
2023/08/29,37.88,38.90,37.64,38.60,3081943,170819232.00
2023/08/30,38.74,38.87,38.09,38.39,2454844,136050720.00
2023/08/31,38.43,38.43,37.68,38.09,2550405,139618272.00
2023/09/01,38.31,38.51,37.68,38.07,1445490,79180160.00
2023/09/04,38.16,38.51,37.73,38.43,2127982,117199680.00
2023/09/05,38.29,38.60,38.05,38.36,1638288,90479760.00
2023/09/06,38.29,38.52,37.96,38.48,1510134,83231000.00
2023/09/07,38.48,38.48,37.39,37.45,2428900,132070344.00
2023/09/08,37.46,37.68,36.76,37.26,2033252,108790312.00
2023/09/11,37.26,37.73,36.64,37.65,2851200,152848048.00
2023/09/12,37.51,38.31,37.43,37.68,1832826,99997936.00
2023/09/13,37.53,37.74,36.88,37.23,2002400,107441712.00
2023/09/14,37.03,37.21,35.96,36.93,3712127,195875408.00
2023/09/15,36.93,36.97,36.22,36.38,1791000,94382704.00
2023/09/18,36.23,37.34,36.18,36.58,2615960,138880080.00
2023/09/19,36.58,36.58,35.71,35.71,2304000,119329216.00
2023/09/20,35.72,35.84,35.00,35.00,2126916,108410360.00
2023/09/21,34.98,35.31,34.66,34.73,2100096,105806288.00
2023/09/22,34.76,35.73,34.53,35.41,3171864,160962832.00
2023/09/25,35.36,35.41,34.82,35.09,1955368,99052728.00
2023/09/26,35.06,35.17,34.48,34.62,2664123,133597488.00
2023/09/27,34.65,35.72,34.60,35.23,2939918,149799088.00
2023/09/28,35.33,35.64,35.04,35.07,1965093,99947240.00
2023/10/09,34.88,35.39,34.68,35.14,2028206,102683432.00
2023/10/10,35.14,35.71,34.61,34.61,2620698,132651384.00
2023/10/11,34.78,34.97,34.32,34.36,2486243,124318112.00
2023/10/12,34.65,35.75,34.57,35.74,5965994,304187392.00
2023/10/13,35.53,35.53,34.91,35.21,2847725,144569408.00
2023/10/16,35.21,35.23,34.26,34.48,2644130,131970872.00
2023/10/17,35.82,37.93,35.64,36.66,8932844,473880128.00
2023/10/18,37.06,37.68,36.68,36.86,6808996,365031936.00
2023/10/19,36.50,36.75,35.65,35.65,4786570,249087552.00
2023/10/20,35.63,37.31,35.42,36.54,6233829,328703776.00
2023/10/23,36.37,36.38,34.61,34.81,4390421,224198304.00
2023/10/24,35.01,35.53,34.38,35.32,3612734,182537968.00
2023/10/25,35.75,36.56,35.54,35.55,3663073,189827296.00
2023/10/26,35.18,35.45,34.30,35.28,3823418,192039360.00
2023/10/27,35.07,38.03,34.86,37.77,9819763,526840544.00
2023/10/30,37.46,38.66,37.25,38.03,5471760,299920000.00
2023/10/31,38.01,38.14,37.22,37.75,3199480,173326688.00
2023/11/01,37.76,38.23,37.15,37.78,2980313,161796800.00
2023/11/02,37.70,37.92,37.08,37.10,2408423,129673504.00
2023/11/03,37.22,37.68,37.02,37.41,2458305,132489704.00
2023/11/06,37.47,38.78,37.47,38.69,4497571,248217392.00
2023/11/07,38.46,38.81,37.96,38.60,2916204,161263728.00
2023/11/08,38.49,38.81,38.20,38.59,2663919,147850240.00
2023/11/09,38.61,38.72,38.11,38.13,2820808,156031344.00
2023/11/10,37.95,38.21,37.68,37.96,1984848,108484512.00
2023/11/13,38.18,38.38,37.49,37.76,2304498,125413120.00
2023/11/14,37.76,37.93,36.94,37.26,3167728,170719616.00
2023/11/15,37.66,37.95,37.43,37.54,3848143,208977232.00
2023/11/16,37.18,37.56,36.53,36.56,3604853,191601456.00
2023/11/17,36.56,37.23,36.47,37.23,3147615,167770704.00
2023/11/20,37.06,37.18,36.40,36.73,2803794,148464512.00
2023/11/21,36.97,37.26,36.30,36.31,3187231,168930896.00
2023/11/22,36.26,36.60,35.69,35.69,2373900,123287944.00
2023/11/23,35.71,36.03,35.71,35.91,1511040,78257736.00
2023/11/24,35.83,35.94,35.26,35.28,1858105,95074800.00
2023/11/27,35.29,35.59,34.88,35.05,1780946,90268120.00
2023/11/28,35.03,35.43,34.96,35.21,1831692,93018008.00
2023/11/29,35.13,35.25,34.53,34.65,2130600,106968536.00
2023/11/30,34.63,34.67,33.61,34.01,3386701,166593888.00
2023/12/01,34.05,34.11,33.50,33.86,2532490,123639408.00
2023/12/04,33.81,33.83,33.28,33.52,2523090,122439632.00
2023/12/05,33.37,33.87,32.89,32.89,2854603,137656224.00
2023/12/06,32.76,34.17,32.76,33.49,4508121,219808480.00
2023/12/07,33.38,33.71,33.02,33.41,3234964,156020832.00
2023/12/08,33.61,33.96,33.34,33.53,4977506,242347488.00
2023/12/11,33.18,33.36,32.48,33.17,3422743,162764320.00
2023/12/12,33.06,33.18,32.76,32.89,1748050,83220536.00
2023/12/13,32.77,32.84,31.33,31.35,4059530,187701472.00
2023/12/14,31.74,32.07,31.06,31.11,2847210,129595464.00
2023/12/15,31.38,31.66,30.90,30.96,2421384,109514688.00
2023/12/18,30.80,30.98,29.96,30.31,2464799,108897624.00
2023/12/19,30.23,30.86,30.13,30.53,2162325,95771760.00
2023/12/20,30.53,30.73,29.91,29.93,2110331,92587360.00
2023/12/21,29.74,30.78,29.74,30.37,2994295,131700856.00
2023/12/22,30.46,31.53,29.98,31.03,3847047,172202800.00
2023/12/25,31.08,31.97,31.03,31.49,2961000,135490480.00
2023/12/26,31.39,31.81,31.16,31.59,2293263,104557536.00
2023/12/27,31.78,31.87,31.26,31.51,2017263,92123424.00
2023/12/28,31.48,33.72,31.48,33.68,5551393,265403344.00
2023/12/29,33.61,34.13,33.43,33.98,3555783,174104416.00
2024/01/02,33.77,33.98,33.36,33.39,2761210,133870848.00
2024/01/03,33.35,33.66,33.08,33.46,2423300,116942976.00
2024/01/04,33.38,33.60,32.89,33.13,2301334,110179024.00
2024/01/05,33.13,33.99,32.31,32.46,3352546,159984720.00
2024/01/08,32.36,32.96,31.83,31.86,2212620,103190144.00
2024/01/09,31.98,32.73,31.26,31.97,2858448,132530200.00
2024/01/10,31.93,32.93,31.39,31.98,2929727,136706176.00
2024/01/11,32.17,33.41,31.98,33.07,3358712,159424272.00
2024/01/12,32.90,33.73,32.75,33.56,4860246,235220736.00
2024/01/15,33.42,33.61,32.34,32.51,3221414,152563904.00
2024/01/16,32.55,34.00,32.31,33.83,5150457,248453632.00
2024/01/17,33.72,33.72,32.86,32.86,3355716,161526368.00
2024/01/18,32.46,33.53,32.38,33.48,4692353,223309216.00
2024/01/19,33.44,34.75,33.18,33.48,4458850,219034864.00
2024/01/22,33.36,33.41,31.61,32.39,6449062,304982560.00
2024/01/23,32.39,33.44,31.76,33.03,3661399,173686816.00
2024/01/24,32.89,33.09,31.28,32.38,4352487,202289792.00
2024/01/25,32.01,32.78,31.53,32.66,3442230,161252048.00
2024/01/26,32.44,33.21,32.18,32.18,2854556,134562128.00
2024/01/29,32.18,32.32,30.47,30.48,3452328,156016080.00
2024/01/30,30.39,30.66,29.61,29.62,2289152,100234088.00
2024/01/31,29.73,31.78,29.71,30.00,4140586,183721008.00
2024/02/01,29.61,31.25,29.38,30.39,3577895,157215664.00
2024/02/02,30.29,30.49,28.09,28.76,4564863,193032480.00
2024/02/05,28.43,29.32,26.06,28.51,6444029,260808448.00
2024/02/06,28.18,30.22,27.95,30.15,4595885,195980080.00
2024/02/07,29.76,31.51,29.76,31.13,5620998,252759536.00
2024/02/08,31.21,32.03,31.01,31.85,4925019,225883232.00
2024/02/19,31.88,32.10,31.25,31.88,3045060,140073504.00
2024/02/20,31.81,31.81,30.82,31.08,2655633,120141344.00
2024/02/21,31.08,32.16,30.84,31.65,3049507,139869456.00
2024/02/22,32.30,32.30,31.19,31.51,2901612,132552360.00
2024/02/23,31.51,31.75,31.11,31.61,3129049,142705840.00
2024/02/26,31.56,31.75,30.98,31.36,3360026,152877776.00
2024/02/27,31.20,31.96,31.11,31.95,3060453,139845216.00
2024/02/28,32.38,33.48,31.52,31.54,6040949,285839104.00
2024/02/29,31.43,32.76,31.16,32.76,4258853,199028000.00
2024/03/01,32.94,33.58,32.59,33.08,3964685,189740368.00
2024/03/04,33.03,33.46,32.69,32.89,2894321,138139472.00
2024/03/05,32.76,33.01,32.38,32.59,3143813,148580512.00
2024/03/06,32.39,33.51,32.39,32.88,3463648,165522832.00
2024/03/07,32.89,33.30,32.14,32.16,3296160,155876320.00
2024/03/08,32.32,32.84,31.96,32.65,2808710,132147952.00
2024/03/11,33.32,36.66,33.32,36.66,11354785,577150912.00
2024/03/12,36.75,37.86,36.68,37.11,8907994,477307008.00
2024/03/13,36.93,38.96,36.75,38.18,8179335,447715392.00
2024/03/14,38.04,38.17,36.86,37.17,5229121,282817088.00
2024/03/15,37.26,38.30,36.31,37.56,6100640,326059296.00
2024/03/18,37.81,38.92,37.81,38.74,7266752,402516928.00
2024/03/19,38.62,39.03,38.18,38.76,4956211,276755104.00
2024/03/20,38.73,38.91,37.76,38.14,3907763,214936208.00
2024/03/21,38.32,38.45,37.86,38.03,2610545,143246608.00
2024/03/22,37.85,38.03,36.23,36.34,5591631,296871456.00
2024/03/25,36.36,37.16,35.78,36.26,3050595,161191584.00
2024/03/26,36.26,37.82,36.06,37.43,4193293,223877200.00
2024/03/27,37.31,37.38,35.96,35.98,2416131,127799328.00
2024/03/28,36.20,36.82,35.75,35.99,2359396,123337824.00
2024/03/29,35.93,37.59,35.90,37.00,3323075,177415136.00
2024/04/01,37.00,38.81,36.98,38.20,5039244,277353888.00
2024/04/02,38.26,39.71,37.62,39.11,6824301,381381824.00
2024/04/03,38.93,40.30,38.79,39.07,6529495,371752672.00
2024/04/08,38.59,39.68,37.18,37.31,5008865,275279808.00
2024/04/09,37.35,41.57,37.25,40.64,9656223,551167744.00
2024/04/10,40.57,40.57,39.29,40.01,5489003,313803232.00
2024/04/11,39.61,39.86,38.51,39.18,4627363,260975152.00
2024/04/12,39.18,39.19,37.68,37.81,3943146,217283472.00
2024/04/15,37.38,39.15,36.98,37.56,4365131,238472080.00
2024/04/16,37.44,37.44,35.41,35.45,5041569,262634512.00
2024/04/17,36.50,37.49,36.05,36.43,4838988,256205296.00
2024/04/18,36.31,36.75,35.33,35.97,4871918,253828192.00
2024/04/19,35.68,35.83,34.75,35.53,3476256,176965184.00
2024/04/22,35.53,36.71,35.11,35.26,3411447,176143360.00
2024/04/23,35.48,35.74,33.83,34.11,4488952,223475792.00
2024/04/24,34.77,34.96,33.83,34.17,3367467,166808976.00
2024/04/25,34.11,34.65,33.68,33.76,3848769,189790832.00
2024/04/26,33.76,35.28,33.59,35.26,5066693,254131552.00
2024/04/29,35.31,36.86,35.31,36.63,5961988,312571552.00
2024/04/30,36.33,36.76,36.06,36.36,3712805,195252688.00
2024/05/06,37.00,37.46,36.78,36.95,4405404,235524128.00
2024/05/07,36.75,37.00,36.43,36.71,3958575,209652864.00
2024/05/08,36.68,36.78,36.03,36.12,2495516,130719560.00
2024/05/09,36.91,38.46,36.75,38.01,6914524,376772960.00
2024/05/10,37.96,37.96,36.76,36.88,4774824,255609888.00
2024/05/13,36.23,36.38,35.40,36.03,3405197,176799920.00
2024/05/14,35.89,36.25,35.76,35.98,2223540,115483784.00
2024/05/15,35.80,36.53,35.01,35.05,2840745,145436576.00
2024/05/16,35.12,35.56,34.98,34.98,2257729,114948296.00
2024/05/17,34.95,36.39,34.78,36.36,3557709,182935456.00
2024/05/20,36.45,37.68,36.30,36.60,3875342,205744176.00
2024/05/21,36.57,37.03,36.26,36.51,2702273,142614320.00
2024/05/22,36.51,37.28,36.44,37.13,3725339,198142224.00
2024/05/23,37.15,37.41,36.25,36.53,3102245,163629936.00
2024/05/24,36.53,37.23,36.40,36.62,4041087,214993264.00
2024/05/27,37.09,37.31,35.33,36.03,4474305,232269328.00
2024/05/28,35.80,36.01,34.76,34.76,3395612,173162192.00
2024/05/29,34.73,35.90,34.61,35.25,5984080,212596784.00
2024/05/30,35.22,35.64,34.97,35.15,4192662,148968624.00
2024/05/31,35.03,35.48,34.99,35.06,3203320,113687680.00
2024/06/03,34.90,35.23,33.92,34.21,4854012,167640640.00
2024/06/04,34.07,35.39,33.77,35.27,4527105,158135664.00
2024/06/05,35.08,36.07,34.98,35.07,3119998,110859248.00
2024/06/06,35.01,35.42,34.18,34.35,4334103,151568256.00
2024/06/07,34.46,34.93,33.30,33.48,4455865,152599312.00
2024/06/11,33.70,34.82,33.24,34.72,5615071,194062672.00
2024/06/12,34.59,36.04,34.52,34.78,4790515,170088320.00
2024/06/13,34.82,36.22,34.70,35.54,4843561,173368704.00
2024/06/14,35.48,35.54,34.65,34.95,5832979,205317840.00
2024/06/17,34.66,36.30,34.54,35.67,6799662,244206048.00
2024/06/18,35.60,35.72,34.22,34.39,6099647,213702304.00
2024/06/19,34.02,34.10,33.13,33.36,5234240,176448576.00
2024/06/20,33.11,33.24,32.13,32.17,4899380,161028672.00
2024/06/21,32.00,32.33,31.62,31.99,3329020,107370280.00
2024/06/24,31.87,31.88,30.97,31.22,4152281,131173008.00
2024/06/25,31.32,31.77,30.57,30.80,4545362,142936480.00
2024/06/26,30.78,32.06,30.43,32.01,4903582,155479584.00
2024/06/27,31.82,32.09,31.18,31.21,2857942,90904000.00
2024/06/28,31.18,31.67,30.52,30.71,4133185,129624360.00
2024/07/01,30.32,31.30,30.02,31.11,3069444,94898408.00
2024/07/02,31.09,31.09,30.40,30.45,2405994,74530184.00
2024/07/03,30.57,31.01,30.07,30.42,2372560,72891320.00
2024/07/04,30.36,30.66,29.42,29.48,4012089,120798112.00
2024/07/05,29.23,29.66,29.00,29.15,3566120,105099568.00
2024/07/08,29.11,29.11,28.20,28.34,3887486,112157536.00
2024/07/09,28.30,28.38,27.56,28.00,5928057,167425440.00
2024/07/10,27.92,29.10,27.77,28.00,5775460,165691488.00
2024/07/11,28.56,29.41,28.46,28.95,7392277,215956848.00
2024/07/12,29.01,29.21,28.42,28.63,6884559,199538560.00
2024/07/15,29.72,29.87,28.62,29.24,7961752,234423200.00
2024/07/16,29.22,30.03,29.02,29.94,7177288,215482304.00
2024/07/17,29.75,30.12,29.44,29.82,5418667,162876816.00
2024/07/18,29.52,31.12,29.23,30.69,7475549,228688848.00
2024/07/19,30.57,31.21,30.22,31.08,5858192,181995552.00
2024/07/22,30.97,31.52,30.32,30.56,5743683,177897584.00
2024/07/23,30.49,30.58,29.28,29.31,4381670,132453816.00
2024/07/24,29.16,29.38,28.47,28.66,3680334,107513304.00
2024/07/25,28.12,29.35,27.86,28.94,4505100,130771296.00
2024/07/26,28.94,29.91,28.85,29.03,4608830,136008032.00
2024/07/29,29.02,29.21,28.00,28.05,4885876,139280112.00
2024/07/30,27.90,28.20,27.56,28.11,3611403,101574872.00
2024/07/31,28.05,29.58,27.73,29.57,5851200,170866000.00
2024/08/01,29.48,29.80,28.98,29.15,4085842,120969368.00
2024/08/02,28.94,29.57,28.80,29.02,3612378,106458464.00
2024/08/05,28.72,29.69,28.64,28.67,4876068,143901232.00
2024/08/06,29.15,29.49,28.74,29.19,3587808,105266424.00
2024/08/07,29.19,29.32,28.82,28.83,2830171,82920968.00
2024/08/08,28.73,29.03,28.45,28.59,3247227,94048704.00
2024/08/09,28.83,29.11,28.30,28.30,2611013,75350160.00
2024/08/12,28.26,28.50,27.70,27.78,4095909,115864232.00
2024/08/13,27.69,28.24,27.47,28.07,4116259,115862128.00
2024/08/14,27.94,28.35,27.49,27.49,2885876,80614432.00
2024/08/15,27.31,27.87,26.96,27.51,3739346,103673400.00
2024/08/16,27.60,27.67,27.24,27.24,2476881,68549232.00
2024/08/19,27.22,27.67,26.92,26.93,2950485,81103464.00
2024/08/20,27.10,27.32,26.43,26.54,3470932,93928088.00
2024/08/21,26.49,27.92,26.33,27.26,6015954,165582080.00
2024/08/22,27.49,27.79,27.12,27.18,4985041,138073232.00
2024/08/23,26.97,27.48,26.73,27.22,3705640,101587744.00
2024/08/26,26.93,28.57,26.93,27.85,6250861,176552240.00
2024/08/27,27.71,27.97,26.92,27.11,4640670,127747936.00
2024/08/28,26.83,27.58,26.77,27.47,3138853,86279296.00
2024/08/29,27.44,28.57,27.32,28.16,5576189,157570672.00
2024/08/30,28.16,29.02,27.87,28.62,7174247,206538784.00
2024/09/02,28.45,28.97,27.81,27.83,4207130,119939264.00
2024/09/03,27.86,28.82,27.66,28.30,5358292,153256032.00
2024/09/04,28.11,29.07,27.97,28.97,7799062,226809264.00
2024/09/05,28.92,30.15,28.84,29.17,6855710,202938528.00
2024/09/06,29.03,29.56,28.67,29.16,5212482,153529248.00
2024/09/09,28.85,29.37,28.37,28.67,4406845,127660400.00
2024/09/10,28.52,28.92,27.87,28.31,3623795,103333176.00
2024/09/11,28.30,29.56,28.17,29.32,7556075,221819632.00
2024/09/12,29.25,29.49,28.88,28.96,4589152,135054128.00
2024/09/13,29.05,29.20,27.93,27.97,4215826,120470320.00
2024/09/18,27.94,28.16,27.46,28.05,3038713,85153688.00
2024/09/19,28.46,29.11,27.90,28.50,4676294,135072368.00
2024/09/20,28.42,28.42,27.49,27.72,5502597,154465152.00
2024/09/23,27.56,27.88,27.16,27.20,4273487,118234584.00
2024/09/24,27.44,28.98,27.12,28.97,8250721,234494144.00
2024/09/25,29.49,29.86,29.08,29.20,7996885,238246240.00
2024/09/26,28.99,30.31,28.73,30.31,7561585,225697440.00
2024/09/27,31.01,34.45,30.92,33.35,14146205,465089728.00
2024/09/30,36.32,39.88,35.21,39.88,23046744,875202752.00
2024/10/08,47.91,47.91,43.49,47.91,32789621,1529662720.00
2024/10/09,45.52,47.17,40.82,41.05,25148275,1114036224.00
2024/10/10,41.72,43.00,40.01,40.22,14160976,588635712.00
2024/10/11,40.22,40.22,37.02,37.50,11601438,446371968.00
2024/10/14,38.52,38.92,36.72,37.76,13842872,525374880.00
2024/10/15,37.86,38.31,36.66,36.75,10502810,393897312.00
2024/10/16,35.60,36.65,35.58,36.00,8600804,310334976.00
2024/10/17,36.50,36.83,35.61,35.61,7235470,261495920.00
2024/10/18,35.67,39.56,35.46,38.05,16055915,599128512.00
2024/10/21,38.40,39.53,38.20,38.51,15887441,615283520.00
2024/10/22,38.38,38.70,37.62,38.44,9804126,374195424.00
2024/10/23,38.71,39.79,37.99,39.22,14596418,568446080.00
2024/10/24,39.16,39.20,37.82,37.99,9214265,353046848.00
2024/10/25,38.00,41.48,38.00,40.57,18534374,744095872.00
2024/10/28,41.11,41.28,39.52,40.04,9822074,393403424.00
2024/10/29,40.00,40.85,38.85,39.36,9746562,386324000.00
2024/10/30,38.10,38.53,37.08,37.48,12135062,457985920.00
2024/10/31,37.55,39.38,37.10,38.43,11295289,433676704.00
2024/11/01,38.17,41.00,38.10,38.98,14934905,593088448.00
2024/11/04,39.37,40.50,38.96,39.38,9873548,390061472.00
2024/11/05,39.14,41.48,38.97,41.37,17487856,708818560.00
2024/11/06,43.45,47.50,43.45,43.99,28902487,1308697344.00
2024/11/07,44.20,45.38,43.33,44.69,17545684,778477440.00
2024/11/08,45.06,47.38,44.03,44.03,19088611,868998784.00
2024/11/11,43.50,47.28,43.05,46.75,20875128,949554688.00
2024/11/12,46.91,47.80,44.29,44.89,18053084,824989120.00
2024/11/13,44.01,45.28,43.45,44.66,11039199,487533952.00
2024/11/14,44.88,45.40,42.60,42.63,10535881,460538848.00
2024/11/15,42.35,43.06,41.08,41.08,10561442,443550560.00
2024/11/18,41.20,41.54,39.40,39.80,12498759,504982752.00
2024/11/19,40.00,41.79,39.31,41.67,11288395,458057888.00
2024/11/20,41.50,42.30,40.99,41.56,11108886,461234752.00
2024/11/21,41.34,42.00,40.88,41.34,6774392,280394048.00
2024/11/22,41.35,41.40,39.30,39.35,8726397,352171872.00
数据来源:通达信
