300626 华瑞股份 日线 前复权
      日期	    开盘	    最高	    最低	    收盘	    成交量	    成交额
2017/03/20,4.88,5.88,4.88,5.88,5256,56241.00
2017/03/21,6.48,6.48,6.48,6.48,1500,17820.00
2017/03/22,7.14,7.14,7.14,7.14,1827,23878.89
2017/03/23,7.87,7.87,7.87,7.87,3700,53206.00
2017/03/24,8.67,8.67,8.67,8.67,4123,65225.86
2017/03/27,9.54,9.54,9.54,9.54,10900,189660.00
2017/03/28,10.51,10.51,10.51,10.51,4100,78474.00
2017/03/29,11.57,11.57,11.57,11.57,6800,143140.00
2017/03/30,12.74,12.74,12.74,12.74,23872,552875.50
2017/03/31,14.03,14.03,14.03,14.03,52816,1345751.63
2017/04/05,15.45,15.45,15.45,15.45,63445,1778363.38
2017/04/06,17.01,17.01,17.01,17.01,93383,2878998.00
2017/04/07,18.72,18.72,18.72,18.72,53538,1815473.63
2017/04/10,20.60,20.60,19.71,20.60,3856803,143657744.00
2017/04/11,19.99,21.21,19.36,21.02,14666666,536000800.00
2017/04/12,20.22,20.61,18.94,19.04,9168802,329581952.00
2017/04/13,18.96,20.14,18.96,19.38,7286192,259055936.00
2017/04/14,19.11,19.86,18.54,19.12,5975792,206675520.00
2017/04/17,17.93,17.93,17.20,17.20,6122766,194560912.00
2017/04/18,17.21,17.62,17.02,17.13,3240957,101902616.00
2017/04/19,17.02,17.92,16.84,17.82,3932467,124519912.00
2017/04/20,17.66,17.99,17.08,17.42,3447435,109803008.00
2017/04/21,17.54,17.97,17.28,17.67,3181454,102096448.00
2017/04/24,17.57,17.66,16.44,16.80,3711216,113924120.00
2017/04/25,16.87,17.38,16.79,17.07,2294122,71083336.00
2017/04/26,17.02,17.86,16.99,17.65,3136544,99797160.00
2017/04/27,17.43,18.91,17.31,18.68,4289846,141019056.00
2017/04/28,18.49,19.01,18.33,18.76,2957971,100187072.00
2017/05/02,18.73,18.99,18.52,18.77,2512423,85305632.00
2017/05/03,18.60,19.29,18.11,19.04,2885441,98156592.00
2017/05/04,18.86,18.86,18.04,18.04,1879131,62808472.00
2017/05/05,18.06,18.10,16.93,16.93,2185125,69683560.00
2017/05/08,16.82,17.32,16.67,16.72,1529884,47226240.00
2017/05/09,16.66,17.34,16.54,17.28,1298861,40190536.00
2017/05/10,17.26,17.47,16.54,16.54,1715715,53096516.00
2017/05/11,16.54,16.82,16.05,16.75,1638262,48926028.00
2017/05/12,16.74,17.04,16.49,16.97,1403999,42766568.00
2017/05/15,16.93,17.27,16.70,16.81,971292,29897254.00
2017/05/16,16.76,17.48,16.50,17.48,1466140,45271820.00
2017/05/17,17.22,17.88,17.22,17.46,1436666,45932028.00
2017/05/18,17.27,17.65,17.03,17.44,1182303,37339560.00
2017/05/19,17.34,17.62,16.77,16.79,1075500,33439838.00
2017/05/22,16.78,16.85,15.43,15.60,1615131,47130400.00
2017/05/23,15.61,15.92,14.49,14.66,1568569,42991180.00
2017/05/24,14.60,15.11,14.49,14.97,843342,22753610.00
2017/05/25,14.97,15.20,14.39,14.82,872668,23378584.00
2017/05/26,14.95,15.31,14.79,15.11,727424,19912112.00
2017/05/31,15.71,16.09,15.02,15.06,1108505,31296798.00
2017/06/01,15.04,15.04,13.94,14.04,1108443,29154080.00
2017/06/02,13.93,14.70,13.77,14.49,757551,19586092.00
2017/06/05,14.61,14.94,14.61,14.71,768380,20647378.00
2017/06/06,14.58,14.81,14.39,14.81,411218,10954083.00
2017/06/07,14.88,15.62,14.83,15.52,1187506,33197768.00
2017/06/08,15.66,15.66,15.30,15.38,1054429,29570446.00
2017/06/09,15.48,15.60,15.33,15.54,535011,15002985.00
2017/06/12,15.33,15.49,14.97,15.04,1124445,31046654.00
2017/06/13,15.04,16.13,14.93,15.88,1172495,33373868.00
2017/06/14,15.98,16.04,15.69,15.71,659924,18940620.00
2017/06/15,15.74,16.21,15.72,16.09,922630,26807394.00
2017/06/16,16.09,16.15,15.78,15.98,711099,20532374.00
2017/06/19,15.93,16.02,15.43,15.86,396383,11376011.00
2017/06/20,15.98,15.98,15.74,15.81,399085,11477740.00
2017/06/21,15.88,15.88,15.50,15.62,467455,13274246.00
2017/06/22,15.59,15.77,15.28,15.38,692788,19500158.00
2017/06/23,15.69,16.15,15.43,15.98,1015236,29209380.00
2017/06/26,15.98,16.15,15.72,16.02,505129,14626344.00
2017/06/27,15.79,16.09,15.79,16.03,423077,12267568.00
2017/06/28,16.03,16.03,15.44,15.72,598827,17050514.00
2017/06/29,15.65,15.97,15.43,15.87,448394,12814767.00
2017/06/30,15.72,16.09,15.70,16.04,517292,14966738.00
2017/07/03,16.04,16.20,15.82,16.07,358715,10440821.00
2017/07/04,16.08,16.09,15.93,16.09,304041,8840424.00
2017/07/05,16.11,16.52,16.00,16.42,608037,18018424.00
2017/07/06,16.38,16.86,16.28,16.74,840715,25373316.00
2017/07/07,16.79,17.32,16.62,16.88,1338865,41389148.00
2017/07/10,16.63,16.87,16.29,16.38,1044445,31353638.00
2017/07/11,16.38,16.68,15.85,16.01,567338,16843108.00
2017/07/12,16.03,16.71,15.81,16.67,595799,17396296.00
2017/07/13,16.63,16.66,16.10,16.47,479700,14245326.00
2017/07/14,16.27,16.59,16.16,16.46,449319,13346157.00
2017/07/17,16.16,16.25,14.80,14.95,1076630,29514976.00
2017/07/18,14.74,15.15,14.73,14.99,417875,11367187.00
2017/07/19,14.91,15.00,14.18,14.93,369314,9921503.00
2017/07/20,14.93,15.21,14.71,14.87,405630,10990470.00
2017/07/21,14.86,15.04,14.66,14.88,443453,11938178.00
2017/07/24,14.71,14.92,14.37,14.88,282430,7535642.50
2017/07/25,14.82,14.96,14.79,14.91,187108,5050988.50
2017/07/26,14.88,15.01,14.70,14.71,183875,4928433.00
2017/07/27,14.71,15.43,14.61,15.27,424036,11568064.00
2017/07/28,15.43,15.43,14.81,14.82,271030,7386654.00
2017/07/31,14.82,15.37,14.67,14.96,219922,5984165.50
2017/08/01,14.88,15.14,14.78,15.01,177410,4798196.00
2017/08/02,15.01,15.07,14.43,14.61,254008,6770845.00
2017/08/03,14.59,15.03,14.59,14.72,157276,4231825.00
2017/08/04,14.73,14.73,14.33,14.33,324300,8501543.00
2017/08/07,14.46,14.58,14.33,14.39,110008,2882692.25
2017/08/08,14.42,14.42,14.19,14.28,235815,6106834.00
2017/08/09,14.28,14.32,14.19,14.23,130727,3382974.25
2017/08/10,14.26,14.29,13.98,14.17,308608,7906091.00
2017/08/11,14.10,14.15,13.92,14.01,207960,5282530.00
2017/08/14,13.93,14.29,13.93,14.28,234516,6036903.50
2017/08/15,14.29,14.41,14.04,14.32,198746,5150932.50
2017/08/16,14.43,14.60,14.22,14.56,317499,8361589.00
2017/08/17,14.70,14.70,14.32,14.49,287289,7528253.00
2017/08/18,14.45,14.45,14.22,14.27,208794,5425856.00
2017/08/21,14.34,14.68,14.22,14.64,413441,10904790.00
2017/08/22,14.69,14.71,14.39,14.53,228723,6020744.50
2017/08/23,14.44,14.73,14.27,14.62,354274,9353884.00
2017/08/24,14.58,14.74,14.43,14.56,403797,10705778.00
2017/08/25,14.47,15.01,14.47,14.91,560145,15035502.00
2017/08/28,15.07,15.66,14.99,15.41,820050,22767018.00
2017/08/29,15.39,15.79,15.29,15.54,767853,21650082.00
2017/08/30,15.44,15.54,15.19,15.37,507646,14174913.00
2017/08/31,15.53,16.04,15.22,15.97,829206,23718984.00
2017/09/01,15.92,16.14,15.82,15.86,704550,20376290.00
2017/09/04,15.98,16.04,15.60,15.67,440832,12621649.00
2017/09/05,15.49,15.91,15.49,15.79,443000,12659840.00
2017/09/06,15.74,15.78,15.51,15.62,366098,10361769.00
2017/09/07,15.74,15.97,15.61,15.62,601765,17251108.00
2017/09/08,15.58,15.92,15.57,15.82,608314,17362758.00
2017/09/11,15.81,16.21,15.72,16.21,747744,21776444.00
2017/09/12,16.11,16.53,15.74,15.79,826472,24237154.00
2017/09/13,15.88,15.92,15.59,15.91,434553,12419389.00
2017/09/14,15.91,16.04,15.75,15.85,329123,9471467.00
2017/09/15,15.75,15.86,15.59,15.69,333408,9491482.00
2017/09/18,15.50,15.75,15.49,15.71,242930,6876776.50
2017/09/19,15.76,15.80,15.66,15.72,232309,6619931.00
2017/09/20,15.72,16.16,15.67,16.10,464519,13421206.00
2017/09/21,16.10,16.37,15.84,15.94,489666,14307854.00
2017/09/22,15.78,16.21,15.72,16.11,426728,12378043.00
2017/09/25,16.27,16.49,16.03,16.27,594021,17559694.00
2017/09/26,16.20,16.29,15.17,15.86,559091,16009814.00
2017/09/27,15.71,16.49,15.61,16.41,804397,23628816.00
2017/09/28,16.38,16.67,16.06,16.23,755750,22508238.00
2017/09/29,16.22,16.93,16.10,16.53,732537,21987188.00
2017/10/09,16.83,16.95,16.43,16.60,615409,18547424.00
2017/10/10,16.60,16.93,16.46,16.92,500401,15172359.00
2017/10/11,16.92,17.09,16.68,16.87,747807,22868124.00
2017/10/12,16.77,16.83,16.54,16.68,488400,14744806.00
2017/10/13,17.21,17.49,16.56,17.11,1264083,39284552.00
2017/10/16,17.03,17.37,16.18,16.38,912783,27783184.00
2017/10/17,16.27,16.85,15.86,16.82,612300,18413198.00
2017/10/18,16.77,16.96,16.27,16.38,492414,14897169.00
2017/10/19,16.38,16.47,16.02,16.08,452900,13296623.00
2017/10/20,16.10,16.53,16.02,16.47,370445,10946186.00
2017/10/23,16.48,17.04,16.48,16.93,515223,15755481.00
2017/10/24,16.90,17.02,16.60,16.78,950030,28902492.00
2017/10/25,16.77,17.41,16.67,17.40,939346,29316536.00
2017/10/26,17.40,18.13,17.27,18.09,1378007,44534768.00
2017/10/27,18.01,18.04,17.66,17.89,769655,24850076.00
2017/10/30,17.64,17.89,17.20,17.67,825277,26147890.00
2017/10/31,17.67,18.10,17.49,17.79,632824,20489378.00
2017/11/01,17.88,18.11,17.66,18.10,1003319,32525874.00
2017/11/02,18.18,18.31,17.63,17.73,649210,21003672.00
2017/11/03,17.55,18.26,17.02,17.88,810223,25620720.00
2017/11/06,17.87,17.97,17.59,17.88,342680,11079596.00
2017/11/07,17.90,18.02,17.53,17.83,539614,17311624.00
2017/11/08,17.83,18.00,17.66,17.83,435502,14030465.00
2017/11/09,17.82,17.93,17.48,17.78,649236,20800840.00
2017/11/10,17.65,18.49,17.57,18.27,1231345,40337112.00
2017/11/13,18.32,18.46,18.09,18.29,462206,15248727.00
2017/11/14,18.22,18.45,17.76,17.92,489660,15935273.00
2017/11/15,17.71,17.97,17.60,17.88,317730,10235637.00
2017/11/16,17.66,17.93,17.37,17.79,548352,17499592.00
2017/11/17,17.74,17.74,16.54,16.93,755742,23513120.00
2017/11/20,16.69,17.87,16.69,17.59,367642,11459359.00
2017/11/21,17.38,17.54,16.77,17.38,318807,9940994.00
2017/11/22,17.24,17.58,17.03,17.31,150018,4709950.00
2017/11/23,17.26,17.49,16.75,17.26,327234,10142113.00
2017/11/24,17.00,17.38,16.81,17.38,247500,7690915.00
2017/11/27,17.16,17.42,17.01,17.15,180700,5647876.00
2017/11/28,17.15,17.23,16.88,17.11,163819,5077633.50
2017/11/29,16.97,17.14,16.57,17.14,369114,11282020.00
2017/11/30,16.90,17.14,16.85,16.92,127200,3915320.00
2017/12/01,16.94,17.16,16.83,16.99,255430,7873988.50
2017/12/04,16.85,16.97,16.10,16.54,532800,15909625.00
2017/12/05,16.28,16.53,15.59,16.07,357500,10412869.00
2017/12/06,15.73,16.17,15.32,15.98,405100,11560152.00
2017/12/07,15.83,15.91,15.43,15.82,208800,5940747.00
2017/12/08,15.66,16.14,15.58,15.89,297827,8629956.00
2017/12/11,15.88,16.03,15.85,15.96,121800,3516612.00
2017/12/12,15.87,15.95,15.52,15.62,131915,3756469.75
2017/12/13,15.46,15.77,15.46,15.66,115430,3277909.00
2017/12/14,15.69,15.92,15.47,15.73,151908,4304977.50
2017/12/15,15.76,15.80,15.54,15.77,113010,3206741.25
2017/12/18,15.71,15.94,15.52,15.66,137798,3917281.25
2017/12/19,15.74,15.87,15.58,15.70,107623,3063992.25
2017/12/20,15.62,15.79,14.94,15.49,170845,4788450.00
2017/12/21,15.39,15.53,15.09,15.40,113600,3157208.00
2017/12/22,15.42,15.64,15.17,15.38,121523,3381359.25
2017/12/25,15.18,15.37,15.08,15.28,65430,1805846.38
2017/12/26,15.21,15.48,15.12,15.45,133938,3731488.75
2017/12/27,15.38,15.57,15.09,15.31,149000,4135485.00
2017/12/28,15.14,15.38,15.14,15.31,112718,3130330.00
2017/12/29,15.37,16.54,15.31,15.63,209838,6022636.50
2018/01/02,15.88,15.91,15.49,15.64,110100,3125683.00
2018/01/03,15.61,15.82,15.32,15.65,255630,7205420.50
2018/01/04,15.60,15.99,15.50,15.76,206100,5878028.00
2018/01/05,15.74,15.97,15.74,15.87,198400,5710076.00
2018/01/08,15.66,15.92,15.64,15.79,82923,2370625.00
2018/01/09,15.85,15.86,15.67,15.81,82305,2352382.25
2018/01/10,15.81,17.08,15.68,15.74,196090,5693085.00
2018/01/11,15.71,15.99,15.66,15.87,189398,5439401.50
2018/01/12,15.87,16.03,15.31,15.71,184900,5230837.00
2018/01/15,15.64,15.66,14.98,15.07,187400,5183066.00
2018/01/16,15.13,15.32,14.96,15.27,143300,3931060.50
2018/01/17,15.32,15.35,14.82,15.33,165380,4535161.00
2018/01/18,15.33,15.33,15.03,15.27,90400,2488478.25
2018/01/19,15.26,15.38,15.10,15.27,107415,2972072.75
2018/01/22,15.30,15.75,15.05,15.37,160813,4532817.00
2018/01/23,15.24,15.54,15.20,15.54,126208,3502964.25
2018/01/24,15.53,16.32,15.38,15.74,206730,5897410.50
2018/01/25,15.61,15.82,15.49,15.75,201013,5711134.00
2018/01/26,15.74,16.39,15.73,15.97,270551,7837797.00
2018/01/29,16.04,16.47,15.54,15.91,209013,6025156.50
2018/01/30,15.65,16.14,15.29,15.84,172613,4919548.00
2018/01/31,15.82,16.15,14.88,15.59,220115,6196364.50
2018/02/01,15.59,15.81,14.88,15.43,252900,7027753.00
2018/02/02,15.02,15.40,14.88,15.21,192300,5266324.00
2018/02/05,15.16,15.25,14.53,15.22,206593,5621095.00
2018/02/06,14.88,15.06,14.61,14.81,172700,4626799.00
2018/02/07,14.91,15.16,14.56,14.87,224600,6012916.00
2018/02/08,14.66,14.88,14.62,14.88,326800,8782899.00
2018/02/09,14.80,14.87,14.62,14.86,341100,9166811.00
2018/02/12,14.98,15.53,14.79,15.53,348612,9499690.00
2018/02/13,15.31,15.63,15.27,15.54,94000,2636233.75
2018/02/14,15.58,15.58,15.28,15.48,44101,1234882.00
2018/02/22,15.54,15.54,15.38,15.51,51708,1452267.13
2018/02/23,15.27,15.55,15.27,15.42,55700,1554616.00
2018/02/26,15.48,15.76,15.47,15.65,108001,3052610.25
2018/02/27,15.67,15.71,15.56,15.62,69439,1965227.00
2018/02/28,15.48,15.97,15.42,15.66,115600,3289560.00
2018/03/01,15.74,15.74,15.45,15.60,134200,3797426.00
2018/03/02,15.59,15.63,15.17,15.43,107600,2992378.00
2018/03/05,14.95,15.52,14.95,15.41,59800,1668924.00
2018/03/06,15.37,15.53,15.22,15.40,120976,3370668.25
2018/03/07,15.27,15.40,15.18,15.28,71900,1992538.00
2018/03/08,15.26,15.34,15.09,15.24,186600,5129810.00
2018/03/09,15.27,15.70,15.19,15.66,314915,8846642.00
2018/03/12,15.87,16.43,15.71,15.94,533097,15572078.00
2018/03/13,15.94,16.11,15.72,15.89,297525,8574414.00
2018/03/14,15.85,15.97,15.71,15.79,147900,4236889.00
2018/03/15,15.60,15.79,15.02,15.38,296100,8246026.50
2018/03/16,15.33,15.37,15.17,15.27,123843,3427722.25
2018/03/19,15.27,15.27,15.03,15.13,201757,5532386.50
2018/03/20,13.85,14.87,13.77,14.75,774157,20016484.00
2018/03/21,14.38,14.77,14.17,14.58,697015,18212542.00
2018/03/22,14.59,14.65,14.11,14.13,587825,15246580.00
2018/03/23,12.71,13.38,12.71,12.71,979200,22742552.00
2018/03/26,12.52,12.81,11.43,12.67,755625,16419508.00
2018/03/27,12.63,12.93,12.57,12.92,584999,13549842.00
2018/03/28,12.88,13.18,12.60,13.09,352199,8177015.00
2018/03/29,13.13,13.45,12.70,12.76,641354,15047744.00
2018/03/30,12.74,12.84,12.62,12.75,610939,14107512.00
2018/04/02,12.82,12.84,12.59,12.73,812800,18803434.00
2018/04/03,12.65,12.78,12.45,12.77,711999,16358792.00
2018/04/04,12.71,13.92,12.71,13.16,1037313,25052258.00
2018/04/09,13.17,13.32,12.88,13.19,547200,13030410.00
2018/04/10,13.29,13.49,13.10,13.26,612300,14741754.00
2018/04/11,13.28,13.91,13.28,13.91,1392300,34521208.00
2018/04/12,13.82,14.37,13.79,14.04,1203699,30876562.00
2018/04/13,13.81,14.18,13.81,14.12,835700,21353260.00
2018/04/16,14.16,14.37,13.57,14.06,864908,21998924.00
2018/04/17,14.88,15.29,14.37,14.53,2140477,57110516.00
2018/04/18,14.43,14.43,13.10,14.17,1106664,27960646.00
2018/04/19,13.95,14.27,13.86,13.87,604100,15405758.00
2018/04/20,13.61,13.76,12.70,13.10,1014600,24268854.00
2018/04/23,13.06,13.21,12.81,13.12,379807,8997846.00
2018/04/24,13.12,13.81,13.07,13.68,587000,14495183.00
2018/04/25,13.67,14.22,13.60,14.08,760700,19302564.00
2018/04/26,13.98,14.19,13.67,13.69,430415,10909666.00
2018/04/27,13.72,13.92,13.68,13.81,345700,8650089.00
2018/05/02,13.72,13.97,13.57,13.63,230350,5748678.00
2018/05/03,13.63,13.82,13.23,13.74,437750,10764344.00
2018/05/04,13.77,13.80,13.52,13.79,411900,10231340.00
2018/05/07,13.87,14.18,13.71,14.15,1292690,33059230.00
2018/05/08,14.15,14.25,13.98,14.07,838450,21397456.00
2018/05/09,14.10,14.24,14.00,14.18,872390,22403048.00
2018/05/10,14.24,14.64,14.19,14.62,1559874,40895068.00
2018/05/11,14.32,15.01,14.26,14.29,1815400,47961952.00
2018/05/14,14.06,14.20,13.81,13.89,872090,22132824.00
2018/05/15,13.91,14.21,13.78,14.12,682005,17360248.00
2018/05/16,14.16,14.21,13.97,14.04,802100,20462238.00
2018/05/17,13.99,14.11,13.78,13.97,625515,15836302.00
2018/05/18,14.02,14.04,13.60,13.91,570615,14361604.00
2018/05/21,13.99,14.15,13.92,14.15,1029190,26316296.00
2018/05/22,14.11,14.44,13.99,14.41,1458258,37522192.00
2018/05/23,14.30,14.53,14.24,14.31,1226650,31945824.00
2018/05/24,14.16,14.38,14.16,14.36,768858,19975358.00
2018/05/25,14.37,14.57,14.32,14.36,1427383,37393592.00
2018/05/28,14.54,14.60,13.79,13.91,1671300,43290012.00
2018/05/29,14.02,14.02,13.67,13.76,1043439,26200976.00
2018/05/30,13.62,13.71,12.37,12.44,1111924,26382362.00
2018/05/31,12.59,12.96,12.59,12.84,792399,18435138.00
2018/06/01,12.88,12.98,12.38,12.73,904500,20870308.00
2018/06/04,12.62,12.89,12.49,12.72,685450,15799020.00
2018/06/05,12.82,13.36,12.54,13.06,1682254,21900614.00
2018/06/06,12.97,13.73,12.78,13.33,1837138,24561268.00
2018/06/07,13.23,13.46,12.86,13.05,1588240,20927604.00
2018/06/08,13.48,13.48,12.83,13.07,1369885,18067692.00
2018/06/11,12.99,12.99,11.76,12.61,1579040,19776424.00
2018/06/12,12.54,12.68,11.82,12.31,1337590,16395676.00
2018/06/13,12.14,12.38,11.78,11.80,1166360,14132966.00
2018/06/14,11.83,11.99,11.67,11.72,734558,8753245.00
2018/06/15,11.79,11.92,10.99,11.03,996925,11377751.00
2018/06/19,10.69,11.00,9.92,9.92,1596870,16381603.00
2018/06/20,9.69,10.13,8.92,10.13,4736100,44682368.00
2018/06/21,9.96,9.98,9.44,9.90,3039141,29923802.00
2018/06/22,9.73,10.22,9.46,10.11,1944958,19604444.00
2018/06/25,10.28,10.30,9.76,9.78,1366798,13741317.00
2018/06/26,9.78,10.00,9.62,9.91,1345120,13313981.00
2018/06/27,9.91,10.01,9.78,9.91,885100,8814291.00
2018/06/28,9.91,10.10,9.63,9.83,1173040,11697385.00
2018/06/29,9.88,10.10,9.65,10.09,1536121,15419938.00
2018/07/02,10.10,10.21,9.81,9.89,1437627,14485943.00
2018/07/03,9.89,10.16,9.84,10.14,1429601,14428671.00
2018/07/04,10.05,10.14,9.59,9.83,1501840,14970435.00
2018/07/05,9.80,9.87,9.48,9.74,1564148,15240226.00
2018/07/06,9.73,9.77,9.46,9.72,1082060,10519426.00
2018/07/09,9.73,9.88,9.64,9.85,1084667,10675954.00
2018/07/10,9.93,9.93,9.77,9.85,1368702,13554621.00
2018/07/11,9.77,9.77,9.04,9.43,2674568,24887252.00
2018/07/12,9.29,9.91,9.24,9.91,2964890,28552100.00
2018/07/13,9.78,9.83,9.54,9.61,2452352,23830502.00
2018/07/16,9.61,9.64,9.39,9.57,1348160,12933733.00
2018/07/17,9.60,9.77,9.50,9.77,2631565,25591558.00
2018/07/18,9.82,10.06,9.73,9.78,1899848,18914586.00
2018/07/19,9.64,10.08,9.64,9.97,2030743,20216672.00
2018/07/20,9.80,10.82,9.80,10.13,3011010,31051152.00
2018/07/23,10.05,10.19,9.84,9.89,2114862,21155616.00
2018/07/24,9.93,9.96,9.43,9.85,2212807,21809110.00
2018/07/25,9.75,9.91,9.73,9.79,2126137,21026548.00
2018/07/26,9.73,10.17,9.71,9.90,2741207,27333834.00
2018/07/27,9.91,9.91,9.61,9.65,1720097,16842256.00
2018/07/30,9.65,9.65,9.25,9.41,1708275,16268947.00
2018/07/31,9.53,9.53,9.27,9.38,1039660,9814472.00
2018/08/01,9.38,9.46,9.03,9.33,1297045,12105314.00
2018/08/02,9.23,9.32,8.44,8.96,1487416,13318363.00
2018/08/03,8.80,8.95,8.63,8.81,1053030,9289048.00
2018/08/06,8.79,8.82,8.28,8.38,739540,6354121.50
2018/08/07,8.38,8.73,8.30,8.67,1235028,10622600.00
2018/08/08,8.61,8.68,8.34,8.48,859106,7384865.00
2018/08/09,8.38,8.78,8.38,8.72,1266308,11059735.00
2018/08/10,8.76,8.76,8.51,8.67,952025,8294897.00
2018/08/13,8.56,8.75,8.47,8.63,806780,6970330.00
2018/08/14,8.68,8.69,8.55,8.63,706040,6136587.50
2018/08/15,8.63,8.71,8.42,8.52,1072096,9235247.00
2018/08/16,8.41,8.52,8.24,8.42,1064612,8991628.00
2018/08/17,8.42,8.51,8.05,8.32,895160,7546381.00
2018/08/20,8.32,8.35,8.08,8.30,606920,5027933.50
2018/08/21,8.30,8.38,8.16,8.30,590886,4931855.50
2018/08/22,8.26,8.28,8.12,8.21,473708,3912502.00
2018/08/23,8.24,8.29,8.11,8.19,767565,6349362.50
2018/08/24,8.14,8.19,7.99,8.11,872560,7132492.00
2018/08/27,8.03,8.27,8.01,8.26,1172577,9685944.00
2018/08/28,8.30,8.44,8.19,8.44,1041481,8725919.00
2018/08/29,8.62,8.68,8.35,8.41,1718289,14722846.00
2018/08/30,8.41,8.41,8.09,8.15,1406820,11626411.00
2018/08/31,8.13,8.13,7.97,8.00,745667,6049689.00
2018/09/03,8.02,8.02,7.83,7.92,1013289,8080960.00
2018/09/04,7.89,8.07,7.85,8.05,738008,5941966.50
2018/09/05,8.01,8.20,7.99,8.10,1477049,12093930.00
2018/09/06,8.06,8.24,8.04,8.16,1236497,10180702.00
2018/09/07,8.14,8.25,8.09,8.22,894181,7375913.50
2018/09/10,8.22,8.26,8.04,8.06,785587,6454151.00
2018/09/11,7.98,8.29,7.97,8.15,1341827,11013905.00
2018/09/12,8.53,8.53,8.10,8.13,1203540,9943783.00
2018/09/13,8.13,8.22,8.09,8.14,563100,4620748.00
2018/09/14,8.11,8.30,8.11,8.20,1413051,11704694.00
2018/09/17,8.20,8.27,8.08,8.13,635820,5239013.50
2018/09/18,8.15,8.32,8.07,8.28,805541,6696566.00
2018/09/19,8.26,8.45,8.24,8.34,993680,8380102.50
2018/09/20,8.34,8.38,8.24,8.29,645180,5408818.50
2018/09/21,8.39,8.39,8.24,8.35,549160,4601522.00
2018/09/25,8.25,8.49,8.25,8.40,1241285,10476242.00
2018/09/26,8.43,8.63,8.14,8.53,2137355,18207284.00
2018/09/27,8.51,8.51,8.27,8.27,1559300,13141388.00
2018/09/28,8.28,8.46,8.26,8.33,731981,6169519.50
2018/10/08,8.23,8.33,8.17,8.21,1046759,8699866.00
2018/10/09,8.14,8.38,8.14,8.32,688860,5769866.00
2018/10/10,8.28,8.78,8.25,8.59,2260868,19514540.00
2018/10/11,8.37,8.91,8.21,8.84,2826181,24261298.00
2018/10/12,8.62,9.70,8.62,9.16,6493427,59732564.00
2018/10/15,8.93,9.43,8.89,9.20,4967982,46284980.00
2018/10/16,8.98,9.12,8.41,8.63,4255655,37558036.00
2018/10/17,8.63,9.50,8.54,9.25,7819601,71698192.00
2018/10/18,9.04,9.15,8.74,8.93,3662174,33085418.00
2018/10/19,8.61,9.16,8.43,9.05,3843312,34301412.00
2018/10/22,9.13,9.51,8.93,9.43,5646628,52612984.00
2018/10/23,9.31,9.40,9.03,9.28,3842748,35551880.00
2018/10/24,9.24,9.52,8.93,9.44,3933237,36832088.00
2018/10/25,9.18,10.26,9.09,9.92,7135149,69835368.00
2018/10/26,9.78,10.10,9.71,9.82,4436206,44082072.00
2018/10/29,9.73,9.92,9.33,9.92,2983204,29031288.00
2018/10/30,9.78,10.31,9.76,9.93,5068017,51289592.00
2018/10/31,9.86,9.91,9.62,9.81,3602600,35378136.00
2018/11/01,9.75,10.41,9.64,10.22,7096397,71194664.00
2018/11/02,10.03,10.43,10.03,10.34,5386344,55729992.00
2018/11/05,10.35,10.37,10.13,10.33,3113874,32138522.00
2018/11/06,10.19,10.61,10.01,10.56,4505500,46956904.00
2018/11/07,10.57,10.88,10.45,10.54,4351960,46588536.00
2018/11/08,10.51,10.71,10.36,10.38,2608390,27526198.00
2018/11/09,10.43,10.53,10.27,10.31,1850303,19310586.00
2018/11/12,10.31,10.48,9.94,10.35,4101058,42257256.00
2018/11/13,10.29,10.30,9.97,10.05,4031720,41156832.00
2018/11/14,10.12,10.20,9.94,10.13,2959192,29989298.00
2018/11/15,10.04,10.26,10.04,10.20,2650776,27148524.00
2018/11/16,10.23,10.23,10.06,10.10,2132595,21776554.00
2018/11/19,10.16,10.61,10.05,10.57,3739410,39091128.00
2018/11/20,10.46,10.76,10.05,10.09,3839412,40430628.00
2018/11/21,9.75,9.92,9.30,9.92,4024042,38849296.00
2018/11/22,9.91,10.33,9.79,9.92,2450089,24722386.00
2018/11/23,9.94,10.02,9.34,9.35,1998169,19208064.00
2018/11/26,9.36,9.50,9.12,9.27,915780,8543786.00
2018/11/27,9.27,9.46,9.27,9.39,769641,7282459.00
2018/11/28,9.39,9.49,9.19,9.45,840162,7933434.50
2018/11/29,9.53,9.59,9.25,9.31,978280,9271251.00
2018/11/30,9.31,9.40,8.94,9.31,1066008,9880630.00
2018/12/03,9.48,9.63,9.39,9.48,1257663,12041408.00
2018/12/04,9.51,9.59,9.43,9.57,841233,8066426.00
2018/12/05,9.53,9.53,9.23,9.44,811740,7706434.00
2018/12/06,9.46,9.50,9.13,9.26,908920,8479163.00
2018/12/07,9.26,9.43,9.12,9.18,574660,5320586.50
2018/12/10,9.17,9.17,8.89,8.93,706316,6401779.50
2018/12/11,9.03,9.08,8.84,9.04,744630,6766838.50
2018/12/12,9.21,9.23,8.94,9.00,730860,6651012.00
2018/12/13,9.02,9.08,8.87,9.02,941802,8547077.00
2018/12/14,9.03,9.10,8.58,8.69,1330857,11754573.00
2018/12/17,8.69,8.76,8.46,8.74,775997,6747369.50
2018/12/18,8.76,8.82,8.63,8.64,1381191,12158996.00
2018/12/19,8.74,8.93,8.48,8.52,698800,6063854.00
2018/12/20,8.56,8.68,8.50,8.64,480067,4158529.50
2018/12/21,8.68,8.71,8.55,8.67,1621867,14051243.00
2018/12/24,8.54,8.91,8.53,8.81,2555670,22321340.00
2018/12/25,8.66,8.81,8.45,8.68,1396004,12132230.00
2018/12/26,8.68,8.79,8.63,8.73,1505109,13219456.00
2018/12/27,8.81,9.29,8.70,9.07,3639649,32937030.00
2018/12/28,8.99,9.01,8.64,8.77,2093546,18598992.00
2019/01/02,8.76,8.76,8.46,8.68,1004988,8711384.00
2019/01/03,8.60,8.69,8.52,8.63,910840,7888627.00
2019/01/04,8.63,8.86,8.49,8.83,1897375,16730038.00
2019/01/07,8.89,9.00,8.80,8.91,1478588,13235508.00
2019/01/08,8.98,9.19,8.78,8.79,1679331,15071475.00
2019/01/09,9.03,9.13,8.88,8.95,2525308,22901504.00
2019/01/10,8.98,8.98,8.63,8.73,1548331,13649695.00
2019/01/11,8.73,8.93,8.67,8.88,1152311,10255176.00
2019/01/14,8.93,8.93,8.68,8.68,730579,6466041.50
2019/01/15,8.65,8.81,8.64,8.78,701987,6171980.00
2019/01/16,8.79,8.86,8.74,8.77,634167,5624491.50
2019/01/17,8.82,8.82,8.57,8.67,775620,6784278.00
2019/01/18,8.57,8.69,8.55,8.68,790791,6863001.50
2019/01/21,8.67,8.70,8.61,8.66,547401,4775746.50
2019/01/22,8.61,8.64,8.49,8.58,838564,7234164.50
2019/01/23,8.60,8.60,8.41,8.50,727900,6239116.50
2019/01/24,8.45,8.58,8.44,8.50,716688,6151504.50
2019/01/25,8.54,8.60,8.41,8.50,853107,7332352.50
2019/01/28,8.50,8.54,8.41,8.49,681571,5825470.50
2019/01/29,8.45,8.54,8.11,8.16,1164431,9695099.00
2019/01/30,8.15,8.15,7.95,8.06,1427924,11620832.00
2019/01/31,8.08,8.08,7.25,7.43,2452783,18655214.00
2019/02/01,7.53,7.61,7.25,7.50,1845139,13877673.00
2019/02/11,7.54,7.80,7.51,7.80,1060739,8232356.00
2019/02/12,7.82,7.96,7.69,7.83,792228,6284326.00
2019/02/13,7.88,8.06,7.88,8.06,1286491,10353975.00
2019/02/14,8.10,8.10,7.94,7.98,1068680,8640867.00
2019/02/15,8.03,8.22,7.93,8.06,2424340,19735002.00
2019/02/18,8.08,8.35,8.08,8.34,1894880,15654173.00
2019/02/19,8.35,8.36,8.14,8.20,1825520,15130894.00
2019/02/20,8.22,8.34,8.09,8.27,1830680,15205683.00
2019/02/21,8.27,8.47,8.16,8.19,2624840,21967800.00
2019/02/22,8.18,8.32,8.16,8.31,1911746,15879965.00
2019/02/25,8.26,8.69,8.26,8.66,4321289,37152876.00
2019/02/26,8.66,8.75,8.50,8.55,3275303,28487170.00
2019/02/27,8.55,8.71,8.39,8.51,2586383,22412434.00
2019/02/28,8.53,8.72,8.46,8.72,2384260,20789378.00
2019/03/01,8.73,8.87,8.60,8.73,2607010,22954082.00
2019/03/04,8.76,8.93,8.71,8.80,3643294,32365284.00
2019/03/05,8.79,8.98,8.74,8.98,3391644,30274578.00
2019/03/06,9.03,9.42,8.89,9.26,4915217,45366292.00
2019/03/07,9.21,9.54,9.08,9.47,4746707,44429844.00
2019/03/08,9.30,9.33,8.83,8.88,4089604,37616040.00
2019/03/11,8.98,9.70,8.88,9.66,5208008,48961976.00
2019/03/12,9.61,9.69,9.40,9.52,5406923,52155896.00
2019/03/13,9.47,9.67,9.19,9.28,5008939,47740904.00
2019/03/14,9.25,9.32,8.77,9.14,3283183,29946412.00
2019/03/15,9.13,9.33,8.89,9.21,2963550,27500892.00
2019/03/18,9.26,9.42,9.16,9.40,2715507,25472656.00
2019/03/19,9.42,9.47,9.13,9.30,3079393,28868402.00
2019/03/20,9.35,9.35,9.08,9.35,2742500,25569960.00
2019/03/21,9.33,9.41,9.28,9.37,3991450,37652344.00
2019/03/22,9.39,9.39,9.15,9.27,3403717,31753386.00
2019/03/25,9.19,9.32,9.07,9.23,2360427,21979536.00
2019/03/26,9.23,9.30,8.82,8.82,4160211,38050296.00
2019/03/27,8.83,8.94,8.73,8.90,2039505,18142248.00
2019/03/28,8.86,9.07,8.77,8.80,1972384,17704362.00
2019/03/29,8.82,9.01,8.44,8.99,3782029,33589448.00
2019/04/01,9.01,9.40,8.95,9.34,4569409,42421380.00
2019/04/02,9.43,9.43,9.28,9.34,3833514,36126340.00
2019/04/03,9.36,9.58,9.15,9.53,7175750,67996112.00
2019/04/04,9.53,9.66,9.36,9.42,6954080,66362072.00
2019/04/08,9.47,9.65,9.30,9.55,6396628,60993708.00
2019/04/09,9.53,9.77,9.44,9.74,5904975,57159028.00
2019/04/10,9.57,9.63,9.43,9.48,4644507,44494636.00
2019/04/11,9.48,9.52,9.23,9.27,3414164,32212722.00
2019/04/12,9.32,9.38,9.14,9.22,1953460,18226394.00
2019/04/15,9.27,9.39,9.09,9.09,3115120,29183848.00
2019/04/16,9.09,9.35,8.85,9.35,3898400,35795200.00
2019/04/17,9.34,9.40,9.25,9.36,4194320,39443652.00
2019/04/18,9.37,9.60,9.30,9.35,4554124,43317164.00
2019/04/19,9.48,9.48,9.20,9.38,2778243,26078792.00
2019/04/22,9.41,9.48,9.20,9.23,4635140,43778252.00
2019/04/23,9.22,9.22,8.85,8.91,3880460,35170708.00
2019/04/24,8.92,9.10,8.87,9.03,2842051,25691606.00
2019/04/25,9.11,9.12,8.22,8.50,3932734,34896152.00
2019/04/26,8.39,8.56,8.35,8.36,2502767,21274048.00
2019/04/29,8.36,8.38,7.91,8.00,3355689,27513218.00
2019/04/30,8.02,8.29,7.95,8.13,1697220,13969535.00
2019/05/06,8.01,8.01,7.44,7.55,3394120,26565628.00
2019/05/07,7.64,7.83,7.49,7.68,2337330,17998136.00
2019/05/08,7.51,7.76,7.48,7.59,2257434,17334566.00
2019/05/09,7.48,7.73,7.48,7.60,1296000,9970340.00
2019/05/10,7.72,7.89,7.58,7.82,2591710,20360714.00
2019/05/13,7.82,8.22,7.74,7.93,2961088,23907022.00
2019/05/14,7.84,7.93,7.63,7.75,2442808,19200896.00
2019/05/15,7.98,8.53,7.94,8.53,1432296,12090231.00
2019/05/16,8.63,8.67,8.21,8.26,6418182,54307544.00
2019/05/17,8.20,8.37,7.85,7.88,3964666,32207126.00
2019/05/20,7.95,8.68,7.95,8.23,4133588,34247648.00
2019/05/21,8.23,8.33,8.09,8.33,3646043,30169670.00
2019/05/22,8.24,8.48,8.15,8.28,3299391,27586142.00
2019/05/23,8.17,8.34,8.09,8.30,3354162,27738116.00
2019/05/24,8.38,9.14,8.25,9.14,7907258,69691000.00
2019/05/27,9.63,10.06,9.63,10.06,7407310,74032136.00
2019/05/28,11.03,11.07,10.64,11.07,30753784,341616096.00
2019/05/29,12.18,12.18,10.35,10.50,44473715,512484960.00
2019/05/30,9.65,10.00,9.44,9.44,28521973,277006144.00
2019/05/31,9.03,9.22,8.86,8.88,24521860,222969456.00
2019/06/03,8.93,9.04,8.64,8.71,14476876,128928320.00
2019/06/04,8.64,8.65,8.23,8.33,13169587,111554000.00
2019/06/05,8.40,8.46,8.19,8.29,8242905,69228344.00
2019/06/06,8.28,8.29,7.84,7.86,9720932,78111088.00
2019/06/10,7.88,8.04,7.86,7.98,5916585,47510388.00
2019/06/11,7.97,8.29,7.96,8.24,7997229,65629532.00
2019/06/12,8.24,8.31,8.10,8.13,6879701,56755424.00
2019/06/13,8.11,8.30,8.07,8.27,5117100,42363284.00
2019/06/14,8.24,8.28,7.90,7.91,5005301,40816812.00
2019/06/17,7.91,8.12,7.88,8.08,3423103,27639438.00
2019/06/18,8.10,8.10,7.96,8.01,2337141,18892952.00
2019/06/19,8.13,8.27,8.05,8.16,6346801,52202428.00
2019/06/20,8.14,8.27,8.05,8.22,5306940,43732548.00
2019/06/21,9.05,9.05,9.05,9.05,1851487,16885562.00
2019/06/24,9.96,9.96,8.75,8.88,21696001,201463312.00
2019/06/25,8.93,8.93,8.43,8.61,10917308,94602296.00
2019/06/26,8.55,8.67,8.46,8.54,5371960,46424672.00
2019/06/27,8.51,8.68,8.51,8.59,5182253,44842188.00
2019/06/28,8.56,8.58,8.25,8.34,5030648,42495032.00
2019/07/01,8.49,8.62,8.42,8.60,5116794,44022416.00
2019/07/02,8.62,8.77,8.55,8.72,6573435,57349396.00
2019/07/03,8.67,8.67,8.42,8.47,4251369,36482632.00
2019/07/04,8.46,8.53,8.38,8.46,2479674,21135456.00
2019/07/05,8.45,8.51,8.41,8.50,2085835,17807124.00
2019/07/08,8.53,8.53,8.05,8.09,4736673,39149080.00
2019/07/09,8.09,8.22,8.04,8.17,2217180,18202592.00
2019/07/10,8.18,8.32,8.18,8.27,2997400,24948152.00
2019/07/11,8.30,8.73,8.24,8.46,6128620,52271464.00
2019/07/12,8.36,8.62,8.31,8.48,4336000,36876380.00
2019/07/15,8.37,8.61,8.15,8.59,4879250,41520152.00
2019/07/16,8.56,8.58,8.39,8.45,3523253,30071256.00
2019/07/17,8.48,8.51,8.39,8.48,3083516,26324128.00
2019/07/18,8.41,8.46,8.29,8.33,2809240,23693148.00
2019/07/19,8.30,8.47,8.30,8.38,1793077,15179618.00
2019/07/22,8.46,8.46,7.96,8.08,2482320,20313040.00
2019/07/23,8.06,8.35,8.03,8.27,2129225,17656238.00
2019/07/24,8.40,8.49,8.28,8.44,2555497,21725146.00
2019/07/25,8.39,8.53,8.33,8.52,2879857,24511892.00
2019/07/26,8.44,8.49,8.29,8.46,2882993,24415078.00
2019/07/29,8.45,8.51,8.37,8.38,2626600,22291590.00
2019/07/30,8.35,8.92,8.35,8.54,6047815,52401152.00
2019/07/31,8.50,8.51,8.18,8.31,4626860,38744700.00
2019/08/01,8.25,8.42,8.24,8.32,2341652,19632196.00
2019/08/02,8.15,8.19,8.05,8.08,2736055,22402666.00
2019/08/05,8.09,8.26,8.09,8.10,2032180,16770532.00
2019/08/06,8.02,8.02,7.46,7.80,3623624,28177246.00
2019/08/07,7.79,7.85,7.63,7.64,2209580,17259396.00
2019/08/08,7.71,7.77,7.61,7.69,1349460,10487151.00
2019/08/09,7.74,7.81,7.55,7.58,1329980,10311104.00
2019/08/12,7.66,7.70,7.54,7.70,1248480,9594832.00
2019/08/13,7.68,7.68,7.51,7.56,1593075,12184603.00
2019/08/14,7.65,7.74,7.58,7.61,1428285,11046897.00
2019/08/15,7.41,7.63,7.14,7.62,2043000,15369083.00
2019/08/16,7.60,7.74,7.54,7.66,1769800,13711866.00
2019/08/19,7.74,7.93,7.71,7.89,2519860,19950816.00
2019/08/20,7.90,8.05,7.87,7.95,2034400,16336016.00
2019/08/21,7.95,8.04,7.84,7.99,1971600,15866217.00
2019/08/22,8.04,8.05,7.93,8.00,1113600,8963918.00
2019/08/23,8.01,8.10,7.89,7.93,1374880,11082691.00
2019/08/26,7.79,7.97,7.67,7.88,1554350,12290769.00
2019/08/27,7.87,8.05,7.87,8.01,1837380,14794883.00
2019/08/28,8.05,8.05,7.93,7.96,1796400,14464560.00
2019/08/29,7.97,8.08,7.94,8.07,1934770,15673557.00
2019/08/30,8.08,8.11,7.61,7.73,4254600,33555184.00
2019/09/02,7.77,8.07,7.68,8.00,3272901,26187824.00
2019/09/03,7.99,8.17,7.97,8.06,2080520,16865908.00
2019/09/04,8.04,8.28,8.03,8.20,4528820,37290048.00
2019/09/05,8.25,8.38,8.17,8.20,3444254,28682010.00
2019/09/06,8.31,8.36,8.19,8.35,4200060,35064688.00
2019/09/09,8.38,8.40,8.28,8.39,3673020,30846322.00
2019/09/10,8.39,8.42,8.30,8.33,3553500,29916432.00
2019/09/11,8.38,8.48,8.28,8.33,3710680,31336434.00
2019/09/12,8.27,8.43,8.27,8.41,3278005,27628976.00
2019/09/16,8.41,8.51,8.35,8.41,3090060,26282156.00
2019/09/17,8.40,8.42,8.13,8.20,2945827,24561114.00
2019/09/18,8.25,8.29,8.18,8.27,1762547,14654078.00
2019/09/19,8.27,8.46,8.21,8.39,3091900,26000448.00
2019/09/20,8.39,8.51,8.35,8.48,4068360,34669160.00
2019/09/23,8.51,8.51,8.30,8.46,3336000,28158466.00
2019/09/24,8.44,8.53,8.37,8.45,2770285,23574246.00
2019/09/25,8.42,8.47,8.20,8.30,2630540,22094892.00
2019/09/26,8.28,8.32,7.85,7.94,3403420,27563846.00
2019/09/27,7.96,8.29,7.79,8.19,3621180,29736020.00
2019/09/30,8.13,8.22,7.95,7.95,2590407,21119572.00
2019/10/08,7.97,8.07,7.91,7.93,1668980,13452081.00
2019/10/09,7.99,8.08,7.84,8.03,1896760,15276376.00
2019/10/10,8.07,8.21,7.96,8.19,1965867,16111226.00
2019/10/11,8.19,8.25,8.10,8.16,1598225,13190166.00
2019/10/14,8.19,8.32,8.19,8.28,2103100,17534646.00
2019/10/15,8.28,8.28,8.09,8.16,1650280,13558932.00
2019/10/16,8.21,8.38,8.11,8.20,3618280,30076796.00
2019/10/17,8.16,8.38,8.09,8.32,3893563,32364774.00
2019/10/18,8.30,8.30,7.98,8.13,3978160,32586686.00
2019/10/21,8.39,8.39,8.04,8.21,4863054,40267980.00
2019/10/22,8.13,8.16,7.82,8.13,2985749,24275824.00
2019/10/23,8.13,8.50,8.02,8.38,9303158,77855168.00
2019/10/24,8.37,9.23,8.31,8.65,18523905,165527936.00
2019/10/25,8.78,8.89,8.49,8.59,14551518,127387192.00
2019/10/28,8.16,8.49,8.08,8.41,10300909,86158784.00
2019/10/29,8.31,8.38,8.09,8.09,5845621,48509740.00
2019/10/30,8.03,8.09,7.87,7.93,4070040,32685204.00
2019/10/31,7.93,7.96,7.64,7.71,3332920,26210786.00
2019/11/01,7.71,7.83,7.62,7.76,2261545,17664228.00
2019/11/04,7.78,7.89,7.72,7.78,2168960,17053014.00
2019/11/05,7.75,7.80,7.71,7.79,2232145,17476760.00
2019/11/06,7.78,7.80,7.56,7.72,2782500,21559010.00
2019/11/07,7.69,7.78,7.63,7.74,2000586,15577632.00
2019/11/08,7.80,7.90,7.71,7.82,3204260,25154524.00
2019/11/11,7.71,7.78,7.48,7.64,2522400,19395078.00
2019/11/12,7.61,7.75,7.51,7.74,1925120,14866196.00
2019/11/13,7.73,7.87,7.64,7.81,1802780,14095564.00
2019/11/14,7.78,7.89,7.15,7.86,2146556,16831498.00
2019/11/15,7.82,7.87,7.70,7.76,1747560,13742293.00
2019/11/18,7.73,7.82,7.55,7.73,1664060,12931167.00
2019/11/19,7.73,7.89,7.67,7.85,2212160,17423534.00
2019/11/20,7.87,8.01,7.74,7.84,2181580,17255072.00
2019/11/21,7.84,8.10,7.75,8.08,4453687,35828752.00
2019/11/22,8.06,8.19,7.93,7.98,3902520,31725296.00
2019/11/25,8.04,8.04,7.84,8.02,3094040,24857542.00
2019/11/26,8.02,8.05,7.91,8.00,2143070,17270898.00
2019/11/27,7.99,8.05,7.85,7.89,1683280,13504858.00
2019/11/28,7.89,7.95,7.84,7.85,1227100,9756534.00
2019/11/29,7.89,7.91,7.68,7.88,2766340,21805432.00
2019/12/02,7.87,7.91,7.74,7.81,2484860,19589662.00
2019/12/03,7.81,7.81,7.65,7.77,2029687,15800459.00
2019/12/04,7.81,7.81,7.72,7.74,1078500,8429145.00
2019/12/05,7.73,7.80,7.72,7.75,2230990,17453872.00
2019/12/06,7.74,7.77,7.71,7.75,1452180,11335209.00
2019/12/09,7.75,7.78,7.71,7.74,1849800,14449822.00
2019/12/10,7.75,7.76,7.67,7.73,1657160,12912852.00
2019/12/11,7.73,7.76,7.66,7.69,2039380,15852361.00
2019/12/12,7.68,7.78,7.65,7.72,2653660,20616266.00
2019/12/13,7.73,7.82,7.72,7.80,3142500,24663420.00
2019/12/16,7.83,7.96,7.81,7.94,3161801,25160828.00
2019/12/17,7.92,8.09,7.86,8.06,4642620,37251176.00
2019/12/18,8.00,8.16,7.99,8.11,4203624,34268208.00
2019/12/19,8.09,8.16,8.03,8.14,3680959,30048752.00
2019/12/20,8.17,8.19,8.05,8.10,3147460,25718922.00
2019/12/23,8.09,8.10,7.84,7.86,3221507,25916036.00
2019/12/24,7.91,8.04,7.86,8.03,2295904,18447802.00
2019/12/25,8.03,8.10,7.87,8.06,2888480,23401190.00
2019/12/26,8.06,8.30,8.04,8.23,5788025,47807280.00
2019/12/27,8.21,8.38,8.12,8.23,4695945,38899700.00
2019/12/30,8.23,8.35,8.17,8.35,4102431,34228932.00
2019/12/31,8.38,8.39,8.29,8.38,3425765,28789262.00
2020/01/02,8.43,8.59,8.15,8.46,4187060,35771108.00
2020/01/03,8.51,8.66,8.46,8.53,4984560,43015356.00
2020/01/06,8.42,8.79,8.23,8.57,5339020,45832484.00
2020/01/07,8.57,8.66,8.53,8.63,2865000,24837754.00
2020/01/08,8.63,8.85,8.54,8.59,5745487,50371244.00
2020/01/09,8.69,8.84,8.59,8.77,4227011,37212564.00
2020/01/10,8.86,9.00,8.76,8.91,3952920,35429272.00
2020/01/13,8.91,9.03,8.77,8.95,3450080,30941228.00
2020/01/14,8.89,9.42,8.89,9.14,5634254,51858008.00
2020/01/15,9.20,9.29,8.99,9.15,4187420,38439448.00
2020/01/16,9.23,9.35,8.95,9.03,3562620,32607804.00
2020/01/17,9.01,9.09,8.80,8.80,4521600,40618068.00
2020/01/20,8.80,9.02,8.68,8.93,4480640,40119512.00
2020/01/21,8.81,9.01,8.78,8.81,2564197,22934594.00
2020/01/22,8.78,8.98,8.59,8.81,3035635,26791902.00
2020/01/23,8.78,8.82,8.33,8.45,3069152,26476002.00
2020/02/03,7.60,7.60,7.60,7.60,730200,5600634.00
2020/02/04,6.98,7.52,6.98,7.26,3529455,26067694.00
2020/02/05,7.20,7.51,7.20,7.37,3080220,23016002.00
2020/02/06,7.41,7.91,6.63,7.62,2907730,22026740.00
2020/02/07,7.60,7.77,7.50,7.69,3053524,23515426.00
2020/02/10,7.69,7.91,7.55,7.80,2477864,19350006.00
2020/02/11,7.88,7.92,7.64,7.67,3356817,26302038.00
2020/02/12,7.75,8.44,7.58,7.94,4531188,36261868.00
2020/02/13,7.98,8.15,7.82,8.05,5184920,41856028.00
2020/02/14,8.02,8.10,7.84,8.04,3200683,25794370.00
2020/02/17,8.04,8.41,8.00,8.37,4429568,36464672.00
2020/02/18,8.29,8.41,8.19,8.35,3919860,32746258.00
2020/02/19,8.30,8.42,8.24,8.32,3116982,26197298.00
2020/02/20,8.36,8.80,8.31,8.63,5262442,45018640.00
2020/02/21,8.73,8.81,8.45,8.46,5874820,50855320.00
2020/02/24,8.43,8.49,8.27,8.40,3588780,30286368.00
2020/02/25,8.23,8.37,7.81,8.21,4433404,36409896.00
2020/02/26,8.18,8.36,8.07,8.19,3760560,31263418.00
2020/02/27,8.19,8.31,7.50,8.14,3147527,25950852.00
2020/02/28,7.92,8.04,7.59,7.71,4810320,37815340.00
2020/03/02,7.73,8.40,7.73,8.27,5755900,47204520.00
2020/03/03,8.30,8.51,8.16,8.25,2946740,24710576.00
2020/03/04,8.24,8.36,8.16,8.34,2398587,19985196.00
2020/03/05,8.38,8.47,8.31,8.43,3676794,31124688.00
2020/03/06,8.36,8.70,8.27,8.52,4349534,37202940.00
2020/03/09,8.58,8.58,7.97,8.27,6226940,52174392.00
2020/03/10,8.13,8.36,7.95,8.34,4443138,36721860.00
2020/03/11,8.42,8.70,8.39,8.58,8886556,76915408.00
2020/03/12,8.58,8.72,8.23,8.23,4423632,37518344.00
2020/03/13,7.93,8.74,7.72,8.74,8497097,72815432.00
2020/03/16,8.82,8.97,8.19,8.43,7459647,64358224.00
2020/03/17,8.53,8.63,7.93,8.55,6232195,52281516.00
2020/03/18,8.55,9.29,8.49,8.64,10949126,97824168.00
2020/03/19,8.71,9.11,8.58,9.03,9574698,85938808.00
2020/03/20,8.91,9.69,8.84,9.44,11636937,108257568.00
2020/03/23,9.21,9.29,8.75,8.76,9839024,90142080.00
2020/03/24,8.90,9.16,8.75,9.16,7809685,70694104.00
2020/03/25,9.31,9.33,8.73,8.91,9611686,86562440.00
2020/03/26,8.66,8.78,8.50,8.56,6463210,56223708.00
2020/03/27,8.72,9.20,8.60,9.18,9634405,87182184.00
2020/03/30,8.96,9.23,8.55,9.12,7336205,65649452.00
2020/03/31,9.01,9.67,9.00,9.40,8884954,83916424.00
2020/04/01,9.42,9.42,9.04,9.18,6446923,59837980.00
2020/04/02,9.09,9.12,8.84,9.10,4011665,36387248.00
2020/04/03,9.05,9.09,8.39,8.42,7662720,67397256.00
2020/04/07,8.54,8.72,8.38,8.57,5700991,49156260.00
2020/04/08,8.56,8.72,8.41,8.62,4086220,35343932.00
2020/04/09,8.66,9.13,8.55,9.05,6701209,60291488.00
2020/04/10,8.97,9.04,8.45,8.48,6088029,53113780.00
2020/04/13,8.35,8.36,7.96,8.00,4575861,37274740.00
2020/04/14,8.08,8.36,8.01,8.34,3340980,27672156.00
2020/04/15,8.35,8.72,8.27,8.58,5575290,48237008.00
2020/04/16,8.62,8.64,8.42,8.48,3246940,27839896.00
2020/04/17,8.55,8.69,8.23,8.23,3579879,30407172.00
2020/04/20,8.31,9.01,8.16,8.84,5843740,51098968.00
2020/04/21,8.81,9.13,8.61,9.01,6612109,59549860.00
2020/04/22,8.93,9.32,8.83,9.08,6022669,55073252.00
2020/04/23,9.16,9.16,8.93,8.94,3767600,34273552.00
2020/04/24,8.95,9.01,8.64,8.75,3045440,27015318.00
2020/04/27,8.75,9.38,8.64,9.23,7604300,70110920.00
2020/04/28,9.20,9.59,8.85,9.39,8610677,80489248.00
2020/04/29,9.34,9.41,8.98,9.07,6019280,55514776.00
2020/04/30,9.07,9.98,8.97,9.70,15329974,148810128.00
2020/05/06,9.63,10.13,9.51,9.91,12298278,121502320.00
2020/05/07,9.72,10.11,9.61,9.86,7988170,79850824.00
2020/05/08,9.92,10.11,9.73,9.82,7057190,70246416.00
2020/05/11,9.87,9.93,9.38,9.50,7213740,69388296.00
2020/05/12,9.54,10.46,9.52,9.83,15157060,151719312.00
2020/05/13,9.84,10.10,9.42,9.52,10811560,105648768.00
2020/05/14,9.36,9.56,9.13,9.13,6818000,63939192.00
2020/05/15,9.13,9.37,9.09,9.15,4410482,40902828.00
2020/05/18,9.23,9.51,9.05,9.33,5184693,48528780.00
2020/05/19,9.38,9.51,9.25,9.48,3942056,37337928.00
2020/05/20,9.43,9.45,9.19,9.24,3402660,31896668.00
2020/05/21,9.26,9.30,9.12,9.28,2414200,22416284.00
2020/05/22,9.26,9.36,8.72,8.91,5456608,49399948.00
2020/05/25,8.95,8.95,8.55,8.82,2572067,22549570.00
2020/05/26,8.78,9.06,8.70,8.88,2477100,22187680.00
2020/05/27,8.99,9.13,8.84,9.04,2383800,21656864.00
2020/05/28,9.18,9.18,8.81,8.95,1921080,17304640.00
2020/05/29,8.95,9.61,8.77,9.57,8368241,79167176.00
2020/06/01,9.56,9.73,9.46,9.59,5648740,54417644.00
2020/06/02,9.59,9.80,9.48,9.74,3772040,36632620.00
2020/06/03,9.73,10.43,9.55,10.11,7919025,79734536.00
2020/06/04,10.11,10.19,9.73,9.84,4328200,43064244.00
2020/06/05,9.83,9.84,9.58,9.71,2518080,24546672.00
2020/06/08,9.78,9.80,9.51,9.63,2708100,26187998.00
2020/06/09,9.63,9.64,9.50,9.55,1932820,18558572.00
2020/06/10,9.55,9.82,9.38,9.63,3277620,31600840.00
2020/06/11,9.62,9.73,9.43,9.52,2725140,26261288.00
2020/06/12,9.33,9.58,9.30,9.51,2482034,23481420.00
2020/06/15,9.48,9.86,9.45,9.79,4440820,43344640.00
2020/06/16,9.77,10.24,9.73,10.15,5698491,57619212.00
2020/06/17,10.18,10.23,9.92,9.95,3963480,39920716.00
2020/06/18,10.00,10.87,9.86,10.36,10065280,104760952.00
2020/06/19,10.34,10.34,9.75,9.85,7990220,80149224.00
2020/06/22,9.93,10.80,9.86,10.58,12062980,126896712.00
2020/06/23,10.58,10.75,10.17,10.42,9033460,94411568.00
2020/06/24,10.45,10.59,10.08,10.14,5024600,51764936.00
2020/06/29,10.04,10.24,9.88,10.07,4025800,40633132.00
2020/06/30,10.02,10.13,9.97,10.12,3744080,37844672.00
2020/07/01,10.11,10.15,9.83,9.97,4221087,42113232.00
2020/07/02,9.95,9.98,9.81,9.92,3504520,34857264.00
2020/07/03,9.98,10.19,9.88,10.13,4927640,49988188.00
2020/07/06,10.24,10.44,10.12,10.39,7468891,77285544.00
2020/07/07,10.40,10.72,10.26,10.48,7284814,76688832.00
2020/07/08,10.52,10.57,10.37,10.54,5655647,59511684.00
2020/07/09,10.49,10.67,10.41,10.62,8557125,90765480.00
2020/07/10,10.67,10.81,10.37,10.51,7353319,78121720.00
2020/07/13,10.42,10.96,10.42,10.95,9601300,103632360.00
2020/07/14,11.18,11.33,10.34,10.78,7988144,86516832.00
2020/07/15,10.78,10.82,10.04,10.04,6381820,66976324.00
2020/07/16,10.19,10.83,9.91,9.96,9624361,100315688.00
2020/07/17,9.85,10.04,9.46,9.78,7259460,70948680.00
2020/07/20,9.77,10.05,9.76,10.04,4921280,49102764.00
2020/07/21,10.03,10.19,9.89,10.01,4075796,41106964.00
2020/07/22,10.01,10.25,9.84,10.13,5434121,54879680.00
2020/07/23,10.05,10.11,9.60,9.86,3985820,39546412.00
2020/07/24,9.86,10.01,9.19,9.19,5102640,48920888.00
2020/07/27,9.20,9.33,8.91,9.15,3705120,34104864.00
2020/07/28,9.24,9.38,8.94,9.11,3741500,34325124.00
2020/07/29,9.13,9.40,9.11,9.39,3051340,28420130.00
2020/07/30,9.44,9.44,9.29,9.32,2284700,21472436.00
2020/07/31,9.32,9.52,9.27,9.49,3174000,30081422.00
2020/08/03,9.47,9.73,9.47,9.71,3179725,30800100.00
2020/08/04,9.80,10.09,9.71,9.77,7791840,77485512.00
2020/08/05,9.72,10.00,9.55,9.82,5338987,52355332.00
2020/08/06,9.82,9.84,9.50,9.61,3073408,29842120.00
2020/08/07,9.60,9.64,9.17,9.29,3154881,29678484.00
2020/08/10,9.50,9.60,9.30,9.37,3651020,34425568.00
2020/08/11,9.45,9.46,9.18,9.18,2850585,26684214.00
2020/08/12,9.19,9.21,8.64,8.90,6189185,55115512.00
2020/08/13,8.91,9.10,8.90,9.03,2608080,23638968.00
2020/08/14,9.02,9.30,9.00,9.26,3389460,31320168.00
2020/08/17,9.33,9.71,9.24,9.65,6852200,65919800.00
2020/08/18,9.62,9.81,9.57,9.77,5256052,51346140.00
2020/08/19,9.77,9.82,9.57,9.64,3723197,36306680.00
2020/08/20,9.50,9.98,9.50,9.80,6139380,60402656.00
2020/08/21,9.89,10.28,9.72,10.12,7194102,72570192.00
2020/08/24,10.14,10.35,9.88,10.13,3951560,40121980.00
2020/08/25,10.22,10.39,9.95,10.20,4458780,45761836.00
2020/08/26,10.15,10.60,10.12,10.14,6035232,62751564.00
2020/08/27,10.31,10.58,10.04,10.45,4780200,49751816.00
2020/08/28,10.35,10.61,10.18,10.48,4231940,44343200.00
2020/08/31,10.45,10.73,10.40,10.40,4046127,42901424.00
2020/09/01,10.55,10.72,10.34,10.50,4350320,45855568.00
2020/09/02,10.60,10.95,10.48,10.83,6010829,64739372.00
2020/09/03,10.84,11.00,10.37,10.46,6880489,72906664.00
2020/09/04,10.26,11.11,10.10,11.06,7478915,80572096.00
2020/09/07,11.05,11.30,10.73,10.79,8485234,93980848.00
2020/09/08,10.75,11.15,10.66,11.08,7301560,80327152.00
2020/09/09,10.89,12.34,10.82,11.18,15809056,180479936.00
2020/09/10,10.75,10.99,9.67,9.69,11710159,119884312.00
2020/09/11,9.38,10.75,9.36,10.17,9423295,97094248.00
2020/09/14,10.94,11.72,10.27,10.65,18471695,198738400.00
2020/09/15,10.25,11.95,10.25,11.15,24854660,279904416.00
2020/09/16,10.89,11.05,10.26,10.64,17837112,189532336.00
2020/09/17,10.56,11.56,10.55,11.02,18454572,206246400.00
2020/09/18,10.98,11.69,10.98,11.43,19304229,219936528.00
2020/09/21,11.27,11.69,11.11,11.21,13840356,157732352.00
2020/09/22,11.43,11.50,10.41,10.80,12815887,139316736.00
2020/09/23,10.38,10.70,10.16,10.40,11665820,121294568.00
2020/09/24,10.15,10.24,9.73,9.73,8010280,80021616.00
2020/09/25,9.75,10.13,9.56,9.76,4973880,49148704.00
2020/09/28,9.83,9.83,9.26,9.31,4468520,42665056.00
2020/09/29,9.51,9.80,9.37,9.55,3770080,36327000.00
2020/09/30,9.62,9.66,9.36,9.47,2738060,26188726.00
2020/10/09,9.70,10.02,9.62,9.96,4553192,44953648.00
2020/10/12,9.93,10.64,9.93,10.55,8622280,89478648.00
2020/10/13,10.56,10.93,10.45,10.79,8212540,88433984.00
2020/10/14,10.90,11.25,10.73,11.10,11351020,125985448.00
2020/10/15,11.11,11.19,10.65,10.94,7791180,85808912.00
2020/10/16,10.94,11.30,10.88,11.02,7360440,81769392.00
2020/10/19,11.19,11.54,10.95,11.11,9473300,106575200.00
2020/10/20,10.99,11.33,10.96,11.23,7213620,80837168.00
2020/10/21,11.32,11.53,11.15,11.48,9464580,107860264.00
2020/10/22,11.51,12.02,11.03,11.73,11658455,135505296.00
2020/10/23,11.70,14.09,11.55,11.91,27454280,342709472.00
2020/10/26,12.06,12.74,11.48,11.97,20597080,247107456.00
2020/10/27,11.63,12.45,11.63,11.78,19451380,234247120.00
2020/10/28,11.76,12.66,11.00,12.53,26505287,318376864.00
2020/10/29,12.13,15.05,12.12,15.05,44776588,620963520.00
2020/10/30,13.95,14.25,12.83,12.95,44058300,602909888.00
2020/11/02,12.75,13.50,12.37,13.27,24400072,319431104.00
2020/11/03,13.28,13.34,12.24,12.85,25352955,324772928.00
2020/11/04,12.65,12.71,12.13,12.40,16366222,203919840.00
2020/11/05,12.43,12.89,12.24,12.85,18160282,230409728.00
2020/11/06,12.80,12.83,12.04,12.17,11045900,137304800.00
2020/11/09,12.25,12.50,12.20,12.30,9853720,122216024.00
2020/11/10,12.34,12.49,11.64,11.75,9578987,115425720.00
2020/11/11,11.75,11.91,11.22,11.29,7408100,85575824.00
2020/11/12,11.40,11.48,11.15,11.34,4973900,56552008.00
2020/11/13,11.24,11.41,11.16,11.30,4165100,47116440.00
2020/11/16,11.35,11.35,10.80,10.82,5925707,65522796.00
2020/11/17,10.86,11.03,10.69,10.90,5825240,63632424.00
2020/11/18,10.84,11.45,10.84,11.40,6659947,75423240.00
2020/11/19,11.30,11.51,11.23,11.39,4955900,56607160.00
2020/11/20,11.50,12.10,11.42,11.72,9537380,113352216.00
2020/11/23,11.71,11.97,11.43,11.54,7462800,87419784.00
2020/11/24,11.58,11.95,11.58,11.76,6623700,78566928.00
2020/11/25,11.83,11.89,11.49,11.63,5177180,60805072.00
2020/11/26,11.69,11.79,11.30,11.38,4735500,54598736.00
2020/11/27,11.43,11.55,10.92,11.10,5518240,61852896.00
2020/11/30,11.07,11.15,10.73,10.81,4275380,46824164.00
2020/12/01,10.80,11.13,10.67,10.99,3493100,38475684.00
2020/12/02,11.23,11.79,11.18,11.35,7067360,81000576.00
2020/12/03,11.29,12.81,11.27,12.04,17676680,213730432.00
2020/12/04,11.67,12.13,11.57,12.04,12057292,143349232.00
2020/12/07,12.04,12.15,11.76,11.80,7476140,89440288.00
2020/12/08,11.91,12.41,11.65,12.33,16346320,200606624.00
2020/12/09,12.17,12.55,11.82,11.92,11809540,143506656.00
2020/12/10,11.53,12.20,11.50,12.13,10132587,121850832.00
2020/12/11,12.05,12.24,11.32,11.55,9418020,110326672.00
2020/12/14,11.51,12.35,11.37,12.24,15498370,187516432.00
2020/12/15,12.23,12.30,11.79,12.10,10721940,129506688.00
2020/12/16,12.22,12.29,11.48,11.60,10547407,124015256.00
2020/12/17,11.39,11.45,9.85,10.58,16283147,169413792.00
2020/12/18,10.31,10.64,9.97,9.97,10710187,109898424.00
2020/12/21,9.95,10.35,9.87,9.92,7763707,78750672.00
2020/12/22,9.91,9.96,9.33,9.42,8718120,83907880.00
2020/12/23,9.39,9.74,9.35,9.43,6097530,58439040.00
2020/12/24,9.48,9.48,9.08,9.17,5729700,52990936.00
2020/12/25,9.20,9.51,9.03,9.29,5627320,52761984.00
2020/12/28,9.24,9.54,9.11,9.13,4590300,42569432.00
2020/12/29,9.08,9.22,8.90,8.94,4658040,42370244.00
2020/12/30,8.86,9.13,8.78,8.94,3688360,33299816.00
2020/12/31,8.94,9.16,8.93,8.98,3046465,27669992.00
2021/01/04,9.06,9.38,9.01,9.34,4662780,43261856.00
2021/01/05,9.45,9.66,9.18,9.35,4930130,46527296.00
2021/01/06,9.28,9.34,8.83,8.90,5079100,45863904.00
2021/01/07,8.73,8.97,8.12,8.26,6996640,59368616.00
2021/01/08,8.25,8.61,8.00,8.24,6694292,55838996.00
2021/01/11,8.19,8.38,7.78,7.83,4062240,32599766.00
2021/01/12,7.73,8.11,7.73,7.94,3391900,27245276.00
2021/01/13,7.96,7.97,7.48,7.51,3681860,28356038.00
2021/01/14,7.50,7.66,7.36,7.48,3259400,24777644.00
2021/01/15,7.45,7.87,7.43,7.82,3717220,28869814.00
2021/01/18,7.79,8.32,7.71,8.16,4012600,32756530.00
2021/01/19,8.15,8.39,8.08,8.30,2972480,24715562.00
2021/01/20,8.30,8.43,8.14,8.23,2718460,22530882.00
2021/01/21,8.32,8.47,8.22,8.24,2994800,25176046.00
2021/01/22,8.14,8.28,8.06,8.10,2877420,23558504.00
2021/01/25,8.05,8.64,7.95,8.41,6196181,52129552.00
2021/01/26,8.40,8.45,8.12,8.20,2944460,24464998.00
2021/01/27,8.22,8.50,7.94,8.09,3151060,25853334.00
2021/01/28,7.81,8.14,7.72,7.73,3692500,29374950.00
2021/01/29,7.81,7.91,7.37,7.47,4004600,30718580.00
2021/02/01,7.55,7.63,7.25,7.31,3853600,28712684.00
2021/02/02,7.28,7.41,7.16,7.33,2587320,19030296.00
2021/02/03,7.35,7.38,6.96,7.03,2833960,20380734.00
2021/02/04,7.05,7.13,6.79,6.83,2525707,17576920.00
2021/02/05,6.83,7.00,6.72,6.75,2053780,14129570.00
2021/02/08,6.75,6.86,6.52,6.55,2578000,17137628.00
2021/02/09,6.62,6.81,6.49,6.81,2663700,17811068.00
2021/02/10,6.81,6.90,6.72,6.77,2283387,15578156.00
2021/02/18,6.80,7.15,6.80,7.03,2515000,17751656.00
2021/02/19,6.99,7.43,6.97,7.35,2937240,21337690.00
2021/02/22,7.42,7.79,7.42,7.58,4265600,32695546.00
2021/02/23,7.59,7.80,7.35,7.38,3055172,23096434.00
2021/02/24,7.40,7.65,7.31,7.57,3438260,25997694.00
2021/02/25,7.57,7.99,7.48,7.54,4403100,33936944.00
2021/02/26,7.45,7.81,7.30,7.64,3616340,27849880.00
2021/03/01,7.74,7.99,7.65,7.87,3034100,23932468.00
2021/03/02,7.86,8.04,7.77,7.90,2662600,21132224.00
2021/03/03,7.85,8.02,7.77,7.90,2276200,18046896.00
2021/03/04,7.80,8.12,7.80,7.92,3303133,26482204.00
2021/03/05,7.91,8.21,7.86,8.15,3528682,28810396.00
2021/03/08,8.15,8.29,7.97,7.99,3178420,26021720.00
2021/03/09,7.99,8.25,7.62,7.75,3770300,29831808.00
2021/03/10,7.78,7.98,7.45,7.47,3029500,23252524.00
2021/03/11,7.52,7.80,7.30,7.76,3331100,25406166.00
2021/03/12,7.74,8.06,7.63,7.91,3284640,26002634.00
2021/03/15,7.94,8.07,7.84,7.93,2178100,17420500.00
2021/03/16,7.91,8.10,7.90,8.02,2343350,18949518.00
2021/03/17,8.03,8.06,7.93,7.97,1904300,15327236.00
2021/03/18,8.06,8.06,7.79,7.80,2629800,20841880.00
2021/03/19,7.77,8.20,7.48,8.16,4638660,37677096.00
2021/03/22,8.08,8.36,8.07,8.19,3451700,28548342.00
2021/03/23,8.13,8.36,7.90,7.93,2833500,22942376.00
2021/03/24,7.85,8.10,7.74,7.74,2368300,18867800.00
2021/03/25,7.73,7.90,7.63,7.71,1826000,14259021.00
2021/03/26,7.67,7.81,7.64,7.73,1900600,14803114.00
2021/03/29,7.75,7.81,7.54,7.55,2572600,19805428.00
2021/03/30,7.55,7.55,7.35,7.35,2351327,17561138.00
2021/03/31,7.23,7.61,7.20,7.50,2139587,16088580.00
2021/04/01,7.61,7.61,7.37,7.42,1762640,13217672.00
2021/04/02,7.42,7.47,7.36,7.40,1539687,11463789.00
2021/04/06,7.40,7.79,7.37,7.68,3295735,25405228.00
2021/04/07,7.75,7.80,7.66,7.70,1762008,13689410.00
2021/04/08,7.67,7.75,7.57,7.57,1991223,15272921.00
2021/04/09,7.58,7.68,7.44,7.59,1873100,14218548.00
2021/04/12,7.57,7.64,7.35,7.35,2019700,15154976.00
2021/04/13,7.35,7.36,7.18,7.24,1623240,11856248.00
2021/04/14,7.19,7.43,7.19,7.39,1589500,11719929.00
2021/04/15,7.39,7.51,7.29,7.42,1401580,10462697.00
2021/04/16,7.42,7.75,7.36,7.73,2564300,19607294.00
2021/04/19,7.73,7.79,7.65,7.77,2395638,18670274.00
2021/04/20,7.73,7.90,7.73,7.75,2370800,18603744.00
2021/04/21,7.73,7.81,7.68,7.73,1528320,11923491.00
2021/04/22,7.74,7.88,7.66,7.70,1882100,14720964.00
2021/04/23,7.80,7.80,7.57,7.62,2031800,15627485.00
2021/04/26,7.62,8.01,7.60,7.69,5048200,39610888.00
2021/04/27,7.68,7.78,7.32,7.46,3013000,22618054.00
2021/04/28,7.43,7.44,7.31,7.37,2324580,17251998.00
2021/04/29,7.43,7.88,7.37,7.80,5128880,39801556.00
2021/04/30,7.70,7.83,7.51,7.56,3395480,26018766.00
2021/05/06,7.73,7.98,7.58,7.77,4216600,33039742.00
2021/05/07,7.61,7.78,7.49,7.54,3855180,29388724.00
2021/05/10,7.51,7.87,7.48,7.75,3514467,27283782.00
2021/05/11,7.66,7.82,7.61,7.76,2374900,18431788.00
2021/05/12,7.75,7.98,7.62,7.98,4868200,38515712.00
2021/05/13,7.88,8.18,7.85,8.05,5458720,44158616.00
2021/05/14,8.05,8.31,8.00,8.26,5797780,47952912.00
2021/05/17,8.28,8.33,7.89,7.95,5158780,41789392.00
2021/05/18,7.96,8.04,7.88,7.98,2947800,23581100.00
2021/05/19,7.95,8.15,7.83,8.05,3372700,27201796.00
2021/05/20,8.02,8.71,7.99,8.71,9898766,84005936.00
2021/05/21,8.58,8.71,8.47,8.49,7543400,64987372.00
2021/05/24,8.64,8.69,8.35,8.48,3909933,33252378.00
2021/05/25,8.55,8.55,8.25,8.42,4349573,36512244.00
2021/05/26,8.38,8.88,8.37,8.70,6912554,60207972.00
2021/05/27,8.58,8.66,8.42,8.50,4443980,38077108.00
2021/05/28,8.51,8.51,8.22,8.26,3710692,31155874.00
2021/05/31,8.23,8.35,8.13,8.32,3071427,25586254.00
2021/06/01,8.31,8.60,8.20,8.57,4719579,40197576.00
2021/06/02,8.56,8.56,8.30,8.32,3670580,30988046.00
2021/06/03,8.32,8.42,8.23,8.24,2379100,19907384.00
2021/06/04,8.22,8.29,8.12,8.17,1904100,15740761.00
2021/06/07,8.15,8.33,8.15,8.32,2097400,17426200.00
2021/06/08,8.29,8.38,8.21,8.38,1987720,16592341.00
2021/06/09,8.25,8.60,8.25,8.40,2781020,23619894.00
2021/06/10,8.32,8.71,8.32,8.60,4112787,35508008.00
2021/06/11,8.60,9.23,8.60,8.97,12028324,108919392.00
2021/06/15,8.90,9.62,8.89,9.50,13092974,122559352.00
2021/06/16,9.41,9.41,8.95,9.08,9077274,83238848.00
2021/06/17,9.00,9.09,8.71,8.91,6329645,56219572.00
2021/06/18,8.83,9.16,8.73,9.16,5618987,50843784.00
2021/06/21,9.01,9.20,8.91,9.05,4798991,43588432.00
2021/06/22,9.05,9.34,9.02,9.16,5368234,49414144.00
2021/06/23,9.17,9.25,8.95,8.98,3903800,35582184.00
2021/06/24,8.94,9.03,8.85,8.92,3118740,28000060.00
2021/06/25,8.86,9.01,8.69,9.00,3608043,32095698.00
2021/06/28,8.98,9.12,8.87,9.02,3101000,28041072.00
2021/06/29,8.99,9.04,8.75,8.75,3129700,27926888.00
2021/06/30,8.73,8.93,8.71,8.92,2229900,19884440.00
2021/07/01,8.92,9.41,8.91,9.10,8294730,76766888.00
2021/07/02,9.20,9.91,9.14,9.56,11583730,110713288.00
2021/07/05,9.27,9.71,9.27,9.64,9845650,93942856.00
2021/07/06,9.57,9.69,9.25,9.47,6951210,65740120.00
2021/07/07,9.28,9.86,9.25,9.83,9277310,90017264.00
2021/07/08,9.76,9.80,9.45,9.49,7309500,70369088.00
2021/07/09,9.40,9.84,9.37,9.72,7202622,70178216.00
2021/07/12,9.75,9.80,9.46,9.64,5236160,50752044.00
2021/07/13,9.67,9.90,9.47,9.89,6847842,66579000.00
2021/07/14,9.85,10.19,9.56,9.60,8072440,79684208.00
2021/07/15,9.60,9.63,9.04,9.33,6631000,61964396.00
2021/07/16,9.23,9.44,9.15,9.28,3559100,33456596.00
2021/07/19,9.20,9.33,9.00,9.20,3327500,30576258.00
2021/07/20,9.19,9.21,8.92,8.96,3348300,30337004.00
2021/07/21,9.00,9.54,8.98,9.53,5617660,52826432.00
2021/07/22,9.55,9.83,9.55,9.81,5818060,56868092.00
2021/07/23,9.89,9.90,9.49,9.51,4028880,39191100.00
2021/07/26,9.70,9.85,9.21,9.39,3690200,35086848.00
2021/07/27,9.31,9.56,8.97,9.03,3699440,34682088.00
2021/07/28,8.95,9.06,8.31,8.49,4437300,38267368.00
2021/07/29,8.55,9.24,8.48,9.14,4272200,38504852.00
2021/07/30,9.09,9.92,9.08,9.83,8293307,80299520.00
2021/08/02,9.87,10.13,9.65,10.08,7560653,75450608.00
2021/08/03,10.08,10.38,9.97,10.14,8137718,83620824.00
2021/08/04,10.34,10.51,10.03,10.12,5148800,52715724.00
2021/08/05,10.25,10.25,9.98,10.12,4044800,40952260.00
2021/08/06,10.06,10.23,9.81,9.91,4492440,44886432.00
2021/08/09,9.84,10.09,9.78,9.88,3118700,31115512.00
2021/08/10,9.90,10.43,9.85,10.33,5728380,58885256.00
2021/08/11,10.26,10.61,10.15,10.55,5797300,60861864.00
2021/08/12,10.55,10.63,10.29,10.38,3892717,40666816.00
2021/08/13,10.28,10.37,10.16,10.33,3024217,31155076.00
2021/08/16,10.35,10.35,9.87,10.03,3503490,35337084.00
2021/08/17,9.97,10.13,9.55,9.63,3778797,37382604.00
2021/08/18,9.63,10.01,9.58,10.01,3616170,35784096.00
2021/08/19,9.99,9.99,9.46,9.65,4159720,40196000.00
2021/08/20,9.66,9.70,9.35,9.60,2322080,22242334.00
2021/08/23,9.60,10.60,9.50,10.51,8909637,92098760.00
2021/08/24,10.45,10.61,10.30,10.37,4545627,47517216.00
2021/08/25,10.46,10.48,10.19,10.39,4268700,44269360.00
2021/08/26,10.57,10.65,10.31,10.45,5343987,56090208.00
2021/08/27,10.41,10.44,9.95,9.99,5603780,56967792.00
2021/08/30,10.14,10.50,10.07,10.14,4995545,51538284.00
2021/08/31,10.35,10.39,10.01,10.27,4471380,45881904.00
2021/09/01,10.24,10.24,9.59,9.60,5524700,54532932.00
2021/09/02,9.62,10.15,9.30,10.13,6775300,66254400.00
2021/09/03,10.05,10.40,9.71,9.74,4726260,47684972.00
2021/09/06,9.85,10.00,9.59,9.94,3916743,38603148.00
2021/09/07,9.95,10.73,9.75,10.63,11626719,122602432.00
2021/09/08,10.62,10.69,10.33,10.35,6245262,65555272.00
2021/09/09,10.40,10.40,10.12,10.26,4685363,48237100.00
2021/09/10,10.27,10.38,9.95,10.10,4891353,49810680.00
2021/09/13,10.16,10.30,9.96,10.18,3842957,39202680.00
2021/09/14,10.27,10.27,9.78,9.90,4046530,40539368.00
2021/09/15,9.90,10.50,9.77,10.40,7247353,74384376.00
2021/09/16,10.38,10.70,10.18,10.22,6438442,67390464.00
2021/09/17,10.19,11.91,10.19,10.97,19679115,215287216.00
2021/09/22,10.64,11.15,10.27,11.13,16847563,180859472.00
2021/09/23,10.65,10.77,10.23,10.42,13417571,140946896.00
2021/09/24,10.27,10.35,9.65,9.72,9600697,96234752.00
2021/09/27,9.67,9.79,8.86,9.12,7924143,73527816.00
2021/09/28,9.05,9.21,8.92,9.00,4552737,41550092.00
2021/09/29,8.96,9.16,8.80,8.80,4071140,36636796.00
2021/09/30,8.81,9.22,8.81,9.15,2855963,26012094.00
2021/10/08,9.35,10.33,9.24,10.27,11403603,113550120.00
2021/10/11,10.28,10.74,10.00,10.13,6871900,70614784.00
2021/10/12,10.13,10.58,9.92,10.21,5413900,55533108.00
2021/10/13,10.01,10.19,9.93,10.10,5243900,52921196.00
2021/10/14,9.97,10.43,9.84,10.42,4618340,47622016.00
2021/10/15,10.28,10.84,10.16,10.44,6500803,68765200.00
2021/10/18,10.54,11.05,10.35,10.92,9090440,98878864.00
2021/10/19,10.88,11.09,10.66,10.89,6212440,68014912.00
2021/10/20,10.77,11.04,10.71,10.73,3861800,42152488.00
2021/10/21,10.73,10.86,10.47,10.58,4844900,51698540.00
2021/10/22,10.32,10.60,10.18,10.24,3340000,34582124.00
2021/10/25,10.27,10.54,10.03,10.16,3343980,34184292.00
2021/10/26,10.30,11.01,10.15,10.74,7956090,85326016.00
2021/10/27,10.56,10.60,9.56,9.62,10756900,107240976.00
2021/10/28,9.54,10.04,9.35,9.63,7198040,70212256.00
2021/10/29,9.75,9.97,9.44,9.85,5490910,53570888.00
2021/11/01,9.85,10.90,9.73,10.78,13655020,144457536.00
2021/11/02,10.64,10.83,10.47,10.69,7453500,79809224.00
2021/11/03,10.69,10.73,10.37,10.61,5607360,59360984.00
2021/11/04,10.64,10.97,10.50,10.76,11086280,119893376.00
2021/11/05,10.70,11.16,10.58,10.97,12904220,141969536.00
2021/11/08,10.90,11.23,10.66,10.82,8127060,88868248.00
2021/11/09,10.83,11.09,10.63,11.09,7941081,86838272.00
2021/11/10,11.09,11.12,10.70,10.95,7278020,79522632.00
2021/11/11,10.77,10.91,10.68,10.84,7009620,76155128.00
2021/11/12,10.95,11.59,10.88,11.43,16666520,189470560.00
2021/11/15,11.37,12.42,11.19,12.10,20278580,241812944.00
2021/11/16,12.16,12.36,11.61,11.74,15887942,189037040.00
2021/11/17,11.67,12.25,11.59,12.09,13223710,159450368.00
2021/11/18,12.18,12.52,11.83,11.87,13375422,163176032.00
2021/11/19,11.80,12.05,11.56,11.71,8788500,103750040.00
2021/11/22,11.68,11.89,11.26,11.34,8846400,101235792.00
2021/11/23,11.90,12.84,11.37,11.62,19740722,234339120.00
2021/11/24,11.61,12.61,11.32,11.86,21948995,263546448.00
2021/11/25,11.65,12.50,11.30,12.30,22709717,274598336.00
2021/11/26,12.10,12.24,11.46,11.62,15962531,188175392.00
2021/11/29,11.30,12.22,11.04,11.95,15558910,181850064.00
2021/11/30,12.05,12.17,11.50,11.60,9130760,107627032.00
2021/12/01,11.55,11.83,11.35,11.70,8149067,95058008.00
2021/12/02,11.77,12.63,11.41,12.11,16793929,203231600.00
2021/12/03,12.29,12.45,11.68,11.87,10847970,129234832.00
2021/12/06,11.95,12.04,10.94,10.97,12866927,146805040.00
2021/12/07,10.97,11.05,10.45,10.70,7273300,78219176.00
2021/12/08,10.70,10.90,10.63,10.74,4562200,49371256.00
2021/12/09,10.75,11.00,10.59,10.80,4513000,49027256.00
2021/12/10,10.75,11.19,10.63,11.12,5646620,62239332.00
2021/12/13,11.08,11.12,10.74,10.86,5268600,57560644.00
2021/12/14,10.84,11.09,10.70,10.95,4966300,54435144.00
2021/12/15,10.90,11.27,10.79,11.15,7323100,81589816.00
2021/12/16,11.11,11.30,11.02,11.25,6334540,71087280.00
2021/12/17,11.27,11.27,10.99,11.01,3833480,42634948.00
2021/12/20,11.09,11.09,10.46,10.52,4687500,50612048.00
2021/12/21,10.57,10.64,10.50,10.63,2601900,27660146.00
2021/12/22,10.57,10.66,10.35,10.50,4248580,44803172.00
2021/12/23,10.52,10.54,10.20,10.23,3832600,39934124.00
2021/12/24,10.25,10.36,9.77,9.78,5333627,53479420.00
2021/12/27,9.84,9.95,9.66,9.89,2870400,28348608.00
2021/12/28,9.91,10.05,9.78,10.00,2681400,26839776.00
2021/12/29,9.95,10.11,9.88,9.99,2424900,24417756.00
2021/12/30,9.99,10.12,9.90,9.99,2855040,28795340.00
2021/12/31,10.01,10.15,9.96,10.03,2676000,26978660.00
2022/01/04,10.04,10.20,9.95,10.14,3753363,38068140.00
2022/01/05,10.09,10.15,9.73,9.90,4233543,42261844.00
2022/01/06,9.85,10.17,9.77,10.09,3054363,30811182.00
2022/01/07,10.09,10.13,9.78,9.81,3753881,37413184.00
2022/01/10,9.84,10.00,9.77,9.91,2514605,25074808.00
2022/01/11,9.86,10.03,9.86,9.96,2287700,22916724.00
2022/01/12,10.01,10.15,9.94,10.13,2855023,28904924.00
2022/01/13,10.13,10.15,10.04,10.08,2280500,23112174.00
2022/01/14,10.12,10.34,10.07,10.14,5465903,56106900.00
2022/01/17,9.99,10.26,9.94,10.25,3448548,35217444.00
2022/01/18,10.26,10.28,9.74,9.78,5111550,50936508.00
2022/01/19,9.78,9.93,9.74,9.88,2196600,21704412.00
2022/01/20,9.85,9.88,9.32,9.38,5131848,49010384.00
2022/01/21,9.39,9.53,9.28,9.51,2544927,24095290.00
2022/01/24,9.43,9.60,9.33,9.35,1570000,14924758.00
2022/01/25,9.35,9.39,8.82,8.84,3599700,32694484.00
2022/01/26,8.91,9.11,8.88,9.06,2732300,24752452.00
2022/01/27,9.06,9.08,8.65,8.69,2956600,26071890.00
2022/01/28,8.83,9.21,8.69,9.10,3547679,32062432.00
2022/02/07,9.30,9.55,9.22,9.43,3750339,35314664.00
2022/02/08,9.38,9.53,9.27,9.50,2329066,22051464.00
2022/02/09,9.51,9.60,9.42,9.59,2731900,26070442.00
2022/02/10,9.55,9.55,9.38,9.44,2412860,22898456.00
2022/02/11,9.40,9.44,9.16,9.21,1873720,17459246.00
2022/02/14,9.15,9.41,9.08,9.29,2081800,19494364.00
2022/02/15,9.29,9.39,9.14,9.33,1641120,15295208.00
2022/02/16,9.37,9.70,9.35,9.55,3011486,28899250.00
2022/02/17,9.55,9.74,9.49,9.54,2508300,24214844.00
2022/02/18,9.50,9.68,9.42,9.66,1924542,18518038.00
2022/02/21,9.66,9.79,9.58,9.76,1708980,16697378.00
2022/02/22,9.71,9.78,9.60,9.72,2328080,22665346.00
2022/02/23,9.75,9.91,9.70,9.86,2373540,23429088.00
2022/02/24,9.76,9.99,9.52,9.71,4303499,42198808.00
2022/02/25,9.75,9.95,9.74,9.81,2379300,23528166.00
2022/02/28,9.84,9.85,9.51,9.63,2013899,19518310.00
2022/03/01,9.72,10.01,9.61,9.97,4685280,46594616.00
2022/03/02,9.97,10.09,9.87,9.98,3345440,33497858.00
2022/03/03,10.00,10.05,9.91,10.00,2403700,24115668.00
2022/03/04,10.04,10.14,9.77,9.83,3584279,35762064.00
2022/03/07,9.80,10.29,9.68,9.88,3989343,40112068.00
2022/03/08,9.87,9.95,9.48,9.51,4278900,41663776.00
2022/03/09,9.58,9.64,8.97,9.37,3265000,30621542.00
2022/03/10,9.63,9.85,9.56,9.70,3561043,34741940.00
2022/03/11,9.52,9.86,9.38,9.84,2982920,28728384.00
2022/03/14,9.85,9.92,9.46,9.46,3607860,35131884.00
2022/03/15,9.45,9.53,8.75,8.99,3439790,32121658.00
2022/03/16,9.22,9.52,8.95,9.47,3678250,34141992.00
2022/03/17,9.47,9.65,9.43,9.47,2839700,27224938.00
2022/03/18,9.39,9.65,9.37,9.63,2043460,19667172.00
2022/03/21,9.64,9.74,9.55,9.67,2180000,21134530.00
2022/03/22,9.67,9.74,9.55,9.69,1692200,16422449.00
2022/03/23,9.72,9.83,9.65,9.74,2550500,24954070.00
2022/03/24,9.66,9.70,9.43,9.45,2698500,25881946.00
2022/03/25,9.47,9.60,9.43,9.47,1966342,18814508.00
2022/03/28,9.46,9.51,9.22,9.33,1839400,17246698.00
2022/03/29,9.35,9.39,9.07,9.12,1632900,15082063.00
2022/03/30,9.24,9.27,9.06,9.26,1417782,13086103.00
2022/03/31,9.17,9.45,9.12,9.41,1865282,17415998.00
2022/04/01,9.31,9.45,9.11,9.30,2840500,26456828.00
2022/04/06,9.22,9.44,9.15,9.39,2682382,25118584.00
2022/04/07,9.36,9.37,8.95,9.06,2394682,22082840.00
2022/04/08,9.07,9.11,8.76,8.88,1982329,17690800.00
2022/04/11,8.89,8.89,8.54,8.59,1779219,15500780.00
2022/04/12,8.54,8.97,8.54,8.94,2222097,19602894.00
2022/04/13,8.90,8.91,8.66,8.70,1461301,12841554.00
2022/04/14,8.74,8.80,8.58,8.61,1667700,14542752.00
2022/04/15,8.56,8.56,8.20,8.26,2083200,17454708.00
2022/04/18,8.27,8.53,8.16,8.50,1529300,12925072.00
2022/04/19,8.54,8.72,8.46,8.67,1613700,14050329.00
2022/04/20,8.67,8.82,8.45,8.52,1818582,15781260.00
2022/04/21,8.45,8.62,8.16,8.17,2199460,18545744.00
2022/04/22,8.17,8.17,7.96,8.02,2749300,22328488.00
2022/04/25,8.01,8.04,7.35,7.35,2716600,20810136.00
2022/04/26,7.51,7.84,7.27,7.36,3277379,25045474.00
2022/04/27,7.24,7.64,7.10,7.61,3087804,22802928.00
2022/04/28,7.53,7.65,7.40,7.54,2200200,16661187.00
2022/04/29,7.50,7.84,7.45,7.76,3288299,25475556.00
2022/05/05,7.76,7.80,7.62,7.70,2511500,19504600.00
2022/05/06,7.60,7.69,7.42,7.67,1966000,15039024.00
2022/05/09,7.60,7.92,7.52,7.90,2686400,20984084.00
2022/05/10,7.78,8.12,7.72,8.02,4079276,32604674.00
2022/05/11,8.00,8.06,7.85,7.88,3253180,26182378.00
2022/05/12,7.81,7.99,7.77,7.90,1811310,14357928.00
2022/05/13,7.97,7.97,7.82,7.93,1821600,14484906.00
2022/05/16,7.90,8.01,7.86,7.89,1690100,13468790.00
2022/05/17,7.92,8.09,7.78,8.02,3257800,26100472.00
2022/05/18,8.05,8.11,7.94,8.04,2448720,19790970.00
2022/05/19,7.87,8.16,7.87,8.12,1760600,14301382.00
2022/05/20,8.12,8.22,8.00,8.18,1548543,12687754.00
2022/05/23,8.18,8.35,8.14,8.34,1511100,12571225.00
2022/05/24,8.30,8.39,7.93,7.97,2201000,18042344.00
2022/05/25,7.97,8.19,7.93,8.19,1543900,12590809.00
2022/05/26,8.19,8.25,8.03,8.21,1732700,14257261.00
2022/05/27,8.22,8.31,8.12,8.21,1792300,14806726.00
2022/05/30,8.24,8.43,8.22,8.41,2435100,20447028.00
2022/05/31,8.35,8.48,8.23,8.46,1771940,14941961.00
2022/06/01,8.39,8.67,8.35,8.64,2808000,24136486.00
2022/06/02,8.63,8.81,8.52,8.69,3659299,31768160.00
2022/06/06,8.67,8.84,8.60,8.81,3294600,28974134.00
2022/06/07,8.78,8.84,8.61,8.77,2059765,18085800.00
2022/06/08,8.78,8.80,8.54,8.68,1681800,14661519.00
2022/06/09,8.66,8.70,8.42,8.54,1722100,14779857.00
2022/06/10,8.47,8.97,8.47,8.73,3781486,32984332.00
2022/06/13,8.73,8.83,8.51,8.65,4204500,36596552.00
2022/06/14,8.56,8.63,8.29,8.54,3315800,28164922.00
2022/06/15,8.58,8.63,8.43,8.46,2714388,23182040.00
2022/06/16,8.46,8.59,8.44,8.50,1350900,11533952.00
2022/06/17,8.50,8.58,8.38,8.55,2356100,20079088.00
2022/06/20,8.51,8.86,8.47,8.79,3615040,31630356.00
2022/06/21,8.96,10.54,8.87,9.37,17165093,163868176.00
2022/06/22,9.29,9.38,8.87,8.96,13241006,120275040.00
2022/06/23,8.95,9.03,8.77,8.98,7456050,66575512.00
2022/06/24,8.95,9.00,8.85,8.97,5969689,53480224.00
2022/06/27,9.08,9.08,8.88,8.95,4192889,37588728.00
2022/06/28,8.92,9.30,8.89,9.28,7027787,64624516.00
2022/06/29,9.28,9.34,8.88,8.88,5420340,49161628.00
2022/06/30,8.85,9.01,8.84,8.87,3019800,27002100.00
2022/07/01,8.91,9.03,8.86,8.90,2721454,24351660.00
2022/07/04,8.86,9.17,8.72,9.12,5317960,48145260.00
2022/07/05,9.15,9.16,8.85,9.01,3966040,35797336.00
2022/07/06,9.01,9.13,8.83,9.01,3359400,30269320.00
2022/07/07,9.04,9.10,8.95,9.05,3110400,28130062.00
2022/07/08,9.07,9.16,8.97,9.03,3593287,32695898.00
2022/07/11,9.01,9.05,8.74,8.85,2827540,25090768.00
2022/07/12,8.88,8.94,8.59,8.59,2781100,24388604.00
2022/07/13,8.68,9.09,8.60,9.05,4840727,43391668.00
2022/07/14,9.08,9.36,8.97,9.25,4781700,44198328.00
2022/07/15,9.21,9.48,9.08,9.09,3872300,35866972.00
2022/07/18,9.18,9.36,9.11,9.32,3574000,33313228.00
2022/07/19,9.41,9.41,9.26,9.37,2837500,26525476.00
2022/07/20,9.47,9.47,9.29,9.37,2135486,20012060.00
2022/07/21,9.37,9.44,9.26,9.29,2778200,26028902.00
2022/07/22,9.28,9.60,9.28,9.41,3996500,37721376.00
2022/07/25,9.41,9.51,9.24,9.30,2630300,24647966.00
2022/07/26,9.14,9.29,9.00,9.28,2390282,21945618.00
2022/07/27,9.28,9.56,9.20,9.52,3360960,31753750.00
2022/07/28,9.52,9.94,9.49,9.73,5532680,54013872.00
2022/07/29,9.78,10.08,9.74,9.77,5352280,52925196.00
2022/08/01,9.80,10.03,9.72,9.85,3785766,37333624.00
2022/08/02,9.78,9.84,9.35,9.39,4819100,46018776.00
2022/08/03,9.47,9.76,9.27,9.29,3687720,35230064.00
2022/08/04,9.34,9.55,9.33,9.51,2878400,27257294.00
2022/08/05,9.51,9.67,9.34,9.45,2675800,25280488.00
2022/08/08,9.45,9.67,9.24,9.66,2934320,27966004.00
2022/08/09,9.67,9.84,9.59,9.76,3142460,30590484.00
2022/08/10,9.69,9.89,9.65,9.85,2950800,28983088.00
2022/08/11,9.89,10.03,9.80,9.88,3129300,30971648.00
2022/08/12,9.88,9.96,9.78,9.79,3123600,30863108.00
2022/08/15,9.83,9.85,9.64,9.81,2119577,20781196.00
2022/08/16,9.91,10.02,9.81,10.01,3578309,35640072.00
2022/08/17,9.91,10.06,9.83,9.93,2530600,25163328.00
2022/08/18,9.93,10.26,9.87,10.20,4901700,49692576.00
2022/08/19,10.07,10.17,9.81,9.83,4161300,41509388.00
2022/08/22,9.85,9.91,9.69,9.81,2634100,25761818.00
2022/08/23,9.80,10.03,9.75,9.99,3142460,31293640.00
2022/08/24,10.15,10.15,9.64,9.67,3970777,38896740.00
2022/08/25,9.75,9.75,9.26,9.39,3307500,31182112.00
2022/08/26,9.51,9.61,9.21,9.28,2147300,20225638.00
2022/08/29,9.15,9.39,8.92,9.32,1790200,16586669.00
2022/08/30,9.42,9.57,9.25,9.32,2257100,21164822.00
2022/08/31,9.33,9.33,8.74,8.75,4229100,37915928.00
2022/09/01,8.92,9.12,8.71,8.85,2433000,21779524.00
2022/09/02,8.93,9.06,8.80,9.06,1773229,15960249.00
2022/09/05,8.99,9.13,8.90,9.06,1930700,17491242.00
2022/09/06,9.06,9.10,8.96,9.06,1547080,14009708.00
2022/09/07,9.08,9.16,9.02,9.08,1490720,13555963.00
2022/09/08,9.07,9.16,8.90,8.94,1514600,13657405.00
2022/09/09,8.94,9.02,8.85,8.95,1509300,13491700.00
2022/09/13,8.95,9.03,8.87,8.90,1389900,12448522.00
2022/09/14,8.78,8.88,8.65,8.76,1507835,13226490.00
2022/09/15,8.69,8.83,8.28,8.40,3174080,26989874.00
2022/09/16,8.41,8.42,8.16,8.16,1762200,14662817.00
2022/09/19,8.16,8.21,7.95,8.01,1615900,13046919.00
2022/09/20,8.07,8.20,8.02,8.20,1625800,13280568.00
2022/09/21,8.18,8.31,8.01,8.31,1334700,10945485.00
2022/09/22,8.26,8.37,8.20,8.21,1356300,11274776.00
2022/09/23,8.19,8.25,7.95,8.01,1399200,11325319.00
2022/09/26,7.96,8.00,7.75,7.75,1501980,11828400.00
2022/09/27,7.80,8.05,7.80,8.05,1647300,13150385.00
2022/09/28,8.05,8.12,7.82,7.82,1405800,11225570.00
2022/09/29,7.93,7.98,7.73,7.82,1234586,9713023.00
2022/09/30,7.82,7.85,7.70,7.70,1131900,8802259.00
2022/10/10,7.73,7.83,7.48,7.54,1495260,11481290.00
2022/10/11,7.61,7.68,7.49,7.63,865200,6583545.00
2022/10/12,7.63,7.89,7.57,7.87,1290480,10006859.00
2022/10/13,7.75,8.00,7.75,7.95,1540980,12249671.00
2022/10/14,7.99,8.14,7.98,8.10,1456335,11790802.00
2022/10/17,8.17,8.46,8.01,8.44,2072480,17263290.00
2022/10/18,8.39,8.49,8.31,8.34,1702480,14288828.00
2022/10/19,8.31,8.46,8.31,8.38,1559047,13132067.00
2022/10/20,8.33,8.40,8.16,8.26,1444580,11991414.00
2022/10/21,8.26,8.43,8.26,8.31,1056620,8841198.00
2022/10/24,8.42,8.48,8.18,8.21,1421900,11912536.00
2022/10/25,8.28,8.35,8.07,8.21,1713500,14111080.00
2022/10/26,8.21,8.43,8.21,8.37,1442600,12077642.00
2022/10/27,8.39,8.56,8.36,8.39,1488500,12646992.00
2022/10/28,8.37,8.37,7.94,7.97,2132500,17362382.00
2022/10/31,8.02,8.21,7.91,8.11,1809100,14717979.00
2022/11/01,8.15,8.47,8.10,8.46,2912251,24434492.00
2022/11/02,8.45,8.54,8.38,8.41,1909500,16186163.00
2022/11/03,8.29,8.46,8.29,8.36,1281452,10752394.00
2022/11/04,8.36,8.50,8.35,8.46,1531900,12954262.00
2022/11/07,8.49,8.56,8.41,8.53,1473047,12546537.00
2022/11/08,8.52,8.60,8.43,8.58,1345600,11483313.00
2022/11/09,8.53,8.61,8.49,8.53,1269617,10862386.00
2022/11/10,8.52,8.54,8.43,8.47,1125231,9575203.00
2022/11/11,8.60,8.63,8.51,8.53,1925500,16526004.00
2022/11/14,8.53,8.61,8.43,8.48,1302874,11124720.00
2022/11/15,8.43,8.59,8.43,8.59,1428607,12216845.00
2022/11/16,8.63,8.69,8.56,8.66,2294987,19864824.00
2022/11/17,8.67,8.77,8.58,8.77,1673971,14604561.00
2022/11/18,8.73,8.80,8.70,8.73,1575300,13831265.00
2022/11/21,8.73,8.80,8.61,8.79,1498460,13108356.00
2022/11/22,8.85,8.85,8.60,8.66,1638800,14307302.00
2022/11/23,8.73,8.73,8.35,8.53,1951592,16586453.00
2022/11/24,8.62,8.78,8.57,8.62,1630700,14134161.00
2022/11/25,8.66,8.69,8.45,8.48,1468829,12564786.00
2022/11/28,8.45,8.55,8.36,8.41,1561800,13188408.00
2022/11/29,8.45,8.64,8.41,8.60,1437800,12344189.00
2022/11/30,8.64,8.64,8.49,8.52,1336340,11445600.00
2022/12/01,8.60,8.72,8.56,8.65,1381750,11966860.00
2022/12/02,8.70,8.94,8.65,8.86,3456500,30562040.00
2022/12/05,8.87,8.95,8.80,8.87,3167187,28161312.00
2022/12/06,8.88,8.92,8.64,8.66,2040400,17863980.00
2022/12/07,8.75,8.75,8.58,8.59,1715969,14848743.00
2022/12/08,8.56,8.62,8.49,8.52,1276100,10929481.00
2022/12/09,8.48,8.71,8.48,8.63,2060180,17815984.00
2022/12/12,8.68,8.68,8.38,8.40,2193400,18570858.00
2022/12/13,8.41,8.53,8.37,8.41,1820600,15400707.00
2022/12/14,8.41,8.51,8.36,8.39,2055800,17369572.00
2022/12/15,8.41,8.51,8.34,8.50,1252300,10608656.00
2022/12/16,8.46,8.53,8.30,8.33,1616200,13564666.00
2022/12/19,8.33,8.37,7.97,8.01,3740120,30273242.00
2022/12/20,8.01,8.13,7.91,8.07,1444000,11636860.00
2022/12/21,8.08,8.17,8.00,8.12,1354200,10977878.00
2022/12/22,8.11,8.17,7.84,7.84,1824940,14563307.00
2022/12/23,7.84,7.94,7.74,7.88,1515800,11915358.00
2022/12/26,7.92,8.01,7.87,8.01,818800,6524796.00
2022/12/27,8.03,8.07,7.90,7.97,857100,6842076.00
2022/12/28,7.95,7.98,7.78,7.87,1068700,8430187.00
2022/12/29,7.87,7.87,7.76,7.78,691740,5415314.00
2022/12/30,7.80,7.86,7.76,7.82,822760,6445318.00
2023/01/03,7.81,8.07,7.81,8.04,1545268,12342504.00
2023/01/04,8.04,8.14,8.02,8.09,1338913,10868210.00
2023/01/05,8.11,8.15,8.03,8.12,1114501,9046661.00
2023/01/06,8.12,8.25,8.08,8.10,1313880,10763252.00
2023/01/09,8.16,8.35,8.10,8.22,1844400,15181794.00
2023/01/10,8.16,8.26,8.08,8.26,1741700,14286299.00
2023/01/11,8.23,8.30,8.11,8.11,1179100,9706115.00
2023/01/12,8.13,8.35,8.09,8.22,2275607,18836502.00
2023/01/13,8.20,8.30,8.14,8.16,1552200,12789031.00
2023/01/16,8.15,8.35,8.15,8.33,2209200,18343700.00
2023/01/17,8.33,8.37,8.18,8.26,1274900,10573626.00
2023/01/18,8.28,8.39,8.23,8.35,1398000,11670037.00
2023/01/19,8.37,8.47,8.31,8.45,1671800,14095826.00
2023/01/20,8.45,8.56,8.45,8.53,1521800,12990731.00
2023/01/30,8.63,8.71,8.57,8.63,2148213,18617366.00
2023/01/31,8.61,8.70,8.54,8.70,1768600,15318171.00
2023/02/01,8.69,8.89,8.69,8.87,2517320,22161430.00
2023/02/02,8.90,8.95,8.79,8.88,2293013,20380670.00
2023/02/03,8.87,8.89,8.70,8.84,1864320,16450810.00
2023/02/06,8.83,8.99,8.76,8.92,2326000,20803644.00
2023/02/07,8.98,8.99,8.84,8.97,1712982,15315237.00
2023/02/08,9.00,9.00,8.89,8.93,1978600,17741872.00
2023/02/09,8.93,8.98,8.86,8.96,1611980,14455333.00
2023/02/10,8.97,9.02,8.91,8.96,1581200,14198954.00
2023/02/13,8.95,9.01,8.93,8.98,1987500,17868476.00
2023/02/14,8.98,9.05,8.93,9.03,1866483,16832000.00
2023/02/15,9.04,9.12,9.00,9.09,2139580,19444454.00
2023/02/16,9.10,9.18,8.78,8.85,3221640,29086938.00
2023/02/17,8.91,9.04,8.80,8.82,2911700,25961604.00
2023/02/20,8.88,8.88,8.68,8.85,2611000,22996368.00
2023/02/21,8.86,8.91,8.79,8.84,2012700,17860244.00
2023/02/22,8.85,8.86,8.77,8.83,1569400,13874174.00
2023/02/23,8.85,8.92,8.80,8.85,1384900,12305994.00
2023/02/24,8.87,8.87,8.73,8.82,1513900,13344348.00
2023/02/27,8.81,8.85,8.69,8.71,1364200,11992855.00
2023/02/28,8.77,8.85,8.70,8.80,1424600,12523666.00
2023/03/01,8.78,8.93,8.77,8.92,1403000,12453251.00
2023/03/02,8.93,8.98,8.85,8.88,1663982,14855088.00
2023/03/03,8.87,8.91,8.79,8.84,1426180,12642813.00
2023/03/06,8.85,8.87,8.78,8.85,1241800,10980777.00
2023/03/07,8.87,8.87,8.57,8.57,1488520,13013589.00
2023/03/08,8.61,8.78,8.55,8.77,1853900,16158073.00
2023/03/09,8.77,9.01,8.73,8.96,2597920,23093532.00
2023/03/10,8.96,9.01,8.88,8.92,1931500,17303524.00
2023/03/13,8.88,9.11,8.86,9.01,2513720,22653192.00
2023/03/14,8.98,9.05,8.58,8.76,2900800,25369244.00
2023/03/15,8.76,8.99,8.72,8.99,3424600,30629828.00
2023/03/16,8.92,9.00,8.80,8.81,1649000,14691501.00
2023/03/17,8.86,8.96,8.80,8.86,1650440,14660369.00
2023/03/20,8.90,9.41,8.84,9.24,9303940,85952216.00
2023/03/21,9.14,9.25,9.05,9.24,6079580,55683284.00
2023/03/22,9.15,9.27,9.11,9.18,4689936,43115128.00
2023/03/23,9.14,9.30,9.14,9.25,4109728,37932540.00
2023/03/24,9.20,9.53,9.14,9.47,7428710,69914472.00
2023/03/27,9.38,9.44,9.17,9.37,6119997,57035464.00
2023/03/28,9.32,9.37,9.09,9.11,2840960,26119204.00
2023/03/29,9.11,9.13,8.88,8.92,3186400,28661848.00
2023/03/30,8.97,8.97,8.71,8.74,2260320,19894582.00
2023/03/31,8.79,8.80,8.69,8.78,1496060,13126927.00
2023/04/03,8.81,8.82,8.70,8.80,1874400,16469697.00
2023/04/04,8.82,8.82,8.54,8.58,3058540,26416500.00
2023/04/06,8.49,8.58,8.42,8.58,1779300,15173966.00
2023/04/07,8.54,8.64,8.54,8.61,1363200,11742110.00
2023/04/10,8.57,8.70,8.40,8.42,1935060,16585976.00
2023/04/11,8.44,8.47,8.31,8.39,1117220,9375702.00
2023/04/12,8.33,8.51,8.33,8.49,1121020,9504779.00
2023/04/13,8.52,8.54,8.42,8.44,1031500,8773353.00
2023/04/14,8.47,8.65,8.37,8.60,1884780,16117549.00
2023/04/17,8.56,8.64,8.51,8.59,1119480,9614449.00
2023/04/18,8.58,8.59,8.37,8.40,1444700,12231270.00
2023/04/19,8.39,8.42,8.33,8.36,875800,7352096.00
2023/04/20,8.38,8.38,8.15,8.26,1329200,10978172.00
2023/04/21,8.25,8.33,8.03,8.05,1584200,12969980.00
2023/04/24,8.04,8.13,7.91,8.06,1176007,9467357.00
2023/04/25,8.06,8.11,7.80,7.88,1166300,9218958.00
2023/04/26,7.86,8.04,7.86,7.99,1320680,10578816.00
2023/04/27,7.99,8.13,7.89,8.09,1478100,11939493.00
2023/04/28,8.09,8.32,8.03,8.31,1734880,14261296.00
2023/05/04,8.28,8.48,8.24,8.39,1769960,14861535.00
2023/05/05,8.38,8.49,8.28,8.45,1833440,15396450.00
2023/05/08,8.43,8.53,8.40,8.48,1184500,10051656.00
2023/05/09,8.48,8.48,8.30,8.31,1378200,11556136.00
2023/05/10,8.29,8.49,8.26,8.41,1123000,9439227.00
2023/05/11,8.42,8.49,8.41,8.48,981700,8321180.00
2023/05/12,8.49,8.56,8.43,8.46,946000,8066193.00
2023/05/15,8.48,8.61,8.45,8.60,1685300,14434208.00
2023/05/16,8.58,8.62,8.44,8.51,3052800,26058584.00
2023/05/17,8.43,8.74,8.43,8.72,2660000,23088196.00
2023/05/18,8.76,8.93,8.69,8.87,3033317,26874640.00
2023/05/19,8.86,8.92,8.78,8.88,1976700,17532580.00
2023/05/22,8.89,8.99,8.82,8.97,1995583,17899998.00
2023/05/23,9.01,9.02,8.86,8.87,1080320,9680415.00
2023/05/24,8.92,9.00,8.81,8.92,1479000,13256230.00
2023/05/25,8.96,8.98,8.78,8.92,2743600,24445778.00
2023/05/26,8.95,8.95,8.73,8.93,2484500,22033928.00
2023/05/29,8.91,8.96,8.78,8.85,1699900,15093392.00
2023/05/30,8.86,8.94,8.79,8.89,1655000,14699303.00
2023/05/31,8.89,8.89,8.68,8.78,1307300,11532995.00
2023/06/01,8.79,8.88,8.75,8.81,1247080,11040179.00
2023/06/02,8.87,8.94,8.78,8.87,1289667,11495334.00
2023/06/05,8.88,8.93,8.81,8.91,1259300,11208897.00
2023/06/06,8.90,8.90,8.60,8.60,1691300,14777218.00
2023/06/07,8.64,8.73,8.54,8.66,1362980,11811829.00
2023/06/08,8.66,8.72,8.49,8.56,1283500,11053127.00
2023/06/09,8.59,8.65,8.45,8.50,1696480,14479335.00
2023/06/12,8.56,8.71,8.38,8.63,1691900,14468217.00
2023/06/13,8.72,9.48,8.72,9.21,12555016,115276400.00
2023/06/14,9.07,9.18,8.89,8.94,7572500,68227416.00
2023/06/15,8.94,9.11,8.86,9.04,5050500,45450048.00
2023/06/16,9.01,9.17,8.91,9.07,3689843,33502758.00
2023/06/19,9.03,9.09,8.89,8.99,3087043,27785802.00
2023/06/20,8.98,9.29,8.88,9.11,5194600,47491232.00
2023/06/21,9.18,9.34,9.08,9.13,5435300,50156200.00
2023/06/26,9.02,9.38,9.02,9.18,6079039,56140788.00
2023/06/27,9.07,9.32,9.04,9.27,4982626,46153644.00
2023/06/28,9.27,9.30,9.04,9.28,4466100,41151416.00
2023/06/29,9.20,9.93,9.19,9.64,10287782,99328360.00
2023/06/30,9.68,10.76,9.54,10.35,22539311,230297168.00
2023/07/03,10.04,10.25,9.80,9.87,14561592,145170320.00
2023/07/04,9.85,10.28,9.71,10.06,10955359,110401456.00
2023/07/05,10.14,10.14,9.64,9.72,8255500,81092240.00
2023/07/06,9.69,9.83,9.53,9.73,5729080,55606180.00
2023/07/07,9.76,9.88,9.63,9.67,3483880,33900832.00
2023/07/10,9.72,9.84,9.53,9.70,3701300,35851740.00
2023/07/11,9.70,9.85,9.59,9.78,3013200,29444320.00
2023/07/12,9.78,9.97,9.67,9.78,4190900,41304580.00
2023/07/13,9.78,9.88,9.62,9.72,3312800,32238762.00
2023/07/14,9.77,9.79,9.57,9.74,3258460,31650134.00
2023/07/17,9.67,9.86,9.56,9.75,3296512,32104650.00
2023/07/18,9.82,9.95,9.68,9.89,3750700,37003980.00
2023/07/19,9.86,9.89,9.68,9.73,2203800,21565160.00
2023/07/20,9.76,9.88,9.58,9.64,2670600,25978692.00
2023/07/21,9.67,9.71,9.45,9.52,2768700,26514094.00
2023/07/24,9.54,9.66,9.43,9.60,1781500,17112288.00
2023/07/25,9.62,9.74,9.55,9.71,1899100,18354654.00
2023/07/26,9.71,9.74,9.52,9.57,2259200,21764056.00
2023/07/27,9.59,10.03,9.59,9.82,4902100,48436656.00
2023/07/28,9.73,9.86,9.56,9.78,3218400,31409754.00
2023/07/31,9.78,9.87,9.51,9.54,3992456,38398044.00
2023/08/01,9.58,9.58,9.23,9.35,3577056,33424800.00
2023/08/02,9.35,9.45,9.25,9.37,2015200,18943848.00
2023/08/03,9.37,9.42,9.16,9.18,1928200,17869708.00
2023/08/04,9.18,9.28,9.17,9.23,2034800,18799240.00
2023/08/07,9.19,9.29,9.12,9.18,1604820,14781891.00
2023/08/08,9.18,9.27,9.12,9.19,1303700,11987779.00
2023/08/09,9.19,9.23,8.96,8.99,1864100,16869718.00
2023/08/10,9.03,9.12,8.98,9.08,1027900,9330989.00
2023/08/11,9.05,9.30,9.03,9.11,2605600,23901148.00
2023/08/14,9.09,9.14,8.91,9.13,2162140,19560710.00
2023/08/15,9.17,9.24,8.95,9.03,1841988,16721286.00
2023/08/16,9.03,9.06,8.84,8.85,1721240,15397468.00
2023/08/17,8.93,9.21,8.81,9.19,2662980,24210880.00
2023/08/18,9.19,9.43,9.10,9.29,3137600,29368256.00
2023/08/21,9.28,9.36,9.19,9.19,1958383,18179288.00
2023/08/22,9.25,9.32,8.94,9.12,1640700,14966711.00
2023/08/23,9.14,9.15,8.93,9.02,1455600,13174764.00
2023/08/24,9.07,9.09,8.84,8.95,1521200,13644200.00
2023/08/25,9.01,9.03,8.77,8.78,1585800,14112009.00
2023/08/28,9.26,9.26,8.77,8.82,2676300,24074912.00
2023/08/29,8.83,9.33,8.78,9.31,3807600,35102820.00
2023/08/30,9.34,9.66,9.26,9.57,4799000,45959756.00
2023/08/31,9.55,9.64,9.39,9.54,2873900,27447260.00
2023/09/01,9.61,9.61,9.38,9.48,1418100,13441570.00
2023/09/04,9.52,9.63,9.38,9.54,1954700,18644572.00
2023/09/05,9.54,9.60,9.47,9.58,2396180,22916248.00
2023/09/06,9.50,9.69,9.48,9.68,2270900,21908816.00
2023/09/07,9.66,9.67,9.46,9.49,1819700,17396964.00
2023/09/08,9.41,9.74,9.41,9.68,3174760,30770280.00
2023/09/11,9.68,9.73,9.50,9.55,2429160,23369518.00
2023/09/12,9.56,9.65,9.47,9.54,1678900,16043230.00
2023/09/13,9.54,9.56,9.35,9.40,1502300,14187721.00
2023/09/14,9.40,9.41,9.22,9.26,1733400,16153346.00
2023/09/15,9.39,9.39,9.12,9.15,1596500,14698059.00
2023/09/18,9.16,9.62,9.15,9.50,2810600,26570568.00
2023/09/19,9.52,9.52,9.20,9.20,1666500,15567924.00
2023/09/20,9.20,9.29,9.17,9.20,1126700,10407544.00
2023/09/21,9.20,9.35,9.10,9.16,1388100,12833135.00
2023/09/22,9.18,9.47,9.15,9.46,2328100,21875188.00
2023/09/25,9.47,9.65,9.43,9.48,1573500,15003943.00
2023/09/26,9.45,9.63,9.39,9.56,2284700,21747056.00
2023/09/27,9.57,9.67,9.47,9.61,2724800,26209338.00
2023/09/28,9.64,9.69,9.57,9.59,1897600,18270164.00
2023/10/09,9.60,9.65,9.54,9.58,2328900,22368096.00
2023/10/10,9.58,9.67,9.45,9.56,1860100,17775036.00
2023/10/11,9.48,9.61,9.33,9.52,2829800,26873448.00
2023/10/12,9.53,9.56,9.39,9.51,2424900,23007666.00
2023/10/13,9.49,9.49,9.28,9.32,2464900,23103780.00
2023/10/16,9.33,9.34,9.14,9.26,1749900,16209964.00
2023/10/17,9.31,9.36,9.19,9.30,1492900,13873790.00
2023/10/18,9.32,9.32,9.03,9.06,1760490,16072220.00
2023/10/19,9.05,9.28,8.93,9.02,1605300,14648404.00
2023/10/20,8.97,9.28,8.97,9.06,1671900,15277588.00
2023/10/23,9.12,9.16,8.76,8.81,2232400,19875456.00
2023/10/24,8.91,9.20,8.82,9.14,2361380,21506830.00
2023/10/25,9.28,9.51,9.14,9.44,3074400,29010828.00
2023/10/26,9.39,9.53,9.29,9.52,2050500,19330724.00
2023/10/27,9.47,9.62,9.41,9.57,2433500,23281048.00
2023/10/30,9.55,9.88,9.54,9.80,5898500,57837368.00
2023/10/31,9.79,10.19,9.76,9.93,5526760,55465864.00
2023/11/01,9.79,10.14,9.79,10.10,4467680,45026704.00
2023/11/02,10.03,10.17,9.95,10.00,3209740,32203184.00
2023/11/03,9.98,10.28,9.98,10.13,3630904,36977644.00
2023/11/06,10.19,10.38,10.13,10.17,4924824,50528292.00
2023/11/07,10.18,10.28,10.07,10.20,3369000,34348328.00
2023/11/08,10.27,10.32,10.16,10.23,3406100,34937064.00
2023/11/09,10.18,10.31,10.14,10.20,2448129,25085702.00
2023/11/10,10.27,10.43,10.08,10.32,3977720,41069568.00
2023/11/13,10.27,10.51,10.26,10.51,3469347,36183592.00
2023/11/14,10.48,10.51,10.23,10.30,3444640,35537704.00
2023/11/15,10.33,10.48,10.28,10.43,3708900,38600404.00
2023/11/16,10.40,10.43,10.27,10.28,2600090,26942426.00
2023/11/17,10.38,10.54,10.25,10.44,3541783,36990172.00
2023/11/20,10.45,10.75,10.38,10.73,4029400,42682904.00
2023/11/21,10.66,10.78,10.45,10.51,5031700,53436800.00
2023/11/22,10.49,10.60,10.34,10.43,4300620,45185520.00
2023/11/23,10.39,10.61,10.29,10.53,3121700,32894280.00
2023/11/24,10.61,10.63,10.31,10.45,2337460,24411696.00
2023/11/27,10.48,10.53,10.31,10.46,2851000,29787402.00
2023/11/28,10.42,10.66,10.35,10.55,2620190,27722564.00
2023/11/29,10.55,10.71,10.52,10.63,2853020,30356552.00
2023/11/30,10.63,10.76,10.44,10.58,2691600,28516600.00
2023/12/01,10.56,10.64,10.39,10.41,2721200,28538860.00
2023/12/04,10.40,10.61,10.40,10.50,3644300,38331832.00
2023/12/05,10.45,10.70,10.34,10.35,2190700,22877300.00
2023/12/06,10.41,10.74,10.38,10.55,3415704,36150780.00
2023/12/07,10.48,10.66,10.37,10.43,3077144,32200848.00
2023/12/08,10.46,10.54,10.16,10.19,4369480,45097168.00
2023/12/11,10.11,10.41,10.00,10.32,5726880,58982588.00
2023/12/12,10.29,10.44,10.18,10.43,2425700,25134396.00
2023/12/13,10.41,10.61,10.22,10.47,2419900,25330960.00
2023/12/14,10.48,10.66,10.43,10.54,2615800,27664162.00
2023/12/15,11.22,11.42,10.34,10.56,11030265,117070368.00
2023/12/18,10.48,10.76,10.35,10.35,8984348,94607504.00
2023/12/19,10.47,10.67,10.25,10.57,5165600,54019796.00
2023/12/20,10.57,10.76,10.56,10.57,4211539,44929916.00
2023/12/21,10.56,10.59,10.18,10.52,4424700,46094360.00
2023/12/22,10.63,10.72,10.17,10.29,3907460,40570468.00
2023/12/25,10.28,10.39,10.11,10.29,4293300,43907392.00
2023/12/26,10.30,10.30,10.03,10.10,3407100,34511676.00
2023/12/27,10.10,10.29,10.01,10.23,3282900,33474320.00
2023/12/28,10.28,10.63,10.06,10.60,4047800,42335024.00
2023/12/29,10.62,10.83,10.50,10.83,3724936,40189572.00
2024/01/02,10.83,11.12,10.83,11.06,5719700,63345456.00
2024/01/03,11.06,11.14,10.87,11.02,3637000,40070512.00
2024/01/04,10.98,11.08,10.91,10.98,2293440,25223986.00
2024/01/05,10.97,11.15,10.79,10.88,2848000,31231822.00
2024/01/08,10.88,10.93,10.67,10.68,2499200,26975252.00
2024/01/09,10.68,10.94,10.63,10.81,2849000,30909220.00
2024/01/10,10.79,10.93,10.62,10.68,2662400,28664578.00
2024/01/11,10.68,10.81,10.59,10.79,3098900,33307384.00
2024/01/12,10.78,10.90,10.55,10.60,3164760,33957836.00
2024/01/15,10.63,10.69,10.47,10.66,3924100,41599228.00
2024/01/16,10.80,10.80,10.34,10.54,3640720,38287680.00
2024/01/17,10.64,10.68,10.34,10.38,3628427,38146980.00
2024/01/18,10.35,10.48,9.79,10.10,5461700,55126912.00
2024/01/19,10.13,10.24,9.96,10.04,4966468,50198008.00
2024/01/22,9.97,10.09,9.14,9.23,4791400,46017800.00
2024/01/23,9.29,9.29,8.78,8.84,6185220,55197688.00
2024/01/24,8.93,9.28,8.76,9.14,5380380,48631924.00
2024/01/25,9.30,9.58,9.06,9.57,3528500,33165214.00
2024/01/26,9.68,10.01,9.54,9.65,3890300,37946992.00
2024/01/29,9.64,9.67,9.05,9.13,4352600,40390864.00
2024/01/30,9.08,9.18,8.58,8.64,3203300,28396922.00
2024/01/31,8.43,8.49,7.78,7.86,8314082,66993328.00
2024/02/01,7.73,7.84,7.38,7.61,6710200,51129728.00
2024/02/02,7.56,7.80,6.72,6.98,6558300,47541648.00
2024/02/05,7.00,7.13,5.58,5.75,12609140,75698944.00
2024/02/06,5.50,5.71,4.70,5.41,15685845,80567880.00
2024/02/07,5.41,5.42,4.67,4.74,16022433,78640864.00
2024/02/08,4.66,5.37,4.37,5.32,14269520,69261352.00
2024/02/19,5.35,5.83,5.25,5.67,10473372,58767092.00
2024/02/20,5.70,5.90,5.59,5.85,6473400,37501740.00
2024/02/21,5.78,6.36,5.73,6.07,8526800,52304780.00
2024/02/22,6.07,6.57,6.07,6.57,9478140,60639184.00
2024/02/23,6.61,7.03,6.51,7.01,9160600,61924088.00
2024/02/26,7.17,7.36,6.90,7.16,10645440,76336792.00
2024/02/27,7.14,7.51,7.01,7.49,7433540,54484284.00
2024/02/28,7.64,7.77,6.43,6.44,13834474,98414376.00
2024/02/29,6.34,6.86,6.34,6.79,11524274,77083664.00
2024/03/01,6.84,7.12,6.83,7.06,7797980,54660460.00
2024/03/04,7.13,7.26,6.73,6.97,7192860,50402324.00
2024/03/05,6.94,6.96,6.59,6.66,6196200,41862792.00
2024/03/06,6.64,7.11,6.64,7.05,6858400,47570660.00
2024/03/07,7.09,7.32,6.94,7.10,7726500,55383808.00
2024/03/08,7.12,7.19,6.94,7.05,5643400,39952628.00
2024/03/11,7.10,7.51,7.05,7.48,10864373,79801664.00
2024/03/12,7.49,7.58,7.25,7.39,8385732,61927544.00
2024/03/13,7.41,7.54,7.34,7.46,6740300,50329440.00
2024/03/14,7.42,7.70,7.35,7.59,9645000,72782720.00
2024/03/15,7.51,7.61,7.33,7.61,7815253,58775744.00
2024/03/18,7.63,9.11,7.63,8.16,21260640,178004944.00
2024/03/19,7.98,8.35,7.98,8.20,16566300,135479472.00
2024/03/20,8.11,8.23,8.01,8.19,11615990,94471488.00
2024/03/21,8.21,8.26,7.96,8.19,9734977,79211152.00
2024/03/22,8.17,8.18,7.93,7.96,7980540,64155216.00
2024/03/25,7.92,8.02,7.61,7.67,7248232,56811372.00
2024/03/26,7.67,7.84,7.58,7.78,5966880,46164252.00
2024/03/27,7.83,7.87,7.39,7.42,4647667,35317924.00
2024/03/28,7.41,7.78,7.34,7.65,5568347,42555456.00
2024/03/29,7.67,7.79,7.59,7.79,5405080,41646568.00
2024/04/01,7.86,7.94,7.81,7.93,4758980,37568336.00
2024/04/02,7.93,8.13,7.86,8.11,6855313,55302172.00
2024/04/03,8.13,8.14,7.76,7.91,4802800,38019224.00
2024/04/08,7.91,7.94,7.49,7.51,4384200,33718016.00
2024/04/09,7.50,7.75,7.50,7.70,3326000,25516104.00
2024/04/10,7.70,7.72,7.27,7.40,5014132,37419920.00
2024/04/11,7.36,7.55,7.23,7.41,3803400,28372820.00
2024/04/12,7.39,7.69,7.33,7.38,4469235,33672704.00
2024/04/15,7.29,7.36,6.37,6.52,9774755,65708316.00
2024/04/16,6.43,6.45,5.54,5.57,9955140,57515752.00
2024/04/17,5.79,6.35,5.73,6.35,7685968,47522172.00
2024/04/18,6.37,6.46,6.01,6.22,5683500,35564240.00
2024/04/19,6.17,6.28,5.99,6.09,4655400,28444190.00
2024/04/22,6.13,6.17,5.79,6.00,4824000,29113492.00
2024/04/23,6.07,6.32,6.01,6.24,4185700,26111986.00
2024/04/24,6.26,6.60,6.25,6.58,4181600,27216488.00
2024/04/25,6.56,6.66,6.45,6.62,3257700,21533080.00
2024/04/26,6.62,6.83,6.48,6.78,4163912,28015616.00
2024/04/29,7.01,7.61,7.01,7.47,10093847,73923144.00
2024/04/30,7.43,7.84,7.40,7.62,9630400,73322928.00
2024/05/06,7.68,7.96,7.62,7.79,8398327,65200544.00
2024/05/07,7.75,7.78,7.63,7.68,5343100,41303192.00
2024/05/08,7.71,7.95,7.65,7.65,6308507,49317804.00
2024/05/09,7.66,7.88,7.66,7.87,4931100,38614716.00
2024/05/10,7.95,7.98,7.64,7.77,4348300,33875376.00
2024/05/13,7.77,7.79,7.50,7.63,4418800,33995452.00
2024/05/14,7.60,7.80,7.60,7.66,3278480,25288872.00
2024/05/15,7.66,7.80,7.57,7.74,3006900,23286852.00
2024/05/16,7.76,8.01,7.74,7.90,4087300,32466826.00
2024/05/17,7.85,7.98,7.76,7.90,3526452,27812600.00
2024/05/20,7.98,8.12,7.95,7.99,4955220,39858544.00
2024/05/21,7.98,8.03,7.77,7.87,2902000,22871660.00
2024/05/22,7.84,7.98,7.83,7.91,2388500,18929966.00
2024/05/23,7.95,7.95,7.68,7.72,2634400,20554818.00
2024/05/24,7.73,8.42,7.68,7.93,8870040,71789192.00
2024/05/27,7.89,8.58,7.86,8.18,11980020,97311616.00
2024/05/28,7.94,8.28,7.70,7.98,8229400,65892172.00
2024/05/29,7.92,8.31,7.80,8.23,11098240,90254640.00
2024/05/30,8.13,8.17,7.76,7.80,9340200,74071448.00
2024/05/31,7.80,7.92,7.63,7.84,6114200,47888444.00
2024/06/03,7.97,7.98,7.38,7.40,8043167,61155884.00
2024/06/04,7.41,7.59,7.14,7.53,8254200,61102728.00
2024/06/05,7.49,7.50,7.04,7.05,6396990,45872620.00
2024/06/06,7.05,7.12,6.38,6.50,6873000,46143800.00
2024/06/07,6.84,7.04,6.74,6.92,6512460,45113960.00
2024/06/11,6.87,6.94,6.61,6.89,4640590,31460022.00
2024/06/12,6.97,7.12,6.80,7.10,3448800,24369256.00
2024/06/13,7.15,7.30,7.09,7.27,3397900,24589588.00
2024/06/14,7.23,7.32,7.11,7.25,3083100,22348598.00
2024/06/17,7.24,7.26,7.08,7.13,2670200,19168736.00
2024/06/18,7.17,7.47,7.09,7.45,3646900,26885588.00
2024/06/19,7.45,7.52,7.35,7.49,2415500,18039964.00
2024/06/20,7.48,7.48,7.14,7.15,2825800,20490714.00
2024/06/21,7.13,7.26,7.00,7.18,2895000,20817516.00
2024/06/24,7.18,7.18,6.78,6.81,3356500,23242270.00
2024/06/25,6.95,7.69,6.95,7.13,6550680,46982564.00
2024/06/26,6.98,8.38,6.98,7.88,16860200,128689600.00
2024/06/27,7.53,7.79,7.43,7.50,12370040,94212416.00
2024/06/28,7.39,7.68,7.33,7.47,9481600,71522880.00
2024/07/01,7.48,7.54,7.10,7.39,8078580,59137900.00
2024/07/02,7.47,7.58,7.34,7.58,7686100,57602952.00
2024/07/03,7.59,7.62,7.27,7.29,5833580,43182600.00
2024/07/04,7.36,7.98,7.28,7.64,15069160,114624824.00
2024/07/05,7.43,7.55,7.07,7.49,11248970,82581320.00
2024/07/08,7.23,7.41,6.98,7.04,8142180,58342728.00
2024/07/09,6.86,7.17,6.68,7.16,8356460,58297524.00
2024/07/10,7.06,7.32,6.98,7.11,5971700,42657884.00
2024/07/11,7.30,7.42,7.18,7.38,6726700,49451248.00
2024/07/12,7.37,7.65,7.33,7.58,8684180,65327524.00
2024/07/15,7.46,7.51,7.18,7.19,5833700,42791372.00
2024/07/16,7.18,7.36,7.09,7.25,4509700,32571344.00
2024/07/17,7.19,7.27,6.93,6.94,4659500,32874940.00
2024/07/18,6.90,6.97,6.63,6.80,4134700,28023260.00
2024/07/19,6.72,6.93,6.68,6.80,3081000,21056684.00
2024/07/22,6.75,7.10,6.75,7.10,4824800,33794328.00
2024/07/23,7.09,7.45,7.06,7.14,5110660,36886016.00
2024/07/24,7.06,7.38,6.96,7.25,6500980,46916552.00
2024/07/25,7.10,7.65,7.07,7.58,10644480,79624608.00
2024/07/26,7.53,7.83,7.50,7.77,14690200,113220400.00
2024/07/29,7.53,7.76,7.53,7.69,8782480,67363520.00
2024/07/30,7.59,7.69,7.53,7.58,6101320,46472688.00
2024/07/31,7.50,7.94,7.44,7.83,10281000,79566784.00
2024/08/01,7.74,8.12,7.73,7.89,10980000,87326488.00
2024/08/02,7.81,7.90,7.60,7.63,7820900,60429436.00
2024/08/05,7.56,7.71,7.33,7.36,5277700,39789016.00
2024/08/06,7.47,7.75,7.38,7.74,6279300,47907216.00
2024/08/07,7.74,7.82,7.61,7.75,5890200,45544336.00
2024/08/08,7.70,7.82,7.55,7.77,4819000,37280700.00
2024/08/09,7.75,7.83,7.65,7.66,3273300,25302966.00
2024/08/12,7.62,7.81,7.56,7.71,3770800,29107480.00
2024/08/13,7.66,7.99,7.49,7.98,7623200,59878100.00
2024/08/14,7.97,8.02,7.84,7.91,6075300,48276160.00
2024/08/15,7.86,8.00,7.73,7.92,6047020,47856152.00
2024/08/16,7.98,8.11,7.78,7.86,5813200,46231260.00
2024/08/19,7.86,7.91,7.68,7.71,4278100,33305176.00
2024/08/20,7.71,7.76,7.46,7.53,3713700,28172456.00
2024/08/21,7.45,7.71,7.44,7.67,2795902,21375426.00
2024/08/22,7.68,9.18,7.68,7.93,15540200,125680704.00
2024/08/23,7.85,7.96,7.20,7.26,11888400,89150864.00
2024/08/26,7.09,7.52,7.05,7.50,7229000,53594944.00
2024/08/27,7.42,7.50,7.15,7.23,4954700,36134264.00
2024/08/28,7.25,7.72,7.12,7.58,5711880,42812516.00
2024/08/29,7.56,8.01,7.41,7.98,9210000,72011424.00
2024/08/30,8.02,8.08,7.80,8.01,13035039,103796072.00
2024/09/02,7.89,8.01,7.77,7.86,6954197,55010144.00
2024/09/03,7.79,7.92,7.73,7.89,5177300,40658836.00
2024/09/04,7.79,7.90,7.73,7.76,3556600,27804912.00
2024/09/05,7.78,7.82,7.71,7.74,3328300,25874184.00
2024/09/06,7.79,7.79,7.45,7.47,4668740,35337608.00
2024/09/09,7.41,7.56,7.28,7.52,2689000,20155244.00
2024/09/10,7.52,7.77,7.44,7.76,3800680,29036568.00
2024/09/11,7.68,7.82,7.64,7.70,3613500,28029704.00
2024/09/12,7.77,7.98,7.70,7.73,5977000,46957196.00
2024/09/13,7.67,8.18,7.60,7.87,12207920,97365128.00
2024/09/18,7.72,8.34,7.72,8.10,13426885,108340456.00
2024/09/19,7.98,8.26,7.80,8.21,14488265,117795712.00
2024/09/20,8.13,8.18,7.91,8.00,9282600,74263000.00
2024/09/23,7.95,8.00,7.75,8.00,7779100,61124888.00
2024/09/24,7.93,8.17,7.80,8.17,10612017,84957744.00
2024/09/25,8.16,8.76,8.09,8.22,17372300,144598768.00
2024/09/26,8.11,8.48,8.10,8.40,12367059,103132888.00
2024/09/27,8.50,9.08,8.32,8.86,16721840,145402592.00
2024/09/30,9.21,10.17,8.87,10.00,22053784,208599920.00
2024/10/08,11.78,11.78,10.12,10.99,26947201,290334272.00
2024/10/09,10.32,10.40,9.12,9.20,18461770,181006560.00
2024/10/10,9.33,9.76,9.16,9.45,11199975,106160248.00
2024/10/11,9.45,10.26,9.25,9.93,16074745,158283520.00
2024/10/14,9.90,10.73,9.71,10.70,21526236,222723552.00
2024/10/15,10.50,10.50,10.01,10.03,16141115,164992208.00
2024/10/16,9.63,9.98,9.61,9.79,9410265,92086160.00
2024/10/17,9.74,9.91,9.40,9.47,8970982,86794968.00
2024/10/18,9.48,9.92,9.39,9.84,10056320,97001960.00
2024/10/21,9.80,10.13,9.67,9.97,11820105,117251752.00
2024/10/22,10.00,10.18,9.82,10.17,10395496,104343136.00
2024/10/23,10.10,10.12,9.78,9.82,8379107,83476392.00
2024/10/24,9.85,9.87,9.60,9.66,5831020,56489396.00
2024/10/25,9.75,9.95,9.75,9.87,5342000,52661048.00
2024/10/28,9.87,10.18,9.86,10.16,7795600,78655016.00
2024/10/29,10.19,10.38,9.88,9.91,7689775,77570144.00
2024/10/30,9.85,10.15,9.81,9.94,6825140,68116736.00
2024/10/31,9.90,10.15,9.90,10.11,8105817,81519456.00
2024/11/01,10.06,10.09,9.36,9.37,9460012,90912560.00
2024/11/04,9.41,9.82,9.25,9.78,6014016,58296768.00
2024/11/05,9.79,10.06,9.74,10.04,6198438,61537732.00
2024/11/06,10.04,10.49,10.02,10.43,12089381,124687256.00
2024/11/07,10.64,11.46,10.56,10.80,18195482,198684560.00
2024/11/08,10.76,10.97,10.44,10.50,13298358,141449648.00
2024/11/11,10.34,10.96,10.34,10.69,10112919,107534240.00
2024/11/12,10.78,11.11,10.65,10.77,11076920,120499464.00
2024/11/13,10.70,10.93,10.30,10.70,8848620,93516808.00
2024/11/14,10.70,10.80,10.19,10.30,5628520,58696056.00
2024/11/15,10.50,10.54,10.07,10.10,6203100,64032100.00
2024/11/18,10.14,10.23,9.56,9.67,5822839,57055632.00
2024/11/19,9.74,9.91,9.55,9.91,4052466,39481112.00
2024/11/20,9.82,10.18,9.82,10.15,4653826,46844540.00
2024/11/21,10.12,10.22,9.92,10.02,4855000,48787820.00
2024/11/22,10.02,10.18,9.56,9.59,5609467,55685740.00
数据来源:通达信
