688475 萤石网络 日线 后复权
      日期	    开盘	    最高	    最低	    收盘	    成交量	    成交额
2022/12/28,28.77,29.53,25.00,25.25,44114184,1173869952.00
2022/12/29,24.70,25.50,23.77,24.61,19592975,480625504.00
2022/12/30,25.61,26.27,24.92,25.93,16105777,414835456.00
2023/01/03,25.84,28.28,25.36,27.80,14976690,407444800.00
2023/01/04,27.22,28.28,27.01,27.88,7312688,202324496.00
2023/01/05,28.19,29.38,27.75,28.82,13464099,388235904.00
2023/01/06,28.84,29.43,28.10,28.93,10578577,303251168.00
2023/01/09,28.80,29.80,28.51,28.89,8019287,233352224.00
2023/01/10,28.80,29.92,28.53,29.77,8794283,258084208.00
2023/01/11,29.50,30.20,28.80,29.06,6727236,198389632.00
2023/01/12,29.23,29.45,28.68,29.02,5750595,167290816.00
2023/01/13,29.03,29.32,28.40,29.07,4780875,138305968.00
2023/01/16,28.96,30.30,28.90,29.82,7042889,208623520.00
2023/01/17,29.91,30.95,29.68,30.49,5357431,162866480.00
2023/01/18,30.40,31.41,29.80,31.10,4735888,145786816.00
2023/01/19,30.81,32.10,30.75,31.50,3680850,115918896.00
2023/01/20,31.90,31.99,31.00,31.87,3100297,97582000.00
2023/01/30,32.00,34.44,31.78,34.43,8268325,277149920.00
2023/01/31,34.11,35.03,33.89,34.79,4399010,151837040.00
2023/02/01,34.43,37.00,34.05,36.97,4200980,148745632.00
2023/02/02,37.05,38.77,36.11,37.98,6996821,261695072.00
2023/02/03,37.55,38.33,36.45,38.31,6240871,232467392.00
2023/02/06,37.50,38.77,37.22,38.37,4112672,155823696.00
2023/02/07,38.80,40.17,37.50,37.75,5586659,217081520.00
2023/02/08,38.09,39.36,37.70,38.20,5572154,213130544.00
2023/02/09,37.98,38.86,37.17,37.68,4445806,168158240.00
2023/02/10,37.54,38.16,35.80,36.32,7192093,263104592.00
2023/02/13,36.45,37.19,36.09,36.90,4683765,171481232.00
2023/02/14,36.68,37.11,35.82,35.91,3620689,131941792.00
2023/02/15,36.12,36.65,35.64,36.13,2590617,93577576.00
2023/02/16,36.38,37.29,35.58,36.08,5228563,189789600.00
2023/02/17,36.15,36.15,34.59,34.60,3466368,122269768.00
2023/02/20,34.50,36.60,34.22,36.57,4865775,174643456.00
2023/02/21,36.21,37.17,35.93,36.51,3032907,110962208.00
2023/02/22,35.80,36.67,35.56,35.86,2382231,85689104.00
2023/02/23,35.98,36.30,34.90,35.00,2767323,97801224.00
2023/02/24,35.03,35.40,34.33,34.46,2294633,79717584.00
2023/02/27,34.50,34.79,33.91,34.30,2479694,85423272.00
2023/02/28,34.70,35.35,34.25,34.68,1595118,55346400.00
2023/03/01,34.63,36.24,34.63,35.73,2866483,102115848.00
2023/03/02,35.70,35.90,34.63,35.19,2692276,94473792.00
2023/03/03,35.00,35.38,34.31,35.20,1960800,68383120.00
2023/03/06,35.24,35.78,34.52,35.38,1828126,64308668.00
2023/03/07,35.42,35.60,34.02,34.09,2171591,75372752.00
2023/03/08,34.30,34.30,33.56,33.80,1851624,62695868.00
2023/03/09,34.03,34.50,33.46,34.30,1656896,56456372.00
2023/03/10,34.12,35.39,33.92,34.71,1986486,69047328.00
2023/03/13,35.00,36.96,34.40,36.34,3957199,142946704.00
2023/03/14,36.00,37.30,36.00,36.95,2839116,104457024.00
2023/03/15,37.06,38.49,36.45,36.50,2618035,98128776.00
2023/03/16,36.87,37.08,35.80,36.08,1455784,52822156.00
2023/03/17,35.77,39.90,35.77,39.65,5968783,230660992.00
2023/03/20,40.22,42.22,39.64,40.53,7576720,310659872.00
2023/03/21,40.00,40.92,39.02,39.14,2634020,104346448.00
2023/03/22,39.01,41.86,38.98,40.66,3506323,142110864.00
2023/03/23,40.39,40.69,39.30,40.50,4147734,165571552.00
2023/03/24,40.71,40.76,39.28,40.40,3587382,143510832.00
2023/03/27,40.40,41.55,39.38,40.17,2694100,108550960.00
2023/03/28,39.86,39.88,37.54,37.54,3953578,151727136.00
2023/03/29,37.54,38.63,37.39,37.57,2674417,101402704.00
2023/03/30,37.44,37.92,36.40,36.57,2566884,94649376.00
2023/03/31,36.41,38.19,36.10,37.44,3700249,138350448.00
2023/04/03,37.50,38.33,35.99,37.85,4939565,183527824.00
2023/04/04,37.90,40.55,37.55,39.37,4963929,195271328.00
2023/04/06,39.00,47.24,39.00,47.24,10306571,458749952.00
2023/04/07,47.29,47.80,43.66,47.00,8225231,375576416.00
2023/04/10,49.66,53.33,47.83,49.20,13552685,683561856.00
2023/04/11,48.49,51.50,46.47,50.00,7169485,351516864.00
2023/04/12,49.90,54.13,49.90,51.16,7276352,379503840.00
2023/04/13,51.30,53.99,49.48,49.81,7116853,365641792.00
2023/04/14,48.87,50.47,45.79,47.49,6558695,312652096.00
2023/04/17,48.24,50.89,46.75,48.22,5053163,248177280.00
2023/04/18,48.37,50.79,47.23,50.00,5452595,269920448.00
2023/04/19,50.24,50.50,48.00,49.00,3709405,182637936.00
2023/04/20,48.00,57.78,47.66,56.05,9145839,485926496.00
2023/04/21,55.11,57.50,53.69,54.99,5896500,327841824.00
2023/04/24,54.99,56.69,52.00,53.23,3756545,202273760.00
2023/04/25,52.18,54.44,50.60,52.49,3307117,173255360.00
2023/04/26,52.50,52.50,47.80,48.36,3667152,180903072.00
2023/04/27,48.78,49.80,46.50,47.13,2761620,131930320.00
2023/04/28,47.99,48.50,46.99,47.40,3127255,148817216.00
2023/05/04,48.00,48.30,45.20,46.09,3691801,172188992.00
2023/05/05,45.90,46.60,44.16,44.29,2585053,116612144.00
2023/05/08,44.69,46.97,44.12,46.74,3513441,161302528.00
2023/05/09,47.05,48.66,46.20,46.35,2701781,127396888.00
2023/05/10,45.92,48.49,45.92,47.62,2378981,112803728.00
2023/05/11,49.00,51.20,47.42,47.98,3531560,172502512.00
2023/05/12,46.87,48.45,45.91,46.24,2010203,93846224.00
2023/05/15,45.88,46.43,43.33,45.08,2826034,125463464.00
2023/05/16,45.55,45.55,43.73,43.79,1719503,76008736.00
2023/05/17,43.20,44.70,43.20,44.45,1007378,44302928.00
2023/05/18,44.63,47.84,44.44,47.32,3208998,149691776.00
2023/05/19,47.44,54.50,47.37,51.42,5199179,267549488.00
2023/05/22,50.37,55.50,50.37,54.00,4500382,240868416.00
2023/05/23,53.80,54.88,51.76,52.22,2538582,133451408.00
2023/05/24,51.74,52.93,50.90,50.90,1440791,74013904.00
2023/05/25,51.07,51.67,48.95,50.10,1657385,82520408.00
2023/05/26,50.18,51.79,50.02,50.40,1454421,73497648.00
2023/05/29,50.62,51.80,48.18,48.67,2478594,122296840.00
2023/05/30,48.52,53.17,47.54,52.08,4078299,206781632.00
2023/05/31,51.52,53.10,50.30,50.96,2285394,116366480.00
2023/06/01,50.92,54.74,50.36,53.44,3470451,181570944.00
2023/06/02,53.85,54.25,50.65,50.81,2615210,134030184.00
2023/06/05,50.93,52.10,50.18,51.55,1621010,82524896.00
2023/06/06,51.92,52.40,49.60,49.80,1510021,76198744.00
2023/06/07,49.18,50.70,48.86,49.38,1038119,51355488.00
2023/06/08,49.35,49.35,47.10,47.48,2702759,128109528.00
2023/06/09,47.45,47.80,45.58,46.50,3728194,172429920.00
2023/06/12,46.71,47.30,45.21,45.89,2182466,100294344.00
2023/06/13,45.80,47.35,45.54,46.93,3226835,149433920.00
2023/06/14,46.87,50.11,46.76,50.11,3908881,190325856.00
2023/06/15,49.75,50.81,47.54,48.22,3257791,157929664.00
2023/06/16,47.39,48.53,46.82,47.77,3451417,164095536.00
2023/06/19,48.30,50.46,47.40,49.39,4398071,215759200.00
2023/06/20,49.03,50.05,47.31,48.53,3554575,169966448.00
2023/06/21,48.39,49.58,46.30,48.47,3416724,164706208.00
2023/06/26,48.30,49.15,45.74,46.00,2657066,124351592.00
2023/06/27,46.73,47.45,45.48,46.44,1830822,84964080.00
2023/06/28,47.10,47.10,42.81,44.58,4682501,205532800.00
2023/06/29,44.96,44.96,43.85,44.31,2270955,99959696.00
2023/06/30,44.66,44.66,43.12,43.16,2161317,93616800.00
2023/07/03,43.26,45.50,42.31,45.32,3131831,137903584.00
2023/07/04,44.87,45.90,43.73,45.09,2301773,102701512.00
2023/07/05,44.70,45.78,43.80,44.11,1359132,60406012.00
2023/07/06,44.08,45.42,43.30,44.42,1395254,61781048.00
2023/07/07,44.00,44.77,42.80,44.19,1458637,63705572.00
2023/07/10,43.66,44.66,42.93,43.94,1377487,59781836.00
2023/07/11,43.51,46.57,43.42,46.07,2507734,113300016.00
2023/07/12,46.30,47.13,43.80,44.15,1660534,73771224.00
2023/07/13,43.81,44.76,43.80,44.61,877836,38642836.00
2023/07/14,44.87,45.49,44.05,44.52,1074125,47943724.00
2023/07/17,44.63,45.26,43.20,43.49,1120947,48876984.00
2023/07/18,43.96,44.20,43.30,43.77,738620,32106532.00
2023/07/19,43.77,44.12,43.25,44.04,731996,31807320.00
2023/07/20,44.04,44.04,41.50,41.89,2516710,105909992.00
2023/07/21,42.06,42.30,40.78,40.79,1868376,76555728.00
2023/07/24,40.79,42.00,40.18,41.17,1023628,41870800.00
2023/07/25,41.88,41.88,41.06,41.50,1039099,42785324.00
2023/07/26,41.40,41.42,39.60,39.93,3000079,119455224.00
2023/07/27,40.24,40.50,39.16,39.34,1647153,64846712.00
2023/07/28,39.60,39.75,38.82,39.09,1258952,49002556.00
2023/07/31,38.29,40.69,38.20,40.16,1822619,72471560.00
2023/08/01,40.11,40.77,39.20,40.62,1459519,58313960.00
2023/08/02,40.44,40.90,40.16,40.36,723575,29039272.00
2023/08/03,40.36,40.39,39.54,40.01,1232766,48959040.00
2023/08/04,40.25,41.59,40.11,40.80,1959883,79655696.00
2023/08/07,43.80,46.18,43.39,44.79,6155017,273785056.00
2023/08/08,45.40,46.20,44.57,45.84,3525359,159958352.00
2023/08/09,45.40,47.10,45.06,45.19,3054461,139393216.00
2023/08/10,45.09,45.36,43.90,44.20,1579002,69408736.00
2023/08/11,44.38,44.61,43.06,43.10,1522298,66217944.00
2023/08/14,42.30,45.48,42.00,44.85,2872776,125805304.00
2023/08/15,45.22,46.65,44.31,46.43,3435874,156674848.00
2023/08/16,46.13,46.13,44.10,44.26,1700868,76069808.00
2023/08/17,44.28,45.10,43.37,44.10,1739882,76543056.00
2023/08/18,44.28,45.49,44.04,44.30,2043406,90694928.00
2023/08/21,44.18,44.72,43.03,43.45,1316203,57202680.00
2023/08/22,43.73,45.82,43.00,45.61,2050420,90862048.00
2023/08/23,45.89,45.89,44.45,44.67,1845881,82546096.00
2023/08/24,44.84,45.40,44.06,44.79,1759149,78154240.00
2023/08/25,45.16,45.16,43.04,43.90,2750284,120568248.00
2023/08/28,46.17,46.80,44.00,45.30,2927483,131599128.00
2023/08/29,45.28,48.60,44.36,48.05,3353020,155666064.00
2023/08/30,47.80,49.80,47.31,48.60,2760748,132625360.00
2023/08/31,48.95,53.19,47.77,50.44,4709290,238466112.00
2023/09/01,50.44,51.35,49.43,50.76,2301609,115767800.00
2023/09/04,50.85,53.65,50.20,52.11,3068781,158220864.00
2023/09/05,51.80,52.21,49.36,49.65,2760548,138289744.00
2023/09/06,49.30,50.51,49.10,50.18,1669143,82679872.00
2023/09/07,50.05,50.05,48.73,48.80,1325979,64906080.00
2023/09/08,48.39,50.12,48.02,49.94,1503714,73788664.00
2023/09/11,49.32,50.29,48.58,49.64,1979347,97058632.00
2023/09/12,49.50,50.22,48.88,49.30,1152355,56601240.00
2023/09/13,49.29,51.02,48.86,50.33,1825501,90517064.00
2023/09/14,50.09,50.53,48.90,48.90,1099788,53960756.00
2023/09/15,49.28,49.49,48.30,48.97,729988,35471968.00
2023/09/18,49.06,49.52,48.39,48.53,637640,30981940.00
2023/09/19,48.40,49.52,47.85,49.15,982324,47915368.00
2023/09/20,49.68,50.60,46.87,47.10,1662693,80021792.00
2023/09/21,47.21,49.23,46.90,48.88,1865304,89337792.00
2023/09/22,49.28,49.55,47.51,48.56,1249264,60284616.00
2023/09/25,48.97,50.70,48.80,49.73,1410410,69943736.00
2023/09/26,49.88,54.72,49.88,52.10,4294071,224218656.00
2023/09/27,52.32,52.33,49.85,50.60,2109282,106430544.00
2023/09/28,50.70,50.71,48.78,49.00,1880746,92447200.00
2023/10/09,49.52,50.25,48.50,49.98,1534052,75085784.00
2023/10/10,49.98,50.10,48.67,48.71,1021102,49959192.00
2023/10/11,48.71,50.37,48.65,50.12,1153521,57128400.00
2023/10/12,50.12,50.71,49.54,50.30,743717,37108784.00
2023/10/13,49.80,57.89,49.80,53.55,6397892,347180416.00
2023/10/16,53.39,54.16,51.80,52.70,2721048,143217120.00
2023/10/17,53.13,54.45,52.72,53.99,1803657,96009128.00
2023/10/18,53.60,55.79,51.60,54.60,2177953,116064072.00
2023/10/19,54.73,54.73,52.62,52.97,1297978,68935144.00
2023/10/20,53.35,53.69,51.51,51.97,1223804,63785364.00
2023/10/23,52.85,53.94,48.78,49.30,2794690,142124768.00
2023/10/24,48.70,49.74,48.18,49.30,1958194,95119080.00
2023/10/25,49.35,50.30,48.93,49.38,922055,45287808.00
2023/10/26,48.72,49.37,47.63,48.89,1087807,52384256.00
2023/10/27,48.65,50.46,47.90,49.83,1528319,75041944.00
2023/10/30,50.00,51.88,48.93,50.71,1373953,68669544.00
2023/10/31,50.67,50.96,50.00,50.89,1070770,53590304.00
2023/11/01,50.42,51.58,49.81,49.84,830645,41826148.00
2023/11/02,49.85,51.07,48.60,50.28,1374148,68351152.00
2023/11/03,50.66,52.55,50.21,52.23,1656727,85470752.00
2023/11/06,52.40,52.40,49.81,50.51,3214857,162343632.00
2023/11/07,50.20,50.53,49.21,50.34,2710853,134469888.00
2023/11/08,50.09,50.78,49.80,50.38,999728,49948344.00
2023/11/09,50.30,50.78,49.49,50.16,905281,45168244.00
2023/11/10,49.96,50.38,49.35,50.30,1076424,53548824.00
2023/11/13,50.08,50.64,48.90,49.40,1478479,72897104.00
2023/11/14,49.26,49.88,48.86,49.06,1264142,62090604.00
2023/11/15,49.35,51.19,49.30,50.50,2186148,109723440.00
2023/11/16,50.12,51.03,49.18,49.93,1173416,58444004.00
2023/11/17,50.22,50.22,49.27,50.02,1065991,52616008.00
2023/11/20,50.08,50.48,49.32,49.91,1056693,52383956.00
2023/11/21,50.00,50.09,49.11,49.19,945657,46491976.00
2023/11/22,49.19,49.19,48.01,49.00,1374406,66400052.00
2023/11/23,48.69,48.80,47.60,48.12,1715208,81802608.00
2023/11/24,48.66,48.66,47.52,47.70,742298,35244852.00
2023/11/27,47.48,48.14,46.10,47.46,2018406,94031936.00
2023/11/28,47.38,48.20,46.50,47.80,814517,38491040.00
2023/11/29,47.54,47.62,46.20,46.83,1699504,78991208.00
2023/11/30,46.63,47.07,46.29,46.73,745066,34570920.00
2023/12/01,46.59,47.82,46.15,47.81,1141627,53583644.00
2023/12/04,47.71,47.80,45.10,45.30,2747250,125421808.00
2023/12/05,45.03,46.15,44.03,45.69,2217829,99916080.00
2023/12/06,45.70,46.68,44.90,46.00,1202412,55125520.00
2023/12/07,46.22,46.77,45.30,45.52,1404153,64535588.00
2023/12/08,46.12,47.20,45.87,47.10,1908135,88580656.00
2023/12/11,46.52,46.79,45.76,46.55,1655144,76045392.00
2023/12/12,46.31,47.41,46.18,47.09,1085940,50657224.00
2023/12/13,46.92,47.43,46.00,46.21,691734,31932622.00
2023/12/14,46.44,46.65,45.89,46.02,430729,19768272.00
2023/12/15,45.81,46.25,45.31,45.67,532183,24215752.00
2023/12/18,45.48,46.19,44.88,45.55,847804,38241796.00
2023/12/19,45.26,46.28,44.77,45.81,1603219,72361664.00
2023/12/20,45.77,46.01,45.13,45.92,680467,30798816.00
2023/12/21,45.90,45.90,44.64,45.12,544410,24481976.00
2023/12/22,44.82,45.10,43.00,43.00,2128358,92230704.00
2023/12/25,43.29,44.19,42.96,43.65,1570060,67845696.00
2023/12/26,43.65,44.09,42.10,42.80,2978800,127060152.00
2023/12/27,43.18,44.28,42.86,43.33,1535326,66353448.00
2023/12/28,43.12,44.84,42.50,44.02,3254393,142128240.00
2023/12/29,44.10,45.38,43.68,45.20,3202095,141620848.00
2024/01/02,45.10,45.18,42.80,43.18,2669677,115926624.00
2024/01/03,43.19,43.30,42.34,43.00,1617849,68786768.00
2024/01/04,43.58,45.67,43.18,45.46,2666292,118201784.00
2024/01/05,45.78,45.80,43.36,43.68,1651759,72404000.00
2024/01/08,43.30,44.47,41.83,43.01,1785353,76587200.00
2024/01/09,43.01,43.29,42.25,42.68,1123969,47669024.00
2024/01/10,42.48,42.96,41.29,41.33,1135086,47158416.00
2024/01/11,41.70,41.98,40.68,41.38,1121076,46113372.00
2024/01/12,40.82,42.26,40.69,41.13,1678733,68748880.00
2024/01/15,40.90,41.60,40.78,41.06,1036635,42342480.00
2024/01/16,40.70,40.98,39.90,40.66,1595890,64005672.00
2024/01/17,40.50,40.68,39.46,39.47,1692971,66942952.00
2024/01/18,40.50,41.40,39.30,41.32,2646075,106181688.00
2024/01/19,41.31,41.98,40.10,40.28,1590043,64180848.00
2024/01/22,39.88,40.29,37.71,37.91,1480440,57329200.00
2024/01/23,37.51,39.11,37.51,38.65,1077737,41327812.00
2024/01/24,38.73,40.49,37.93,39.94,1728690,67247832.00
2024/01/25,40.40,43.11,39.66,42.28,2985611,124464264.00
2024/01/26,42.30,42.40,41.15,41.41,1829328,75666088.00
2024/01/29,41.46,41.87,40.10,40.10,1148110,46407476.00
2024/01/30,39.80,41.25,39.35,39.62,1201872,47632072.00
2024/01/31,39.62,39.63,38.16,39.30,1069770,41493796.00
2024/02/01,38.46,42.29,38.46,40.45,1712974,69362024.00
2024/02/02,39.89,42.20,39.31,41.30,1399578,56420112.00
2024/02/05,40.60,43.80,40.27,42.21,3686282,154150384.00
2024/02/06,40.48,44.09,40.32,43.70,2776288,115969696.00
2024/02/07,43.55,45.66,42.85,45.66,2558586,114528584.00
2024/02/08,45.39,47.15,45.25,46.30,2252058,103577528.00
2024/02/19,47.80,48.10,44.90,46.32,2213090,102374960.00
2024/02/20,45.45,45.89,44.31,44.99,1689431,75671200.00
2024/02/21,44.40,45.77,44.40,44.73,1537697,68720488.00
2024/02/22,45.16,46.18,44.61,45.10,1911754,86042632.00
2024/02/23,44.83,45.57,44.10,45.22,2182751,97259320.00
2024/02/26,45.22,47.30,45.17,46.50,2798643,129122264.00
2024/02/27,46.90,47.80,46.18,47.58,2718911,127108936.00
2024/02/28,47.42,48.16,45.41,46.45,3355507,156393088.00
2024/02/29,46.03,47.80,45.98,46.96,2018843,94191824.00
2024/03/01,47.11,49.78,46.80,48.84,3030057,145056304.00
2024/03/04,48.82,49.17,47.35,48.12,1639730,78356728.00
2024/03/05,47.80,49.10,47.10,47.91,2385516,114309584.00
2024/03/06,47.16,47.58,46.50,47.13,1470330,68732912.00
2024/03/07,47.14,47.80,46.35,46.50,1444618,67501568.00
2024/03/08,46.80,47.29,46.40,46.90,1264418,58887096.00
2024/03/11,47.22,47.22,45.80,46.91,1279307,59246428.00
2024/03/12,46.91,47.40,46.50,46.69,1356310,63170248.00
2024/03/13,46.69,47.30,46.31,46.51,1332992,61857228.00
2024/03/14,46.60,46.72,46.00,46.33,1511538,69557992.00
2024/03/15,46.34,46.89,45.66,46.76,1773466,81749104.00
2024/03/18,46.69,47.17,46.14,47.14,1222822,56759996.00
2024/03/19,47.19,48.28,46.77,47.54,1921813,91279312.00
2024/03/20,47.33,47.64,46.14,46.25,1975015,91543480.00
2024/03/21,46.13,46.95,45.87,46.52,1809006,83475656.00
2024/03/22,46.30,46.52,45.30,45.54,997752,45335116.00
2024/03/25,45.15,45.59,44.66,44.66,760580,34098208.00
2024/03/26,45.10,45.10,42.95,43.82,1609818,70061088.00
2024/03/27,43.40,43.98,42.11,42.17,1392976,59423120.00
2024/03/28,42.13,44.18,42.13,43.62,1155292,49812124.00
2024/03/29,44.23,44.75,43.43,44.59,838246,36903948.00
2024/04/01,44.95,45.53,44.05,45.48,1944314,86514632.00
2024/04/02,45.25,46.19,45.05,46.12,1622053,73665808.00
2024/04/03,46.29,46.45,45.40,45.99,1262374,57755396.00
2024/04/08,46.10,46.75,45.60,46.10,1364481,62419304.00
2024/04/09,46.40,46.40,44.91,46.13,960364,43444772.00
2024/04/10,45.98,46.35,45.30,45.86,991495,45101968.00
2024/04/11,45.66,46.23,45.28,45.57,1009065,45862316.00
2024/04/12,45.96,47.19,45.33,46.80,1740383,80550792.00
2024/04/15,47.30,48.80,46.11,48.43,2899301,137841776.00
2024/04/16,48.60,49.00,47.30,47.39,1859576,89085496.00
2024/04/17,47.75,48.25,45.30,45.79,4566849,209650688.00
2024/04/18,45.27,46.69,44.70,46.18,1884018,86008512.00
2024/04/19,46.07,46.07,44.86,45.01,1063849,47847524.00
2024/04/22,45.01,46.07,44.56,45.92,1161251,52586284.00
2024/04/23,45.90,45.90,44.41,45.30,1472641,65967776.00
2024/04/24,45.30,46.78,45.07,46.65,1548001,71282528.00
2024/04/25,46.65,47.53,46.21,47.25,1409929,66046672.00
2024/04/26,46.80,48.68,46.80,48.25,2267337,108584024.00
2024/04/29,48.79,49.30,48.20,49.05,2078127,101084336.00
2024/04/30,49.31,50.80,49.00,50.59,2343528,117384952.00
2024/05/06,51.35,52.72,50.82,52.21,2634233,135829632.00
2024/05/07,52.31,53.89,51.95,53.89,2923446,154294016.00
2024/05/08,54.20,55.25,53.10,53.55,3246592,174755024.00
2024/05/09,53.55,54.13,53.08,54.10,1981409,105868552.00
2024/05/10,54.30,56.18,53.87,56.18,2374510,131065728.00
2024/05/13,56.18,58.16,53.50,54.04,5603325,309193056.00
2024/05/14,54.89,55.50,53.79,54.62,3140941,170377712.00
2024/05/15,54.24,56.66,54.24,55.88,2326749,128923840.00
2024/05/16,56.34,56.97,55.10,56.65,1883440,105475168.00
2024/05/17,56.72,57.56,55.70,56.30,1866485,104896136.00
2024/05/20,56.29,58.05,56.28,57.76,2492754,142529040.00
2024/05/21,57.35,58.41,56.02,56.46,2098453,118492256.00
2024/05/22,56.82,57.00,54.85,55.80,1719650,94963272.00
2024/05/23,55.76,56.09,54.96,55.50,1370140,75462952.00
2024/05/24,55.10,55.60,54.08,54.48,1857962,101237264.00
2024/05/27,54.48,55.46,53.63,54.10,1920554,103721584.00
2024/05/28,54.36,55.16,52.91,54.60,2514308,96193328.00
2024/05/29,54.06,55.13,53.97,54.43,1739401,66763880.00
2024/05/30,54.00,55.47,53.59,55.25,1637634,63459788.00
2024/05/31,55.26,56.02,53.54,53.78,2542611,97743872.00
2024/06/03,56.00,59.45,54.41,56.31,7119657,285366016.00
2024/06/04,55.83,56.66,55.44,56.41,3684770,145532432.00
2024/06/05,56.13,57.25,55.26,56.46,2883961,114155128.00
2024/06/06,56.66,57.92,55.55,56.04,2721873,109014240.00
2024/06/07,55.83,58.45,55.83,58.20,3406199,138239312.00
2024/06/11,57.89,58.82,57.28,57.89,4744100,194044944.00
2024/06/12,57.50,58.75,56.20,56.46,5093608,204579984.00
2024/06/13,56.51,57.56,54.81,55.32,7934516,312411712.00
2024/06/14,55.06,57.23,52.60,53.89,21120469,812777024.00
2024/06/17,53.41,54.22,51.45,52.12,8991110,329757792.00
2024/06/18,51.91,53.16,51.79,52.78,5830921,215549856.00
2024/06/19,52.42,53.03,51.63,52.40,3374728,124044040.00
2024/06/20,52.29,52.99,51.80,51.93,2461349,90593872.00
2024/06/21,51.49,52.21,51.06,51.79,2208572,80221952.00
2024/06/24,51.42,52.39,50.79,50.81,2682539,97189176.00
2024/06/25,50.78,51.17,49.46,49.53,2003695,70363136.00
2024/06/26,49.59,49.79,48.33,49.16,2436513,83898984.00
2024/06/27,49.16,49.30,47.78,48.37,2371967,80847792.00
2024/06/28,48.20,49.06,47.87,48.55,3281643,111751888.00
2024/07/01,48.40,49.21,47.98,48.71,2564331,87374536.00
2024/07/02,48.95,48.95,47.24,47.35,2710235,90529880.00
2024/07/03,47.11,47.27,45.36,45.46,3220146,103923232.00
2024/07/04,45.45,46.38,43.95,44.21,3540811,111532000.00
2024/07/05,44.21,44.75,43.53,43.92,2243157,69340480.00
2024/07/08,44.19,44.34,42.98,43.39,2394112,73495024.00
2024/07/09,43.22,43.42,42.38,42.90,3627621,109218232.00
2024/07/10,42.77,43.89,42.60,43.22,2402403,73014400.00
2024/07/11,43.77,44.58,43.51,43.95,3510587,108391512.00
2024/07/12,44.20,44.30,43.29,43.32,2299455,70432792.00
2024/07/15,43.37,43.71,42.88,43.01,1482039,44814612.00
2024/07/16,42.56,43.26,41.99,42.06,2907314,86172904.00
2024/07/17,42.06,42.07,40.74,41.48,3274713,94654336.00
2024/07/18,41.25,41.48,40.70,41.30,1870152,53900864.00
2024/07/19,40.87,41.90,40.87,41.40,2665277,77109560.00
2024/07/22,41.22,42.37,41.18,41.71,2137359,62563848.00
2024/07/23,41.71,41.71,39.58,39.61,2950666,83407368.00
2024/07/24,39.62,39.82,38.88,39.02,2052913,56401720.00
2024/07/25,38.91,39.65,38.64,39.06,1858325,50893536.00
2024/07/26,38.77,40.28,38.75,39.93,2115674,58797428.00
2024/07/29,39.96,40.36,39.45,39.76,2009409,56097392.00
2024/07/30,39.78,39.78,38.53,38.73,2844052,77317040.00
2024/07/31,38.61,41.40,38.46,41.22,4774772,135431472.00
2024/08/01,41.78,41.81,40.27,40.29,3862254,110792296.00
2024/08/02,40.03,40.62,39.72,39.82,1937275,54364832.00
2024/08/05,39.36,41.05,38.89,39.02,3589515,99853896.00
2024/08/06,39.16,40.28,38.85,40.00,3461426,95552320.00
2024/08/07,40.01,41.23,39.31,40.53,3689782,105049792.00
2024/08/08,40.50,41.27,40.04,40.78,2663528,76023568.00
2024/08/09,40.53,41.62,40.50,41.23,2825703,81458216.00
2024/08/12,40.04,40.70,38.07,39.30,9063240,247439904.00
2024/08/13,39.30,39.71,38.10,39.05,5476776,148599264.00
2024/08/14,39.43,39.43,38.32,38.39,3205714,86448248.00
2024/08/15,38.60,38.67,37.89,38.24,2663772,71231984.00
2024/08/16,38.18,38.77,38.04,38.67,2277062,61357160.00
2024/08/19,38.45,39.41,38.05,38.11,3038680,82224832.00
2024/08/20,37.94,38.40,36.89,37.05,1964189,51103840.00
2024/08/21,36.88,37.20,36.53,36.88,1656996,42669020.00
2024/08/22,36.85,36.99,36.30,36.51,1125336,28787588.00
2024/08/23,36.57,36.89,36.08,36.78,1805751,46016780.00
2024/08/26,37.03,37.42,36.43,36.72,1813412,46748968.00
2024/08/27,36.32,36.72,36.05,36.39,1399175,35614888.00
2024/08/28,36.42,36.93,36.16,36.91,1541536,39501472.00
2024/08/29,36.51,37.54,36.51,37.02,1694594,43964932.00
2024/08/30,37.02,38.01,36.64,37.48,4840520,126641944.00
2024/09/02,37.23,37.45,36.22,36.51,2894805,74362232.00
2024/09/03,36.85,37.23,36.28,37.03,1763336,45510176.00
2024/09/04,36.92,37.72,36.64,37.31,1709467,44635140.00
2024/09/05,37.62,38.19,37.23,37.80,1550607,40956408.00
2024/09/06,37.93,37.93,36.96,37.07,1015661,26477344.00
2024/09/09,36.93,37.00,35.80,36.08,1927755,48719664.00
2024/09/10,35.95,36.25,35.52,35.86,1615919,40361796.00
2024/09/11,36.00,36.79,35.58,36.18,1491284,37724960.00
2024/09/12,36.15,36.89,35.91,35.97,1091061,27709892.00
2024/09/13,35.83,36.57,34.71,35.31,2288011,56337428.00
2024/09/18,35.35,36.23,34.65,36.15,2167590,53678584.00
2024/09/19,36.35,37.03,35.95,36.54,1534600,39167620.00
2024/09/20,36.50,36.91,35.67,35.91,1459193,36862392.00
2024/09/23,35.76,36.56,35.62,36.05,1210844,30501584.00
2024/09/24,36.18,37.97,36.18,37.68,2482502,64595332.00
2024/09/25,38.18,39.34,36.93,37.20,7194709,192289152.00
2024/09/26,37.48,39.58,36.86,39.37,4972488,132220304.00
2024/09/27,40.41,44.54,40.17,42.48,4670125,135782400.00
2024/09/30,44.91,48.79,44.23,48.23,9061054,296855296.00
2024/10/08,57.72,57.72,50.53,53.87,12618889,472598592.00
2024/10/09,52.88,53.93,48.40,49.72,8796306,319122112.00
2024/10/10,49.87,52.50,48.26,48.57,5664212,197558448.00
2024/10/11,49.48,49.48,43.79,44.52,6282367,201667440.00
2024/10/14,44.48,45.39,43.23,44.89,4936486,154001680.00
2024/10/15,44.90,46.44,43.77,44.34,5198117,165103744.00
2024/10/16,43.36,44.75,42.60,44.20,3487390,107303048.00
2024/10/17,44.41,45.24,44.02,44.51,3847260,120523840.00
2024/10/18,44.90,48.46,43.92,46.86,5566496,181236112.00
2024/10/21,51.20,52.25,49.10,50.39,8174430,291687584.00
2024/10/22,50.50,50.72,48.26,49.04,5515136,191384544.00
2024/10/23,48.96,50.63,48.69,49.17,3925742,137467952.00
2024/10/24,48.51,49.34,47.80,48.11,3398232,115472960.00
2024/10/25,48.06,48.75,47.74,48.06,3966437,134098912.00
2024/10/28,47.92,47.92,43.74,44.42,16911324,534268320.00
2024/10/29,44.27,44.59,43.71,43.92,6204003,191825808.00
2024/10/30,43.77,44.12,43.08,43.92,4936481,151237616.00
2024/10/31,43.78,44.54,43.11,44.45,6700861,206988272.00
2024/11/01,44.20,44.83,43.91,44.17,6032398,187761056.00
2024/11/04,44.37,45.24,43.95,45.24,4614655,144016176.00
2024/11/05,45.05,46.72,44.56,46.30,6986396,224520992.00
2024/11/06,46.41,47.91,45.73,46.69,9041907,297436512.00
2024/11/07,46.30,48.19,45.77,47.66,6415319,211952448.00
2024/11/08,48.04,48.95,47.46,47.66,7545535,254587168.00
2024/11/11,47.59,50.50,47.03,50.21,9483820,328561888.00
2024/11/12,50.88,52.53,49.81,51.19,12873346,462939616.00
2024/11/13,51.89,51.89,49.25,50.25,6796007,239193584.00
2024/11/14,50.25,50.78,47.98,48.15,6109268,211933152.00
2024/11/15,47.77,48.48,46.69,46.69,5107706,170560144.00
2024/11/18,46.99,47.28,45.32,45.75,5102999,164183616.00
2024/11/19,46.02,46.73,45.47,46.72,4143604,134109104.00
2024/11/20,46.37,47.07,46.12,46.72,4341676,141792816.00
2024/11/21,46.65,47.10,46.31,46.65,2551613,83503440.00
2024/11/22,46.86,46.97,44.35,44.49,3712507,118418296.00
数据来源:通达信
