603296 华勤技术 日线 后复权
      日期	    开盘	    最高	    最低	    收盘	    成交量	    成交额
2023/08/08,80.80,80.80,72.00,73.29,17368654,1296702464.00
2023/08/09,71.89,79.93,70.01,76.39,15641364,1149856256.00
2023/08/10,73.87,78.63,72.68,74.84,12608120,961308864.00
2023/08/11,73.35,75.30,72.80,73.50,8591345,633880576.00
2023/08/14,72.76,72.80,70.22,70.35,7667331,546271936.00
2023/08/15,71.30,72.47,70.91,71.48,6569504,470655360.00
2023/08/16,70.93,72.37,70.10,71.69,5096058,365193088.00
2023/08/17,71.00,74.18,70.80,73.35,5296211,386135616.00
2023/08/18,73.30,73.80,72.08,72.12,3643158,265833072.00
2023/08/21,71.88,73.19,70.91,72.10,3029562,218628320.00
2023/08/22,72.60,73.41,71.12,73.19,3750765,271356416.00
2023/08/23,72.76,72.76,71.00,71.08,2663755,191370848.00
2023/08/24,71.20,71.96,70.68,71.11,1995628,142485440.00
2023/08/25,70.60,71.24,68.44,68.45,3214005,223882624.00
2023/08/28,72.05,72.05,68.81,68.97,2623896,184342368.00
2023/08/29,68.03,71.50,67.55,70.91,3043502,213869216.00
2023/08/30,70.75,73.19,70.75,71.94,3267267,236207056.00
2023/08/31,72.15,72.15,70.68,70.70,2068235,147021664.00
2023/09/01,70.83,71.55,70.21,70.24,1814848,128336152.00
2023/09/04,70.73,72.03,70.03,71.95,2095395,148721088.00
2023/09/05,71.46,73.08,71.01,71.27,2273383,163544816.00
2023/09/06,70.83,71.87,70.28,71.50,2053830,146097696.00
2023/09/07,71.04,71.24,69.52,69.62,2015087,141482112.00
2023/09/08,69.70,70.49,69.06,69.35,1317351,91755960.00
2023/09/11,69.62,70.20,69.00,69.74,1221778,84979424.00
2023/09/12,69.57,69.65,69.10,69.15,1204751,83411208.00
2023/09/13,69.05,69.37,68.07,68.42,1341537,92025552.00
2023/09/14,68.50,68.90,68.01,68.58,1085510,74224784.00
2023/09/15,69.33,69.33,68.49,68.78,1023054,70354336.00
2023/09/18,68.41,69.05,68.20,68.73,735080,50527564.00
2023/09/19,68.79,69.04,68.60,68.93,817807,56331772.00
2023/09/20,68.93,69.80,68.80,69.12,1265030,87724648.00
2023/09/21,69.00,69.17,67.91,67.91,1182792,80785800.00
2023/09/22,67.78,70.88,67.60,70.50,2928212,204762112.00
2023/09/25,70.15,70.41,69.01,69.05,1417226,98476432.00
2023/09/26,69.66,71.35,68.45,70.45,2681718,188020880.00
2023/09/27,70.05,70.60,69.81,69.88,1175451,82386096.00
2023/09/28,69.95,70.87,69.95,70.81,1740168,122899744.00
2023/10/09,70.61,71.24,69.70,71.02,1728477,121959472.00
2023/10/10,71.00,71.35,69.97,70.15,1103511,77901360.00
2023/10/11,70.10,77.17,69.79,74.60,8832720,667110464.00
2023/10/12,76.09,78.58,75.40,75.81,9364996,720981760.00
2023/10/13,75.81,78.90,75.22,76.87,7018776,543948160.00
2023/10/16,78.09,78.40,73.59,74.55,4344244,326992096.00
2023/10/17,74.79,75.01,72.50,73.04,2944603,215353824.00
2023/10/18,74.15,74.16,71.80,71.85,2195334,159555536.00
2023/10/19,72.00,73.31,71.55,72.13,1970744,142699872.00
2023/10/20,71.53,73.34,71.32,71.90,2096865,151693488.00
2023/10/23,74.00,75.84,72.72,73.35,4234989,315228992.00
2023/10/24,74.19,80.69,73.60,78.80,8466051,661980608.00
2023/10/25,78.80,79.51,76.00,77.80,6154436,477382720.00
2023/10/26,77.12,81.50,76.55,78.24,6490590,513561472.00
2023/10/27,77.00,77.87,75.54,77.23,3560229,274070016.00
2023/10/30,76.80,81.72,76.80,81.00,8382113,675415360.00
2023/10/31,81.00,83.79,80.02,81.99,5263506,429422816.00
2023/11/01,80.92,81.95,78.70,79.45,3098538,248239424.00
2023/11/02,80.11,83.56,80.00,81.03,5956097,490445216.00
2023/11/03,80.78,81.60,79.56,80.87,2747824,221466208.00
2023/11/06,81.57,83.75,80.36,83.18,4555876,376544512.00
2023/11/07,82.51,85.25,82.29,82.67,4237562,354987776.00
2023/11/08,82.70,84.83,82.50,83.18,3419772,286021856.00
2023/11/09,82.80,83.27,81.30,81.99,2891324,236864720.00
2023/11/10,81.61,82.11,80.55,80.81,1992246,161702768.00
2023/11/13,81.00,82.95,80.52,81.62,2268577,185802528.00
2023/11/14,81.62,81.63,80.49,81.20,1805711,146074800.00
2023/11/15,81.48,82.35,80.77,81.27,1593801,129585904.00
2023/11/16,81.01,81.99,80.40,80.50,1364605,110438448.00
2023/11/17,80.15,82.80,80.15,80.86,1783957,144806144.00
2023/11/20,80.40,80.40,77.56,79.16,3712043,292553792.00
2023/11/21,79.25,79.80,78.04,78.40,1657718,130608112.00
2023/11/22,77.71,78.44,76.91,77.15,1333701,103447792.00
2023/11/23,77.10,78.70,76.66,78.10,1105506,86238736.00
2023/11/24,78.36,78.60,75.38,75.94,1834648,140128224.00
2023/11/27,75.50,76.94,75.25,76.88,1395587,106137072.00
2023/11/28,76.70,78.59,76.34,77.30,1436241,111502096.00
2023/11/29,77.00,78.32,77.00,77.35,1032380,80344040.00
2023/11/30,77.12,77.87,76.13,76.68,799358,61514568.00
2023/12/01,77.00,78.36,75.75,77.90,1461345,112689112.00
2023/12/04,77.99,77.99,76.18,77.50,1838734,141423168.00
2023/12/05,77.25,77.25,75.80,76.08,1015875,77714528.00
2023/12/06,76.02,76.29,74.53,75.06,1255004,94519920.00
2023/12/07,74.74,75.99,74.50,75.72,1074135,80983568.00
2023/12/08,75.61,77.80,75.61,76.75,1712989,131783992.00
2023/12/11,77.65,81.50,77.48,80.86,4523067,361693632.00
2023/12/12,80.39,81.78,79.20,80.45,2455869,198030224.00
2023/12/13,80.69,81.50,79.85,79.95,1563523,126016056.00
2023/12/14,80.01,80.49,78.26,78.40,1233440,97502768.00
2023/12/15,78.85,79.66,76.98,79.12,2031117,159917952.00
2023/12/18,78.50,80.75,77.09,77.43,1524217,119603200.00
2023/12/19,77.01,78.78,76.80,77.84,1284359,99910208.00
2023/12/20,77.46,79.27,77.07,77.64,1325737,103754456.00
2023/12/21,77.35,78.00,75.70,77.20,1386076,106480240.00
2023/12/22,77.12,77.12,73.80,74.10,2033570,152615168.00
2023/12/25,74.00,76.64,73.81,75.98,1718054,130141168.00
2023/12/26,75.80,76.10,73.21,73.29,1361290,100759568.00
2023/12/27,73.70,77.12,73.70,77.03,2852115,216204672.00
2023/12/28,76.78,77.29,75.58,76.50,1516539,116115280.00
2023/12/29,76.43,80.20,76.33,79.89,2595921,205072304.00
2024/01/02,80.50,80.50,78.36,78.51,1412221,111953560.00
2024/01/03,78.74,78.88,74.90,75.45,2549273,194069392.00
2024/01/04,75.49,76.68,74.60,74.99,1824172,137594960.00
2024/01/05,75.22,76.61,73.68,74.30,1860484,139338144.00
2024/01/08,74.30,75.49,73.35,74.39,1665733,123859072.00
2024/01/09,75.10,76.66,73.90,74.23,1996153,150078016.00
2024/01/10,74.02,74.02,70.13,70.73,1815610,129593696.00
2024/01/11,71.88,72.40,70.61,71.31,1926490,137248560.00
2024/01/12,71.20,71.35,68.00,68.45,2961259,205036272.00
2024/01/15,68.37,69.83,68.01,69.37,1952027,135182256.00
2024/01/16,69.66,70.70,68.87,69.75,1586399,110753688.00
2024/01/17,69.40,69.62,67.51,67.51,1328173,90564104.00
2024/01/18,67.51,68.15,66.20,68.15,1457419,98332536.00
2024/01/19,68.14,68.28,67.00,67.18,1051046,70958216.00
2024/01/22,67.26,67.44,64.11,64.30,1637624,107572632.00
2024/01/23,64.20,66.93,63.70,66.18,1966559,128930848.00
2024/01/24,67.30,67.60,64.80,67.23,1410022,93568648.00
2024/01/25,66.29,67.10,64.20,66.40,2799486,184290400.00
2024/01/26,66.00,66.30,62.67,62.78,4134590,265235520.00
2024/01/29,63.48,64.54,62.02,62.47,2045705,129354376.00
2024/01/30,62.00,62.00,59.35,59.44,2058867,124605512.00
2024/01/31,59.60,60.37,57.57,57.77,1728849,101177328.00
2024/02/01,57.51,59.50,56.79,58.01,1662869,96579024.00
2024/02/02,57.88,58.69,53.60,55.12,2299623,128554032.00
2024/02/05,54.01,54.96,50.85,53.01,2604037,138024976.00
2024/02/06,52.00,55.85,51.89,55.19,2632561,142118208.00
2024/02/07,55.00,57.12,54.09,54.62,2714380,150535408.00
2024/02/08,53.75,57.88,52.50,57.52,4164512,230030672.00
2024/02/19,58.71,60.65,58.21,60.65,4003964,238047008.00
2024/02/20,60.03,60.49,59.05,60.15,2569974,153792064.00
2024/02/21,59.38,64.64,58.88,62.53,4027014,249849136.00
2024/02/22,62.02,64.09,62.02,63.07,2515705,158447808.00
2024/02/23,63.64,66.55,63.00,65.97,3741723,243159264.00
2024/02/26,65.82,67.39,65.48,66.65,3485397,232156448.00
2024/02/27,66.29,68.96,66.02,68.55,2885610,194722160.00
2024/02/28,68.80,71.35,65.99,66.00,4350660,298019296.00
2024/02/29,65.88,68.35,65.50,68.22,2261437,152421408.00
2024/03/01,69.52,74.42,69.52,73.30,5560411,403530688.00
2024/03/04,76.32,79.50,75.00,78.69,7762634,601590912.00
2024/03/05,77.20,80.12,76.43,77.77,6508378,513111200.00
2024/03/06,77.00,78.60,75.55,76.83,3976503,305747520.00
2024/03/07,76.70,79.70,76.08,76.45,3366234,261250016.00
2024/03/08,76.46,77.87,75.71,77.39,3652114,280743904.00
2024/03/11,76.33,76.35,73.90,75.93,4327410,325683136.00
2024/03/12,75.99,78.22,75.69,76.30,3169703,243470592.00
2024/03/13,76.42,77.16,75.22,75.81,3063466,232838144.00
2024/03/14,75.08,76.08,73.30,73.80,2866271,213407520.00
2024/03/15,73.77,74.13,72.00,73.30,3311208,241442688.00
2024/03/18,73.01,76.52,73.01,76.01,3720815,279871488.00
2024/03/19,76.16,78.00,75.80,76.14,3186975,245100080.00
2024/03/20,75.50,77.74,75.40,76.50,2513913,191617760.00
2024/03/21,76.45,77.10,75.78,75.88,1631922,124189984.00
2024/03/22,75.30,76.38,75.00,75.20,1457047,110031088.00
2024/03/25,75.65,77.06,73.80,74.66,2557143,192852592.00
2024/03/26,74.56,76.96,74.05,75.39,3119050,235416672.00
2024/03/27,75.05,76.76,72.00,72.00,3040249,225651072.00
2024/03/28,71.99,78.55,71.89,76.66,4550327,344711104.00
2024/03/29,77.77,82.87,77.77,82.70,8086593,659834048.00
2024/04/01,81.98,82.30,75.19,76.40,7413447,570434624.00
2024/04/02,75.90,79.70,75.14,77.86,4943576,382978464.00
2024/04/03,77.18,78.00,74.30,76.73,3583228,273229408.00
2024/04/08,76.80,77.74,74.77,75.23,2394741,181262512.00
2024/04/09,75.01,75.63,73.20,73.86,2839284,209980512.00
2024/04/10,73.70,73.70,71.00,71.67,2013619,145229536.00
2024/04/11,71.30,73.88,70.90,73.18,2827780,204844816.00
2024/04/12,72.56,76.88,72.46,75.00,3864435,290969600.00
2024/04/15,74.98,75.78,73.10,74.07,1873183,139497696.00
2024/04/16,73.80,73.89,69.50,69.62,2409829,171515952.00
2024/04/17,70.83,72.85,70.83,72.00,1776425,127909952.00
2024/04/18,72.00,72.66,70.38,70.94,2126452,152196336.00
2024/04/19,70.90,70.90,67.25,67.99,3369239,229941776.00
2024/04/22,67.99,68.99,65.95,68.10,1679162,113633056.00
2024/04/23,68.66,68.66,66.24,66.76,1430670,95978304.00
2024/04/24,66.90,69.71,66.73,69.26,2021538,138403504.00
2024/04/25,70.77,70.77,67.38,67.70,2476582,168955248.00
2024/04/26,67.96,72.53,67.96,71.78,4037701,287634080.00
2024/04/29,72.58,73.48,71.81,72.75,2107584,152990016.00
2024/04/30,72.46,73.24,71.87,72.57,1530219,111058664.00
2024/05/06,73.43,74.55,73.19,73.66,1919157,141559968.00
2024/05/07,73.88,74.25,73.10,73.69,1600561,117958080.00
2024/05/08,73.83,74.89,72.95,73.00,2095236,154774528.00
2024/05/09,72.80,73.89,72.80,73.68,1270928,93524112.00
2024/05/10,73.33,73.64,71.00,71.81,1828539,131733232.00
2024/05/13,71.06,71.27,69.70,69.89,1819644,128027168.00
2024/05/14,69.89,71.74,69.89,71.33,1293825,92113208.00
2024/05/15,70.80,71.99,70.70,70.89,857863,61165092.00
2024/05/16,71.35,72.05,70.49,71.21,973909,69521880.00
2024/05/17,70.72,71.38,70.53,71.24,627133,44485936.00
2024/05/20,71.31,72.85,70.99,72.50,1695328,122473712.00
2024/05/21,72.35,76.32,72.35,75.21,3659490,275215744.00
2024/05/22,74.79,77.18,74.75,76.88,3272156,249187520.00
2024/05/23,76.91,79.69,76.90,78.28,3922860,307214048.00
2024/05/24,77.50,79.08,74.82,75.00,2776758,212452640.00
2024/05/27,74.80,77.25,74.20,77.24,2325391,175931696.00
2024/05/28,77.25,77.60,75.90,76.13,1451961,111194784.00
2024/05/29,76.06,81.10,75.45,80.00,3942264,309838016.00
2024/05/30,79.50,83.50,78.29,82.19,4705517,384052512.00
2024/05/31,83.74,87.00,81.38,85.60,5919594,503397696.00
2024/06/03,85.70,86.60,83.50,84.19,4204981,355959776.00
2024/06/04,84.12,84.98,80.88,82.05,3779597,309836448.00
2024/06/05,81.97,82.97,81.60,82.22,2109354,173550032.00
2024/06/06,82.40,85.87,82.40,84.13,3988508,335800768.00
2024/06/07,84.13,84.38,80.90,82.00,2790309,229275664.00
2024/06/11,82.32,83.60,80.23,83.38,3221124,185416544.00
2024/06/12,83.58,86.54,83.18,83.77,4913626,293612480.00
2024/06/13,83.79,87.96,83.07,84.46,5336954,321774912.00
2024/06/14,84.44,85.86,81.63,81.63,7359199,431208384.00
2024/06/17,81.84,84.60,81.84,83.04,4866918,285641856.00
2024/06/18,82.65,84.72,82.47,84.68,3962031,233605376.00
2024/06/19,84.36,85.02,82.51,83.52,3025959,177543600.00
2024/06/20,83.24,84.04,81.20,81.27,2555258,148355280.00
2024/06/21,80.82,81.69,79.19,81.10,3101432,174921984.00
2024/06/24,80.31,81.57,78.07,78.07,2690586,150714608.00
2024/06/25,78.44,78.56,75.26,75.68,2565841,138052416.00
2024/06/26,75.65,78.02,74.59,77.64,3281354,176027328.00
2024/06/27,76.91,80.68,76.74,77.95,4123405,229226416.00
2024/06/28,77.40,79.80,77.07,78.52,2643861,146597568.00
2024/07/01,78.02,78.19,75.54,77.82,2520470,136279504.00
2024/07/02,78.59,78.62,76.48,77.08,1854714,100604856.00
2024/07/03,76.98,78.55,76.35,77.44,2255318,122816864.00
2024/07/04,77.29,78.72,76.31,76.81,1745720,95169136.00
2024/07/05,76.11,76.76,74.85,76.00,1677888,89219848.00
2024/07/08,75.71,76.41,74.18,74.60,1959725,103275440.00
2024/07/09,74.60,79.78,74.53,79.70,3486788,190396320.00
2024/07/10,79.19,80.58,78.97,79.52,1857858,103990776.00
2024/07/11,80.30,83.63,79.60,82.67,3934116,227379872.00
2024/07/12,82.67,83.44,80.87,83.02,2457016,142223872.00
2024/07/15,82.40,82.46,78.79,78.98,3024837,169923680.00
2024/07/16,78.77,80.27,78.28,79.95,2688084,150215744.00
2024/07/17,79.60,79.88,77.53,77.60,1908774,105095944.00
2024/07/18,76.80,77.02,73.79,76.24,2788720,147225904.00
2024/07/19,76.23,77.29,75.26,76.66,1756458,94516576.00
2024/07/22,76.80,77.89,75.96,76.84,1694013,91668104.00
2024/07/23,76.60,76.80,74.36,74.45,1767359,93563512.00
2024/07/24,75.11,75.48,73.94,74.01,1379503,72197640.00
2024/07/25,73.15,73.51,70.19,70.67,2713835,135960656.00
2024/07/26,70.67,71.76,70.19,71.34,1457625,72639232.00
2024/07/29,71.20,71.83,70.51,70.92,1117937,55716172.00
2024/07/30,70.51,70.70,69.16,69.41,1209382,59050192.00
2024/07/31,69.45,71.80,68.48,71.51,1693236,83798736.00
2024/08/01,71.98,72.35,70.75,70.86,1252320,62790868.00
2024/08/02,70.23,70.49,69.27,69.41,1238649,60635740.00
2024/08/05,68.48,69.65,67.95,68.23,1516790,72975960.00
2024/08/06,69.24,69.86,67.91,69.79,1543711,74500032.00
2024/08/07,69.59,71.51,69.34,70.64,1726561,85780024.00
2024/08/08,70.36,70.36,66.13,67.83,5133862,242688416.00
2024/08/09,68.36,69.02,67.24,67.64,3272110,156131744.00
2024/08/12,67.64,68.29,66.72,67.07,1540789,72880760.00
2024/08/13,67.06,68.13,66.41,66.96,1900310,89225304.00
2024/08/14,66.86,66.99,65.60,66.23,2111660,98306416.00
2024/08/15,66.12,66.41,63.43,64.13,4682540,213069472.00
2024/08/16,63.99,65.32,63.11,63.70,3836546,171825248.00
2024/08/19,63.64,64.61,63.16,64.07,2532686,113399728.00
2024/08/20,64.06,64.06,62.72,63.01,2049903,90690808.00
2024/08/21,62.56,63.68,62.38,63.56,2286120,101110976.00
2024/08/22,63.42,63.51,62.41,62.97,1615832,71367592.00
2024/08/23,62.53,63.74,62.24,63.40,2063060,90954336.00
2024/08/26,62.86,65.04,62.80,63.95,3434291,153786256.00
2024/08/27,63.79,65.71,63.29,64.02,4410510,199957488.00
2024/08/28,63.92,65.29,63.64,63.75,3641990,164776976.00
2024/08/29,63.43,64.12,62.67,63.74,3374526,150117024.00
2024/08/30,63.67,66.47,63.58,66.16,6175948,284295904.00
2024/09/02,66.16,67.13,64.63,64.68,3681541,169734656.00
2024/09/03,64.21,65.61,64.20,64.66,2670109,121413376.00
2024/09/04,63.91,64.59,61.65,62.83,4003356,175461872.00
2024/09/05,62.74,63.68,62.38,62.93,2497890,110275528.00
2024/09/06,63.02,63.19,61.64,61.74,2064440,89838752.00
2024/09/09,61.18,63.01,61.18,62.14,2397688,104816376.00
2024/09/10,61.88,65.96,61.62,65.57,5641455,254834144.00
2024/09/11,65.57,66.26,64.03,65.80,4503049,206897056.00
2024/09/12,65.85,67.10,65.49,65.59,3801220,176732864.00
2024/09/13,65.24,67.49,65.19,66.69,4114524,192425232.00
2024/09/18,66.65,66.65,63.43,65.74,3773912,171970128.00
2024/09/19,65.94,65.94,64.61,65.03,2552037,116769520.00
2024/09/20,65.05,66.23,63.95,64.91,2572812,117121240.00
2024/09/23,65.43,66.65,64.23,65.12,4204614,192808112.00
2024/09/24,65.14,65.88,62.32,65.87,6174340,279047200.00
2024/09/25,66.58,68.51,66.16,67.67,6893533,326396224.00
2024/09/26,68.26,69.10,66.45,68.95,5626006,267536368.00
2024/09/27,69.38,72.38,69.37,72.14,3873880,193942592.00
2024/09/30,74.46,79.24,74.41,79.24,7901250,430206624.00
2024/10/08,87.03,87.03,79.85,85.48,11509069,684721728.00
2024/10/09,84.78,84.78,77.05,77.05,13126165,727984192.00
2024/10/10,77.05,80.76,75.19,77.61,11904306,654071104.00
2024/10/11,77.01,78.90,75.23,77.92,9298114,507008672.00
2024/10/14,77.89,81.52,76.66,81.03,10502731,586105792.00
2024/10/15,80.22,81.35,77.15,77.15,7079833,395871840.00
2024/10/16,75.41,80.47,75.40,79.95,8686919,480223808.00
2024/10/17,79.85,80.76,78.61,79.60,4502829,251988288.00
2024/10/18,78.90,83.13,78.34,81.70,9229919,527559264.00
2024/10/21,81.21,85.34,81.18,85.20,11051717,648323200.00
2024/10/22,84.36,84.36,82.23,82.61,6258483,365474400.00
2024/10/23,82.26,83.81,81.07,83.77,5636846,326203104.00
2024/10/24,82.79,84.21,82.05,83.66,3689158,215573488.00
2024/10/25,83.94,83.94,82.43,83.18,4150608,243053072.00
2024/10/28,83.18,83.28,81.43,82.33,3636811,210703168.00
2024/10/29,82.40,82.65,79.61,82.26,10478057,599624576.00
2024/10/30,81.36,81.42,78.34,80.30,8545107,480673760.00
2024/10/31,79.53,80.38,78.48,79.67,5686371,317792480.00
2024/11/01,79.52,80.09,78.06,78.07,4027220,224251424.00
2024/11/04,78.82,80.83,78.10,80.16,3732550,209958672.00
2024/11/05,80.50,81.17,79.60,80.93,7076044,402235520.00
2024/11/06,81.35,81.35,78.89,79.26,5746854,323952640.00
2024/11/07,79.43,82.50,79.43,82.39,12379169,707745536.00
2024/11/08,84.42,88.78,84.05,84.96,22843729,1384511872.00
2024/11/11,85.90,87.97,84.75,86.25,17875483,1082584320.00
2024/11/12,86.80,92.00,86.22,89.79,23244656,1459501952.00
2024/11/13,88.92,92.98,88.70,91.74,18542734,1189324288.00
2024/11/14,91.74,93.11,87.89,88.00,12375521,787352960.00
2024/11/15,87.86,93.81,86.43,90.58,16779327,1064275072.00
2024/11/18,89.68,90.45,84.08,85.17,12034470,733715840.00
2024/11/19,84.75,86.80,82.68,85.45,9364911,559078336.00
2024/11/20,84.81,86.00,84.44,85.16,6000201,359513984.00
2024/11/21,84.92,85.38,83.09,83.70,6500069,385149344.00
2024/11/22,84.78,91.36,84.15,87.73,18004674,1133457408.00
数据来源:通达信
