603375 盛景微 日线 后复权
      日期	    开盘	    最高	    最低	    收盘	    成交量	    成交额
2024/01/24,65.00,67.00,57.80,58.95,14207800,873314240.00
2024/01/25,60.97,62.36,57.90,59.50,10472575,631695232.00
2024/01/26,56.94,57.68,53.45,53.80,9932439,551641920.00
2024/01/29,61.00,68.98,57.08,57.58,14339502,914467456.00
2024/01/30,53.00,53.80,47.70,47.91,11684945,593899392.00
2024/01/31,47.00,48.48,43.41,44.25,8324393,379004160.00
2024/02/01,44.45,45.30,43.54,44.61,6577222,292871520.00
2024/02/02,43.47,44.30,40.52,42.19,6865884,290990016.00
2024/02/05,42.50,46.41,39.50,44.73,8845660,388380352.00
2024/02/06,42.23,46.50,40.26,45.39,8779727,375559904.00
2024/02/07,44.20,45.78,40.85,40.85,7545909,328028096.00
2024/02/08,40.95,44.94,40.04,43.79,6660386,285935328.00
2024/02/19,42.98,47.50,42.60,45.98,7857385,351889184.00
2024/02/20,45.25,47.87,44.51,47.73,5961331,274868576.00
2024/02/21,46.66,48.34,46.04,46.50,5957197,280198432.00
2024/02/22,45.99,47.33,45.56,46.98,4708510,219392816.00
2024/02/23,46.90,48.50,45.96,47.75,5535172,261134320.00
2024/02/26,48.00,49.98,47.52,47.90,5846032,282779936.00
2024/02/27,47.10,49.80,46.89,49.66,5644651,275166496.00
2024/02/28,49.15,49.88,44.74,45.18,6711323,319518592.00
2024/02/29,44.75,47.79,44.27,47.36,5335091,248907568.00
2024/03/01,46.94,47.88,46.26,47.00,3863220,181932320.00
2024/03/04,46.79,47.20,45.01,45.92,3491126,160335216.00
2024/03/05,45.45,46.47,45.06,45.50,3206224,146314144.00
2024/03/06,45.09,46.67,44.88,46.24,3392093,156125088.00
2024/03/07,46.74,48.36,46.34,48.34,6209630,295920096.00
2024/03/08,48.18,48.49,46.88,48.39,4729289,225598576.00
2024/03/11,48.25,49.19,47.42,48.99,4727374,228002480.00
2024/03/12,48.95,49.34,48.05,48.67,4073837,198374592.00
2024/03/13,48.48,48.88,47.83,48.27,3368175,162732256.00
2024/03/14,48.00,48.40,46.42,47.15,2766529,131495952.00
2024/03/15,47.00,48.07,46.08,47.60,3145504,148171360.00
2024/03/18,47.91,49.46,47.72,49.45,4028996,196185776.00
2024/03/19,49.01,54.40,48.91,54.40,9251933,487874912.00
2024/03/20,54.40,59.84,53.90,59.84,9747684,562459712.00
2024/03/21,59.73,63.40,56.33,56.80,11130088,655323264.00
2024/03/22,57.61,61.80,56.67,58.00,10145260,598579072.00
2024/03/25,56.00,59.00,53.00,54.31,7818987,433625024.00
2024/03/26,55.55,55.88,51.71,52.21,5864820,310573184.00
2024/03/27,52.25,52.45,48.66,49.00,4609681,232083696.00
2024/03/28,48.98,52.39,48.12,51.22,5123702,258443760.00
2024/03/29,50.70,52.38,49.71,51.92,3921900,200135264.00
2024/04/01,52.60,52.90,51.20,51.83,3256437,168610640.00
2024/04/02,51.93,52.50,49.56,50.05,3460907,175503056.00
2024/04/03,49.60,50.06,48.10,48.51,2612463,127700560.00
2024/04/08,48.11,48.56,46.33,46.45,2771022,130169312.00
2024/04/09,46.60,47.31,46.46,47.11,1891792,88680224.00
2024/04/10,47.01,47.12,45.35,45.92,2388024,110005592.00
2024/04/11,45.50,46.96,45.45,46.22,1943246,90231928.00
2024/04/12,46.40,47.90,46.22,47.05,2831976,133458904.00
2024/04/15,47.68,48.40,45.91,47.61,3145376,148302656.00
2024/04/16,46.00,46.00,42.85,42.85,3247372,140440800.00
2024/04/17,42.91,45.38,42.91,44.96,3024663,134395440.00
2024/04/18,44.23,47.14,43.61,46.62,3961332,180961296.00
2024/04/19,46.01,47.60,45.53,46.84,3552656,165567184.00
2024/04/22,46.15,47.88,44.30,47.44,3209936,149496496.00
2024/04/23,47.40,49.61,46.56,48.74,4089431,196446656.00
2024/04/24,48.90,50.79,48.00,49.85,5015351,247816000.00
2024/04/25,49.00,49.21,47.28,47.32,3560439,172308672.00
2024/04/26,42.59,44.48,42.59,43.48,6083960,262612976.00
2024/04/29,42.98,43.95,42.77,43.17,3948562,171150400.00
2024/04/30,43.10,43.25,40.88,41.08,3948167,164624128.00
2024/05/06,41.25,42.70,41.25,42.34,2868556,121042136.00
2024/05/07,42.67,46.00,41.71,44.33,5800261,254115664.00
2024/05/08,44.77,44.91,42.81,42.92,3196342,139054064.00
2024/05/09,42.40,43.35,42.40,42.99,2261802,97317360.00
2024/05/10,43.32,43.32,41.60,41.82,2131373,89818736.00
2024/05/13,41.65,41.69,40.03,40.19,1963811,79556256.00
2024/05/14,40.05,44.21,40.05,44.21,4342753,186033440.00
2024/05/15,44.21,46.12,43.37,43.62,6607718,295183904.00
2024/05/16,43.63,44.20,42.83,43.06,3742882,162192176.00
2024/05/17,42.70,47.20,42.70,45.70,6724961,304893824.00
2024/05/20,45.72,48.80,45.41,47.53,6310673,297948992.00
2024/05/21,47.53,47.90,44.70,45.12,4913465,226020800.00
2024/05/22,45.05,45.57,44.00,44.52,3300538,147341888.00
2024/05/23,44.45,44.82,43.24,43.60,2891830,127019040.00
2024/05/24,43.39,43.39,41.88,42.45,2332613,99162712.00
2024/05/27,42.19,43.00,40.78,42.91,2572011,107663008.00
2024/05/28,42.79,43.77,41.81,41.99,2383684,101925184.00
2024/05/29,41.16,42.48,41.13,41.67,1778159,74310848.00
2024/05/30,41.12,42.46,40.80,41.67,2090110,87260680.00
2024/05/31,41.52,43.07,41.33,42.50,2375585,100946376.00
2024/06/03,42.50,43.20,40.55,40.95,2566956,107012128.00
2024/06/04,40.55,41.59,39.62,41.35,2397214,97072784.00
2024/06/05,40.95,41.67,40.70,40.70,1500794,61671448.00
2024/06/06,40.76,42.08,40.70,40.88,2222899,91566280.00
2024/06/07,40.92,41.43,39.91,40.40,1783617,72449528.00
2024/06/11,39.80,40.87,38.40,40.86,2030384,80793744.00
2024/06/12,40.99,41.43,40.60,40.98,1639612,67190632.00
2024/06/13,40.99,42.50,40.82,42.24,3039307,127404656.00
2024/06/14,41.95,41.95,41.11,41.81,1697445,70503192.00
2024/06/17,41.60,42.28,41.23,41.75,1467468,61391564.00
2024/06/18,41.89,42.49,41.75,42.13,1714248,72212416.00
2024/06/19,42.41,43.49,41.13,43.29,3677623,156806576.00
2024/06/20,42.78,44.10,42.43,42.43,3592516,155574448.00
2024/06/21,41.60,44.44,40.15,42.93,3175278,133617648.00
2024/06/24,41.20,42.32,40.13,40.56,2395557,99315984.00
2024/06/25,40.57,40.69,39.00,39.20,1690296,67158520.00
2024/06/26,39.01,40.35,39.00,40.17,1342650,53404056.00
2024/06/27,39.70,40.46,39.00,39.09,1380968,54937212.00
2024/06/28,39.10,40.76,39.00,39.78,1926748,77313664.00
2024/07/01,40.40,40.40,38.60,39.18,1547300,60523028.00
2024/07/02,39.01,39.17,38.08,38.19,1244284,48108684.00
2024/07/03,38.10,38.20,36.78,37.28,1516819,56718076.00
2024/07/04,37.38,37.81,36.08,36.08,1345700,49569624.00
2024/07/05,35.86,36.10,35.09,35.73,1169352,41567984.00
2024/07/08,35.57,36.10,34.58,34.63,1003542,35544396.00
2024/07/09,34.58,35.79,34.40,35.66,1466672,51684904.00
2024/07/10,34.78,35.05,34.02,34.06,2119968,72909976.00
2024/07/11,34.80,35.19,34.37,35.09,1891766,65977424.00
2024/07/12,34.95,35.19,34.45,34.57,1235400,42872644.00
2024/07/15,34.42,35.06,34.31,34.63,1139076,39431376.00
2024/07/16,34.40,34.58,33.35,34.33,1409890,47966084.00
2024/07/17,34.25,34.25,33.10,33.10,1269584,42584992.00
2024/07/18,32.93,33.16,31.94,32.89,1326446,43104172.00
2024/07/19,32.75,36.18,32.61,35.68,4236060,148574304.00
2024/07/22,35.20,36.06,34.89,35.09,2720595,94984088.00
2024/07/23,34.84,35.56,34.61,34.90,2127950,73929608.00
2024/07/24,34.41,34.95,33.93,34.05,1387482,47053832.00
2024/07/25,34.10,34.52,33.60,34.29,1266060,42651784.00
2024/07/26,34.07,35.08,33.92,34.58,1326168,45199704.00
2024/07/29,34.48,35.08,34.10,34.14,1195285,40868848.00
2024/07/30,33.95,34.82,33.43,34.47,1198974,40569044.00
2024/07/31,34.40,35.49,34.14,35.45,1714083,59544896.00
2024/08/01,35.20,38.96,35.20,38.96,3420081,126849000.00
2024/08/02,38.40,42.38,38.19,39.76,7041257,281932800.00
2024/08/05,38.40,42.30,37.79,40.73,5465010,213870304.00
2024/08/06,40.10,40.32,38.30,39.09,3842497,148229840.00
2024/08/07,38.98,39.40,37.68,37.92,3103989,117612016.00
2024/08/08,37.90,38.90,36.67,37.16,2921065,108423456.00
2024/08/09,37.50,40.84,37.50,40.84,2710620,108244896.00
2024/08/12,43.17,44.88,40.44,40.48,9853958,417774816.00
2024/08/13,39.36,42.28,38.11,42.20,8161374,329557440.00
2024/08/14,41.77,43.60,40.96,40.96,6911043,288190528.00
2024/08/15,39.35,42.19,38.90,40.95,5781610,228741216.00
2024/08/16,40.56,40.92,38.97,39.17,4984765,198286672.00
2024/08/19,38.18,38.85,36.90,37.75,3378402,126490424.00
2024/08/20,37.61,38.74,35.29,38.08,5162562,188322880.00
2024/08/21,37.40,37.40,35.86,35.91,3104097,111809952.00
2024/08/22,35.81,35.81,33.80,33.87,2744512,93562808.00
2024/08/23,33.89,33.89,33.03,33.17,1988443,65585920.00
2024/08/26,33.18,33.60,33.00,33.34,1351411,44411936.00
2024/08/27,32.83,33.50,32.17,32.30,1741911,56352040.00
2024/08/28,32.31,33.40,31.95,32.75,1864741,60148452.00
2024/08/29,32.76,33.72,32.50,33.42,2119866,69509256.00
2024/08/30,33.05,35.29,33.05,34.52,2827542,95870848.00
2024/09/02,34.44,34.74,33.38,33.44,1813352,60827908.00
2024/09/03,33.49,33.88,33.16,33.59,1245485,41272036.00
2024/09/04,33.11,33.63,32.99,33.19,1101861,36178256.00
2024/09/05,32.99,33.82,32.99,33.63,1124765,37212596.00
2024/09/06,33.93,34.37,33.11,33.17,1681695,55766532.00
2024/09/09,33.17,33.48,32.61,33.27,903066,29585284.00
2024/09/10,33.27,33.61,33.08,33.61,1138389,37542868.00
2024/09/11,33.42,33.66,32.70,33.06,936132,30809214.00
2024/09/12,33.25,33.47,32.41,32.49,1020341,33132032.00
2024/09/13,32.47,32.78,31.23,31.30,1470672,46257600.00
2024/09/18,31.30,31.51,30.10,30.60,1267069,38283216.00
2024/09/19,30.62,31.33,30.51,31.15,1259100,38547472.00
2024/09/20,31.12,31.51,30.76,31.08,1005745,30838870.00
2024/09/23,31.07,31.36,30.86,31.09,921154,28269516.00
2024/09/24,31.10,31.89,30.79,31.89,1826930,56754616.00
2024/09/25,32.02,34.40,31.91,32.96,3410217,110186704.00
2024/09/26,32.70,33.58,32.42,33.58,2863363,93645368.00
2024/09/27,33.85,35.37,33.75,35.30,2523008,86266000.00
2024/09/30,36.90,38.79,36.04,38.79,5430362,202489824.00
2024/10/08,42.63,42.63,40.63,42.63,6692775,280291648.00
2024/10/09,42.40,44.35,39.93,40.82,6587937,277608544.00
2024/10/10,41.28,41.67,37.93,38.56,4036176,157396928.00
2024/10/11,38.27,38.50,35.51,36.19,2987208,108872288.00
2024/10/14,36.40,37.86,35.82,37.72,2420481,88607200.00
2024/10/15,37.44,39.12,37.05,37.35,2670350,100678432.00
2024/10/16,36.42,38.48,36.26,37.20,2113002,77965920.00
2024/10/17,37.80,37.90,36.73,36.87,1762564,65169696.00
2024/10/18,36.90,39.82,36.66,38.91,3907743,148510064.00
2024/10/21,39.20,41.10,39.20,39.94,4632142,184182112.00
2024/10/22,39.76,40.18,38.81,39.23,2948459,115208120.00
2024/10/23,39.10,39.41,38.41,38.53,2162565,83364664.00
2024/10/24,38.53,41.03,38.21,41.01,4656089,183521680.00
2024/10/25,40.33,40.98,39.56,40.80,4327158,172041360.00
2024/10/28,40.41,40.41,39.50,40.32,2491230,98587248.00
2024/10/29,40.20,40.80,39.22,39.23,2595550,102640208.00
2024/10/30,38.93,39.49,38.25,38.74,1682973,64702752.00
2024/10/31,38.74,39.36,37.98,39.00,2496272,95670464.00
2024/11/01,38.84,39.23,36.98,37.03,2391688,89350272.00
2024/11/04,37.26,38.07,37.09,37.90,1589623,59204600.00
2024/11/05,37.85,39.16,37.67,38.96,2471160,94397760.00
2024/11/06,38.96,39.60,38.61,38.84,2288191,88478240.00
2024/11/07,38.58,41.30,38.48,40.52,4129053,163633200.00
2024/11/08,40.74,41.96,40.50,40.69,4384627,178713936.00
2024/11/11,40.69,42.29,40.40,42.03,3995153,165619328.00
2024/11/12,42.30,42.80,41.10,41.60,3856020,160369488.00
2024/11/13,41.40,42.07,40.58,41.83,2328284,95438144.00
2024/11/14,41.84,41.85,40.10,40.18,1880058,76128864.00
2024/11/15,40.00,40.75,38.01,38.47,1827553,71304552.00
2024/11/18,38.40,39.31,36.70,36.96,2084001,77195056.00
2024/11/19,37.69,39.99,37.26,39.98,3097312,118582608.00
2024/11/20,39.90,40.68,39.25,40.54,2449400,97073992.00
2024/11/21,40.14,41.05,39.70,40.20,1917913,76686328.00
2024/11/22,40.25,41.40,38.21,38.43,2510628,99766248.00
数据来源:通达信
