301317 鑫磊股份 日线 后复权
      日期	    开盘	    最高	    最低	    收盘	    成交量	    成交额
2023/01/19,23.00,28.66,23.00,27.45,21883402,558684992.00
2023/01/20,25.31,26.26,24.20,24.33,14544670,365251328.00
2023/01/30,24.33,25.49,24.03,24.10,12467246,306599648.00
2023/01/31,23.71,26.48,23.00,26.41,18257358,451252736.00
2023/02/01,25.53,30.80,25.53,27.91,20272614,556979008.00
2023/02/02,27.00,28.99,26.41,26.83,17658565,483856448.00
2023/02/03,27.67,28.40,27.21,27.79,14377066,400731168.00
2023/02/06,27.30,28.38,26.36,26.49,11505403,311730272.00
2023/02/07,26.02,26.25,25.50,25.60,8459988,217629040.00
2023/02/08,25.60,25.82,25.03,25.05,6235255,157959168.00
2023/02/09,24.89,25.68,24.81,25.65,6263955,158301920.00
2023/02/10,25.73,25.73,25.03,25.17,5704413,144351504.00
2023/02/13,25.02,25.48,24.90,25.30,4385342,110541600.00
2023/02/14,25.29,25.36,24.90,25.04,4046321,101376136.00
2023/02/15,25.10,25.31,24.98,25.26,3504208,88154760.00
2023/02/16,25.23,25.25,23.92,24.02,7292223,178764064.00
2023/02/17,24.10,24.19,23.80,24.09,2742649,65853048.00
2023/02/20,23.95,24.20,23.80,24.20,2200047,52904192.00
2023/02/21,24.42,24.76,24.30,24.56,3425306,84110432.00
2023/02/22,24.08,24.27,24.03,24.15,2327947,56141472.00
2023/02/23,24.18,24.32,24.06,24.29,2172487,52622652.00
2023/02/24,24.23,24.32,23.95,24.04,2034698,49064212.00
2023/02/27,24.00,24.11,23.30,23.38,2461097,58375424.00
2023/02/28,23.40,23.66,23.40,23.65,1289963,30359154.00
2023/03/01,24.15,24.35,23.98,24.04,2610927,63001784.00
2023/03/02,24.16,24.25,23.91,24.10,2342168,56444700.00
2023/03/03,24.02,24.09,23.63,23.75,2075409,49343160.00
2023/03/06,23.75,23.94,23.45,23.93,1867179,44198440.00
2023/03/07,23.68,23.88,23.50,23.54,1428542,33841516.00
2023/03/08,23.43,24.18,23.30,24.17,2850298,68268592.00
2023/03/09,24.19,24.62,24.04,24.62,4380870,106774440.00
2023/03/10,24.39,24.83,24.06,24.75,4464673,109768792.00
2023/03/13,24.64,24.93,24.40,24.62,2352537,57998972.00
2023/03/14,24.51,24.85,24.30,24.80,3366508,82888064.00
2023/03/15,24.58,25.05,24.58,24.95,3251922,80871248.00
2023/03/16,25.08,25.20,24.41,24.55,3279499,81367608.00
2023/03/17,24.45,24.97,24.45,24.86,2914577,72010232.00
2023/03/20,24.85,25.12,24.46,24.65,2342436,57792988.00
2023/03/21,24.66,24.84,24.40,24.79,2083167,51286380.00
2023/03/22,24.79,24.88,24.43,24.50,2047385,50380860.00
2023/03/23,24.48,24.49,23.76,23.87,2429874,58272436.00
2023/03/24,24.00,24.84,23.90,24.49,3273464,79740520.00
2023/03/27,24.58,25.30,24.47,25.26,4697395,117535776.00
2023/03/28,25.37,25.37,24.76,24.81,2147208,53574096.00
2023/03/29,24.77,25.65,24.69,25.63,5246803,132926824.00
2023/03/30,25.55,25.88,25.32,25.86,5104632,130652824.00
2023/03/31,25.63,25.86,25.47,25.78,2829136,72612136.00
2023/04/03,25.79,25.96,25.39,25.60,2459372,63080748.00
2023/04/04,25.63,25.79,25.13,25.55,2574796,65390964.00
2023/04/06,25.50,27.20,25.50,26.59,5911259,156389680.00
2023/04/07,26.55,26.88,25.58,25.73,4837397,125614272.00
2023/04/10,25.73,25.75,24.50,24.76,3270801,81977400.00
2023/04/11,24.54,24.69,23.99,24.24,2085966,50526568.00
2023/04/12,24.24,24.69,24.23,24.57,1730620,42259576.00
2023/04/13,24.40,24.88,24.16,24.33,1134602,27657500.00
2023/04/14,24.58,24.99,24.40,24.68,1572217,38806476.00
2023/04/17,24.88,24.88,24.27,24.60,954793,23293910.00
2023/04/18,24.53,24.58,23.98,24.09,908691,21941916.00
2023/04/19,24.13,24.32,23.80,23.92,1132977,27208950.00
2023/04/20,23.92,24.67,23.40,24.54,1614837,38625336.00
2023/04/21,24.39,25.25,24.30,24.64,2530273,62835316.00
2023/04/24,25.00,25.08,23.51,24.08,1931310,46575040.00
2023/04/25,24.04,24.04,22.40,22.87,1489965,34370104.00
2023/04/26,22.87,23.20,22.00,22.60,1197894,27075304.00
2023/04/27,22.60,22.80,22.01,22.40,913104,20429718.00
2023/04/28,22.30,24.50,22.30,24.08,2717239,64295648.00
2023/05/04,23.77,24.18,23.49,23.94,995900,23751844.00
2023/05/05,23.95,24.00,23.28,23.59,639399,15068472.00
2023/05/08,23.60,23.90,23.20,23.43,815400,19124290.00
2023/05/09,23.45,23.68,22.57,22.99,1254103,28677440.00
2023/05/10,22.87,23.49,22.77,22.98,804479,18582402.00
2023/05/11,22.88,23.35,22.51,23.10,712142,16289175.00
2023/05/12,23.10,23.13,22.63,22.69,512892,11696917.00
2023/05/15,22.69,22.85,22.30,22.78,550211,12440106.00
2023/05/16,22.78,22.78,22.37,22.46,490300,11065534.00
2023/05/17,22.60,23.03,22.44,22.97,736467,16813294.00
2023/05/18,22.90,24.77,22.90,24.36,3099413,74690008.00
2023/05/19,24.30,24.73,23.76,23.92,1491407,35870264.00
2023/05/22,23.99,24.46,23.52,24.22,1544450,37172192.00
2023/05/23,24.36,24.42,23.70,23.82,954984,22660612.00
2023/05/24,23.70,25.60,23.63,24.66,2307289,56292556.00
2023/05/25,24.66,25.36,24.40,25.30,3075300,76165848.00
2023/05/26,25.30,25.30,24.41,24.64,1986819,48314720.00
2023/05/29,24.50,24.82,24.35,24.47,892500,21564920.00
2023/05/30,24.30,24.65,23.95,24.40,1151426,27560130.00
2023/05/31,24.54,24.59,23.70,23.81,1098684,26008460.00
2023/06/01,23.81,23.95,23.35,23.49,887500,20625158.00
2023/06/02,23.60,23.97,23.42,23.89,1043401,24443386.00
2023/06/05,23.72,26.82,23.72,25.50,6623850,167577088.00
2023/06/06,26.19,27.10,25.57,26.34,9294820,242664528.00
2023/06/07,25.86,27.30,25.08,27.29,8610309,224597888.00
2023/06/08,26.80,27.81,26.40,26.42,4933271,131801832.00
2023/06/09,26.49,30.30,26.49,29.40,9283391,264087008.00
2023/06/12,28.97,31.58,28.97,30.18,7453814,222724544.00
2023/06/13,29.80,30.57,29.10,29.57,4182912,122350744.00
2023/06/14,29.28,29.58,28.67,28.95,3104159,88992112.00
2023/06/15,29.20,29.88,28.27,28.39,3300901,94588472.00
2023/06/16,28.40,29.99,28.39,29.70,3830949,111297152.00
2023/06/19,30.30,30.58,28.50,28.62,2957857,84903448.00
2023/06/20,28.61,29.02,27.69,27.84,2498183,69468856.00
2023/06/21,27.88,28.05,27.22,27.52,1539184,41851632.00
2023/06/26,27.65,28.00,26.66,27.14,2255726,60655936.00
2023/06/27,27.15,28.41,27.15,28.20,2500083,69120304.00
2023/06/28,28.35,28.40,27.52,28.12,1126386,30999250.00
2023/06/29,28.10,28.12,27.47,27.56,1078334,29516378.00
2023/06/30,27.56,27.65,26.67,27.28,1621310,43226604.00
2023/07/03,27.10,27.43,26.66,26.90,1738300,46292280.00
2023/07/04,26.88,26.88,26.18,26.72,1909537,50013136.00
2023/07/05,26.72,27.29,26.30,26.53,1472486,38921212.00
2023/07/06,26.55,26.91,26.04,26.58,954042,25074914.00
2023/07/07,26.43,27.08,26.28,26.70,1282099,33958568.00
2023/07/10,26.70,27.43,26.46,27.32,2110132,56700180.00
2023/07/11,27.33,27.33,26.76,26.85,1475000,39237836.00
2023/07/12,26.78,27.08,26.04,26.18,1762667,46048888.00
2023/07/13,26.31,27.20,25.94,27.03,1870360,49283900.00
2023/07/14,26.91,27.18,26.66,27.00,985200,26231588.00
2023/07/17,27.29,27.29,26.50,26.85,927290,24629950.00
2023/07/18,26.75,26.87,26.18,26.32,1091115,28453768.00
2023/07/19,26.22,26.43,25.50,26.18,1846922,47311096.00
2023/07/20,26.20,26.64,25.93,26.05,1282424,33365290.00
2023/07/21,26.13,26.17,25.13,25.20,1281940,32347006.00
2023/07/24,25.18,25.90,25.01,25.76,1290311,32715316.00
2023/07/25,25.95,26.25,25.48,25.53,957731,24284762.00
2023/07/26,25.58,25.71,24.65,24.78,951668,23451644.00
2023/07/27,25.06,25.06,24.40,24.69,507318,12362112.00
2023/07/28,24.45,24.69,24.16,24.48,918996,22118086.00
2023/07/31,24.40,24.65,24.32,24.51,695844,16808728.00
2023/08/01,24.56,24.56,23.80,24.25,1031021,24479834.00
2023/08/02,24.30,24.30,23.78,24.10,543910,12904723.00
2023/08/03,24.00,24.26,23.93,24.06,567904,13485323.00
2023/08/04,24.00,24.96,23.96,24.41,1028049,24741744.00
2023/08/07,24.41,25.27,24.16,24.73,1768309,43149196.00
2023/08/08,24.78,24.78,23.95,24.48,1843677,44253064.00
2023/08/09,24.48,24.48,23.90,24.13,659404,15705373.00
2023/08/10,24.10,24.78,23.93,24.68,1492958,36181860.00
2023/08/11,24.82,24.85,23.47,23.65,2124497,50201644.00
2023/08/14,23.90,24.48,23.67,24.06,1220132,28974272.00
2023/08/15,23.94,24.40,23.72,23.87,911005,21598306.00
2023/08/16,23.87,23.87,23.00,23.24,1362443,31523040.00
2023/08/17,23.24,23.96,23.05,23.86,1044582,24417004.00
2023/08/18,23.85,24.74,23.84,24.28,1865901,45051104.00
2023/08/21,24.30,24.41,23.80,23.84,803735,19100232.00
2023/08/22,23.89,24.24,23.30,23.99,1048253,24557428.00
2023/08/23,24.07,24.10,23.21,23.43,726741,16821312.00
2023/08/24,23.24,23.28,22.58,23.00,1459901,32973206.00
2023/08/25,23.05,23.78,22.26,22.39,1997454,45293288.00
2023/08/28,23.28,23.40,21.70,22.28,1964655,43535852.00
2023/08/29,21.89,23.28,21.73,23.15,1857865,42039068.00
2023/08/30,23.16,24.05,22.96,23.59,1479062,34553996.00
2023/08/31,23.78,24.30,23.43,23.84,1445275,34142460.00
2023/09/01,24.08,24.10,23.78,23.90,686004,16198879.00
2023/09/04,23.93,24.18,23.73,23.81,823462,19380706.00
2023/09/05,23.90,24.60,23.58,24.05,2048142,48681408.00
2023/09/06,23.94,24.14,23.69,23.96,1556501,36775688.00
2023/09/07,24.00,24.00,23.46,23.50,911190,21276532.00
2023/09/08,23.50,23.85,23.50,23.60,837486,19578354.00
2023/09/11,23.60,23.95,23.30,23.80,795518,18579268.00
2023/09/12,23.76,23.90,23.31,23.40,844617,19554318.00
2023/09/13,23.50,23.50,22.51,22.77,973889,21945580.00
2023/09/14,22.79,22.97,22.45,22.64,621527,13878984.00
2023/09/15,22.69,22.84,22.40,22.54,512982,11415167.00
2023/09/18,22.50,23.05,22.30,22.64,802049,17996458.00
2023/09/19,22.62,22.64,22.00,22.28,737829,16181037.00
2023/09/20,22.18,22.42,22.04,22.11,453480,9938513.00
2023/09/21,22.20,22.24,21.80,21.90,422827,9150973.00
2023/09/22,21.90,22.55,21.79,22.53,664591,14603696.00
2023/09/25,22.45,22.58,22.10,22.32,507802,11161803.00
2023/09/26,22.32,22.58,22.15,22.42,606531,13407635.00
2023/09/27,22.42,22.98,22.32,22.62,830904,18637670.00
2023/09/28,22.51,22.89,22.51,22.62,570271,12733175.00
2023/10/09,22.70,22.88,22.56,22.75,819493,18362778.00
2023/10/10,22.67,22.96,22.52,22.60,536880,12030809.00
2023/10/11,22.33,22.78,22.33,22.71,579969,12942015.00
2023/10/12,22.76,22.96,22.30,22.52,1006100,22399574.00
2023/10/13,22.48,22.49,21.89,22.02,784590,17075784.00
2023/10/16,22.15,22.15,21.50,21.61,787472,16806482.00
2023/10/17,21.61,21.69,21.11,21.19,635318,13322921.00
2023/10/18,21.11,21.28,20.31,20.69,1179900,23859500.00
2023/10/19,20.42,20.78,20.29,20.44,756892,15247011.00
2023/10/20,20.43,20.63,20.00,20.08,598896,11924287.00
2023/10/23,20.08,20.08,19.19,19.43,837652,16094066.00
2023/10/24,19.52,20.18,19.43,20.03,849363,16684092.00
2023/10/25,20.09,20.56,20.09,20.21,1005119,20143606.00
2023/10/26,20.17,20.30,19.28,19.91,1178709,22842326.00
2023/10/27,19.91,20.59,19.65,20.37,911096,18111592.00
2023/10/30,20.68,21.49,20.23,21.25,2164458,44744680.00
2023/10/31,21.25,21.43,21.07,21.24,1085451,22673578.00
2023/11/01,21.30,21.39,20.95,21.23,484643,10137617.00
2023/11/02,21.29,22.38,21.20,21.23,1795888,38229576.00
2023/11/03,21.42,21.64,21.19,21.36,786964,16644009.00
2023/11/06,21.37,22.00,21.36,21.71,757996,16173090.00
2023/11/07,21.78,21.88,21.57,21.71,514494,11000751.00
2023/11/08,21.60,21.87,21.54,21.79,697890,14966906.00
2023/11/09,21.73,22.39,21.64,22.05,1552866,33692040.00
2023/11/10,22.09,22.28,21.51,21.96,1352515,29093444.00
2023/11/13,22.08,22.65,21.97,22.11,1451394,31829334.00
2023/11/14,22.42,22.42,21.97,22.12,816278,17803160.00
2023/11/15,22.12,22.35,21.86,22.20,1007088,21945280.00
2023/11/16,22.17,22.20,21.88,21.89,652246,14164285.00
2023/11/17,21.87,22.22,21.74,22.21,962318,20955740.00
2023/11/20,22.11,22.38,21.97,22.23,825892,18017004.00
2023/11/21,22.23,22.30,21.88,21.90,648162,14087600.00
2023/11/22,22.10,22.10,21.57,21.65,769631,16513822.00
2023/11/23,21.74,21.86,21.50,21.80,606633,12971719.00
2023/11/24,21.93,21.93,21.15,21.27,744212,15648057.00
2023/11/27,21.27,21.40,21.03,21.33,879571,18408236.00
2023/11/28,21.41,21.74,21.20,21.70,890911,18959398.00
2023/11/29,21.70,21.83,21.46,21.52,487996,10408207.00
2023/11/30,21.49,21.60,20.87,21.14,727894,15189400.00
2023/12/01,21.11,21.20,20.80,20.85,538986,11122311.00
2023/12/04,21.01,21.09,20.70,20.86,659388,13548414.00
2023/12/05,20.80,20.81,20.43,20.45,490747,9928362.00
2023/12/06,20.46,20.79,20.43,20.45,507238,10298538.00
2023/12/07,20.45,20.58,20.20,20.30,763900,15300381.00
2023/12/08,20.32,20.47,19.98,20.06,590534,11716436.00
2023/12/11,19.98,20.58,19.68,20.45,1380718,27630100.00
2023/12/12,20.37,20.54,20.26,20.34,857682,17217580.00
2023/12/13,20.35,20.50,20.10,20.22,586896,11724457.00
2023/12/14,20.34,20.50,20.14,20.18,508200,10149605.00
2023/12/15,20.30,20.31,20.01,20.10,394194,7815881.50
2023/12/18,20.10,20.15,19.68,19.69,556493,10894936.00
2023/12/19,19.75,19.99,19.55,19.88,479794,9345273.00
2023/12/20,20.09,20.32,19.84,19.90,735767,14592827.00
2023/12/21,19.83,20.08,19.34,19.99,722330,14053641.00
2023/12/22,20.13,20.14,19.60,19.68,637243,12455412.00
2023/12/25,19.70,19.81,19.30,19.34,589992,11297534.00
2023/12/26,19.36,19.49,18.80,18.83,633658,11833071.00
2023/12/27,18.92,19.35,18.86,19.26,536260,10095814.00
2023/12/28,19.27,19.92,19.08,19.84,774874,14997840.00
2023/12/29,19.80,20.09,19.75,19.96,543683,10687154.00
2024/01/02,19.97,20.25,19.74,20.16,950044,18715810.00
2024/01/03,20.02,20.04,19.61,19.82,642855,12530152.00
2024/01/04,19.77,19.88,19.55,19.65,429790,8314106.00
2024/01/05,19.72,19.83,19.23,19.40,460083,8844096.00
2024/01/08,19.38,19.39,19.08,19.09,697478,13169043.00
2024/01/09,19.12,19.55,19.08,19.25,447250,8501008.00
2024/01/10,19.11,19.40,18.84,19.01,434926,8175763.50
2024/01/11,18.86,19.42,18.86,19.37,643647,12139633.00
2024/01/12,19.37,19.56,19.11,19.11,439063,8362660.50
2024/01/15,19.10,19.10,18.76,18.88,523688,9740176.00
2024/01/16,18.93,19.09,18.51,18.92,562188,10347784.00
2024/01/17,18.92,19.10,18.11,18.15,565276,10272061.00
2024/01/18,18.15,18.68,17.26,18.15,1064067,18534550.00
2024/01/19,18.49,18.53,17.88,17.90,643996,11450511.00
2024/01/22,17.80,18.06,16.53,16.89,932674,15813796.00
2024/01/23,16.70,16.87,16.40,16.74,1054376,17151624.00
2024/01/24,16.58,16.80,15.97,16.66,785374,12650356.00
2024/01/25,16.67,17.45,16.50,17.33,983016,16425737.00
2024/01/26,17.42,17.59,17.05,17.08,477840,8123354.00
2024/01/29,17.39,17.45,16.51,16.80,699065,11537716.00
2024/01/30,16.75,16.75,15.92,16.07,747224,11918799.00
2024/01/31,16.17,16.26,15.05,15.16,880194,13357454.00
2024/02/01,15.09,15.20,14.54,14.84,853369,12437757.00
2024/02/02,15.13,15.20,13.51,14.35,999808,14012988.00
2024/02/05,14.30,14.30,11.71,12.00,1984635,24147842.00
2024/02/06,11.72,12.24,10.59,11.75,2101902,23504108.00
2024/02/07,11.80,11.99,10.81,11.00,3483301,37749144.00
2024/02/08,11.12,13.14,11.00,13.14,2530741,30060858.00
2024/02/19,13.52,15.17,13.52,14.42,3124630,43830828.00
2024/02/20,14.40,14.40,13.70,14.17,1348479,18467390.00
2024/02/21,13.98,14.67,13.98,14.38,1519732,21437424.00
2024/02/22,14.36,15.65,14.21,15.58,2380465,34658844.00
2024/02/23,15.52,15.80,15.12,15.60,2566306,38806608.00
2024/02/26,15.77,17.10,15.45,16.10,2757378,43420312.00
2024/02/27,15.78,16.23,15.55,16.23,1806076,28158470.00
2024/02/28,16.23,16.52,14.85,14.90,2992519,46072288.00
2024/02/29,14.69,15.68,14.69,15.63,1506280,22761552.00
2024/03/01,15.64,16.16,15.64,16.15,1249655,19498108.00
2024/03/04,16.15,16.43,15.88,16.35,1203831,19098184.00
2024/03/05,16.30,16.45,15.98,16.30,1281911,20415532.00
2024/03/06,16.20,16.57,16.19,16.44,939527,15105271.00
2024/03/07,16.52,17.16,16.41,17.04,2191204,36114236.00
2024/03/08,17.77,18.10,16.78,17.48,2447983,41522992.00
2024/03/11,17.18,17.88,16.88,17.84,1996204,34101220.00
2024/03/12,17.69,18.17,17.69,18.03,1223778,21513174.00
2024/03/13,18.03,18.66,17.98,18.61,1171699,21231290.00
2024/03/14,18.60,18.90,18.40,18.87,1256193,23077116.00
2024/03/15,18.83,19.09,18.10,18.70,2024536,36833008.00
2024/03/18,18.78,18.88,18.06,18.66,1462053,26546700.00
2024/03/19,18.58,19.08,18.36,19.00,1194724,22043058.00
2024/03/20,19.26,19.63,18.81,19.50,1077119,20426692.00
2024/03/21,19.48,19.74,19.31,19.72,997265,19190616.00
2024/03/22,19.54,19.87,19.40,19.84,834581,16139534.00
2024/03/25,19.89,20.58,19.62,19.91,1335896,26388948.00
2024/03/26,19.91,20.16,19.45,19.96,1069688,20875592.00
2024/03/27,19.96,20.06,18.62,18.71,1234862,23343060.00
2024/03/28,18.56,19.39,18.48,18.69,753353,14056172.00
2024/03/29,18.67,18.94,18.40,18.56,596494,10896005.00
2024/04/01,18.80,19.23,18.57,19.21,764500,14339754.00
2024/04/02,19.15,19.36,18.93,19.28,594541,11234955.00
2024/04/03,19.19,19.30,18.83,19.09,330803,6197944.00
2024/04/08,18.99,19.26,18.11,18.12,654381,11900164.00
2024/04/09,18.80,18.96,17.99,18.34,439743,7892839.00
2024/04/10,18.34,18.41,17.68,17.92,587528,10386581.00
2024/04/11,17.63,18.29,17.19,18.03,447394,7943700.00
2024/04/12,17.63,18.38,17.63,17.90,448666,7964620.50
2024/04/15,17.78,17.95,16.56,16.70,729073,12240956.00
2024/04/16,16.69,16.99,14.97,15.41,1102357,16718871.00
2024/04/17,15.55,17.42,15.55,17.12,1091412,17961738.00
2024/04/18,17.11,17.18,16.68,16.74,632493,10464877.00
2024/04/19,16.76,17.05,16.51,16.78,402236,6616866.50
2024/04/22,16.75,16.75,16.09,16.36,362473,5823717.00
2024/04/23,16.14,16.75,16.13,16.72,330587,5380742.00
2024/04/24,16.71,17.28,16.70,17.24,397682,6665616.00
2024/04/25,17.34,18.48,17.02,17.66,819985,14294947.00
2024/04/26,17.47,17.80,17.09,17.57,696876,11982242.00
2024/04/29,17.44,18.05,17.44,18.02,458158,8072119.50
2024/04/30,17.84,18.97,17.84,18.80,1257408,22998288.00
2024/05/06,18.79,18.99,18.30,18.51,1408594,25644012.00
2024/05/07,18.51,18.74,18.35,18.54,604290,10995752.00
2024/05/08,18.98,19.23,18.36,18.37,682801,12505778.00
2024/05/09,18.22,18.57,18.21,18.44,544829,9881279.00
2024/05/10,18.49,18.50,18.25,18.36,495817,8958984.00
2024/05/13,18.48,18.48,17.88,18.30,477406,8539002.00
2024/05/14,18.40,18.45,18.10,18.17,367772,6598572.50
2024/05/15,18.19,19.30,18.00,19.25,2585203,48339116.00
2024/05/16,19.08,19.10,18.54,18.75,1671238,30902608.00
2024/05/17,18.70,18.70,18.10,18.21,1113514,20033320.00
2024/05/20,18.28,18.72,18.08,18.29,713244,12917621.00
2024/05/21,18.49,18.49,17.90,17.98,581636,10327269.00
2024/05/22,17.99,18.15,17.78,18.14,438251,7773703.50
2024/05/23,18.03,18.20,17.62,17.62,436800,7673102.00
2024/05/24,17.87,17.95,17.46,17.80,505394,8847594.00
2024/05/27,18.08,18.11,17.30,17.83,345722,6052183.50
2024/05/28,17.81,18.39,17.63,18.01,647994,11547946.00
2024/05/29,18.02,18.30,17.76,17.96,781394,13807439.00
2024/05/30,18.00,18.09,17.60,18.00,375794,6629202.50
2024/05/31,18.00,18.26,17.84,18.18,336751,6016217.50
2024/06/03,18.28,18.49,17.53,17.65,563494,9727390.00
2024/06/04,17.60,17.64,16.64,17.31,459554,7630975.00
2024/06/05,17.31,17.38,16.78,16.88,335900,5535554.00
2024/06/06,17.01,17.01,15.90,16.21,502100,7925082.00
2024/06/07,16.57,17.08,16.53,16.71,389350,6315258.50
2024/06/11,16.60,17.08,16.30,17.04,413830,6673551.00
2024/06/12,17.28,17.29,17.00,17.20,230204,3810483.00
2024/06/13,17.28,17.51,17.19,17.28,317254,5312391.00
2024/06/14,16.95,17.42,16.86,17.03,340894,5627916.00
2024/06/17,17.03,17.07,16.20,16.34,636300,10133055.00
2024/06/18,16.23,16.57,16.22,16.50,487400,7715103.00
2024/06/19,16.45,16.72,16.35,16.40,440300,7004974.00
2024/06/20,16.23,16.55,15.95,16.04,425100,6631520.00
2024/06/21,15.83,16.13,15.71,15.98,178896,2740267.25
2024/06/24,14.77,15.81,14.77,15.33,399800,5948511.00
2024/06/25,15.35,16.57,15.20,16.31,1199094,18816550.00
2024/06/26,16.17,16.67,15.75,16.45,730093,11417408.00
2024/06/27,16.45,16.74,16.20,16.20,495800,7870966.00
2024/06/28,16.20,16.36,15.94,16.14,288936,4513076.00
2024/07/01,16.19,16.25,15.76,15.96,286300,4397706.50
2024/07/02,16.07,16.07,15.66,15.89,282710,4297632.50
2024/07/03,15.88,15.88,15.41,15.63,272802,4113512.75
2024/07/04,15.73,15.84,15.33,15.41,288700,4308513.00
2024/07/05,15.33,15.98,15.18,15.85,401376,6066666.50
2024/07/08,15.86,15.86,15.24,15.29,286135,4247441.50
2024/07/09,15.30,15.94,15.10,15.88,556900,8371706.00
2024/07/10,15.85,16.10,15.55,15.68,220867,3374312.50
2024/07/11,15.78,16.15,15.75,15.95,448183,6857013.00
2024/07/12,15.95,16.03,15.75,15.83,522810,7986210.50
2024/07/15,15.87,15.87,15.35,15.36,296596,4405787.50
2024/07/16,15.30,15.56,15.13,15.30,230849,3401115.00
2024/07/17,15.28,15.47,15.21,15.23,195300,2879263.00
2024/07/18,15.11,15.43,14.95,15.36,260254,3792332.75
2024/07/19,15.29,15.52,15.26,15.38,158483,2345014.75
2024/07/22,15.45,16.28,15.29,15.91,817024,12440907.00
2024/07/23,15.96,16.04,15.48,15.50,543835,8254458.00
2024/07/24,15.50,15.89,15.08,15.69,494900,7448119.00
2024/07/25,15.50,15.93,15.48,15.60,395700,5992407.00
2024/07/26,15.55,16.48,15.55,16.31,987784,15233499.00
2024/07/29,16.35,17.19,16.04,17.10,1419404,22791940.00
2024/07/30,16.85,18.03,16.78,17.99,2488007,42097128.00
2024/07/31,18.78,18.78,16.45,17.33,3515529,59989096.00
2024/08/01,17.04,17.31,16.64,16.75,1488761,24392182.00
2024/08/02,16.45,16.85,16.20,16.29,1046661,16673409.00
2024/08/05,16.10,16.41,15.78,15.87,747623,11597015.00
2024/08/06,15.87,16.33,15.87,16.05,439700,6776333.50
2024/08/07,16.08,16.20,15.90,16.01,513767,7947117.50
2024/08/08,15.82,15.97,15.53,15.63,522087,7899263.00
2024/08/09,15.71,15.92,15.56,15.56,301900,4559213.00
2024/08/12,15.56,15.71,15.31,15.61,292422,4368825.50
2024/08/13,15.62,15.81,15.43,15.81,332922,5015211.00
2024/08/14,15.87,15.88,15.60,15.68,252800,3833518.00
2024/08/15,15.68,15.84,15.50,15.75,285100,4305906.00
2024/08/16,15.66,15.84,15.63,15.75,235802,3570649.25
2024/08/19,15.77,15.92,15.43,15.78,311300,4722528.00
2024/08/20,15.74,15.90,15.45,15.54,331900,4973276.00
2024/08/21,15.41,15.73,15.38,15.60,296102,4437180.00
2024/08/22,15.60,15.68,15.26,15.29,314400,4656226.00
2024/08/23,16.33,16.33,15.32,15.57,590939,8871541.00
2024/08/26,15.92,16.20,15.44,16.19,964203,14765719.00
2024/08/27,16.11,16.50,15.98,16.22,548900,8558741.00
2024/08/28,16.33,16.56,16.03,16.13,660603,10305807.00
2024/08/29,16.13,16.44,16.03,16.28,513700,8061619.00
2024/08/30,16.16,16.57,16.16,16.38,869494,13737861.00
2024/09/02,16.34,16.55,16.28,16.55,571703,9069690.00
2024/09/03,16.75,16.78,16.45,16.68,625288,10041418.00
2024/09/04,16.68,16.78,16.36,16.53,468888,7503450.00
2024/09/05,16.63,16.68,16.44,16.55,298536,4758335.00
2024/09/06,16.56,16.75,16.33,16.33,286991,4559996.50
2024/09/09,16.33,16.49,16.10,16.29,296200,4636326.00
2024/09/10,16.25,16.34,15.87,16.32,313600,4880087.00
2024/09/11,16.17,16.40,16.03,16.22,148000,2315497.00
2024/09/12,17.07,17.07,16.22,16.44,566100,8989487.00
2024/09/13,16.49,16.49,15.54,15.54,586900,8945663.00
2024/09/18,15.49,15.96,15.30,15.71,409921,6132845.00
2024/09/19,15.79,15.97,15.53,15.88,305400,4647818.00
2024/09/20,15.96,15.97,15.64,15.86,201400,3067535.00
2024/09/23,15.86,15.96,15.51,15.64,360000,5427043.00
2024/09/24,15.60,16.15,15.60,16.13,384301,5885021.50
2024/09/25,16.29,16.58,16.17,16.38,699535,11072163.00
2024/09/26,16.24,16.70,16.22,16.61,500199,7957886.50
2024/09/27,16.77,17.76,16.72,17.40,1144743,18973196.00
2024/09/30,17.96,20.08,17.60,19.70,2712364,49922736.00
2024/10/08,23.40,23.40,19.58,21.05,2929138,60014340.00
2024/10/09,20.80,20.80,18.66,18.92,2017424,38104060.00
2024/10/10,18.92,19.46,18.70,18.88,1194884,22068310.00
2024/10/11,18.88,19.43,17.81,18.10,1030600,18167550.00
2024/10/14,19.34,19.34,18.12,18.84,1024902,18439790.00
2024/10/15,18.74,19.15,18.51,18.54,966594,17664388.00
2024/10/16,18.16,18.75,18.16,18.52,737500,13184970.00
2024/10/17,18.54,18.85,18.27,18.35,709100,12776485.00
2024/10/18,18.32,19.35,18.24,18.93,855631,15595429.00
2024/10/21,19.30,19.35,18.70,18.97,985978,18162372.00
2024/10/22,18.97,19.28,18.60,18.88,1203800,22143868.00
2024/10/23,18.88,19.13,18.48,18.80,1632003,29814598.00
2024/10/24,18.60,22.44,18.34,22.44,6050003,122903672.00
2024/10/25,22.88,24.78,21.98,23.65,10393456,237581552.00
2024/10/28,24.17,24.17,22.66,23.05,6263572,140883264.00
2024/10/29,22.65,22.99,21.95,22.04,4445756,96881064.00
2024/10/30,21.64,21.85,20.90,21.53,3008220,62252692.00
2024/10/31,21.74,23.58,21.74,22.95,5226831,116492192.00
2024/11/01,22.90,22.90,21.04,21.32,3500832,73991152.00
2024/11/04,21.46,21.96,21.15,21.91,1491517,31387158.00
2024/11/05,21.95,23.10,21.91,23.02,3375132,74535736.00
2024/11/06,23.02,23.17,22.34,22.69,2221232,49187788.00
2024/11/07,22.82,23.24,22.40,22.90,2004110,44710540.00
2024/11/08,22.90,23.12,22.60,22.82,1621284,35879980.00
2024/11/11,22.82,23.83,22.79,23.51,2590346,59348228.00
2024/11/12,23.52,23.98,23.28,23.69,2306744,52951064.00
2024/11/13,23.70,24.45,23.41,24.17,2487400,58062704.00
2024/11/14,24.16,24.35,23.59,23.68,1801500,42090400.00
2024/11/15,23.20,23.54,22.40,22.44,2120863,47447252.00
2024/11/18,22.39,22.62,21.50,21.67,1229400,26079858.00
2024/11/19,21.68,22.84,21.50,22.84,1141500,24816004.00
2024/11/20,22.60,23.09,22.50,22.98,1250585,27794402.00
2024/11/21,22.84,23.26,22.60,22.76,1124694,25144542.00
2024/11/22,22.76,22.76,20.98,21.15,2176333,46004196.00
数据来源:通达信
