301469 恒达新材 日线 后复权
      日期	    开盘	    最高	    最低	    收盘	    成交量	    成交额
2023/08/22,65.00,71.00,62.00,62.48,16488194,1070008320.00
2023/08/23,56.41,57.97,49.68,50.00,13150166,703343040.00
2023/08/24,49.68,53.20,47.58,48.04,10087803,508069024.00
2023/08/25,45.00,49.80,41.60,48.28,11011153,495382368.00
2023/08/28,77.00,88.28,58.88,59.89,18290514,1382047232.00
2023/08/29,57.02,64.50,54.00,62.01,15534236,926702528.00
2023/08/30,61.99,62.98,54.90,55.90,12521580,725718656.00
2023/08/31,54.20,55.31,51.80,52.02,9116892,486549888.00
2023/09/01,52.00,56.68,51.66,52.24,8582447,466272384.00
2023/09/04,50.50,51.66,49.90,50.50,5886017,297645824.00
2023/09/05,50.00,50.97,48.75,49.20,4535747,225439792.00
2023/09/06,49.21,50.23,48.23,49.98,4585470,225982512.00
2023/09/07,49.63,49.99,46.20,46.20,4922569,233900768.00
2023/09/08,46.40,47.17,45.52,46.82,3022743,140574736.00
2023/09/11,46.76,46.76,45.01,46.10,2523310,116142384.00
2023/09/12,45.91,46.98,45.50,45.59,2591048,119362392.00
2023/09/13,45.66,46.28,44.67,45.42,2522959,114715232.00
2023/09/14,45.39,45.48,43.80,44.30,2777078,123431024.00
2023/09/15,44.35,44.79,43.50,43.61,1934946,85158048.00
2023/09/18,43.61,45.35,43.45,45.07,2574641,115062424.00
2023/09/19,44.77,45.32,44.01,45.09,1959979,87399872.00
2023/09/20,44.70,48.77,44.56,46.76,6097119,283055328.00
2023/09/21,45.50,45.75,42.25,42.43,6203956,271555840.00
2023/09/22,41.13,42.65,41.02,42.31,3328556,139632944.00
2023/09/25,41.92,43.44,41.92,42.37,2210047,94143704.00
2023/09/26,42.50,42.79,41.93,42.49,1763044,74808464.00
2023/09/27,42.68,42.98,41.55,41.60,2136734,90064144.00
2023/09/28,42.08,43.19,41.71,41.84,2371108,100613896.00
2023/10/09,41.84,42.78,41.31,41.45,1668968,69736000.00
2023/10/10,41.51,41.80,40.52,40.79,1701170,69723648.00
2023/10/11,40.75,41.61,40.43,41.30,1707015,70170000.00
2023/10/12,41.61,42.16,40.80,41.01,1470317,60539100.00
2023/10/13,40.79,40.98,39.93,40.41,1617008,65147888.00
2023/10/16,40.48,40.90,39.86,40.11,1173884,47410200.00
2023/10/17,40.23,40.45,39.55,39.75,1076257,42903552.00
2023/10/18,39.75,39.75,38.30,38.32,1181622,45867656.00
2023/10/19,38.23,39.23,38.12,38.65,1227941,47691856.00
2023/10/20,38.63,39.66,38.00,38.16,1124787,43602108.00
2023/10/23,38.50,38.50,35.93,36.30,1640667,60046592.00
2023/10/24,36.67,37.30,36.15,37.15,1300211,48015216.00
2023/10/25,37.52,38.10,37.11,37.88,1366904,51472264.00
2023/10/26,37.51,38.13,37.04,37.84,1099803,41290888.00
2023/10/27,37.54,39.77,37.54,38.97,1837584,71585128.00
2023/10/30,38.64,39.54,38.50,38.85,1304273,51022984.00
2023/10/31,38.90,39.20,38.13,38.63,983562,37985012.00
2023/11/01,38.75,39.48,38.51,39.35,1058600,41347416.00
2023/11/02,38.93,39.39,38.08,38.08,1096247,42235988.00
2023/11/03,38.08,39.20,38.08,39.05,1141100,44449752.00
2023/11/06,39.85,39.97,39.14,39.88,1089524,43180504.00
2023/11/07,39.55,40.50,39.55,39.95,1089027,43527484.00
2023/11/08,39.95,41.35,39.81,40.20,1340287,54032300.00
2023/11/09,40.00,41.10,39.59,39.59,1293200,52080144.00
2023/11/10,39.40,40.17,39.31,39.93,826232,32871518.00
2023/11/13,40.11,40.73,40.04,40.58,911668,36853916.00
2023/11/14,41.00,41.00,39.77,40.02,1111636,44559692.00
2023/11/15,40.21,40.40,39.66,39.96,776568,31015692.00
2023/11/16,40.08,40.30,39.25,39.26,993523,39435460.00
2023/11/17,39.46,40.10,39.25,39.68,786947,31238542.00
2023/11/20,40.09,40.41,39.49,40.38,1019358,40844536.00
2023/11/21,40.79,42.98,40.21,41.19,4010074,166184896.00
2023/11/22,40.35,41.48,39.51,39.55,3076272,124164904.00
2023/11/23,39.28,39.83,38.62,39.42,1542126,60443660.00
2023/11/24,39.26,39.35,37.75,37.90,1530727,58487708.00
2023/11/27,38.01,38.50,37.64,37.85,1081566,41131452.00
2023/11/28,37.85,38.45,37.30,38.17,916749,34955464.00
2023/11/29,38.20,38.34,37.52,37.56,759460,28725086.00
2023/11/30,37.58,37.97,36.70,37.12,756103,28032226.00
2023/12/01,37.12,37.19,36.60,36.90,630679,23250740.00
2023/12/04,36.91,37.10,36.42,36.55,631951,23161866.00
2023/12/05,36.44,36.52,35.48,35.60,884500,31767984.00
2023/12/06,35.55,36.12,35.40,35.79,630668,22629058.00
2023/12/07,35.92,35.92,35.12,35.22,765155,27027438.00
2023/12/08,35.36,35.42,34.43,34.47,1069068,37173808.00
2023/12/11,34.10,34.88,33.97,34.84,909501,31499186.00
2023/12/12,34.83,35.39,34.61,34.83,780910,27231000.00
2023/12/13,34.83,34.98,34.30,34.57,584187,20219992.00
2023/12/14,34.55,34.83,34.06,34.10,604059,20737788.00
2023/12/15,34.02,34.40,33.85,34.22,548519,18745512.00
2023/12/18,34.22,34.24,33.50,33.61,591262,19987988.00
2023/12/19,33.65,33.87,33.20,33.71,598000,20066868.00
2023/12/20,33.70,34.39,33.65,33.66,750343,25540146.00
2023/12/21,33.61,33.90,32.93,33.74,786285,26299966.00
2023/12/22,33.69,33.87,33.21,33.36,776004,26026402.00
2023/12/25,33.31,33.45,32.91,32.93,474700,15711627.00
2023/12/26,32.93,33.00,32.50,32.51,515468,16804948.00
2023/12/27,32.44,32.75,32.22,32.72,537784,17506504.00
2023/12/28,32.59,33.60,32.35,33.40,830338,27531252.00
2023/12/29,33.36,33.93,33.36,33.79,843852,28485788.00
2024/01/02,34.34,34.34,33.60,33.88,522768,17764524.00
2024/01/03,33.92,33.92,33.10,33.43,485600,16235093.00
2024/01/04,33.39,33.77,33.11,33.68,463768,15519707.00
2024/01/05,33.51,38.83,33.26,35.24,3451627,122907440.00
2024/01/08,35.19,35.70,33.33,33.41,2803189,95569984.00
2024/01/09,33.41,34.11,32.81,33.14,1763217,59051524.00
2024/01/10,32.60,33.25,32.60,32.85,1080070,35487100.00
2024/01/11,32.62,33.78,32.60,33.55,1084305,36038576.00
2024/01/12,33.54,34.30,33.21,33.21,1116200,37708804.00
2024/01/15,33.51,33.51,32.42,32.70,827240,27117720.00
2024/01/16,32.70,32.85,31.67,32.09,1042230,33487392.00
2024/01/17,32.04,32.04,31.00,31.17,684640,21658324.00
2024/01/18,31.33,31.33,29.99,30.87,970706,29659208.00
2024/01/19,30.79,31.16,30.46,30.46,463809,14271137.00
2024/01/22,30.60,30.60,28.10,28.48,866453,25441708.00
2024/01/23,28.46,28.56,27.87,28.32,839349,23730370.00
2024/01/24,28.23,28.86,27.50,28.53,875275,24781686.00
2024/01/25,28.79,29.33,28.28,29.26,864200,24988346.00
2024/01/26,29.21,29.91,29.03,29.25,660700,19435210.00
2024/01/29,30.80,30.82,28.55,28.94,1278499,37526328.00
2024/01/30,29.04,29.04,27.19,27.40,1253266,35050672.00
2024/01/31,27.01,27.58,25.78,25.78,1118965,29753264.00
2024/02/01,25.75,25.75,24.00,24.00,974545,24572360.00
2024/02/02,24.69,28.80,24.69,28.80,5929598,166660864.00
2024/02/05,30.02,32.19,25.50,26.10,8990247,260373872.00
2024/02/06,23.80,25.89,21.31,25.00,7872008,185211152.00
2024/02/07,24.36,24.36,21.49,22.24,5947963,135994144.00
2024/02/08,21.64,23.51,20.60,23.45,5279681,117030568.00
2024/02/19,23.36,24.28,23.00,24.18,4577922,108595912.00
2024/02/20,23.90,24.87,23.57,24.85,3501762,85116616.00
2024/02/21,24.49,26.94,24.25,25.51,4337451,111505096.00
2024/02/22,25.20,26.72,25.20,26.49,4196303,108723264.00
2024/02/23,26.80,27.55,26.55,27.55,4630575,125308944.00
2024/02/26,27.15,27.86,26.88,27.26,3823687,104254784.00
2024/02/27,27.01,27.98,26.89,27.89,3784722,104166864.00
2024/02/28,27.87,28.40,25.52,25.71,4856788,132130456.00
2024/02/29,25.10,26.43,24.90,26.33,2931980,76356624.00
2024/03/01,26.48,26.80,26.12,26.61,2352178,62259744.00
2024/03/04,26.59,26.60,25.81,26.15,1889052,49354516.00
2024/03/05,25.54,26.13,25.22,25.36,2194702,56158048.00
2024/03/06,25.10,29.20,25.10,28.32,7033061,194726944.00
2024/03/07,28.01,28.30,26.83,27.25,4771619,130955256.00
2024/03/08,27.33,27.36,26.23,26.81,2886164,76841552.00
2024/03/11,26.68,27.25,26.50,27.21,2316197,62382328.00
2024/03/12,27.39,27.40,26.78,27.26,2558746,69335040.00
2024/03/13,27.62,28.19,27.32,27.82,3782619,104924928.00
2024/03/14,27.92,27.96,26.80,27.24,2707353,73977440.00
2024/03/15,27.03,27.46,26.88,27.42,1938960,52817444.00
2024/03/18,27.43,28.31,27.43,28.25,3144334,88129904.00
2024/03/19,28.10,29.17,28.07,28.56,3415864,97804640.00
2024/03/20,28.70,30.93,28.41,30.11,5875818,174468368.00
2024/03/21,29.68,29.96,28.89,29.05,3891625,114070688.00
2024/03/22,28.88,28.90,27.93,27.96,2765115,78458872.00
2024/03/25,27.93,28.47,27.30,27.93,2168977,60612564.00
2024/03/26,27.91,28.00,26.97,27.45,1970691,54004068.00
2024/03/27,27.45,28.24,26.86,26.86,2068947,57090224.00
2024/03/28,26.97,27.65,26.29,27.26,2203792,59597144.00
2024/03/29,27.17,27.45,26.71,27.30,1511444,40927388.00
2024/04/01,27.30,28.48,27.30,28.37,2447723,68585496.00
2024/04/02,28.30,29.00,28.11,28.55,2833666,80954816.00
2024/04/03,28.60,28.78,27.68,27.69,2000301,55959652.00
2024/04/08,27.75,27.79,26.28,26.29,1884442,50448664.00
2024/04/09,26.39,29.22,26.39,28.44,4125245,116206088.00
2024/04/10,28.41,28.75,27.34,27.68,2617668,73435792.00
2024/04/11,27.40,29.62,27.40,29.60,4906305,142830672.00
2024/04/12,29.70,29.99,28.81,29.59,4056238,119084048.00
2024/04/15,29.25,29.57,26.55,27.51,3656679,102407080.00
2024/04/16,27.56,27.95,23.59,23.59,3428088,85802496.00
2024/04/17,24.15,25.50,24.15,25.33,2670593,66847444.00
2024/04/18,25.20,25.38,24.26,24.66,2117247,52307168.00
2024/04/19,24.41,24.64,23.73,24.01,1729101,41726188.00
2024/04/22,23.88,24.37,23.01,24.15,1526798,36500832.00
2024/04/23,24.00,24.39,24.00,24.26,1203836,29147642.00
2024/04/24,24.18,24.50,23.80,24.49,1429994,34658428.00
2024/04/25,24.50,24.95,24.30,24.71,1379223,34068096.00
2024/04/26,24.64,25.51,24.33,25.51,2230192,55785488.00
2024/04/29,25.70,26.00,25.41,25.88,2352137,60627160.00
2024/04/30,26.00,26.59,25.30,25.55,1931144,49828028.00
2024/05/06,25.93,26.49,25.75,26.35,2048443,53443940.00
2024/05/07,26.35,26.59,26.10,26.59,1437018,37900884.00
2024/05/08,26.48,26.55,26.09,26.16,1392417,36537232.00
2024/05/09,26.33,26.80,26.28,26.47,1271631,33745976.00
2024/05/10,26.58,26.58,25.90,26.01,1162936,30349994.00
2024/05/13,25.86,25.86,25.12,25.12,1293314,32800586.00
2024/05/14,25.99,26.14,25.38,25.73,1498932,38656840.00
2024/05/15,25.48,27.49,25.23,26.25,3172291,83750960.00
2024/05/16,25.98,26.20,25.62,25.82,2073392,53748944.00
2024/05/17,25.83,26.65,25.70,26.47,1664003,43755476.00
2024/05/20,26.50,26.55,26.30,26.38,1217071,32121510.00
2024/05/21,26.29,26.60,25.94,26.19,1046141,27491892.00
2024/05/22,26.00,26.68,25.96,26.45,1249666,32933350.00
2024/05/23,26.46,27.28,26.05,27.25,3115818,83818584.00
2024/05/24,27.10,27.10,26.06,26.21,2300756,60922384.00
2024/05/27,26.22,27.00,25.61,26.99,1943545,51238396.00
2024/05/28,26.80,27.68,26.50,26.63,2456912,66459360.00
2024/05/29,26.35,27.46,26.32,27.35,2469752,67010528.00
2024/05/30,27.20,27.30,26.80,26.99,1606388,43340124.00
2024/05/31,26.99,27.72,26.99,27.11,2409350,66033392.00
2024/06/03,27.06,27.12,25.72,26.09,1823437,48140020.00
2024/06/04,26.05,26.05,25.12,25.56,1148665,29279122.00
2024/06/05,25.66,25.66,24.36,24.44,1328838,33063008.00
2024/06/06,24.48,24.76,22.80,23.27,1421359,33722664.00
2024/06/07,23.59,23.90,23.13,23.64,917490,21565930.00
2024/06/11,23.64,23.85,23.08,23.77,726683,17118690.00
2024/06/12,23.77,24.27,23.69,24.26,1029196,24747196.00
2024/06/13,25.00,25.44,24.55,24.71,1701342,42318720.00
2024/06/14,24.26,24.68,24.10,24.68,951561,23239534.00
2024/06/17,24.56,24.56,24.07,24.07,807546,19611396.00
2024/06/18,24.25,24.66,24.11,24.53,770722,18841240.00
2024/06/19,24.88,26.18,24.45,25.78,2394643,60848192.00
2024/06/20,25.45,25.96,24.64,24.66,1468454,36966820.00
2024/06/21,24.67,24.98,23.80,24.47,717366,17548500.00
2024/06/24,24.30,24.46,23.16,23.44,983795,23259362.00
2024/06/25,23.54,23.91,23.22,23.64,843170,19426002.00
2024/06/26,23.79,25.52,23.58,24.83,1671351,40277120.00
2024/06/27,24.76,27.16,24.61,25.24,2549906,63819468.00
2024/06/28,24.75,25.56,24.66,24.97,1752711,43060504.00
2024/07/01,25.16,25.59,24.88,25.59,1353511,33426582.00
2024/07/02,25.55,25.62,24.79,24.95,1096365,27004272.00
2024/07/03,24.79,24.96,24.22,24.35,869212,20796486.00
2024/07/04,24.52,24.64,23.52,23.69,764794,17840738.00
2024/07/05,23.76,24.15,23.31,24.07,647245,15029248.00
2024/07/08,24.14,24.16,23.00,23.89,975075,22392750.00
2024/07/09,23.56,24.38,23.41,24.33,836029,19525648.00
2024/07/10,24.31,26.71,24.18,25.09,2392208,59491804.00
2024/07/11,24.83,25.51,24.83,25.30,1929202,47563520.00
2024/07/12,25.05,25.33,24.59,24.81,1232137,29990132.00
2024/07/15,24.66,24.84,24.07,24.18,753833,17917912.00
2024/07/16,24.16,24.58,24.04,24.58,619190,14731320.00
2024/07/17,24.42,24.66,24.06,24.21,579900,13740361.00
2024/07/18,23.12,24.20,23.12,24.13,740575,17204316.00
2024/07/19,24.06,24.51,23.77,24.21,569501,13524004.00
2024/07/22,24.35,24.50,24.14,24.44,519690,12365218.00
2024/07/23,24.31,24.76,23.64,23.64,683200,16181381.00
2024/07/24,23.56,23.82,23.28,23.50,684000,15715359.00
2024/07/25,23.52,24.12,23.34,24.01,517200,12040939.00
2024/07/26,24.90,25.04,24.21,24.46,841500,20134486.00
2024/07/29,24.71,24.75,24.16,24.17,594268,14131309.00
2024/07/30,24.20,24.50,24.16,24.25,556518,13197371.00
2024/07/31,24.22,24.81,24.22,24.70,1059693,25451400.00
2024/08/01,24.67,24.81,24.46,24.50,817500,19664984.00
2024/08/02,24.31,26.11,24.24,25.04,2137732,52495608.00
2024/08/05,26.44,27.71,25.43,25.54,4330044,112562032.00
2024/08/06,25.11,27.56,25.11,26.81,4941872,128418600.00
2024/08/07,26.18,26.21,25.58,25.79,2967393,74956624.00
2024/08/08,25.52,25.66,24.76,25.02,2011242,49327560.00
2024/08/09,25.15,25.24,24.11,24.28,1462100,35435796.00
2024/08/12,24.28,24.34,23.41,23.60,1536527,35601316.00
2024/08/13,23.65,23.84,23.36,23.84,835459,19259972.00
2024/08/14,23.90,23.94,23.55,23.69,721300,16677021.00
2024/08/15,23.81,23.81,23.38,23.51,990900,22798388.00
2024/08/16,23.46,23.63,22.96,22.96,1345900,30493904.00
2024/08/19,22.81,22.81,21.88,21.96,1479816,32095408.00
2024/08/20,22.21,22.21,21.64,21.72,654706,13938253.00
2024/08/21,21.78,21.91,21.19,21.23,944696,19777450.00
2024/08/22,21.19,21.55,20.97,21.36,1046528,21672974.00
2024/08/23,21.36,21.40,20.66,20.72,1014566,20622708.00
2024/08/26,20.72,21.03,20.70,21.00,454000,9243085.00
2024/08/27,21.14,21.14,20.86,20.98,620859,12709413.00
2024/08/28,20.96,21.48,20.78,21.32,745170,15410586.00
2024/08/29,21.35,21.76,21.07,21.69,737626,15430741.00
2024/08/30,21.61,22.25,21.37,21.96,1133800,24237486.00
2024/09/02,21.82,22.06,21.38,21.44,746269,15808507.00
2024/09/03,21.50,21.76,21.36,21.52,549371,11532025.00
2024/09/04,21.35,21.53,21.17,21.43,514718,10716398.00
2024/09/05,21.83,21.83,21.49,21.59,508014,10709294.00
2024/09/06,21.71,21.75,21.02,21.08,650643,13461627.00
2024/09/09,21.07,21.33,20.77,21.14,425882,8743707.00
2024/09/10,21.15,21.32,20.96,21.31,364900,7515960.00
2024/09/11,21.20,21.42,21.14,21.22,334875,6940459.50
2024/09/12,21.40,21.46,20.99,20.99,419753,8675518.00
2024/09/13,21.00,21.02,20.26,20.28,804896,16110226.00
2024/09/18,20.27,20.30,19.74,19.98,471843,9168330.00
2024/09/19,20.03,20.62,20.03,20.45,636721,12651796.00
2024/09/20,20.46,20.46,20.04,20.14,439727,8630081.00
2024/09/23,20.14,20.76,20.06,20.35,599845,11893658.00
2024/09/24,20.46,20.95,20.31,20.94,1117455,22485462.00
2024/09/25,21.22,21.64,21.21,21.41,1395275,29147398.00
2024/09/26,21.27,21.93,21.26,21.93,1128164,23757096.00
2024/09/27,22.14,23.44,22.05,22.93,1990610,44007252.00
2024/09/30,23.57,26.15,23.24,25.84,4142901,100201904.00
2024/10/08,29.76,30.56,26.22,27.96,5677066,156212128.00
2024/10/09,26.84,27.10,25.06,25.08,3719046,94849384.00
2024/10/10,25.22,25.89,24.90,25.08,2086636,51841216.00
2024/10/11,25.08,25.46,23.86,24.19,1813049,43496260.00
2024/10/14,24.41,24.67,23.82,24.60,1410712,33587920.00
2024/10/15,24.57,24.89,24.06,24.07,1250355,29877550.00
2024/10/16,23.82,24.31,23.77,23.96,911652,21423712.00
2024/10/17,24.14,24.32,23.72,23.74,990455,23309686.00
2024/10/18,23.74,24.76,23.67,24.36,1580028,37376912.00
2024/10/21,24.56,24.99,24.32,24.79,1682097,40671580.00
2024/10/22,24.79,25.21,24.65,25.04,1466986,35776360.00
2024/10/23,25.04,25.29,24.81,24.91,1336800,32767628.00
2024/10/24,24.98,24.98,24.47,24.62,1020600,24600252.00
2024/10/25,24.70,25.04,24.51,24.94,1405760,34127344.00
2024/10/28,24.96,25.40,24.86,25.34,1550160,38163560.00
2024/10/29,25.51,25.56,24.40,24.50,1810571,43918060.00
2024/10/30,24.46,24.62,23.80,23.95,1296729,30617138.00
2024/10/31,24.14,24.43,23.95,24.13,1068709,25231056.00
2024/11/01,24.23,24.23,23.27,23.32,1409157,32450388.00
2024/11/04,23.32,23.93,23.16,23.89,924065,21362290.00
2024/11/05,23.83,24.51,23.83,24.49,1302424,30846830.00
2024/11/06,24.63,25.14,24.50,24.72,1521544,36872896.00
2024/11/07,24.57,25.26,24.48,25.24,1461912,35708404.00
2024/11/08,25.34,26.00,25.08,25.55,2202639,54838524.00
2024/11/11,25.35,25.91,25.34,25.91,1539565,38643484.00
2024/11/12,25.95,26.31,25.54,25.72,1909977,48480756.00
2024/11/13,25.61,26.29,25.19,26.10,2096807,52749956.00
2024/11/14,26.65,27.02,25.51,25.54,3352105,86443352.00
2024/11/15,25.56,25.82,24.80,24.81,2014893,49988536.00
2024/11/18,24.67,25.13,23.96,24.20,1421675,34007368.00
2024/11/19,24.44,24.90,24.14,24.90,1161500,27760188.00
2024/11/20,24.77,28.06,24.77,26.36,3823760,98538552.00
2024/11/21,26.33,26.71,25.95,26.19,3009066,77639208.00
2024/11/22,26.19,26.42,24.98,24.98,2013036,50703036.00
数据来源:通达信
