301448 开创电气 日线 后复权
      日期	    开盘	    最高	    最低	    收盘	    成交量	    成交额
2023/06/19,35.10,45.63,34.85,39.87,15115568,577525824.00
2023/06/20,37.10,42.03,37.00,38.26,12965246,508670752.00
2023/06/21,36.85,37.97,32.88,33.02,10695432,374472896.00
2023/06/26,31.58,32.51,30.50,30.51,6810979,213030928.00
2023/06/27,29.94,30.62,29.12,29.34,5373880,159463456.00
2023/06/28,29.30,29.48,27.75,28.84,5034718,143619936.00
2023/06/29,28.70,29.49,28.41,29.03,3255675,94875160.00
2023/06/30,28.90,30.20,28.89,29.86,3436317,102270368.00
2023/07/03,29.77,30.11,29.03,29.18,2992097,88062376.00
2023/07/04,29.49,31.72,29.47,30.58,5460212,167271152.00
2023/07/05,29.98,30.78,29.80,29.91,3327331,100167600.00
2023/07/06,29.92,30.50,28.96,30.50,3029210,90510888.00
2023/07/07,30.29,30.29,29.30,29.32,2722806,80737120.00
2023/07/10,29.32,29.54,29.07,29.47,1380617,40510028.00
2023/07/11,29.54,29.75,29.24,29.33,1532400,45106904.00
2023/07/12,29.38,29.70,29.00,29.15,1983500,58074984.00
2023/07/13,29.44,31.21,29.07,30.43,4648195,140587120.00
2023/07/14,30.05,31.56,29.56,31.13,5522733,168939776.00
2023/07/17,30.85,31.85,30.41,30.94,2861710,88527224.00
2023/07/18,30.80,30.87,29.86,30.00,2399823,72611616.00
2023/07/19,30.10,30.88,29.91,30.88,2511554,76665552.00
2023/07/20,31.50,36.90,31.00,33.60,9321814,312111360.00
2023/07/21,33.43,34.21,31.20,31.37,6964465,224908384.00
2023/07/24,30.21,30.50,29.00,30.08,4466989,132710088.00
2023/07/25,29.90,30.48,29.80,30.46,3025884,91338728.00
2023/07/26,30.44,30.44,29.57,29.78,2388713,71349208.00
2023/07/27,29.80,30.13,29.28,29.33,2087500,61853072.00
2023/07/28,29.12,29.65,28.88,29.42,1506415,44174860.00
2023/07/31,29.40,30.12,29.32,29.82,1864585,55303416.00
2023/08/01,29.79,29.79,29.06,29.27,1622600,47518432.00
2023/08/02,29.48,30.30,29.41,29.94,2536754,75885752.00
2023/08/03,29.61,29.94,29.22,29.46,1774243,52161128.00
2023/08/04,29.51,29.60,29.16,29.20,1572000,46031484.00
2023/08/07,29.25,29.25,28.52,28.95,1590700,45801756.00
2023/08/08,28.97,30.09,28.95,30.02,3247205,96417456.00
2023/08/09,29.69,30.50,29.62,30.46,3003738,90214752.00
2023/08/10,36.55,36.55,36.55,36.55,5429498,198448144.00
2023/08/11,37.55,41.25,36.88,39.31,15339604,593558464.00
2023/08/14,35.76,37.14,34.39,35.14,10564169,375462656.00
2023/08/15,33.99,34.89,32.59,32.70,9460633,317150816.00
2023/08/16,33.15,34.50,33.15,33.47,7994280,269093536.00
2023/08/17,34.50,36.86,33.79,34.42,9093743,319434752.00
2023/08/18,33.02,41.30,33.02,41.30,11611201,429180160.00
2023/08/21,39.00,39.10,36.35,36.44,11942169,447264608.00
2023/08/22,36.08,37.85,35.70,37.79,9578290,353157440.00
2023/08/23,36.68,36.78,34.35,34.77,7039201,248579776.00
2023/08/24,33.90,34.56,32.29,33.71,5669792,189433136.00
2023/08/25,33.11,33.30,29.60,30.13,6194096,192071984.00
2023/08/28,32.30,32.30,29.10,29.47,5051357,153710512.00
2023/08/29,29.34,31.77,29.18,31.57,5296138,163831152.00
2023/08/30,31.18,32.59,31.02,31.85,3870946,123058648.00
2023/08/31,31.73,32.50,31.52,32.34,3176245,101703096.00
2023/09/01,32.49,32.49,31.69,32.15,2439057,78046576.00
2023/09/04,32.82,32.90,31.41,32.33,3205213,102771472.00
2023/09/05,31.88,32.19,31.50,31.75,2352386,74689104.00
2023/09/06,31.55,31.98,31.29,31.93,1752249,55539064.00
2023/09/07,31.64,31.88,30.80,30.83,2100161,65481568.00
2023/09/08,30.93,31.88,30.80,31.88,2162411,68162304.00
2023/09/11,32.20,32.26,31.01,31.45,1982992,62165968.00
2023/09/12,31.40,31.47,31.00,31.13,1251146,38963668.00
2023/09/13,31.00,31.15,30.35,30.78,1307200,40016792.00
2023/09/14,30.70,30.74,30.00,30.35,1119157,33878300.00
2023/09/15,30.39,30.95,29.96,30.66,998297,30546604.00
2023/09/18,30.41,31.66,30.16,31.51,1960632,61327524.00
2023/09/19,31.52,31.61,30.58,30.63,1081800,33465912.00
2023/09/20,30.81,31.20,30.54,30.65,827500,25461740.00
2023/09/21,30.66,30.89,30.01,30.07,998500,30272200.00
2023/09/22,29.98,31.39,29.70,31.25,1659100,51211576.00
2023/09/25,31.55,31.83,30.94,31.25,1292600,40488160.00
2023/09/26,31.01,31.31,30.76,31.20,1049601,32624196.00
2023/09/27,30.91,31.96,30.58,31.21,1882043,58989828.00
2023/09/28,31.35,31.91,30.97,31.80,1945857,61016272.00
2023/10/09,31.62,31.66,31.05,31.41,1263657,39349032.00
2023/10/10,31.28,31.50,30.66,30.73,1293900,39800928.00
2023/10/11,30.82,31.16,30.06,30.90,1090219,33295530.00
2023/10/12,30.86,31.11,30.22,30.41,1226900,37132012.00
2023/10/13,30.27,30.41,29.68,29.91,1034857,30757034.00
2023/10/16,29.81,30.30,29.47,29.63,962900,28554172.00
2023/10/17,29.66,29.75,29.27,29.59,678057,19893822.00
2023/10/18,29.56,29.57,28.62,28.68,845800,24265672.00
2023/10/19,28.56,29.36,28.26,28.89,908200,26161286.00
2023/10/20,28.76,29.61,28.48,28.61,853200,24567392.00
2023/10/23,28.44,28.62,27.66,27.87,845957,23551508.00
2023/10/24,27.99,29.13,27.86,29.11,1074551,30748608.00
2023/10/25,28.96,29.40,28.61,29.31,1068437,30828214.00
2023/10/26,29.00,30.60,28.66,30.58,2263937,67123944.00
2023/10/27,31.60,34.36,29.66,31.90,5924725,188755808.00
2023/10/30,30.92,31.35,30.22,30.84,3884652,118401648.00
2023/10/31,30.56,31.94,29.56,31.83,4395734,134341616.00
2023/11/01,31.06,31.94,30.65,31.46,3748561,116587392.00
2023/11/02,30.94,31.65,30.82,31.28,2523800,78434112.00
2023/11/03,31.36,31.54,30.88,30.99,1649200,51185052.00
2023/11/06,30.98,31.86,30.96,31.56,2673522,83822984.00
2023/11/07,31.57,31.81,31.29,31.64,1971000,61902236.00
2023/11/08,31.64,32.76,31.30,32.19,3498915,111562160.00
2023/11/09,32.29,32.46,30.94,31.00,3450923,107883272.00
2023/11/10,30.76,32.46,30.76,31.52,2655375,83378488.00
2023/11/13,32.45,37.79,32.45,37.79,12999603,478929664.00
2023/11/14,40.16,45.32,38.66,45.32,13285883,543256896.00
2023/11/15,43.66,54.35,42.10,54.35,14001627,672699904.00
2023/11/16,51.16,51.75,43.71,46.27,16291226,753836224.00
2023/11/17,43.18,44.31,42.18,42.19,10495054,449870464.00
2023/11/20,42.10,43.35,41.16,43.13,9020162,380660960.00
2023/11/21,42.78,43.39,41.32,41.59,7398149,312069824.00
2023/11/22,41.67,43.16,40.35,42.66,7672125,322882112.00
2023/11/23,41.46,42.06,39.34,39.56,6951638,275962048.00
2023/11/24,39.56,40.13,39.00,39.76,4155985,163646144.00
2023/11/27,39.46,40.04,38.56,39.62,3465734,135309552.00
2023/11/28,39.32,39.96,39.00,39.94,3055271,120873440.00
2023/11/29,39.82,40.01,38.75,38.96,3395885,133029384.00
2023/11/30,38.42,38.94,38.13,38.56,2938981,112498952.00
2023/12/01,38.80,39.10,37.76,38.93,2558761,98573408.00
2023/12/04,38.93,39.44,38.68,39.17,2581595,100527304.00
2023/12/05,38.88,39.71,37.82,37.95,3274138,125984784.00
2023/12/06,37.32,38.65,37.31,37.96,2350698,89202696.00
2023/12/07,37.87,38.36,36.97,37.11,2559819,95612232.00
2023/12/08,37.41,37.47,36.27,36.34,2645016,96530496.00
2023/12/11,36.16,37.03,36.16,36.83,1942648,70942856.00
2023/12/12,36.89,37.65,36.81,37.20,2233719,82728080.00
2023/12/13,37.21,37.41,36.72,36.91,1788600,65889100.00
2023/12/14,36.91,37.16,36.36,36.46,1606700,58656168.00
2023/12/15,36.51,36.92,35.99,36.36,1590185,57476428.00
2023/12/18,36.36,36.65,35.65,35.75,1378500,49400168.00
2023/12/19,36.01,36.28,35.46,35.90,977861,34787312.00
2023/12/20,36.11,37.00,35.92,35.95,2429900,88194528.00
2023/12/21,35.96,36.96,35.17,36.69,2323058,83664976.00
2023/12/22,36.67,37.34,35.85,36.01,2559952,93144056.00
2023/12/25,36.00,36.55,35.16,35.43,1850000,65407996.00
2023/12/26,35.66,35.66,34.68,34.89,1231437,42959072.00
2023/12/27,34.89,35.92,34.89,35.90,1641200,58017852.00
2023/12/28,35.62,36.48,35.23,36.30,1569391,56365636.00
2023/12/29,36.10,37.35,36.10,37.08,2626250,96795568.00
2024/01/02,37.27,37.28,36.39,36.51,1430500,52368048.00
2024/01/03,36.28,36.75,35.80,36.12,1163400,41877376.00
2024/01/04,36.26,37.36,35.63,37.36,2865887,105267136.00
2024/01/05,37.64,39.65,36.97,38.85,7994098,307501056.00
2024/01/08,37.80,37.93,35.67,36.76,4203892,153380640.00
2024/01/09,36.26,37.41,33.66,34.05,4489200,158681168.00
2024/01/10,34.03,35.25,32.66,34.75,3053094,104651616.00
2024/01/11,34.62,35.66,34.06,35.63,2816996,97817392.00
2024/01/12,35.63,35.64,33.75,33.79,2455957,84161400.00
2024/01/15,33.66,34.00,33.05,33.43,1556340,51637492.00
2024/01/16,33.43,33.50,32.50,33.11,1424524,46683332.00
2024/01/17,33.16,33.25,32.16,32.30,1135336,36857452.00
2024/01/18,31.96,32.54,31.04,31.93,1506289,47361932.00
2024/01/19,31.81,32.91,31.45,31.71,1864100,59494948.00
2024/01/22,31.54,31.54,29.50,29.83,1644184,50141596.00
2024/01/23,29.83,30.06,29.17,29.59,1207700,35536848.00
2024/01/24,29.56,30.45,29.04,29.97,1355400,40240760.00
2024/01/25,30.26,30.95,29.78,30.80,1515196,45948812.00
2024/01/26,30.71,31.65,30.56,30.86,1769200,54838328.00
2024/01/29,31.33,31.87,29.86,29.94,1204000,36623712.00
2024/01/30,29.98,29.98,28.40,28.40,1528443,44206888.00
2024/01/31,28.78,28.79,26.36,26.51,1553546,42244488.00
2024/02/01,26.51,26.79,25.67,26.26,1408200,36814108.00
2024/02/02,26.16,26.95,23.80,24.56,1812700,45255308.00
2024/02/05,24.31,24.66,20.46,20.76,2419517,51829220.00
2024/02/06,19.58,21.84,18.70,21.05,2466371,49197744.00
2024/02/07,21.33,21.33,18.64,18.71,2753026,54128696.00
2024/02/08,18.81,20.64,18.06,20.54,2892189,55476044.00
2024/02/19,20.54,21.97,20.54,21.97,2474626,52693532.00
2024/02/20,21.74,22.60,21.46,22.58,1692807,37341008.00
2024/02/21,22.21,24.58,22.21,23.36,2808071,65822428.00
2024/02/22,23.16,24.79,23.09,24.79,2500238,59945924.00
2024/02/23,25.13,25.56,24.15,25.56,3353626,82666736.00
2024/02/26,25.40,26.93,25.40,25.97,3565257,92459296.00
2024/02/27,25.66,27.72,25.53,27.50,3519693,94146088.00
2024/02/28,27.47,27.81,23.92,24.13,4844914,126142464.00
2024/02/29,23.74,25.54,23.66,25.54,2758663,68618616.00
2024/03/01,25.66,29.64,25.66,27.82,4912616,131633152.00
2024/03/04,28.16,28.34,26.04,26.95,3547895,94903304.00
2024/03/05,27.12,27.14,25.86,26.08,2269626,59290556.00
2024/03/06,25.76,27.66,25.75,27.16,2967992,79562400.00
2024/03/07,27.51,27.82,26.10,26.48,2703487,72609664.00
2024/03/08,26.23,27.13,26.23,26.87,2057262,54665928.00
2024/03/11,26.81,27.66,26.57,27.23,1862995,49904384.00
2024/03/12,27.42,27.55,26.86,27.35,2369874,64105760.00
2024/03/13,27.35,29.04,27.31,28.16,4232224,118732504.00
2024/03/14,27.86,28.54,26.92,27.61,2559452,70643688.00
2024/03/15,27.31,28.23,26.96,28.04,2243363,61591020.00
2024/03/18,28.14,28.91,28.02,28.83,2527469,71702088.00
2024/03/19,28.66,29.01,28.49,28.84,2337916,66895252.00
2024/03/20,28.84,29.56,28.56,29.39,2212159,63920508.00
2024/03/21,29.21,29.46,28.66,29.34,1925837,55712960.00
2024/03/22,29.21,31.15,28.69,30.24,3205244,94709448.00
2024/03/25,29.91,31.95,29.85,31.71,4244474,129745128.00
2024/03/26,33.16,34.66,29.99,30.06,6980233,223894960.00
2024/03/27,27.97,29.01,25.82,25.86,4673045,125843952.00
2024/03/28,25.58,27.84,25.18,26.68,3491762,91988960.00
2024/03/29,26.67,27.94,26.44,27.24,2763945,74881480.00
2024/04/01,27.51,28.63,27.38,28.04,2678500,74755248.00
2024/04/02,27.81,28.45,27.27,27.56,2017150,55641932.00
2024/04/03,27.64,28.66,27.41,27.77,2365847,65727840.00
2024/04/08,27.31,27.35,25.73,25.73,2239307,58561816.00
2024/04/09,26.13,26.51,25.71,26.18,1135900,29526754.00
2024/04/10,26.41,26.41,24.76,25.16,1626597,41034408.00
2024/04/11,25.16,25.96,24.75,25.11,1318704,33275180.00
2024/04/12,25.14,25.74,25.07,25.11,969651,24392834.00
2024/04/15,24.99,25.44,22.66,23.67,1745852,41512840.00
2024/04/16,23.67,23.76,20.99,21.07,2057066,44251648.00
2024/04/17,21.49,23.36,21.49,23.36,1822514,41284856.00
2024/04/18,23.11,24.40,22.76,23.84,1820200,42754896.00
2024/04/19,23.60,24.14,22.96,23.14,1533328,35569992.00
2024/04/22,22.79,23.26,22.24,23.03,1106600,25139216.00
2024/04/23,22.94,23.54,22.94,23.45,1005802,23300450.00
2024/04/24,23.45,24.27,23.45,24.26,1153736,27492922.00
2024/04/25,24.26,24.63,24.11,24.34,1014938,24606610.00
2024/04/26,24.35,24.95,24.12,24.52,1298400,31717882.00
2024/04/29,25.16,26.01,24.94,25.98,2081833,53073036.00
2024/04/30,26.01,26.34,25.31,25.52,1484600,37921060.00
2024/05/06,26.27,26.94,25.80,26.89,1778804,46841184.00
2024/05/07,26.79,26.99,26.52,26.81,1577800,41948672.00
2024/05/08,26.81,27.14,26.37,26.48,1135600,30194224.00
2024/05/09,26.81,26.90,26.50,26.75,1032117,27404450.00
2024/05/10,26.89,26.89,26.24,26.36,994368,26117966.00
2024/05/13,26.13,28.54,25.36,28.12,3263717,88230528.00
2024/05/14,27.71,30.00,27.36,28.94,4478326,127864392.00
2024/05/15,28.34,28.70,27.71,28.01,2301500,64419724.00
2024/05/16,28.33,28.70,27.75,28.03,1797822,50298992.00
2024/05/17,28.16,28.16,27.44,28.15,1627262,44920052.00
2024/05/20,28.13,28.13,27.41,27.44,1743706,47809960.00
2024/05/21,27.31,27.78,26.87,27.70,1714788,35742100.00
2024/05/22,27.65,28.23,27.52,28.20,1981843,41943556.00
2024/05/23,28.17,28.98,27.71,27.74,2592995,55561384.00
2024/05/24,27.71,28.10,27.45,27.45,1717960,36186980.00
2024/05/27,28.40,30.82,28.05,29.23,6299645,140004304.00
2024/05/28,27.32,27.84,26.70,26.70,4600867,95099936.00
2024/05/29,26.70,28.57,26.46,27.22,2516853,52048128.00
2024/05/30,26.96,27.22,26.25,26.42,2326731,46914732.00
2024/05/31,26.28,27.40,26.28,27.07,2287660,46894300.00
2024/06/03,27.37,27.50,26.33,26.71,2005360,40649956.00
2024/06/04,26.74,26.85,25.19,25.62,2187975,42316132.00
2024/06/05,25.45,25.62,24.99,25.08,1302110,24815436.00
2024/06/06,25.08,25.44,23.75,23.82,1663938,30464930.00
2024/06/07,24.51,25.21,24.10,25.16,1738570,32464208.00
2024/06/11,24.85,25.11,24.12,25.08,1328960,24705484.00
2024/06/12,24.94,25.73,24.82,25.46,1353050,26108834.00
2024/06/13,25.49,27.96,25.47,27.33,4656766,95321368.00
2024/06/14,26.70,27.35,26.70,26.80,2867277,58469932.00
2024/06/17,26.55,27.00,25.99,26.41,2029939,40300916.00
2024/06/18,26.48,27.01,26.31,26.93,1814262,36669608.00
2024/06/19,26.93,27.39,26.68,27.09,1968207,40353012.00
2024/06/20,26.90,27.02,26.14,26.14,1359980,27269518.00
2024/06/21,26.02,26.20,25.46,25.64,1035360,20253242.00
2024/06/24,25.37,25.37,24.17,24.21,1232770,22950274.00
2024/06/25,24.32,24.85,23.98,24.60,934972,17351996.00
2024/06/26,24.72,25.76,24.30,25.76,1191700,22820554.00
2024/06/27,25.76,28.23,25.47,26.58,3196236,65332248.00
2024/06/28,25.89,28.36,25.80,27.35,3699029,75981520.00
2024/07/01,27.00,27.44,26.28,26.74,2102250,42531368.00
2024/07/02,26.74,27.19,26.45,26.83,1711363,34768988.00
2024/07/03,26.67,26.80,25.97,26.32,1419250,28171346.00
2024/07/04,26.38,26.48,25.06,25.20,1424950,27561320.00
2024/07/05,25.11,27.83,24.51,27.10,3006530,60416736.00
2024/07/08,28.44,28.95,26.49,26.67,2800460,57973792.00
2024/07/09,26.63,27.45,25.57,27.45,2722064,54763044.00
2024/07/10,27.14,28.22,27.13,27.57,2643587,55376632.00
2024/07/11,27.84,28.23,27.48,27.87,2938207,62157568.00
2024/07/12,27.87,27.87,27.16,27.46,1894827,39377152.00
2024/07/15,27.41,27.41,26.80,26.98,989440,20268216.00
2024/07/16,27.31,27.31,26.41,27.26,1099840,22468498.00
2024/07/17,27.14,28.09,26.67,27.44,2073290,43050044.00
2024/07/18,26.84,26.84,25.70,26.72,1906453,38022404.00
2024/07/19,26.40,27.20,26.35,26.76,1096880,22372644.00
2024/07/22,26.80,27.45,26.71,27.37,1485300,30604180.00
2024/07/23,27.53,27.54,26.28,26.37,1345440,27311348.00
2024/07/24,26.03,26.79,25.86,26.40,1352528,26975198.00
2024/07/25,26.35,26.89,26.02,26.48,1142618,22897292.00
2024/07/26,26.28,27.83,26.15,27.83,2873310,59643856.00
2024/07/29,28.52,28.75,27.29,27.35,2247090,47014552.00
2024/07/30,27.22,28.09,27.19,27.98,3025499,63687344.00
2024/07/31,27.97,28.39,27.46,28.33,3178120,67529720.00
2024/08/01,28.15,28.53,27.78,27.83,2799717,59717104.00
2024/08/02,27.48,27.76,26.92,26.97,1832350,37938500.00
2024/08/05,26.48,27.05,25.72,25.75,1958530,39057612.00
2024/08/06,26.25,26.66,25.89,26.36,1479746,29428922.00
2024/08/07,26.41,26.68,26.15,26.24,1101730,22068516.00
2024/08/08,26.15,26.24,25.10,25.66,1405760,27207198.00
2024/08/09,25.70,26.01,25.57,25.59,588470,11472836.00
2024/08/12,25.40,25.71,25.08,25.32,670800,12884232.00
2024/08/13,25.32,25.70,25.19,25.70,635630,12247008.00
2024/08/14,25.58,26.02,25.58,25.97,648500,12708019.00
2024/08/15,25.86,26.15,25.54,25.73,905080,17721398.00
2024/08/16,25.76,26.46,25.63,26.20,1132843,22285670.00
2024/08/19,26.09,26.29,25.54,25.58,811830,15938888.00
2024/08/20,25.60,25.84,25.14,25.24,728750,13999699.00
2024/08/21,25.37,25.49,24.99,25.12,628860,12001545.00
2024/08/22,25.37,25.37,24.46,24.46,811560,15241739.00
2024/08/23,24.46,24.55,24.03,24.07,872470,15998904.00
2024/08/26,24.07,24.40,23.80,24.33,631850,11548323.00
2024/08/27,24.21,24.29,23.56,23.64,705330,12692943.00
2024/08/28,23.56,24.19,23.56,23.76,588030,10637993.00
2024/08/29,23.72,24.17,23.55,23.94,756860,13745156.00
2024/08/30,24.15,24.68,23.95,24.32,1065370,19660406.00
2024/09/02,24.16,24.55,23.68,23.69,873730,15887220.00
2024/09/03,23.69,24.14,23.65,24.14,736040,13342685.00
2024/09/04,24.11,24.30,23.82,23.97,691300,12550479.00
2024/09/05,24.10,24.46,23.97,24.21,648150,11878609.00
2024/09/06,24.21,24.28,23.58,23.59,636940,11513486.00
2024/09/09,23.75,23.81,23.23,23.56,489130,8714137.00
2024/09/10,23.65,23.99,23.34,23.97,618300,11061984.00
2024/09/11,24.16,24.21,23.73,23.97,499930,9038467.00
2024/09/12,23.95,24.21,23.45,23.46,769630,13851386.00
2024/09/13,23.46,23.68,23.10,23.10,527160,9296115.00
2024/09/18,23.13,23.20,22.19,22.81,804473,13734866.00
2024/09/19,22.98,23.45,22.68,23.21,534790,9379666.00
2024/09/20,23.37,23.37,22.90,23.00,433290,7547689.50
2024/09/23,22.74,23.16,22.65,22.71,492129,8503656.00
2024/09/24,22.72,23.25,22.59,23.21,898880,15619266.00
2024/09/25,23.38,23.99,23.38,23.47,1224310,21899256.00
2024/09/26,23.62,23.98,23.37,23.98,1062620,19057486.00
2024/09/27,24.42,25.53,24.15,25.37,2191870,41349308.00
2024/09/30,26.38,28.98,25.51,28.43,4614540,95764888.00
2024/10/08,32.94,33.43,29.30,31.60,5961058,140554672.00
2024/10/09,30.19,30.62,27.45,27.49,3740799,82269632.00
2024/10/10,28.56,28.56,27.62,27.87,2167910,46243804.00
2024/10/11,27.65,28.09,26.32,26.70,1679150,34387372.00
2024/10/14,26.90,27.71,26.32,27.44,1397360,28708310.00
2024/10/15,27.45,28.04,27.02,27.05,1360260,28420870.00
2024/10/16,26.83,27.80,26.66,27.07,1138532,23393054.00
2024/10/17,27.22,30.31,27.22,28.09,3594010,77729680.00
2024/10/18,28.20,29.30,27.97,28.72,3879048,83487256.00
2024/10/21,28.53,29.13,28.14,28.72,3789425,81858400.00
2024/10/22,28.74,29.17,28.39,29.01,2406775,52318364.00
2024/10/23,29.28,29.41,28.66,28.91,2628399,57431048.00
2024/10/24,28.87,29.09,28.33,28.37,1697780,36558488.00
2024/10/25,28.35,29.09,28.28,28.75,1624040,35227064.00
2024/10/28,29.10,29.95,28.89,29.89,3160533,70882624.00
2024/10/29,29.99,30.01,29.05,29.08,2256563,49923272.00
2024/10/30,28.91,29.26,28.27,28.56,1590260,34453904.00
2024/10/31,28.76,29.13,28.41,28.83,1554700,33836996.00
2024/11/01,28.95,28.95,27.35,27.41,1887250,39651568.00
2024/11/04,27.41,28.36,27.41,28.36,1456639,30890548.00
2024/11/05,28.36,29.17,28.17,28.97,1889140,40963196.00
2024/11/06,29.26,29.53,28.61,28.79,1925839,42059096.00
2024/11/07,28.80,29.30,28.53,29.19,1644505,35966172.00
2024/11/08,29.30,30.06,29.18,29.28,2478991,55178136.00
2024/11/11,29.19,30.12,29.15,29.95,2238135,50077568.00
2024/11/12,30.19,30.49,29.56,30.26,2696309,61246620.00
2024/11/13,29.99,30.70,29.30,30.57,2882715,65518512.00
2024/11/14,30.27,30.43,29.19,29.32,2092840,46939936.00
2024/11/15,29.17,29.87,28.70,28.70,1452530,32054016.00
2024/11/18,28.89,29.10,27.46,27.75,1486509,31441992.00
2024/11/19,27.41,28.83,27.41,28.82,1587150,33804932.00
2024/11/20,28.85,29.27,28.74,29.09,1418820,31065670.00
2024/11/21,29.21,29.70,29.09,29.62,1855224,41194924.00
2024/11/22,29.48,30.31,28.32,28.33,2231305,49472348.00
数据来源:通达信
