688035 德邦科技 日线 不复权
      日期	    开盘	    最高	    最低	    收盘	    成交量	    成交额
2022/09/19,71.60,81.56,71.60,75.85,23402025,1770365568.00
2022/09/20,77.00,79.96,71.02,79.69,11709882,896740096.00
2022/09/21,78.44,79.60,67.00,67.00,9095288,659663680.00
2022/09/22,65.01,68.55,63.63,65.11,6614241,435869056.00
2022/09/23,66.99,71.69,66.53,68.08,5613386,388874816.00
2022/09/26,67.03,74.63,66.65,71.21,5807855,415222784.00
2022/09/27,70.80,75.74,70.22,73.60,4604102,340700416.00
2022/09/28,75.00,77.77,73.67,74.02,3409927,258342672.00
2022/09/29,74.60,76.18,72.54,74.54,2620072,194797280.00
2022/09/30,74.50,81.02,74.00,77.86,4126973,325576480.00
2022/10/10,77.00,77.66,67.00,69.51,4362924,309395616.00
2022/10/11,69.13,75.33,68.50,73.30,3548745,255931952.00
2022/10/12,72.50,80.88,72.50,80.88,2756377,210254496.00
2022/10/13,81.37,82.50,78.50,81.20,2136947,172903456.00
2022/10/14,81.30,85.00,79.10,84.61,3197542,262611952.00
2022/10/17,83.00,83.00,77.62,80.40,3045042,244251184.00
2022/10/18,80.46,81.88,77.81,78.98,2111548,168109424.00
2022/10/19,77.52,79.98,72.80,74.20,3140858,235766512.00
2022/10/20,73.09,81.74,73.08,78.10,2493433,192385936.00
2022/10/21,78.50,78.90,71.26,76.37,2439811,181163952.00
2022/10/24,76.34,79.60,76.00,76.41,1450498,112775728.00
2022/10/25,76.68,82.77,75.65,80.24,1723228,137905392.00
2022/10/26,79.72,83.97,79.72,83.00,1668349,136594752.00
2022/10/27,82.89,83.83,78.12,78.45,1881742,150476768.00
2022/10/28,77.36,81.30,77.01,78.31,1481410,117030816.00
2022/10/31,79.87,88.31,78.35,86.10,2411705,203902832.00
2022/11/01,85.25,88.00,84.20,87.30,1452719,125471440.00
2022/11/02,87.18,88.50,85.13,85.97,1137572,98689544.00
2022/11/03,85.32,91.30,85.28,87.80,1188282,105655688.00
2022/11/04,88.01,89.48,85.16,86.50,1607732,138970272.00
2022/11/07,86.50,91.42,85.36,86.68,2710873,240200784.00
2022/11/08,86.27,87.80,84.00,85.01,1237487,105988368.00
2022/11/09,85.20,86.19,82.50,84.28,968304,81758432.00
2022/11/10,83.90,85.99,82.95,84.96,1217521,102610400.00
2022/11/11,87.48,87.88,79.76,81.30,1955093,161691824.00
2022/11/14,81.00,81.72,78.42,80.70,1219549,97915832.00
2022/11/15,80.90,87.00,79.94,83.70,1764486,148361072.00
2022/11/16,83.55,84.50,78.73,79.00,1581785,127615808.00
2022/11/17,78.88,79.48,76.15,79.30,1749611,136427680.00
2022/11/18,78.79,79.80,76.45,77.10,1339298,103735584.00
2022/11/21,75.60,77.62,74.71,77.38,1146917,87661664.00
2022/11/22,77.85,77.85,73.15,74.21,1566552,117031392.00
2022/11/23,73.46,74.26,69.93,72.56,1408489,101062336.00
2022/11/24,72.40,74.27,70.38,70.80,1245796,89739024.00
2022/11/25,70.89,71.77,69.00,69.31,1001386,70272800.00
2022/11/28,68.12,69.04,65.72,66.75,2022660,135310032.00
2022/11/29,66.90,68.68,65.56,67.75,1414146,95212528.00
2022/11/30,63.00,63.56,57.00,61.70,6902761,409700096.00
2022/12/01,60.00,61.68,60.00,60.71,3681741,223747312.00
2022/12/02,60.50,63.48,60.00,62.47,2953862,184065152.00
2022/12/05,62.50,62.50,58.77,59.75,3649063,219089184.00
2022/12/06,59.30,61.46,59.12,60.40,2047511,123683560.00
2022/12/07,60.39,62.70,59.70,62.48,2615204,162012560.00
2022/12/08,62.31,62.50,61.00,61.77,1348065,83217424.00
2022/12/09,61.98,62.50,60.37,60.89,1991561,122328944.00
2022/12/12,60.52,63.40,60.11,61.57,2095715,129128408.00
2022/12/13,61.11,61.27,59.75,60.01,1885824,113679008.00
2022/12/14,61.68,62.40,60.61,60.66,1793413,110074104.00
2022/12/15,60.80,61.94,59.30,60.55,1472875,89675408.00
2022/12/16,60.22,60.55,57.65,57.99,1981832,116198864.00
2022/12/19,57.96,58.06,55.24,55.55,1686271,95039160.00
2022/12/20,55.52,56.23,54.90,55.50,1198833,66601488.00
2022/12/21,55.49,55.49,53.56,54.55,1270199,68984480.00
2022/12/22,54.61,54.99,52.68,52.86,1182920,63413684.00
2022/12/23,52.48,52.89,50.72,51.50,1298591,66918412.00
2022/12/26,51.10,53.28,51.10,52.98,1008024,53034336.00
2022/12/27,52.98,54.14,51.92,53.83,1194352,63508888.00
2022/12/28,53.69,54.27,52.50,53.10,765910,40656288.00
2022/12/29,52.89,53.63,52.40,52.40,638055,33683484.00
2022/12/30,53.19,53.20,51.00,51.61,1214418,62760636.00
2023/01/03,51.50,55.51,50.80,55.00,1944662,104074664.00
2023/01/04,55.13,56.37,53.55,54.00,1184279,64618360.00
2023/01/05,54.00,54.96,53.31,53.98,1064237,57596472.00
2023/01/06,53.61,55.09,53.39,54.49,978624,53271064.00
2023/01/09,54.49,57.34,54.45,54.77,1537568,85690056.00
2023/01/10,54.76,56.77,53.91,55.36,2139955,119001888.00
2023/01/11,55.58,58.73,55.42,57.15,3136025,179427696.00
2023/01/12,57.36,57.85,54.70,56.18,2701009,150695136.00
2023/01/13,56.69,57.09,55.25,55.89,1260996,70511824.00
2023/01/16,55.58,58.19,55.50,57.34,1820328,104225216.00
2023/01/17,57.47,58.88,56.91,57.23,1543490,89226936.00
2023/01/18,57.31,58.87,56.53,58.31,1369187,79550152.00
2023/01/19,58.19,59.99,57.80,59.49,1407427,83255008.00
2023/01/20,59.15,60.15,58.90,59.28,1231691,73357096.00
2023/01/30,60.00,61.80,58.85,61.07,1644052,99403784.00
2023/01/31,61.00,61.16,59.31,60.53,1138866,68551376.00
2023/02/01,60.01,62.69,60.01,61.38,1328007,81742920.00
2023/02/02,61.58,63.25,61.11,62.30,1264264,78692288.00
2023/02/03,62.06,66.75,61.50,66.30,2855395,183334480.00
2023/02/06,66.12,67.35,63.31,63.89,2022875,131211040.00
2023/02/07,63.25,64.04,61.65,63.92,1889337,118469400.00
2023/02/08,63.70,67.49,62.40,66.18,2377906,154916656.00
2023/02/09,66.38,72.00,64.68,71.80,3275838,226197744.00
2023/02/10,70.68,71.20,68.26,70.58,1878102,130880128.00
2023/02/13,69.90,72.77,68.70,69.30,2327255,164691696.00
2023/02/14,69.89,69.96,66.48,67.73,2262679,153131040.00
2023/02/15,68.18,70.36,66.67,67.30,2985906,203286640.00
2023/02/16,68.02,70.66,64.00,64.03,3760851,253085552.00
2023/02/17,64.46,64.80,60.90,60.90,2323808,144605920.00
2023/02/20,60.84,63.36,59.77,63.00,1669605,102676688.00
2023/02/21,64.00,64.00,61.10,61.61,1183409,73215712.00
2023/02/22,60.88,63.48,60.88,63.48,1264355,79284400.00
2023/02/23,63.00,64.81,62.69,63.62,1188407,75737864.00
2023/02/24,63.63,66.85,63.50,66.18,1457247,95634800.00
2023/02/27,65.12,67.48,65.12,66.40,1238181,82248016.00
2023/02/28,66.75,66.95,63.50,63.99,1176084,75844128.00
2023/03/01,63.99,64.90,62.98,64.04,815282,52089032.00
2023/03/02,63.90,64.17,60.86,61.22,1976068,122134888.00
2023/03/03,62.12,63.23,61.12,61.86,1073822,66584248.00
2023/03/06,61.28,62.17,60.28,61.25,951437,58176924.00
2023/03/07,61.23,61.30,57.66,57.75,1841678,108572032.00
2023/03/08,57.75,59.35,57.75,59.05,1068377,62691568.00
2023/03/09,59.40,62.60,59.14,61.38,1902529,116879536.00
2023/03/10,61.46,62.89,60.32,61.44,1631260,100743568.00
2023/03/13,61.20,65.00,61.01,63.16,2096019,132996576.00
2023/03/14,63.00,64.46,61.24,64.46,1602919,100772320.00
2023/03/15,64.66,67.25,64.00,64.11,2642643,174277872.00
2023/03/16,63.79,65.22,61.75,62.01,1949785,123647192.00
2023/03/17,62.68,65.87,61.73,65.06,2194965,141087200.00
2023/03/20,65.10,65.10,62.75,62.90,2314310,146421216.00
2023/03/21,63.40,64.89,62.48,63.10,1408601,89113592.00
2023/03/22,63.24,63.30,59.60,60.53,2846134,173276432.00
2023/03/23,60.01,62.66,60.00,62.60,1933571,118946688.00
2023/03/24,62.58,67.49,62.10,64.10,3923451,256082432.00
2023/03/27,64.59,65.98,62.32,63.66,2305535,147679168.00
2023/03/28,63.43,63.50,60.38,60.75,2426879,148934976.00
2023/03/29,60.16,62.57,59.48,61.56,1525810,93593048.00
2023/03/30,61.66,63.63,61.45,62.57,1576437,98721536.00
2023/03/31,62.90,66.30,62.01,64.73,3274588,212455104.00
2023/04/03,65.50,66.50,64.15,66.10,2308071,151632640.00
2023/04/04,66.19,68.79,65.20,65.43,2569129,171281488.00
2023/04/06,65.42,71.57,65.20,70.00,3546295,244191872.00
2023/04/07,69.50,73.86,68.20,69.12,3768749,264414256.00
2023/04/10,69.32,71.02,64.80,65.20,3694942,248102240.00
2023/04/11,65.62,66.08,63.81,64.39,2653209,172295168.00
2023/04/12,64.55,66.43,63.35,66.35,2246436,146122096.00
2023/04/13,66.00,66.04,63.51,64.00,1915413,123627416.00
2023/04/14,64.26,69.88,63.51,69.88,4084574,274812832.00
2023/04/17,71.00,79.00,70.00,72.05,6407634,474524160.00
2023/04/18,71.06,72.07,68.07,69.00,3308068,229843968.00
2023/04/19,69.96,70.46,67.70,68.13,2903261,201027472.00
2023/04/20,67.77,70.34,67.31,69.60,3052403,211186032.00
2023/04/21,69.08,69.45,64.60,66.50,3167423,210404896.00
2023/04/24,64.36,64.36,56.66,56.95,5006559,295015232.00
2023/04/25,56.20,56.60,53.85,55.54,3007930,165548768.00
2023/04/26,56.06,57.18,55.05,55.86,1510638,84671360.00
2023/04/27,55.86,57.78,54.81,57.40,1657784,94435240.00
2023/04/28,57.04,61.18,57.04,59.75,1892995,112897528.00
2023/05/04,58.75,59.40,56.45,57.00,1496450,86064576.00
2023/05/05,56.90,57.10,52.61,52.92,2349198,127359496.00
2023/05/08,53.91,55.37,53.00,55.29,1458681,79443424.00
2023/05/09,54.80,54.80,51.41,51.75,1873598,98489208.00
2023/05/10,51.37,53.47,49.88,52.25,1699440,87378080.00
2023/05/11,52.21,54.44,52.08,53.61,1340268,71731472.00
2023/05/12,53.61,55.88,53.33,54.30,1428723,78472288.00
2023/05/15,54.36,56.53,53.20,56.10,1562844,86640624.00
2023/05/16,56.09,56.76,54.62,55.02,829237,45874292.00
2023/05/17,54.55,56.50,54.02,54.90,631896,34986880.00
2023/05/18,54.92,55.59,54.36,55.25,770286,42308444.00
2023/05/19,55.40,57.22,55.25,56.17,1301187,73314192.00
2023/05/22,56.19,56.79,54.83,55.79,740552,41187976.00
2023/05/23,55.26,56.57,54.88,55.32,894366,49774664.00
2023/05/24,54.90,57.70,54.66,56.47,1066592,60096372.00
2023/05/25,56.50,57.38,55.70,57.00,795258,44979016.00
2023/05/26,57.00,58.33,56.38,56.67,976227,55803548.00
2023/05/29,56.67,57.83,56.55,57.09,968355,55344404.00
2023/05/30,57.08,57.09,55.17,56.44,1154684,64538976.00
2023/05/31,55.96,57.03,55.50,56.82,636935,35989728.00
2023/06/01,56.40,57.26,55.60,57.12,1110067,62708528.00
2023/06/02,56.65,56.90,50.11,53.97,3063913,162542960.00
2023/06/05,53.80,57.50,53.56,57.26,2187230,122007320.00
2023/06/06,57.13,57.13,54.05,54.51,1546705,85332872.00
2023/06/07,53.88,55.78,53.33,55.23,878808,48309688.00
2023/06/08,55.23,55.23,52.34,52.53,1099736,58648792.00
2023/06/09,52.53,54.32,52.29,54.01,682656,36354080.00
2023/06/12,53.73,54.99,53.70,54.50,819872,44573016.00
2023/06/13,54.50,56.76,53.51,56.70,1172619,64990160.00
2023/06/14,56.70,60.71,56.17,59.37,2815281,167126256.00
2023/06/15,59.37,59.37,57.35,57.65,1301909,75542928.00
2023/06/16,57.65,57.99,56.80,56.89,948639,54195992.00
2023/06/19,56.52,63.85,56.40,61.69,3227524,195994864.00
2023/06/20,62.88,66.43,60.29,61.15,3560161,223803760.00
2023/06/21,61.82,61.97,58.85,58.87,1648843,98704600.00
2023/06/26,59.20,59.30,57.03,57.33,881622,51116632.00
2023/06/27,57.33,58.00,56.65,56.97,847520,48442568.00
2023/06/28,56.65,56.84,53.45,54.97,1329680,72828288.00
2023/06/29,54.56,57.39,54.53,56.95,923251,52150352.00
2023/06/30,57.00,60.03,55.86,59.48,1496542,87906944.00
2023/07/03,60.02,61.24,57.32,59.75,1254313,73798688.00
2023/07/04,60.02,61.68,58.62,60.55,1334664,80349696.00
2023/07/05,60.50,61.48,59.20,59.51,587737,35305736.00
2023/07/06,60.33,60.33,58.81,59.11,571257,33858504.00
2023/07/07,59.00,59.00,57.50,57.66,680168,39467584.00
2023/07/10,57.41,59.45,56.92,57.58,875198,50784952.00
2023/07/11,57.16,61.94,57.11,60.50,1809542,109402944.00
2023/07/12,60.06,63.40,59.65,61.71,2506101,155290512.00
2023/07/13,61.97,68.64,61.50,64.47,4347676,284378496.00
2023/07/14,66.00,68.50,65.12,66.87,3223781,214367696.00
2023/07/17,66.52,66.52,62.50,64.15,2345243,150137232.00
2023/07/18,64.42,68.57,63.53,63.88,2760839,182239296.00
2023/07/19,64.22,69.77,62.60,68.83,4172516,279757408.00
2023/07/20,73.00,75.01,65.10,66.18,7674431,538638336.00
2023/07/21,67.18,73.00,65.05,66.61,6828207,469795360.00
2023/07/24,65.00,67.98,61.50,61.64,5657520,361328352.00
2023/07/25,62.29,63.61,59.50,61.22,4006375,246698064.00
2023/07/26,60.76,61.22,59.56,60.25,1861743,112095136.00
2023/07/27,59.88,60.86,56.98,57.30,3132313,182400592.00
2023/07/28,57.25,57.49,53.20,53.98,3987785,217202592.00
2023/07/31,55.22,57.65,54.82,57.08,3640093,206584320.00
2023/08/01,57.07,58.95,56.19,57.77,2366775,136199584.00
2023/08/02,57.77,57.77,56.01,56.19,1457343,82490976.00
2023/08/03,55.98,57.18,55.28,56.71,1332927,74871944.00
2023/08/04,56.92,57.29,56.20,56.54,1066803,60457556.00
2023/08/07,57.30,59.50,57.30,58.61,2327846,136298736.00
2023/08/08,58.99,59.65,58.01,58.29,1365370,80256656.00
2023/08/09,57.65,59.20,57.65,58.29,742279,43334992.00
2023/08/10,58.16,58.66,57.72,57.80,565529,32860612.00
2023/08/11,57.80,58.67,57.40,57.50,817959,47516792.00
2023/08/14,57.50,57.50,56.32,57.23,827894,47117424.00
2023/08/15,57.85,58.79,55.99,56.51,890611,51023580.00
2023/08/16,55.78,56.86,54.51,54.94,1075307,59335600.00
2023/08/17,54.89,55.80,54.05,55.43,587421,32378024.00
2023/08/18,55.76,56.60,54.50,54.50,934087,51974048.00
2023/08/21,54.50,55.09,52.35,52.50,1107135,59244632.00
2023/08/22,52.59,53.40,51.63,52.90,958441,50283632.00
2023/08/23,52.42,52.50,50.50,50.61,860383,44081096.00
2023/08/24,51.27,51.82,50.19,50.93,581115,29636278.00
2023/08/25,50.90,50.90,47.75,47.98,1585033,77174912.00
2023/08/28,51.20,51.80,45.20,46.23,2234812,105818776.00
2023/08/29,46.22,49.20,45.12,48.98,2279315,107484880.00
2023/08/30,52.88,58.78,52.88,58.78,5899999,338118016.00
2023/08/31,61.50,63.97,58.52,59.31,8717175,527061824.00
2023/09/01,59.31,60.50,55.91,57.08,5110478,294787008.00
2023/09/04,57.80,61.70,57.20,61.70,5476413,326061664.00
2023/09/05,62.11,65.89,60.51,61.10,7444847,473412512.00
2023/09/06,60.71,64.78,60.20,63.10,5068326,316558368.00
2023/09/07,61.98,62.22,59.40,59.53,3645752,220291616.00
2023/09/08,60.07,63.20,59.22,61.85,3494009,213264688.00
2023/09/11,61.82,61.82,59.10,59.56,3013181,180656880.00
2023/09/12,58.90,59.90,56.90,57.30,2896609,167182912.00
2023/09/13,57.28,57.28,54.35,56.38,2925290,162289056.00
2023/09/14,56.30,56.30,52.01,54.32,3681224,197789504.00
2023/09/15,54.32,55.89,53.00,54.40,2226798,121170520.00
2023/09/18,54.07,54.07,52.22,52.56,2778132,146823360.00
2023/09/19,52.05,53.48,51.90,52.98,1651354,87052376.00
2023/09/20,53.18,53.48,51.35,51.49,1535422,79965976.00
2023/09/21,50.89,52.10,50.80,51.03,902931,46298584.00
2023/09/22,51.03,52.45,50.30,52.27,2019505,104145176.00
2023/09/25,53.80,54.00,51.11,52.19,1799508,93899080.00
2023/09/26,52.09,53.52,51.25,52.28,1770775,93134880.00
2023/09/27,52.28,53.38,51.85,52.17,1208926,63515172.00
2023/09/28,52.31,53.47,51.36,53.35,2134401,112491520.00
2023/10/09,53.00,53.00,51.40,51.96,1645073,85670184.00
2023/10/10,52.02,52.80,50.00,50.75,2510932,128691320.00
2023/10/11,50.75,52.75,50.59,51.63,2313867,119443144.00
2023/10/12,52.22,52.30,50.54,51.81,2328022,119785832.00
2023/10/13,51.50,53.50,50.78,52.24,2947899,153643040.00
2023/10/16,51.81,52.05,49.77,50.12,2282351,114899136.00
2023/10/17,50.40,51.21,49.66,51.08,1596645,80899064.00
2023/10/18,50.89,52.26,49.93,49.95,1531295,77708664.00
2023/10/19,49.32,53.00,49.20,51.05,3948692,204313328.00
2023/10/20,50.52,52.25,50.30,50.35,2830092,144883552.00
2023/10/23,49.90,50.01,47.24,47.62,2349389,113108152.00
2023/10/24,48.06,50.08,47.20,48.90,1915340,93585632.00
2023/10/25,49.70,49.89,48.10,48.55,1767624,86127632.00
2023/10/26,48.15,48.48,46.69,47.90,1699170,80628504.00
2023/10/27,47.66,49.88,46.48,49.01,2492391,120115552.00
2023/10/30,49.10,55.45,49.00,54.45,6874684,362585184.00
2023/10/31,54.51,56.94,54.45,55.20,5637147,313898048.00
2023/11/01,55.47,56.53,54.60,55.00,2732998,151697200.00
2023/11/02,56.05,56.05,52.80,53.07,2800715,150404112.00
2023/11/03,52.81,59.20,52.46,59.20,6368468,360816192.00
2023/11/06,58.01,60.38,57.18,60.30,6995838,409405824.00
2023/11/07,59.20,62.92,59.11,60.24,6326020,387142464.00
2023/11/08,59.90,63.87,59.00,61.38,5869699,358248992.00
2023/11/09,60.94,62.33,59.16,60.00,4140432,249799360.00
2023/11/10,60.00,61.99,59.47,61.02,5010065,305334784.00
2023/11/13,61.11,62.70,59.10,62.70,4504493,273111712.00
2023/11/14,61.53,62.80,61.17,62.00,2690880,166912112.00
2023/11/15,62.31,63.80,59.50,60.34,3695484,226834688.00
2023/11/16,60.37,60.88,58.36,59.14,2310896,138001184.00
2023/11/17,59.15,63.99,59.12,63.70,5905517,367289952.00
2023/11/20,64.00,65.20,62.02,62.66,4341304,274176352.00
2023/11/21,62.80,64.11,61.00,61.14,4324152,271331936.00
2023/11/22,61.50,63.93,60.22,61.10,4650790,288444704.00
2023/11/23,59.88,61.15,59.36,59.98,2609183,156400272.00
2023/11/24,59.58,59.68,57.15,58.13,3937146,228917168.00
2023/11/27,58.33,58.53,56.64,56.85,4856154,278163488.00
2023/11/28,56.60,57.88,56.40,57.05,2389439,136638016.00
2023/11/29,57.01,58.48,56.60,56.80,1885949,108160200.00
2023/11/30,56.80,57.26,55.10,56.03,1636834,91934160.00
2023/12/01,55.99,57.90,55.25,57.25,2357476,134032680.00
2023/12/04,57.28,58.69,57.08,57.78,2024364,117559560.00
2023/12/05,57.42,58.41,56.87,56.96,2132903,123321176.00
2023/12/06,56.60,57.97,56.35,56.68,1603383,91698096.00
2023/12/07,56.50,57.22,54.82,55.15,1994647,111151320.00
2023/12/08,55.41,56.44,54.85,54.85,1985034,110572896.00
2023/12/11,54.90,56.25,54.49,55.82,1745529,96988360.00
2023/12/12,55.52,56.30,54.88,55.31,1379942,76587328.00
2023/12/13,55.00,55.00,53.61,53.85,1666302,89992744.00
2023/12/14,54.12,54.40,53.22,53.81,1189437,64114544.00
2023/12/15,54.45,54.49,53.29,53.29,1053498,56777360.00
2023/12/18,53.01,53.19,51.88,51.93,1305875,68313632.00
2023/12/19,51.89,52.75,51.50,51.93,1052423,54868020.00
2023/12/20,52.00,52.50,50.74,50.74,1267921,64973392.00
2023/12/21,50.25,52.50,50.25,52.09,1676392,86305904.00
2023/12/22,52.06,53.13,51.30,51.89,1299904,67840064.00
2023/12/25,52.00,52.00,50.68,51.28,831920,42620440.00
2023/12/26,51.30,51.40,50.18,50.24,923025,46757724.00
2023/12/27,50.50,52.55,49.92,51.50,1927919,99365184.00
2023/12/28,51.53,53.45,51.50,52.72,2132529,112037504.00
2023/12/29,52.78,53.88,52.45,53.36,2268335,121070832.00
2024/01/02,53.36,53.36,51.91,52.41,1393101,73074320.00
2024/01/03,52.40,52.40,50.85,51.93,1431736,73811384.00
2024/01/04,51.94,51.94,50.55,50.65,1015121,51762552.00
2024/01/05,50.50,50.95,49.10,49.30,1190428,59375588.00
2024/01/08,49.30,49.30,47.00,47.41,1645580,78613328.00
2024/01/09,47.75,48.19,46.30,46.92,1491904,70182192.00
2024/01/10,46.90,47.20,45.00,46.79,1183845,54750328.00
2024/01/11,46.69,47.95,46.35,47.75,1203768,56929768.00
2024/01/12,47.48,48.23,46.74,46.74,898590,42595544.00
2024/01/15,46.53,46.95,45.50,46.49,1672899,77208248.00
2024/01/16,46.31,46.68,45.23,46.00,982783,45057904.00
2024/01/17,45.96,46.15,44.41,44.41,885294,40080216.00
2024/01/18,44.35,44.85,42.60,44.68,2000791,87166240.00
2024/01/19,44.54,45.55,43.78,43.78,980887,43852300.00
2024/01/22,43.77,43.90,39.77,40.10,2360877,98097352.00
2024/01/23,40.10,41.07,39.31,40.96,1857909,74748672.00
2024/01/24,40.88,41.33,38.45,39.80,2016676,79818632.00
2024/01/25,39.80,42.19,39.45,41.88,2162613,88573712.00
2024/01/26,41.87,41.87,39.53,39.77,1831235,74221152.00
2024/01/29,40.00,40.99,37.83,38.20,1970496,76945888.00
2024/01/30,37.62,38.50,35.57,35.96,3072442,113032376.00
2024/01/31,35.82,36.48,33.33,33.33,2934522,101418136.00
2024/02/01,33.38,34.73,32.92,33.98,2115707,71606408.00
2024/02/02,34.11,34.60,31.14,32.33,2551675,84084048.00
2024/02/05,31.82,32.28,27.00,27.95,3208417,92523000.00
2024/02/06,27.14,29.88,25.50,29.42,2766734,76372616.00
2024/02/07,29.72,30.95,27.99,28.89,2702565,80073192.00
2024/02/08,29.33,33.30,28.89,32.79,3494509,108951640.00
2024/02/19,33.52,34.70,33.06,34.60,3144070,106467776.00
2024/02/20,34.09,35.30,33.39,34.80,2203944,75141568.00
2024/02/21,34.10,35.86,34.01,34.54,2613255,91210824.00
2024/02/22,35.03,36.36,34.60,35.98,2336537,82929624.00
2024/02/23,36.20,36.86,35.78,36.80,2090749,75896512.00
2024/02/26,36.74,38.83,36.51,37.87,2571672,96740192.00
2024/02/27,37.88,40.30,37.50,40.30,2341893,91383624.00
2024/02/28,39.98,41.36,36.07,36.28,3644322,141577088.00
2024/02/29,35.50,38.67,35.15,38.35,2795866,105349312.00
2024/03/01,38.67,39.50,38.21,39.12,2105798,82070712.00
2024/03/04,39.32,42.60,38.77,40.87,4392381,178506720.00
2024/03/05,40.79,42.31,38.88,39.48,3373123,136623488.00
2024/03/06,39.49,39.94,37.60,39.05,2804490,108168256.00
2024/03/07,38.90,40.00,37.70,38.15,2056744,79928744.00
2024/03/08,38.46,40.40,37.90,40.01,3146552,123955456.00
2024/03/11,40.10,41.28,39.30,41.28,2596784,105398920.00
2024/03/12,41.28,42.28,40.52,41.62,3015490,125088976.00
2024/03/13,42.10,42.25,41.00,41.63,1988866,83013040.00
2024/03/14,41.18,43.20,40.00,41.98,3728254,156033264.00
2024/03/15,41.50,41.50,40.30,41.12,2473125,100929888.00
2024/03/18,41.21,43.13,41.07,43.09,2696559,113060552.00
2024/03/19,42.50,42.70,41.89,42.13,2241979,94560328.00
2024/03/20,42.12,43.90,41.65,42.83,2475810,106053888.00
2024/03/21,43.22,44.49,42.73,42.88,2534983,110696368.00
2024/03/22,43.00,43.47,41.44,41.44,2260673,95790384.00
2024/03/25,41.12,41.97,39.00,39.38,2231682,89992904.00
2024/03/26,39.03,39.90,37.00,37.71,3330170,126835568.00
2024/03/27,37.39,37.78,35.17,35.34,1940308,70148240.00
2024/03/28,35.70,36.80,34.73,36.03,1528865,55036744.00
2024/03/29,36.37,36.77,35.52,36.66,1217727,44071240.00
2024/04/01,36.70,37.77,36.70,37.45,1273063,47654640.00
2024/04/02,37.90,37.97,36.90,37.20,1278177,47727324.00
2024/04/03,37.03,37.28,35.53,36.39,1374488,50018976.00
2024/04/08,36.40,36.80,34.41,34.46,1615577,56779152.00
2024/04/09,34.97,35.91,34.12,35.78,1091324,38290904.00
2024/04/10,36.35,37.09,35.06,35.07,2578001,93338032.00
2024/04/11,34.78,35.56,34.36,34.42,1703338,59504892.00
2024/04/12,34.25,35.10,33.54,33.70,1530347,52295060.00
2024/04/15,33.50,34.22,31.55,32.06,1715724,55649184.00
2024/04/16,32.44,32.44,29.44,29.59,2221170,67023104.00
2024/04/17,30.39,32.32,30.21,32.07,1906002,60275224.00
2024/04/18,32.09,32.55,31.02,31.92,1342399,42799528.00
2024/04/19,31.71,31.76,30.50,30.71,1651081,51058648.00
2024/04/22,30.50,31.29,29.39,30.91,1415712,43207472.00
2024/04/23,30.99,31.69,30.96,31.58,1046644,32841930.00
2024/04/24,31.87,32.47,31.50,32.30,1027690,33006904.00
2024/04/25,32.81,34.50,32.58,33.68,1919947,64606608.00
2024/04/26,33.56,35.08,33.15,34.59,1663396,57093264.00
2024/04/29,34.03,36.30,33.80,36.30,3323727,116464880.00
2024/04/30,35.85,35.97,34.18,34.51,2412450,84034680.00
2024/05/06,35.26,35.92,35.00,35.20,1602635,56716112.00
2024/05/07,35.15,35.79,34.85,35.22,1268218,44628308.00
2024/05/08,35.28,35.36,34.17,34.36,1268393,43942344.00
2024/05/09,34.52,34.90,34.20,34.39,1641399,56682288.00
2024/05/10,34.57,34.65,33.05,33.19,1521965,50936648.00
2024/05/13,32.88,32.88,31.24,31.43,1787044,57078252.00
2024/05/14,31.49,32.30,31.45,31.63,1236960,39407140.00
2024/05/15,31.65,32.03,30.92,31.33,961777,30354848.00
2024/05/16,31.52,32.25,31.41,31.48,1189866,37869840.00
2024/05/17,31.40,32.19,31.13,32.19,1275076,40659328.00
2024/05/20,32.36,32.84,32.11,32.30,1144259,37124372.00
2024/05/21,32.37,32.40,31.70,31.84,843322,26971596.00
2024/05/22,31.92,33.01,31.78,32.81,1803697,58533568.00
2024/05/23,32.54,34.72,31.82,33.42,4686709,156301664.00
2024/05/24,34.00,34.00,30.88,31.11,4345526,138281904.00
2024/05/27,31.49,32.72,30.10,32.60,3443943,108200992.00
2024/05/28,32.44,33.78,32.28,32.66,3578399,118365672.00
2024/05/29,32.30,33.43,32.28,32.69,2522589,83008688.00
2024/05/30,32.50,34.47,32.16,33.78,3980695,133714544.00
2024/05/31,33.61,34.39,33.50,34.05,3196079,108906448.00
2024/06/03,34.23,35.13,33.59,34.14,3383924,116437104.00
2024/06/04,33.82,33.82,32.26,33.19,2748680,90638016.00
2024/06/05,33.01,34.10,32.60,32.61,2231200,74473416.00
2024/06/06,32.98,33.66,31.67,31.71,2430988,79282576.00
2024/06/07,31.88,33.02,31.51,31.75,2107029,67643656.00
2024/06/11,31.48,33.80,31.02,33.54,3053684,100354120.00
2024/06/12,33.55,34.30,33.42,33.85,2566022,86985760.00
2024/06/13,33.93,36.20,33.86,35.06,4927591,172226192.00
2024/06/14,34.37,34.61,33.70,34.08,2669682,91042744.00
2024/06/17,33.97,35.12,33.75,34.73,2712546,93731520.00
2024/06/18,35.27,35.55,34.48,34.95,2767067,96669632.00
2024/06/19,35.12,35.55,34.05,35.18,3390164,118242896.00
2024/06/20,35.18,37.11,34.82,35.21,5670376,203608464.00
2024/06/21,34.52,35.02,33.80,34.90,3029881,104361224.00
2024/06/24,34.69,35.68,32.95,33.01,3346433,115347448.00
2024/06/25,32.70,33.25,30.88,31.10,3165505,100344608.00
2024/06/26,31.20,32.64,30.55,32.42,2156515,68419568.00
2024/06/27,32.21,33.13,31.47,31.51,2368347,76512000.00
2024/06/28,31.34,32.83,31.00,32.22,2238873,72304696.00
2024/07/01,32.22,32.22,30.78,31.59,2569376,80395616.00
2024/07/02,31.60,31.60,30.66,30.81,1494745,46353024.00
2024/07/03,31.01,31.39,29.92,30.63,1729780,52889732.00
2024/07/04,30.63,30.76,29.16,29.16,1763888,52539748.00
2024/07/05,29.10,29.80,28.41,29.27,932245,27124784.00
2024/07/08,29.13,29.75,28.35,28.48,1239474,36032744.00
2024/07/09,28.38,29.65,28.02,29.57,1733657,50262376.00
2024/07/10,29.46,29.95,29.29,29.63,1178094,34971272.00
2024/07/11,30.25,30.86,30.01,30.60,1536083,46747948.00
2024/07/12,30.59,30.59,29.91,29.99,1085626,32721304.00
2024/07/15,30.08,30.49,29.20,29.33,1008282,29859488.00
2024/07/16,29.37,30.12,28.76,30.00,1319434,38913960.00
2024/07/17,29.81,30.04,29.00,29.05,1169208,34530856.00
2024/07/18,28.90,28.90,27.66,28.42,1555876,43944304.00
2024/07/19,28.35,29.99,27.99,29.50,1778581,52186736.00
2024/07/22,29.41,30.18,29.40,29.85,1663117,49672272.00
2024/07/23,29.90,29.94,28.31,28.31,1481658,42959708.00
2024/07/24,28.43,28.67,27.05,27.16,1840538,50872192.00
2024/07/25,27.01,27.89,26.67,27.31,1133092,30924976.00
2024/07/26,27.34,27.87,27.15,27.57,727152,20059320.00
2024/07/29,27.40,27.64,26.61,26.70,1335092,36109856.00
2024/07/30,26.59,27.30,26.41,26.87,983621,26401278.00
2024/07/31,26.94,28.30,26.41,28.30,1533443,42499916.00
2024/08/01,28.28,29.39,27.94,29.01,2169597,62439316.00
2024/08/02,29.00,29.00,27.93,28.00,1410850,40043516.00
2024/08/05,27.95,28.20,26.89,27.00,1351218,37080008.00
2024/08/06,27.40,27.57,26.90,27.33,1143651,31132456.00
2024/08/07,27.34,27.60,27.17,27.17,957585,26206936.00
2024/08/08,27.17,27.50,26.50,26.92,935485,25178368.00
2024/08/09,27.12,27.50,26.84,26.88,569986,15467297.00
2024/08/12,26.66,26.85,26.22,26.31,899792,23839522.00
2024/08/13,26.31,26.47,25.67,26.27,1124366,29297972.00
2024/08/14,26.43,26.50,25.83,25.89,598224,15551519.00
2024/08/15,25.88,26.46,25.67,25.99,799781,20870332.00
2024/08/16,25.98,26.70,25.98,26.34,1125977,29771556.00
2024/08/19,26.18,26.76,25.90,25.99,868081,22826342.00
2024/08/20,25.85,26.09,25.11,25.25,1111598,28275352.00
2024/08/21,25.12,25.80,25.06,25.42,798469,20329556.00
2024/08/22,25.46,25.77,24.68,24.73,1043176,26237100.00
2024/08/23,24.70,25.35,24.10,25.26,1481607,36573016.00
2024/08/26,25.20,25.20,24.09,25.15,1812919,44927032.00
2024/08/27,24.93,24.93,24.35,24.36,1143527,28056952.00
2024/08/28,24.37,24.61,24.10,24.29,723111,17606292.00
2024/08/29,24.29,24.84,24.00,24.66,1343557,32942614.00
2024/08/30,24.69,25.91,24.50,25.49,1849616,46960136.00
2024/09/02,25.51,25.60,24.50,24.54,1293542,32324488.00
2024/09/03,24.36,25.20,24.36,24.97,743332,18511836.00
2024/09/04,24.84,26.25,24.56,25.79,2085712,53039480.00
2024/09/05,25.94,26.24,25.42,25.89,1396312,35991988.00
2024/09/06,25.68,25.87,24.90,25.00,1462294,37021652.00
2024/09/09,24.72,25.15,24.15,24.22,1107746,27097288.00
2024/09/10,24.30,25.00,23.89,24.77,1016423,24716400.00
2024/09/11,24.71,24.97,24.40,24.82,545223,13512291.00
2024/09/12,24.94,25.19,24.37,24.40,627972,15551414.00
2024/09/13,24.45,24.48,23.57,23.60,854090,20430564.00
2024/09/18,23.70,23.92,23.23,23.37,834522,19688270.00
2024/09/19,23.42,24.40,23.37,24.02,898927,21490898.00
2024/09/20,24.12,25.68,23.87,25.58,2474337,61520800.00
2024/09/23,30.55,30.70,28.32,29.10,10403555,305624128.00
2024/09/24,29.50,29.50,27.08,28.26,9427656,262173344.00
2024/09/25,28.30,29.10,27.26,27.74,7661950,216409424.00
2024/09/26,27.74,28.44,27.26,28.20,6157706,171792320.00
2024/09/27,28.80,30.70,28.33,29.82,5367493,157013744.00
2024/09/30,31.53,35.30,31.53,34.98,8779080,291346656.00
2024/10/08,41.90,41.98,37.17,41.96,10444814,423844256.00
2024/10/09,39.61,41.96,36.50,38.25,8937638,354307936.00
2024/10/10,40.91,45.10,39.00,40.22,13423972,562957440.00
2024/10/11,40.22,40.66,34.81,36.40,7655774,282913696.00
2024/10/14,37.00,38.39,34.93,38.17,6263112,229522688.00
2024/10/15,38.00,41.50,37.25,39.11,6800065,270649632.00
2024/10/16,36.48,37.81,36.11,36.75,5308494,195729872.00
2024/10/17,37.38,38.85,36.45,37.62,5489931,205450928.00
2024/10/18,37.26,43.25,37.00,41.88,8852213,356438976.00
2024/10/21,43.00,45.10,42.04,42.39,8705007,377870368.00
2024/10/22,41.80,41.99,39.77,40.58,6272120,256343808.00
2024/10/23,40.38,41.28,39.45,39.59,4707288,189522528.00
2024/10/24,39.56,40.28,38.88,39.94,2895670,115233792.00
2024/10/25,40.20,41.87,39.86,40.90,4259308,175262960.00
2024/10/28,41.30,41.30,39.61,40.77,3936447,158876336.00
2024/10/29,41.25,44.74,41.00,42.67,7650616,328205056.00
2024/10/30,42.60,44.39,41.26,42.73,4321944,185047024.00
2024/10/31,42.71,48.89,41.00,47.28,7268177,326387008.00
2024/11/01,46.18,48.80,43.71,43.73,5501946,250266384.00
2024/11/04,38.00,39.50,35.10,36.91,11049947,402958784.00
2024/11/05,36.71,38.50,36.12,37.45,8000762,297471648.00
2024/11/06,37.50,39.22,37.43,37.95,5791770,221815648.00
2024/11/07,37.62,38.79,37.40,38.10,4407286,167466272.00
2024/11/08,38.20,40.38,38.20,39.80,5824110,229669472.00
2024/11/11,40.80,44.30,40.80,43.50,8103682,347819776.00
2024/11/12,44.25,44.25,41.30,41.86,5836437,247646080.00
2024/11/13,41.50,42.33,40.47,41.23,3574091,147293776.00
2024/11/14,41.19,41.19,39.00,39.01,3314342,132281592.00
2024/11/15,38.92,39.34,37.28,37.30,3193109,122391376.00
2024/11/18,37.20,37.76,35.61,35.96,2772814,100703752.00
2024/11/19,36.32,37.74,35.86,37.74,2480065,91004192.00
2024/11/20,37.39,38.68,37.21,38.62,2371603,90372840.00
2024/11/21,38.58,39.68,38.00,38.87,2575092,99293000.00
2024/11/22,39.00,39.56,36.36,36.37,2942817,111906808.00
数据来源:通达信
