600968 海油发展 日线 不复权
      日期	    开盘	    最高	    最低	    收盘	    成交量	    成交额
2019/06/26,2.45,2.94,2.45,2.94,3440873,10093480.00
2019/06/27,3.23,3.23,3.23,3.23,4403736,14224067.00
2019/06/28,3.55,3.55,3.55,3.55,3669617,13027140.00
2019/07/01,3.91,3.91,3.91,3.91,3225119,12610215.00
2019/07/02,4.30,4.30,4.30,4.30,63407083,272650464.00
2019/07/03,4.50,4.70,4.34,4.60,1166311894,5274072576.00
2019/07/04,4.46,4.48,4.20,4.23,680355382,2955243776.00
2019/07/05,4.16,4.37,4.03,4.21,494989210,2079901824.00
2019/07/08,4.13,4.40,4.06,4.31,489458350,2085055872.00
2019/07/09,4.22,4.26,4.11,4.15,304942145,1270998528.00
2019/07/10,4.17,4.19,4.05,4.10,253298239,1040853568.00
2019/07/11,4.17,4.24,4.05,4.07,282177798,1170394624.00
2019/07/12,3.95,3.97,3.78,3.84,412483595,1599749632.00
2019/07/15,3.82,3.89,3.76,3.86,208748361,800146816.00
2019/07/16,3.85,3.96,3.84,3.88,199530779,778895616.00
2019/07/17,3.83,3.83,3.76,3.77,232030950,879665920.00
2019/07/18,3.73,3.75,3.62,3.63,209006366,768186496.00
2019/07/19,3.66,3.93,3.63,3.78,325449517,1229247872.00
2019/07/22,3.71,3.72,3.61,3.62,197487657,721621056.00
2019/07/23,3.64,3.76,3.61,3.73,166016262,615066240.00
2019/07/24,3.72,3.80,3.70,3.72,205590809,768882944.00
2019/07/25,3.68,3.72,3.66,3.69,120146655,442847616.00
2019/07/26,3.67,3.68,3.63,3.66,89358820,326972128.00
2019/07/29,3.66,3.71,3.63,3.67,68615309,251666864.00
2019/07/30,3.67,3.71,3.65,3.67,94916804,349059232.00
2019/07/31,3.65,3.66,3.62,3.62,90845563,329948288.00
2019/08/01,3.60,3.61,3.52,3.54,123548512,439733920.00
2019/08/02,3.45,3.46,3.39,3.42,149137445,511234304.00
2019/08/05,3.41,3.44,3.36,3.36,101361086,344503424.00
2019/08/06,3.29,3.30,3.16,3.25,164203459,531934080.00
2019/08/07,3.26,3.33,3.20,3.23,157479222,513120768.00
2019/08/08,3.20,3.26,3.20,3.22,104285835,336336512.00
2019/08/09,3.23,3.29,3.17,3.19,122567218,396323712.00
2019/08/12,3.17,3.20,3.12,3.19,106598598,336797344.00
2019/08/13,3.15,3.24,3.13,3.22,100130091,319651392.00
2019/08/14,3.26,3.27,3.18,3.18,89671453,289056448.00
2019/08/15,3.09,3.17,3.06,3.16,90432554,282503456.00
2019/08/16,3.15,3.19,3.14,3.14,68563437,216702144.00
2019/08/19,3.16,3.29,3.14,3.28,159619143,513527136.00
2019/08/20,3.26,3.30,3.21,3.22,127553062,414393664.00
2019/08/21,3.22,3.24,3.18,3.18,77027046,247066832.00
2019/08/22,3.20,3.26,3.17,3.21,103548427,332713888.00
2019/08/23,3.19,3.21,3.18,3.19,64205007,205014560.00
2019/08/26,3.11,3.17,3.11,3.14,61453387,193126512.00
2019/08/27,3.17,3.22,3.16,3.20,78047581,248792288.00
2019/08/28,3.20,3.29,3.17,3.27,154132393,500167680.00
2019/08/29,3.28,3.30,3.24,3.25,101735305,332346656.00
2019/08/30,3.27,3.28,3.17,3.18,101289686,326489664.00
2019/09/02,3.17,3.26,3.16,3.25,86150796,277952320.00
2019/09/03,3.24,3.32,3.23,3.27,106929799,350113216.00
2019/09/04,3.26,3.35,3.24,3.35,131479090,432550592.00
2019/09/05,3.40,3.47,3.35,3.37,230764048,786113280.00
2019/09/06,3.36,3.52,3.36,3.43,188707134,649518080.00
2019/09/09,3.45,3.45,3.39,3.44,121219364,414614208.00
2019/09/10,3.44,3.45,3.35,3.41,131345885,445335040.00
2019/09/11,3.42,3.42,3.35,3.36,87487042,295674752.00
2019/09/12,3.37,3.38,3.33,3.35,71144835,238266432.00
2019/09/16,3.55,3.60,3.45,3.47,295346461,1036716992.00
2019/09/17,3.49,3.49,3.35,3.40,167363007,570612160.00
2019/09/18,3.31,3.34,3.29,3.30,120642606,399896960.00
2019/09/19,3.29,3.30,3.24,3.27,77690970,253560688.00
2019/09/20,3.27,3.29,3.25,3.26,52868189,172823152.00
2019/09/23,3.26,3.27,3.21,3.22,58870965,189825792.00
2019/09/24,3.22,3.27,3.21,3.23,56102479,181488928.00
2019/09/25,3.20,3.21,3.14,3.15,72651007,230062400.00
2019/09/26,3.16,3.17,3.08,3.08,73217758,227791584.00
2019/09/27,3.09,3.11,3.08,3.10,38463795,119183560.00
2019/09/30,3.11,3.12,3.08,3.08,31836245,98683576.00
2019/10/08,3.08,3.10,3.06,3.07,30361186,93543128.00
2019/10/09,3.05,3.09,3.03,3.09,36184885,110690152.00
2019/10/10,3.09,3.16,3.07,3.16,64338793,201038784.00
2019/10/11,3.15,3.23,3.12,3.20,82218426,260709040.00
2019/10/14,3.19,3.21,3.16,3.18,75204459,239540976.00
2019/10/15,3.16,3.17,3.10,3.10,55296426,172736032.00
2019/10/16,3.11,3.13,3.09,3.10,35146109,109228760.00
2019/10/17,3.10,3.15,3.09,3.14,43813325,136833552.00
2019/10/18,3.14,3.14,3.08,3.08,32976039,102295920.00
2019/10/21,3.08,3.09,3.05,3.07,25742759,78873840.00
2019/10/22,3.07,3.10,3.07,3.09,21108165,65101264.00
2019/10/23,3.09,3.10,3.07,3.08,21911878,67594600.00
2019/10/24,3.09,3.11,3.07,3.09,30051719,92893096.00
2019/10/25,3.08,3.10,3.06,3.09,29100070,89597136.00
2019/10/28,3.09,3.11,3.07,3.11,44071932,136455520.00
2019/10/29,3.12,3.12,3.06,3.06,41450247,127637904.00
2019/10/30,3.06,3.06,3.02,3.02,43189108,131184464.00
2019/10/31,3.02,3.04,2.96,2.96,60513843,180950048.00
2019/11/01,2.94,2.98,2.92,2.96,35842634,106015728.00
2019/11/04,2.96,2.98,2.96,2.96,22034736,65411636.00
2019/11/05,2.97,2.99,2.94,2.97,35245932,104618008.00
2019/11/06,2.96,2.97,2.92,2.93,32802009,96482016.00
2019/11/07,2.93,2.94,2.91,2.92,27933314,81565952.00
2019/11/08,2.93,2.94,2.91,2.91,28237700,82426960.00
2019/11/11,2.90,2.91,2.78,2.79,54569044,154712688.00
2019/11/12,2.78,2.81,2.75,2.78,29661362,82395664.00
2019/11/13,2.78,2.79,2.74,2.74,25217054,69638240.00
2019/11/14,2.74,2.79,2.74,2.77,31003835,85698464.00
2019/11/15,2.77,2.77,2.72,2.72,30797765,84292200.00
2019/11/18,2.72,2.77,2.71,2.75,27932056,76690016.00
2019/11/19,2.75,2.80,2.74,2.80,33070039,91983856.00
2019/11/20,2.79,2.79,2.76,2.76,26033914,72152176.00
2019/11/21,2.77,2.79,2.75,2.77,21578422,59774696.00
2019/11/22,2.77,2.83,2.77,2.80,46216956,129748088.00
2019/11/25,2.81,2.92,2.80,2.90,83883650,241318256.00
2019/11/26,2.89,2.89,2.84,2.86,51306528,146874688.00
2019/11/27,2.85,2.91,2.85,2.87,35340498,101880112.00
2019/11/28,2.88,2.88,2.79,2.80,42238956,119477272.00
2019/11/29,2.80,2.81,2.77,2.79,24574601,68407128.00
2019/12/02,2.79,2.79,2.75,2.77,24026072,66524752.00
2019/12/03,2.76,2.78,2.75,2.78,19071039,52708144.00
2019/12/04,2.77,2.83,2.76,2.82,31196517,87138736.00
2019/12/05,2.83,2.88,2.83,2.84,40718786,116075640.00
2019/12/06,2.84,2.85,2.82,2.85,24520482,69610352.00
2019/12/09,2.85,2.87,2.83,2.85,26264863,74877280.00
2019/12/10,2.86,2.95,2.85,2.92,70374025,204189968.00
2019/12/11,2.90,2.94,2.89,2.91,45274044,131568976.00
2019/12/12,2.91,2.93,2.89,2.89,38642104,112387440.00
2019/12/13,2.91,2.92,2.90,2.92,59774727,174069392.00
2019/12/16,2.93,2.94,2.90,2.93,54502369,159224608.00
2019/12/17,2.94,3.03,2.93,3.00,100693331,300443712.00
2019/12/18,3.00,3.08,2.99,3.03,87136971,265056224.00
2019/12/19,3.03,3.04,2.99,3.02,54481906,164234768.00
2019/12/20,3.01,3.04,2.99,2.99,47300599,142230112.00
2019/12/23,2.99,2.99,2.89,2.90,53312729,156772640.00
2019/12/24,2.90,2.93,2.89,2.92,31938045,93019752.00
2019/12/25,2.92,2.92,2.89,2.90,29146507,84644840.00
2019/12/26,2.90,2.91,2.89,2.91,29885207,86665776.00
2019/12/27,2.91,2.94,2.90,2.91,43529366,126965040.00
2019/12/30,2.90,2.92,2.86,2.92,36683874,106263352.00
2019/12/31,2.92,2.94,2.90,2.93,34297203,100139624.00
2020/01/02,2.95,2.99,2.93,2.97,58091325,172228656.00
2020/01/03,2.99,3.08,2.95,3.06,143073298,434917408.00
2020/01/06,3.12,3.18,3.10,3.16,205860432,646898752.00
2020/01/07,3.11,3.12,3.07,3.09,112154731,346372224.00
2020/01/08,3.15,3.18,3.07,3.10,123756679,385631328.00
2020/01/09,3.01,3.06,3.01,3.04,92088783,279545600.00
2020/01/10,3.04,3.05,3.01,3.01,53230600,160843280.00
2020/01/13,3.02,3.03,2.99,3.02,33968785,102327608.00
2020/01/14,3.02,3.04,3.00,3.01,39692620,119987096.00
2020/01/15,3.01,3.02,2.97,2.98,32712621,97639240.00
2020/01/16,2.98,3.00,2.94,2.94,31772758,94152864.00
2020/01/17,2.95,2.98,2.94,2.95,20899561,61792380.00
2020/01/20,2.96,2.99,2.94,2.98,28348887,84072664.00
2020/01/21,2.98,2.99,2.93,2.94,34632422,102147696.00
2020/01/22,2.92,2.93,2.88,2.90,37440291,108658656.00
2020/01/23,2.89,2.89,2.75,2.79,67025020,189322896.00
2020/02/03,2.51,2.51,2.51,2.51,29146600,73157968.00
2020/02/04,2.38,2.49,2.38,2.47,80835361,197994960.00
2020/02/05,2.45,2.55,2.44,2.51,56446704,141637168.00
2020/02/06,2.54,2.55,2.49,2.54,60852949,153704880.00
2020/02/07,2.54,2.54,2.49,2.52,48487023,122027120.00
2020/02/10,2.50,2.59,2.49,2.59,64093325,163794672.00
2020/02/11,2.59,2.63,2.56,2.59,49223288,127975968.00
2020/02/12,2.58,2.61,2.57,2.60,38199560,99056984.00
2020/02/13,2.62,2.64,2.58,2.59,42836681,111587072.00
2020/02/14,2.58,2.59,2.56,2.58,32327441,83173384.00
2020/02/17,2.58,2.64,2.58,2.63,55447941,144940992.00
2020/02/18,2.62,2.66,2.60,2.63,63865922,167648000.00
2020/02/19,2.62,2.65,2.61,2.63,44970804,118016624.00
2020/02/20,2.64,2.74,2.62,2.71,99878573,267671328.00
2020/02/21,2.69,2.71,2.67,2.69,68242254,183338080.00
2020/02/24,2.66,2.67,2.63,2.66,59686664,158339472.00
2020/02/25,2.60,2.62,2.55,2.61,73912149,191633696.00
2020/02/26,2.58,2.67,2.56,2.65,79485695,209011488.00
2020/02/27,2.65,2.70,2.63,2.64,56306155,149637392.00
2020/02/28,2.57,2.59,2.51,2.53,83307567,212848560.00
2020/03/02,2.55,2.62,2.53,2.61,57152673,147949072.00
2020/03/03,2.65,2.68,2.62,2.63,73022218,193463776.00
2020/03/04,2.61,2.65,2.61,2.64,49824107,130842128.00
2020/03/05,2.66,2.70,2.64,2.68,90535098,241870544.00
2020/03/06,2.65,2.69,2.63,2.67,69292593,184389440.00
2020/03/09,2.60,2.62,2.56,2.58,100287252,259721008.00
2020/03/10,2.52,2.59,2.51,2.59,64394026,164181136.00
2020/03/11,2.59,2.61,2.54,2.54,63021962,162535168.00
2020/03/12,2.51,2.53,2.49,2.51,58371769,146437792.00
2020/03/13,2.42,2.49,2.40,2.47,65019857,158579584.00
2020/03/16,2.47,2.50,2.42,2.42,47117243,116132216.00
2020/03/17,2.41,2.44,2.36,2.39,42290414,101171992.00
2020/03/18,2.40,2.41,2.33,2.34,45244118,107478048.00
2020/03/19,2.33,2.34,2.26,2.29,51433831,118021584.00
2020/03/20,2.31,2.35,2.30,2.35,34625462,80442656.00
2020/03/23,2.31,2.31,2.27,2.27,29967356,68582832.00
2020/03/24,2.31,2.32,2.28,2.32,27873929,64244704.00
2020/03/25,2.35,2.36,2.32,2.35,36153087,84681136.00
2020/03/26,2.34,2.34,2.31,2.31,22175548,51569428.00
2020/03/27,2.33,2.33,2.30,2.31,24461105,56638240.00
2020/03/30,2.29,2.29,2.24,2.26,34278592,77447416.00
2020/03/31,2.28,2.30,2.26,2.28,29674771,67699608.00
2020/04/01,2.28,2.31,2.27,2.29,27562610,63210344.00
2020/04/02,2.27,2.49,2.27,2.45,117443842,281445024.00
2020/04/03,2.42,2.42,2.36,2.40,76884287,183971872.00
2020/04/07,2.44,2.45,2.40,2.43,67343496,163026352.00
2020/04/08,2.40,2.41,2.39,2.40,35357119,84827928.00
2020/04/09,2.41,2.43,2.39,2.41,32558300,78200560.00
2020/04/10,2.39,2.40,2.36,2.37,29731285,70656840.00
2020/04/13,2.39,2.39,2.36,2.37,23499305,55844324.00
2020/04/14,2.37,2.40,2.36,2.40,27789746,66068144.00
2020/04/15,2.38,2.39,2.36,2.37,21335711,50686828.00
2020/04/16,2.36,2.41,2.35,2.39,26484547,63294588.00
2020/04/17,2.39,2.41,2.37,2.38,19943802,47565648.00
2020/04/20,2.37,2.38,2.35,2.37,22701586,53714624.00
2020/04/21,2.36,2.36,2.31,2.33,33936959,79147808.00
2020/04/22,2.31,2.32,2.29,2.31,28585278,65753188.00
2020/04/23,2.32,2.42,2.31,2.37,71369827,169675568.00
2020/04/24,2.37,2.40,2.29,2.30,48959948,114398560.00
2020/04/27,2.31,2.31,2.26,2.27,25932816,59203868.00
2020/04/28,2.29,2.29,2.21,2.25,30689943,68929560.00
2020/04/29,2.25,2.27,2.25,2.27,20289688,45859616.00
2020/04/30,2.28,2.33,2.28,2.32,35506380,82020760.00
2020/05/06,2.32,2.36,2.31,2.33,34358702,79963480.00
2020/05/07,2.33,2.33,2.31,2.32,18367403,42610560.00
2020/05/08,2.33,2.35,2.32,2.34,24551026,57326112.00
2020/05/11,2.34,2.36,2.33,2.34,20811457,48746200.00
2020/05/12,2.34,2.34,2.30,2.31,21725679,50265056.00
2020/05/13,2.30,2.32,2.29,2.31,16003599,36864264.00
2020/05/14,2.30,2.30,2.28,2.29,13467819,30862884.00
2020/05/15,2.30,2.31,2.29,2.29,14654047,33691488.00
2020/05/18,2.31,2.33,2.30,2.30,21265403,49108704.00
2020/05/19,2.33,2.34,2.31,2.32,24020600,55851208.00
2020/05/20,2.32,2.32,2.29,2.30,14947321,34450904.00
2020/05/21,2.31,2.34,2.29,2.34,26370893,60892052.00
2020/05/22,2.32,2.33,2.28,2.29,25493000,58654872.00
2020/05/25,2.28,2.29,2.27,2.27,13072534,29756120.00
2020/05/26,2.28,2.30,2.27,2.29,12954451,29591852.00
2020/05/27,2.29,2.30,2.27,2.29,12281500,28043690.00
2020/05/28,2.28,2.30,2.27,2.28,15404833,35174424.00
2020/05/29,2.28,2.29,2.27,2.27,14013900,31893576.00
2020/06/01,2.28,2.31,2.28,2.30,22749069,52268772.00
2020/06/02,2.30,2.33,2.29,2.33,29709035,68718136.00
2020/06/03,2.34,2.37,2.33,2.35,50647806,119332952.00
2020/06/04,2.35,2.36,2.32,2.33,31735541,74160200.00
2020/06/05,2.33,2.34,2.32,2.33,17706422,41180688.00
2020/06/08,2.34,2.39,2.34,2.37,53918614,128121256.00
2020/06/09,2.38,2.39,2.36,2.37,25223723,59797552.00
2020/06/10,2.36,2.37,2.34,2.36,23611686,55716320.00
2020/06/11,2.37,2.39,2.35,2.39,41262346,97759848.00
2020/06/12,2.35,2.40,2.34,2.39,46328517,109992384.00
2020/06/15,2.37,2.38,2.34,2.35,32593878,76757744.00
2020/06/16,2.35,2.37,2.34,2.36,18079172,42561648.00
2020/06/17,2.36,2.36,2.33,2.34,14915785,34973936.00
2020/06/18,2.35,2.41,2.33,2.39,47124259,112181288.00
2020/06/19,2.38,2.38,2.35,2.38,30276603,71655936.00
2020/06/22,2.37,2.38,2.35,2.36,19959620,47163512.00
2020/06/23,2.36,2.37,2.35,2.36,13618611,32134584.00
2020/06/24,2.36,2.37,2.35,2.36,16499820,38942864.00
2020/06/29,2.35,2.36,2.31,2.32,22658435,52805600.00
2020/06/30,2.33,2.34,2.32,2.33,16026026,37326056.00
2020/07/01,2.33,2.35,2.32,2.35,24353374,56833144.00
2020/07/02,2.34,2.41,2.34,2.40,70078365,166839808.00
2020/07/03,2.40,2.59,2.39,2.51,134410411,334181056.00
2020/07/06,2.53,2.75,2.52,2.69,206172447,540246784.00
2020/07/07,2.72,2.85,2.65,2.76,213376176,587574016.00
2020/07/08,2.72,2.76,2.66,2.72,134141015,363816672.00
2020/07/09,2.73,2.77,2.69,2.75,112323338,306502368.00
2020/07/10,2.71,2.71,2.60,2.61,110555348,293686912.00
2020/07/13,2.62,2.67,2.60,2.65,65109528,171929504.00
2020/07/14,2.66,2.66,2.60,2.62,68019807,178660320.00
2020/07/15,2.64,2.65,2.54,2.54,65197471,168391152.00
2020/07/16,2.54,2.57,2.45,2.46,68167120,170698896.00
2020/07/17,2.45,2.48,2.42,2.43,46758379,114150040.00
2020/07/20,2.44,2.50,2.43,2.50,46040482,113856040.00
2020/07/21,2.49,2.53,2.48,2.50,39255306,98206424.00
2020/07/22,2.52,2.60,2.51,2.57,82066167,210525488.00
2020/07/23,2.54,2.55,2.48,2.52,52611399,132125400.00
2020/07/24,2.52,2.55,2.44,2.46,49916959,124231648.00
2020/07/27,2.45,2.48,2.43,2.45,24434078,59757848.00
2020/07/28,2.47,2.49,2.45,2.47,25457053,62801016.00
2020/07/29,2.47,2.54,2.43,2.51,38724722,96119816.00
2020/07/30,2.50,2.61,2.50,2.57,85991582,220051168.00
2020/07/31,2.55,2.58,2.51,2.54,52677249,133920536.00
2020/08/03,2.54,2.59,2.53,2.58,70025709,179193536.00
2020/08/04,2.58,2.59,2.54,2.56,41749703,106976760.00
2020/08/05,2.56,2.65,2.53,2.60,84382594,219479088.00
2020/08/06,2.61,2.63,2.57,2.61,57593399,149825792.00
2020/08/07,2.58,2.60,2.53,2.55,57031972,146113392.00
2020/08/10,2.57,2.60,2.54,2.58,48283875,124483640.00
2020/08/11,2.58,2.67,2.57,2.60,90960404,239396352.00
2020/08/12,2.58,2.64,2.56,2.63,64068069,166397424.00
2020/08/13,2.62,2.65,2.61,2.62,45871600,120517936.00
2020/08/14,2.61,2.63,2.58,2.62,36474431,95073952.00
2020/08/17,2.64,2.65,2.60,2.63,58152052,152730016.00
2020/08/18,2.63,2.64,2.59,2.61,44746019,116740152.00
2020/08/19,2.61,2.62,2.59,2.59,38729755,100790688.00
2020/08/20,2.59,2.59,2.54,2.56,41353396,105997184.00
2020/08/21,2.57,2.58,2.55,2.56,19739935,50573816.00
2020/08/24,2.56,2.58,2.55,2.57,18437854,47323068.00
2020/08/25,2.57,2.58,2.52,2.53,31889749,81082824.00
2020/08/26,2.54,2.54,2.49,2.50,27895885,70044352.00
2020/08/27,2.51,2.51,2.47,2.50,23061773,57499384.00
2020/08/28,2.50,2.52,2.48,2.52,20680590,51687076.00
2020/08/31,2.53,2.54,2.51,2.52,24654073,62261480.00
2020/09/01,2.51,2.52,2.48,2.50,19538359,48755788.00
2020/09/02,2.51,2.52,2.47,2.49,23574932,58723284.00
2020/09/03,2.49,2.50,2.47,2.47,19710061,48954816.00
2020/09/04,2.45,2.47,2.43,2.47,22670979,55581904.00
2020/09/07,2.45,2.48,2.44,2.45,24344333,59778304.00
2020/09/08,2.46,2.52,2.43,2.51,39774147,98676592.00
2020/09/09,2.49,2.59,2.48,2.57,95308531,243368752.00
2020/09/10,2.57,2.58,2.44,2.44,69300172,173226384.00
2020/09/11,2.42,2.45,2.41,2.44,25254810,61381840.00
2020/09/14,2.44,2.46,2.42,2.44,18436062,44950480.00
2020/09/15,2.44,2.46,2.42,2.45,19315925,47117820.00
2020/09/16,2.45,2.49,2.44,2.47,23548217,57996660.00
2020/09/17,2.48,2.48,2.45,2.45,14757356,36309040.00
2020/09/18,2.47,2.47,2.44,2.47,18926087,46531860.00
2020/09/21,2.46,2.48,2.44,2.45,19458428,47808480.00
2020/09/22,2.43,2.46,2.42,2.43,19769700,48188564.00
2020/09/23,2.43,2.44,2.42,2.43,11524622,27994156.00
2020/09/24,2.42,2.43,2.36,2.37,26942900,64413284.00
2020/09/25,2.38,2.40,2.36,2.38,11792060,28058950.00
2020/09/28,2.38,2.39,2.35,2.36,12052215,28510484.00
2020/09/29,2.36,2.37,2.35,2.35,9183116,21667240.00
2020/09/30,2.35,2.37,2.33,2.34,10483515,24622708.00
2020/10/09,2.37,2.39,2.36,2.37,12385449,29417354.00
2020/10/12,2.37,2.43,2.37,2.42,24577691,59220864.00
2020/10/13,2.42,2.42,2.39,2.41,12745000,30638796.00
2020/10/14,2.40,2.41,2.37,2.39,11857338,28331884.00
2020/10/15,2.39,2.40,2.36,2.38,13517649,32150328.00
2020/10/16,2.37,2.39,2.37,2.37,11284706,26824184.00
2020/10/19,2.38,2.40,2.37,2.37,13076542,31122940.00
2020/10/20,2.37,2.38,2.36,2.37,8072472,19121448.00
2020/10/21,2.38,2.38,2.35,2.36,9354052,22092676.00
2020/10/22,2.36,2.36,2.34,2.36,10250095,24110638.00
2020/10/23,2.36,2.37,2.35,2.36,8512972,20075364.00
2020/10/26,2.36,2.36,2.34,2.35,7983400,18732600.00
2020/10/27,2.34,2.35,2.33,2.34,8916694,20824204.00
2020/10/28,2.34,2.34,2.31,2.32,10430824,24234680.00
2020/10/29,2.32,2.37,2.31,2.35,17211466,40380280.00
2020/10/30,2.35,2.36,2.30,2.31,17407590,40520376.00
2020/11/02,2.31,2.32,2.28,2.31,17767358,40870644.00
2020/11/03,2.32,2.35,2.31,2.33,14268030,33311592.00
2020/11/04,2.34,2.35,2.32,2.33,8898445,20765286.00
2020/11/05,2.34,2.36,2.33,2.36,15529566,36395472.00
2020/11/06,2.35,2.38,2.33,2.36,18716211,44079648.00
2020/11/09,2.36,2.41,2.36,2.39,31782429,76022496.00
2020/11/10,2.44,2.49,2.42,2.42,63598725,156187696.00
2020/11/11,2.42,2.46,2.38,2.43,48183125,116749664.00
2020/11/12,2.44,2.45,2.40,2.40,24997287,60542868.00
2020/11/13,2.40,2.44,2.38,2.42,24974430,59958576.00
2020/11/16,2.42,2.48,2.41,2.47,52367439,128655808.00
2020/11/17,2.48,2.49,2.45,2.46,31603514,77911544.00
2020/11/18,2.46,2.49,2.45,2.46,34427085,84897080.00
2020/11/19,2.46,2.48,2.44,2.44,27834267,68388888.00
2020/11/20,2.45,2.46,2.43,2.45,21057700,51519408.00
2020/11/23,2.46,2.52,2.45,2.50,60239568,149958800.00
2020/11/24,2.50,2.53,2.47,2.53,52753237,132104712.00
2020/11/25,2.58,2.65,2.55,2.56,179327622,467671104.00
2020/11/26,2.54,2.58,2.50,2.52,69192258,175550656.00
2020/11/27,2.51,2.53,2.47,2.49,43308273,108047840.00
2020/11/30,2.49,2.54,2.48,2.48,48684023,122283848.00
2020/12/01,2.47,2.52,2.46,2.50,34878936,86812712.00
2020/12/02,2.49,2.51,2.47,2.49,30651221,76344448.00
2020/12/03,2.50,2.56,2.49,2.55,61790183,156338880.00
2020/12/04,2.53,2.56,2.50,2.54,45094857,114079296.00
2020/12/07,2.53,2.53,2.48,2.48,30423876,75874384.00
2020/12/08,2.48,2.49,2.46,2.47,21603484,53523604.00
2020/12/09,2.48,2.49,2.45,2.45,26905922,66412604.00
2020/12/10,2.45,2.48,2.44,2.46,32930183,81191584.00
2020/12/11,2.48,2.50,2.45,2.50,68154616,168950688.00
2020/12/14,2.48,2.53,2.47,2.52,40106683,100421328.00
2020/12/15,2.51,2.51,2.47,2.48,22995900,57173956.00
2020/12/16,2.48,2.48,2.46,2.46,15560387,38392588.00
2020/12/17,2.47,2.49,2.43,2.48,25317171,62392172.00
2020/12/18,2.48,2.52,2.47,2.50,30581850,76233976.00
2020/12/21,2.48,2.49,2.46,2.47,28637143,70860520.00
2020/12/22,2.46,2.47,2.41,2.43,30231952,73849944.00
2020/12/23,2.42,2.44,2.39,2.40,24705700,59575504.00
2020/12/24,2.41,2.42,2.36,2.37,23041366,54909296.00
2020/12/25,2.37,2.41,2.36,2.41,20530008,49144016.00
2020/12/28,2.40,2.42,2.37,2.39,19485682,46637624.00
2020/12/29,2.39,2.40,2.37,2.38,15212000,36340440.00
2020/12/30,2.38,2.40,2.37,2.38,16877100,40225744.00
2020/12/31,2.38,2.41,2.38,2.39,16443152,39396004.00
2021/01/04,2.39,2.42,2.38,2.42,25848116,61968976.00
2021/01/05,2.41,2.41,2.37,2.38,30900678,73687120.00
2021/01/06,2.40,2.46,2.39,2.41,54508096,132138088.00
2021/01/07,2.41,2.41,2.37,2.38,39594319,94669456.00
2021/01/08,2.39,2.41,2.37,2.39,29397005,70230744.00
2021/01/11,2.39,2.40,2.31,2.31,43157676,101169896.00
2021/01/12,2.30,2.33,2.30,2.32,20649988,47876936.00
2021/01/13,2.34,2.37,2.32,2.36,34727340,81540672.00
2021/01/14,2.35,2.45,2.34,2.39,44142908,105797512.00
2021/01/15,2.39,2.43,2.38,2.39,23054701,55394684.00
2021/01/18,2.38,2.40,2.37,2.37,26170496,62271160.00
2021/01/19,2.38,2.40,2.36,2.38,22368063,53329096.00
2021/01/20,2.40,2.41,2.37,2.38,16706512,39899252.00
2021/01/21,2.38,2.40,2.37,2.39,18169196,43366964.00
2021/01/22,2.39,2.39,2.32,2.33,32480086,76222104.00
2021/01/25,2.33,2.34,2.28,2.29,32830200,75615136.00
2021/01/26,2.29,2.31,2.28,2.29,15940315,36565160.00
2021/01/27,2.29,2.31,2.29,2.30,16290523,37427832.00
2021/01/28,2.29,2.30,2.26,2.27,22080982,50194220.00
2021/01/29,2.28,2.28,2.22,2.24,25165500,56579656.00
2021/02/01,2.24,2.26,2.22,2.25,16733993,37468756.00
2021/02/02,2.26,2.26,2.23,2.24,20990603,47096868.00
2021/02/03,2.24,2.25,2.22,2.23,20786742,46354456.00
2021/02/04,2.23,2.25,2.19,2.25,29205916,64702392.00
2021/02/05,2.25,2.31,2.24,2.26,34093662,77505312.00
2021/02/08,2.26,2.27,2.23,2.25,18041417,40683096.00
2021/02/09,2.26,2.32,2.25,2.29,27981033,64111888.00
2021/02/10,2.28,2.28,2.25,2.27,26444316,59938840.00
2021/02/18,2.39,2.40,2.34,2.34,65148500,154212672.00
2021/02/19,2.32,2.39,2.31,2.39,43562598,102810816.00
2021/02/22,2.40,2.53,2.38,2.45,102981093,254727120.00
2021/02/23,2.50,2.52,2.43,2.45,71672206,177309312.00
2021/02/24,2.46,2.46,2.40,2.41,52553665,127549792.00
2021/02/25,2.44,2.46,2.41,2.42,34526100,83987568.00
2021/02/26,2.39,2.40,2.36,2.37,36242825,86145952.00
2021/03/01,2.37,2.41,2.37,2.40,28510897,68061352.00
2021/03/02,2.39,2.40,2.33,2.34,39556806,93328480.00
2021/03/03,2.36,2.45,2.34,2.44,61500462,147626080.00
2021/03/04,2.44,2.55,2.43,2.48,115143359,287697024.00
2021/03/05,2.55,2.64,2.50,2.51,122592432,313607712.00
2021/03/08,2.58,2.61,2.51,2.52,124430012,319777120.00
2021/03/09,2.49,2.53,2.40,2.47,91332222,225014480.00
2021/03/10,2.46,2.49,2.42,2.45,48154889,118232872.00
2021/03/11,2.45,2.63,2.43,2.59,136767074,351002656.00
2021/03/12,2.60,2.69,2.53,2.68,207429392,543223424.00
2021/03/15,2.67,2.69,2.60,2.64,129340925,341804768.00
2021/03/16,2.61,2.72,2.57,2.70,168485828,446232032.00
2021/03/17,2.66,2.67,2.58,2.60,112528168,294172960.00
2021/03/18,2.59,2.64,2.57,2.58,66429390,172500656.00
2021/03/19,2.52,2.57,2.51,2.55,73679832,186479392.00
2021/03/22,2.54,2.75,2.54,2.71,193626248,518563808.00
2021/03/23,2.74,2.78,2.66,2.68,160618040,436113824.00
2021/03/24,2.65,2.84,2.64,2.79,255379740,708739904.00
2021/03/25,2.79,2.79,2.59,2.61,192570287,511824128.00
2021/03/26,2.59,2.68,2.59,2.66,118026832,311995904.00
2021/03/29,2.69,2.73,2.63,2.71,122654498,328621536.00
2021/03/30,2.68,2.73,2.63,2.64,90403871,240192080.00
2021/03/31,2.63,2.68,2.61,2.66,75604675,200078192.00
2021/04/01,2.64,2.65,2.56,2.57,83690723,216419472.00
2021/04/02,2.59,2.61,2.54,2.55,59914980,153709552.00
2021/04/06,2.54,2.58,2.52,2.55,46243800,117874472.00
2021/04/07,2.55,2.58,2.54,2.57,46889596,119857936.00
2021/04/08,2.56,2.57,2.51,2.51,46431450,117840880.00
2021/04/09,2.52,2.54,2.50,2.53,33641630,84852128.00
2021/04/12,2.53,2.57,2.51,2.56,50690800,129051544.00
2021/04/13,2.56,2.57,2.51,2.53,33647005,85251632.00
2021/04/14,2.52,2.54,2.49,2.54,37709845,94754152.00
2021/04/15,2.55,2.55,2.50,2.51,28750404,72356344.00
2021/04/16,2.51,2.54,2.51,2.53,30786693,77803024.00
2021/04/19,2.53,2.55,2.52,2.54,34862001,88511648.00
2021/04/20,2.55,2.56,2.54,2.54,42052800,107196000.00
2021/04/21,2.53,2.54,2.51,2.53,33126143,83655712.00
2021/04/22,2.52,2.54,2.48,2.50,42418100,106546784.00
2021/04/23,2.50,2.51,2.48,2.49,24781807,61726764.00
2021/04/26,2.49,2.51,2.47,2.49,23173015,57706796.00
2021/04/27,2.48,2.49,2.45,2.47,27147421,66901412.00
2021/04/28,2.50,2.50,2.46,2.49,23288236,57748784.00
2021/04/29,2.48,2.49,2.47,2.48,19709527,48875508.00
2021/04/30,2.47,2.48,2.42,2.43,29413200,71837544.00
2021/05/06,2.44,2.47,2.43,2.46,24493434,60221548.00
2021/05/07,2.46,2.53,2.45,2.50,41163501,103037824.00
2021/05/10,2.52,2.58,2.51,2.58,68212032,174092160.00
2021/05/11,2.57,2.57,2.52,2.56,38707100,98445416.00
2021/05/12,2.56,2.59,2.55,2.58,41811488,107718592.00
2021/05/13,2.57,2.61,2.55,2.56,47007811,121397360.00
2021/05/14,2.56,2.59,2.54,2.57,33822344,86928896.00
2021/05/17,2.58,2.61,2.57,2.59,43487379,112763472.00
2021/05/18,2.59,2.66,2.58,2.65,73123986,192687584.00
2021/05/19,2.63,2.64,2.59,2.61,52238691,136504112.00
2021/05/20,2.59,2.60,2.54,2.57,40652630,104123160.00
2021/05/21,2.56,2.58,2.55,2.57,25050940,64287488.00
2021/05/24,2.59,2.73,2.58,2.65,100062015,266423264.00
2021/05/25,2.67,2.69,2.61,2.64,51295678,135368448.00
2021/05/26,2.64,2.68,2.62,2.64,49742451,131463504.00
2021/05/27,2.64,2.65,2.61,2.61,36841194,96559504.00
2021/05/28,2.64,2.65,2.58,2.59,42684622,111408896.00
2021/05/31,2.60,2.62,2.55,2.59,42252815,109108808.00
2021/06/01,2.60,2.65,2.57,2.62,51126550,133362528.00
2021/06/02,2.64,2.68,2.63,2.64,76138134,201941904.00
2021/06/03,2.65,2.67,2.62,2.63,55643562,147209472.00
2021/06/04,2.62,2.63,2.58,2.59,40178879,104204936.00
2021/06/07,2.61,2.68,2.60,2.66,81399828,216427952.00
2021/06/08,2.66,2.66,2.62,2.63,40753599,107363304.00
2021/06/09,2.65,2.75,2.63,2.73,122796232,332586464.00
2021/06/10,2.70,2.72,2.67,2.68,69474300,186849840.00
2021/06/11,2.68,2.78,2.68,2.72,113216152,309870528.00
2021/06/15,2.74,2.80,2.66,2.67,92575183,252178048.00
2021/06/16,2.70,2.94,2.69,2.94,252557850,725524480.00
2021/06/17,2.95,2.97,2.85,2.93,267554354,776324800.00
2021/06/18,2.85,2.88,2.75,2.80,191494369,535827104.00
2021/06/21,2.82,2.84,2.75,2.79,105707146,293963808.00
2021/06/22,2.83,2.90,2.77,2.80,167257490,473874464.00
2021/06/23,2.81,2.82,2.70,2.75,118346203,323749312.00
2021/06/24,2.73,2.77,2.70,2.73,73265336,199878288.00
2021/06/25,2.73,2.76,2.70,2.73,62590256,170781296.00
2021/06/28,2.75,2.75,2.64,2.65,98305091,263468960.00
2021/06/29,2.63,2.65,2.61,2.61,52826292,138621888.00
2021/06/30,2.62,2.63,2.58,2.59,42022492,109232272.00
2021/07/01,2.59,2.61,2.56,2.56,37857672,98019632.00
2021/07/02,2.59,2.62,2.57,2.57,43692418,113343120.00
2021/07/05,2.56,2.61,2.54,2.61,37302684,96340240.00
2021/07/06,2.61,2.62,2.59,2.61,28259095,73647704.00
2021/07/07,2.57,2.61,2.56,2.60,32885210,84870528.00
2021/07/08,2.59,2.60,2.56,2.57,31008195,79857072.00
2021/07/09,2.53,2.57,2.52,2.57,26957188,68517432.00
2021/07/12,2.59,2.59,2.55,2.56,32906124,84463600.00
2021/07/13,2.56,2.63,2.54,2.61,47433364,122669232.00
2021/07/14,2.62,2.63,2.58,2.59,44307713,115415928.00
2021/07/15,2.58,2.59,2.53,2.55,37284148,95187496.00
2021/07/16,2.56,2.57,2.53,2.53,28892428,73577448.00
2021/07/19,2.53,2.56,2.47,2.55,51008987,128638624.00
2021/07/20,2.52,2.53,2.49,2.53,27411082,68941592.00
2021/07/21,2.52,2.55,2.52,2.54,26758167,67804896.00
2021/07/22,2.55,2.57,2.51,2.54,46841868,118687616.00
2021/07/23,2.53,2.55,2.50,2.50,38663428,97318656.00
2021/07/26,2.50,2.51,2.42,2.44,47158040,115824688.00
2021/07/27,2.45,2.59,2.43,2.52,86205387,217070224.00
2021/07/28,2.51,2.53,2.45,2.48,36203176,89797096.00
2021/07/29,2.49,2.50,2.45,2.46,31984928,79052696.00
2021/07/30,2.46,2.47,2.41,2.44,41700900,101233216.00
2021/08/02,2.43,2.47,2.40,2.45,36273050,88412472.00
2021/08/03,2.44,2.47,2.43,2.45,19770909,48511616.00
2021/08/04,2.45,2.51,2.43,2.50,49898431,124374280.00
2021/08/05,2.51,2.51,2.48,2.48,26153486,65268304.00
2021/08/06,2.49,2.51,2.44,2.46,45966501,113466592.00
2021/08/09,2.45,2.48,2.44,2.48,20367202,50296144.00
2021/08/10,2.48,2.51,2.46,2.50,27253172,67922032.00
2021/08/11,2.50,2.58,2.49,2.55,65362781,166486480.00
2021/08/12,2.57,2.63,2.55,2.62,71687227,186254032.00
2021/08/13,2.62,2.62,2.59,2.60,34441970,89699816.00
2021/08/16,2.60,2.65,2.59,2.62,37677330,98826064.00
2021/08/17,2.63,2.63,2.55,2.55,64239708,165545088.00
2021/08/18,2.55,2.65,2.54,2.64,68091947,178569376.00
2021/08/19,2.64,2.64,2.56,2.58,53775391,138860000.00
2021/08/20,2.58,2.60,2.55,2.57,29331474,75312000.00
2021/08/23,2.58,2.61,2.58,2.61,34171039,88663072.00
2021/08/24,2.61,2.62,2.58,2.60,36784669,95602304.00
2021/08/25,2.59,2.63,2.57,2.62,51424560,134259888.00
2021/08/26,2.64,2.70,2.62,2.67,93111497,248093888.00
2021/08/27,2.66,2.72,2.65,2.68,58534629,157492352.00
2021/08/30,2.70,2.81,2.68,2.74,105038513,288797248.00
2021/08/31,2.74,2.79,2.71,2.78,72329210,199370016.00
2021/09/01,2.77,2.82,2.71,2.76,93337082,256456000.00
2021/09/02,2.73,2.80,2.71,2.79,73890650,204971328.00
2021/09/03,2.79,2.85,2.76,2.78,78871866,221456624.00
2021/09/06,2.78,2.85,2.77,2.84,77471969,218669648.00
2021/09/07,2.83,2.89,2.81,2.88,77960086,222960192.00
2021/09/08,2.87,2.91,2.86,2.90,81606021,235636496.00
2021/09/09,2.89,3.14,2.88,3.01,213293845,647522048.00
2021/09/10,3.00,3.07,2.95,2.98,140259032,421436800.00
2021/09/13,3.00,3.15,3.00,3.14,165957757,512439136.00
2021/09/14,3.26,3.33,3.04,3.10,259579090,821454144.00
2021/09/15,3.09,3.41,3.09,3.41,260000156,874162240.00
2021/09/16,3.50,3.55,3.31,3.31,424975481,1463181952.00
2021/09/17,3.25,3.50,3.12,3.21,221093375,729383488.00
2021/09/22,3.13,3.29,3.10,3.26,162270249,519130880.00
2021/09/23,3.27,3.40,3.17,3.21,145449116,469468320.00
2021/09/24,3.24,3.33,3.10,3.12,164759646,530238944.00
2021/09/27,3.15,3.18,2.94,2.99,147344531,448453120.00
2021/09/28,3.04,3.25,3.00,3.20,151058760,472265984.00
2021/09/29,3.11,3.16,3.02,3.05,101046114,310867360.00
2021/09/30,3.01,3.07,2.95,2.99,92476990,277239424.00
2021/10/08,3.10,3.23,3.10,3.20,147414843,468414432.00
2021/10/11,3.22,3.22,3.06,3.07,99097191,307658624.00
2021/10/12,3.06,3.15,2.98,3.01,79100549,240169728.00
2021/10/13,2.98,3.08,2.87,2.92,99582568,294837440.00
2021/10/14,2.89,2.92,2.82,2.88,64552296,184752800.00
2021/10/15,2.88,2.95,2.83,2.94,65032198,188779280.00
2021/10/18,2.93,3.08,2.91,3.06,85140866,256372608.00
2021/10/19,3.03,3.28,3.01,3.25,163429335,524606752.00
2021/10/20,3.19,3.26,3.16,3.19,97998334,313935232.00
2021/10/21,3.19,3.28,3.14,3.15,65888327,210082304.00
2021/10/22,3.13,3.16,2.99,3.03,76608007,234885648.00
2021/10/25,3.07,3.28,3.02,3.17,137984219,438989344.00
2021/10/26,3.18,3.21,3.10,3.12,67892603,213557776.00
2021/10/27,3.09,3.11,2.94,3.02,101298832,304891296.00
2021/10/28,3.01,3.03,2.86,2.88,86902889,253395520.00
2021/10/29,2.89,2.93,2.83,2.89,60701586,174720048.00
2021/11/01,2.86,2.91,2.84,2.88,45696907,131512600.00
2021/11/02,2.89,2.94,2.77,2.79,77423970,219998560.00
2021/11/03,2.78,2.83,2.74,2.79,42333777,117905456.00
2021/11/04,2.76,2.78,2.73,2.75,48113014,132382920.00
2021/11/05,2.75,2.76,2.64,2.64,61782200,165278800.00
2021/11/08,2.68,2.75,2.65,2.72,61042957,165126544.00
2021/11/09,2.73,2.76,2.70,2.72,39904121,108580096.00
2021/11/10,2.76,2.76,2.64,2.68,65512140,175143536.00
2021/11/11,2.65,2.70,2.63,2.68,42004171,112242136.00
2021/11/12,2.68,2.73,2.65,2.71,44080242,118724312.00
2021/11/15,2.70,2.72,2.67,2.71,32419872,87404208.00
2021/11/16,2.70,2.72,2.66,2.66,35061800,94257944.00
2021/11/17,2.66,2.68,2.64,2.67,31924788,85083280.00
2021/11/18,2.66,2.76,2.65,2.72,64436697,175753120.00
2021/11/19,2.73,2.81,2.68,2.80,64836653,179292768.00
2021/11/22,2.78,2.84,2.77,2.78,50809686,141789760.00
2021/11/23,2.79,2.85,2.76,2.80,48038275,134697984.00
2021/11/24,2.83,2.88,2.80,2.82,46934763,132875520.00
2021/11/25,2.81,2.82,2.74,2.79,63681851,177135200.00
2021/11/26,2.78,2.81,2.76,2.76,41659195,115737176.00
2021/11/29,2.70,2.76,2.65,2.74,45936383,124460880.00
2021/11/30,2.75,2.83,2.75,2.77,44892984,125068664.00
2021/12/01,2.75,2.93,2.74,2.88,98238346,280892544.00
2021/12/02,2.88,2.94,2.86,2.89,64504127,187502480.00
2021/12/03,2.88,2.91,2.82,2.88,68842613,196887664.00
2021/12/06,2.89,3.02,2.86,2.93,85738231,251962896.00
2021/12/07,2.95,2.97,2.86,2.90,62859124,182195488.00
2021/12/08,2.91,2.92,2.88,2.91,35866482,103997936.00
2021/12/09,2.91,2.92,2.88,2.89,40213158,116268280.00
2021/12/10,2.87,2.90,2.84,2.85,41037818,117768616.00
2021/12/13,2.85,2.90,2.84,2.87,35240000,101361784.00
2021/12/14,2.86,2.87,2.82,2.83,30440495,86473912.00
2021/12/15,2.82,2.85,2.82,2.84,29339357,83202368.00
2021/12/16,2.85,2.90,2.84,2.90,47533504,136890224.00
2021/12/17,2.90,2.94,2.86,2.89,57712867,167485392.00
2021/12/20,2.85,2.88,2.83,2.85,43428768,123804880.00
2021/12/21,2.85,2.96,2.85,2.94,82043430,240216016.00
2021/12/22,2.98,3.07,2.94,2.95,99458209,297159520.00
2021/12/23,2.95,2.99,2.91,2.97,53830126,159098432.00
2021/12/24,2.95,2.98,2.89,2.91,44099594,128590432.00
2021/12/27,2.92,2.96,2.89,2.93,38336433,112322400.00
2021/12/28,2.95,2.96,2.89,2.94,35494282,103822368.00
2021/12/29,2.93,2.94,2.89,2.89,40560292,117805376.00
2021/12/30,2.90,2.93,2.89,2.91,32055498,93394288.00
2021/12/31,2.91,2.95,2.89,2.93,40925821,119585944.00
2022/01/04,2.93,2.99,2.92,2.98,61158334,181393296.00
2022/01/05,2.99,2.99,2.93,2.95,43485100,128392688.00
2022/01/06,2.94,2.98,2.93,2.96,36587109,108261160.00
2022/01/07,2.97,3.05,2.96,2.98,80278739,240819776.00
2022/01/10,2.99,3.01,2.96,2.99,42068670,125390632.00
2022/01/11,2.98,3.00,2.93,2.94,42561496,126069160.00
2022/01/12,2.98,3.02,2.95,2.96,51817837,154431120.00
2022/01/13,2.97,3.05,2.96,2.99,62880514,188772880.00
2022/01/14,2.97,2.98,2.84,2.85,91153336,262871056.00
2022/01/17,2.85,2.88,2.84,2.87,35093333,100606416.00
2022/01/18,2.87,2.91,2.86,2.90,37946155,109512056.00
2022/01/19,2.91,2.93,2.87,2.89,27881609,80767392.00
2022/01/20,2.88,2.89,2.84,2.86,32169853,92076168.00
2022/01/21,2.85,2.86,2.78,2.80,36041465,101145872.00
2022/01/24,2.80,2.80,2.74,2.78,26230700,72654608.00
2022/01/25,2.77,2.78,2.68,2.68,35943696,97779096.00
2022/01/26,2.70,2.73,2.68,2.71,19869100,53711392.00
2022/01/27,2.73,2.74,2.67,2.67,31668586,85504776.00
2022/01/28,2.70,2.72,2.64,2.68,37583823,100601464.00
2022/02/07,2.75,2.90,2.75,2.83,84828477,240243728.00
2022/02/08,2.82,2.95,2.80,2.94,93694900,270508032.00
2022/02/09,2.93,3.00,2.92,2.98,80991790,240623600.00
2022/02/10,2.99,3.01,2.94,2.98,49159351,145913920.00
2022/02/11,2.96,2.99,2.92,2.93,47501800,140285056.00
2022/02/14,3.00,3.03,2.93,2.95,70877695,210723536.00
2022/02/15,2.93,2.96,2.87,2.89,41303310,120056128.00
2022/02/16,2.87,2.91,2.87,2.89,33361159,96233512.00
2022/02/17,2.89,2.91,2.86,2.88,34484719,99382480.00
2022/02/18,2.86,2.94,2.85,2.94,33694194,97884072.00
2022/02/21,2.95,2.96,2.90,2.93,30713369,89911208.00
2022/02/22,2.96,2.99,2.90,2.94,46736541,137370064.00
2022/02/23,2.95,2.95,2.89,2.93,32584337,94942480.00
2022/02/24,2.93,3.12,2.92,3.01,157595160,475059456.00
2022/02/25,2.95,3.02,2.93,2.97,94901150,282173408.00
2022/02/28,3.01,3.08,2.98,3.00,90572999,273845184.00
2022/03/01,3.00,3.07,2.98,3.03,75733734,228747168.00
2022/03/02,3.11,3.15,3.06,3.10,123948866,384273696.00
2022/03/03,3.14,3.19,3.10,3.17,145666023,459638880.00
2022/03/04,3.11,3.12,3.04,3.05,101650723,312939712.00
2022/03/07,3.13,3.16,3.02,3.04,75152712,231039920.00
2022/03/08,3.02,3.04,2.90,2.94,72907811,216253824.00
2022/03/09,2.97,2.99,2.75,2.86,75971608,218030496.00
2022/03/10,2.84,2.88,2.82,2.85,45986523,131304136.00
2022/03/11,2.82,2.83,2.73,2.82,57783329,160174640.00
2022/03/14,2.79,2.83,2.74,2.74,45169129,125746848.00
2022/03/15,2.72,2.72,2.50,2.50,89944418,234272400.00
2022/03/16,2.54,2.57,2.44,2.57,58685022,147542192.00
2022/03/17,2.58,2.63,2.56,2.59,51043445,132416024.00
2022/03/18,2.61,2.67,2.61,2.65,48590800,128445696.00
2022/03/21,2.66,2.67,2.60,2.63,35449147,93291000.00
2022/03/22,2.65,2.69,2.64,2.66,44097473,117398200.00
2022/03/23,2.67,2.69,2.64,2.66,36958074,98592840.00
2022/03/24,2.69,2.69,2.61,2.62,41528700,110033600.00
2022/03/25,2.59,2.64,2.59,2.60,33450421,87365912.00
2022/03/28,2.59,2.65,2.55,2.62,37744280,98339592.00
2022/03/29,2.60,2.71,2.58,2.66,61178024,162369632.00
2022/03/30,2.64,2.66,2.60,2.64,49917604,131084520.00
2022/03/31,2.63,2.66,2.62,2.63,39373915,103994496.00
2022/04/01,2.62,2.64,2.59,2.64,40234949,105389816.00
2022/04/06,2.63,2.67,2.61,2.67,59800562,157916496.00
2022/04/07,2.65,2.66,2.61,2.61,63335540,166807696.00
2022/04/08,2.62,2.63,2.57,2.61,36579219,95179784.00
2022/04/11,2.61,2.63,2.54,2.55,43509528,112648736.00
2022/04/12,2.55,2.59,2.50,2.59,35999621,91544984.00
2022/04/13,2.59,2.63,2.57,2.60,35584760,92680472.00
2022/04/14,2.61,2.65,2.60,2.63,36349309,95446368.00
2022/04/15,2.63,2.66,2.62,2.63,39110839,103206288.00
2022/04/18,2.62,2.62,2.58,2.61,27238993,70940384.00
2022/04/19,2.60,2.64,2.56,2.63,57380902,149426496.00
2022/04/20,2.61,2.62,2.54,2.55,53354163,137662208.00
2022/04/21,2.54,2.56,2.43,2.44,67571159,167498432.00
2022/04/22,2.44,2.59,2.39,2.57,80962467,203773344.00
2022/04/25,2.51,2.51,2.33,2.34,85731640,206337440.00
2022/04/26,2.34,2.34,2.24,2.25,46478937,106538536.00
2022/04/27,2.25,2.32,2.23,2.31,39342959,89525088.00
2022/04/28,2.30,2.33,2.26,2.30,34160863,78452488.00
2022/04/29,2.31,2.39,2.31,2.38,46729824,109805952.00
2022/05/05,2.38,2.48,2.38,2.45,49831036,121410344.00
2022/05/06,2.42,2.47,2.39,2.44,39196704,95405008.00
2022/05/09,2.42,2.46,2.40,2.45,23325625,56742992.00
2022/05/10,2.41,2.44,2.35,2.42,37758756,90585016.00
2022/05/11,2.42,2.45,2.41,2.42,31656200,77019280.00
2022/05/12,2.43,2.46,2.38,2.43,24355445,59023784.00
2022/05/13,2.42,2.44,2.41,2.43,20424443,49578328.00
2022/05/16,2.44,2.48,2.42,2.45,36561590,89475344.00
2022/05/17,2.47,2.51,2.46,2.49,50386339,125240416.00
2022/05/18,2.48,2.52,2.45,2.50,40290390,100271248.00
2022/05/19,2.50,2.57,2.47,2.56,53890694,136516416.00
2022/05/20,2.57,2.63,2.56,2.61,54509155,142226048.00
2022/05/23,2.63,2.72,2.61,2.70,65881645,176381184.00
2022/05/24,2.71,2.74,2.61,2.61,70517152,188547072.00
2022/05/25,2.62,2.69,2.61,2.68,45272149,120523840.00
2022/05/26,2.66,2.68,2.61,2.66,41144884,108592312.00
2022/05/27,2.68,2.72,2.65,2.68,50710265,136141152.00
2022/05/30,2.69,2.72,2.65,2.67,33498977,89638168.00
2022/05/31,2.69,2.75,2.68,2.74,66031709,180291664.00
2022/06/01,2.72,2.78,2.70,2.76,42800000,117419664.00
2022/06/02,2.74,2.75,2.69,2.74,32998450,89934160.00
2022/06/06,2.75,2.78,2.72,2.73,36408411,99784992.00
2022/06/07,2.73,2.76,2.68,2.74,39919875,108764344.00
2022/06/08,2.74,2.81,2.73,2.78,53696500,148986048.00
2022/06/09,2.80,2.84,2.75,2.78,51859528,145127184.00
2022/06/10,2.75,2.80,2.71,2.78,48113641,133061744.00
2022/06/13,2.76,2.83,2.74,2.79,44307900,123602000.00
2022/06/14,2.77,2.85,2.75,2.84,65114252,182722608.00
2022/06/15,2.84,2.85,2.76,2.77,54781500,153964224.00
2022/06/16,2.76,2.78,2.69,2.69,49510848,134759488.00
2022/06/17,2.67,2.73,2.67,2.70,28019223,75724304.00
2022/06/20,2.68,2.69,2.61,2.61,49672562,130614800.00
2022/06/21,2.62,2.63,2.58,2.59,33062200,86140472.00
2022/06/22,2.59,2.59,2.53,2.53,30906713,79286240.00
2022/06/23,2.54,2.58,2.53,2.57,30123708,77081896.00
2022/06/24,2.58,2.61,2.55,2.61,38171820,98877240.00
2022/06/27,2.61,2.63,2.59,2.61,31653825,82735216.00
2022/06/28,2.60,2.66,2.60,2.66,37302020,98392904.00
2022/06/29,2.66,2.69,2.61,2.62,31977622,84523648.00
2022/06/30,2.61,2.62,2.58,2.58,31971000,82946432.00
2022/07/01,2.57,2.59,2.56,2.57,21619418,55738840.00
2022/07/04,2.58,2.60,2.56,2.58,29912720,77032728.00
2022/07/05,2.59,2.63,2.58,2.60,36582822,95482408.00
2022/07/06,2.58,2.58,2.53,2.56,32191478,82334744.00
2022/07/07,2.54,2.56,2.53,2.53,27659587,70330600.00
2022/07/08,2.55,2.55,2.52,2.53,27078155,68617128.00
2022/07/11,2.49,2.49,2.43,2.44,29905592,73413472.00
2022/07/12,2.46,2.46,2.43,2.44,24894324,60948352.00
2022/07/13,2.44,2.45,2.42,2.44,28400877,69011800.00
2022/07/14,2.44,2.45,2.41,2.42,24013035,58230000.00
2022/07/15,2.41,2.43,2.38,2.38,29998999,72004528.00
2022/07/18,2.38,2.48,2.38,2.47,50844565,124663352.00
2022/07/19,2.49,2.52,2.47,2.51,32465733,81175296.00
2022/07/20,2.52,2.53,2.50,2.53,24910836,62657944.00
2022/07/21,2.53,2.53,2.50,2.50,18504095,46513992.00
2022/07/22,2.50,2.53,2.47,2.49,20376865,50964272.00
2022/07/25,2.50,2.52,2.48,2.48,20498166,51187656.00
2022/07/26,2.50,2.51,2.48,2.50,15757861,39354024.00
2022/07/27,2.49,2.53,2.49,2.52,21373406,53763876.00
2022/07/28,2.53,2.56,2.52,2.54,23701032,60216248.00
2022/07/29,2.55,2.59,2.53,2.55,22788212,58313792.00
2022/08/01,2.55,2.60,2.54,2.59,33282323,85681600.00
2022/08/02,2.57,2.59,2.49,2.56,47527173,120628888.00
2022/08/03,2.54,2.57,2.49,2.49,35174572,89141272.00
2022/08/04,2.51,2.52,2.46,2.49,24344525,60567936.00
2022/08/05,2.49,2.50,2.45,2.49,23362375,57627548.00
2022/08/08,2.48,2.49,2.45,2.47,27391520,67629832.00
2022/08/09,2.47,2.49,2.45,2.48,21836757,53908412.00
2022/08/10,2.47,2.49,2.45,2.47,18974350,46739792.00
2022/08/11,2.48,2.50,2.47,2.50,18476321,45961968.00
2022/08/12,2.50,2.56,2.49,2.55,37034207,94020656.00
2022/08/15,2.53,2.57,2.53,2.56,30266990,77190616.00
2022/08/16,2.55,2.55,2.52,2.54,22032906,55879572.00
2022/08/17,2.54,2.56,2.53,2.55,20025246,51024768.00
2022/08/18,2.55,2.56,2.50,2.53,23088899,58295640.00
2022/08/19,2.54,2.56,2.53,2.54,27652426,70396632.00
2022/08/22,2.53,2.59,2.53,2.58,36532926,93687168.00
2022/08/23,2.58,2.70,2.56,2.64,71263760,187482720.00
2022/08/24,2.64,2.66,2.57,2.58,64182256,167809968.00
2022/08/25,2.60,2.69,2.58,2.69,79471611,210731168.00
2022/08/26,2.66,2.67,2.60,2.62,66663064,174755024.00
2022/08/29,2.59,2.70,2.57,2.70,81491414,217124160.00
2022/08/30,2.80,2.95,2.73,2.83,244702146,687961984.00
2022/08/31,2.72,2.73,2.62,2.63,155446469,412539264.00
2022/09/01,2.61,2.67,2.60,2.63,75316598,198843216.00
2022/09/02,2.62,2.83,2.61,2.77,141332049,387009856.00
2022/09/05,2.84,2.94,2.83,2.88,165246960,476810816.00
2022/09/06,2.89,2.89,2.82,2.88,115301901,330155872.00
2022/09/07,2.86,2.99,2.86,2.93,118204976,346573280.00
2022/09/08,2.90,2.92,2.82,2.87,102856594,295133920.00
2022/09/09,2.86,2.93,2.83,2.87,72675457,209288016.00
2022/09/13,2.90,2.91,2.84,2.84,60354102,172798528.00
2022/09/14,2.81,2.91,2.80,2.86,72081024,207070192.00
2022/09/15,2.88,2.94,2.80,2.84,91383396,261737152.00
2022/09/16,2.84,2.90,2.77,2.79,97810384,277021248.00
2022/09/19,2.80,2.84,2.76,2.81,75635126,212068160.00
2022/09/20,2.82,2.83,2.76,2.78,48327073,134424416.00
2022/09/21,2.78,3.06,2.73,3.06,207387376,612141952.00
2022/09/22,3.03,3.04,2.94,2.99,196119811,584851072.00
2022/09/23,2.96,3.03,2.92,2.93,118467563,351311456.00
2022/09/26,2.86,2.88,2.75,2.77,130641280,365487648.00
2022/09/27,2.78,2.80,2.64,2.73,97443243,262978560.00
2022/09/28,2.76,2.83,2.70,2.76,78510864,216412928.00
2022/09/29,2.78,2.83,2.69,2.72,79888367,220352656.00
2022/09/30,2.71,2.94,2.69,2.88,141123512,400970112.00
2022/10/10,2.94,3.13,2.90,3.07,203515949,617216320.00
2022/10/11,2.98,3.03,2.93,2.99,129874004,387349312.00
2022/10/12,2.96,3.04,2.92,3.03,102188849,305187648.00
2022/10/13,3.00,3.02,2.91,3.00,94919599,282090624.00
2022/10/14,3.00,3.17,3.00,3.09,140514022,434378592.00
2022/10/17,3.05,3.07,2.97,3.06,90333682,272237344.00
2022/10/18,3.04,3.11,2.97,2.99,93859946,283951840.00
2022/10/19,2.95,3.08,2.94,2.99,88155277,264939808.00
2022/10/20,3.01,3.09,2.99,3.00,108092804,328621408.00
2022/10/21,2.96,3.06,2.96,3.01,85881444,258408608.00
2022/10/24,3.05,3.08,2.98,3.00,95989295,290592800.00
2022/10/25,2.99,3.01,2.86,2.92,111040890,325776800.00
2022/10/26,2.91,2.97,2.88,2.93,80338370,234914960.00
2022/10/27,2.94,3.03,2.94,2.97,62924109,188042912.00
2022/10/28,2.98,2.98,2.88,2.89,55348946,161834208.00
2022/10/31,2.84,2.91,2.82,2.84,51835547,147646800.00
2022/11/01,2.83,2.89,2.82,2.87,56375336,160950544.00
2022/11/02,2.87,2.93,2.85,2.92,52048646,150867440.00
2022/11/03,2.91,2.93,2.89,2.91,42407583,123398504.00
2022/11/04,2.91,2.98,2.90,2.97,52590078,155373392.00
2022/11/07,2.99,3.13,2.98,3.09,88367063,271628512.00
2022/11/08,3.10,3.14,3.04,3.08,41243188,126659752.00
2022/11/09,3.06,3.10,3.03,3.04,34320847,104829064.00
2022/11/10,3.01,3.03,2.96,3.01,39166980,116974712.00
2022/11/11,3.04,3.06,2.98,3.00,49141894,147875488.00
2022/11/14,3.02,3.04,2.94,2.95,47104800,140563184.00
2022/11/15,2.94,2.98,2.92,2.96,47731208,141063776.00
2022/11/16,2.97,3.01,2.93,3.01,52027272,154968208.00
2022/11/17,2.98,3.02,2.95,2.97,35574977,105919728.00
2022/11/18,2.95,2.97,2.89,2.93,61122231,178964688.00
2022/11/21,2.91,2.95,2.89,2.95,36464546,106558400.00
2022/11/22,2.93,3.06,2.92,3.01,76504271,230158016.00
2022/11/23,3.03,3.06,3.00,3.05,57006956,173097952.00
2022/11/24,3.02,3.11,3.00,3.08,76063805,233687616.00
2022/11/25,3.08,3.13,3.06,3.11,59597708,184979072.00
2022/11/28,3.09,3.12,3.03,3.09,69311785,213435088.00
2022/11/29,3.09,3.11,3.03,3.10,54163996,166711568.00
2022/11/30,3.09,3.16,3.08,3.13,45224439,141583360.00
2022/12/01,3.14,3.20,3.11,3.16,58972445,186356320.00
2022/12/02,3.18,3.26,3.16,3.26,71816687,232085824.00
2022/12/05,3.25,3.47,3.23,3.43,111956567,379500448.00
2022/12/06,3.38,3.40,3.31,3.33,73469363,245504704.00
2022/12/07,3.31,3.34,3.23,3.27,62830242,205403072.00
2022/12/08,3.24,3.27,3.17,3.20,43665795,140135424.00
2022/12/09,3.19,3.23,3.13,3.14,36706677,116049448.00
2022/12/12,3.14,3.18,3.11,3.13,48399537,151988752.00
2022/12/13,3.16,3.21,3.15,3.20,45141493,144139472.00
2022/12/14,3.20,3.20,3.11,3.13,32355912,101936520.00
2022/12/15,3.13,3.15,3.06,3.07,33459760,103736208.00
2022/12/16,3.05,3.11,3.05,3.09,27029374,83267224.00
2022/12/19,3.08,3.08,2.97,2.99,32970124,99295752.00
2022/12/20,3.01,3.06,3.00,3.02,30080492,91260616.00
2022/12/21,3.02,3.04,2.91,3.00,35272121,105203984.00
2022/12/22,3.02,3.03,2.92,2.93,30715899,91271152.00
2022/12/23,2.92,2.95,2.87,2.89,33868146,98531080.00
2022/12/26,2.91,2.94,2.90,2.94,28263842,82451584.00
2022/12/27,2.94,2.99,2.90,2.95,38276336,112714128.00
2022/12/28,2.94,2.97,2.90,2.94,29269655,85844384.00
2022/12/29,2.92,2.93,2.87,2.88,31901500,92204728.00
2022/12/30,2.89,2.92,2.87,2.88,20549600,59427980.00
2023/01/03,2.89,2.94,2.87,2.93,30635451,89265544.00
2023/01/04,2.92,2.96,2.91,2.93,30437134,89416840.00
2023/01/05,2.94,2.95,2.90,2.94,28819133,84218320.00
2023/01/06,2.93,2.95,2.92,2.94,21709630,63715952.00
2023/01/09,2.95,2.96,2.93,2.94,29043720,85580432.00
2023/01/10,2.95,2.96,2.88,2.90,32917581,95783088.00
2023/01/11,2.90,2.95,2.89,2.91,25095926,73423408.00
2023/01/12,2.94,3.05,2.93,2.97,58988532,176356096.00
2023/01/13,2.96,3.00,2.96,2.98,27431448,81745016.00
2023/01/16,3.00,3.03,2.96,3.00,33958080,101831752.00
2023/01/17,3.01,3.01,2.95,2.97,25447783,75578480.00
2023/01/18,2.97,3.04,2.96,3.02,30795087,92829032.00
2023/01/19,3.02,3.02,2.97,3.01,31656538,94922768.00
2023/01/20,3.02,3.08,3.01,3.05,30921594,94355272.00
2023/01/30,3.10,3.20,3.09,3.16,72428375,228127904.00
2023/01/31,3.17,3.21,3.15,3.19,47661087,151580032.00
2023/02/01,3.19,3.23,3.18,3.22,48635185,156115728.00
2023/02/02,3.24,3.24,3.16,3.23,40388301,129652544.00
2023/02/03,3.21,3.23,3.17,3.22,34312525,109583376.00
2023/02/06,3.20,3.23,3.17,3.22,33164826,106318944.00
2023/02/07,3.23,3.23,3.19,3.22,23170843,74458048.00
2023/02/08,3.24,3.27,3.21,3.22,34930798,113008664.00
2023/02/09,3.23,3.24,3.20,3.24,21739917,70067928.00
2023/02/10,3.22,3.25,3.18,3.22,32691922,104933536.00
2023/02/13,3.25,3.26,3.22,3.24,31488658,102205944.00
2023/02/14,3.25,3.35,3.24,3.33,45116600,149399232.00
2023/02/15,3.32,3.32,3.22,3.23,40805505,133049536.00
2023/02/16,3.24,3.28,3.14,3.18,56383050,181730832.00
2023/02/17,3.19,3.28,3.17,3.23,40057132,129604744.00
2023/02/20,3.24,3.25,3.18,3.21,50152116,160994400.00
2023/02/21,3.22,3.31,3.21,3.28,50002455,163764400.00
2023/02/22,3.27,3.31,3.24,3.30,34786920,114437264.00
2023/02/23,3.30,3.31,3.25,3.27,23089200,75586288.00
2023/02/24,3.28,3.30,3.23,3.27,32230214,105028416.00
2023/02/27,3.28,3.30,3.25,3.28,28317492,92866712.00
2023/02/28,3.28,3.29,3.22,3.27,39047296,127161304.00
2023/03/01,3.27,3.29,3.23,3.26,50042728,163147664.00
2023/03/02,3.24,3.29,3.24,3.27,31146008,101865400.00
2023/03/03,3.27,3.32,3.26,3.31,41245403,135838736.00
2023/03/06,3.32,3.41,3.31,3.35,47350004,159120368.00
2023/03/07,3.34,3.45,3.32,3.33,58246377,197512336.00
2023/03/08,3.31,3.32,3.23,3.29,36964182,121078728.00
2023/03/09,3.30,3.31,3.25,3.26,23736452,77629464.00
2023/03/10,3.25,3.27,3.18,3.19,34762054,111840704.00
2023/03/13,3.19,3.26,3.18,3.25,31896718,102892912.00
2023/03/14,3.21,3.24,3.12,3.13,44123758,139727104.00
2023/03/15,3.15,3.27,3.14,3.25,46150593,148629984.00
2023/03/16,3.22,3.22,3.11,3.11,52358396,164947264.00
2023/03/17,3.14,3.23,3.13,3.17,49997067,159079728.00
2023/03/20,3.18,3.23,3.14,3.15,48293253,153568672.00
2023/03/21,3.16,3.17,3.10,3.12,40079977,125093680.00
2023/03/22,3.13,3.15,3.11,3.13,28094831,87983472.00
2023/03/23,3.14,3.16,3.11,3.15,28972519,90978072.00
2023/03/24,3.14,3.25,3.12,3.19,58334177,185863184.00
2023/03/27,3.20,3.32,3.15,3.23,77600584,251616512.00
2023/03/28,3.25,3.30,3.22,3.24,44731700,145736784.00
2023/03/29,3.22,3.24,3.12,3.15,75083800,238439280.00
2023/03/30,3.15,3.20,3.09,3.19,49178745,154618624.00
2023/03/31,3.19,3.31,3.16,3.30,68924656,224318064.00
2023/04/03,3.34,3.57,3.33,3.45,121274642,419180832.00
2023/04/04,3.47,3.54,3.43,3.51,66375070,231608368.00
2023/04/06,3.51,3.52,3.43,3.45,40088857,139130608.00
2023/04/07,3.45,3.46,3.39,3.43,30740200,105293136.00
2023/04/10,3.44,3.49,3.41,3.42,34236700,118038488.00
2023/04/11,3.45,3.54,3.43,3.50,63987803,222950224.00
2023/04/12,3.52,3.67,3.50,3.60,80670340,290020064.00
2023/04/13,3.65,3.78,3.62,3.69,79492778,295088608.00
2023/04/14,3.71,3.73,3.64,3.70,52036771,191963264.00
2023/04/17,3.69,3.80,3.68,3.76,57767919,217202160.00
2023/04/18,3.77,3.78,3.58,3.61,122523480,444288448.00
2023/04/19,3.62,3.69,3.59,3.61,71218703,258362256.00
2023/04/20,3.59,3.68,3.59,3.67,62190269,226181984.00
2023/04/21,3.67,3.76,3.61,3.62,54596800,201055728.00
2023/04/24,3.64,3.66,3.58,3.60,45113000,163309328.00
2023/04/25,3.60,3.66,3.57,3.61,51779903,187302112.00
2023/04/26,3.65,3.65,3.47,3.55,64992898,229889056.00
2023/04/27,3.58,3.61,3.52,3.57,32287262,115059408.00
2023/04/28,3.54,3.74,3.54,3.69,72425405,266037856.00
2023/05/04,3.62,3.62,3.49,3.59,89942293,319198848.00
2023/05/05,3.59,3.60,3.47,3.52,46613993,163989728.00
2023/05/08,3.52,3.65,3.52,3.59,59002373,211776144.00
2023/05/09,3.61,3.65,3.55,3.56,46935800,168708992.00
2023/05/10,3.57,3.58,3.45,3.47,41067500,143140416.00
2023/05/11,3.47,3.49,3.44,3.45,27167793,94156456.00
2023/05/12,3.44,3.47,3.38,3.39,28179079,96160984.00
2023/05/15,3.40,3.42,3.33,3.42,28651353,96529368.00
2023/05/16,3.42,3.43,3.35,3.36,23569288,79826120.00
2023/05/17,3.36,3.39,3.31,3.38,22137919,74349904.00
2023/05/18,3.39,3.44,3.37,3.38,24379470,82833216.00
2023/05/19,3.37,3.38,3.32,3.34,22756522,76059656.00
2023/05/22,3.34,3.36,3.31,3.34,27306579,91191080.00
2023/05/23,3.33,3.35,3.27,3.27,23281700,76831608.00
2023/05/24,3.27,3.28,3.22,3.23,20702392,67255744.00
2023/05/25,3.22,3.23,3.17,3.20,30084836,96179088.00
2023/05/26,3.21,3.21,3.15,3.20,21376233,68093792.00
2023/05/29,3.20,3.29,3.19,3.24,32587795,105738808.00
2023/05/30,3.25,3.31,3.22,3.30,26464679,86334160.00
2023/05/31,3.27,3.32,3.24,3.30,34000219,111882328.00
2023/06/01,3.29,3.41,3.27,3.34,33803750,113294480.00
2023/06/02,3.36,3.37,3.23,3.26,54214321,178536832.00
2023/06/05,3.27,3.28,3.21,3.23,28821271,93244368.00
2023/06/06,3.24,3.24,3.16,3.17,23965718,76626008.00
2023/06/07,3.17,3.19,3.13,3.17,22849910,72224024.00
2023/06/08,3.17,3.19,3.14,3.18,16709100,52982664.00
2023/06/09,3.16,3.18,3.15,3.16,18325670,57927680.00
2023/06/12,3.17,3.21,3.15,3.19,23685373,75514664.00
2023/06/13,3.18,3.19,3.13,3.13,25739210,81016344.00
2023/06/14,3.14,3.17,3.11,3.14,27108072,85006384.00
2023/06/15,3.14,3.14,3.01,3.04,62885778,191516064.00
2023/06/16,3.06,3.11,3.05,3.09,36673164,113222080.00
2023/06/19,3.08,3.09,3.03,3.04,21437600,65364920.00
2023/06/20,3.04,3.05,3.01,3.02,20605387,62405964.00
2023/06/21,3.02,3.05,2.97,2.98,28019277,84386816.00
2023/06/26,2.98,2.98,2.94,2.95,28202605,83371544.00
2023/06/27,2.95,3.02,2.94,3.01,26233461,78305184.00
2023/06/28,3.02,3.10,2.99,3.08,33359436,101799120.00
2023/06/29,3.08,3.09,3.02,3.04,30900513,94040544.00
2023/06/30,3.04,3.08,3.03,3.07,22346200,68315176.00
2023/07/03,3.07,3.14,3.06,3.12,28851654,89633184.00
2023/07/04,3.13,3.14,3.10,3.12,19911860,62200164.00
2023/07/05,3.13,3.16,3.11,3.14,28656570,89898760.00
2023/07/06,3.06,3.10,3.06,3.08,27399670,84285888.00
2023/07/07,3.07,3.11,3.06,3.09,17466600,53907864.00
2023/07/10,3.10,3.12,3.07,3.09,18853400,58273924.00
2023/07/11,3.11,3.11,3.07,3.09,13380200,41223184.00
2023/07/12,3.10,3.11,3.06,3.07,20786129,64197840.00
2023/07/13,3.08,3.11,3.07,3.11,21666943,67205576.00
2023/07/14,3.12,3.14,3.10,3.12,21257233,66352360.00
2023/07/17,3.10,3.12,3.06,3.10,19074200,58897712.00
2023/07/18,3.09,3.10,3.06,3.06,28610781,87920672.00
2023/07/19,3.08,3.09,3.05,3.07,22948198,70567776.00
2023/07/20,3.08,3.09,3.01,3.02,29330439,89417736.00
2023/07/21,3.02,3.05,2.98,3.00,26257213,79093600.00
2023/07/24,3.01,3.04,2.98,3.01,20317100,61219088.00
2023/07/25,3.03,3.07,3.03,3.05,22225700,67786336.00
2023/07/26,3.05,3.07,3.02,3.04,19766173,60162620.00
2023/07/27,3.04,3.08,3.03,3.05,26624929,81504592.00
2023/07/28,3.03,3.11,3.02,3.10,29141245,89410784.00
2023/07/31,3.10,3.13,3.09,3.11,37357768,116047464.00
2023/08/01,3.12,3.14,3.10,3.13,34809249,108659264.00
2023/08/02,3.12,3.19,3.11,3.17,60658269,190741616.00
2023/08/03,3.15,3.17,3.09,3.11,94426200,294628800.00
2023/08/04,3.12,3.13,3.06,3.06,66990067,206894736.00
2023/08/07,3.05,3.07,3.03,3.04,42851005,130490528.00
2023/08/08,3.04,3.05,3.01,3.04,31364700,95066120.00
2023/08/09,3.04,3.04,2.98,2.99,43009688,128979664.00
2023/08/10,3.01,3.13,2.99,3.11,109548573,336632032.00
2023/08/11,3.10,3.12,3.04,3.05,66301850,203928080.00
2023/08/14,3.03,3.07,2.97,3.06,60238495,182276464.00
2023/08/15,3.05,3.06,3.01,3.05,28799192,87435464.00
2023/08/16,3.03,3.04,2.88,2.91,98602907,291698368.00
2023/08/17,2.90,2.92,2.84,2.90,63986700,184697008.00
2023/08/18,2.89,3.01,2.88,2.94,67872093,200706320.00
2023/08/21,2.93,2.96,2.84,2.85,61533962,177070000.00
2023/08/22,2.86,2.90,2.85,2.87,31955238,91707960.00
2023/08/23,2.87,2.89,2.85,2.85,23523700,67503920.00
2023/08/24,2.89,3.01,2.88,2.98,84007738,247838800.00
2023/08/25,2.99,3.04,2.97,3.00,49266680,148352528.00
2023/08/28,3.12,3.15,3.06,3.09,74882174,231446928.00
2023/08/29,3.08,3.09,3.04,3.06,42287920,129604536.00
2023/08/30,3.07,3.10,3.06,3.07,41400000,127501920.00
2023/08/31,3.07,3.11,3.06,3.09,39236219,121223024.00
2023/09/01,3.10,3.13,3.09,3.12,34415081,107223840.00
2023/09/04,3.14,3.24,3.12,3.20,72720129,231828208.00
2023/09/05,3.17,3.20,3.13,3.19,46754388,148296608.00
2023/09/06,3.19,3.22,3.16,3.17,26577145,84634224.00
2023/09/07,3.17,3.22,3.15,3.17,38739900,123632504.00
2023/09/08,3.17,3.17,3.11,3.14,33900200,106237560.00
2023/09/11,3.17,3.23,3.15,3.19,37131300,118634688.00
2023/09/12,3.20,3.21,3.16,3.16,21398900,68138896.00
2023/09/13,3.18,3.23,3.17,3.19,31063685,99430376.00
2023/09/14,3.21,3.24,3.19,3.23,37620031,120981320.00
2023/09/15,3.24,3.31,3.21,3.24,45579709,148633312.00
2023/09/18,3.24,3.24,3.17,3.19,34278815,109421992.00
2023/09/19,3.19,3.25,3.18,3.21,32554700,104852088.00
2023/09/20,3.23,3.25,3.19,3.23,29553700,95415992.00
2023/09/21,3.22,3.23,3.18,3.19,26270000,84098536.00
2023/09/22,3.20,3.21,3.16,3.19,28102600,89371928.00
2023/09/25,3.19,3.23,3.16,3.16,25563978,81614768.00
2023/09/26,3.17,3.19,3.14,3.15,22164100,70176168.00
2023/09/27,3.17,3.24,3.15,3.23,41520719,133453400.00
2023/09/28,3.25,3.30,3.24,3.27,36650203,120055056.00
2023/10/09,3.26,3.26,3.16,3.20,38397700,122416552.00
2023/10/10,3.19,3.26,3.15,3.16,31513227,100733496.00
2023/10/11,3.17,3.18,3.05,3.06,46910500,145177520.00
2023/10/12,3.07,3.13,3.07,3.09,26594500,82361328.00
2023/10/13,3.09,3.09,3.05,3.08,19362900,59476816.00
2023/10/16,3.10,3.20,3.09,3.18,50474800,159922704.00
2023/10/17,3.18,3.22,3.12,3.21,32668443,103684120.00
2023/10/18,3.23,3.24,3.17,3.19,25508100,81602472.00
2023/10/19,3.17,3.20,3.12,3.14,25062500,78721584.00
2023/10/20,3.14,3.15,3.08,3.10,21692600,67447640.00
2023/10/23,3.07,3.12,3.02,3.04,31874000,97844888.00
2023/10/24,3.03,3.14,3.02,3.12,37957900,117730664.00
2023/10/25,3.13,3.16,3.12,3.13,26745469,84089104.00
2023/10/26,3.12,3.14,3.08,3.13,25317200,78731232.00
2023/10/27,3.10,3.12,3.06,3.08,37805220,116571728.00
2023/10/30,3.08,3.10,3.06,3.06,31036820,95373352.00
2023/10/31,3.06,3.07,3.03,3.04,21399160,65093144.00
2023/11/01,3.05,3.06,3.02,3.02,22368640,67838288.00
2023/11/02,3.04,3.06,3.02,3.02,23598581,71622776.00
2023/11/03,3.04,3.05,2.99,3.00,29183769,88059840.00
2023/11/06,3.00,3.02,2.97,2.99,53975400,161125280.00
2023/11/07,2.99,3.00,2.95,2.96,38037140,112966784.00
2023/11/08,2.95,2.97,2.93,2.96,29802900,88026400.00
2023/11/09,2.96,2.98,2.95,2.97,21962131,65111436.00
2023/11/10,2.97,2.97,2.93,2.95,25585100,75369120.00
2023/11/13,2.95,3.02,2.92,3.00,56946591,169172032.00
2023/11/14,3.01,3.06,3.00,3.03,46720200,141622016.00
2023/11/15,3.03,3.04,2.97,2.99,44591266,133439120.00
2023/11/16,2.98,2.99,2.94,2.96,28586900,84922624.00
2023/11/17,2.95,3.01,2.92,3.00,49891600,148354368.00
2023/11/20,3.01,3.03,2.99,3.01,37260137,111955168.00
2023/11/21,3.02,3.03,2.98,2.99,29896600,89963352.00
2023/11/22,3.00,3.00,2.91,2.94,51881800,153523936.00
2023/11/23,2.94,2.96,2.93,2.95,18574900,54747160.00
2023/11/24,2.96,2.97,2.92,2.93,24171500,71016976.00
2023/11/27,2.93,2.94,2.89,2.90,26265281,76345552.00
2023/11/28,2.89,2.92,2.88,2.90,18428597,53467204.00
2023/11/29,2.90,2.95,2.89,2.93,42360059,123794864.00
2023/11/30,2.93,2.96,2.89,2.90,37825200,110343120.00
2023/12/01,2.90,2.94,2.89,2.92,26993052,78751384.00
2023/12/04,2.93,2.95,2.90,2.92,28007600,81944344.00
2023/12/05,2.92,2.93,2.86,2.86,31074252,89671184.00
2023/12/06,2.86,2.87,2.83,2.83,31193400,88707384.00
2023/12/07,2.82,2.84,2.79,2.82,34241441,96285488.00
2023/12/08,2.81,2.84,2.80,2.80,28518365,80355664.00
2023/12/11,2.80,2.84,2.76,2.84,34996226,98343640.00
2023/12/12,2.84,2.84,2.80,2.83,26178042,73762112.00
2023/12/13,2.82,2.85,2.81,2.81,39069200,110373648.00
2023/12/14,2.82,2.84,2.80,2.81,26428996,74482416.00
2023/12/15,2.82,2.93,2.81,2.85,62572456,179195744.00
2023/12/18,2.84,2.85,2.77,2.78,53384200,149424336.00
2023/12/19,2.79,2.82,2.77,2.79,24802200,69357608.00
2023/12/20,2.81,2.82,2.77,2.78,23248000,65090192.00
2023/12/21,2.78,2.81,2.75,2.80,27363382,76312240.00
2023/12/22,2.81,2.81,2.77,2.80,27834313,77752408.00
2023/12/25,2.80,2.81,2.76,2.79,16369800,45530404.00
2023/12/26,2.79,2.80,2.77,2.78,12497092,34779016.00
2023/12/27,2.79,2.85,2.77,2.84,38007237,107050568.00
2023/12/28,2.83,2.85,2.81,2.84,29065333,82297384.00
2023/12/29,2.83,2.86,2.82,2.85,31384100,89312040.00
2024/01/02,2.85,2.92,2.85,2.91,49732606,143658112.00
2024/01/03,2.90,2.95,2.89,2.93,40013662,116973952.00
2024/01/04,2.93,2.95,2.91,2.94,27556185,80803960.00
2024/01/05,2.93,2.95,2.89,2.91,26819057,78401288.00
2024/01/08,2.91,2.91,2.88,2.88,25967601,75252904.00
2024/01/09,2.88,2.94,2.86,2.90,25902054,75196752.00
2024/01/10,2.89,2.91,2.85,2.87,25253604,72562152.00
2024/01/11,2.87,2.90,2.86,2.88,19528618,56287308.00
2024/01/12,2.90,2.92,2.89,2.90,18381899,53441152.00
2024/01/15,2.90,2.93,2.88,2.91,21524739,62597832.00
2024/01/16,2.91,2.92,2.87,2.90,23945600,69363752.00
2024/01/17,2.90,2.92,2.85,2.86,24276257,70303008.00
2024/01/18,2.86,2.87,2.73,2.82,38567481,107519944.00
2024/01/19,2.83,2.83,2.77,2.79,25368052,70936016.00
2024/01/22,2.78,2.79,2.65,2.67,32448700,88708272.00
2024/01/23,2.67,2.72,2.62,2.70,25088217,67065744.00
2024/01/24,2.72,2.85,2.71,2.84,48334071,134056912.00
2024/01/25,2.85,3.03,2.84,3.02,85547321,253543808.00
2024/01/26,3.02,3.03,2.98,3.01,44411900,133575184.00
2024/01/29,3.01,3.08,3.01,3.03,48540295,147724336.00
2024/01/30,3.04,3.04,2.97,2.98,36385808,109510000.00
2024/01/31,2.97,2.98,2.90,2.93,33256503,98019224.00
2024/02/01,2.92,2.99,2.87,2.90,38675014,113572600.00
2024/02/02,2.91,2.95,2.81,2.86,38262170,110243280.00
2024/02/05,2.85,2.85,2.72,2.77,53397354,149137728.00
2024/02/06,2.77,2.95,2.71,2.91,53633400,151979968.00
2024/02/07,2.92,3.07,2.90,3.07,72947058,220000816.00
2024/02/08,3.07,3.19,3.04,3.16,75784327,238907984.00
2024/02/19,3.19,3.19,3.12,3.15,61141710,192184784.00
2024/02/20,3.14,3.16,3.11,3.14,32839500,103074312.00
2024/02/21,3.13,3.19,3.12,3.15,36002385,114028824.00
2024/02/22,3.13,3.19,3.12,3.19,36187072,114427768.00
2024/02/23,3.18,3.27,3.16,3.26,54208709,174260576.00
2024/02/26,3.25,3.36,3.24,3.27,58020482,191499744.00
2024/02/27,3.26,3.31,3.24,3.28,30808184,100985600.00
2024/02/28,3.27,3.31,3.22,3.24,43436722,142008624.00
2024/02/29,3.24,3.32,3.23,3.32,34712980,114163336.00
2024/03/01,3.32,3.35,3.26,3.30,40807800,134621376.00
2024/03/04,3.31,3.35,3.26,3.34,44096185,145877136.00
2024/03/05,3.35,3.35,3.29,3.32,30880650,102340480.00
2024/03/06,3.33,3.37,3.30,3.35,39600950,132090864.00
2024/03/07,3.35,3.38,3.33,3.33,28947400,97110464.00
2024/03/08,3.33,3.39,3.32,3.39,28353288,95152320.00
2024/03/11,3.39,3.40,3.31,3.35,31667500,105802256.00
2024/03/12,3.34,3.35,3.24,3.26,41061300,134225376.00
2024/03/13,3.26,3.27,3.20,3.24,32257490,104262856.00
2024/03/14,3.25,3.29,3.24,3.26,32244100,105573144.00
2024/03/15,3.29,3.34,3.26,3.34,32695923,107966136.00
2024/03/18,3.35,3.37,3.30,3.37,30839200,102755720.00
2024/03/19,3.36,3.37,3.30,3.33,34264500,114320768.00
2024/03/20,3.32,3.36,3.30,3.34,19837900,66072196.00
2024/03/21,3.35,3.36,3.31,3.32,20797700,69279024.00
2024/03/22,3.31,3.33,3.25,3.27,23973166,78742120.00
2024/03/25,3.30,3.36,3.28,3.31,27141467,90259408.00
2024/03/26,3.32,3.35,3.28,3.29,21555607,71332904.00
2024/03/27,3.29,3.34,3.28,3.29,24092607,79705168.00
2024/03/28,3.28,3.42,3.26,3.41,54427807,183293104.00
2024/03/29,3.41,3.56,3.40,3.54,58094607,203151968.00
2024/04/01,3.54,3.56,3.47,3.50,46532849,163929984.00
2024/04/02,3.51,3.67,3.50,3.64,59689944,216477664.00
2024/04/03,3.66,3.78,3.62,3.76,67480981,251342288.00
2024/04/08,3.69,3.78,3.64,3.71,54042675,200579360.00
2024/04/09,3.71,3.76,3.68,3.71,34401663,127844776.00
2024/04/10,3.70,3.75,3.69,3.72,26589277,98921920.00
2024/04/11,3.72,3.83,3.68,3.80,35375500,133740936.00
2024/04/12,3.80,3.88,3.78,3.83,33771838,129651008.00
2024/04/15,3.84,3.88,3.75,3.84,44703558,171335264.00
2024/04/16,3.99,4.22,3.96,4.22,175917929,733380608.00
2024/04/17,4.20,4.25,4.13,4.20,193267819,810837824.00
2024/04/18,4.19,4.24,4.11,4.20,109588697,457692032.00
2024/04/19,4.20,4.62,4.20,4.62,185255513,833070976.00
2024/04/22,4.58,4.64,4.27,4.29,182794330,811849984.00
2024/04/23,4.29,4.36,4.17,4.19,113879254,484278368.00
2024/04/24,4.21,4.31,4.20,4.28,79504458,339038560.00
2024/04/25,4.20,4.39,4.17,4.28,86332700,368977792.00
2024/04/26,4.26,4.34,4.15,4.18,92927068,390942880.00
2024/04/29,4.14,4.15,4.01,4.05,96604179,392600000.00
2024/04/30,4.07,4.15,4.03,4.07,88994817,363641152.00
2024/05/06,4.07,4.14,4.02,4.12,72780243,297862592.00
2024/05/07,4.11,4.21,4.10,4.16,70517148,293197024.00
2024/05/08,4.16,4.18,4.09,4.16,60727971,251754336.00
2024/05/09,4.15,4.23,4.14,4.17,47409697,198588784.00
2024/05/10,4.18,4.22,4.16,4.19,42923234,179777312.00
2024/05/13,4.17,4.31,4.15,4.27,69133981,293579456.00
2024/05/14,4.27,4.39,4.22,4.36,78016586,338200480.00
2024/05/15,4.33,4.38,4.26,4.28,47039136,202649216.00
2024/05/16,4.29,4.36,4.22,4.24,46669736,199709696.00
2024/05/17,4.23,4.27,4.15,4.18,42004800,175935920.00
2024/05/20,4.19,4.37,4.18,4.36,70984234,304615712.00
2024/05/21,4.34,4.35,4.26,4.31,43656800,188141600.00
2024/05/22,4.30,4.31,4.20,4.22,42426823,179806784.00
2024/05/23,4.20,4.24,4.17,4.19,35413040,148876864.00
2024/05/24,4.18,4.29,4.17,4.23,30058518,127535072.00
2024/05/27,4.21,4.31,4.21,4.27,30437900,129685888.00
2024/05/28,4.28,4.31,4.22,4.25,42574000,181148720.00
2024/05/29,4.25,4.38,4.21,4.36,60704414,262224816.00
2024/05/30,4.35,4.38,4.21,4.24,57943565,248565200.00
2024/05/31,4.23,4.26,4.15,4.18,90927742,381035104.00
2024/06/03,4.16,4.27,4.12,4.23,58985554,248785984.00
2024/06/04,4.20,4.24,4.14,4.23,40100917,167970816.00
2024/06/05,4.23,4.25,4.08,4.10,56604091,233747744.00
2024/06/06,4.13,4.17,4.05,4.09,60555248,248738784.00
2024/06/07,4.10,4.14,4.08,4.12,30142444,123920744.00
2024/06/11,4.12,4.17,3.97,4.04,46181569,186571792.00
2024/06/12,4.03,4.14,4.00,4.12,41667825,170151328.00
2024/06/13,4.13,4.13,4.01,4.02,30169800,122440552.00
2024/06/14,4.02,4.08,4.00,4.01,35044807,141477712.00
2024/06/17,4.03,4.10,3.97,3.98,36905300,148297952.00
2024/06/18,3.97,4.02,3.94,4.00,28637078,114126288.00
2024/06/19,4.01,4.08,4.00,4.03,35958302,145132880.00
2024/06/20,4.04,4.08,3.95,4.02,32994200,132342408.00
2024/06/21,3.93,4.04,3.91,3.97,50429616,200523872.00
2024/06/24,3.95,4.01,3.92,3.97,49721209,197018960.00
2024/06/25,3.98,4.08,3.96,4.02,47045649,189564928.00
2024/06/26,4.00,4.06,3.97,4.05,35097274,140904432.00
2024/06/27,4.04,4.04,3.92,3.98,42984192,170716032.00
2024/06/28,4.00,4.14,3.97,4.12,50204548,204493184.00
2024/07/01,4.12,4.34,4.10,4.30,53427800,226387184.00
2024/07/02,4.32,4.35,4.21,4.26,42901528,182544016.00
2024/07/03,4.26,4.33,4.20,4.22,33413900,141878880.00
2024/07/04,4.23,4.28,4.20,4.22,32314824,136958544.00
2024/07/05,4.23,4.25,4.18,4.25,25012899,105443920.00
2024/07/08,4.23,4.25,4.18,4.23,23069864,97340640.00
2024/07/09,4.20,4.26,4.15,4.24,28103000,118253136.00
2024/07/10,4.23,4.24,4.15,4.16,30953400,129183680.00
2024/07/11,4.18,4.23,4.15,4.23,28817118,120927432.00
2024/07/12,4.24,4.30,4.17,4.22,34234407,144796368.00
2024/07/15,4.23,4.30,4.18,4.30,36895367,157146032.00
2024/07/16,4.30,4.35,4.18,4.20,37638036,159627568.00
2024/07/17,4.19,4.20,4.03,4.05,41035000,168202784.00
2024/07/18,4.05,4.08,3.98,4.06,31105931,125520200.00
2024/07/19,4.07,4.07,3.91,3.96,38083459,151174288.00
2024/07/22,3.91,3.93,3.77,3.84,49127235,188534944.00
2024/07/23,3.83,3.86,3.76,3.77,30048900,113762272.00
2024/07/24,3.76,3.87,3.72,3.84,34439376,130947744.00
2024/07/25,3.82,3.83,3.74,3.77,30669411,115942152.00
2024/07/26,3.77,3.89,3.76,3.87,25682720,98499080.00
2024/07/29,3.85,3.91,3.82,3.85,23119123,89074136.00
2024/07/30,3.83,3.83,3.75,3.76,23529143,88883336.00
2024/07/31,3.76,3.86,3.74,3.86,30201831,115295944.00
2024/08/01,3.87,3.95,3.80,3.82,22545343,87179480.00
2024/08/02,3.81,3.82,3.78,3.80,18279257,69476840.00
2024/08/05,3.77,3.81,3.68,3.69,44117950,165161568.00
2024/08/06,3.70,3.76,3.67,3.70,31219909,115815840.00
2024/08/07,3.70,3.78,3.66,3.73,31072216,115933160.00
2024/08/08,3.76,3.81,3.71,3.76,20891000,78587328.00
2024/08/09,3.80,3.88,3.78,3.84,32580825,125057120.00
2024/08/12,3.84,3.91,3.80,3.91,26299935,101907296.00
2024/08/13,3.92,3.96,3.87,3.96,32736835,128206456.00
2024/08/14,3.92,3.93,3.84,3.85,24179230,93516264.00
2024/08/15,3.84,3.94,3.84,3.89,25001672,97368216.00
2024/08/16,3.91,3.91,3.85,3.88,14358100,55699196.00
2024/08/19,3.87,3.96,3.86,3.92,21959994,86132952.00
2024/08/20,3.91,3.92,3.81,3.84,21814777,83841800.00
2024/08/21,3.84,3.84,3.76,3.80,15422624,58452416.00
2024/08/22,3.80,3.80,3.74,3.76,25425457,95501568.00
2024/08/23,3.76,3.83,3.75,3.80,18812826,71520072.00
2024/08/26,3.82,3.83,3.73,3.77,20647648,77963000.00
2024/08/27,3.94,4.05,3.86,4.02,79677472,316954720.00
2024/08/28,4.02,4.24,4.02,4.17,73271847,305929312.00
2024/08/29,4.19,4.26,4.11,4.24,53265036,223652912.00
2024/08/30,4.22,4.32,4.20,4.30,55029740,234775424.00
2024/09/02,4.27,4.41,4.22,4.37,55291252,240152464.00
2024/09/03,4.37,4.44,4.32,4.34,48467673,211951664.00
2024/09/04,4.29,4.29,4.18,4.25,43557866,184565696.00
2024/09/05,4.23,4.27,4.11,4.14,41221831,171597440.00
2024/09/06,4.13,4.18,4.10,4.11,23299121,96522464.00
2024/09/09,4.08,4.12,3.96,3.99,46924165,188437360.00
2024/09/10,3.99,4.04,3.97,4.03,34943479,139955744.00
2024/09/11,4.02,4.02,3.85,3.87,37810347,147126608.00
2024/09/12,3.88,3.94,3.87,3.92,30823497,120568016.00
2024/09/13,3.94,3.98,3.90,3.91,25129596,98913240.00
2024/09/18,3.93,3.94,3.84,3.88,22502637,87384568.00
2024/09/19,3.88,3.91,3.83,3.87,29526873,114197520.00
2024/09/20,3.89,3.90,3.82,3.85,33811968,130403232.00
2024/09/23,3.87,3.93,3.83,3.89,29612512,115179648.00
2024/09/24,3.93,4.06,3.88,4.06,46124277,183823728.00
2024/09/25,4.08,4.16,4.04,4.05,46251173,189727936.00
2024/09/26,4.05,4.07,3.98,4.05,76015926,305339200.00
2024/09/27,4.06,4.15,4.05,4.14,37406104,153003344.00
2024/09/30,4.27,4.55,4.26,4.54,100116760,442857184.00
2024/10/08,4.99,4.99,4.64,4.83,103062488,497083552.00
2024/10/09,4.76,4.76,4.48,4.51,86635055,399840544.00
2024/10/10,4.49,4.73,4.48,4.58,63860835,294049632.00
2024/10/11,4.60,4.65,4.48,4.54,43521863,199125344.00
2024/10/14,4.55,4.62,4.51,4.57,40059860,183044672.00
2024/10/15,4.55,4.56,4.37,4.38,47920888,213777376.00
2024/10/16,4.33,4.44,4.30,4.39,33482766,146378832.00
2024/10/17,4.40,4.45,4.28,4.29,32330766,140853424.00
2024/10/18,4.33,4.42,4.27,4.34,47260883,205792672.00
2024/10/21,4.37,4.40,4.27,4.34,43571017,188928528.00
2024/10/22,4.35,4.48,4.33,4.44,44736372,197749584.00
2024/10/23,4.49,4.59,4.49,4.54,49986775,226911168.00
2024/10/24,4.55,4.55,4.47,4.52,29334134,132240320.00
2024/10/25,4.53,4.62,4.50,4.57,41238176,188136544.00
2024/10/28,4.55,4.57,4.45,4.53,44729275,201515008.00
2024/10/29,4.57,4.62,4.50,4.55,62361454,283761856.00
2024/10/30,4.54,4.62,4.33,4.37,78179142,347168608.00
2024/10/31,4.36,4.39,4.28,4.36,42368818,184168080.00
2024/11/01,4.39,4.43,4.35,4.37,41320324,181371872.00
2024/11/04,4.37,4.39,4.31,4.38,36797500,160233600.00
2024/11/05,4.38,4.41,4.33,4.40,48802168,213396928.00
2024/11/06,4.38,4.51,4.36,4.41,48822913,215985856.00
2024/11/07,4.40,4.48,4.38,4.47,43091341,191062912.00
2024/11/08,4.48,4.51,4.33,4.37,58280032,256225584.00
2024/11/11,4.37,4.37,4.22,4.28,43189070,184584464.00
2024/11/12,4.27,4.33,4.22,4.25,44871776,191891920.00
2024/11/13,4.23,4.30,4.21,4.28,41367087,176446656.00
2024/11/14,4.26,4.33,4.22,4.23,38697067,165493568.00
2024/11/15,4.23,4.35,4.21,4.27,55084223,236342800.00
2024/11/18,4.28,4.42,4.26,4.28,57448204,249456128.00
2024/11/19,4.30,4.38,4.27,4.33,47495865,204798240.00
2024/11/20,4.34,4.38,4.28,4.30,50412285,217934768.00
2024/11/21,4.31,4.33,4.23,4.27,35326217,150891152.00
2024/11/22,4.28,4.31,4.09,4.09,53320800,223178560.00
数据来源:通达信
