603209 兴通股份 日线 不复权
      日期	    开盘	    最高	    最低	    收盘	    成交量	    成交额
2022/03/24,25.82,30.99,25.82,30.99,2190481,67459560.00
2022/03/25,34.09,34.09,34.09,34.09,1448420,49376640.00
2022/03/28,37.49,37.50,31.55,33.18,30705720,1070040320.00
2022/03/29,29.86,30.80,29.86,29.86,5102208,152691072.00
2022/03/30,26.87,28.37,26.87,27.17,20504155,559508032.00
2022/03/31,26.55,28.86,25.91,27.80,19084440,512010816.00
2022/04/01,26.95,30.58,26.91,29.70,24731891,724492992.00
2022/04/06,28.05,28.40,26.73,26.73,17888256,487173312.00
2022/04/07,26.02,28.20,26.02,27.61,16697654,454056672.00
2022/04/08,27.61,27.80,25.20,25.75,15497498,409592480.00
2022/04/11,25.00,26.30,23.40,24.00,10826923,270188256.00
2022/04/12,23.44,24.77,22.60,23.92,10098024,236840208.00
2022/04/13,23.70,24.70,22.88,23.25,9011684,214973968.00
2022/04/14,22.69,23.69,22.62,22.83,7502140,172492096.00
2022/04/15,22.50,22.60,21.67,21.69,7684579,169144384.00
2022/04/18,21.49,22.03,20.75,21.86,5158268,111179392.00
2022/04/19,21.74,22.19,21.58,21.60,3782725,82557496.00
2022/04/20,21.50,21.75,21.24,21.38,3936943,84531472.00
2022/04/21,21.23,23.52,21.20,23.52,14804399,337129408.00
2022/04/22,24.20,25.87,24.20,25.87,8596814,218064464.00
2022/04/25,25.31,26.36,23.28,23.28,7072039,169800320.00
2022/04/26,21.00,21.80,20.95,20.95,12197012,258567568.00
2022/04/27,19.70,22.10,18.86,21.12,12632665,248472992.00
2022/04/28,20.48,20.90,19.35,19.91,7677900,154070688.00
2022/04/29,20.06,20.70,19.81,20.57,6431626,130965584.00
2022/05/05,20.52,21.56,20.51,21.19,6044725,127488504.00
2022/05/06,20.58,23.31,20.40,23.31,10085985,228767888.00
2022/05/09,23.70,23.70,22.28,22.50,10719596,243919472.00
2022/05/10,22.19,23.20,21.98,22.62,6860177,155441056.00
2022/05/11,22.45,23.66,22.40,22.94,8775100,203046688.00
2022/05/12,22.65,24.34,22.54,23.84,9703753,227615264.00
2022/05/13,23.56,23.76,22.80,23.24,6476803,150568880.00
2022/05/16,23.21,24.40,22.71,23.85,7129945,168275200.00
2022/05/17,23.50,23.79,22.68,22.82,6075674,139773808.00
2022/05/18,22.73,23.04,22.52,22.84,3623176,82499440.00
2022/05/19,22.55,22.67,21.50,22.50,4304172,95769600.00
2022/05/20,22.57,22.98,22.47,22.53,3734566,84900808.00
2022/05/23,22.31,24.78,22.27,24.78,7297974,176929504.00
2022/05/24,24.64,24.64,23.24,23.27,10293134,246146400.00
2022/05/25,23.19,24.37,23.04,23.95,8591970,205373952.00
2022/05/26,23.82,23.95,23.26,23.51,5971127,140653792.00
2022/05/27,23.69,24.78,23.27,24.48,9006806,217061920.00
2022/05/30,24.30,24.78,24.01,24.44,8119078,197907424.00
2022/05/31,24.50,25.09,23.97,24.58,5766683,142076912.00
2022/06/01,24.32,25.39,24.00,24.88,6535140,163152832.00
2022/06/02,24.62,24.86,24.01,24.13,4800063,116330040.00
2022/06/06,24.03,24.30,23.73,23.82,4944920,118111816.00
2022/06/07,23.84,25.99,23.56,25.26,11295830,283459008.00
2022/06/08,24.79,25.75,24.67,25.48,8636986,217232288.00
2022/06/09,25.60,25.60,24.72,24.75,5161417,129295984.00
2022/06/10,24.47,24.95,24.26,24.69,3444625,84635360.00
2022/06/13,24.44,24.68,23.96,24.34,3345162,81232920.00
2022/06/14,24.01,24.34,23.09,23.87,4141965,97955632.00
2022/06/15,24.34,24.54,23.39,23.41,4261212,101707848.00
2022/06/16,23.40,23.77,23.26,23.46,2628765,61779792.00
2022/06/17,23.17,23.57,22.53,23.20,3280153,75397280.00
2022/06/20,23.50,23.60,22.93,23.23,2357538,54604320.00
2022/06/21,23.34,23.34,22.76,22.86,2099242,48240408.00
2022/06/22,22.88,23.22,22.61,22.68,2033914,46697644.00
2022/06/23,22.60,22.92,22.32,22.88,1983631,44921800.00
2022/06/24,22.81,23.38,22.76,23.26,2722289,63129700.00
2022/06/27,23.38,23.72,23.10,23.41,2128505,49776992.00
2022/06/28,23.43,23.60,23.11,23.53,2410290,56470676.00
2022/06/29,23.43,23.63,22.85,22.85,2258323,52228188.00
2022/06/30,22.97,22.98,22.68,22.72,1687372,38432408.00
2022/07/01,22.63,22.98,22.53,22.76,1211021,27567272.00
2022/07/04,22.71,23.96,22.41,23.38,2145337,49560452.00
2022/07/05,23.38,23.86,23.33,23.63,2402643,56666988.00
2022/07/06,23.66,23.86,22.99,23.46,2690290,63146528.00
2022/07/07,23.36,23.69,23.27,23.33,1154344,27041892.00
2022/07/08,23.17,23.39,23.05,23.25,951279,22114332.00
2022/07/11,23.05,23.30,22.50,23.15,1324317,30420972.00
2022/07/12,23.11,23.50,23.00,23.31,1269661,29536184.00
2022/07/13,23.40,23.76,23.25,23.51,1715704,40390412.00
2022/07/14,23.45,23.50,22.84,22.94,1543573,35567660.00
2022/07/15,22.77,23.88,22.50,23.25,2383223,55400392.00
2022/07/18,23.25,23.86,23.00,23.79,2697533,63928780.00
2022/07/19,23.82,24.20,23.53,23.78,2008652,47864432.00
2022/07/20,23.85,26.16,23.85,26.16,10156455,260572144.00
2022/07/21,26.11,26.11,25.03,25.09,7698132,195359264.00
2022/07/22,25.06,27.32,25.00,26.99,9041836,238777472.00
2022/07/25,27.57,29.69,27.50,29.38,9549872,275649280.00
2022/07/26,28.50,30.18,28.01,29.78,7624882,222174912.00
2022/07/27,29.00,29.88,28.60,29.32,4743515,138926496.00
2022/07/28,29.60,30.85,29.10,29.70,4774991,142951232.00
2022/07/29,29.50,29.99,29.01,29.01,3245264,95043320.00
2022/08/01,29.03,30.18,28.70,29.90,4088854,120545848.00
2022/08/02,29.85,30.20,28.82,29.37,4002725,118435136.00
2022/08/03,29.50,31.26,29.10,30.30,4306010,131140720.00
2022/08/04,29.86,32.06,29.86,31.90,4168436,130679952.00
2022/08/05,31.40,32.41,30.81,31.06,3340935,105311088.00
2022/08/08,30.56,33.71,30.21,33.57,4321338,138613328.00
2022/08/09,32.30,34.10,32.16,32.67,3725023,122905616.00
2022/08/10,33.10,33.59,32.21,32.66,2467550,81409008.00
2022/08/11,32.20,34.97,32.20,33.85,3135247,106729632.00
2022/08/12,33.85,36.68,33.54,36.00,3771666,133291216.00
2022/08/15,35.85,36.40,34.50,35.83,2907880,102556512.00
2022/08/16,35.82,36.39,34.72,35.24,2825376,99981248.00
2022/08/17,35.09,35.20,32.70,33.20,4183054,140405248.00
2022/08/18,33.15,33.97,32.65,33.55,2571912,85708064.00
2022/08/19,33.27,33.77,32.23,33.23,2039533,67282504.00
2022/08/22,33.09,35.99,32.69,35.81,3708164,128410376.00
2022/08/23,35.10,36.88,34.32,34.56,3603789,127939480.00
2022/08/24,34.10,34.78,32.90,33.19,2065922,69508744.00
2022/08/25,33.32,35.39,32.80,34.20,2506861,85745624.00
2022/08/26,33.84,34.48,33.20,34.06,2136814,72556888.00
2022/08/29,33.50,37.10,33.29,36.04,3592834,129408800.00
2022/08/30,35.98,35.98,34.40,34.90,2141253,75112904.00
2022/08/31,34.86,34.90,32.22,32.42,2629264,86631856.00
2022/09/01,32.62,34.10,32.13,33.58,2085375,69607136.00
2022/09/02,33.41,36.94,33.41,36.94,4380890,159222352.00
2022/09/05,37.39,38.93,36.16,38.12,5446137,204451280.00
2022/09/06,38.75,39.20,37.00,38.49,3562896,135523376.00
2022/09/07,37.99,38.47,36.60,37.27,2994412,111705216.00
2022/09/08,36.86,37.25,35.90,36.49,2332217,85077504.00
2022/09/09,36.50,37.28,34.98,34.99,2142595,76562112.00
2022/09/13,35.27,36.69,34.70,35.33,1876808,66608944.00
2022/09/14,35.25,36.13,34.40,35.42,1376909,48841812.00
2022/09/15,35.45,35.65,32.77,33.57,2725842,91543480.00
2022/09/16,33.78,34.65,32.90,33.40,1546932,52590480.00
2022/09/19,34.19,34.20,32.50,33.49,1742046,57795656.00
2022/09/20,33.75,33.75,32.61,32.80,1132500,37351536.00
2022/09/21,32.34,34.90,32.03,33.99,1756635,59393260.00
2022/09/22,33.86,34.34,32.99,33.24,1291960,43268360.00
2022/09/23,33.51,33.51,30.80,30.80,2244693,71092104.00
2022/09/26,30.79,31.58,30.01,30.75,1344548,41604588.00
2022/09/27,30.66,31.54,30.40,30.76,1392147,42780788.00
2022/09/28,31.50,31.50,29.00,29.05,1482535,44476216.00
2022/09/29,29.17,30.38,28.70,29.46,1543348,45422068.00
2022/09/30,29.59,30.00,28.35,28.52,993491,28966942.00
2022/10/10,29.05,30.85,28.55,30.28,2033728,61006732.00
2022/10/11,30.58,30.60,29.15,30.38,1126258,33856752.00
2022/10/12,30.22,31.24,29.63,30.54,1200021,36554376.00
2022/10/13,30.94,32.86,29.98,32.21,1689190,53828432.00
2022/10/14,32.21,33.18,32.00,32.23,957978,31207080.00
2022/10/17,31.43,33.20,31.43,32.26,1028758,33132688.00
2022/10/18,32.00,33.74,32.00,33.25,1263202,41755392.00
2022/10/19,33.45,35.05,32.90,34.80,1998424,68601632.00
2022/10/20,34.80,34.80,32.10,32.98,1912080,63119256.00
2022/10/21,32.80,33.53,32.33,33.44,892407,29478224.00
2022/10/24,33.38,33.68,31.55,31.97,1204457,39391856.00
2022/10/25,31.12,32.60,31.00,31.44,835271,26463728.00
2022/10/26,31.48,33.30,31.48,32.78,1092592,35590972.00
2022/10/27,32.80,35.54,32.80,33.96,2024218,69655976.00
2022/10/28,33.60,33.96,31.80,33.40,2182962,71342080.00
2022/10/31,33.06,34.50,32.02,33.10,1549645,51509288.00
2022/11/01,33.41,33.87,32.46,33.44,1087988,36256416.00
2022/11/02,33.35,33.40,32.21,32.47,1251582,40979416.00
2022/11/03,32.03,33.90,31.86,33.86,1414572,46903844.00
2022/11/04,33.64,34.88,32.52,33.42,1981500,66432592.00
2022/11/07,33.26,33.26,31.89,32.53,1721340,56076104.00
2022/11/08,32.67,32.67,31.51,31.84,1048577,33402252.00
2022/11/09,31.99,31.99,30.71,30.89,1015098,31672392.00
2022/11/10,30.53,31.76,30.52,31.24,1263700,39586520.00
2022/11/11,31.68,33.60,31.49,31.80,2119341,68803840.00
2022/11/14,31.62,32.00,29.68,30.56,2276500,69643072.00
2022/11/15,30.30,31.74,30.10,31.30,1057585,32820582.00
2022/11/16,31.80,34.40,31.80,33.87,3257395,108714464.00
2022/11/17,32.77,33.30,31.70,33.10,2874242,94023840.00
2022/11/18,33.36,33.49,31.60,31.70,1827707,59012100.00
2022/11/21,31.49,32.34,30.86,32.10,1009600,32190364.00
2022/11/22,32.05,33.19,31.59,32.10,1400202,45546648.00
2022/11/23,32.33,32.45,31.59,31.99,767890,24491520.00
2022/11/24,33.68,34.20,32.32,32.48,2905707,97415480.00
2022/11/25,32.70,33.49,32.01,32.36,1267127,41401308.00
2022/11/28,32.30,32.57,31.51,32.45,793109,25441956.00
2022/11/29,32.90,33.00,31.82,32.30,1330475,42858176.00
2022/11/30,32.19,32.19,31.30,31.55,1013105,32094664.00
2022/12/01,31.95,32.14,31.21,31.32,1090626,34487424.00
2022/12/02,31.25,31.39,30.70,30.92,1157597,35870544.00
2022/12/05,31.40,31.77,30.60,31.30,1632692,50778444.00
2022/12/06,31.10,31.11,30.61,30.96,637195,19663852.00
2022/12/07,30.72,31.50,30.30,31.32,2265222,69771448.00
2022/12/08,31.13,31.36,30.35,30.84,1262271,38920000.00
2022/12/09,31.01,32.14,30.47,31.71,1886700,59320584.00
2022/12/12,31.73,33.15,31.50,32.64,1771457,57548012.00
2022/12/13,32.37,35.44,32.10,33.41,2252309,76979856.00
2022/12/14,32.71,34.61,32.71,33.35,2262895,76268088.00
2022/12/15,33.60,33.84,32.00,32.37,1362604,44361448.00
2022/12/16,32.01,33.04,31.97,32.83,921149,30052134.00
2022/12/19,32.79,33.15,31.66,32.11,809385,26072908.00
2022/12/20,31.60,32.29,31.60,31.97,622597,19897538.00
2022/12/21,31.75,33.07,31.75,32.70,1091176,35505264.00
2022/12/22,32.52,33.50,32.03,32.47,1149300,37661768.00
2022/12/23,32.44,32.44,31.15,31.35,1013407,31924630.00
2022/12/26,31.35,31.93,31.06,31.92,301193,9552426.00
2022/12/27,31.92,35.11,31.92,35.11,2518032,85268928.00
2022/12/28,36.16,38.29,35.90,37.75,4293250,159256144.00
2022/12/29,37.85,38.28,34.24,35.60,3330352,120311608.00
2022/12/30,35.88,36.75,35.22,36.32,1380704,49796480.00
2023/01/03,36.34,37.00,34.99,35.65,1373813,49001496.00
2023/01/04,35.40,35.71,34.98,35.16,793971,27996916.00
2023/01/05,35.10,35.66,34.64,35.42,1275095,44932112.00
2023/01/06,35.20,35.42,33.77,33.90,1609100,55039384.00
2023/01/09,33.61,34.10,32.74,33.91,1327900,44564244.00
2023/01/10,33.88,33.91,33.08,33.22,721700,24095086.00
2023/01/11,33.23,34.22,32.83,33.00,2090984,69992944.00
2023/01/12,33.28,34.11,32.31,34.05,2801833,93362880.00
2023/01/13,34.00,34.60,33.31,33.36,1449300,49000060.00
2023/01/16,33.30,34.56,33.10,33.86,1389203,47193704.00
2023/01/17,34.01,35.28,33.84,34.05,1241650,42728376.00
2023/01/18,33.85,34.78,33.83,34.30,841300,28888252.00
2023/01/19,34.10,34.88,33.92,34.75,927400,31899124.00
2023/01/20,34.82,35.68,34.66,34.75,947100,33223364.00
2023/01/30,35.00,35.08,33.92,33.98,1196785,40966668.00
2023/01/31,33.99,35.24,33.83,35.06,1249270,43537888.00
2023/02/01,35.76,36.08,34.61,35.45,903702,31898440.00
2023/02/02,35.26,38.24,35.17,37.24,1540277,57159816.00
2023/02/03,36.99,37.68,36.00,36.12,1416700,51921496.00
2023/02/06,36.28,36.94,35.36,36.89,968600,35121992.00
2023/02/07,36.79,38.20,36.56,38.00,1072300,40450820.00
2023/02/08,37.99,38.26,37.18,37.80,812000,30560196.00
2023/02/09,37.69,39.74,37.69,38.60,1641006,63739980.00
2023/02/10,38.53,40.88,38.11,40.66,2213375,88320720.00
2023/02/13,40.66,40.84,39.26,40.03,1509195,60440796.00
2023/02/14,40.12,41.84,39.39,40.26,1813801,73879224.00
2023/02/15,40.40,40.44,38.78,39.30,1509431,59343428.00
2023/02/16,39.02,39.30,38.06,38.17,776900,30069060.00
2023/02/17,38.20,38.68,37.60,37.74,703808,26746680.00
2023/02/20,37.74,38.80,37.70,38.32,964769,36939704.00
2023/02/21,38.68,38.68,37.80,38.06,578295,22054324.00
2023/02/22,38.04,38.58,37.70,38.40,612707,23405696.00
2023/02/23,38.30,38.73,37.95,38.14,395987,15119377.00
2023/02/24,38.17,39.90,38.16,38.94,1019707,39925328.00
2023/02/27,38.74,39.39,38.10,39.10,567812,22075912.00
2023/02/28,38.41,39.84,38.41,39.31,908075,35758160.00
2023/03/01,39.39,39.57,38.65,38.75,631772,24568988.00
2023/03/02,38.99,38.99,37.53,37.53,1020468,38703312.00
2023/03/03,37.50,37.83,36.91,37.25,633419,23649476.00
2023/03/06,36.83,37.59,36.83,37.53,396615,14812637.00
2023/03/07,36.89,37.86,36.50,36.76,669009,24805544.00
2023/03/08,37.00,37.34,36.52,36.80,189500,6983049.00
2023/03/09,36.90,38.12,36.70,36.86,383378,14288429.00
2023/03/10,36.28,36.99,36.07,36.38,421234,15367498.00
2023/03/13,36.38,36.78,35.90,36.55,549148,19951596.00
2023/03/14,36.59,36.59,35.11,35.50,1087306,38818896.00
2023/03/15,35.47,35.71,34.55,34.67,840329,29432476.00
2023/03/16,34.92,34.92,33.81,34.12,609400,20904980.00
2023/03/17,34.49,34.58,33.66,33.67,508900,17342972.00
2023/03/20,33.55,35.20,32.70,33.60,1610902,54703232.00
2023/03/21,33.59,34.16,33.06,34.12,424500,14375161.00
2023/03/22,34.38,34.84,33.75,33.94,472517,16099655.00
2023/03/23,33.89,34.00,32.58,33.50,1420595,47313256.00
2023/03/24,33.01,33.74,32.40,33.55,787600,26351698.00
2023/03/27,34.08,35.28,33.72,34.23,1413870,48678084.00
2023/03/28,34.55,37.65,34.55,37.65,4411602,161587920.00
2023/03/29,37.09,38.33,36.42,37.32,2854024,106176096.00
2023/03/30,36.99,36.99,35.45,35.73,2638362,94779888.00
2023/03/31,35.60,36.70,35.33,36.15,1281200,46403964.00
2023/04/03,36.08,36.10,33.86,34.53,2693547,93707352.00
2023/04/04,34.33,34.33,32.90,33.03,1860800,62404688.00
2023/04/06,32.90,33.59,32.00,32.36,2423907,78816816.00
2023/04/07,32.36,33.10,32.19,32.61,858595,28086552.00
2023/04/10,33.27,33.27,32.01,32.82,1027414,33526242.00
2023/04/11,32.82,33.31,32.31,33.12,978814,32086548.00
2023/04/12,32.91,33.49,32.56,32.92,655100,21691212.00
2023/04/13,32.80,32.92,32.09,32.17,793797,25698104.00
2023/04/14,32.55,32.55,31.60,32.12,728395,23274226.00
2023/04/17,32.23,34.38,31.92,33.34,1990642,66603004.00
2023/04/18,33.98,35.00,33.22,33.38,1889800,64696360.00
2023/04/19,34.03,36.09,33.93,35.20,3113695,110274408.00
2023/04/20,34.50,35.20,34.24,34.80,1368404,47491184.00
2023/04/21,34.99,35.84,33.90,34.49,1408500,48911800.00
2023/04/24,35.30,35.30,33.20,34.40,1574756,53408240.00
2023/04/25,35.00,35.20,32.00,33.15,2989411,99805776.00
2023/04/26,33.89,34.70,33.36,34.40,1750927,59690716.00
2023/04/27,34.70,34.70,33.50,34.08,1327202,45138504.00
2023/04/28,34.50,34.70,33.60,34.20,1001800,34295200.00
2023/05/04,34.39,34.79,33.20,33.33,1186400,40157552.00
2023/05/05,33.56,33.99,32.20,32.57,1763507,57525560.00
2023/05/08,32.84,33.12,31.76,31.98,1571646,50534764.00
2023/05/09,31.98,32.22,31.31,31.81,1078200,34237144.00
2023/05/10,31.50,31.80,30.38,30.82,1062200,32789148.00
2023/05/11,30.81,31.11,30.77,30.90,370488,11459621.00
2023/05/12,30.91,31.86,30.70,31.21,820408,25709686.00
2023/05/15,31.18,31.20,30.07,30.85,1637961,49988132.00
2023/05/16,31.23,31.23,30.44,30.72,919565,28318696.00
2023/05/17,30.43,30.74,30.08,30.25,877800,26639074.00
2023/05/18,30.25,30.73,30.06,30.27,758700,23007044.00
2023/05/19,30.00,30.17,29.45,29.55,1227412,36439120.00
2023/05/22,29.46,31.02,29.46,30.67,1194965,36363320.00
2023/05/23,30.67,31.20,30.11,30.16,847000,25912100.00
2023/05/24,30.18,30.32,29.63,29.78,882137,26362312.00
2023/05/25,29.77,30.25,29.53,29.98,741136,22165714.00
2023/05/26,29.98,30.15,29.43,30.11,561288,16734561.00
2023/05/29,30.11,30.35,29.60,29.60,744200,22277678.00
2023/05/30,29.50,29.83,28.70,29.21,890340,25992016.00
2023/05/31,28.96,29.29,28.60,28.90,1008341,29093184.00
2023/06/01,29.29,29.40,28.51,29.05,671600,19510618.00
2023/06/02,29.12,30.05,29.00,30.00,941300,28022948.00
2023/06/05,30.00,30.30,29.71,30.17,797977,23964838.00
2023/06/06,30.32,30.70,29.80,30.24,964577,29214712.00
2023/06/07,30.27,30.47,29.80,29.97,639600,19209232.00
2023/06/08,29.75,30.65,29.75,30.29,635625,19283364.00
2023/06/09,30.11,30.41,29.10,29.36,1623518,48049484.00
2023/06/12,20.48,20.76,19.23,20.00,3568325,70546640.00
2023/06/13,20.00,20.42,19.26,19.33,2802180,55224608.00
2023/06/14,19.24,19.51,19.19,19.25,1428093,27572492.00
2023/06/15,19.43,19.75,19.09,19.68,2167014,42388296.00
2023/06/16,19.50,21.65,19.46,20.96,6102966,129274864.00
2023/06/19,21.19,21.37,20.43,20.74,4744212,98632232.00
2023/06/20,20.72,20.91,20.05,20.40,2255359,45950400.00
2023/06/21,20.40,20.68,20.28,20.28,1279777,26177606.00
2023/06/26,20.20,20.66,20.03,20.11,1545873,31470380.00
2023/06/27,20.11,20.77,20.11,20.71,1845779,38002044.00
2023/06/28,20.90,20.90,20.22,20.61,953000,19569040.00
2023/06/29,20.49,20.74,20.24,20.50,1125273,23095604.00
2023/06/30,20.36,21.45,20.36,21.21,1654927,35061152.00
2023/07/03,21.21,22.33,21.10,21.95,4417456,96936208.00
2023/07/04,21.83,21.96,21.36,21.50,1521327,32788338.00
2023/07/05,21.48,22.26,21.35,21.40,2233385,48624280.00
2023/07/06,21.51,21.70,21.08,21.26,1136043,24279580.00
2023/07/07,21.26,21.45,20.93,21.09,704150,14885572.00
2023/07/10,21.25,21.35,20.76,20.96,936430,19603258.00
2023/07/11,21.03,21.20,20.78,21.10,517900,10876627.00
2023/07/12,21.07,21.55,21.00,21.15,955371,20323376.00
2023/07/13,21.15,21.77,20.80,21.39,1374594,29416810.00
2023/07/14,21.39,21.48,21.00,21.08,1345324,28486936.00
2023/07/17,20.91,21.04,20.56,20.62,911060,18840808.00
2023/07/18,20.60,20.95,20.27,20.78,832050,17123666.00
2023/07/19,20.60,20.98,20.60,20.73,575373,11948866.00
2023/07/20,20.72,20.98,20.60,20.67,583179,12128611.00
2023/07/21,20.65,21.25,20.64,20.94,808275,16943712.00
2023/07/24,20.69,21.07,20.63,20.70,707748,14714851.00
2023/07/25,20.96,22.19,20.96,21.70,2388501,51718552.00
2023/07/26,21.71,21.93,21.58,21.71,960980,20886318.00
2023/07/27,21.99,21.99,21.50,21.58,832740,18079884.00
2023/07/28,21.96,21.97,21.33,21.64,723460,15596878.00
2023/07/31,21.75,21.85,21.41,21.49,1082940,23317264.00
2023/08/01,21.60,22.26,21.46,22.00,1635943,35818332.00
2023/08/02,21.86,22.14,21.62,21.72,1014617,22161128.00
2023/08/03,20.50,20.74,19.55,20.66,5896165,118463264.00
2023/08/04,20.46,20.47,19.68,20.13,4630033,92881136.00
2023/08/07,20.00,20.70,19.90,20.07,2231381,45217576.00
2023/08/08,20.10,20.50,19.96,20.28,1251710,25266312.00
2023/08/09,20.28,21.28,20.06,20.64,3013062,62737924.00
2023/08/10,20.50,22.07,20.50,21.85,4589568,99865360.00
2023/08/11,21.85,22.12,21.49,21.56,2019220,43952864.00
2023/08/14,21.64,21.64,20.80,21.23,1616974,34172888.00
2023/08/15,21.10,21.39,20.71,20.72,1144864,24026576.00
2023/08/16,20.70,20.76,20.14,20.21,1092149,22267480.00
2023/08/17,20.11,20.34,19.65,20.07,1275533,25346752.00
2023/08/18,19.99,20.64,19.84,20.06,1523490,30890648.00
2023/08/21,20.36,20.96,19.41,19.42,1975777,39237568.00
2023/08/22,19.42,19.68,18.61,19.12,2457409,46681644.00
2023/08/23,19.10,19.10,18.35,18.63,1883506,35110716.00
2023/08/24,18.55,19.07,18.55,19.00,1092242,20628772.00
2023/08/25,19.00,19.21,18.66,18.71,1166045,22090788.00
2023/08/28,19.61,19.72,18.63,18.66,1034013,19741428.00
2023/08/29,18.60,19.24,18.60,19.16,1287753,24514920.00
2023/08/30,19.20,19.47,19.06,19.29,1000100,19278876.00
2023/08/31,19.23,19.24,18.82,18.97,725283,13744199.00
2023/09/01,18.90,19.28,18.76,18.98,1055403,19987100.00
2023/09/04,19.03,19.70,18.86,19.67,1621399,31373560.00
2023/09/05,19.57,19.79,19.32,19.38,757570,14706165.00
2023/09/06,19.29,19.51,19.08,19.11,607131,11631885.00
2023/09/07,19.01,19.18,18.88,18.96,554380,10524274.00
2023/09/08,18.82,19.00,18.80,18.93,412420,7792678.00
2023/09/11,18.86,19.24,18.86,19.20,571980,10930301.00
2023/09/12,19.13,19.29,19.00,19.03,498540,9517139.00
2023/09/13,19.60,20.19,19.38,19.68,3373356,66605896.00
2023/09/14,19.68,19.79,18.71,18.87,2090221,39709184.00
2023/09/15,18.87,18.87,18.39,18.50,1602233,29688200.00
2023/09/18,18.47,18.65,18.20,18.30,898446,16471159.00
2023/09/19,18.49,18.56,18.22,18.23,881551,16202169.00
2023/09/20,18.38,18.38,17.90,17.95,902240,16298581.00
2023/09/21,17.98,17.98,17.70,17.71,789640,14043438.00
2023/09/22,17.70,17.78,17.38,17.76,1896740,33274496.00
2023/09/25,17.68,17.79,17.45,17.50,788960,13858638.00
2023/09/26,17.52,17.52,16.96,17.10,1306403,22451946.00
2023/09/27,17.11,17.24,16.60,16.76,4396122,74222224.00
2023/09/28,16.76,16.87,16.15,16.25,5741420,93739416.00
2023/10/09,16.28,16.60,16.21,16.30,3621806,59268488.00
2023/10/10,16.30,16.43,16.25,16.36,2037136,33290474.00
2023/10/11,16.41,16.46,16.22,16.26,1384288,22544186.00
2023/10/12,16.24,16.47,16.24,16.42,1529629,25048774.00
2023/10/13,16.41,16.60,16.12,16.45,1946460,31771948.00
2023/10/16,16.43,16.69,16.42,16.52,2362839,39147304.00
2023/10/17,16.56,16.59,16.25,16.50,1211507,19839492.00
2023/10/18,16.40,16.40,16.13,16.18,1265002,20536860.00
2023/10/19,16.13,16.23,15.91,15.95,1119000,17943418.00
2023/10/20,15.87,16.09,15.79,15.91,786840,12560580.00
2023/10/23,15.89,15.90,15.17,15.19,1972490,30379358.00
2023/10/24,15.68,15.68,15.27,15.49,2392080,37069876.00
2023/10/25,15.64,16.03,15.55,15.80,1624260,25730628.00
2023/10/26,15.82,15.86,15.50,15.81,1187160,18552328.00
2023/10/27,15.70,16.13,15.69,16.10,1348820,21597740.00
2023/10/30,16.10,16.39,16.10,16.15,1375080,22283820.00
2023/10/31,15.97,16.15,15.63,15.90,2288740,36194120.00
2023/11/01,15.95,15.95,15.47,15.50,2657579,41403152.00
2023/11/02,15.50,15.81,15.15,15.53,2054193,31786584.00
2023/11/03,15.47,15.88,15.35,15.76,1469645,23110280.00
2023/11/06,15.83,16.30,15.74,16.27,2098571,33823840.00
2023/11/07,16.26,16.27,16.04,16.14,1408411,22747038.00
2023/11/08,16.19,16.19,15.93,16.08,1168240,18770564.00
2023/11/09,16.14,16.31,16.01,16.10,1341740,21646028.00
2023/11/10,16.12,16.52,15.80,16.39,2176032,35191848.00
2023/11/13,16.74,17.09,16.48,16.86,3883267,65073580.00
2023/11/14,16.86,16.98,16.60,16.72,2508507,41932128.00
2023/11/15,16.76,16.76,16.35,16.45,2590123,42703936.00
2023/11/16,16.36,16.40,16.26,16.26,1287480,20997280.00
2023/11/17,16.26,16.38,16.17,16.28,1228800,19937272.00
2023/11/20,16.35,16.54,16.24,16.45,2115680,34794304.00
2023/11/21,16.45,16.59,16.33,16.35,1926930,31740910.00
2023/11/22,16.32,16.32,16.10,16.11,1208398,19528724.00
2023/11/23,15.96,16.39,15.96,16.29,1287475,20928972.00
2023/11/24,16.31,16.38,16.09,16.33,1578540,25626936.00
2023/11/27,16.37,17.10,16.12,16.83,3673436,61438440.00
2023/11/28,16.80,17.03,16.64,16.87,2277618,38423416.00
2023/11/29,16.77,17.06,16.62,17.04,2240120,37741160.00
2023/11/30,17.04,17.73,16.90,17.32,4686609,81273440.00
2023/12/01,17.39,17.43,17.02,17.13,3096524,53158704.00
2023/12/04,17.03,17.13,16.91,17.05,2240951,38145404.00
2023/12/05,17.03,17.14,16.84,16.85,1733600,29427900.00
2023/12/06,16.80,16.95,16.60,16.82,1904260,31925810.00
2023/12/07,16.90,16.90,16.42,16.55,1391965,23027544.00
2023/12/08,16.55,16.89,16.49,16.68,1168020,19502440.00
2023/12/11,16.63,16.63,16.19,16.43,1792602,29319150.00
2023/12/12,16.40,16.43,16.15,16.31,954000,15510957.00
2023/12/13,16.30,16.39,16.15,16.15,735426,11975112.00
2023/12/14,16.30,16.36,16.13,16.25,794660,12918114.00
2023/12/15,16.34,16.34,15.92,15.96,1459960,23443506.00
2023/12/18,16.02,17.38,16.02,16.72,5177764,85533976.00
2023/12/19,16.70,16.72,15.81,16.11,4947384,80167312.00
2023/12/20,15.93,16.37,15.54,15.54,3136515,49623472.00
2023/12/21,15.49,16.12,15.35,16.03,2885280,45575956.00
2023/12/22,16.03,16.74,15.82,16.43,4515560,74232040.00
2023/12/25,16.32,16.43,15.52,16.26,3225040,52002788.00
2023/12/26,16.30,16.59,15.90,16.01,2083313,33767988.00
2023/12/27,15.91,16.28,15.82,16.01,1693632,27052552.00
2023/12/28,15.94,16.80,15.75,16.61,3078823,50498792.00
2023/12/29,16.79,16.79,16.25,16.29,2069900,33920008.00
2024/01/02,16.45,17.92,16.34,17.92,16703653,295195488.00
2024/01/03,17.91,19.10,17.57,18.40,22966213,419730336.00
2024/01/04,17.90,18.47,17.72,18.35,10716059,194559360.00
2024/01/05,18.27,18.27,17.22,17.40,8805350,154595232.00
2024/01/08,17.40,17.70,16.87,16.91,10423739,178862784.00
2024/01/09,17.02,17.06,16.51,16.99,5529650,92659872.00
2024/01/10,16.91,17.02,16.40,17.00,6607520,110315112.00
2024/01/11,16.88,17.38,16.75,17.26,6524530,111867216.00
2024/01/12,17.22,17.90,17.00,17.12,10063283,175227168.00
2024/01/15,16.88,17.53,16.80,17.00,6695568,114677024.00
2024/01/16,16.80,16.85,15.80,15.90,10026950,161913152.00
2024/01/17,15.80,15.85,15.19,15.20,6044328,93433584.00
2024/01/18,15.08,15.66,14.51,15.40,6533077,97685920.00
2024/01/19,15.43,15.44,14.70,14.72,3211740,48188988.00
2024/01/22,14.70,14.70,13.69,13.80,4280764,60025520.00
2024/01/23,13.68,13.90,13.40,13.74,2364280,32408958.00
2024/01/24,13.75,14.08,13.42,13.83,2694260,37039656.00
2024/01/25,13.80,14.38,13.74,14.33,3406396,48122984.00
2024/01/26,14.37,14.51,14.08,14.14,2530540,36055596.00
2024/01/29,14.29,14.29,13.76,13.83,2060847,28744692.00
2024/01/30,13.54,13.94,13.02,13.14,2849423,38338056.00
2024/01/31,13.00,13.12,12.16,12.24,4983370,62418976.00
2024/02/01,12.16,12.31,11.61,11.87,4908624,58418316.00
2024/02/02,11.89,12.12,10.90,11.36,3901196,45161452.00
2024/02/05,11.56,12.50,10.53,12.12,8342855,96453312.00
2024/02/06,11.80,12.30,10.91,12.16,9402493,108312640.00
2024/02/07,11.96,12.16,11.60,11.82,5297979,62984888.00
2024/02/08,11.78,12.70,11.76,12.57,4715132,57691960.00
2024/02/19,12.58,13.28,12.58,12.78,4849306,62605824.00
2024/02/20,12.80,12.80,12.30,12.75,2310634,29083264.00
2024/02/21,12.58,13.20,12.50,12.88,3481842,45062336.00
2024/02/22,12.95,13.29,12.81,13.10,2907040,37965696.00
2024/02/23,13.13,13.37,12.97,13.37,2953218,38873540.00
2024/02/26,13.50,14.14,13.50,13.67,4639780,64130912.00
2024/02/27,13.52,14.31,13.52,14.10,3278343,45866488.00
2024/02/28,14.10,14.41,13.08,13.14,4535100,62377760.00
2024/02/29,12.98,13.53,12.90,13.50,2895982,38694236.00
2024/03/01,13.52,13.65,13.31,13.51,2330000,31355662.00
2024/03/04,13.50,13.57,13.24,13.40,2572440,34460460.00
2024/03/05,13.40,13.40,13.09,13.15,1844380,24308660.00
2024/03/06,13.15,13.31,13.08,13.13,1894920,24974748.00
2024/03/07,13.15,13.27,12.91,12.95,2081800,27216246.00
2024/03/08,12.96,13.23,12.82,13.17,2382610,31013000.00
2024/03/11,13.17,13.79,13.10,13.55,2831750,38107848.00
2024/03/12,13.63,13.68,13.42,13.65,1919380,25993824.00
2024/03/13,13.66,14.08,13.56,13.96,3496690,48448512.00
2024/03/14,13.90,14.10,13.68,13.84,2134796,29589012.00
2024/03/15,13.90,13.90,13.63,13.82,1599880,21986860.00
2024/03/18,13.89,14.24,13.84,14.20,2859148,40173744.00
2024/03/19,14.22,14.94,14.14,14.46,3872530,56564400.00
2024/03/20,14.45,14.78,14.35,14.64,2704738,39561164.00
2024/03/21,14.66,15.07,14.45,14.57,3079420,45342856.00
2024/03/22,14.50,14.68,14.07,14.11,2844180,40459896.00
2024/03/25,14.33,14.33,13.80,13.83,2202320,30816884.00
2024/03/26,13.83,13.98,13.63,13.90,1584560,21898128.00
2024/03/27,13.90,14.03,13.50,13.57,1348340,18594240.00
2024/03/28,13.69,13.71,13.45,13.54,1925580,26176024.00
2024/03/29,13.55,13.92,13.47,13.89,1966580,26932772.00
2024/04/01,14.15,14.15,13.78,14.04,2508959,34962304.00
2024/04/02,14.16,14.86,13.98,14.61,4136669,59699996.00
2024/04/03,14.82,15.11,14.51,14.91,5438062,80799920.00
2024/04/08,14.45,14.75,14.20,14.49,4148331,59716212.00
2024/04/09,14.49,14.57,14.30,14.38,2148540,30956796.00
2024/04/10,14.38,14.52,14.16,14.32,1667680,23905820.00
2024/04/11,14.18,14.55,14.10,14.32,1577533,22693020.00
2024/04/12,14.32,14.73,14.20,14.62,3214100,46711064.00
2024/04/15,14.50,14.78,13.86,14.00,3580353,50950896.00
2024/04/16,13.96,13.96,13.10,13.27,3705400,49889968.00
2024/04/17,13.51,14.08,13.51,14.05,2323600,32341120.00
2024/04/18,13.98,14.12,13.80,13.89,1994999,27762724.00
2024/04/19,13.72,15.28,13.72,15.28,7618017,114211232.00
2024/04/22,15.77,15.88,14.82,14.91,12206598,187059856.00
2024/04/23,14.83,15.22,14.59,14.93,7679040,114297744.00
2024/04/24,14.73,14.79,14.48,14.67,6325257,92410720.00
2024/04/25,14.63,15.55,14.55,15.49,9015984,135495344.00
2024/04/26,15.10,16.31,15.00,15.33,10554265,162839584.00
2024/04/29,15.01,15.25,14.93,15.00,7954100,119614896.00
2024/04/30,14.99,15.23,14.85,15.11,4709461,70834088.00
2024/05/06,15.26,15.88,15.05,15.82,9005917,139809792.00
2024/05/07,15.65,15.94,15.41,15.94,6720985,105665640.00
2024/05/08,15.90,16.10,15.61,15.62,5316485,84145792.00
2024/05/09,15.75,16.59,15.73,16.38,8107630,131583824.00
2024/05/10,16.38,16.66,16.10,16.56,6309265,103382280.00
2024/05/13,16.30,17.38,15.86,16.85,7619571,126873232.00
2024/05/14,16.71,16.90,16.46,16.48,5871140,97692400.00
2024/05/15,16.48,16.63,16.08,16.13,4604755,74757464.00
2024/05/16,16.29,16.29,15.59,15.92,5356260,84996944.00
2024/05/17,15.85,15.95,15.65,15.91,2690380,42545140.00
2024/05/20,15.90,16.28,15.80,16.23,3800149,61373608.00
2024/05/21,16.20,16.30,15.94,16.20,2404780,38871096.00
2024/05/22,16.20,16.20,15.75,15.83,2335280,37156328.00
2024/05/23,15.70,16.04,15.36,15.81,2288609,36167968.00
2024/05/24,15.69,15.88,15.39,15.55,2474157,38686848.00
2024/05/27,15.85,16.49,15.67,16.30,4755586,76864216.00
2024/05/28,16.16,16.73,16.01,16.35,5147417,84164064.00
2024/05/29,16.10,16.25,15.70,16.11,2630020,42232724.00
2024/05/30,16.05,16.23,15.76,15.76,2377320,37917600.00
2024/05/31,15.69,15.89,15.58,15.75,1705306,26805600.00
2024/06/03,15.69,16.16,15.69,15.87,2270920,36108832.00
2024/06/04,15.71,16.06,15.38,15.98,2056800,32453370.00
2024/06/05,15.87,16.15,15.60,15.60,1840060,29272524.00
2024/06/06,15.40,15.64,14.84,15.15,3671800,55468672.00
2024/06/07,15.05,15.56,15.02,15.49,2586760,39739040.00
2024/06/11,15.78,15.78,14.96,15.06,2623566,39676816.00
2024/06/12,15.00,15.03,14.76,14.91,1558299,23212250.00
2024/06/13,14.93,15.08,14.55,14.62,2007870,29637378.00
2024/06/14,14.62,14.77,14.29,14.44,2301997,33294896.00
2024/06/17,14.36,14.44,13.88,14.29,2135767,30272904.00
2024/06/18,14.28,14.52,14.22,14.38,1075500,15473836.00
2024/06/19,14.35,14.58,14.09,14.11,1080600,15390012.00
2024/06/20,14.11,14.20,13.81,13.81,1706680,23820928.00
2024/06/21,13.76,13.93,13.63,13.67,1605380,22128998.00
2024/06/24,13.85,13.85,13.23,13.35,2024496,27277088.00
2024/06/25,13.55,14.12,13.37,13.75,2470020,34114544.00
2024/06/26,13.77,13.95,13.50,13.89,1389824,19136952.00
2024/06/27,13.80,13.88,13.46,13.48,2028060,27703608.00
2024/06/28,13.80,13.97,13.63,13.84,1810860,24981360.00
2024/07/01,13.76,13.98,13.64,13.94,1232960,17020256.00
2024/07/02,13.68,14.02,13.68,13.86,1238820,17178408.00
2024/07/03,13.78,13.90,13.65,13.65,1036280,14245284.00
2024/07/04,13.82,13.82,13.34,13.37,1085053,14637799.00
2024/07/05,13.42,13.63,13.23,13.57,1181033,15874537.00
2024/07/08,13.47,13.50,12.89,12.96,1609180,21061192.00
2024/07/09,12.96,13.06,12.45,12.66,3593043,45535464.00
2024/07/10,12.66,12.92,12.52,12.73,2241601,28542744.00
2024/07/11,12.85,13.01,12.83,12.85,1926520,24861040.00
2024/07/12,12.87,12.89,12.45,12.56,1931480,24347520.00
2024/07/15,12.54,12.54,12.32,12.40,1277400,15857821.00
2024/07/16,12.39,12.50,12.31,12.47,889026,11045044.00
2024/07/17,12.49,12.55,12.20,12.33,1353400,16765662.00
2024/07/18,12.29,12.52,12.10,12.51,1570284,19357380.00
2024/07/19,12.51,12.60,12.36,12.48,1281560,15987410.00
2024/07/22,12.48,12.60,12.40,12.56,941020,11778671.00
2024/07/23,12.66,12.75,12.31,12.33,1125400,14133250.00
2024/07/24,12.33,12.42,12.08,12.18,1405088,17173996.00
2024/07/25,12.10,12.54,12.03,12.43,1975601,24393512.00
2024/07/26,12.37,12.58,12.35,12.44,1171742,14593691.00
2024/07/29,12.47,12.70,12.18,12.58,1886973,23470568.00
2024/07/30,12.50,12.57,12.38,12.44,1094953,13645547.00
2024/07/31,12.45,13.40,12.39,13.28,3940732,51245088.00
2024/08/01,13.24,13.57,13.19,13.25,2261110,30116216.00
2024/08/02,13.28,13.71,13.12,13.38,3093327,41599968.00
2024/08/05,13.28,14.50,13.11,13.76,7925983,110822352.00
2024/08/06,13.70,14.45,13.70,14.29,4286992,60693600.00
2024/08/07,14.22,14.71,13.93,14.35,3495070,49750296.00
2024/08/08,14.17,14.50,14.16,14.43,2236550,32087516.00
2024/08/09,14.33,14.50,14.23,14.26,1853542,26574572.00
2024/08/12,14.13,14.56,14.13,14.50,2548893,36758884.00
2024/08/13,14.51,14.93,13.80,14.12,7037332,100065856.00
2024/08/14,14.76,14.88,14.34,14.39,4760562,69107376.00
2024/08/15,14.72,14.72,14.03,14.12,3764090,53658140.00
2024/08/16,14.36,14.56,14.10,14.27,3425293,49092376.00
2024/08/19,14.40,15.55,14.17,15.37,8489737,127377184.00
2024/08/20,15.30,15.42,14.68,14.99,5849830,87819568.00
2024/08/21,14.95,15.09,14.81,14.97,2329473,34863164.00
2024/08/22,14.81,14.94,14.51,14.59,1996640,29283600.00
2024/08/23,14.15,14.55,14.02,14.12,2533700,36041932.00
2024/08/26,14.06,14.30,13.77,13.98,2401600,33686040.00
2024/08/27,13.98,14.30,13.83,14.14,2028679,28603508.00
2024/08/28,13.53,14.33,13.53,13.77,2461120,33909292.00
2024/08/29,13.64,14.12,13.60,14.05,2042400,28209274.00
2024/08/30,13.97,14.16,13.77,13.90,3049099,42559392.00
2024/09/02,13.91,14.11,13.74,13.82,1953320,27181626.00
2024/09/03,13.87,14.27,13.75,14.04,1936939,27234908.00
2024/09/04,13.90,14.18,13.82,14.06,1361040,19114900.00
2024/09/05,14.16,14.27,14.06,14.17,1512834,21459060.00
2024/09/06,14.17,14.24,14.04,14.09,1535040,21697884.00
2024/09/09,14.09,14.37,13.91,14.28,1961400,27889004.00
2024/09/10,14.17,14.47,13.86,13.96,1904540,26821964.00
2024/09/11,13.88,14.08,13.78,13.88,1252912,17423324.00
2024/09/12,13.83,14.11,13.83,13.88,1021768,14314473.00
2024/09/13,13.88,13.98,13.60,13.66,1059280,14596697.00
2024/09/18,13.59,13.83,13.41,13.61,1252580,16997714.00
2024/09/19,13.62,13.97,13.48,13.82,1315240,18166048.00
2024/09/20,13.76,13.97,13.66,13.72,659072,9038843.00
2024/09/23,13.62,13.90,13.55,13.62,630572,8617063.00
2024/09/24,13.66,14.18,13.66,14.15,1769900,24714400.00
2024/09/25,14.26,14.63,14.23,14.39,2126550,30752972.00
2024/09/26,14.49,14.78,14.31,14.74,2247977,32835872.00
2024/09/27,14.87,15.59,14.62,15.45,2131577,32387816.00
2024/09/30,15.98,16.90,15.88,16.60,7366642,120628296.00
2024/10/08,18.17,18.25,16.12,16.90,10118003,171685856.00
2024/10/09,16.49,16.49,15.55,15.65,5582900,89086872.00
2024/10/10,16.42,17.22,16.12,17.22,7787407,132875472.00
2024/10/11,17.33,17.43,16.14,16.49,12556330,209017856.00
2024/10/14,16.50,16.98,16.38,16.88,6105560,101991176.00
2024/10/15,16.86,17.39,16.70,16.80,5562380,94797312.00
2024/10/16,16.65,17.19,16.59,17.00,4181040,70965184.00
2024/10/17,16.98,17.20,16.82,16.87,3010762,51177076.00
2024/10/18,16.88,17.35,16.87,17.16,4136074,70978920.00
2024/10/21,17.32,17.66,17.12,17.23,4329458,74999968.00
2024/10/22,17.23,17.72,17.21,17.72,4426080,77755216.00
2024/10/23,17.72,18.13,17.52,17.78,4103535,73390560.00
2024/10/24,17.65,17.80,17.42,17.54,2488960,43683520.00
2024/10/25,17.20,17.45,16.81,17.07,6628390,112752584.00
2024/10/28,17.08,17.31,16.92,17.07,4012040,68519344.00
2024/10/29,16.99,17.10,16.67,16.83,3589160,60588640.00
2024/10/30,16.70,17.08,16.52,16.71,3321860,55736640.00
2024/10/31,16.56,16.79,16.40,16.52,2802733,46350488.00
2024/11/01,16.52,16.85,16.26,16.46,3504213,57937212.00
2024/11/04,16.51,16.75,16.28,16.75,2650920,43960976.00
2024/11/05,16.67,16.88,16.47,16.77,4178360,69752984.00
2024/11/06,16.80,17.13,16.52,16.59,3322480,55688904.00
2024/11/07,16.60,17.19,16.36,17.17,4108048,69431680.00
2024/11/08,17.35,17.35,16.73,17.00,3195873,54162360.00
2024/11/11,16.92,17.37,16.78,17.23,3043588,51861368.00
2024/11/12,17.30,17.72,16.95,17.16,3946673,68571536.00
2024/11/13,17.20,17.35,16.93,17.32,2185270,37546336.00
2024/11/14,17.31,17.39,16.68,16.71,1861491,31654516.00
2024/11/15,16.65,16.95,16.47,16.48,1741080,29090726.00
2024/11/18,16.51,16.66,16.22,16.26,1993623,32734664.00
2024/11/19,16.26,16.71,16.23,16.70,1988667,32677884.00
2024/11/20,16.70,17.09,16.60,16.97,1940365,32685526.00
2024/11/21,16.97,17.04,16.67,16.79,1202583,20228328.00
2024/11/22,16.71,16.86,16.19,16.20,1764540,29127518.00
数据来源:通达信
