605179 一鸣食品 日线 不复权
      日期	    开盘	    最高	    最低	    收盘	    成交量	    成交额
2020/12/28,13.26,13.26,13.26,13.26,797847,10579451.00
2020/12/29,14.59,14.59,14.59,14.59,229387,3346756.25
2020/12/30,16.05,16.05,16.05,16.05,212421,3409357.00
2020/12/31,17.66,17.66,17.66,17.66,4358312,76967792.00
2021/01/04,19.43,19.43,19.43,19.43,1797225,34920080.00
2021/01/05,21.37,21.37,21.37,21.37,520434,11121675.00
2021/01/06,23.51,23.51,23.51,23.51,12887642,302988448.00
2021/01/07,24.40,25.86,23.52,25.86,38987811,965243328.00
2021/01/08,23.27,24.50,23.27,23.27,30566927,719221760.00
2021/01/11,22.18,22.50,20.94,20.94,18190097,387315296.00
2021/01/12,20.22,21.39,19.79,20.70,17575339,361232768.00
2021/01/13,20.30,22.50,19.77,21.74,22617264,477651584.00
2021/01/14,20.77,20.90,19.57,19.63,16664923,336023872.00
2021/01/15,19.12,20.16,19.11,19.36,10607091,208608064.00
2021/01/18,19.23,20.50,19.16,19.91,11742958,231479984.00
2021/01/19,20.09,20.09,19.20,19.22,9133613,178207136.00
2021/01/20,19.16,19.40,18.38,18.84,8458155,159819728.00
2021/01/21,18.89,19.88,18.75,19.49,10434578,202712128.00
2021/01/22,19.43,20.37,19.20,19.71,11765143,233221040.00
2021/01/25,19.47,20.69,18.85,20.40,14340192,280979008.00
2021/01/26,20.00,21.65,19.85,20.70,15946801,331827296.00
2021/01/27,20.20,20.59,18.92,19.55,10866922,214616560.00
2021/01/28,18.86,19.38,18.02,18.26,9548504,179801088.00
2021/01/29,18.35,18.43,16.80,17.33,8726011,153510960.00
2021/02/01,17.20,18.25,17.05,17.88,6928294,121957216.00
2021/02/02,17.74,18.44,17.42,17.88,6739080,120713912.00
2021/02/03,17.67,17.85,17.25,17.43,5309288,92833000.00
2021/02/04,17.25,18.42,17.12,18.24,10011101,179845344.00
2021/02/05,18.01,18.97,17.38,17.39,8947241,161989872.00
2021/02/08,16.99,17.19,16.17,16.26,8115485,133827816.00
2021/02/09,16.27,16.55,16.10,16.26,5294550,86313920.00
2021/02/10,16.31,16.57,15.83,15.90,5922093,95291696.00
2021/02/18,16.17,16.80,15.90,16.72,6905503,113333032.00
2021/02/19,16.55,17.38,16.44,16.99,7417485,125910160.00
2021/02/22,16.86,17.15,16.54,16.64,5920611,99801872.00
2021/02/23,16.73,16.87,16.23,16.75,4534838,75263432.00
2021/02/24,16.69,17.12,16.53,16.79,4284428,72026864.00
2021/02/25,16.73,16.88,16.00,16.24,4169048,68629056.00
2021/02/26,16.00,16.49,15.90,16.35,3229408,52195132.00
2021/03/01,16.36,17.05,16.35,16.98,4797316,80126904.00
2021/03/02,17.60,17.60,16.66,16.96,4628205,78674504.00
2021/03/03,16.79,17.01,16.70,16.88,2677224,45155248.00
2021/03/04,16.82,16.91,16.31,16.33,3247582,53725864.00
2021/03/05,16.20,16.89,16.16,16.81,3628840,60185472.00
2021/03/08,16.88,17.23,16.73,16.96,5181325,87903912.00
2021/03/09,16.72,17.40,16.41,16.44,5262721,88700760.00
2021/03/10,16.40,17.10,15.84,16.60,5499236,89397760.00
2021/03/11,16.35,16.66,16.25,16.65,3552460,58570152.00
2021/03/12,16.99,17.14,16.66,16.66,4927664,83328312.00
2021/03/15,16.20,16.32,16.04,16.19,3053563,49415092.00
2021/03/16,16.23,16.45,16.14,16.29,1916363,31155034.00
2021/03/17,16.25,16.97,16.10,16.75,4672734,77507368.00
2021/03/18,16.90,17.50,16.71,17.48,8872938,152096720.00
2021/03/19,17.15,17.98,17.10,17.30,8014869,140767040.00
2021/03/22,17.16,17.46,17.12,17.38,5511066,95474168.00
2021/03/23,17.31,17.34,16.65,16.68,5081993,86028000.00
2021/03/24,16.45,18.35,16.38,18.35,10656968,186622240.00
2021/03/25,18.80,20.19,18.60,20.19,20823614,401362528.00
2021/03/26,19.89,20.98,18.92,19.33,22195756,437921056.00
2021/03/29,19.13,21.26,18.87,20.99,26051386,524328640.00
2021/03/30,19.79,20.11,18.89,19.10,19136834,369125152.00
2021/03/31,18.97,18.97,18.03,18.30,11293757,206557856.00
2021/04/01,18.23,18.70,17.92,18.56,10081115,185510256.00
2021/04/02,18.30,19.28,18.20,18.42,11104371,208386112.00
2021/04/06,18.10,19.15,18.08,18.74,8438925,157265968.00
2021/04/07,18.74,20.51,18.39,19.74,15123342,293483968.00
2021/04/08,19.54,20.72,19.27,19.36,16101027,320750176.00
2021/04/09,18.97,19.83,18.71,19.74,12209263,235248304.00
2021/04/12,19.48,19.96,18.73,18.92,9122292,175385264.00
2021/04/13,18.60,19.32,18.60,19.15,6303008,119661488.00
2021/04/14,18.99,19.87,18.20,19.70,11098649,214378688.00
2021/04/15,19.76,20.65,19.02,20.22,16446387,329140736.00
2021/04/16,19.60,19.97,19.27,19.75,12356374,242701872.00
2021/04/19,19.60,20.32,19.20,20.09,11958155,237154592.00
2021/04/20,19.80,22.10,19.71,22.10,17340069,368432640.00
2021/04/21,22.00,22.18,20.56,20.93,19627607,415278336.00
2021/04/22,21.12,21.64,20.41,21.26,15325393,323529696.00
2021/04/23,20.80,20.92,19.41,19.70,14166422,284277056.00
2021/04/26,19.57,19.70,18.68,18.98,9429925,179801920.00
2021/04/27,18.81,18.84,18.27,18.43,6110133,112924824.00
2021/04/28,18.55,18.80,18.27,18.51,5318118,98285784.00
2021/04/29,18.59,18.84,18.31,18.65,5571444,103709824.00
2021/04/30,18.21,18.27,16.90,17.16,10699883,186113760.00
2021/05/06,16.83,17.42,16.81,17.17,4132086,70857712.00
2021/05/07,17.16,17.45,16.74,17.05,4456215,75908888.00
2021/05/10,17.06,17.49,16.79,17.38,5204719,89070648.00
2021/05/11,17.38,18.12,17.14,18.06,6612874,117980912.00
2021/05/12,17.80,18.45,17.79,18.14,5644064,102007408.00
2021/05/13,17.83,18.05,17.47,17.57,4731894,83653424.00
2021/05/14,17.69,18.77,17.65,18.21,7310912,133594272.00
2021/05/17,18.06,18.49,17.78,18.31,5989361,108438496.00
2021/05/18,18.31,18.88,18.11,18.54,6844328,127088560.00
2021/05/19,18.21,18.70,18.21,18.44,4897963,89855408.00
2021/05/20,18.35,18.70,17.95,17.98,5004464,91579616.00
2021/05/21,17.90,18.14,17.56,17.61,4260157,75689800.00
2021/05/24,17.77,17.77,17.38,17.43,2743645,47988212.00
2021/05/25,17.56,17.88,17.47,17.76,3572504,63225524.00
2021/05/26,17.63,19.54,17.53,18.50,8343124,154378016.00
2021/05/27,18.35,18.79,18.28,18.73,5906493,109999712.00
2021/05/28,18.80,18.82,18.31,18.47,3624575,67005012.00
2021/05/31,18.65,20.32,18.31,20.32,15711686,308579136.00
2021/06/01,20.33,22.35,20.03,22.35,26485570,573163520.00
2021/06/02,22.00,22.00,20.27,21.07,20686838,434263968.00
2021/06/03,21.10,21.10,19.99,20.37,11377525,231801504.00
2021/06/04,20.17,21.02,19.80,20.98,11175246,230687296.00
2021/06/07,20.90,23.08,20.50,20.80,20219854,435111904.00
2021/06/08,20.15,20.87,19.60,19.76,13942766,280560512.00
2021/06/09,19.67,20.05,19.45,19.60,6764250,133432160.00
2021/06/10,19.41,19.41,18.73,18.89,5807452,110150448.00
2021/06/11,18.88,19.29,18.43,18.59,5490138,103003272.00
2021/06/15,18.60,19.05,18.19,18.65,4989823,92544040.00
2021/06/16,18.66,18.80,18.00,18.11,4496435,81970520.00
2021/06/17,17.98,18.50,17.92,18.37,3327920,60981236.00
2021/06/18,18.28,18.54,18.09,18.43,4137555,75968992.00
2021/06/21,18.40,18.95,18.23,18.92,5631487,105179992.00
2021/06/22,19.11,19.19,18.71,18.93,4894391,92717944.00
2021/06/23,19.00,19.00,18.50,18.56,4017475,74663960.00
2021/06/24,18.50,18.53,18.20,18.41,2703252,49537900.00
2021/06/25,18.30,18.46,18.11,18.37,2814389,51364216.00
2021/06/28,18.32,18.74,18.25,18.70,3554701,66013684.00
2021/06/29,18.72,18.74,18.27,18.28,2432420,44701644.00
2021/06/30,18.30,18.42,17.93,17.93,2858832,51594712.00
2021/07/01,17.91,18.50,17.78,18.09,2906089,52700028.00
2021/07/02,18.09,18.09,17.45,17.58,2998022,53072196.00
2021/07/05,17.58,17.80,17.43,17.65,1968270,34688440.00
2021/07/06,17.62,18.31,17.57,18.13,2893437,51856272.00
2021/07/07,17.92,18.35,17.92,17.98,2613483,47353508.00
2021/07/08,17.90,17.98,17.55,17.59,3345155,59068796.00
2021/07/09,17.52,17.54,17.07,17.21,2863430,49315732.00
2021/07/12,17.09,17.49,17.08,17.40,2227694,38654800.00
2021/07/13,17.40,17.83,17.36,17.50,2169430,38165324.00
2021/07/14,17.33,17.66,17.31,17.46,1751122,30636980.00
2021/07/15,17.31,17.45,17.00,17.28,2554893,43922224.00
2021/07/16,17.15,17.43,17.08,17.17,2153378,36998916.00
2021/07/19,17.18,17.38,17.02,17.32,1642729,28150812.00
2021/07/20,17.15,17.63,17.10,17.53,2292858,39940904.00
2021/07/21,17.55,17.90,17.40,17.57,2591378,45735764.00
2021/07/22,17.56,17.85,17.38,17.69,2363990,41773888.00
2021/07/23,17.55,17.69,17.10,17.16,2715018,46885644.00
2021/07/26,17.09,17.12,15.90,16.39,3644669,60191248.00
2021/07/27,16.39,16.51,15.91,16.00,2515405,40559888.00
2021/07/28,15.90,16.18,15.62,15.96,1783332,28400354.00
2021/07/29,16.16,16.38,16.01,16.05,1728061,27891322.00
2021/07/30,16.00,16.01,15.66,15.70,2275393,35903460.00
2021/08/02,15.53,16.15,15.16,16.05,3341612,52383668.00
2021/08/03,15.98,16.50,15.84,16.39,3299600,53361720.00
2021/08/04,16.39,16.39,16.05,16.10,1777508,28653702.00
2021/08/05,16.01,16.19,15.90,15.92,1806280,28906804.00
2021/08/06,15.77,15.97,15.55,15.72,1529950,24095432.00
2021/08/09,15.62,16.45,15.62,16.35,3204034,52079920.00
2021/08/10,16.32,16.60,16.11,16.42,2784580,45581360.00
2021/08/11,16.64,16.64,16.11,16.16,2065493,33577124.00
2021/08/12,16.13,16.28,15.98,16.00,1653639,26572314.00
2021/08/13,16.00,16.17,15.80,16.12,1913132,30594126.00
2021/08/16,16.07,16.50,16.01,16.24,2210288,35902672.00
2021/08/17,16.24,16.26,15.81,15.83,2275705,36385344.00
2021/08/18,15.60,15.89,15.56,15.76,1518832,23870360.00
2021/08/19,15.90,15.90,15.61,15.66,1139732,17938186.00
2021/08/20,15.66,15.66,15.13,15.25,2259634,34540112.00
2021/08/23,15.18,15.38,15.18,15.31,1294012,19778626.00
2021/08/24,15.30,15.43,15.25,15.42,1322793,20337428.00
2021/08/25,15.35,15.65,15.30,15.41,1405500,21765792.00
2021/08/26,15.50,15.55,15.20,15.20,1522039,23228764.00
2021/08/27,15.19,15.33,15.11,15.24,905201,13785161.00
2021/08/30,15.31,15.33,15.05,15.05,1562839,23702262.00
2021/08/31,15.05,15.05,14.40,14.55,3262339,47709652.00
2021/09/01,14.55,14.79,14.23,14.76,1937964,28269978.00
2021/09/02,14.76,14.80,14.56,14.60,1514700,22146476.00
2021/09/03,14.56,14.88,14.42,14.84,1703678,25078946.00
2021/09/06,14.83,15.13,14.70,15.04,1680800,25213896.00
2021/09/07,15.05,15.28,15.01,15.08,1753978,26590844.00
2021/09/08,15.08,15.19,14.96,15.12,1707739,25736206.00
2021/09/09,15.12,15.25,15.04,15.14,1298600,19643728.00
2021/09/10,15.13,15.18,14.81,14.98,1626833,24374592.00
2021/09/13,15.13,15.13,14.90,14.91,1086300,16280614.00
2021/09/14,14.93,15.07,14.70,14.74,1253391,18656976.00
2021/09/15,14.72,14.80,14.54,14.65,1343989,19629648.00
2021/09/16,14.73,15.49,14.63,15.18,3683634,55533268.00
2021/09/17,15.28,15.28,14.63,14.84,2199100,32668124.00
2021/09/22,14.60,14.71,14.50,14.59,1190200,17372326.00
2021/09/23,14.60,14.72,14.58,14.63,907290,13283893.00
2021/09/24,14.62,15.30,14.55,15.00,2880055,43313356.00
2021/09/27,14.90,15.69,14.80,15.44,4263832,65407944.00
2021/09/28,15.27,15.27,14.90,15.05,2301191,34510308.00
2021/09/29,15.08,15.08,14.58,14.64,1912797,28248426.00
2021/09/30,14.55,14.88,14.55,14.80,1074200,15837812.00
2021/10/08,14.80,15.40,14.73,15.22,2735300,41452800.00
2021/10/11,15.21,15.56,15.13,15.30,2649880,40693980.00
2021/10/12,15.25,16.00,15.06,16.00,7072931,110987920.00
2021/10/13,15.85,17.20,15.77,16.35,9363019,154136288.00
2021/10/14,16.05,16.35,15.82,15.98,5466100,87280064.00
2021/10/15,15.81,16.23,15.55,15.70,4144300,65654160.00
2021/10/18,15.65,15.94,15.25,15.86,3341339,52323096.00
2021/10/19,15.70,16.15,15.62,15.92,2654278,41996012.00
2021/10/20,15.87,15.95,15.42,15.43,2894536,45098128.00
2021/10/21,15.50,16.17,15.29,16.17,4684515,73935136.00
2021/10/22,16.00,16.10,15.70,15.70,3409800,54168744.00
2021/10/25,15.67,15.90,15.44,15.59,2259413,35193608.00
2021/10/26,15.58,15.58,15.28,15.32,2074358,31921742.00
2021/10/27,15.32,15.36,14.50,14.62,3498257,51614152.00
2021/10/28,14.66,14.92,14.30,14.79,1998800,29229438.00
2021/10/29,13.76,14.46,13.75,14.19,3188764,45106028.00
2021/11/01,14.00,14.26,13.88,14.20,1686607,23717516.00
2021/11/02,14.20,14.86,14.11,14.59,3007494,43645856.00
2021/11/03,14.59,14.76,13.13,14.30,2444711,34745856.00
2021/11/04,14.43,14.99,14.19,14.81,3227500,47430060.00
2021/11/05,14.80,15.62,14.72,15.03,4461674,68219800.00
2021/11/08,14.63,15.13,14.53,14.57,2849120,42096344.00
2021/11/09,14.66,14.75,14.46,14.48,1370195,19939996.00
2021/11/10,14.40,14.53,14.23,14.38,1408800,20188488.00
2021/11/11,14.38,14.47,14.31,14.35,1527800,21951456.00
2021/11/12,14.35,14.40,14.15,14.25,1693032,24102050.00
2021/11/15,14.29,14.71,14.26,14.65,2750981,40021640.00
2021/11/16,14.63,14.76,14.38,14.50,2427273,35217584.00
2021/11/17,14.41,14.56,14.32,14.45,1451873,20935786.00
2021/11/18,14.53,14.53,14.17,14.17,1866024,26654564.00
2021/11/19,14.19,14.32,14.06,14.22,1274338,18056964.00
2021/11/22,14.20,14.31,14.15,14.24,1477400,21037816.00
2021/11/23,14.20,14.26,14.13,14.23,1191834,16914936.00
2021/11/24,14.25,14.58,14.17,14.52,2420644,34868272.00
2021/11/25,14.80,15.40,14.80,14.85,5645277,84659024.00
2021/11/26,14.80,14.95,14.30,14.60,2609771,38347644.00
2021/11/29,14.55,14.55,14.27,14.31,1991724,28552096.00
2021/11/30,14.29,14.44,14.28,14.35,1173339,16823706.00
2021/12/01,14.48,14.90,14.34,14.47,1171500,16907248.00
2021/12/02,14.41,14.67,14.35,14.40,1516600,21939712.00
2021/12/03,14.40,14.47,14.30,14.39,1249471,17943616.00
2021/12/06,14.39,14.39,14.18,14.19,1501558,21376442.00
2021/12/07,14.25,14.31,14.12,14.25,1206486,17153204.00
2021/12/08,14.25,14.38,14.14,14.32,1307610,18673944.00
2021/12/09,14.30,14.68,14.28,14.66,3103634,45204136.00
2021/12/10,14.60,14.98,14.57,14.73,3405710,50374448.00
2021/12/13,14.68,14.97,14.56,14.78,3270479,48353112.00
2021/12/14,14.60,15.76,14.60,15.28,7365556,112483160.00
2021/12/15,15.24,15.32,15.01,15.16,3746100,56910972.00
2021/12/16,15.28,15.39,15.04,15.15,1797000,27201004.00
2021/12/17,15.11,15.18,14.82,14.89,2085800,31109336.00
2021/12/20,14.97,15.08,14.65,14.76,1652732,24523670.00
2021/12/21,14.71,15.15,14.71,14.98,2311600,34504628.00
2021/12/22,15.01,15.15,14.77,14.82,1393700,20723906.00
2021/12/23,14.82,14.92,14.63,14.70,1345200,19781098.00
2021/12/24,14.71,15.12,14.61,14.87,3087830,45971008.00
2021/12/27,14.88,15.50,14.66,15.46,5544947,84004824.00
2021/12/28,15.36,15.38,15.08,15.11,2879139,43707356.00
2021/12/29,15.10,15.35,15.02,15.08,2113551,32008728.00
2021/12/30,15.08,15.25,14.85,15.17,2266239,34152296.00
2021/12/31,15.18,15.45,15.00,15.15,3017071,45893784.00
2022/01/04,15.08,15.48,15.04,15.40,3404656,52161444.00
2022/01/05,15.46,16.32,15.30,15.83,8420578,133082952.00
2022/01/06,15.72,16.00,15.68,15.80,5480039,86684576.00
2022/01/07,15.70,15.91,15.36,15.36,3807200,59477380.00
2022/01/10,15.25,15.95,15.13,15.83,4288793,67113768.00
2022/01/11,15.83,15.91,15.41,15.49,2816000,43913444.00
2022/01/12,15.49,16.13,15.40,16.10,5420017,86303824.00
2022/01/13,16.00,16.34,15.81,15.86,5230461,83846264.00
2022/01/14,15.83,16.25,15.54,15.62,4654927,73886864.00
2022/01/17,15.68,15.70,15.28,15.36,3359700,51808456.00
2022/01/18,15.36,15.44,14.43,14.53,5697600,84167736.00
2022/01/19,14.59,14.68,14.44,14.61,1839239,26784544.00
2022/01/20,14.61,14.71,14.21,14.22,2583390,37124144.00
2022/01/21,14.23,14.36,14.15,14.30,1419800,20225436.00
2022/01/24,14.30,14.40,14.18,14.31,1169010,16729182.00
2022/01/25,14.32,14.38,13.65,13.72,2218700,30816332.00
2022/01/26,13.81,13.88,13.51,13.57,1443600,19718120.00
2022/01/27,13.65,13.65,13.23,13.23,1625000,21692456.00
2022/01/28,13.27,13.44,13.21,13.37,903747,12066063.00
2022/02/07,13.31,13.55,13.29,13.46,1059188,14239384.00
2022/02/08,13.49,13.76,13.41,13.66,944094,12848446.00
2022/02/09,13.66,13.73,13.59,13.68,958186,13075711.00
2022/02/10,13.67,13.88,13.60,13.64,1114524,15249781.00
2022/02/11,13.60,13.64,13.30,13.30,1594100,21360864.00
2022/02/14,13.31,13.46,13.29,13.45,1253010,16748351.00
2022/02/15,13.36,14.59,13.33,14.03,3533624,49416732.00
2022/02/16,13.85,13.85,13.59,13.78,2475442,33926648.00
2022/02/17,13.72,13.82,13.64,13.73,1408091,19291972.00
2022/02/18,13.75,13.86,13.71,13.81,1081939,14888558.00
2022/02/21,13.82,13.85,13.70,13.83,955104,13155239.00
2022/02/22,13.70,13.79,13.60,13.63,1044084,14277394.00
2022/02/23,13.61,13.78,13.61,13.72,913973,12531644.00
2022/02/24,13.76,13.76,13.28,13.40,1886189,25591092.00
2022/02/25,13.41,13.60,13.40,13.43,934186,12579547.00
2022/02/28,13.43,13.46,13.07,13.27,1470793,19408412.00
2022/03/01,13.36,13.40,13.24,13.37,864742,11534292.00
2022/03/02,13.38,13.44,13.32,13.42,787942,10543921.00
2022/03/03,13.48,13.48,13.26,13.27,859593,11461531.00
2022/03/04,13.19,13.36,13.12,13.17,906800,11992581.00
2022/03/07,13.17,13.26,13.01,13.23,1054639,13892667.00
2022/03/08,13.24,13.32,13.12,13.21,2048414,27048708.00
2022/03/09,13.23,13.23,12.15,12.56,2314047,29298292.00
2022/03/10,12.78,12.78,12.56,12.64,968539,12272122.00
2022/03/11,12.85,12.85,12.53,12.74,1151539,14628957.00
2022/03/14,12.54,12.85,12.40,12.43,1330700,16737494.00
2022/03/15,12.35,12.35,11.73,11.74,1929300,23214404.00
2022/03/16,11.84,11.98,11.45,11.88,1573100,18413708.00
2022/03/17,11.99,12.13,11.88,12.03,1458400,17574556.00
2022/03/18,11.97,12.37,11.90,12.12,1346733,16322083.00
2022/03/21,12.12,12.39,12.01,12.39,1302400,15909963.00
2022/03/22,12.30,12.33,12.17,12.29,747239,9161892.00
2022/03/23,12.31,12.33,12.17,12.23,669980,8193799.00
2022/03/24,12.23,12.23,12.02,12.09,734700,8876604.00
2022/03/25,12.18,12.45,12.11,12.15,1140700,14005159.00
2022/03/28,12.15,12.17,11.84,12.14,1060357,12753574.00
2022/03/29,12.14,12.30,12.05,12.08,758233,9220881.00
2022/03/30,12.08,12.18,11.96,12.13,878400,10617428.00
2022/03/31,12.18,12.52,12.04,12.23,1532233,18786676.00
2022/04/01,12.20,12.20,12.01,12.07,794700,9613239.00
2022/04/06,12.01,12.28,12.01,12.19,912600,11126783.00
2022/04/07,12.20,12.28,11.91,11.98,1198600,14479762.00
2022/04/08,11.98,12.04,11.65,11.71,1196100,14056313.00
2022/04/11,11.66,11.94,11.50,11.54,1012800,11879772.00
2022/04/12,11.54,12.01,11.44,11.96,1245000,14598560.00
2022/04/13,11.90,12.79,11.71,12.15,2582256,31548624.00
2022/04/14,12.10,12.50,11.93,12.31,2833083,34720608.00
2022/04/15,12.19,12.57,12.03,12.41,2529915,31223244.00
2022/04/18,12.34,12.60,12.23,12.33,2030152,25164264.00
2022/04/19,12.39,12.73,12.25,12.62,2576335,32243228.00
2022/04/20,12.49,13.27,12.45,12.81,4581747,58826784.00
2022/04/21,12.54,13.00,12.33,12.79,4875485,61748032.00
2022/04/22,12.60,12.60,11.93,12.00,3499385,42904940.00
2022/04/25,11.69,11.85,10.85,10.91,3147439,35749708.00
2022/04/26,10.86,11.30,10.67,10.86,2972739,32549200.00
2022/04/27,10.67,10.80,10.22,10.76,2201039,23190456.00
2022/04/28,10.72,10.72,10.11,10.29,1676400,17421916.00
2022/04/29,10.29,10.80,10.29,10.56,1821549,19274004.00
2022/05/05,10.46,11.22,10.45,11.06,2248900,24642880.00
2022/05/06,10.88,11.13,10.70,10.98,1089659,11943518.00
2022/05/09,10.91,11.11,10.91,11.05,931539,10272401.00
2022/05/10,10.98,11.29,10.90,11.14,1529083,16946724.00
2022/05/11,11.13,11.27,10.94,10.94,1358700,15135282.00
2022/05/12,10.94,11.18,10.85,11.06,882339,9726789.00
2022/05/13,11.09,11.20,10.87,10.95,1197583,13134194.00
2022/05/16,11.00,11.15,10.90,11.00,1475944,16290507.00
2022/05/17,11.03,11.08,10.65,10.75,1291600,13941360.00
2022/05/18,10.82,10.96,10.75,10.85,1270998,13818178.00
2022/05/19,10.77,10.86,10.72,10.85,913100,9854599.00
2022/05/20,10.85,11.06,10.79,10.90,1380216,15079928.00
2022/05/23,10.94,11.23,10.88,11.13,2042300,22647478.00
2022/05/24,11.08,11.50,10.83,11.33,5153938,57896360.00
2022/05/25,11.24,11.55,11.05,11.20,3970612,44649052.00
2022/05/26,11.11,11.20,10.81,10.93,2680100,29346288.00
2022/05/27,10.89,10.99,10.56,10.78,2612588,28129050.00
2022/05/30,10.72,10.90,10.68,10.74,1697038,18299096.00
2022/05/31,10.66,11.50,10.64,11.36,5808400,65026380.00
2022/06/01,11.23,11.55,11.19,11.45,4333239,49358720.00
2022/06/02,11.45,11.65,11.14,11.26,2348300,26542212.00
2022/06/06,11.20,11.40,11.20,11.37,1968588,22262962.00
2022/06/07,11.40,11.47,11.18,11.29,1538485,17369564.00
2022/06/08,11.29,11.37,11.10,11.23,1531000,17198412.00
2022/06/09,11.28,11.28,11.06,11.07,1339600,14931308.00
2022/06/10,11.07,11.22,11.01,11.13,1289200,14329019.00
2022/06/13,11.05,11.22,11.02,11.20,1018500,11352704.00
2022/06/14,11.19,11.19,10.91,11.15,1023600,11338461.00
2022/06/15,11.19,11.34,11.08,11.25,1405894,15807749.00
2022/06/16,11.33,11.47,11.25,11.40,1840200,20923804.00
2022/06/17,11.31,11.45,11.16,11.26,1313015,14798833.00
2022/06/20,11.28,11.39,11.19,11.35,1148500,12968891.00
2022/06/21,11.24,11.41,11.20,11.33,1070947,12119456.00
2022/06/22,11.26,11.33,11.10,11.10,1017047,11368003.00
2022/06/23,11.25,11.25,11.05,11.19,845400,9428544.00
2022/06/24,11.22,11.44,11.14,11.39,2105758,23889898.00
2022/06/27,11.51,11.68,11.40,11.53,1903300,21971986.00
2022/06/28,11.59,11.88,11.49,11.68,2923047,34141936.00
2022/06/29,12.15,12.85,12.13,12.85,6414224,80430696.00
2022/06/30,13.01,14.14,12.94,14.14,14154403,192130432.00
2022/07/01,15.32,15.55,13.60,13.74,25846683,386485952.00
2022/07/04,12.75,13.45,12.68,12.98,16631778,214432192.00
2022/07/05,12.90,13.09,12.28,12.31,11835531,148751728.00
2022/07/06,12.38,12.69,12.12,12.16,8957100,111266136.00
2022/07/07,12.13,12.23,11.88,12.02,5849544,70151328.00
2022/07/08,12.03,12.19,11.92,12.07,4361393,52429152.00
2022/07/11,12.01,12.01,11.65,11.82,4125700,48599968.00
2022/07/12,11.80,11.80,11.45,11.48,3204200,37088380.00
2022/07/13,11.51,11.71,11.49,11.66,2915496,33836544.00
2022/07/14,11.51,11.63,11.35,11.45,3111300,35647008.00
2022/07/15,11.50,11.50,11.11,11.11,3390800,38161992.00
2022/07/18,11.12,11.28,11.12,11.27,2043200,22931942.00
2022/07/19,11.37,11.39,11.13,11.29,2138500,24068108.00
2022/07/20,11.37,11.47,11.27,11.41,2249800,25587444.00
2022/07/21,11.41,11.45,11.19,11.21,2612000,29443732.00
2022/07/22,11.24,11.27,10.96,11.14,1864800,20740680.00
2022/07/25,11.35,11.35,11.03,11.06,1508000,16779644.00
2022/07/26,11.11,11.12,10.80,11.12,1876700,20680332.00
2022/07/27,11.10,11.13,11.02,11.03,1231039,13611600.00
2022/07/28,11.09,11.19,11.05,11.10,1623653,18073530.00
2022/07/29,11.10,11.10,10.95,10.98,1775253,19558038.00
2022/08/01,11.03,11.03,10.87,10.99,954200,10444254.00
2022/08/02,10.96,10.96,10.38,10.39,3421100,36098592.00
2022/08/03,10.39,10.67,10.32,10.44,1754900,18440800.00
2022/08/04,10.55,10.65,10.45,10.62,1586193,16767709.00
2022/08/05,10.66,10.75,10.58,10.72,1432600,15291334.00
2022/08/08,10.88,10.88,10.67,10.73,1160400,12466799.00
2022/08/09,10.73,10.85,10.63,10.76,1517400,16290658.00
2022/08/10,10.79,10.79,10.68,10.71,960700,10298941.00
2022/08/11,10.74,11.01,10.73,11.00,2445500,26660344.00
2022/08/12,11.02,11.13,10.91,11.06,2043900,22605212.00
2022/08/15,11.09,11.69,10.85,11.32,5312276,59574808.00
2022/08/16,11.16,11.29,11.07,11.14,3026791,33797320.00
2022/08/17,11.28,11.28,11.07,11.18,1878278,20951920.00
2022/08/18,11.21,11.25,11.01,11.18,1872693,20847826.00
2022/08/19,11.19,11.19,10.97,11.03,1507593,16668648.00
2022/08/22,10.98,11.13,10.88,11.10,1214600,13401874.00
2022/08/23,11.12,11.14,11.00,11.11,1326100,14699653.00
2022/08/24,11.24,11.24,10.76,10.80,1677641,18419536.00
2022/08/25,10.95,10.95,10.71,10.85,1706700,18482516.00
2022/08/26,10.85,11.13,10.80,11.00,1465800,16128657.00
2022/08/29,10.90,11.18,10.68,11.17,1942586,21490132.00
2022/08/30,11.09,11.25,11.07,11.18,2020102,22520564.00
2022/08/31,11.17,11.68,11.11,11.49,6670273,76011912.00
2022/09/01,11.48,11.57,11.11,11.34,4506086,51084068.00
2022/09/02,11.22,11.24,11.04,11.18,2991893,33291948.00
2022/09/05,11.05,11.18,10.89,11.12,2847186,31360968.00
2022/09/06,11.17,11.17,10.97,11.05,1898500,20971096.00
2022/09/07,11.07,11.12,10.97,11.02,1406900,15491442.00
2022/09/08,11.05,11.05,10.83,10.84,1814887,19788680.00
2022/09/09,10.93,11.21,10.80,11.08,2442418,26940800.00
2022/09/13,11.14,11.14,10.99,11.03,1690825,18713376.00
2022/09/14,10.93,11.02,10.80,11.00,1384500,15105506.00
2022/09/15,11.04,11.07,10.80,10.93,1427330,15603088.00
2022/09/16,10.98,10.98,10.60,10.60,1532800,16515722.00
2022/09/19,10.64,10.64,10.21,10.36,1924093,19968888.00
2022/09/20,10.43,10.68,10.42,10.61,1413869,14912636.00
2022/09/21,10.60,10.71,10.43,10.68,1086739,11501339.00
2022/09/22,10.63,10.70,10.51,10.57,728500,7729589.00
2022/09/23,10.56,10.57,10.30,10.30,1381300,14382019.00
2022/09/26,10.33,10.35,10.06,10.11,1259900,12839012.00
2022/09/27,10.13,10.91,10.13,10.72,2998000,31393688.00
2022/09/28,10.62,10.78,10.46,10.46,1563839,16608805.00
2022/09/29,10.68,10.71,10.31,10.36,1631400,17163992.00
2022/09/30,10.36,10.45,10.25,10.32,728700,7527607.00
2022/10/10,10.27,10.32,10.00,10.01,1493500,15108482.00
2022/10/11,10.11,10.11,9.54,9.74,1933439,18886636.00
2022/10/12,9.77,10.01,9.60,10.00,1259600,12356205.00
2022/10/13,10.00,10.26,9.95,10.09,1548800,15694042.00
2022/10/14,10.08,10.29,10.02,10.19,1134000,11588770.00
2022/10/17,10.26,10.27,10.15,10.23,1007200,10296137.00
2022/10/18,10.28,10.29,10.19,10.22,1031012,10553651.00
2022/10/19,10.20,10.24,9.98,10.03,997600,10039527.00
2022/10/20,10.05,10.10,9.95,9.96,1052700,10557658.00
2022/10/21,9.96,10.03,9.88,9.98,827200,8231957.00
2022/10/24,10.10,10.10,9.72,9.75,1258100,12471011.00
2022/10/25,9.75,9.80,9.45,9.63,1383000,13241828.00
2022/10/26,9.65,9.90,9.65,9.75,1047500,10226469.00
2022/10/27,9.78,10.14,9.75,9.94,1646500,16397939.00
2022/10/28,9.85,10.18,9.60,9.68,1806476,17875248.00
2022/10/31,9.68,9.88,9.60,9.81,1037193,10123073.00
2022/11/01,9.87,10.69,9.79,10.45,3901173,40142812.00
2022/11/02,10.27,11.11,10.26,10.60,5338311,56809392.00
2022/11/03,10.38,10.54,10.26,10.39,2373480,24646876.00
2022/11/04,10.30,10.68,10.30,10.53,2429400,25573392.00
2022/11/07,10.60,10.69,10.44,10.51,1611968,17026444.00
2022/11/08,10.51,10.59,10.41,10.47,1081188,11324290.00
2022/11/09,10.48,10.55,10.41,10.51,857703,9003400.00
2022/11/10,10.50,10.58,10.42,10.49,1288400,13530526.00
2022/11/11,10.74,10.76,10.49,10.54,1678897,17743476.00
2022/11/14,10.54,10.64,10.50,10.53,1071380,11314758.00
2022/11/15,10.55,10.66,10.52,10.64,1102000,11697552.00
2022/11/16,10.62,10.92,10.56,10.79,2068500,22312306.00
2022/11/17,10.79,10.98,10.66,10.83,1581797,17138316.00
2022/11/18,10.83,10.92,10.71,10.73,1017378,11003057.00
2022/11/21,10.65,10.73,10.48,10.64,1281433,13563035.00
2022/11/22,10.62,10.71,10.46,10.50,1179700,12496514.00
2022/11/23,10.54,10.54,10.31,10.42,1028200,10679058.00
2022/11/24,10.48,10.49,10.30,10.32,854800,8860826.00
2022/11/25,10.30,10.43,10.26,10.35,822900,8523579.00
2022/11/28,10.35,10.51,10.10,10.49,1077136,11128537.00
2022/11/29,10.46,10.82,10.42,10.68,1794939,19120626.00
2022/11/30,10.70,10.79,10.55,10.60,1180787,12594163.00
2022/12/01,10.78,11.66,10.78,11.66,7473322,85050336.00
2022/12/02,12.27,12.83,11.81,11.98,20331992,252558560.00
2022/12/05,11.81,12.09,11.58,11.70,13405788,157855808.00
2022/12/06,11.62,12.17,11.62,11.76,9954616,118336608.00
2022/12/07,11.76,12.94,11.47,12.94,13220883,161905712.00
2022/12/08,13.11,13.39,12.40,12.47,17200559,221745296.00
2022/12/09,12.57,12.79,12.09,12.62,13287157,165087824.00
2022/12/12,12.53,12.97,12.19,12.66,11363481,142733648.00
2022/12/13,12.50,13.48,12.25,13.01,14561493,188359264.00
2022/12/14,12.54,13.44,12.50,13.13,12300246,160250688.00
2022/12/15,13.13,13.16,12.53,12.58,8352281,106442304.00
2022/12/16,12.50,12.87,12.41,12.69,5236700,66185988.00
2022/12/19,12.63,12.98,12.40,12.48,5380163,68078984.00
2022/12/20,12.35,12.58,12.23,12.31,4621900,57232904.00
2022/12/21,12.25,12.94,12.15,12.70,6848900,87130568.00
2022/12/22,12.70,12.98,12.47,12.63,5287200,67340528.00
2022/12/23,12.52,12.75,12.38,12.49,4259318,53462860.00
2022/12/26,12.63,12.88,12.55,12.69,4483118,56940352.00
2022/12/27,12.83,12.98,12.35,12.80,5725618,72384200.00
2022/12/28,12.60,12.96,12.48,12.76,5531500,70581224.00
2022/12/29,12.62,12.77,12.28,12.50,4242712,53158828.00
2022/12/30,12.50,12.74,12.24,12.74,5403639,67586368.00
2023/01/03,12.70,12.76,12.26,12.41,5061800,62830840.00
2023/01/04,12.46,12.75,12.36,12.48,4322912,54191176.00
2023/01/05,12.40,12.53,12.21,12.40,3463810,42877512.00
2023/01/06,12.50,12.53,11.93,12.02,4050410,49059984.00
2023/01/09,11.99,12.28,11.93,12.11,2606710,31605064.00
2023/01/10,12.18,12.25,11.96,12.04,2149510,25994754.00
2023/01/11,12.05,12.13,11.77,11.81,2533000,30072138.00
2023/01/12,11.81,11.92,11.61,11.70,2206400,25867834.00
2023/01/13,11.83,11.93,11.63,11.78,1841200,21737044.00
2023/01/16,11.78,12.05,11.78,11.97,2076000,24804308.00
2023/01/17,11.96,12.00,11.58,11.61,2364000,27605136.00
2023/01/18,11.67,11.68,11.53,11.53,1521700,17651442.00
2023/01/19,11.50,11.64,11.42,11.55,1958100,22585692.00
2023/01/20,11.51,11.65,11.51,11.53,1348800,15596645.00
2023/01/30,11.61,11.83,11.61,11.83,2233400,26219728.00
2023/01/31,12.02,12.09,11.60,11.73,3275190,38254696.00
2023/02/01,11.80,11.83,11.59,11.72,2185993,25446090.00
2023/02/02,11.72,11.94,11.66,11.91,2598800,30769884.00
2023/02/03,11.85,11.89,11.66,11.77,1439600,16900952.00
2023/02/06,11.74,11.84,11.61,11.79,1355100,15948060.00
2023/02/07,11.79,12.03,11.72,11.92,1842100,21845550.00
2023/02/08,11.99,12.03,11.82,11.90,1883300,22442628.00
2023/02/09,11.87,11.93,11.79,11.93,1843099,21848308.00
2023/02/10,11.96,12.75,11.88,12.68,6407300,79194696.00
2023/02/13,12.70,12.86,12.53,12.81,6557100,83459824.00
2023/02/14,12.83,13.09,12.72,12.80,5154941,66299220.00
2023/02/15,12.79,12.96,12.60,12.64,3240000,41278912.00
2023/02/16,12.60,12.73,12.24,12.32,3260500,40779184.00
2023/02/17,12.44,12.83,12.24,12.47,3917600,49237240.00
2023/02/20,12.47,12.66,12.34,12.54,2189600,27322576.00
2023/02/21,12.60,12.61,12.32,12.44,1611200,20022036.00
2023/02/22,12.40,12.67,12.35,12.49,1950939,24410336.00
2023/02/23,12.49,12.71,12.47,12.54,2063400,26002484.00
2023/02/24,12.58,12.58,12.32,12.39,1506400,18674120.00
2023/02/27,12.40,12.47,12.17,12.25,2746600,33779296.00
2023/02/28,12.22,12.43,12.22,12.35,1488900,18355814.00
2023/03/01,12.55,12.55,12.19,12.26,1650739,20239532.00
2023/03/02,12.26,12.33,12.05,12.08,2277000,27613530.00
2023/03/03,12.10,12.17,11.88,11.94,1690900,20252480.00
2023/03/06,11.99,12.10,11.91,11.98,1585000,19039420.00
2023/03/07,11.98,12.13,11.70,11.75,1583400,18798008.00
2023/03/08,11.71,11.83,11.65,11.74,1086800,12741087.00
2023/03/09,11.74,11.78,11.56,11.72,1411400,16453665.00
2023/03/10,11.70,12.01,11.56,11.91,2759000,32654138.00
2023/03/13,11.91,11.91,11.66,11.84,1950200,23001372.00
2023/03/14,11.75,12.13,11.75,11.96,2073200,24802618.00
2023/03/15,11.97,12.25,11.97,12.20,2729100,33242320.00
2023/03/16,12.70,12.70,11.77,12.34,5528500,67728168.00
2023/03/17,12.30,13.00,12.20,12.57,12026112,151121952.00
2023/03/20,12.00,12.50,11.80,11.98,5811905,69831608.00
2023/03/21,11.80,12.18,11.42,12.02,5468100,64749716.00
2023/03/22,12.03,12.18,11.81,11.93,3607999,43275864.00
2023/03/23,12.03,12.03,11.80,11.88,3021300,35928648.00
2023/03/24,11.88,11.99,11.82,11.92,1644700,19537724.00
2023/03/27,11.90,11.98,11.71,11.77,1951200,22996960.00
2023/03/28,11.81,11.84,11.70,11.77,1291200,15170994.00
2023/03/29,11.71,11.78,11.56,11.65,1402800,16314834.00
2023/03/30,11.70,11.75,11.56,11.72,1215100,14174593.00
2023/03/31,11.76,11.88,11.63,11.67,1334000,15629683.00
2023/04/03,11.60,11.99,11.58,11.93,2739017,32446340.00
2023/04/04,11.97,12.08,11.86,12.04,2562100,30682622.00
2023/04/06,12.08,12.48,11.98,12.45,4662002,57056088.00
2023/04/07,12.40,12.44,11.70,11.84,7375500,87975024.00
2023/04/10,11.73,11.76,11.40,11.46,3542700,40843488.00
2023/04/11,11.28,11.38,10.99,11.06,4315100,47959520.00
2023/04/12,10.98,11.05,10.56,10.66,5331614,57130148.00
2023/04/13,10.60,10.75,10.44,10.67,3123000,33266916.00
2023/04/14,10.61,10.77,10.57,10.69,1683914,17954880.00
2023/04/17,10.70,10.82,10.57,10.76,2473400,26493260.00
2023/04/18,10.75,11.01,10.60,10.80,3343600,36128960.00
2023/04/19,10.79,10.79,10.55,10.58,2307800,24465446.00
2023/04/20,10.61,10.61,10.43,10.52,1421339,14937407.00
2023/04/21,10.57,10.73,10.48,10.51,1286139,13641100.00
2023/04/24,10.61,10.61,10.34,10.39,1207902,12590655.00
2023/04/25,10.45,10.52,10.13,10.39,1578400,16249647.00
2023/04/26,10.39,10.56,10.29,10.51,1400790,14666294.00
2023/04/27,10.51,10.72,10.48,10.69,1687200,17952580.00
2023/04/28,10.69,11.03,10.69,11.00,2926519,31927480.00
2023/05/04,10.60,11.25,10.60,10.94,2889900,31889728.00
2023/05/05,10.90,10.98,10.60,10.85,2344200,25223864.00
2023/05/08,10.83,11.09,10.78,10.94,1715200,18813336.00
2023/05/09,10.95,10.97,10.74,10.78,1076100,11635664.00
2023/05/10,10.67,10.90,10.67,10.76,1114500,11993539.00
2023/05/11,10.77,10.93,10.77,10.89,903500,9825884.00
2023/05/12,10.84,11.03,10.84,10.90,1145900,12518705.00
2023/05/15,10.82,10.92,10.74,10.91,1085300,11773554.00
2023/05/16,10.91,10.98,10.71,10.75,883100,9547756.00
2023/05/17,10.68,10.85,10.66,10.81,653600,7044948.00
2023/05/18,10.81,10.90,10.65,10.76,1006300,10801098.00
2023/05/19,10.76,10.81,10.60,10.77,749839,8047260.00
2023/05/22,10.84,11.32,10.83,11.22,3239700,36043892.00
2023/05/23,11.06,11.24,10.96,11.15,2096900,23295142.00
2023/05/24,11.03,11.12,10.96,10.98,1476239,16273302.00
2023/05/25,10.85,11.07,10.78,10.89,1391100,15116340.00
2023/05/26,10.89,10.93,10.62,10.73,1622700,17380872.00
2023/05/29,10.75,10.78,10.53,10.58,1241500,13229555.00
2023/05/30,10.60,10.67,10.45,10.58,826399,8694593.00
2023/05/31,10.62,10.69,10.48,10.67,772400,8178579.00
2023/06/01,10.62,10.76,10.59,10.69,1058999,11325059.00
2023/06/02,10.68,10.85,10.56,10.82,1227899,13167845.00
2023/06/05,10.81,10.92,10.74,10.77,860800,9280092.00
2023/06/06,10.77,10.78,10.57,10.58,1015299,10840195.00
2023/06/07,10.55,10.68,10.55,10.58,699400,7419550.00
2023/06/08,10.51,10.68,10.51,10.62,666700,7076823.00
2023/06/09,10.62,10.65,10.54,10.58,840793,8902379.00
2023/06/12,10.59,10.83,10.37,10.79,1790999,19098856.00
2023/06/13,10.79,10.90,10.75,10.89,1352498,14675333.00
2023/06/14,10.88,11.20,10.80,11.14,2322000,25756540.00
2023/06/15,11.06,11.46,11.06,11.19,2802285,31483284.00
2023/06/16,11.25,11.25,11.01,11.05,1747799,19364488.00
2023/06/19,11.08,11.08,10.88,10.92,1521190,16672100.00
2023/06/20,10.93,10.99,10.71,10.75,1370400,14810645.00
2023/06/21,10.78,10.88,10.67,10.71,1361500,14656885.00
2023/06/26,10.70,10.70,10.28,10.40,2030000,21199260.00
2023/06/27,10.35,10.68,10.35,10.66,1306900,13860737.00
2023/06/28,10.75,10.75,10.47,10.67,891400,9452015.00
2023/06/29,10.75,10.75,10.58,10.59,777212,8257862.00
2023/06/30,10.65,10.95,10.55,10.88,1618200,17545300.00
2023/07/03,10.87,11.13,10.78,11.10,1920139,21170672.00
2023/07/04,11.06,11.81,11.05,11.66,5266438,60656216.00
2023/07/05,11.68,11.76,11.32,11.42,2379000,27259812.00
2023/07/06,11.44,11.89,11.38,11.51,2921400,33819700.00
2023/07/07,11.51,11.80,11.44,11.71,2759100,32196272.00
2023/07/10,11.60,11.80,11.48,11.54,1975324,22924666.00
2023/07/11,11.55,11.68,11.46,11.55,1701000,19658592.00
2023/07/12,11.55,11.65,11.40,11.48,1342185,15498110.00
2023/07/13,11.58,11.63,11.49,11.55,1039800,12028060.00
2023/07/14,11.70,11.90,11.45,11.50,3109685,36013176.00
2023/07/17,11.56,11.60,11.30,11.58,1776800,20420600.00
2023/07/18,11.68,11.78,11.50,11.68,1669359,19452418.00
2023/07/19,11.73,11.80,11.68,11.77,1748700,20541712.00
2023/07/20,11.82,12.01,11.78,11.86,2610558,31023026.00
2023/07/21,11.77,12.89,11.69,12.59,7981000,98979160.00
2023/07/24,12.44,12.44,11.96,12.16,5587802,67800384.00
2023/07/25,12.13,12.48,12.05,12.12,3011400,36591444.00
2023/07/26,12.11,12.34,12.00,12.23,3297300,40066552.00
2023/07/27,12.20,12.24,12.07,12.11,1660000,20130336.00
2023/07/28,12.06,12.35,11.96,12.21,2613100,31967268.00
2023/07/31,12.18,12.63,12.16,12.58,3675800,45851160.00
2023/08/01,12.58,12.66,12.32,12.40,1854000,23046804.00
2023/08/02,12.40,12.58,12.30,12.55,2062200,25747290.00
2023/08/03,12.59,12.84,12.44,12.79,3605012,45816624.00
2023/08/04,12.65,12.77,12.41,12.47,2972005,37255224.00
2023/08/07,12.38,12.63,12.38,12.41,1657993,20687194.00
2023/08/08,12.41,12.60,12.30,12.51,1936500,24167044.00
2023/08/09,12.51,12.53,12.24,12.29,1771300,21834896.00
2023/08/10,12.21,12.56,12.17,12.51,2379200,29573296.00
2023/08/11,12.58,12.68,12.28,12.30,1907200,23752272.00
2023/08/14,12.25,12.49,12.05,12.24,1899199,23178284.00
2023/08/15,12.48,12.48,12.14,12.21,1306039,16035635.00
2023/08/16,12.20,12.39,12.04,12.06,1610000,19623144.00
2023/08/17,11.98,12.57,11.98,12.52,3152900,38884796.00
2023/08/18,12.47,12.50,12.00,12.02,2399200,29171206.00
2023/08/21,12.20,12.45,12.08,12.14,1736400,21292164.00
2023/08/22,12.14,12.23,11.89,12.13,1653900,19911644.00
2023/08/23,12.20,12.21,11.77,11.82,1890000,22412642.00
2023/08/24,11.90,12.10,11.66,12.03,1505900,17933618.00
2023/08/25,12.17,12.19,11.85,11.89,1363600,16356050.00
2023/08/28,12.33,12.40,11.93,12.01,2802393,34032480.00
2023/08/29,11.81,12.24,11.78,12.20,1916599,23081308.00
2023/08/30,12.22,12.46,12.15,12.34,2123932,26218636.00
2023/08/31,12.28,12.36,11.97,12.21,1391600,16903100.00
2023/09/01,12.27,12.64,12.01,12.45,2655629,33173352.00
2023/09/04,12.45,12.53,12.32,12.51,1848729,23000164.00
2023/09/05,12.55,12.56,12.26,12.32,1255000,15505495.00
2023/09/06,12.28,12.44,12.20,12.32,1505029,18564570.00
2023/09/07,12.37,12.37,12.09,12.11,1069800,13044839.00
2023/09/08,12.24,12.33,12.09,12.27,1136900,13889305.00
2023/09/11,12.26,12.62,12.24,12.55,1654700,20678304.00
2023/09/12,12.58,12.63,12.42,12.44,1067500,13347887.00
2023/09/13,12.36,12.49,12.24,12.34,827200,10226398.00
2023/09/14,12.39,12.39,12.13,12.25,964300,11774969.00
2023/09/15,12.27,12.40,12.20,12.27,756300,9298237.00
2023/09/18,12.28,12.51,12.03,12.40,1738000,21458470.00
2023/09/19,12.31,12.44,12.22,12.28,1023700,12578045.00
2023/09/20,12.25,12.42,12.13,12.25,1078500,13247548.00
2023/09/21,12.24,12.31,11.97,11.99,1167300,14077470.00
2023/09/22,12.05,12.08,11.89,12.07,1249100,14980155.00
2023/09/25,12.10,12.42,11.97,12.19,1997700,24452450.00
2023/09/26,12.20,12.24,11.85,11.85,1463400,17466096.00
2023/09/27,11.85,12.18,11.84,12.06,1785000,21487280.00
2023/09/28,12.06,12.15,11.88,11.90,1411500,16863484.00
2023/10/09,11.91,11.94,11.63,11.75,1394000,16349517.00
2023/10/10,11.68,11.92,11.65,11.70,1644100,19301352.00
2023/10/11,11.69,11.82,11.50,11.57,1635200,18984184.00
2023/10/12,11.61,11.85,11.29,11.30,1936100,22010232.00
2023/10/13,11.36,11.40,11.00,11.16,2256493,25123870.00
2023/10/16,11.05,11.28,11.00,11.16,1566200,17462196.00
2023/10/17,11.16,11.30,11.06,11.21,1145900,12804667.00
2023/10/18,11.24,11.24,11.08,11.13,830336,9245422.00
2023/10/19,11.13,11.25,10.95,11.01,1125400,12498935.00
2023/10/20,10.96,11.20,10.95,11.00,987400,10908038.00
2023/10/23,10.98,11.18,10.78,10.84,1431500,15656442.00
2023/10/24,10.75,11.23,10.68,11.20,1658400,18364028.00
2023/10/25,11.28,11.55,11.21,11.50,1280539,14641410.00
2023/10/26,11.38,11.53,11.24,11.29,952900,10803993.00
2023/10/27,11.28,11.94,11.27,11.91,2569164,30209552.00
2023/10/30,11.91,12.19,11.87,12.00,2442400,29404172.00
2023/10/31,12.02,12.08,11.90,12.03,1451232,17425848.00
2023/11/01,12.03,12.24,11.92,12.20,1725400,20970040.00
2023/11/02,12.22,12.22,11.88,11.93,1418500,16985772.00
2023/11/03,11.92,12.12,11.86,12.07,1510300,18172824.00
2023/11/06,12.10,12.17,11.88,11.93,1586300,18964712.00
2023/11/07,11.97,12.09,11.83,12.01,1657900,19837760.00
2023/11/08,12.27,12.27,11.89,11.95,1032402,12366212.00
2023/11/09,11.95,12.01,11.84,11.89,900700,10729588.00
2023/11/10,11.89,12.04,11.76,11.93,1159800,13830583.00
2023/11/13,12.08,12.16,11.85,11.93,1057518,12624187.00
2023/11/14,11.95,12.07,11.90,12.03,1274000,15279515.00
2023/11/15,12.14,12.14,11.94,11.99,941200,11302391.00
2023/11/16,11.99,12.01,11.88,11.88,787100,9387329.00
2023/11/17,11.86,12.08,11.83,12.06,1038800,12454325.00
2023/11/20,12.09,12.35,11.98,12.29,1746100,21242770.00
2023/11/21,12.30,12.84,12.23,12.60,4280000,53795256.00
2023/11/22,12.50,13.86,12.47,13.86,6602100,87841992.00
2023/11/23,14.75,15.25,13.30,13.99,26527377,378780928.00
2023/11/24,13.17,14.76,13.17,14.01,22989609,316755712.00
2023/11/27,13.60,13.60,12.79,13.06,16468939,215949824.00
2023/11/28,13.00,13.96,12.74,13.38,17224178,230134240.00
2023/11/29,13.45,14.10,13.20,13.79,19564634,266782160.00
2023/11/30,13.37,14.43,13.31,14.17,23050158,321240768.00
2023/12/01,13.93,14.32,13.53,13.59,17250351,237701520.00
2023/12/04,13.24,13.44,13.04,13.26,12350670,163446848.00
2023/12/05,13.26,14.59,13.26,14.59,8804581,126610936.00
2023/12/06,16.05,16.05,16.05,16.05,4366139,70076528.00
2023/12/07,16.99,17.66,16.38,17.66,34061310,584373056.00
2023/12/08,18.67,19.43,16.42,16.65,46659908,876814912.00
2023/12/11,14.99,16.15,14.99,15.48,35466863,543032768.00
2023/12/12,15.28,17.03,15.28,17.03,33797263,545489152.00
2023/12/13,16.50,17.66,16.40,16.41,32751977,555946368.00
2023/12/14,16.71,16.88,15.32,15.63,23734877,376639264.00
2023/12/15,15.55,15.60,14.72,14.89,19922007,298865984.00
2023/12/18,14.80,14.96,13.88,13.94,18274000,259470880.00
2023/12/19,13.94,14.30,13.71,14.26,15355087,217057248.00
2023/12/20,14.35,14.53,13.54,13.73,14522400,202741472.00
2023/12/21,13.53,13.72,13.25,13.59,9513770,127891928.00
2023/12/22,13.45,13.62,13.11,13.18,8631700,114841792.00
2023/12/25,13.10,13.79,13.00,13.75,11770400,159157968.00
2023/12/26,13.75,13.75,13.28,13.33,8846500,119099920.00
2023/12/27,13.31,14.66,13.21,14.66,14993939,210075984.00
2023/12/28,14.81,15.49,14.37,15.08,30208000,449533504.00
2023/12/29,14.53,14.80,14.25,14.80,20409119,297180064.00
2024/01/02,14.76,16.20,14.39,15.64,27134521,410321600.00
2024/01/03,15.20,15.59,15.00,15.53,20362300,311055552.00
2024/01/04,15.38,15.38,14.65,14.66,14528477,215583152.00
2024/01/05,14.60,16.13,14.55,14.96,21393900,331184736.00
2024/01/08,14.97,15.66,14.89,14.93,19923693,302904512.00
2024/01/09,15.00,15.15,14.34,14.47,14895293,217728528.00
2024/01/10,14.40,15.55,14.06,15.24,22165272,329448384.00
2024/01/11,15.30,15.35,14.85,15.30,17593304,265248112.00
2024/01/12,15.06,15.85,14.70,14.85,14417468,219552528.00
2024/01/15,15.03,15.45,14.50,15.38,16001299,243207120.00
2024/01/16,15.34,16.80,14.87,16.29,27551908,434557440.00
2024/01/17,15.66,16.08,15.30,15.50,16902200,264167344.00
2024/01/18,15.28,15.28,13.96,14.53,15363639,222214816.00
2024/01/19,14.30,14.30,13.18,13.27,11871285,163021392.00
2024/01/22,13.11,13.15,12.27,12.42,10539985,133819144.00
2024/01/23,12.39,12.58,12.05,12.30,6949100,85272720.00
2024/01/24,12.36,12.98,12.21,12.84,9493400,119351912.00
2024/01/25,12.73,13.05,12.50,12.94,8020939,102895496.00
2024/01/26,12.84,13.18,12.70,12.80,6723000,87075544.00
2024/01/29,12.81,12.92,12.21,12.29,5457713,67961928.00
2024/01/30,12.11,12.24,11.53,11.56,6771500,79922104.00
2024/01/31,11.57,11.84,11.00,11.06,5636600,63754848.00
2024/02/01,11.13,11.22,10.73,10.93,4734900,51991120.00
2024/02/02,10.98,11.45,10.25,10.63,8379000,91643176.00
2024/02/05,10.39,10.60,9.57,9.57,7244900,70949144.00
2024/02/06,9.20,9.88,8.61,9.51,8541358,78397144.00
2024/02/07,9.27,9.74,8.97,9.08,7919000,73636264.00
2024/02/08,9.09,9.88,8.85,9.87,8617586,80890768.00
2024/02/19,9.93,10.28,9.91,10.21,6468628,65584352.00
2024/02/20,10.26,10.47,9.97,10.39,5121781,52448632.00
2024/02/21,10.22,10.99,10.22,10.59,7028593,75094592.00
2024/02/22,10.54,11.63,10.52,11.13,7578700,82746040.00
2024/02/23,11.20,11.65,10.88,11.37,8610100,95870032.00
2024/02/26,11.13,11.48,11.08,11.28,7140724,80781216.00
2024/02/27,11.20,11.54,11.11,11.48,5371600,61293068.00
2024/02/28,11.58,11.84,10.70,10.72,7844000,88830208.00
2024/02/29,10.45,10.99,10.42,10.91,6389400,69187272.00
2024/03/01,10.92,11.06,10.76,10.90,4402800,47853104.00
2024/03/04,10.91,11.07,10.71,10.88,3826600,41465896.00
2024/03/05,10.80,10.95,10.59,10.66,3560000,38307056.00
2024/03/06,10.58,10.73,10.47,10.68,3174300,33746128.00
2024/03/07,10.61,10.95,10.57,10.69,4766700,51239224.00
2024/03/08,10.66,10.77,10.45,10.56,4015247,42490224.00
2024/03/11,10.60,10.90,10.59,10.87,4412000,47510184.00
2024/03/12,10.87,11.45,10.80,11.37,9121700,102199696.00
2024/03/13,11.30,11.34,11.10,11.21,4962893,55546792.00
2024/03/14,11.20,11.35,10.99,11.16,3649357,40860728.00
2024/03/15,11.07,11.31,11.07,11.26,3198700,35928332.00
2024/03/18,11.24,11.28,10.97,11.27,5049724,56327548.00
2024/03/19,11.27,11.53,11.23,11.42,4902817,55930396.00
2024/03/20,11.37,11.51,11.24,11.48,3585500,40925488.00
2024/03/21,11.39,11.59,11.32,11.55,3434320,39496292.00
2024/03/22,11.65,11.75,11.15,11.22,5005200,57105368.00
2024/03/25,11.06,11.28,10.84,10.86,3849800,42380832.00
2024/03/26,10.77,11.01,10.67,10.87,2601700,28196758.00
2024/03/27,10.88,11.46,10.80,11.01,7843200,87424336.00
2024/03/28,10.70,11.04,10.30,10.89,6594300,70931184.00
2024/03/29,10.84,11.03,10.77,11.00,3840900,41993192.00
2024/04/01,11.08,11.30,10.93,11.28,4745700,53092944.00
2024/04/02,11.28,11.43,11.11,11.30,3546295,39892640.00
2024/04/03,11.41,12.43,11.17,12.43,11098100,132420376.00
2024/04/08,12.52,13.67,12.45,13.67,33819604,444473760.00
2024/04/09,12.52,13.31,12.52,12.94,23685707,305790752.00
2024/04/10,12.59,13.25,12.29,12.47,18945000,242171024.00
2024/04/11,12.50,12.75,12.11,12.63,15429500,191869504.00
2024/04/12,12.82,13.50,12.11,13.19,25629000,329238432.00
2024/04/15,12.82,13.09,12.05,12.30,17585866,220776848.00
2024/04/16,12.03,12.09,11.07,11.07,6040658,68524448.00
2024/04/17,10.17,11.45,10.17,11.13,13243308,146264208.00
2024/04/18,11.01,11.60,10.80,11.19,11577057,130265504.00
2024/04/19,11.17,11.17,10.70,10.86,7806758,85140880.00
2024/04/22,10.70,11.00,10.50,10.77,5483800,59030680.00
2024/04/23,10.79,11.04,10.72,10.77,4876100,53142680.00
2024/04/24,10.78,10.88,10.49,10.83,5680500,60761772.00
2024/04/25,10.75,10.89,10.63,10.76,4192354,45269120.00
2024/04/26,10.71,10.90,10.60,10.89,5330354,57501888.00
2024/04/29,10.93,11.36,10.87,11.35,7315400,81836560.00
2024/04/30,11.51,11.59,11.17,11.31,5727700,64962836.00
2024/05/06,11.45,12.00,11.37,11.98,9167800,107970488.00
2024/05/07,11.86,12.06,11.73,11.95,5578400,66344352.00
2024/05/08,11.82,12.16,11.76,11.78,7428058,88565800.00
2024/05/09,11.74,11.98,11.68,11.82,5170300,61288264.00
2024/05/10,11.82,12.19,11.82,11.97,7408100,89065712.00
2024/05/13,11.90,11.90,11.40,11.46,7030400,81293232.00
2024/05/14,11.46,11.72,11.41,11.65,3674300,42617056.00
2024/05/15,11.70,11.70,11.38,11.40,2892000,33235904.00
2024/05/16,11.35,11.65,11.35,11.52,3125900,36019540.00
2024/05/17,11.60,11.77,11.42,11.59,3374800,39080176.00
2024/05/20,11.52,11.81,11.49,11.79,5125400,60140908.00
2024/05/21,11.88,11.88,11.41,11.52,4557300,52550056.00
2024/05/22,11.52,11.57,11.25,11.29,3982700,45247076.00
2024/05/23,11.20,11.24,10.90,11.01,3915600,43192532.00
2024/05/24,10.90,11.33,10.90,11.03,3744500,41695444.00
2024/05/27,10.94,11.08,10.76,11.06,3032200,33025280.00
2024/05/28,11.05,11.10,10.78,10.79,2567200,28020804.00
2024/05/29,10.76,11.06,10.68,10.87,2112000,22995408.00
2024/05/30,10.77,10.90,10.68,10.78,1917900,20693396.00
2024/05/31,10.86,10.95,10.78,10.90,2011600,21866734.00
2024/06/03,10.90,10.95,10.50,10.63,2791699,29802392.00
2024/06/04,10.60,10.60,10.44,10.52,2166500,22781066.00
2024/06/05,10.60,10.60,10.26,10.27,2478400,25833400.00
2024/06/06,10.27,10.41,9.80,9.90,3887038,38948404.00
2024/06/07,9.98,10.20,9.91,10.12,2772138,27949920.00
2024/06/11,10.13,10.16,9.88,9.98,2075138,20661408.00
2024/06/12,9.98,10.15,9.97,10.13,1976638,19954824.00
2024/06/13,10.11,10.12,9.81,9.84,2491800,24691450.00
2024/06/14,9.84,9.93,9.75,9.90,2087400,20560272.00
2024/06/17,9.82,9.85,9.64,9.70,2043200,19894912.00
2024/06/18,9.71,9.80,9.61,9.69,2206600,21399200.00
2024/06/19,9.71,9.78,9.64,9.71,1742700,16917834.00
2024/06/20,9.71,9.72,9.35,9.38,2727200,25864960.00
2024/06/21,9.36,9.49,9.32,9.41,1473600,13885969.00
2024/06/24,9.41,9.41,8.96,9.04,2734100,24902324.00
2024/06/25,9.08,9.24,9.02,9.16,2282900,20933612.00
2024/06/26,9.16,9.49,9.12,9.48,1803600,16780188.00
2024/06/27,9.47,9.57,9.27,9.29,1960000,18400924.00
2024/06/28,9.20,9.32,9.10,9.13,2392000,22085064.00
2024/07/01,9.20,9.30,9.05,9.30,2030000,18646480.00
2024/07/02,9.29,9.41,9.21,9.33,1623000,15155250.00
2024/07/03,9.34,10.18,9.26,9.96,9124500,88373704.00
2024/07/04,9.65,9.67,9.04,9.15,7446668,69792440.00
2024/07/05,9.13,9.25,8.84,9.19,4278470,39051056.00
2024/07/08,9.14,9.14,8.86,8.90,3043900,27273248.00
2024/07/09,8.94,8.94,8.63,8.90,3058500,26884988.00
2024/07/10,8.80,9.03,8.71,8.92,2395600,21385312.00
2024/07/11,9.03,9.33,9.03,9.27,3281447,30193232.00
2024/07/12,9.31,9.42,9.26,9.31,2202747,20560406.00
2024/07/15,9.27,9.38,9.05,9.09,1697700,15532560.00
2024/07/16,9.08,9.14,8.99,9.01,1334100,12055182.00
2024/07/17,9.04,9.16,8.94,9.06,1674000,15158575.00
2024/07/18,8.96,9.09,8.90,9.03,1360821,12236799.00
2024/07/19,9.06,9.08,8.86,9.02,1676521,15069318.00
2024/07/22,9.03,9.07,8.86,8.90,1827800,16288784.00
2024/07/23,8.92,8.99,8.68,8.69,1941900,17126850.00
2024/07/24,8.60,8.72,8.50,8.53,2384700,20442278.00
2024/07/25,8.50,8.71,8.42,8.66,1459700,12539731.00
2024/07/26,8.66,8.80,8.63,8.75,1121700,9797910.00
2024/07/29,8.71,8.73,8.65,8.71,967000,8397942.00
2024/07/30,8.66,8.89,8.66,8.80,1736100,15232823.00
2024/07/31,8.86,9.18,8.78,9.18,2897800,26168908.00
2024/08/01,9.12,9.28,9.09,9.14,1848700,16956720.00
2024/08/02,9.09,9.32,9.04,9.24,2483200,22951788.00
2024/08/05,9.31,9.42,9.10,9.11,3321000,30813962.00
2024/08/06,9.05,9.36,9.05,9.32,2661100,24598944.00
2024/08/07,9.30,9.37,9.16,9.20,1707554,15731138.00
2024/08/08,9.11,9.54,9.11,9.42,3404000,31905904.00
2024/08/09,9.32,9.41,9.18,9.22,1955000,18174856.00
2024/08/12,9.17,9.25,9.07,9.18,1600999,14690117.00
2024/08/13,9.21,9.21,9.06,9.19,1369899,12533030.00
2024/08/14,9.27,9.27,9.08,9.18,1698900,15616689.00
2024/08/15,9.16,9.29,9.08,9.21,1448100,13323454.00
2024/08/16,9.22,9.25,9.04,9.07,1377200,12521800.00
2024/08/19,9.01,9.09,8.96,8.99,1133400,10199393.00
2024/08/20,9.08,9.08,8.75,8.78,1703000,15025988.00
2024/08/21,8.75,8.81,8.66,8.70,1124300,9812662.00
2024/08/22,8.86,9.00,8.56,8.59,2032500,17676168.00
2024/08/23,8.59,8.62,8.43,8.54,1584939,13492460.00
2024/08/26,8.53,8.72,8.50,8.67,1434139,12389559.00
2024/08/27,8.67,8.75,8.57,8.59,1246539,10787098.00
2024/08/28,8.50,8.69,8.43,8.65,1106200,9513750.00
2024/08/29,8.65,8.73,8.50,8.72,1456700,12592581.00
2024/08/30,8.79,9.06,8.65,8.91,2959700,26289264.00
2024/09/02,8.86,8.93,8.74,8.75,1713100,15143012.00
2024/09/03,8.69,8.88,8.67,8.86,1293100,11417224.00
2024/09/04,8.87,8.92,8.72,8.74,1224400,10787114.00
2024/09/05,8.77,8.93,8.70,8.90,1650400,14632541.00
2024/09/06,8.93,8.95,8.71,8.72,1333732,11738177.00
2024/09/09,8.63,8.86,8.57,8.80,1356332,11872561.00
2024/09/10,8.74,8.83,8.66,8.78,1369832,11965638.00
2024/09/11,8.76,8.82,8.65,8.67,967800,8444807.00
2024/09/12,8.77,8.77,8.54,8.54,1047200,9025464.00
2024/09/13,8.58,8.58,8.34,8.34,1445500,12210434.00
2024/09/18,8.34,8.35,8.14,8.28,1527900,12560020.00
2024/09/19,8.28,8.73,8.28,8.69,2623700,22599340.00
2024/09/20,8.64,8.74,8.59,8.66,1496200,12961307.00
2024/09/23,8.66,8.71,8.57,8.58,1135800,9790353.00
2024/09/24,8.63,9.06,8.62,8.95,3413999,30156520.00
2024/09/25,8.96,9.16,8.94,8.95,3533700,32014422.00
2024/09/26,8.99,9.52,8.91,9.48,4732700,43812348.00
2024/09/27,10.03,10.26,9.71,9.94,6372200,63245856.00
2024/09/30,10.33,10.79,9.95,10.69,10064200,104926192.00
2024/10/08,11.70,11.76,10.40,10.95,11283000,124750192.00
2024/10/09,10.72,10.72,9.86,9.86,7342600,73654424.00
2024/10/10,9.76,10.12,9.41,9.84,6533220,64002292.00
2024/10/11,9.78,10.05,9.53,9.62,4757643,46533900.00
2024/10/14,9.56,9.85,9.45,9.80,3559086,34487736.00
2024/10/15,9.71,9.88,9.58,9.59,2674700,26039588.00
2024/10/16,9.56,9.70,9.46,9.57,2728400,26156532.00
2024/10/17,9.64,9.67,9.43,9.45,1901600,18170128.00
2024/10/18,9.42,9.65,9.40,9.50,4456141,42455936.00
2024/10/21,9.53,9.75,9.46,9.70,4315200,41519392.00
2024/10/22,9.92,10.08,9.72,9.96,4824100,47807652.00
2024/10/23,9.90,10.04,9.84,9.94,3799900,37817196.00
2024/10/24,9.93,9.99,9.80,9.87,3365200,33228740.00
2024/10/25,9.95,10.00,9.88,9.99,3449600,34354048.00
2024/10/28,9.91,10.30,9.91,10.28,4600438,46775404.00
2024/10/29,10.35,10.46,9.99,10.01,3783693,38417220.00
2024/10/30,10.02,10.08,9.82,9.95,2747700,27328458.00
2024/10/31,9.87,10.00,9.87,9.97,2901600,28825372.00
2024/11/01,9.97,10.88,9.82,10.26,9589070,98079264.00
2024/11/04,10.15,10.73,10.03,10.60,11840800,123469768.00
2024/11/05,10.60,10.86,10.32,10.64,10356378,109356608.00
2024/11/06,10.68,10.76,10.50,10.67,7774646,82736440.00
2024/11/07,10.68,11.24,10.66,11.24,14522843,160655872.00
2024/11/08,11.38,11.38,10.69,10.76,11804280,128557384.00
2024/11/11,10.52,10.64,10.41,10.63,6402619,67452112.00
2024/11/12,10.60,10.76,10.48,10.59,5649127,60227040.00
2024/11/13,10.57,10.63,10.32,10.55,3849927,40337268.00
2024/11/14,10.55,10.55,10.25,10.26,2852439,29641084.00
2024/11/15,10.28,10.50,10.24,10.28,3638500,37814960.00
2024/11/18,10.25,10.40,9.90,9.99,3119800,31503600.00
2024/11/19,9.99,10.15,9.91,10.12,2785103,28022566.00
2024/11/20,10.21,10.30,10.14,10.26,3282300,33556244.00
2024/11/21,10.24,10.41,10.12,10.23,2784939,28526248.00
2024/11/22,10.18,10.23,9.76,9.79,3661300,36657680.00
数据来源:通达信
