605086 龙高股份 日线 不复权
      日期	    开盘	    最高	    最低	    收盘	    成交量	    成交额
2021/04/16,15.43,18.52,15.43,18.52,226150,4186135.00
2021/04/19,20.37,20.37,20.37,20.37,90025,1833809.25
2021/04/20,22.41,22.41,22.41,22.41,265077,5940375.50
2021/04/21,24.65,24.65,24.65,24.65,187891,4631513.00
2021/04/22,27.12,27.12,27.12,27.12,180050,4882956.00
2021/04/23,29.83,29.83,29.83,29.83,718389,21429544.00
2021/04/26,32.81,32.81,32.01,32.81,9567145,313695008.00
2021/04/27,34.68,36.09,34.00,36.09,18524550,655090368.00
2021/04/28,36.90,39.69,32.48,32.48,15412557,554601344.00
2021/04/29,29.23,29.23,29.23,29.23,1022400,29884752.00
2021/04/30,26.31,28.64,26.31,26.89,15994651,434621376.00
2021/05/06,26.63,27.89,25.13,26.50,13342860,350592320.00
2021/05/07,26.10,29.15,25.98,29.15,11112479,305026432.00
2021/05/10,29.50,31.60,27.70,28.98,16149876,477401632.00
2021/05/11,28.10,31.00,27.17,29.72,14032175,412684768.00
2021/05/12,29.28,32.00,28.95,30.01,12415688,375430784.00
2021/05/13,28.96,28.98,27.53,27.80,9496263,266927936.00
2021/05/14,28.11,28.49,27.20,27.28,6933729,191800672.00
2021/05/17,26.98,27.28,25.83,26.18,6180076,163321152.00
2021/05/18,26.47,28.80,26.47,28.80,4070661,114602480.00
2021/05/19,30.42,31.68,30.42,31.68,10881245,340462624.00
2021/05/20,31.33,31.43,29.15,30.32,14118494,429858784.00
2021/05/21,30.43,33.00,30.43,32.32,16301886,523149472.00
2021/05/24,30.85,32.32,29.51,31.52,10368586,320824800.00
2021/05/25,31.84,33.00,30.30,30.90,9945509,313103520.00
2021/05/26,29.98,30.59,29.02,30.59,9389200,279169088.00
2021/05/27,30.88,30.94,29.16,29.58,7864795,234575024.00
2021/05/28,29.80,30.30,28.87,28.95,6415055,189377472.00
2021/05/31,28.82,29.68,27.91,29.52,7019892,202018576.00
2021/06/01,29.09,32.13,29.00,30.66,9978450,302920224.00
2021/06/02,30.45,31.38,30.21,31.18,8566961,264146688.00
2021/06/03,30.80,31.49,29.71,29.71,7777121,236598096.00
2021/06/04,28.80,28.80,27.50,27.68,8006462,223098544.00
2021/06/07,27.26,28.05,27.13,27.70,3662753,101528264.00
2021/06/08,27.72,27.98,26.51,27.08,4945129,133892032.00
2021/06/09,27.00,27.69,26.71,27.12,3704035,100957160.00
2021/06/10,27.00,27.25,26.50,26.53,3965964,106144856.00
2021/06/11,26.75,27.30,26.24,27.18,4151476,111214616.00
2021/06/15,27.00,27.00,25.21,25.35,4433699,114449576.00
2021/06/16,25.30,25.30,24.21,24.31,3376515,83058696.00
2021/06/17,24.30,24.76,24.19,24.32,2092757,51116440.00
2021/06/18,24.40,24.77,23.87,24.51,2519060,61184364.00
2021/06/21,24.52,24.98,24.51,24.84,2100078,52022444.00
2021/06/22,24.91,25.34,24.55,25.07,2407108,60189424.00
2021/06/23,25.04,25.04,24.33,24.39,3070791,75463736.00
2021/06/24,24.36,24.39,23.64,23.77,2934132,70136896.00
2021/06/25,23.60,24.18,23.51,23.84,1789164,42706556.00
2021/06/28,23.83,24.09,23.57,23.80,1350292,32179884.00
2021/06/29,23.77,24.80,23.52,24.28,3090944,74690576.00
2021/06/30,24.30,24.50,23.63,23.73,2097594,50057440.00
2021/07/01,23.69,23.93,23.53,23.53,1774995,42085524.00
2021/07/02,23.50,23.53,22.72,22.78,2131747,48989552.00
2021/07/05,22.65,23.79,22.65,23.48,2184665,50971252.00
2021/07/06,23.53,24.32,23.42,23.81,2554175,61120508.00
2021/07/07,23.41,24.36,23.41,24.07,2218862,53497168.00
2021/07/08,24.03,24.10,23.03,23.10,2408001,56678912.00
2021/07/09,23.05,25.41,22.98,25.41,4654727,115617216.00
2021/07/12,26.00,26.68,25.41,25.59,8209766,213202112.00
2021/07/13,25.50,25.87,24.84,25.27,4379239,110269408.00
2021/07/14,25.25,25.67,24.86,24.89,3561408,89783696.00
2021/07/15,24.86,26.26,24.72,26.02,5455462,140069088.00
2021/07/16,25.60,25.86,25.12,25.15,3399151,86502112.00
2021/07/19,25.38,25.43,24.01,24.19,3365614,82226240.00
2021/07/20,23.62,23.70,23.13,23.59,2724416,63898108.00
2021/07/21,23.68,25.95,23.60,25.95,2231721,56901644.00
2021/07/22,26.80,28.49,25.61,26.98,10523970,281278656.00
2021/07/23,26.71,28.42,26.45,27.60,8225876,226869760.00
2021/07/26,27.40,28.34,26.62,28.12,7015843,191905296.00
2021/07/27,27.70,28.56,26.13,26.15,6077571,167158624.00
2021/07/28,25.83,26.14,23.58,24.92,4451419,110363224.00
2021/07/29,24.90,27.28,24.80,26.60,5039929,131551824.00
2021/07/30,26.26,27.00,26.05,26.24,3444465,91076496.00
2021/08/02,26.36,27.38,26.05,26.75,3741449,100263272.00
2021/08/03,27.05,28.17,26.65,26.93,5632477,154515408.00
2021/08/04,26.62,27.28,26.51,27.14,3321245,89183136.00
2021/08/05,27.00,27.00,26.13,26.69,2592433,68739128.00
2021/08/06,26.76,26.76,25.40,25.68,3013716,77866872.00
2021/08/09,25.68,26.40,25.58,25.74,1813305,46878260.00
2021/08/10,25.65,26.16,25.12,25.38,2537228,64983940.00
2021/08/11,25.46,26.23,25.44,25.81,2561347,66256880.00
2021/08/12,25.88,25.88,25.26,25.33,2386776,60754840.00
2021/08/13,25.23,25.88,25.10,25.81,2127257,54407444.00
2021/08/16,25.80,28.23,25.70,26.83,5095441,137854128.00
2021/08/17,26.60,27.25,26.30,27.01,4198070,112913048.00
2021/08/18,26.86,27.68,26.21,27.05,3718865,99908920.00
2021/08/19,26.78,26.88,25.68,25.71,3137608,81576800.00
2021/08/20,25.70,25.70,24.45,24.77,2575079,63867488.00
2021/08/23,24.89,25.60,24.89,25.57,1669416,42302044.00
2021/08/24,25.47,27.78,25.08,27.18,6640290,178379312.00
2021/08/25,27.13,27.50,26.76,27.28,4052146,110065880.00
2021/08/26,27.19,28.46,26.90,27.75,5293495,147291744.00
2021/08/27,27.70,28.21,27.17,27.54,3701217,102224080.00
2021/08/30,27.55,28.58,26.88,27.85,4870132,136232512.00
2021/08/31,27.30,28.20,26.91,27.74,3386636,93345792.00
2021/09/01,27.96,28.88,26.01,26.60,5174386,142291568.00
2021/09/02,26.10,28.36,26.02,27.67,4200068,115625504.00
2021/09/03,27.64,28.50,26.61,26.97,3967491,109489896.00
2021/09/06,26.90,28.68,26.21,28.32,5763562,159248320.00
2021/09/07,28.06,28.50,27.80,28.18,3230538,90769424.00
2021/09/08,27.99,28.87,27.64,27.93,3171868,89151792.00
2021/09/09,28.00,29.48,27.66,29.21,6477790,185818128.00
2021/09/10,29.00,29.07,27.08,27.53,6373045,178353264.00
2021/09/13,27.18,28.11,27.18,27.47,3141963,86515616.00
2021/09/14,27.15,27.30,26.33,26.50,3367157,90079072.00
2021/09/15,26.50,27.19,26.31,26.87,1953434,52301348.00
2021/09/16,26.91,27.20,25.63,25.66,3408658,89628608.00
2021/09/17,25.60,26.15,25.30,25.80,2088719,53697384.00
2021/09/22,25.40,25.71,24.88,25.10,1854162,46742456.00
2021/09/23,25.18,25.38,24.83,24.97,1468743,36768760.00
2021/09/24,25.02,25.13,24.25,24.32,1857647,45440532.00
2021/09/27,24.31,24.44,23.41,23.45,1588266,37676392.00
2021/09/28,23.60,23.66,23.29,23.61,770762,18149068.00
2021/09/29,23.58,23.58,22.70,22.75,1168735,26908482.00
2021/09/30,22.78,23.14,22.71,22.89,1098204,25114756.00
2021/10/08,23.34,23.65,23.07,23.63,1074237,25150478.00
2021/10/11,23.59,23.75,23.37,23.55,790638,18628102.00
2021/10/12,23.54,23.54,22.96,23.19,681682,15792542.00
2021/10/13,23.01,23.41,22.95,23.41,675460,15681586.00
2021/10/14,23.34,24.76,23.34,24.03,1475905,35666728.00
2021/10/15,24.26,24.26,23.66,23.81,837830,19964894.00
2021/10/18,23.82,24.26,23.56,24.15,806962,19380082.00
2021/10/19,24.04,24.15,23.85,24.15,603167,14482813.00
2021/10/20,24.14,24.14,23.65,23.75,646238,15356349.00
2021/10/21,23.75,24.10,23.71,24.10,1055978,25284868.00
2021/10/22,24.40,24.40,23.18,23.21,1298627,30745740.00
2021/10/25,23.12,23.45,22.70,23.37,742171,17146380.00
2021/10/26,23.30,23.73,23.12,23.37,735536,17288072.00
2021/10/27,23.37,23.56,22.22,22.32,1307681,29496592.00
2021/10/28,22.19,22.50,21.39,21.42,1103225,23879600.00
2021/10/29,21.42,21.65,21.23,21.55,551421,11850072.00
2021/11/01,21.42,21.82,21.42,21.78,414319,8984660.00
2021/11/02,21.80,22.15,21.48,21.88,827143,18058528.00
2021/11/03,21.80,21.98,21.65,21.92,401986,8781223.00
2021/11/04,22.00,22.11,21.67,22.00,609100,13411972.00
2021/11/05,22.08,22.08,21.79,21.82,592500,12994704.00
2021/11/08,21.83,22.10,21.68,21.93,435151,9522870.00
2021/11/09,22.04,22.23,21.91,22.22,650950,14354762.00
2021/11/10,22.05,22.25,21.92,22.06,509727,11222734.00
2021/11/11,22.13,22.62,22.10,22.51,914603,20494624.00
2021/11/12,22.51,22.70,22.36,22.53,719219,16222189.00
2021/11/15,22.54,22.97,22.53,22.81,734748,16748274.00
2021/11/16,22.96,23.74,22.96,23.20,1563600,36438296.00
2021/11/17,23.02,23.20,22.91,23.13,1057428,24348188.00
2021/11/18,22.96,23.21,22.68,22.77,854619,19607874.00
2021/11/19,22.80,23.17,22.71,23.15,867857,19944512.00
2021/11/22,23.25,23.42,22.96,23.13,791614,18274788.00
2021/11/23,23.41,23.82,23.32,23.44,1114969,26237670.00
2021/11/24,23.44,23.78,23.10,23.63,1396838,32751036.00
2021/11/25,24.30,25.18,23.93,24.01,3074411,75150072.00
2021/11/26,24.06,24.56,24.04,24.17,1448281,35096284.00
2021/11/29,23.74,24.03,23.40,23.89,1518816,35965128.00
2021/11/30,24.07,24.24,23.53,23.69,1073700,25571576.00
2021/12/01,23.85,24.64,23.85,24.24,1519095,36915912.00
2021/12/02,24.39,24.39,23.68,23.70,1068514,25541864.00
2021/12/03,23.70,23.82,23.38,23.41,921848,21645418.00
2021/12/06,23.50,24.59,23.34,23.39,1482300,35394128.00
2021/12/07,23.36,23.64,22.43,22.52,1754319,40049616.00
2021/12/08,22.70,22.85,22.51,22.75,615200,13965941.00
2021/12/09,22.92,23.15,22.89,23.01,897357,20644810.00
2021/12/10,23.01,23.47,22.90,23.16,842938,19554062.00
2021/12/13,23.15,23.15,22.77,22.96,976200,22368312.00
2021/12/14,22.95,23.39,22.86,23.26,1002901,23198520.00
2021/12/15,23.45,24.15,23.36,23.64,1747748,41488404.00
2021/12/16,23.88,23.92,23.50,23.76,938733,22209148.00
2021/12/17,23.90,24.08,23.59,23.80,956966,22763446.00
2021/12/20,23.99,24.00,23.15,23.26,959943,22561328.00
2021/12/21,23.37,24.49,23.26,24.39,2544273,61180228.00
2021/12/22,24.48,24.48,23.99,24.03,1382252,33369676.00
2021/12/23,24.45,24.58,23.92,24.19,1952043,47361944.00
2021/12/24,24.18,24.25,23.17,23.32,1800295,42397992.00
2021/12/27,23.45,23.74,23.15,23.34,711496,16590677.00
2021/12/28,23.32,23.66,23.22,23.54,819496,19232164.00
2021/12/29,23.33,23.79,23.20,23.51,656443,15410019.00
2021/12/30,23.45,24.08,23.43,23.83,1185853,28123836.00
2021/12/31,23.80,24.00,23.58,23.62,833004,19768062.00
2022/01/04,23.58,23.88,23.54,23.86,931000,22129704.00
2022/01/05,24.15,24.17,23.44,23.70,1200395,28450606.00
2022/01/06,23.70,24.25,23.63,24.02,1383624,33156792.00
2022/01/07,24.00,24.12,23.69,23.70,1084600,25868386.00
2022/01/10,23.90,24.38,23.78,24.14,1353841,32639580.00
2022/01/11,24.17,24.30,23.98,24.11,972443,23447308.00
2022/01/12,24.11,24.28,23.97,24.20,934063,22560008.00
2022/01/13,24.20,24.54,24.14,24.25,1181320,28699592.00
2022/01/14,24.05,24.20,23.59,23.62,1316343,31413084.00
2022/01/17,23.70,24.88,23.62,24.64,2427787,59381428.00
2022/01/18,24.66,24.81,24.29,24.40,1534519,37592460.00
2022/01/19,24.41,24.65,24.31,24.52,1041200,25481800.00
2022/01/20,24.33,26.97,24.33,26.97,9963043,265370208.00
2022/01/21,27.34,28.04,25.32,25.96,9441229,250288208.00
2022/01/24,24.91,24.99,23.36,23.38,6323371,149951264.00
2022/01/25,23.20,23.28,21.42,21.42,4116543,91472144.00
2022/01/26,21.48,21.82,21.28,21.56,1798295,38734452.00
2022/01/27,21.58,21.63,20.60,20.62,1789800,37484772.00
2022/01/28,20.80,20.98,20.38,20.86,1090424,22585492.00
2022/02/07,21.05,21.50,21.00,21.25,1118431,23782776.00
2022/02/08,21.27,21.78,21.05,21.78,1399535,30059832.00
2022/02/09,21.65,21.95,21.58,21.83,1124166,24526232.00
2022/02/10,21.84,21.90,21.57,21.73,786381,17070380.00
2022/02/11,21.54,21.70,21.22,21.29,1093000,23379644.00
2022/02/14,21.38,21.56,21.13,21.27,552480,11793824.00
2022/02/15,21.40,21.45,21.08,21.21,747119,15865928.00
2022/02/16,21.26,23.21,21.26,22.18,3112608,69388296.00
2022/02/17,22.45,22.45,21.71,22.02,1525647,33686520.00
2022/02/18,21.94,22.20,21.80,22.02,871143,19196436.00
2022/02/21,22.11,22.28,21.98,22.27,911039,20188470.00
2022/02/22,22.23,22.23,21.69,21.98,860800,18862612.00
2022/02/23,21.98,22.35,21.82,22.25,953100,21107420.00
2022/02/24,22.08,22.30,21.26,21.51,1506239,32803272.00
2022/02/25,21.65,21.97,21.61,21.65,843181,18374864.00
2022/02/28,21.65,21.70,21.13,21.66,791443,16987040.00
2022/03/01,21.66,21.96,21.61,21.88,692819,15082795.00
2022/03/02,21.87,22.24,21.76,22.10,806500,17764544.00
2022/03/03,22.14,22.67,22.06,22.18,1339800,29893132.00
2022/03/04,22.15,22.18,21.82,21.88,810781,17817030.00
2022/03/07,21.88,22.25,21.56,21.70,788929,17192434.00
2022/03/08,21.60,21.79,20.82,20.82,1106100,23372056.00
2022/03/09,20.89,21.00,19.64,20.27,1162200,23576384.00
2022/03/10,20.59,20.90,20.30,20.32,736100,15132566.00
2022/03/11,20.20,20.36,19.73,20.36,764886,15279853.00
2022/03/14,20.15,20.19,19.45,19.49,986000,19473664.00
2022/03/15,19.50,19.50,18.12,18.13,1166372,21893280.00
2022/03/16,18.36,18.64,17.81,18.58,1258619,23012396.00
2022/03/17,18.77,19.23,18.60,18.88,870200,16498468.00
2022/03/18,18.90,19.34,18.85,19.20,706600,13537688.00
2022/03/21,19.21,19.65,19.15,19.50,876700,17026658.00
2022/03/22,19.47,19.58,19.18,19.44,472543,9173988.00
2022/03/23,19.44,19.57,19.36,19.50,385676,7516980.00
2022/03/24,19.55,19.65,19.14,19.20,580892,11200439.00
2022/03/25,19.48,19.78,19.31,19.43,913200,17919440.00
2022/03/28,19.16,19.45,18.84,19.19,626900,11996787.00
2022/03/29,19.21,19.46,18.91,18.98,507100,9682223.00
2022/03/30,18.91,19.35,18.91,19.33,556200,10670973.00
2022/03/31,19.44,19.72,19.17,19.60,681262,13312036.00
2022/04/01,19.70,19.79,19.23,19.32,549919,10646071.00
2022/04/06,19.37,19.79,19.29,19.56,591334,11588489.00
2022/04/07,19.50,19.51,19.16,19.28,470586,9093376.00
2022/04/08,19.28,19.60,18.88,19.45,850991,16367326.00
2022/04/11,19.57,19.57,18.51,18.67,594910,11294355.00
2022/04/12,18.71,19.24,18.50,19.14,460819,8676349.00
2022/04/13,19.55,19.55,18.91,19.23,556128,10712087.00
2022/04/14,19.45,19.49,19.10,19.32,580700,11213906.00
2022/04/15,19.31,19.47,19.02,19.15,496800,9568531.00
2022/04/18,19.15,19.28,18.62,19.20,450398,8551823.00
2022/04/19,19.06,19.85,19.02,19.79,888819,17425124.00
2022/04/20,19.49,19.60,18.85,19.02,1264000,24375278.00
2022/04/21,18.83,19.24,17.91,17.96,839400,15533771.00
2022/04/22,17.60,18.14,17.56,17.75,675500,12041634.00
2022/04/25,17.68,17.68,16.35,16.38,805400,13629585.00
2022/04/26,16.43,16.44,15.23,15.30,938300,14774664.00
2022/04/27,15.30,16.07,14.84,15.98,984635,15129356.00
2022/04/28,15.95,16.27,15.51,15.72,584757,9233493.00
2022/04/29,15.64,16.60,15.64,16.41,551419,8993325.00
2022/05/05,16.08,17.10,16.08,16.85,676489,11320072.00
2022/05/06,16.46,17.10,16.45,16.90,675327,11372621.00
2022/05/09,16.81,17.30,16.76,17.11,477308,8139787.00
2022/05/10,16.89,17.42,16.73,17.40,448986,7722399.00
2022/05/11,17.33,17.83,17.26,17.26,650308,11426066.00
2022/05/12,17.12,17.59,16.80,17.29,475494,8223563.00
2022/05/13,17.45,17.55,17.25,17.38,350500,6096904.00
2022/05/16,17.37,17.72,17.02,17.16,741300,12785505.00
2022/05/17,17.46,18.88,17.28,18.20,3512784,65055400.00
2022/05/18,17.76,18.30,17.60,17.85,3091260,55432488.00
2022/05/19,17.60,17.84,17.41,17.73,1244007,21968596.00
2022/05/20,18.00,18.56,17.82,17.93,1578164,28509436.00
2022/05/23,17.93,18.28,17.81,18.28,1106521,20025316.00
2022/05/24,18.28,18.30,17.53,17.55,1126600,20193648.00
2022/05/25,17.55,17.87,17.55,17.75,625828,11097532.00
2022/05/26,18.21,18.88,17.95,18.26,1692898,31001002.00
2022/05/27,18.51,20.09,18.22,20.09,3484743,68430696.00
2022/05/30,20.46,20.89,19.37,20.06,6217458,124834560.00
2022/05/31,20.05,20.06,19.45,19.63,2794762,54939920.00
2022/06/01,19.54,19.74,19.29,19.52,1405262,27437784.00
2022/06/02,19.41,19.51,19.10,19.24,1441924,27746676.00
2022/06/06,19.18,20.24,19.18,20.16,2835000,56340248.00
2022/06/07,20.13,20.13,19.55,19.71,1676486,33106820.00
2022/06/08,19.71,19.77,18.93,19.47,1467662,28446192.00
2022/06/09,19.44,19.45,19.00,19.03,769600,14753378.00
2022/06/10,18.89,19.47,18.75,19.39,957900,18476980.00
2022/06/13,19.30,21.33,19.05,21.33,5945109,124328440.00
2022/06/14,21.42,22.20,20.81,21.11,6535874,139048464.00
2022/06/15,20.98,21.12,20.41,20.45,3570843,73618544.00
2022/06/16,20.43,20.64,20.26,20.48,2260000,46178720.00
2022/06/17,20.48,21.77,20.33,21.51,5050677,106435488.00
2022/06/20,21.47,21.47,20.86,20.90,2708369,56844252.00
2022/06/21,20.87,21.03,20.43,20.75,1531851,31633872.00
2022/06/22,20.64,21.16,20.44,20.81,2044064,42593248.00
2022/06/23,20.82,20.84,20.21,20.68,1615230,33118544.00
2022/06/24,20.91,21.16,20.10,20.78,1768009,36577836.00
2022/06/27,20.67,20.85,20.48,20.55,1456309,30026064.00
2022/06/28,20.48,20.88,20.48,20.59,1512133,31154834.00
2022/06/29,20.66,20.75,19.80,19.81,2126102,42841732.00
2022/06/30,19.82,20.17,19.82,20.04,1111186,22226740.00
2022/07/01,20.21,20.28,19.97,20.09,660019,13237526.00
2022/07/04,20.00,20.33,19.90,20.19,820085,16502516.00
2022/07/05,20.19,20.64,20.02,20.30,1594231,32478116.00
2022/07/06,20.18,20.18,19.52,19.64,1235669,24396982.00
2022/07/07,19.59,19.59,19.21,19.30,501500,9698843.00
2022/07/08,19.28,19.42,19.18,19.19,710783,13745760.00
2022/07/11,19.10,19.38,18.77,19.20,513000,9803675.00
2022/07/12,19.13,19.30,18.72,18.74,668500,12671855.00
2022/07/13,18.74,19.14,18.71,19.09,648269,12324792.00
2022/07/14,19.09,19.29,19.03,19.24,481400,9241849.00
2022/07/15,19.23,19.23,18.85,18.91,490343,9302446.00
2022/07/18,18.91,19.28,18.91,19.25,559300,10738462.00
2022/07/19,19.25,19.56,19.15,19.54,660343,12855719.00
2022/07/20,19.60,19.60,19.43,19.57,507200,9891466.00
2022/07/21,19.55,19.75,19.39,19.63,642900,12582465.00
2022/07/22,19.72,19.92,19.55,19.87,846045,16757203.00
2022/07/25,19.96,19.96,19.60,19.70,457100,9027918.00
2022/07/26,19.72,19.86,19.32,19.74,515300,10094193.00
2022/07/27,19.69,20.33,19.62,20.25,1209847,24301352.00
2022/07/28,20.25,20.59,20.11,20.18,932633,18948588.00
2022/07/29,20.18,20.51,20.12,20.27,811633,16470326.00
2022/08/01,20.12,20.39,19.95,20.34,596762,12094170.00
2022/08/02,20.28,20.28,19.40,19.48,1209143,23761432.00
2022/08/03,19.49,20.07,19.30,19.44,655819,12935880.00
2022/08/04,19.50,19.66,19.24,19.49,392100,7640293.00
2022/08/05,19.49,20.10,19.40,20.07,818719,16272082.00
2022/08/08,20.12,20.45,19.81,20.39,865200,17550424.00
2022/08/09,20.34,20.87,20.29,20.66,1065443,21940624.00
2022/08/10,20.66,20.88,20.56,20.78,1059600,21984574.00
2022/08/11,20.77,20.97,20.64,20.70,816307,16931878.00
2022/08/12,20.79,20.89,20.45,20.48,852100,17595460.00
2022/08/15,20.51,20.71,20.21,20.53,555400,11366290.00
2022/08/16,20.64,22.28,20.51,21.23,2492543,53252288.00
2022/08/17,21.17,21.32,20.75,21.00,1384300,28972026.00
2022/08/18,20.86,20.86,20.35,20.55,1126600,23106050.00
2022/08/19,20.66,20.74,20.08,20.14,953700,19400954.00
2022/08/22,20.25,20.57,20.11,20.41,701219,14326936.00
2022/08/23,20.41,20.62,20.19,20.52,606182,12388415.00
2022/08/24,20.52,20.65,19.50,19.56,1013849,20132114.00
2022/08/25,19.56,19.69,19.08,19.29,657119,12701080.00
2022/08/26,19.29,19.52,19.08,19.13,415900,8021577.00
2022/08/29,19.00,19.47,18.92,19.45,563029,10843456.00
2022/08/30,19.55,19.65,19.26,19.43,359143,6979260.00
2022/08/31,19.42,19.45,18.80,18.89,528600,10049113.00
2022/09/01,18.90,19.18,18.75,18.87,320172,6085879.00
2022/09/02,18.95,19.24,18.94,19.14,277472,5299802.00
2022/09/05,19.18,19.46,19.10,19.46,408210,7880431.00
2022/09/06,19.55,19.56,19.26,19.51,325819,6334204.00
2022/09/07,19.51,19.92,19.40,19.92,606900,11993077.00
2022/09/08,19.95,19.97,19.68,19.79,445800,8818099.00
2022/09/09,19.70,19.82,19.49,19.52,325943,6385596.00
2022/09/13,19.67,19.80,19.51,19.70,246000,4837313.00
2022/09/14,19.52,19.82,19.36,19.79,374900,7376842.00
2022/09/15,19.66,19.78,19.09,19.19,436643,8465322.00
2022/09/16,19.42,19.58,18.94,18.94,418100,8044866.00
2022/09/19,18.87,19.00,18.21,18.35,477500,8812454.00
2022/09/20,18.49,18.78,18.40,18.61,241886,4511086.00
2022/09/21,18.61,19.05,18.37,18.89,413123,7778455.00
2022/09/22,18.70,19.08,18.62,18.67,290700,5468447.00
2022/09/23,18.53,18.79,18.31,18.41,283900,5254138.00
2022/09/26,18.30,18.39,17.56,17.56,450643,8031918.00
2022/09/27,17.51,18.07,17.51,18.07,289612,5143326.00
2022/09/28,18.02,18.20,17.67,17.68,245743,4401449.00
2022/09/29,17.75,17.96,17.39,17.44,412700,7275940.00
2022/09/30,17.25,17.52,17.19,17.28,206212,3572354.00
2022/10/10,17.44,17.54,16.81,16.82,322243,5526848.00
2022/10/11,16.82,17.06,16.72,16.82,238043,4016254.00
2022/10/12,16.87,17.58,16.83,17.56,526100,9031804.00
2022/10/13,17.44,18.08,17.44,17.93,382700,6819634.00
2022/10/14,17.98,18.20,17.97,18.06,494043,8939377.00
2022/10/17,18.06,18.32,18.06,18.28,306600,5594979.00
2022/10/18,18.32,18.51,18.30,18.36,374300,6889713.00
2022/10/19,18.36,18.84,18.22,18.52,586500,10874942.00
2022/10/20,18.66,18.66,18.25,18.36,392300,7242904.00
2022/10/21,18.54,20.00,18.43,18.91,2007343,38731160.00
2022/10/24,18.94,19.25,18.70,18.88,1215700,23111644.00
2022/10/25,18.71,19.26,18.66,19.19,1155400,21906186.00
2022/10/26,19.31,19.45,19.05,19.38,1122600,21651712.00
2022/10/27,19.37,19.56,19.21,19.32,624700,12080470.00
2022/10/28,19.11,19.41,18.74,18.81,631243,12011166.00
2022/10/31,18.98,19.36,18.83,19.19,645300,12341175.00
2022/11/01,19.38,19.47,19.15,19.43,653200,12637641.00
2022/11/02,19.55,19.71,19.34,19.56,841119,16470015.00
2022/11/03,19.56,19.65,19.33,19.62,371200,7263014.00
2022/11/04,19.64,19.77,19.50,19.69,623700,12250981.00
2022/11/07,19.69,19.89,19.50,19.77,640521,12635838.00
2022/11/08,19.64,20.18,19.64,19.99,874843,17465260.00
2022/11/09,19.99,20.68,19.96,20.43,1654329,33628176.00
2022/11/10,20.50,20.68,20.20,20.52,1104143,22621156.00
2022/11/11,20.60,21.14,20.40,21.14,1869046,38898100.00
2022/11/14,21.36,21.87,20.78,20.92,2535679,53708208.00
2022/11/15,20.66,21.00,20.55,20.70,1600767,33182612.00
2022/11/16,20.70,21.08,20.61,20.95,942204,19716896.00
2022/11/17,21.06,21.08,20.50,20.75,1123400,23270886.00
2022/11/18,21.80,21.80,20.58,20.78,1256673,26224116.00
2022/11/21,20.78,21.65,20.60,21.50,1862178,39560152.00
2022/11/22,21.62,21.67,20.74,20.81,1136700,24073960.00
2022/11/23,20.74,21.14,20.42,20.71,926766,19159402.00
2022/11/24,20.70,21.48,20.65,21.18,898243,19027462.00
2022/11/25,21.38,21.38,20.85,21.21,695400,14718554.00
2022/11/28,21.13,21.46,20.80,21.29,1216307,25856376.00
2022/11/29,21.20,21.77,21.12,21.63,1332600,28782326.00
2022/11/30,21.60,22.68,21.50,22.36,2132849,47518188.00
2022/12/01,22.20,22.47,21.53,21.69,2140115,46822936.00
2022/12/02,21.50,21.90,21.38,21.84,1134200,24552872.00
2022/12/05,21.78,21.91,21.39,21.58,974986,21039228.00
2022/12/06,21.76,21.76,20.78,20.93,1330400,27969936.00
2022/12/07,20.92,21.17,20.78,21.15,1022095,21440768.00
2022/12/08,20.80,21.32,20.75,20.80,842725,17682180.00
2022/12/09,21.02,21.72,20.94,21.21,1645686,35223700.00
2022/12/12,21.20,21.45,20.79,20.90,1178964,24817268.00
2022/12/13,21.09,21.17,20.72,20.87,924100,19308676.00
2022/12/14,20.98,21.10,20.38,20.55,1166800,24041832.00
2022/12/15,20.60,20.79,20.41,20.60,551300,11347783.00
2022/12/16,20.60,20.66,20.06,20.15,748900,15198567.00
2022/12/19,20.30,20.56,19.92,20.07,728743,14681612.00
2022/12/20,19.78,20.12,19.68,19.95,610700,12166031.00
2022/12/21,20.04,20.10,19.70,19.83,497400,9869242.00
2022/12/22,20.10,20.10,19.30,19.38,590100,11555081.00
2022/12/23,19.67,19.90,19.25,19.47,626870,12220609.00
2022/12/26,19.46,19.65,19.15,19.47,355643,6936943.00
2022/12/27,19.56,19.86,19.40,19.80,489643,9621024.00
2022/12/28,19.66,19.98,19.42,19.50,454700,8925225.00
2022/12/29,19.47,19.63,19.27,19.49,442667,8600537.00
2022/12/30,19.35,19.59,19.21,19.22,431182,8356592.00
2023/01/03,19.49,19.77,19.12,19.75,638067,12485770.00
2023/01/04,19.73,19.83,19.56,19.59,466719,9185365.00
2023/01/05,19.66,20.02,19.55,19.91,717498,14198783.00
2023/01/06,19.92,20.27,19.74,19.84,496596,9892417.00
2023/01/09,19.92,20.25,19.66,19.76,666621,13251144.00
2023/01/10,19.76,19.81,19.52,19.63,406202,7966592.00
2023/01/11,19.62,19.85,19.42,19.42,455196,8934771.00
2023/01/12,19.44,19.53,19.30,19.38,275900,5346325.00
2023/01/13,19.39,19.51,19.18,19.46,464400,8991444.00
2023/01/16,19.29,21.41,19.29,21.41,3162845,66184196.00
2023/01/17,21.99,22.96,21.66,22.77,5502475,123176472.00
2023/01/18,22.45,23.76,22.31,22.87,4806382,110251688.00
2023/01/19,22.87,23.30,22.53,22.79,2067667,47224972.00
2023/01/20,22.90,23.48,22.81,23.37,1905043,44251604.00
2023/01/30,23.50,23.67,22.67,22.76,2135819,49095556.00
2023/01/31,22.66,22.73,22.37,22.58,1488819,33516156.00
2023/02/01,22.63,23.63,22.50,23.07,1460800,33659700.00
2023/02/02,23.14,23.55,22.94,23.45,1324000,30799942.00
2023/02/03,23.45,23.45,22.54,22.90,1353872,30863346.00
2023/02/06,22.95,23.47,22.50,23.30,1192500,27538608.00
2023/02/07,23.51,23.51,22.90,23.04,764811,17665660.00
2023/02/08,23.21,23.40,23.00,23.10,804200,18617492.00
2023/02/09,22.91,23.49,22.91,23.36,1029943,23935662.00
2023/02/10,23.25,23.88,23.06,23.58,1400043,32897326.00
2023/02/13,23.68,23.72,23.15,23.28,1678001,39072900.00
2023/02/14,23.33,24.16,23.20,23.37,1809715,42732112.00
2023/02/15,23.41,24.25,23.27,23.73,1641343,38959872.00
2023/02/16,23.71,23.81,22.36,22.64,2120100,48831772.00
2023/02/17,22.78,23.34,22.66,22.75,1069400,24531572.00
2023/02/20,22.93,22.95,22.38,22.82,880000,19888956.00
2023/02/21,22.95,23.16,22.62,22.82,693200,15809091.00
2023/02/22,22.85,23.06,22.56,22.94,547186,12477291.00
2023/02/23,23.02,23.52,22.82,23.05,1242100,28706028.00
2023/02/24,23.31,24.56,22.97,23.84,2731295,65283584.00
2023/02/27,23.85,24.18,23.55,23.82,1711500,40791252.00
2023/02/28,23.73,24.04,23.35,23.61,1047900,24742952.00
2023/03/01,23.60,23.73,23.45,23.68,969900,22883156.00
2023/03/02,23.75,23.75,23.07,23.17,1030300,23961288.00
2023/03/03,23.16,23.37,22.90,22.95,757743,17492112.00
2023/03/06,23.10,23.34,22.70,22.90,868900,19963192.00
2023/03/07,22.87,22.96,22.46,22.50,722200,16399628.00
2023/03/08,22.50,22.82,22.40,22.81,612928,13858498.00
2023/03/09,22.82,23.60,22.65,23.19,1303157,30325032.00
2023/03/10,23.06,23.76,22.45,22.46,1042500,23830964.00
2023/03/13,22.56,22.61,22.01,22.19,819800,18285420.00
2023/03/14,22.19,22.50,21.52,21.76,1342919,29368688.00
2023/03/15,21.92,22.44,21.85,22.28,775700,17236656.00
2023/03/16,22.32,22.32,21.70,21.71,898100,19750068.00
2023/03/17,21.82,22.22,21.72,21.79,635000,13926228.00
2023/03/20,21.87,21.87,21.29,21.54,1125600,24198704.00
2023/03/21,21.75,22.23,21.53,22.21,700900,15425740.00
2023/03/22,22.22,22.42,22.12,22.29,663400,14743745.00
2023/03/23,22.30,22.30,21.85,22.09,603300,13273489.00
2023/03/24,22.20,22.41,22.01,22.17,865600,19195680.00
2023/03/27,22.30,22.30,21.50,21.88,842800,18358906.00
2023/03/28,21.97,21.99,21.55,21.60,540600,11721822.00
2023/03/29,21.51,21.67,21.12,21.19,763728,16270541.00
2023/03/30,21.60,21.67,21.22,21.55,922700,19793080.00
2023/03/31,21.50,21.96,21.49,21.86,643200,13995508.00
2023/04/03,21.79,22.13,21.67,21.83,1031800,22613792.00
2023/04/04,21.88,22.22,21.50,21.53,1011100,22153318.00
2023/04/06,21.41,21.75,21.26,21.49,872500,18718232.00
2023/04/07,21.49,21.65,21.37,21.56,597400,12841938.00
2023/04/10,21.56,21.90,21.09,21.12,845500,17976268.00
2023/04/11,21.33,21.33,20.95,21.15,661100,13941978.00
2023/04/12,21.09,21.37,21.03,21.30,600212,12733866.00
2023/04/13,21.31,21.31,20.99,21.03,435600,9190668.00
2023/04/14,21.14,21.34,20.98,21.31,500400,10612053.00
2023/04/17,21.31,21.48,21.14,21.48,583400,12414744.00
2023/04/18,21.48,21.48,21.09,21.10,521400,11033400.00
2023/04/19,21.05,21.13,20.85,21.11,635100,13332184.00
2023/04/20,20.84,20.96,20.11,20.25,1652291,33587948.00
2023/04/21,20.25,20.30,19.50,19.55,1283000,25444220.00
2023/04/24,19.51,19.57,19.21,19.50,637300,12353953.00
2023/04/25,19.60,19.79,18.61,18.90,854450,16227789.00
2023/04/26,18.63,19.18,18.63,18.97,686443,13073686.00
2023/04/27,19.00,19.45,18.97,19.16,641200,12317548.00
2023/04/28,19.16,19.72,19.15,19.56,578850,11244352.00
2023/05/04,19.47,19.95,19.31,19.63,727200,14326480.00
2023/05/05,19.63,19.65,19.11,19.22,752300,14498287.00
2023/05/08,19.25,19.45,19.15,19.41,485500,9373234.00
2023/05/09,19.32,19.46,19.06,19.10,518900,9946360.00
2023/05/10,19.10,19.69,19.05,19.44,901600,17489456.00
2023/05/11,19.55,20.28,19.40,20.16,1279200,25539786.00
2023/05/12,20.01,20.01,19.06,19.14,1523100,29554386.00
2023/05/15,19.08,19.36,19.06,19.35,526000,10099084.00
2023/05/16,19.35,19.60,19.23,19.42,563900,10947901.00
2023/05/17,19.40,19.97,19.32,19.86,754343,14905634.00
2023/05/18,19.85,20.12,19.65,19.82,453700,8974784.00
2023/05/19,19.74,19.83,19.50,19.57,575738,11277540.00
2023/05/22,19.57,20.00,19.52,19.80,685543,13478672.00
2023/05/23,19.76,19.85,19.56,19.62,425751,8383181.00
2023/05/24,19.70,19.89,19.42,19.81,604908,11935202.00
2023/05/25,19.75,20.08,19.61,20.05,864508,17193392.00
2023/05/26,20.05,20.60,19.86,20.28,1498000,30423518.00
2023/05/29,20.38,20.38,19.96,20.10,991600,19917820.00
2023/05/30,19.96,20.19,19.85,20.18,631600,12641686.00
2023/05/31,20.18,20.43,20.00,20.03,455306,9201157.00
2023/06/01,20.03,20.20,19.85,20.11,721400,14443956.00
2023/06/02,20.11,20.25,19.98,20.20,544500,10951538.00
2023/06/05,20.00,20.48,20.00,20.38,682000,13839944.00
2023/06/06,20.38,20.65,20.29,20.37,1034100,21175700.00
2023/06/07,20.33,20.62,20.20,20.52,592600,12142411.00
2023/06/08,20.52,20.79,20.38,20.58,931300,19171614.00
2023/06/09,20.55,21.03,20.27,20.89,947119,19661520.00
2023/06/12,20.89,20.96,20.47,20.79,708300,14644674.00
2023/06/13,20.77,20.95,20.65,20.92,569119,11850928.00
2023/06/14,21.05,21.13,20.80,21.00,640000,13441446.00
2023/06/15,20.96,21.33,20.63,20.74,1457600,30474572.00
2023/06/16,20.70,20.88,20.51,20.57,712800,14758082.00
2023/06/19,20.57,20.61,20.18,20.46,970300,19760436.00
2023/06/20,20.48,20.55,20.20,20.52,773700,15748201.00
2023/06/21,20.53,20.53,20.06,20.12,760200,15367701.00
2023/06/26,20.10,20.11,19.53,19.58,663838,13085870.00
2023/06/27,19.73,20.24,19.71,20.20,730919,14664071.00
2023/06/28,20.30,20.36,19.85,20.30,527900,10644804.00
2023/06/29,20.25,20.77,20.23,20.60,646500,13314103.00
2023/06/30,20.59,21.04,20.52,20.78,708743,14773593.00
2023/07/03,20.79,21.12,20.78,20.87,939200,19634496.00
2023/07/04,20.81,21.08,20.80,20.88,493700,10337744.00
2023/07/05,20.91,21.02,20.68,20.88,525000,10975745.00
2023/07/06,20.75,21.02,20.69,20.76,544000,11316851.00
2023/07/07,20.55,20.59,20.14,20.36,793100,16154663.00
2023/07/10,20.25,20.47,20.24,20.30,422619,8585974.00
2023/07/11,20.30,20.46,20.22,20.46,329600,6708349.00
2023/07/12,20.51,20.51,20.00,20.28,368100,7484175.00
2023/07/13,20.17,20.65,20.17,20.40,490300,10039616.00
2023/07/14,20.39,20.66,20.21,20.50,534400,10968160.00
2023/07/17,20.51,20.80,20.20,20.78,711700,14683493.00
2023/07/18,20.75,20.92,20.60,20.88,452400,9408898.00
2023/07/19,20.83,21.05,20.71,21.00,999071,20868218.00
2023/07/20,21.07,21.74,21.04,21.60,2880162,61987956.00
2023/07/21,21.82,22.07,21.01,21.05,2753643,59146156.00
2023/07/24,20.96,21.20,20.63,20.90,1269300,26480528.00
2023/07/25,21.01,21.79,20.81,21.30,1584700,33687944.00
2023/07/26,21.21,21.79,21.21,21.40,976729,20944402.00
2023/07/27,21.39,21.58,21.01,21.20,790696,16791976.00
2023/07/28,21.25,21.31,21.00,21.20,629400,13299687.00
2023/07/31,21.14,21.44,21.08,21.19,790541,16748076.00
2023/08/01,21.25,21.28,21.05,21.09,451743,9550073.00
2023/08/02,21.18,21.44,21.04,21.10,675033,14327377.00
2023/08/03,20.99,21.12,20.83,20.97,522200,10943624.00
2023/08/04,21.02,21.20,20.85,21.03,612600,12850813.00
2023/08/07,21.04,21.18,20.87,21.03,577600,12141438.00
2023/08/08,21.15,21.38,20.83,21.26,673600,14225853.00
2023/08/09,21.26,21.43,21.15,21.36,563300,12006303.00
2023/08/10,21.41,21.67,21.30,21.45,712200,15271462.00
2023/08/11,21.53,21.55,21.12,21.34,642800,13725387.00
2023/08/14,21.28,21.34,20.96,21.25,666300,14090945.00
2023/08/15,21.29,21.50,21.14,21.38,907500,19344350.00
2023/08/16,21.45,21.58,21.07,21.16,792600,16892444.00
2023/08/17,21.51,21.51,20.65,21.37,1142600,24030402.00
2023/08/18,21.50,21.80,21.12,21.24,1820200,39275488.00
2023/08/21,21.32,21.90,21.29,21.40,1801700,38996264.00
2023/08/22,21.43,21.62,20.82,21.15,1350300,28489284.00
2023/08/23,21.08,21.43,20.85,20.85,809900,17067784.00
2023/08/24,20.85,21.10,20.67,20.93,970900,20256920.00
2023/08/25,20.79,21.30,20.50,20.50,1356100,28370674.00
2023/08/28,21.25,21.40,20.54,20.65,1703800,35907232.00
2023/08/29,20.51,21.15,20.46,21.12,1529700,32095862.00
2023/08/30,21.05,21.33,21.00,21.08,914508,19325508.00
2023/08/31,20.97,21.16,20.81,20.92,672819,14103933.00
2023/09/01,20.96,21.17,20.81,21.04,800419,16842636.00
2023/09/04,21.10,21.45,21.10,21.37,1494219,31863916.00
2023/09/05,21.37,21.46,21.15,21.32,1285687,27343778.00
2023/09/06,21.35,21.54,21.11,21.50,907100,19410748.00
2023/09/07,21.45,21.72,21.37,21.40,1318000,28437988.00
2023/09/08,21.40,21.53,21.20,21.26,866800,18479702.00
2023/09/11,21.26,21.49,21.12,21.33,1251900,26698988.00
2023/09/12,21.21,21.36,21.00,21.06,873400,18444340.00
2023/09/13,21.13,21.32,20.85,21.04,888800,18724112.00
2023/09/14,21.00,21.08,20.50,20.64,830900,17191932.00
2023/09/15,20.54,21.12,20.54,20.92,843010,17637788.00
2023/09/18,21.00,21.37,20.57,21.21,869600,18309860.00
2023/09/19,21.18,21.31,20.88,21.04,620719,13065447.00
2023/09/20,20.94,21.21,20.85,21.02,454409,9572226.00
2023/09/21,21.27,21.27,20.56,20.60,630300,13092982.00
2023/09/22,20.52,21.20,20.50,21.18,815519,17111866.00
2023/09/25,21.23,21.28,20.84,20.97,543200,11410500.00
2023/09/26,20.78,21.04,20.78,20.86,420300,8781464.00
2023/09/27,20.86,21.26,20.75,21.18,883500,18652690.00
2023/09/28,21.10,21.26,20.91,21.12,700200,14742485.00
2023/10/09,21.03,21.09,20.72,20.83,808000,16854400.00
2023/10/10,20.78,21.04,20.58,20.64,898000,18626968.00
2023/10/11,20.76,20.84,20.22,20.48,897808,18352656.00
2023/10/12,20.56,20.65,20.15,20.29,841708,17052528.00
2023/10/13,20.21,20.35,19.85,20.02,928308,18553576.00
2023/10/16,20.10,20.30,19.67,20.01,955800,19117784.00
2023/10/17,20.00,20.33,19.89,20.18,754200,15143800.00
2023/10/18,20.19,20.19,19.82,19.83,405100,8060138.00
2023/10/19,19.85,20.18,19.60,19.70,587529,11667387.00
2023/10/20,19.89,20.23,19.74,19.89,1213264,24273324.00
2023/10/23,19.66,19.94,19.10,19.45,1529300,29916756.00
2023/10/24,19.28,20.17,19.28,20.14,1485387,29598160.00
2023/10/25,20.28,20.87,20.22,20.80,1329791,27387318.00
2023/10/26,20.87,20.87,20.23,20.53,1082406,22110034.00
2023/10/27,20.47,21.05,20.35,20.94,1324043,27500258.00
2023/10/30,20.80,21.66,20.70,21.35,1917800,40903024.00
2023/10/31,21.29,21.79,21.20,21.58,1700886,36641048.00
2023/11/01,21.50,21.87,21.40,21.77,1476500,32061206.00
2023/11/02,21.73,23.70,21.48,22.75,4746628,107064464.00
2023/11/03,22.82,25.03,22.18,24.00,10342421,250334912.00
2023/11/06,23.60,26.40,22.73,25.45,12263287,295438240.00
2023/11/07,24.44,27.90,24.19,26.94,13168378,339766144.00
2023/11/08,25.90,27.10,25.12,25.49,11056937,287742336.00
2023/11/09,24.70,24.78,23.68,24.74,10136436,244986464.00
2023/11/10,24.80,27.21,24.80,27.21,9369439,251247264.00
2023/11/13,29.93,29.93,29.93,29.93,1437200,43015396.00
2023/11/14,32.92,32.92,32.92,32.92,771362,25393236.00
2023/11/15,36.21,36.21,36.21,36.21,614300,22243804.00
2023/11/16,39.83,39.83,39.83,39.83,2002219,79748384.00
2023/11/17,35.85,37.85,35.85,35.85,13866200,497293888.00
2023/11/20,32.27,35.55,32.27,32.90,18053178,591979776.00
2023/11/21,32.00,34.41,32.00,33.42,15650545,517844704.00
2023/11/22,32.04,32.14,30.08,30.08,13110836,399987296.00
2023/11/23,29.07,29.86,28.59,28.64,9798321,284372736.00
2023/11/24,28.64,28.85,27.50,27.59,8098443,227440304.00
2023/11/27,27.59,27.88,27.27,27.78,5304262,146537776.00
2023/11/28,27.73,27.88,27.00,27.80,5056220,139264672.00
2023/11/29,27.52,28.17,27.52,27.99,5002433,139700512.00
2023/11/30,27.96,28.00,26.73,27.38,4922263,134216528.00
2023/12/01,27.44,28.13,27.32,27.94,4801633,133278216.00
2023/12/04,27.95,28.55,27.85,28.34,5399200,152576944.00
2023/12/05,28.26,28.26,27.50,27.50,4326200,120771192.00
2023/12/06,27.31,28.18,27.28,27.56,4404300,121965584.00
2023/12/07,27.40,27.87,27.40,27.56,3157500,87217832.00
2023/12/08,27.55,27.70,26.83,26.85,4292300,116643624.00
2023/12/11,27.00,27.37,26.51,27.18,3220365,87091464.00
2023/12/12,27.10,28.24,27.10,28.13,6064397,168808688.00
2023/12/13,28.09,30.94,27.85,30.94,11941208,347017504.00
2023/12/14,31.30,34.01,29.55,31.55,18470408,581148736.00
2023/12/15,30.05,31.26,29.40,30.42,11277175,340946464.00
2023/12/18,30.00,33.46,29.63,33.46,11229482,359726752.00
2023/12/19,33.99,34.30,30.12,30.85,13800993,441649952.00
2023/12/20,31.29,33.94,31.29,33.94,10243313,344151264.00
2023/12/21,32.92,36.70,32.74,34.90,19220474,669401728.00
2023/12/22,33.11,35.25,31.45,32.60,13587171,456901024.00
2023/12/25,32.09,33.50,30.67,33.44,10799826,348930400.00
2023/12/26,32.19,33.16,30.10,30.77,11793520,370681664.00
2023/12/27,29.74,30.33,27.69,27.69,10474659,294453184.00
2023/12/28,27.55,27.96,26.53,27.77,8766841,240555552.00
2023/12/29,27.59,29.09,27.56,27.79,6568219,184904336.00
2024/01/02,27.78,29.11,27.63,28.41,6851850,194753840.00
2024/01/03,28.30,28.30,26.01,26.63,7904400,211740352.00
2024/01/04,26.61,27.12,26.01,26.40,4529402,119680680.00
2024/01/05,26.50,26.60,25.19,25.32,5010902,128554280.00
2024/01/08,25.30,25.65,25.11,25.32,3142482,79766144.00
2024/01/09,25.32,25.77,24.90,25.45,2904810,73559360.00
2024/01/10,25.03,25.14,24.31,24.35,3829410,94596736.00
2024/01/11,24.33,24.83,24.26,24.76,2898600,71239392.00
2024/01/12,24.77,25.15,24.42,24.48,2093800,51765936.00
2024/01/15,24.75,25.07,24.49,24.90,2410200,59743332.00
2024/01/16,24.78,24.95,24.24,24.52,2118400,51890048.00
2024/01/17,24.59,24.78,24.10,24.10,2349322,57566228.00
2024/01/18,23.68,24.20,23.24,23.88,2980900,70475968.00
2024/01/19,23.86,24.25,23.64,23.71,1950300,46553548.00
2024/01/22,23.58,23.89,22.01,22.31,2919000,67095720.00
2024/01/23,22.31,22.50,21.85,22.32,2287340,50626468.00
2024/01/24,22.34,22.56,21.58,22.40,2098900,46515424.00
2024/01/25,22.35,23.45,22.18,23.34,2328100,53330184.00
2024/01/26,23.36,23.80,23.22,23.39,2372440,55840336.00
2024/01/29,23.31,23.48,22.56,22.60,2407400,55061340.00
2024/01/30,22.40,22.63,21.80,21.87,1705900,37788932.00
2024/01/31,21.89,21.92,20.50,20.55,2269800,47865956.00
2024/02/01,20.20,20.68,19.68,20.10,2018200,40767400.00
2024/02/02,20.11,20.66,18.61,19.24,2803200,55062272.00
2024/02/05,18.86,18.90,17.32,17.32,2005200,35295032.00
2024/02/06,16.94,16.97,15.59,16.18,5465580,87016984.00
2024/02/07,16.46,16.46,14.84,15.00,5987664,92038320.00
2024/02/08,14.82,16.50,14.54,16.50,6374934,98746992.00
2024/02/19,16.68,17.89,16.58,17.78,6422386,111932824.00
2024/02/20,17.93,18.99,17.43,18.82,4656225,85555288.00
2024/02/21,18.53,19.78,18.53,19.14,4635980,89642304.00
2024/02/22,19.13,19.80,19.13,19.80,4224368,81976592.00
2024/02/23,19.80,20.88,19.73,20.79,3929200,80212944.00
2024/02/26,20.90,21.98,20.60,21.47,4601480,98416656.00
2024/02/27,21.49,22.14,21.23,22.13,3527000,76353136.00
2024/02/28,22.30,22.45,19.92,19.93,5430500,115539872.00
2024/02/29,19.81,20.96,19.79,20.74,2967400,60976796.00
2024/03/01,20.95,21.53,20.71,20.93,2788392,58566616.00
2024/03/04,20.93,21.09,20.23,20.80,3041102,62765460.00
2024/03/05,20.62,20.76,20.19,20.31,2070646,42319296.00
2024/03/06,20.10,20.50,19.89,20.21,2197500,44401260.00
2024/03/07,20.30,20.79,20.15,20.39,2251956,46158796.00
2024/03/08,20.33,22.40,20.11,21.61,6206696,132158752.00
2024/03/11,21.25,21.37,20.61,21.10,5430435,113651872.00
2024/03/12,20.90,21.05,20.56,20.94,4060100,84540464.00
2024/03/13,20.87,21.17,20.65,21.12,3329200,69728112.00
2024/03/14,21.13,21.87,20.97,21.56,5374200,114842912.00
2024/03/15,21.30,21.86,21.14,21.64,3759700,80907160.00
2024/03/18,21.70,22.24,21.50,22.22,4517434,99194088.00
2024/03/19,22.04,22.33,21.73,22.28,4869780,107763768.00
2024/03/20,22.30,22.59,21.95,22.46,3989600,88802664.00
2024/03/21,22.62,22.78,21.88,22.04,3659000,81136440.00
2024/03/22,21.98,22.50,21.90,22.50,4930900,109697440.00
2024/03/25,22.49,23.52,22.01,22.02,5936780,134490464.00
2024/03/26,21.70,22.05,21.12,21.49,3905080,84184264.00
2024/03/27,21.49,23.64,21.30,22.32,8348680,190019952.00
2024/03/28,22.00,23.48,22.00,23.48,9086865,208810240.00
2024/03/29,23.20,25.00,23.01,24.82,10207067,246657104.00
2024/04/01,24.53,24.73,23.81,24.10,7188877,173198512.00
2024/04/02,23.98,25.00,23.81,24.02,6001129,146052112.00
2024/04/03,24.06,24.55,23.21,23.24,4626167,109188816.00
2024/04/08,22.92,22.92,21.70,21.86,4878861,108528368.00
2024/04/09,21.99,23.50,21.69,23.40,4795462,108657048.00
2024/04/10,23.85,24.03,22.50,22.69,4262381,98578184.00
2024/04/11,22.21,22.79,22.02,22.14,3181600,71231104.00
2024/04/12,21.90,22.99,21.88,22.20,2837300,63628236.00
2024/04/15,22.02,22.06,20.15,21.26,3917800,82910496.00
2024/04/16,21.00,22.36,19.57,21.89,5231538,109942232.00
2024/04/17,22.05,23.13,21.61,22.93,4396800,99573152.00
2024/04/18,22.90,23.94,22.46,23.39,4947100,114571616.00
2024/04/19,23.00,23.96,22.95,23.67,4399900,104106808.00
2024/04/22,23.32,24.10,23.23,23.32,3465300,81688184.00
2024/04/23,23.32,23.85,23.20,23.34,2980142,70163368.00
2024/04/24,23.28,24.70,23.18,23.99,5188700,124060936.00
2024/04/25,23.90,23.90,23.21,23.30,3309700,77709792.00
2024/04/26,23.31,23.64,22.97,23.09,3119443,72692048.00
2024/04/29,23.06,23.44,22.76,23.37,2683585,62134256.00
2024/04/30,23.34,23.65,23.00,23.05,2302000,53577936.00
2024/05/06,23.26,23.77,23.12,23.68,2951800,69378656.00
2024/05/07,23.66,24.50,23.53,24.42,4783400,115628144.00
2024/05/08,24.42,24.43,23.82,24.15,2825700,68150960.00
2024/05/09,24.10,24.58,24.01,24.57,3273000,79763152.00
2024/05/10,24.59,25.19,24.16,24.24,4958400,122950224.00
2024/05/13,24.16,24.19,23.14,23.29,3088500,72298392.00
2024/05/14,23.20,23.59,23.15,23.33,1717400,40203976.00
2024/05/15,23.25,24.39,23.06,23.63,2940600,70023632.00
2024/05/16,23.54,24.07,23.54,23.66,1720300,40996024.00
2024/05/17,23.66,24.19,23.66,23.96,1714400,40939104.00
2024/05/20,24.04,25.16,24.04,25.12,4782099,118490128.00
2024/05/21,25.01,25.66,24.84,24.89,4731199,119109344.00
2024/05/22,24.95,25.28,24.85,24.96,2776900,69583376.00
2024/05/23,24.96,24.96,24.05,24.11,2924118,71401528.00
2024/05/24,23.96,24.10,23.61,23.63,2023200,48204216.00
2024/05/27,23.79,24.18,23.25,24.12,2012000,47586488.00
2024/05/28,23.99,24.71,23.86,24.47,2360700,57649744.00
2024/05/29,24.41,24.93,24.36,24.86,1773100,43644032.00
2024/05/30,24.85,25.00,24.31,24.39,1738799,42846680.00
2024/05/31,24.19,24.77,24.19,24.75,1381199,33948368.00
2024/06/03,24.75,25.30,24.55,24.71,2987200,74624896.00
2024/06/04,24.70,25.08,24.38,25.00,2138838,53230464.00
2024/06/05,24.98,25.00,22.92,23.14,4044500,96834840.00
2024/06/06,23.39,23.60,22.27,22.90,3483500,79905416.00
2024/06/07,22.97,23.93,22.86,23.88,2395300,56016636.00
2024/06/11,23.60,24.12,23.30,24.09,1729200,41383716.00
2024/06/12,24.09,24.49,24.00,24.38,1538802,37433300.00
2024/06/13,24.46,24.73,24.34,24.61,1782500,43751460.00
2024/06/14,17.28,17.50,17.00,17.25,2088380,36074828.00
2024/06/17,17.17,18.32,17.17,17.98,5425562,96730200.00
2024/06/18,17.95,18.40,17.55,17.68,4386560,78707424.00
2024/06/19,17.69,17.82,17.36,17.39,2383740,41905924.00
2024/06/20,17.48,17.67,16.82,17.00,2615180,45059604.00
2024/06/21,16.90,17.28,16.70,17.12,1580859,26931166.00
2024/06/24,16.97,17.09,16.23,16.31,2614539,43220644.00
2024/06/25,16.31,16.53,16.11,16.51,1821159,29749334.00
2024/06/26,16.50,17.05,16.35,17.04,2055999,34597080.00
2024/06/27,17.09,17.09,16.83,16.88,1260120,21352920.00
2024/06/28,16.91,17.28,16.82,17.26,1940560,33296838.00
2024/07/01,17.36,17.58,17.10,17.43,1997440,34560516.00
2024/07/02,17.42,17.42,17.11,17.21,1258960,21705198.00
2024/07/03,17.21,17.35,16.89,16.91,1445940,24640084.00
2024/07/04,16.88,17.04,16.50,16.63,1512640,25336374.00
2024/07/05,16.51,17.40,16.36,17.35,2617700,44780468.00
2024/07/08,17.33,17.37,16.61,16.75,1875960,31725160.00
2024/07/09,16.58,17.06,16.33,17.02,1707940,28560080.00
2024/07/10,16.99,17.03,16.71,16.80,1015740,17107224.00
2024/07/11,17.05,17.33,16.82,17.29,2527501,43403340.00
2024/07/12,17.34,17.35,16.95,17.20,1594180,27330702.00
2024/07/15,17.07,17.26,16.76,16.77,1279620,21767000.00
2024/07/16,16.77,16.88,16.50,16.75,1121440,18695904.00
2024/07/17,16.75,16.76,16.46,16.46,978880,16180831.00
2024/07/18,16.32,16.59,16.20,16.45,1186880,19498556.00
2024/07/19,16.45,16.75,16.31,16.62,956162,15878980.00
2024/07/22,16.54,16.68,16.32,16.35,1116440,18366516.00
2024/07/23,16.41,16.49,15.48,15.56,1980835,31578440.00
2024/07/24,15.57,15.70,14.95,15.00,1880835,28531916.00
2024/07/25,15.01,15.18,14.88,14.92,987160,14801176.00
2024/07/26,15.00,15.48,14.92,15.20,1140340,17326768.00
2024/07/29,15.12,15.30,15.12,15.22,949160,14429184.00
2024/07/30,15.18,15.22,14.73,14.86,1202400,17927720.00
2024/07/31,14.84,15.56,14.74,15.40,1990320,30344144.00
2024/08/01,15.40,15.61,15.28,15.29,1255763,19361520.00
2024/08/02,15.12,15.53,15.10,15.31,1334323,20474568.00
2024/08/05,15.20,15.42,14.52,14.54,1789155,26658996.00
2024/08/06,14.88,14.91,14.61,14.89,1379920,20394984.00
2024/08/07,14.83,15.16,14.78,14.97,858562,12875141.00
2024/08/08,14.79,14.98,14.55,14.82,982922,14518104.00
2024/08/09,14.87,15.00,14.75,14.79,850040,12627636.00
2024/08/12,14.79,14.82,14.60,14.68,614160,9044469.00
2024/08/13,14.68,15.12,14.58,15.12,1123159,16716590.00
2024/08/14,15.20,15.65,14.95,15.05,1787740,27359860.00
2024/08/15,14.90,15.16,14.83,14.98,989500,14813727.00
2024/08/16,14.90,15.45,14.90,15.38,2363720,36198064.00
2024/08/19,15.28,15.34,15.05,15.12,1115060,16935692.00
2024/08/20,15.10,15.26,14.84,14.97,841720,12615658.00
2024/08/21,14.56,14.59,14.15,14.34,1721420,24768256.00
2024/08/22,14.45,14.45,14.03,14.08,807040,11437438.00
2024/08/23,14.08,14.12,13.79,13.96,730060,10177668.00
2024/08/26,13.90,14.36,13.81,14.31,897380,12716144.00
2024/08/27,14.31,14.53,14.18,14.29,706340,10111753.00
2024/08/28,14.29,14.48,14.24,14.38,665460,9576751.00
2024/08/29,14.32,15.18,14.24,15.10,1877980,27971430.00
2024/08/30,15.17,15.27,14.95,15.01,1530760,23108832.00
2024/09/02,14.94,15.19,14.93,14.97,1030020,15493099.00
2024/09/03,14.97,15.22,14.90,15.09,721860,10905484.00
2024/09/04,15.12,15.12,14.77,14.91,898080,13416667.00
2024/09/05,14.91,14.98,14.74,14.93,808580,12028812.00
2024/09/06,14.93,15.02,14.68,14.70,851260,12659688.00
2024/09/09,14.78,14.78,14.45,14.60,796860,11595530.00
2024/09/10,14.50,14.73,14.42,14.66,508300,7413478.00
2024/09/11,14.63,14.65,14.36,14.51,690480,9987967.00
2024/09/12,14.54,14.65,14.46,14.51,578700,8426725.00
2024/09/13,14.51,15.05,14.49,14.65,1402980,20793900.00
2024/09/18,14.62,16.12,14.60,16.12,4624222,73517856.00
2024/09/19,15.86,17.23,15.86,16.37,8379940,139156048.00
2024/09/20,16.39,17.90,16.38,17.48,8005680,137432336.00
2024/09/23,19.23,19.23,18.22,19.23,4172500,79807808.00
2024/09/24,19.39,21.00,18.45,19.29,13658041,266696800.00
2024/09/25,19.23,19.99,18.40,19.95,10603570,204627984.00
2024/09/26,19.27,20.38,19.18,20.21,8018819,160108752.00
2024/09/27,20.13,20.19,19.65,20.13,4442080,88498280.00
2024/09/30,20.70,21.70,19.50,21.37,10438780,216335056.00
2024/10/08,23.20,23.22,20.84,21.50,8740690,191158656.00
2024/10/09,20.86,20.95,19.35,19.35,6226840,123899632.00
2024/10/10,19.28,20.90,19.08,19.96,5056920,101195312.00
2024/10/11,20.08,21.96,20.08,21.96,6517570,140562816.00
2024/10/14,22.68,22.88,21.34,22.31,9732141,215476960.00
2024/10/15,22.10,23.56,21.77,23.04,7520660,172194320.00
2024/10/16,22.44,24.22,22.42,23.33,6332360,146673104.00
2024/10/17,23.30,25.66,23.23,25.66,5032373,127567704.00
2024/10/18,26.23,28.10,26.00,27.51,12969851,351022944.00
2024/10/21,27.39,27.40,26.23,26.89,8002085,214096176.00
2024/10/22,26.98,27.15,26.16,26.62,4786080,127369440.00
2024/10/23,26.90,28.82,26.90,28.18,7916677,221424752.00
2024/10/24,27.68,29.02,27.00,27.86,4433900,123614992.00
2024/10/25,27.83,28.20,27.45,27.89,3485138,97037128.00
2024/10/28,27.63,27.88,26.78,27.27,4155900,112756624.00
2024/10/29,27.07,29.70,26.70,29.11,7059970,200221536.00
2024/10/30,28.58,31.18,28.58,30.70,6401169,194176048.00
2024/10/31,30.44,31.70,29.44,31.37,4933960,152287520.00
2024/11/01,31.32,31.59,29.39,29.48,4015080,122173488.00
2024/11/04,29.60,30.21,29.01,29.57,3127120,92736872.00
2024/11/05,29.30,29.85,28.57,29.41,4458620,129987536.00
2024/11/06,29.20,29.53,28.30,28.94,3320807,95757712.00
2024/11/07,28.63,29.80,28.20,29.13,2803727,81726248.00
2024/11/08,29.09,29.90,28.54,28.80,2700400,78331968.00
2024/11/11,28.60,29.28,28.30,29.18,2483827,71643208.00
2024/11/12,29.00,29.36,28.28,28.59,2159010,62203228.00
2024/11/13,28.84,29.02,27.48,28.91,2998720,84584544.00
2024/11/14,29.10,29.36,27.53,27.54,2369140,67615928.00
2024/11/15,27.53,28.00,26.82,26.90,2522960,69045120.00
2024/11/18,27.08,27.26,25.53,25.66,3216860,84686584.00
2024/11/19,25.85,27.16,25.65,27.09,3448760,91823640.00
2024/11/20,27.00,28.70,26.81,28.70,2757720,77444168.00
2024/11/21,28.67,29.35,28.15,28.32,2279260,65395500.00
2024/11/22,28.30,29.50,27.90,27.90,2698000,77460760.00
数据来源:通达信
