688237 超卓航科 日线 不复权
      日期	    开盘	    最高	    最低	    收盘	    成交量	    成交额
2022/07/01,58.96,75.40,56.81,69.50,14300120,933132544.00
2022/07/04,69.03,72.40,64.51,67.52,7417847,505514144.00
2022/07/05,65.01,68.97,64.20,65.55,5375121,357876800.00
2022/07/06,65.50,67.17,60.10,60.10,4872331,308604608.00
2022/07/07,58.99,63.97,58.08,61.64,4750285,291277920.00
2022/07/08,62.68,63.40,57.14,57.14,3367474,202086560.00
2022/07/11,56.50,57.74,53.35,53.88,3153670,173932416.00
2022/07/12,54.56,58.20,54.20,56.60,2877537,163078112.00
2022/07/13,57.80,59.60,56.24,58.00,2155147,125393840.00
2022/07/14,57.50,59.16,56.12,58.36,1715331,99251008.00
2022/07/15,58.37,61.80,57.16,61.80,2389422,141673040.00
2022/07/18,63.00,65.60,61.31,64.00,3221774,205650112.00
2022/07/19,63.50,64.80,61.35,61.90,2416036,150968080.00
2022/07/20,61.60,63.50,61.58,61.70,1829789,114132352.00
2022/07/21,61.52,63.26,60.24,62.84,1790947,111954176.00
2022/07/22,62.58,67.50,62.58,65.75,2690193,176293536.00
2022/07/25,65.41,67.22,60.30,61.30,2867403,179933520.00
2022/07/26,61.49,62.90,59.31,62.00,1959989,119505656.00
2022/07/27,61.18,62.98,60.60,61.43,1420345,87259960.00
2022/07/28,61.27,61.88,59.84,60.58,1657938,100670784.00
2022/07/29,60.19,62.09,57.79,61.40,2266872,135909920.00
2022/08/01,60.55,64.28,60.53,64.18,2236119,141408848.00
2022/08/02,64.30,65.97,62.21,62.88,2567635,163206096.00
2022/08/03,62.18,73.10,62.18,70.15,5276627,363448288.00
2022/08/04,69.13,69.50,66.09,68.70,3240244,220083216.00
2022/08/05,68.52,70.32,66.33,69.43,2834035,193362080.00
2022/08/08,69.48,72.13,68.45,69.59,1948335,136499936.00
2022/08/09,68.80,70.78,66.81,68.88,1529213,104438712.00
2022/08/10,68.17,77.29,68.17,73.80,2974815,217164352.00
2022/08/11,73.60,74.61,72.00,73.80,2130676,156355488.00
2022/08/12,73.55,79.78,73.37,77.18,3408495,263421456.00
2022/08/15,75.79,79.48,74.20,76.49,1218979,92800448.00
2022/08/16,76.93,78.65,75.06,76.19,1172213,89683584.00
2022/08/17,75.67,77.28,71.50,73.15,1766896,130216992.00
2022/08/18,72.60,74.97,72.22,74.38,927010,68285744.00
2022/08/19,74.77,77.20,71.63,72.37,1364574,101183272.00
2022/08/22,70.20,72.00,66.58,68.69,2020592,139631456.00
2022/08/23,68.82,69.37,65.20,66.70,1405431,94208784.00
2022/08/24,66.00,66.50,62.79,64.97,1523304,98523096.00
2022/08/25,64.53,65.58,60.99,62.10,1131106,71009048.00
2022/08/26,62.19,63.20,60.33,60.57,802890,49530192.00
2022/08/29,60.49,62.24,59.10,61.30,521589,31891920.00
2022/08/30,58.35,61.49,57.33,59.60,1616760,95917992.00
2022/08/31,58.39,60.20,56.47,56.49,964665,56060772.00
2022/09/01,56.00,57.39,54.80,55.40,884920,49449024.00
2022/09/02,55.37,56.98,54.49,56.19,729039,40707988.00
2022/09/05,56.27,57.50,54.64,55.00,737111,41140452.00
2022/09/06,55.01,55.75,52.50,53.90,1911344,102401728.00
2022/09/07,53.43,58.30,53.43,57.28,1970713,109642816.00
2022/09/08,56.50,59.49,55.80,57.24,1424603,82179056.00
2022/09/09,56.88,57.88,55.12,55.63,848145,47607080.00
2022/09/13,56.00,59.38,55.70,59.01,1300131,75282944.00
2022/09/14,57.90,60.50,57.10,58.97,1173023,69087504.00
2022/09/15,59.00,59.58,55.13,56.52,1082377,61302376.00
2022/09/16,56.52,58.10,54.03,54.03,1319025,74522544.00
2022/09/19,54.22,56.20,52.47,52.62,1163086,63015844.00
2022/09/20,53.00,54.41,52.52,52.78,729973,38764868.00
2022/09/21,52.52,53.55,51.20,53.23,731738,38263396.00
2022/09/22,54.32,56.60,52.78,56.10,1205965,66760248.00
2022/09/23,56.16,57.49,52.00,52.56,1329959,71690912.00
2022/09/26,52.56,52.56,48.69,49.40,1296467,64965320.00
2022/09/27,48.81,51.43,48.81,50.68,732827,37035556.00
2022/09/28,51.10,52.30,48.40,48.80,687463,34357348.00
2022/09/29,48.82,50.46,48.02,50.02,810915,40234804.00
2022/09/30,50.83,50.83,46.50,46.71,886656,42240188.00
2022/10/10,46.96,48.49,46.00,47.50,683947,32451044.00
2022/10/11,47.29,52.38,46.50,51.80,1341285,66744280.00
2022/10/12,51.82,54.02,50.64,54.00,1187023,62358216.00
2022/10/13,54.00,58.31,53.50,57.70,1988943,113562480.00
2022/10/14,55.88,61.39,55.88,59.40,1791027,106227864.00
2022/10/17,59.54,63.99,59.54,62.03,907610,55850668.00
2022/10/18,62.00,64.40,61.07,64.01,1353338,85304632.00
2022/10/19,63.81,65.30,62.36,63.73,1023082,65146864.00
2022/10/20,63.37,65.19,62.45,64.30,581752,37240944.00
2022/10/21,64.28,64.55,62.70,63.61,310334,19678560.00
2022/10/24,63.70,74.00,63.02,70.51,1907934,131361352.00
2022/10/25,71.92,72.30,68.90,70.74,823321,58017676.00
2022/10/26,71.40,71.60,69.02,69.02,764232,53512816.00
2022/10/27,70.00,70.00,67.41,68.98,769423,52967288.00
2022/10/28,66.99,71.50,66.45,70.00,810623,56199020.00
2022/10/31,69.33,75.88,69.10,73.49,1129140,82515904.00
2022/11/01,74.12,74.60,69.77,71.70,682490,48911336.00
2022/11/02,71.20,72.76,66.00,67.50,1604054,109484072.00
2022/11/03,67.50,69.00,66.33,68.48,654211,44491832.00
2022/11/04,68.35,68.99,66.99,67.95,607840,41226556.00
2022/11/07,67.83,69.70,67.21,67.21,970518,65927484.00
2022/11/08,68.00,68.00,66.12,67.15,318262,21267142.00
2022/11/09,67.15,68.50,65.82,66.50,804184,54241936.00
2022/11/10,66.40,66.50,61.58,63.26,1290015,81603184.00
2022/11/11,63.76,64.23,61.16,61.23,623179,38979052.00
2022/11/14,61.23,61.54,58.10,58.64,603830,35794536.00
2022/11/15,58.86,62.26,58.00,61.80,832792,50908280.00
2022/11/16,62.15,65.00,61.18,62.00,902722,56796728.00
2022/11/17,61.30,63.01,59.88,62.95,572166,35197872.00
2022/11/18,63.07,64.04,60.83,61.19,485168,30160410.00
2022/11/21,62.02,62.78,60.02,62.06,402444,24886718.00
2022/11/22,63.61,66.13,62.31,64.00,903770,58288624.00
2022/11/23,65.25,65.25,59.77,61.68,745709,45905312.00
2022/11/24,62.02,62.39,59.65,60.55,422307,25514796.00
2022/11/25,60.30,60.30,58.01,60.19,427721,25359386.00
2022/11/28,59.50,64.88,58.78,64.17,1549517,97513248.00
2022/11/29,66.00,66.17,60.80,62.85,1237016,77825888.00
2022/11/30,62.30,63.77,60.80,61.52,558926,34711144.00
2022/12/01,61.99,64.22,61.16,63.36,860591,53850732.00
2022/12/02,63.25,64.11,61.34,61.58,802751,50524132.00
2022/12/05,62.45,62.45,59.00,59.23,760873,45465748.00
2022/12/06,58.63,59.23,56.63,58.10,558084,32282080.00
2022/12/07,58.01,58.72,56.61,57.60,668456,38452740.00
2022/12/08,57.01,58.28,56.52,56.86,279895,16038007.00
2022/12/09,57.29,57.69,56.00,56.83,761839,43070004.00
2022/12/12,56.83,57.87,56.17,57.71,369064,21170950.00
2022/12/13,57.30,57.96,56.89,57.10,243792,13990006.00
2022/12/14,56.80,57.26,53.88,54.10,906451,49839004.00
2022/12/15,54.09,54.45,53.13,54.45,300354,16174435.00
2022/12/16,54.45,54.45,52.63,52.88,287551,15279811.00
2022/12/19,52.88,53.45,52.30,52.93,149506,7912817.00
2022/12/20,52.40,55.16,52.40,53.60,285238,15382404.00
2022/12/21,53.60,53.80,51.48,52.16,247097,12907550.00
2022/12/22,52.16,54.87,52.10,53.80,465607,24996708.00
2022/12/23,53.61,53.61,51.20,52.09,314281,16352779.00
2022/12/26,52.51,54.14,51.20,53.74,783950,41444944.00
2022/12/27,53.74,56.00,52.81,55.47,523814,28632876.00
2022/12/28,55.20,57.83,55.00,55.62,587799,33256048.00
2022/12/29,55.36,57.38,55.36,56.22,345820,19536540.00
2022/12/30,56.22,57.20,55.50,55.92,292912,16430970.00
2023/01/03,55.36,59.20,54.00,59.06,1086137,62106500.00
2023/01/04,59.00,60.95,58.00,60.03,673988,40379412.00
2023/01/05,59.01,60.84,59.00,60.50,381532,22985890.00
2023/01/06,60.60,60.79,59.00,59.27,467193,27865956.00
2023/01/09,59.27,59.49,57.33,58.24,613755,35777832.00
2023/01/10,58.60,58.60,56.60,56.90,482730,27575702.00
2023/01/11,56.67,57.22,54.61,55.28,410034,22806512.00
2023/01/12,55.50,56.18,54.08,54.36,337136,18441472.00
2023/01/13,53.80,54.99,52.50,53.50,478702,25503802.00
2023/01/16,53.32,54.68,53.31,53.93,424237,22894906.00
2023/01/17,53.90,56.39,53.90,55.07,743251,40867804.00
2023/01/18,55.18,56.33,54.30,55.85,631148,35009132.00
2023/01/19,55.26,57.55,55.26,57.20,640337,36363576.00
2023/01/20,57.20,57.81,56.10,56.53,423541,24009168.00
2023/01/30,57.24,60.04,56.61,58.87,826118,48502684.00
2023/01/31,58.80,58.98,57.82,58.48,313157,18291704.00
2023/02/01,58.50,59.83,57.58,59.71,605760,35625304.00
2023/02/02,59.28,61.20,59.00,60.05,661780,39882724.00
2023/02/03,59.81,63.30,59.61,63.04,1473266,91192272.00
2023/02/06,62.52,63.70,61.44,62.38,650662,40615820.00
2023/02/07,61.51,63.49,61.51,63.46,531430,33419988.00
2023/02/08,62.50,63.58,61.60,62.09,335485,20971548.00
2023/02/09,61.08,62.70,60.50,62.47,481248,29946096.00
2023/02/10,62.52,62.59,60.60,61.12,511307,31435772.00
2023/02/13,61.12,63.73,60.69,62.18,1176853,73605816.00
2023/02/14,62.65,62.65,60.72,61.48,397875,24494692.00
2023/02/15,61.40,61.43,58.61,59.70,940006,56006752.00
2023/02/16,59.73,59.73,56.66,57.64,969464,56170908.00
2023/02/17,57.11,58.09,56.46,57.51,401182,22937560.00
2023/02/20,57.52,57.69,56.30,57.29,662533,37666208.00
2023/02/21,57.27,59.89,57.27,59.27,651298,38315224.00
2023/02/22,59.27,61.79,58.70,61.00,581130,35077800.00
2023/02/23,60.28,61.55,59.98,60.55,372147,22570364.00
2023/02/24,60.38,61.92,60.26,60.84,442018,26985856.00
2023/02/27,60.28,60.79,58.20,59.11,454790,26954712.00
2023/02/28,59.11,59.11,57.63,58.25,380527,22126482.00
2023/03/01,57.90,58.73,57.75,58.34,227845,13264139.00
2023/03/02,58.20,59.09,56.50,58.05,579024,33372516.00
2023/03/03,57.57,59.00,57.06,57.93,457884,26556274.00
2023/03/06,57.93,59.40,57.72,58.00,508925,29727796.00
2023/03/07,58.50,58.50,54.10,54.16,1103714,61355104.00
2023/03/08,54.01,55.35,53.39,53.93,1044955,56421404.00
2023/03/09,53.96,55.89,53.90,54.72,544196,29815748.00
2023/03/10,54.00,55.55,53.77,54.06,320779,17464010.00
2023/03/13,54.34,54.88,53.13,53.88,463707,24855836.00
2023/03/14,53.68,53.87,49.66,50.75,2539068,129127936.00
2023/03/15,50.70,51.89,49.95,50.35,1180792,59755176.00
2023/03/16,50.34,50.82,48.40,48.57,794848,39210652.00
2023/03/17,48.95,50.18,48.62,49.18,658650,32462700.00
2023/03/20,49.01,49.15,47.84,48.83,669373,32469388.00
2023/03/21,48.97,49.99,48.83,49.98,700702,34772436.00
2023/03/22,50.00,50.51,49.46,50.00,554336,27707468.00
2023/03/23,50.00,50.00,48.61,49.69,458447,22613836.00
2023/03/24,49.67,49.67,48.28,48.99,883339,43166144.00
2023/03/27,49.05,49.83,48.38,49.01,592386,29057956.00
2023/03/28,49.20,49.49,47.95,47.97,549934,26631898.00
2023/03/29,47.80,48.36,47.50,47.75,387422,18535536.00
2023/03/30,48.05,48.69,47.35,47.77,410115,19681156.00
2023/03/31,48.30,49.59,47.78,49.20,952398,46495548.00
2023/04/03,49.21,51.50,49.20,50.38,989713,50078280.00
2023/04/04,50.58,50.58,48.32,48.70,945191,46210456.00
2023/04/06,48.70,51.69,47.96,50.98,1325922,66606400.00
2023/04/07,50.80,52.17,50.11,51.19,739974,37796600.00
2023/04/10,51.50,52.00,50.68,51.00,644505,33095848.00
2023/04/11,51.00,52.30,50.70,51.20,765289,39322212.00
2023/04/12,51.06,51.66,49.81,50.00,881069,44286712.00
2023/04/13,50.00,50.00,48.63,49.33,474517,23376152.00
2023/04/14,49.34,50.64,48.71,50.25,471049,23374364.00
2023/04/17,49.88,50.44,49.11,49.80,491682,24448572.00
2023/04/18,49.55,50.07,48.30,48.73,648443,31683730.00
2023/04/19,48.64,49.20,48.12,48.21,552959,26840944.00
2023/04/20,48.22,48.54,46.49,46.88,1011839,47654528.00
2023/04/21,47.78,48.07,45.29,45.55,1397125,65133320.00
2023/04/24,45.44,45.50,43.22,43.75,1137698,50064804.00
2023/04/25,44.10,45.30,41.90,42.90,817445,35128832.00
2023/04/26,42.95,45.38,42.95,44.99,911466,40392680.00
2023/04/27,45.20,45.85,44.28,45.51,569208,25699782.00
2023/04/28,45.51,46.20,45.20,45.86,641316,29254054.00
2023/05/04,45.79,46.76,44.43,44.85,936983,42460272.00
2023/05/05,44.85,45.83,43.00,45.43,682024,30444102.00
2023/05/08,45.88,47.10,45.00,46.71,716439,33035336.00
2023/05/09,46.93,47.25,44.98,45.10,596562,27508534.00
2023/05/10,45.10,45.64,43.72,43.99,350446,15508648.00
2023/05/11,44.50,44.92,43.50,44.02,232768,10251356.00
2023/05/12,43.83,44.35,43.02,43.12,268443,11667560.00
2023/05/15,43.12,44.30,42.59,44.30,364215,15785888.00
2023/05/16,44.04,44.04,42.70,43.08,534465,23099732.00
2023/05/17,43.52,46.50,42.88,46.31,1067150,47750556.00
2023/05/18,45.67,46.38,44.98,45.46,518274,23628564.00
2023/05/19,45.04,49.53,45.04,48.18,1178560,56549736.00
2023/05/22,48.07,48.92,47.01,47.48,611509,28914506.00
2023/05/23,47.82,48.00,46.88,47.01,454009,21389016.00
2023/05/24,47.35,47.54,46.59,46.83,370459,17433400.00
2023/05/25,46.53,48.25,46.44,47.83,504439,23909196.00
2023/05/26,47.58,48.00,46.77,47.39,315685,14952738.00
2023/05/29,47.61,47.96,46.03,46.71,438124,20595768.00
2023/05/30,47.09,47.10,45.13,45.97,413492,18931870.00
2023/05/31,45.50,46.85,45.23,46.29,531970,24601132.00
2023/06/01,46.03,47.37,45.54,47.16,472286,22141196.00
2023/06/02,46.95,47.89,46.95,47.66,487570,23160762.00
2023/06/05,47.65,47.77,46.71,46.95,304963,14353657.00
2023/06/06,46.95,46.95,44.72,44.77,344915,15791245.00
2023/06/07,45.43,45.43,44.49,45.25,195190,8781547.00
2023/06/08,44.78,45.00,43.31,43.36,410191,17977374.00
2023/06/09,43.46,44.00,42.71,43.97,364401,15839266.00
2023/06/12,43.39,44.37,43.32,44.25,329416,14491771.00
2023/06/13,44.55,45.18,43.89,44.89,379992,16938108.00
2023/06/14,44.56,45.10,43.80,43.90,436675,19282646.00
2023/06/15,43.84,44.20,43.30,44.05,377801,16501793.00
2023/06/16,44.00,45.01,44.00,44.31,295848,13155340.00
2023/06/19,44.36,44.85,44.09,44.20,316791,14074450.00
2023/06/20,44.42,45.40,43.49,45.10,494296,22069530.00
2023/06/21,45.10,45.62,44.03,44.45,386045,17172942.00
2023/06/26,44.54,44.75,43.00,43.38,450402,19613732.00
2023/06/27,43.18,44.25,43.18,43.74,263389,11494826.00
2023/06/28,43.35,44.47,42.65,44.26,431068,18772120.00
2023/06/29,44.30,48.44,44.30,47.20,1444666,67455648.00
2023/06/30,47.08,48.88,46.72,48.28,851154,41093044.00
2023/07/03,48.00,48.86,47.90,48.30,1116920,53962664.00
2023/07/04,48.40,48.71,47.55,47.90,552193,26488484.00
2023/07/05,47.42,47.90,46.81,46.92,533247,25168624.00
2023/07/06,47.20,47.90,46.21,46.36,534832,24949784.00
2023/07/07,46.00,46.54,44.90,45.09,543796,24709244.00
2023/07/10,45.58,45.63,44.20,44.63,475031,21191362.00
2023/07/11,44.63,45.70,44.51,45.50,558022,25200544.00
2023/07/12,45.48,45.50,44.21,44.28,637558,28459204.00
2023/07/13,44.55,44.67,44.21,44.28,459199,20373432.00
2023/07/14,44.01,44.76,44.01,44.34,548673,24330226.00
2023/07/17,44.34,48.76,43.92,48.41,2366773,111801840.00
2023/07/18,48.60,49.45,47.12,47.99,1590398,76675520.00
2023/07/19,47.92,48.20,46.15,46.38,1302224,60869400.00
2023/07/20,46.62,46.62,44.38,44.46,860208,38979696.00
2023/07/21,44.48,45.30,43.92,45.05,884684,39601424.00
2023/07/24,45.09,45.30,44.10,44.34,532435,23690370.00
2023/07/25,45.02,47.36,44.04,46.89,1281039,58764988.00
2023/07/26,47.02,48.02,46.18,47.19,1090832,51431760.00
2023/07/27,47.19,47.19,45.73,45.99,751002,34756564.00
2023/07/28,46.58,47.20,45.03,46.75,874116,40318264.00
2023/07/31,46.71,48.30,46.16,47.98,1025067,48394096.00
2023/08/01,48.18,48.36,47.06,47.81,557305,26455500.00
2023/08/02,48.33,48.33,47.00,47.72,450520,21423178.00
2023/08/03,47.67,47.67,46.71,47.17,414138,19513610.00
2023/08/04,47.18,47.60,46.19,46.54,432588,20169106.00
2023/08/07,46.35,46.77,45.98,46.62,299334,13864135.00
2023/08/08,46.74,46.74,45.60,45.93,290838,13411867.00
2023/08/09,46.00,46.00,45.00,45.05,326241,14788006.00
2023/08/10,45.07,47.34,45.07,47.00,712291,33157956.00
2023/08/11,47.00,47.29,46.24,46.66,326754,15282222.00
2023/08/14,45.73,46.87,45.51,46.43,271274,12481775.00
2023/08/15,46.43,46.48,44.24,44.44,620758,27819656.00
2023/08/16,44.15,44.96,43.43,43.72,381591,16864708.00
2023/08/17,43.43,45.40,42.89,45.34,504192,22436092.00
2023/08/18,45.20,47.37,44.63,46.47,978553,45657344.00
2023/08/21,46.50,46.89,43.28,44.00,764391,34202816.00
2023/08/22,43.88,45.66,43.54,45.40,705212,31178376.00
2023/08/23,45.60,45.60,43.60,43.92,579555,25484744.00
2023/08/24,44.93,44.99,42.18,43.00,692810,30045566.00
2023/08/25,42.55,43.42,42.10,42.41,350805,14878003.00
2023/08/28,45.08,45.08,42.20,42.48,420660,18116866.00
2023/08/29,42.18,44.77,42.18,44.17,725338,31868316.00
2023/08/30,44.35,46.88,43.90,46.88,1505131,68701936.00
2023/08/31,46.90,48.68,45.78,46.10,1077088,50776808.00
2023/09/01,45.89,46.06,44.50,44.95,595113,26795916.00
2023/09/04,45.10,45.92,44.36,45.77,584756,26382392.00
2023/09/05,45.40,47.58,45.40,46.74,720808,33903576.00
2023/09/06,46.21,47.26,46.03,47.24,444127,20833024.00
2023/09/07,47.30,47.32,46.30,46.89,406527,19039998.00
2023/09/08,46.34,47.79,46.34,47.58,439943,20809328.00
2023/09/11,47.57,47.57,46.36,46.89,292759,13704137.00
2023/09/12,47.53,47.53,46.10,46.32,232301,10778672.00
2023/09/13,46.19,46.37,45.32,45.60,244791,11191217.00
2023/09/14,45.46,45.86,44.82,45.30,253223,11443873.00
2023/09/15,45.15,45.68,44.90,45.05,195171,8811362.00
2023/09/18,44.79,45.72,44.58,45.02,206546,9291419.00
2023/09/19,45.02,45.02,44.40,44.64,262002,11701899.00
2023/09/20,44.70,45.21,43.91,44.28,259000,11510558.00
2023/09/21,44.64,44.89,43.65,44.66,279900,12417821.00
2023/09/22,44.10,46.26,44.05,46.16,395743,17961428.00
2023/09/25,46.00,47.21,45.25,46.16,238997,10976825.00
2023/09/26,46.60,46.60,45.33,46.25,522449,24085192.00
2023/09/27,46.25,47.58,45.50,46.26,429181,19874084.00
2023/09/28,46.30,47.27,46.03,46.32,830450,38574120.00
2023/10/09,46.43,46.54,44.80,45.11,1139857,51747520.00
2023/10/10,45.39,46.50,44.78,44.97,394696,17876004.00
2023/10/11,44.83,45.28,44.28,44.89,363379,16297548.00
2023/10/12,44.88,45.08,44.52,44.97,258452,11583229.00
2023/10/13,44.66,45.10,44.36,44.78,318790,14220977.00
2023/10/16,44.78,44.88,43.60,44.39,403335,17873910.00
2023/10/17,44.40,44.81,43.81,44.58,283014,12550338.00
2023/10/18,44.11,44.35,43.31,43.82,439923,19276782.00
2023/10/19,44.07,44.32,43.57,43.87,347799,15290841.00
2023/10/20,43.69,43.96,42.65,43.16,498129,21448644.00
2023/10/23,43.11,43.27,42.35,42.53,402072,17183768.00
2023/10/24,43.22,43.22,42.15,42.42,341942,14546615.00
2023/10/25,42.45,43.68,42.45,43.46,365908,15817979.00
2023/10/26,44.10,44.10,42.68,44.07,290469,12599262.00
2023/10/27,43.32,44.40,43.32,44.28,756175,33336244.00
2023/10/30,43.71,44.54,43.53,44.41,313169,13833112.00
2023/10/31,44.70,45.12,43.91,44.34,295420,13107364.00
2023/11/01,44.33,44.37,43.50,43.90,266470,11685100.00
2023/11/02,43.98,44.27,42.88,43.07,314976,13685013.00
2023/11/03,42.91,44.15,42.91,43.72,217830,9520927.00
2023/11/06,41.33,43.00,40.53,42.54,2550091,107142304.00
2023/11/07,42.00,43.50,42.00,43.20,1245715,53229540.00
2023/11/08,43.26,43.67,42.24,42.82,1022331,43698812.00
2023/11/09,42.82,42.82,42.23,42.29,430025,18243776.00
2023/11/10,42.00,42.31,41.72,41.98,366455,15384465.00
2023/11/13,42.78,44.88,41.38,44.56,1554050,67512384.00
2023/11/14,44.68,44.68,43.66,44.20,685343,30205342.00
2023/11/15,44.10,44.40,43.77,44.13,348239,15353754.00
2023/11/16,43.86,44.25,42.79,42.81,491317,21318536.00
2023/11/17,42.77,43.29,42.17,42.94,637435,27262768.00
2023/11/20,42.80,42.80,40.87,42.63,1052787,44022772.00
2023/11/21,42.89,42.89,41.59,41.91,813993,34192324.00
2023/11/22,41.94,41.94,40.57,40.60,907590,37279584.00
2023/11/23,40.61,40.89,40.06,40.62,521210,21071276.00
2023/11/24,40.62,40.94,39.70,40.83,795396,32042668.00
2023/11/27,40.83,43.16,40.83,42.86,1565880,65955316.00
2023/11/28,42.99,43.20,41.00,41.63,1314997,54792200.00
2023/11/29,41.50,41.68,40.70,40.95,633319,26033808.00
2023/11/30,40.95,41.06,38.92,39.02,1073360,42488712.00
2023/12/01,38.97,39.40,38.60,39.02,451637,17574284.00
2023/12/04,38.94,39.82,38.55,38.63,437121,17049586.00
2023/12/05,39.17,39.18,37.35,37.50,531572,20115180.00
2023/12/06,37.45,37.99,37.21,37.50,249266,9401611.00
2023/12/07,37.31,37.81,36.89,37.58,321630,12000890.00
2023/12/08,37.65,37.89,37.38,37.40,286477,10789530.00
2023/12/11,37.77,38.11,37.05,38.00,337810,12734487.00
2023/12/12,37.82,38.58,37.80,38.08,310896,11852840.00
2023/12/13,38.13,38.31,37.47,37.60,377132,14248872.00
2023/12/14,37.59,37.95,37.40,37.58,303291,11413918.00
2023/12/15,37.22,37.90,37.21,37.76,274583,10317961.00
2023/12/18,37.85,37.96,37.37,37.65,264116,9943056.00
2023/12/19,37.88,37.88,36.18,37.72,302270,11238999.00
2023/12/20,37.21,37.88,36.86,37.25,223461,8317947.00
2023/12/21,37.25,37.60,36.05,37.38,316842,11613857.00
2023/12/22,37.06,37.90,36.90,37.24,309662,11584965.00
2023/12/25,36.91,37.95,36.88,37.20,300839,11231708.00
2023/12/26,37.09,37.09,36.20,36.65,193590,7064052.00
2023/12/27,36.80,36.90,35.05,35.51,645467,23045128.00
2023/12/28,35.48,37.09,35.28,36.87,801907,29034856.00
2023/12/29,37.08,37.81,36.79,37.78,611863,22881754.00
2024/01/02,38.00,38.44,37.27,38.09,477938,18173312.00
2024/01/03,38.09,38.16,36.93,37.21,314840,11775180.00
2024/01/04,36.98,37.08,36.55,36.79,207217,7610325.00
2024/01/05,36.24,37.00,35.69,36.12,312324,11315183.00
2024/01/08,35.28,35.67,34.75,34.82,407357,14286308.00
2024/01/09,34.97,35.67,34.28,34.89,344719,12088232.00
2024/01/10,34.54,35.00,33.95,34.43,328058,11275941.00
2024/01/11,34.69,34.98,34.10,34.94,342322,11844343.00
2024/01/12,34.94,35.38,34.53,34.80,305708,10668802.00
2024/01/15,34.60,34.77,34.00,34.22,261757,8982308.00
2024/01/16,34.56,34.57,33.32,33.96,192798,6506746.00
2024/01/17,33.71,33.94,32.60,32.67,172106,5693629.00
2024/01/18,32.50,32.65,30.64,31.74,543249,17093814.00
2024/01/19,32.51,32.51,31.29,31.66,257739,8205587.00
2024/01/22,31.68,31.69,29.24,29.43,376139,11457142.00
2024/01/23,29.24,29.30,28.37,28.78,439529,12686900.00
2024/01/24,28.78,29.94,27.54,29.05,340959,9777609.00
2024/01/25,29.54,31.01,29.06,30.86,464436,14002293.00
2024/01/26,30.86,31.20,30.40,30.75,308725,9514551.00
2024/01/29,31.21,31.33,29.12,29.45,480533,14353143.00
2024/01/30,29.13,29.60,28.27,28.33,294108,8522778.00
2024/01/31,27.84,28.18,26.48,26.48,451024,12237508.00
2024/02/01,26.00,26.69,25.58,26.03,434104,11334156.00
2024/02/02,26.21,26.45,23.02,23.93,787484,19319772.00
2024/02/05,23.70,23.71,19.14,19.54,1288165,26323568.00
2024/02/06,19.03,20.30,15.65,19.42,1397753,25745276.00
2024/02/07,19.18,19.36,17.19,17.40,1761623,32030888.00
2024/02/08,17.50,19.80,16.77,19.36,1560236,28179334.00
2024/02/19,19.90,21.65,19.90,20.86,1265126,26293956.00
2024/02/20,20.88,21.73,20.30,21.59,882063,18663440.00
2024/02/21,21.18,22.88,21.18,22.70,1293635,28918764.00
2024/02/22,22.26,23.44,22.02,22.76,2032561,46226160.00
2024/02/23,22.66,23.74,22.44,23.74,1049194,24163924.00
2024/02/26,23.35,24.65,22.56,24.09,1553345,36643544.00
2024/02/27,24.25,24.80,23.70,24.74,1050221,25576110.00
2024/02/28,24.75,25.85,22.04,22.10,1820230,43339760.00
2024/02/29,22.10,23.56,21.99,23.26,1035353,23767812.00
2024/03/01,23.31,24.58,23.21,23.84,752993,17868908.00
2024/03/04,24.16,24.46,22.89,23.50,553605,12971273.00
2024/03/05,23.43,24.16,23.06,23.49,785318,18563996.00
2024/03/06,23.53,23.70,22.56,23.63,578102,13525349.00
2024/03/07,23.56,24.08,23.01,23.07,437129,10246802.00
2024/03/08,22.89,23.45,22.89,23.30,349131,8107848.00
2024/03/11,23.49,23.68,23.00,23.58,633840,14767397.00
2024/03/12,23.57,24.45,23.47,24.30,1073413,25804148.00
2024/03/13,24.54,24.66,23.69,24.34,860269,20833814.00
2024/03/14,24.34,24.40,23.07,23.36,1149786,27108556.00
2024/03/15,23.36,23.78,23.11,23.71,926679,21749584.00
2024/03/18,24.03,24.80,23.98,24.76,1343906,32816078.00
2024/03/19,24.98,25.33,24.53,24.99,767803,19206340.00
2024/03/20,24.95,25.35,24.70,25.16,780991,19560320.00
2024/03/21,25.16,26.79,24.42,25.80,2093607,53775076.00
2024/03/22,25.58,27.28,25.26,26.79,2654823,70286024.00
2024/03/25,26.70,26.78,24.30,24.42,2384729,60788864.00
2024/03/26,24.26,25.30,24.10,24.96,1348162,33465192.00
2024/03/27,24.92,24.92,23.19,23.19,1243562,29690080.00
2024/03/28,23.36,24.88,23.20,24.41,1473772,35532164.00
2024/03/29,24.42,24.71,23.71,24.57,1099897,26748352.00
2024/04/01,25.39,25.39,24.50,24.70,955016,23669710.00
2024/04/02,24.80,24.92,24.16,24.37,975156,23886592.00
2024/04/03,24.57,24.57,23.20,23.43,940961,22162216.00
2024/04/08,23.99,23.99,22.40,22.56,736391,16815084.00
2024/04/09,22.56,22.94,22.34,22.77,687748,15564576.00
2024/04/10,22.95,22.95,21.81,22.27,673570,14967241.00
2024/04/11,21.86,22.45,21.69,21.83,550212,12151573.00
2024/04/12,21.85,22.24,20.96,21.24,638936,13775032.00
2024/04/15,21.10,21.40,19.71,20.44,1154146,23440156.00
2024/04/16,20.27,20.27,17.36,17.70,2196036,39346704.00
2024/04/17,17.81,19.34,17.81,18.79,1357211,25368848.00
2024/04/18,18.99,19.11,18.13,18.69,931108,17470172.00
2024/04/19,18.64,19.21,18.20,18.68,815620,15194332.00
2024/04/22,18.55,19.40,17.95,19.05,982678,18536344.00
2024/04/23,18.98,19.99,18.82,19.60,673739,13166469.00
2024/04/24,19.90,20.81,19.73,20.69,876540,17955456.00
2024/04/25,20.84,20.84,20.21,20.27,725141,14765974.00
2024/04/26,20.41,21.43,20.06,21.31,954112,19985828.00
2024/04/29,21.31,21.98,20.95,21.77,577798,12499347.00
2024/04/30,21.82,22.74,21.71,22.36,1156003,25641268.00
2024/05/06,22.24,22.67,21.95,22.10,1139914,25237600.00
2024/05/07,22.68,23.32,22.26,23.13,1344958,30643598.00
2024/05/08,22.88,22.96,22.62,22.80,791078,18014468.00
2024/05/09,22.70,23.65,22.70,23.44,1122456,26000752.00
2024/05/10,23.30,23.64,23.01,23.05,813324,18878824.00
2024/05/13,23.10,23.10,22.21,22.81,837848,19061624.00
2024/05/14,22.44,23.05,22.27,22.36,801637,18015800.00
2024/05/15,22.31,22.84,22.18,22.41,435030,9809602.00
2024/05/16,22.27,23.12,22.27,22.84,546066,12461751.00
2024/05/17,22.84,24.25,22.61,24.07,1075692,25340394.00
2024/05/20,23.98,24.29,23.77,24.16,780921,18790024.00
2024/05/21,23.82,24.40,23.50,23.74,711407,16938184.00
2024/05/22,23.31,24.10,23.31,23.91,447237,10638238.00
2024/05/23,23.88,24.53,23.66,23.84,791170,19049968.00
2024/05/24,23.77,23.77,23.01,23.12,511703,11922143.00
2024/05/27,23.24,23.32,22.08,22.47,570051,12768363.00
2024/05/28,22.53,23.14,22.21,22.86,630033,14400993.00
2024/05/29,22.77,23.51,22.77,23.19,456789,10601438.00
2024/05/30,23.16,23.65,22.56,23.41,564889,13181684.00
2024/05/31,23.24,24.19,23.24,24.03,617249,14760303.00
2024/06/03,24.03,24.87,23.01,23.42,1073545,25754180.00
2024/06/04,23.07,23.23,21.84,22.34,1263674,28164914.00
2024/06/05,22.41,22.80,22.00,22.35,688018,15454040.00
2024/06/06,22.61,22.62,20.77,21.30,903760,19242532.00
2024/06/07,21.55,21.60,20.99,21.13,480831,10206878.00
2024/06/11,21.13,21.14,20.00,21.06,826286,17054222.00
2024/06/12,21.06,21.52,20.91,21.35,477074,10154013.00
2024/06/13,21.32,22.60,21.32,22.30,727032,15956818.00
2024/06/14,22.08,22.23,21.00,21.36,875202,18873704.00
2024/06/17,21.20,21.77,21.04,21.25,582405,12376424.00
2024/06/18,21.28,21.75,21.04,21.65,511704,11008551.00
2024/06/19,21.42,21.58,21.05,21.27,380145,8115599.00
2024/06/20,21.23,21.73,21.05,21.40,630937,13547384.00
2024/06/21,21.20,21.49,20.63,20.81,475824,9900764.00
2024/06/24,20.81,20.81,19.26,19.50,687920,13708634.00
2024/06/25,19.36,20.02,19.36,19.67,532955,10528167.00
2024/06/26,19.67,20.35,19.27,20.35,421503,8373197.00
2024/06/27,20.27,20.50,19.64,19.81,314501,6325606.00
2024/06/28,19.63,20.46,19.60,20.05,424087,8556472.00
2024/07/01,20.10,20.10,19.19,19.54,483582,9444784.00
2024/07/02,19.54,19.80,19.29,19.62,378445,7440863.00
2024/07/03,19.27,19.99,18.90,19.05,525067,10042293.00
2024/07/04,19.08,19.23,18.21,18.36,418452,7806327.00
2024/07/05,18.36,18.62,17.93,18.54,397037,7274950.00
2024/07/08,18.23,18.93,18.15,18.78,566862,10449261.00
2024/07/09,18.78,18.78,17.63,18.20,977739,17753080.00
2024/07/10,18.09,18.65,18.03,18.03,388020,7121075.00
2024/07/11,18.17,19.09,18.17,19.00,561779,10551326.00
2024/07/12,19.01,19.24,18.70,18.92,460915,8723133.00
2024/07/15,18.82,19.17,18.36,18.63,432169,8044543.00
2024/07/16,18.47,18.87,18.37,18.60,413064,7667041.00
2024/07/17,18.42,18.67,18.19,18.49,500598,9199989.00
2024/07/18,18.33,18.59,17.77,18.49,567081,10339668.00
2024/07/19,18.32,19.13,18.32,18.86,405781,7636413.00
2024/07/22,18.94,19.34,18.81,18.88,338508,6428979.00
2024/07/23,19.05,19.05,18.39,18.47,381505,7163785.00
2024/07/24,18.24,18.63,18.01,18.11,335224,6093714.00
2024/07/25,17.75,18.35,17.72,18.07,415244,7513657.00
2024/07/26,18.22,19.09,18.22,19.03,585980,10974969.00
2024/07/29,19.10,19.10,18.25,18.90,670065,12523496.00
2024/07/30,18.61,19.03,18.48,18.89,353753,6654616.00
2024/07/31,18.80,19.42,18.52,19.39,636828,12184446.00
2024/08/01,19.40,20.27,19.38,19.97,1217074,24226392.00
2024/08/02,19.81,20.26,19.51,19.57,789947,15742218.00
2024/08/05,19.57,19.85,18.37,18.43,949778,18055884.00
2024/08/06,18.50,19.27,18.50,18.91,635144,12028633.00
2024/08/07,19.29,19.75,18.88,19.45,874191,16913242.00
2024/08/08,19.43,19.43,18.55,18.59,892133,16719917.00
2024/08/09,18.87,19.74,18.76,18.90,624739,11845107.00
2024/08/12,19.00,19.00,18.34,18.63,536486,9968487.00
2024/08/13,18.69,18.84,18.33,18.64,489301,9097663.00
2024/08/14,18.66,18.80,18.46,18.50,388330,7218812.00
2024/08/15,18.45,18.84,18.39,18.60,357303,6649032.00
2024/08/16,18.70,18.79,18.18,18.41,516763,9533448.00
2024/08/19,18.41,18.52,18.02,18.44,370649,6812324.00
2024/08/20,18.30,18.30,17.71,17.94,434653,7801340.00
2024/08/21,17.81,17.98,17.66,17.87,377246,6709297.00
2024/08/22,17.77,18.13,17.75,17.93,447763,7997605.00
2024/08/23,17.80,17.86,17.37,17.54,249160,4392053.00
2024/08/26,17.65,17.92,17.09,17.26,425181,7423909.00
2024/08/27,17.30,17.47,17.12,17.33,441509,7631998.00
2024/08/28,17.12,17.40,17.02,17.18,392796,6757194.00
2024/08/29,17.17,17.40,17.00,17.15,1096013,18804820.00
2024/08/30,17.13,17.76,17.12,17.60,846779,14847835.00
2024/09/02,17.59,17.66,16.78,16.90,847010,14484037.00
2024/09/03,16.90,17.16,16.75,16.77,323133,5474970.00
2024/09/04,16.84,16.84,16.40,16.56,498702,8267427.00
2024/09/05,16.61,16.77,16.42,16.55,491826,8151420.00
2024/09/06,16.55,16.62,15.90,15.97,380280,6162105.00
2024/09/09,15.90,16.22,15.61,15.88,195669,3114887.00
2024/09/10,15.96,16.16,15.70,16.08,261262,4158914.00
2024/09/11,16.08,16.25,15.77,15.95,308626,4958770.00
2024/09/12,16.02,16.25,15.79,16.05,304468,4884168.00
2024/09/13,16.20,16.20,15.45,15.55,369974,5794809.00
2024/09/18,15.31,15.66,15.02,15.43,205733,3159604.00
2024/09/19,15.78,15.92,15.28,15.65,250085,3902716.00
2024/09/20,15.65,15.75,15.39,15.65,286054,4465927.00
2024/09/23,15.68,15.94,15.49,15.68,265231,4155976.00
2024/09/24,15.78,16.34,15.68,16.33,527044,8426355.00
2024/09/25,16.49,16.88,16.38,16.65,623421,10375138.00
2024/09/26,16.52,17.14,16.46,17.14,711065,11996615.00
2024/09/27,17.68,18.20,17.43,18.09,757614,13532256.00
2024/09/30,19.03,20.98,18.44,20.98,2338176,46239060.00
2024/10/08,24.16,25.17,22.70,24.30,3547049,85281088.00
2024/10/09,23.56,23.56,21.22,21.54,2161840,48153392.00
2024/10/10,21.55,22.13,20.82,21.12,1389679,29844940.00
2024/10/11,21.01,21.19,19.50,19.74,1127765,22709890.00
2024/10/14,20.20,20.98,20.05,20.71,1964367,40128576.00
2024/10/15,20.60,21.70,20.22,21.30,1899973,40257896.00
2024/10/16,20.99,22.18,20.82,21.89,1970627,42602744.00
2024/10/17,21.91,22.08,21.29,21.46,1406454,30253178.00
2024/10/18,21.38,22.84,21.02,22.20,1890385,41171040.00
2024/10/21,22.30,23.88,22.20,23.31,2641723,61015516.00
2024/10/22,23.45,23.65,22.66,22.99,1497049,34670480.00
2024/10/23,22.90,24.55,22.72,23.68,2508250,59640964.00
2024/10/24,23.76,23.76,22.70,22.87,1342024,30862858.00
2024/10/25,23.25,23.53,22.90,23.43,1395637,32492600.00
2024/10/28,23.44,28.12,23.44,28.12,4425103,117532240.00
2024/10/29,28.96,33.71,28.35,29.90,7712523,233857968.00
2024/10/30,27.85,30.78,27.85,28.80,4225922,122743376.00
2024/10/31,28.11,29.13,27.82,28.19,3194690,90645016.00
2024/11/01,27.87,27.87,26.00,26.12,2423139,64436672.00
2024/11/04,26.48,30.95,25.60,30.90,3734307,105906216.00
2024/11/05,30.90,32.00,30.15,31.31,4172190,129857256.00
2024/11/06,31.05,31.98,29.69,30.75,3365337,104383376.00
2024/11/07,30.00,30.61,29.23,30.35,1950036,58210520.00
2024/11/08,30.33,31.31,29.90,31.20,2166390,66537624.00
2024/11/11,31.88,32.29,30.62,31.21,2765977,86573728.00
2024/11/12,30.86,31.27,29.30,29.56,1689339,51248628.00
2024/11/13,29.30,30.30,28.30,29.13,1006702,29114372.00
2024/11/14,29.14,29.32,27.87,27.92,845933,24011828.00
2024/11/15,27.87,28.11,26.40,26.40,973937,26622642.00
2024/11/18,27.24,27.25,24.43,24.68,1867487,47236824.00
2024/11/19,24.93,25.69,24.69,25.60,1265731,31931332.00
2024/11/20,25.50,26.37,25.48,26.33,792899,20617996.00
2024/11/21,26.54,26.76,25.78,26.10,939974,24711780.00
2024/11/22,25.90,26.30,24.79,24.85,1061305,27221620.00
数据来源:通达信
