688599 天合光能 日线 不复权
      日期	    开盘	    最高	    最低	    收盘	    成交量	    成交额
2020/06/10,16.69,19.58,16.64,17.21,198047556,3458457088.00
2020/06/11,16.50,18.23,15.84,17.63,130923900,2203394304.00
2020/06/12,17.00,19.30,16.98,17.99,122653610,2233889280.00
2020/06/15,17.73,17.73,16.32,16.32,95517928,1617942144.00
2020/06/16,16.35,16.78,15.95,16.40,59466129,970978816.00
2020/06/17,16.31,16.60,15.86,15.99,51867509,832992512.00
2020/06/18,16.03,16.48,15.66,16.18,57004790,917641920.00
2020/06/19,16.01,16.18,15.82,15.85,34445543,549961664.00
2020/06/22,16.06,16.38,15.95,16.01,41007923,662581632.00
2020/06/23,15.90,16.95,15.88,16.80,63572028,1049345600.00
2020/06/24,16.81,17.05,16.46,16.52,48883833,815718144.00
2020/06/29,16.78,17.67,16.64,16.94,62150289,1067219968.00
2020/06/30,17.14,17.15,16.59,16.80,42011495,705797568.00
2020/07/01,17.53,17.70,16.52,16.84,47367589,806802176.00
2020/07/02,16.93,17.24,16.69,17.07,44878401,761526400.00
2020/07/03,17.08,17.09,16.70,16.81,39427041,664759872.00
2020/07/06,17.01,17.69,16.76,17.49,65947741,1138138624.00
2020/07/07,17.82,18.98,17.57,17.65,70623106,1284957440.00
2020/07/08,17.55,18.08,17.45,17.89,42986361,764081984.00
2020/07/09,17.89,18.55,17.71,18.30,51630186,934113920.00
2020/07/10,18.16,18.53,17.75,17.77,43415558,783528512.00
2020/07/13,17.70,18.15,17.70,18.01,36634676,658355584.00
2020/07/14,18.12,18.38,17.51,18.05,44333017,796794816.00
2020/07/15,18.18,18.38,17.09,17.17,38155107,676413632.00
2020/07/16,17.27,17.27,15.95,16.03,37818160,625949504.00
2020/07/17,16.25,16.38,15.89,16.13,19572978,316132384.00
2020/07/20,16.17,16.58,15.92,16.58,21405103,347944672.00
2020/07/21,16.50,17.13,16.46,16.97,25439718,428689600.00
2020/07/22,16.69,16.92,16.60,16.71,19134610,320917088.00
2020/07/23,16.58,17.09,16.51,17.00,22944549,387303072.00
2020/07/24,17.95,18.16,17.00,17.03,50023592,879690176.00
2020/07/27,17.26,17.83,17.08,17.38,28635951,498586368.00
2020/07/28,17.43,17.59,16.73,16.88,25958093,442534528.00
2020/07/29,16.71,17.20,16.57,17.17,23726867,401491648.00
2020/07/30,17.18,17.39,16.81,17.27,25557316,437086976.00
2020/07/31,17.13,17.27,16.75,16.96,21968186,373947904.00
2020/08/03,17.15,17.86,17.00,17.63,34411709,604264640.00
2020/08/04,17.78,17.80,17.12,17.18,24147133,418892928.00
2020/08/05,17.24,17.24,16.87,17.15,18594980,316550560.00
2020/08/06,17.16,17.22,16.61,16.78,18304566,307864416.00
2020/08/07,16.79,16.92,16.26,16.41,15629416,258848800.00
2020/08/10,16.44,16.79,16.34,16.68,13102328,218478880.00
2020/08/11,16.71,16.86,16.23,16.35,14923678,246808704.00
2020/08/12,16.34,16.45,15.95,16.20,14826882,239155056.00
2020/08/13,16.45,16.77,16.32,16.39,12067531,199397456.00
2020/08/14,16.36,16.50,16.18,16.46,9029655,147595296.00
2020/08/17,16.37,16.65,16.32,16.55,13138372,216934960.00
2020/08/18,16.52,16.92,16.39,16.73,17515547,291876448.00
2020/08/19,16.61,16.76,16.30,16.30,11622502,192297808.00
2020/08/20,16.18,16.43,16.11,16.18,7604205,123723240.00
2020/08/21,16.30,16.41,16.12,16.21,7334749,119032184.00
2020/08/24,16.27,16.34,16.01,16.29,6883678,111554072.00
2020/08/25,16.30,16.64,16.26,16.45,9815855,161645504.00
2020/08/26,16.51,16.57,16.20,16.38,10672607,174927248.00
2020/08/27,16.52,16.73,16.41,16.58,15949874,264380016.00
2020/08/28,16.58,16.61,16.15,16.30,13954514,227311216.00
2020/08/31,16.34,16.52,16.23,16.26,10778128,176227632.00
2020/09/01,16.26,16.35,16.17,16.29,7059554,114710272.00
2020/09/02,16.32,16.36,16.16,16.16,8799674,142579680.00
2020/09/03,16.17,16.29,16.02,16.06,8754532,141321392.00
2020/09/04,15.90,15.98,15.71,15.79,12053583,190636432.00
2020/09/07,15.76,15.88,15.21,15.25,12317884,191466464.00
2020/09/08,15.27,15.86,15.16,15.75,13145361,204707984.00
2020/09/09,15.64,16.01,15.54,15.54,10392694,163998304.00
2020/09/10,15.74,15.87,14.80,14.84,9394698,143960192.00
2020/09/11,14.68,15.73,14.65,15.48,12880386,195498544.00
2020/09/14,15.88,16.01,15.51,15.61,12632600,199043616.00
2020/09/15,15.70,15.76,15.20,15.29,8556902,131115368.00
2020/09/16,15.31,15.90,15.18,15.62,13611127,213189136.00
2020/09/17,15.62,16.96,15.50,16.56,37530699,616553088.00
2020/09/18,16.56,16.69,16.21,16.35,18630632,305497920.00
2020/09/21,16.50,16.68,16.20,16.30,12849573,210939440.00
2020/09/22,16.10,16.19,15.56,15.67,14788556,234530080.00
2020/09/23,15.80,16.61,15.73,16.58,24622213,401972320.00
2020/09/24,16.55,16.72,16.13,16.21,17493020,287440928.00
2020/09/25,16.36,16.44,15.58,15.66,13919478,221922880.00
2020/09/28,15.73,16.43,15.61,15.93,14431138,232520496.00
2020/09/29,16.08,16.24,15.83,15.98,9094505,145487936.00
2020/09/30,15.98,16.84,15.96,16.38,19816684,326811488.00
2020/10/09,17.60,17.89,16.99,17.05,50353451,881578112.00
2020/10/12,17.10,17.35,16.82,17.21,32018646,547242880.00
2020/10/13,17.45,17.69,17.20,17.22,29298052,510047552.00
2020/10/14,17.28,17.96,16.93,17.92,39498670,694464064.00
2020/10/15,17.75,17.77,16.98,17.08,28716421,498031456.00
2020/10/16,17.04,17.26,16.84,16.95,12435387,211817712.00
2020/10/19,17.03,17.21,16.72,16.82,10757296,182328768.00
2020/10/20,16.75,16.95,16.55,16.86,9008991,150909904.00
2020/10/21,16.90,17.07,16.42,16.54,11664382,194567776.00
2020/10/22,16.42,16.42,16.15,16.18,8772409,142477680.00
2020/10/23,16.28,16.32,15.61,15.69,11309032,180003680.00
2020/10/26,15.68,16.05,15.51,15.90,6105555,96756488.00
2020/10/27,15.81,16.09,15.70,16.09,6487711,103218376.00
2020/10/28,16.20,16.56,16.05,16.38,12616552,206135168.00
2020/10/29,16.14,16.38,16.09,16.24,8033182,130686016.00
2020/10/30,16.35,16.52,15.92,15.93,10526593,171183312.00
2020/11/02,15.96,16.66,15.80,16.60,19271724,315329728.00
2020/11/03,16.90,16.99,16.44,16.74,15629547,261161584.00
2020/11/04,16.85,17.35,16.71,16.71,18270788,310707328.00
2020/11/05,16.98,17.14,16.76,16.94,13543366,229539040.00
2020/11/06,17.15,17.20,16.47,16.67,13214828,221551840.00
2020/11/09,17.18,17.91,17.01,17.52,37632902,660851840.00
2020/11/10,17.40,17.87,17.35,17.54,25342796,446260032.00
2020/11/11,17.47,17.71,16.96,16.96,16546913,286277088.00
2020/11/12,17.09,17.32,16.88,16.99,9806736,167632208.00
2020/11/13,17.02,17.28,16.88,17.03,9024353,154166416.00
2020/11/16,17.22,17.33,16.75,17.16,10098270,171592480.00
2020/11/17,17.18,17.18,16.55,16.69,11083921,185963328.00
2020/11/18,16.88,17.67,16.80,17.26,22060862,382987232.00
2020/11/19,17.24,17.78,17.05,17.60,21096913,368786624.00
2020/11/20,17.87,21.12,17.79,20.40,84117248,1684579840.00
2020/11/23,20.50,20.98,20.12,20.80,58635721,1208562304.00
2020/11/24,20.89,23.80,20.60,21.80,71500302,1598879232.00
2020/11/25,21.98,23.10,21.56,21.70,47051917,1046570432.00
2020/11/26,21.84,22.40,21.31,21.93,30207838,659927424.00
2020/11/27,21.84,22.20,20.85,21.69,30191139,646614080.00
2020/11/30,21.85,22.00,21.15,21.69,18824790,406346304.00
2020/12/01,21.87,23.49,21.50,22.25,29838548,675764736.00
2020/12/02,22.41,22.76,21.51,21.83,19990432,440032480.00
2020/12/03,21.73,21.81,19.91,20.25,32109325,657987008.00
2020/12/04,20.34,20.48,19.45,19.85,26223563,517573408.00
2020/12/07,19.96,20.75,19.76,19.89,22145384,446908736.00
2020/12/08,19.87,20.77,19.80,20.39,23605729,481801312.00
2020/12/09,22.01,22.45,20.38,20.45,37566408,798132352.00
2020/12/10,20.33,22.19,20.01,22.02,44903317,958972608.00
2020/12/11,21.81,22.18,20.31,20.65,37178734,785005632.00
2020/12/14,21.28,21.93,20.96,21.37,31811814,683349376.00
2020/12/15,21.32,22.68,21.21,22.20,37096272,819941376.00
2020/12/16,22.70,22.97,21.81,22.18,31798732,712804672.00
2020/12/17,22.23,22.39,21.30,22.18,27079394,591986112.00
2020/12/18,22.29,24.34,22.20,24.11,46779405,1102437632.00
2020/12/21,24.89,25.39,23.49,24.66,44207021,1084683008.00
2020/12/22,24.29,25.64,23.95,23.95,35396960,877291712.00
2020/12/23,24.50,26.34,24.49,24.96,41591379,1051960832.00
2020/12/24,25.49,26.15,24.50,24.74,35226248,887553536.00
2020/12/25,25.00,25.50,23.91,25.49,35086065,872554304.00
2020/12/28,25.50,25.50,24.07,24.52,29378732,719847296.00
2020/12/29,23.67,23.79,21.88,22.10,42451911,959373056.00
2020/12/30,22.20,23.10,22.16,22.22,25111013,567821568.00
2020/12/31,22.66,23.55,22.57,23.15,22798422,525261632.00
2021/01/04,23.38,24.69,23.01,24.17,29174170,700158848.00
2021/01/05,24.10,24.15,23.06,23.18,30468655,715873920.00
2021/01/06,23.03,23.10,21.66,22.73,35473423,794846784.00
2021/01/07,23.00,24.16,22.56,23.60,34572628,807384448.00
2021/01/08,24.66,25.20,23.25,23.50,36327318,874589440.00
2021/01/11,23.08,23.20,21.80,22.00,32929305,736408768.00
2021/01/12,21.88,22.45,21.75,22.21,20382035,451355808.00
2021/01/13,22.01,22.19,20.82,21.05,27798289,594050176.00
2021/01/14,20.81,21.55,20.12,21.27,23828285,494558336.00
2021/01/15,20.96,21.76,20.87,21.38,12896688,276285312.00
2021/01/18,21.33,22.17,20.66,21.70,14748307,316434464.00
2021/01/19,21.54,22.08,20.95,21.10,13408196,288547136.00
2021/01/20,21.20,22.16,21.00,21.76,17010809,370418976.00
2021/01/21,21.89,22.65,21.80,22.40,20091124,447670880.00
2021/01/22,22.48,23.49,22.20,23.27,28056683,648212480.00
2021/01/25,23.70,24.44,22.89,23.10,36473193,860912768.00
2021/01/26,23.65,24.20,23.18,23.28,27422280,649998016.00
2021/01/27,23.50,24.98,23.28,24.90,35709673,865386688.00
2021/01/28,24.40,24.50,23.01,23.10,26580711,633345536.00
2021/01/29,23.45,23.92,22.49,23.58,20656146,481122944.00
2021/02/01,23.00,23.75,22.57,23.28,16634166,383784000.00
2021/02/02,23.75,23.98,23.07,23.56,17543881,414814816.00
2021/02/03,23.50,23.94,21.85,22.00,26617224,606887552.00
2021/02/04,21.58,21.77,20.05,20.66,28550013,590110848.00
2021/02/05,20.69,21.15,19.50,19.67,19540845,397075008.00
2021/02/08,19.47,19.91,18.70,19.30,15763814,302701472.00
2021/02/09,19.51,20.44,19.48,20.17,12207358,245672032.00
2021/02/10,20.11,20.86,19.95,20.70,13275168,271954464.00
2021/02/18,21.04,21.37,20.45,20.73,12669677,264130480.00
2021/02/19,20.53,21.19,20.03,21.19,14368739,296013696.00
2021/02/22,21.28,22.49,21.24,21.27,17075290,372877024.00
2021/02/23,21.60,21.87,21.12,21.27,9537297,204683136.00
2021/02/24,21.12,21.36,19.89,20.23,13327473,273768256.00
2021/02/25,20.76,20.82,19.83,19.95,10224765,207052848.00
2021/02/26,19.13,20.28,19.13,20.19,9288909,185133520.00
2021/03/01,20.54,21.08,20.38,21.04,11923607,247553248.00
2021/03/02,21.20,21.33,20.81,21.26,9703519,204543328.00
2021/03/03,21.04,21.47,21.03,21.28,8235894,174924944.00
2021/03/04,21.00,21.00,19.81,20.09,12682041,256406112.00
2021/03/05,19.82,20.20,19.55,19.97,8170089,162976560.00
2021/03/08,20.18,20.23,18.70,18.79,13521514,263074432.00
2021/03/09,18.85,18.99,17.80,18.47,11152724,205683872.00
2021/03/10,18.96,19.04,18.41,18.42,8170375,152182544.00
2021/03/11,18.42,18.98,18.06,18.87,8753460,163194608.00
2021/03/12,19.00,19.50,18.75,18.82,14363003,273628800.00
2021/03/15,18.97,19.07,18.25,18.47,8361815,155500928.00
2021/03/16,18.47,18.75,18.20,18.37,7211012,132828848.00
2021/03/17,18.32,18.57,17.82,18.47,5589491,102031576.00
2021/03/18,18.48,18.55,17.99,18.16,9463260,172427728.00
2021/03/19,17.83,18.23,17.67,17.67,6620913,118736504.00
2021/03/22,17.69,18.17,17.69,17.96,5449006,97991696.00
2021/03/23,18.13,18.18,17.21,17.30,8576797,150500416.00
2021/03/24,17.28,17.43,16.85,16.91,6593224,112485488.00
2021/03/25,16.88,17.14,16.80,16.89,5282472,89605064.00
2021/03/26,17.01,17.66,17.01,17.43,9799126,170610064.00
2021/03/29,17.50,17.50,17.24,17.38,4236198,73631944.00
2021/03/30,17.39,18.30,17.25,17.92,12398611,221550496.00
2021/03/31,18.00,18.76,18.00,18.55,15114280,279782816.00
2021/04/01,18.90,19.45,18.71,18.95,12377957,235516752.00
2021/04/02,18.80,18.94,18.55,18.66,7921686,148476864.00
2021/04/06,18.75,19.18,18.73,18.90,6744487,127962296.00
2021/04/07,19.00,19.00,18.37,18.70,6879521,127493496.00
2021/04/08,18.60,18.69,18.25,18.28,7648041,140840944.00
2021/04/09,18.28,18.36,18.04,18.09,4188269,76064096.00
2021/04/12,18.09,18.36,17.52,17.62,7065288,126381160.00
2021/04/13,17.70,17.74,17.24,17.30,4866874,85051824.00
2021/04/14,17.30,17.66,17.26,17.46,5194851,90553640.00
2021/04/15,17.45,17.66,17.11,17.52,5469702,95225128.00
2021/04/16,17.70,17.85,17.19,17.59,8338375,145693792.00
2021/04/19,17.55,17.94,17.35,17.90,13201644,234783280.00
2021/04/20,17.90,18.46,17.60,18.25,14376635,260671712.00
2021/04/21,18.00,18.12,17.55,17.75,8954824,159065088.00
2021/04/22,17.66,17.87,17.52,17.55,6098431,107553992.00
2021/04/23,17.58,17.88,17.55,17.70,6618218,117095304.00
2021/04/26,17.64,18.54,17.45,17.91,13781167,250727568.00
2021/04/27,17.80,17.93,17.03,17.26,10664342,185212640.00
2021/04/28,17.22,17.35,17.01,17.26,4834992,83216728.00
2021/04/29,17.28,17.32,16.70,16.73,9952436,167962624.00
2021/04/30,16.93,16.93,16.53,16.53,7847684,131067312.00
2021/05/06,16.52,17.10,16.33,16.82,7985493,134344144.00
2021/05/07,16.74,17.09,16.30,16.96,9860788,164860336.00
2021/05/10,16.80,16.94,16.23,16.34,7754835,128544040.00
2021/05/11,16.58,16.58,15.68,15.89,8610693,137396896.00
2021/05/12,15.89,15.99,15.56,15.77,7227898,113632104.00
2021/05/13,15.66,15.88,15.56,15.59,4685154,73646008.00
2021/05/14,15.76,16.38,15.74,16.36,9813415,158144464.00
2021/05/17,16.35,17.27,16.28,17.08,12990443,218999664.00
2021/05/18,17.10,17.38,16.72,17.38,8073523,137682176.00
2021/05/19,17.29,17.51,17.13,17.21,5720478,99164936.00
2021/05/20,17.23,17.43,17.05,17.11,4738270,81606320.00
2021/05/21,17.21,17.68,17.16,17.17,7229908,125897488.00
2021/05/24,17.14,17.35,16.82,16.88,4908106,83252664.00
2021/05/25,16.99,17.22,16.70,17.17,6340254,107826552.00
2021/05/26,17.19,17.20,16.90,16.97,4958019,84235984.00
2021/05/27,17.01,17.29,16.96,16.97,6357188,108634624.00
2021/05/28,16.96,17.65,16.96,17.16,11309857,195951040.00
2021/05/31,17.10,18.48,17.09,18.39,17415524,312313600.00
2021/06/01,18.60,19.67,18.33,19.43,26945510,515143872.00
2021/06/02,19.29,20.22,19.03,19.10,21263662,417248736.00
2021/06/03,19.03,19.35,18.20,18.30,15149773,282027392.00
2021/06/04,18.28,18.40,17.95,18.18,7283696,132211024.00
2021/06/07,17.87,18.10,16.98,17.16,18342406,318541152.00
2021/06/08,17.08,17.87,17.07,17.38,11335111,197688720.00
2021/06/09,17.33,17.49,17.00,17.09,7489007,128716176.00
2021/06/10,17.21,20.30,17.21,19.60,36929426,707977280.00
2021/06/11,19.91,21.16,19.85,20.50,41480196,851193088.00
2021/06/15,20.20,21.78,20.20,20.97,32733142,688118272.00
2021/06/16,21.03,21.34,19.90,19.99,19831228,405840576.00
2021/06/17,20.36,20.85,20.10,20.46,15204756,311934880.00
2021/06/18,21.03,22.22,21.03,22.12,22757499,498314976.00
2021/06/21,22.00,25.30,21.52,25.10,46440665,1114499456.00
2021/06/22,24.72,25.55,24.53,24.83,21889410,547534976.00
2021/06/23,25.16,26.35,24.77,25.45,32248990,822703744.00
2021/06/24,27.00,27.58,25.49,25.86,30716078,804630016.00
2021/06/25,25.44,28.19,25.44,26.70,38086080,1025106432.00
2021/06/28,26.94,28.70,26.94,28.15,27981971,787619776.00
2021/06/29,28.80,29.30,28.20,28.51,24355116,697750976.00
2021/06/30,28.51,29.12,27.30,28.35,24544819,696601984.00
2021/07/01,28.57,31.23,28.51,29.72,30343783,905903424.00
2021/07/02,29.65,30.95,28.95,30.00,24830073,744345344.00
2021/07/05,29.58,30.15,28.10,29.01,35201778,1019264896.00
2021/07/06,29.54,30.07,27.66,28.72,25350684,727973440.00
2021/07/07,28.37,34.45,27.86,32.80,44136241,1403867648.00
2021/07/08,32.81,33.39,32.15,32.57,23739762,775356800.00
2021/07/09,32.22,32.23,30.58,31.67,21771846,683600640.00
2021/07/12,31.88,33.10,30.91,32.13,24989495,801702848.00
2021/07/13,32.13,34.70,32.03,33.60,24727207,826461312.00
2021/07/14,33.01,34.25,31.92,32.40,16419090,542579392.00
2021/07/15,32.00,36.15,31.41,35.50,32683978,1107763200.00
2021/07/16,35.80,39.10,35.51,36.33,32102800,1199477248.00
2021/07/19,36.64,38.50,36.20,36.23,20581579,767954816.00
2021/07/20,34.98,37.15,34.68,36.12,19122143,689614464.00
2021/07/21,36.98,39.08,36.69,38.59,21012410,801685824.00
2021/07/22,38.72,43.90,37.80,42.30,25326282,1031236352.00
2021/07/23,43.75,46.18,40.88,44.00,24941865,1097532672.00
2021/07/26,44.78,46.78,42.30,46.32,21726882,965384768.00
2021/07/27,45.38,46.30,39.50,41.90,48402603,2048153216.00
2021/07/28,41.00,41.48,36.83,40.39,27762288,1104652416.00
2021/07/29,41.90,48.01,41.08,47.99,31288675,1404948864.00
2021/07/30,47.03,48.90,45.51,46.69,27676720,1303435904.00
2021/08/02,46.10,48.41,42.58,44.92,26441962,1196991232.00
2021/08/03,45.00,45.35,39.58,40.97,29940705,1238735104.00
2021/08/04,41.72,46.88,41.72,45.70,34793660,1571210752.00
2021/08/05,45.90,50.15,45.06,48.98,36097228,1736543232.00
2021/08/06,49.00,52.38,49.00,49.96,26147300,1327408000.00
2021/08/09,49.60,50.53,45.73,48.83,27234601,1307225600.00
2021/08/10,49.32,52.24,49.00,50.03,23671266,1195421312.00
2021/08/11,50.00,50.86,47.37,48.55,24072565,1173231488.00
2021/08/12,47.38,47.78,44.85,46.20,28184223,1296589568.00
2021/08/13,44.65,47.28,44.21,45.30,22312182,1020961344.00
2021/08/16,43.00,46.18,41.68,45.19,30610747,1336937856.00
2021/08/17,43.97,45.33,42.11,42.90,24629922,1075754240.00
2021/08/18,42.00,43.70,40.92,42.64,32866913,1379655296.00
2021/08/19,42.60,45.20,40.93,44.30,22891759,986007104.00
2021/08/20,43.20,45.19,42.58,43.78,17348753,762513088.00
2021/08/23,43.31,46.53,43.11,46.42,18589762,842235520.00
2021/08/24,47.82,51.98,46.16,47.82,30435285,1498107264.00
2021/08/25,47.00,55.00,47.00,53.95,40407388,2071369472.00
2021/08/26,53.80,57.30,52.30,52.82,34771055,1912423040.00
2021/08/27,52.25,55.32,52.15,53.62,20999874,1132316288.00
2021/08/30,54.72,63.69,54.72,61.61,29070149,1740908160.00
2021/08/31,60.85,61.93,58.50,60.54,22127884,1328694912.00
2021/09/01,61.85,62.98,53.66,57.34,29720832,1718217088.00
2021/09/02,56.60,63.80,56.53,61.97,23885711,1461293952.00
2021/09/03,60.88,65.28,57.01,59.16,22522482,1357222016.00
2021/09/06,57.80,58.88,53.20,58.30,18708082,1045744256.00
2021/09/07,57.35,61.61,56.29,59.98,16249793,965577856.00
2021/09/08,59.20,61.00,53.26,55.00,24743588,1382637184.00
2021/09/09,54.99,56.20,53.00,55.77,17128020,934816896.00
2021/09/10,55.75,58.55,52.98,56.24,19656682,1091171456.00
2021/09/13,55.30,56.00,51.12,51.69,29634470,1562844928.00
2021/09/14,50.50,53.08,49.45,51.70,21312106,1095669888.00
2021/09/15,53.93,56.99,53.59,54.75,25522901,1403032704.00
2021/09/16,53.00,53.50,49.16,49.57,24532349,1261254784.00
2021/09/17,49.74,52.28,46.58,49.02,28581941,1406948096.00
2021/09/22,48.02,52.49,48.02,50.44,20514785,1046968448.00
2021/09/23,52.25,52.65,49.60,51.10,15589120,792550784.00
2021/09/24,50.91,57.72,49.99,53.48,26497729,1438575616.00
2021/09/27,54.92,55.00,49.49,51.95,18429700,965154560.00
2021/09/28,51.71,53.97,48.58,48.70,19554065,996968960.00
2021/09/29,48.04,52.11,47.93,50.18,19245485,973183552.00
2021/09/30,50.70,54.70,50.20,53.56,18313523,966441728.00
2021/10/08,53.90,55.54,49.00,49.66,20201154,1020103168.00
2021/10/11,50.61,50.81,47.21,48.27,13531483,661731520.00
2021/10/12,48.40,51.08,48.30,50.10,18913116,937744576.00
2021/10/13,51.00,58.00,50.40,57.00,27784448,1527493120.00
2021/10/14,56.40,60.45,56.40,58.55,24196801,1433327872.00
2021/10/15,59.12,60.65,57.76,59.47,13075941,774724416.00
2021/10/18,60.00,64.54,60.00,64.20,25145011,1573225088.00
2021/10/19,64.00,65.18,61.05,63.39,17943600,1135417728.00
2021/10/20,63.80,70.61,63.80,67.30,26656917,1811394944.00
2021/10/21,67.30,68.00,63.11,64.07,18746808,1219539840.00
2021/10/22,64.00,65.85,61.35,62.66,17392113,1106002304.00
2021/10/25,65.32,69.50,64.58,66.70,22457739,1509980544.00
2021/10/26,66.63,68.07,65.37,67.17,13380768,894298048.00
2021/10/27,67.78,72.76,67.78,71.08,16020285,1135014144.00
2021/10/28,69.67,73.50,69.27,72.00,15516141,1111065856.00
2021/10/29,72.00,79.54,66.00,78.30,29613645,2133930368.00
2021/11/01,77.00,85.00,73.99,74.00,37100522,2906917120.00
2021/11/02,73.16,75.60,70.81,73.49,23542376,1713520384.00
2021/11/03,72.70,74.21,67.00,69.50,28572613,1991824128.00
2021/11/04,69.48,73.85,69.00,69.70,17982370,1288080512.00
2021/11/05,69.47,71.71,66.00,69.60,18368592,1262267776.00
2021/11/08,70.50,73.83,69.16,72.49,16567793,1191309056.00
2021/11/09,75.70,75.99,67.90,69.20,29008914,2044313216.00
2021/11/10,67.82,69.20,66.76,67.86,17523339,1190706560.00
2021/11/11,69.62,72.58,67.94,69.74,21486578,1511561472.00
2021/11/12,72.00,74.30,70.06,73.50,20126859,1458209280.00
2021/11/15,72.46,72.60,68.89,70.80,16658679,1172370816.00
2021/11/16,69.50,70.41,66.79,68.28,14676229,1007095488.00
2021/11/17,69.27,74.49,68.53,72.24,20546808,1475394304.00
2021/11/18,72.23,75.33,68.24,74.36,23709696,1711627136.00
2021/11/19,74.00,82.28,73.00,81.80,32821635,2547721984.00
2021/11/22,80.06,82.55,78.92,81.25,18432479,1486578560.00
2021/11/23,80.00,83.23,76.70,78.45,16226387,1290220672.00
2021/11/24,79.12,79.36,72.20,72.98,23679385,1766541824.00
2021/11/25,71.88,72.88,69.02,69.02,19032354,1338121344.00
2021/11/26,69.02,71.68,69.02,71.62,13861217,979878720.00
2021/11/29,70.96,74.72,70.58,72.77,16212297,1185326080.00
2021/11/30,72.82,74.60,71.80,73.13,11970707,878091328.00
2021/12/01,74.99,76.20,70.09,71.00,24499068,1778283776.00
2021/12/02,70.40,71.98,66.92,67.99,25350112,1731948288.00
2021/12/03,68.30,72.50,66.85,71.55,27667358,1943205760.00
2021/12/06,72.00,72.89,70.00,70.11,15724972,1117895040.00
2021/12/07,71.45,72.98,68.80,72.89,20837740,1478870528.00
2021/12/08,73.40,77.13,71.88,75.20,26457048,1986551168.00
2021/12/09,74.03,77.29,73.16,76.00,22324266,1692399104.00
2021/12/10,74.59,83.81,74.18,81.11,54878059,4433816064.00
2021/12/13,82.01,87.30,80.70,85.14,24858099,2094088448.00
2021/12/14,84.89,85.98,80.96,82.60,17695402,1468916352.00
2021/12/15,82.00,84.25,81.50,82.00,10312458,851110272.00
2021/12/16,82.01,85.13,80.91,83.48,10667268,885870528.00
2021/12/17,83.94,85.10,79.00,80.50,12943314,1048543168.00
2021/12/20,79.33,80.95,72.70,72.88,27464949,2060844288.00
2021/12/21,73.50,78.00,71.88,76.70,19605034,1473842944.00
2021/12/22,76.81,77.88,74.77,75.15,9968638,756909312.00
2021/12/23,75.39,79.98,74.70,78.85,12525452,978329984.00
2021/12/24,78.60,79.59,74.00,74.92,11496613,873020864.00
2021/12/27,74.20,76.98,71.03,73.88,13022135,958081152.00
2021/12/28,73.50,77.78,72.38,77.77,16669760,1261173504.00
2021/12/29,77.77,78.80,74.21,76.65,11531984,880818880.00
2021/12/30,76.08,78.25,74.74,75.48,12628881,964372608.00
2021/12/31,79.00,81.52,77.98,78.90,17798053,1422437120.00
2022/01/04,77.87,78.20,70.72,72.18,23075129,1673269120.00
2022/01/05,72.81,72.99,65.00,66.83,23552209,1591912832.00
2022/01/06,66.06,70.00,63.30,69.30,24757827,1662989056.00
2022/01/07,68.44,69.77,65.55,67.20,15327323,1033773184.00
2022/01/10,66.66,67.51,62.76,64.61,20430820,1315321344.00
2022/01/11,63.73,65.29,61.75,62.79,12946600,816393344.00
2022/01/12,64.20,65.50,62.98,65.08,13029229,838994496.00
2022/01/13,65.26,66.90,62.50,64.70,11291203,733482880.00
2022/01/14,64.53,68.84,64.18,68.22,16793690,1134898944.00
2022/01/17,67.80,71.35,66.98,67.37,14061472,971325504.00
2022/01/18,67.33,68.71,66.66,67.26,7894779,533794272.00
2022/01/19,68.25,68.59,65.80,67.25,14303819,964677696.00
2022/01/20,66.79,67.93,64.73,65.79,9540073,630269376.00
2022/01/21,66.10,69.50,65.10,67.07,12473089,844074432.00
2022/01/24,66.74,72.06,66.70,70.43,16884198,1182623360.00
2022/01/25,69.92,72.62,68.80,69.17,12113216,854066240.00
2022/01/26,71.00,72.84,69.39,72.45,16012278,1137337344.00
2022/01/27,71.59,72.81,68.33,68.50,13002486,913342208.00
2022/01/28,69.20,70.20,64.80,66.57,12592543,849969088.00
2022/02/07,67.83,70.11,66.23,67.25,8846616,605773120.00
2022/02/08,67.40,67.41,58.93,60.03,20805188,1281039104.00
2022/02/09,60.01,61.79,58.88,60.49,12591984,756580160.00
2022/02/10,60.90,62.00,56.00,57.17,25282416,1459281536.00
2022/02/11,56.26,57.08,54.87,56.50,19143202,1072621056.00
2022/02/14,56.02,58.00,54.69,57.78,13323499,758055936.00
2022/02/15,57.84,60.57,56.55,59.24,16821225,984953088.00
2022/02/16,59.05,61.11,58.53,59.40,12653974,759320832.00
2022/02/17,59.00,62.62,58.60,61.75,13436949,825011840.00
2022/02/18,60.95,62.50,59.93,60.41,8708075,530827072.00
2022/02/21,60.02,60.50,57.65,58.88,13577657,798136896.00
2022/02/22,58.23,64.55,58.10,63.40,20614439,1283895296.00
2022/02/23,63.00,66.50,62.93,65.50,23518050,1542717184.00
2022/02/24,65.40,70.05,64.80,67.85,23274737,1583477376.00
2022/02/25,69.94,74.50,69.94,72.02,22168897,1608026240.00
2022/02/28,73.39,77.29,72.39,77.29,27713548,2087890048.00
2022/03/01,79.80,82.10,74.14,75.38,24281262,1856714240.00
2022/03/02,75.38,78.50,72.56,77.50,22778924,1722963968.00
2022/03/03,77.44,77.59,75.50,76.20,12529423,957151872.00
2022/03/04,75.08,78.28,74.01,74.90,17534842,1329572352.00
2022/03/07,73.82,74.91,71.98,73.19,18503145,1357378432.00
2022/03/08,73.70,76.58,72.65,73.19,24843755,1852038144.00
2022/03/09,75.34,76.10,68.85,72.50,26842285,1937678848.00
2022/03/10,75.00,76.84,73.35,73.62,25766817,1939585280.00
2022/03/11,71.30,73.50,69.12,71.00,24993735,1767840000.00
2022/03/14,70.01,72.68,68.38,70.60,13133630,929452608.00
2022/03/15,69.80,74.40,69.07,71.10,19543761,1405263232.00
2022/03/16,73.13,74.33,69.51,72.54,28422899,2048480384.00
2022/03/17,73.00,73.00,65.10,68.12,42938735,2935719936.00
2022/03/18,66.97,68.69,65.69,68.69,21370187,1442807552.00
2022/03/21,67.02,70.20,67.00,68.05,20976231,1443379456.00
2022/03/22,65.80,68.50,64.30,66.00,34079345,2247603200.00
2022/03/23,67.00,68.16,65.50,65.99,21311431,1423504640.00
2022/03/24,65.41,66.16,63.40,65.05,17564231,1132102272.00
2022/03/25,64.94,66.38,61.01,61.01,22916643,1436265600.00
2022/03/28,61.01,62.46,60.00,60.60,20038120,1224401920.00
2022/03/29,62.66,62.80,60.02,60.99,17341887,1066128832.00
2022/03/30,61.87,62.20,60.29,61.60,19826016,1211917440.00
2022/03/31,61.15,61.40,57.80,58.90,23455504,1385848576.00
2022/04/01,58.30,61.37,58.13,59.90,18632913,1113602944.00
2022/04/06,58.99,59.54,55.55,55.91,20827559,1181212416.00
2022/04/07,53.12,53.43,50.11,52.30,42921726,2220477440.00
2022/04/08,52.10,53.18,51.20,51.44,21021232,1096084480.00
2022/04/11,51.17,51.30,48.91,50.00,22534344,1123336064.00
2022/04/12,50.45,50.90,48.06,49.90,24726264,1223735424.00
2022/04/13,49.34,50.40,48.40,48.74,16123019,795224256.00
2022/04/14,49.01,50.15,46.40,48.37,23946099,1143945344.00
2022/04/15,47.69,48.41,46.16,48.20,17936839,849632768.00
2022/04/18,47.61,53.90,47.18,53.90,28603229,1470897280.00
2022/04/19,54.00,55.54,52.88,53.03,25701317,1387273088.00
2022/04/20,51.38,53.01,50.60,51.39,16690414,863728704.00
2022/04/21,50.04,52.47,47.93,48.38,16588697,822439296.00
2022/04/22,48.00,49.29,45.96,46.40,16687693,787645504.00
2022/04/25,44.60,46.67,43.43,43.79,20822491,937759232.00
2022/04/26,44.36,46.00,43.28,44.00,17545681,781450368.00
2022/04/27,43.37,48.18,42.82,47.51,31061290,1425376128.00
2022/04/28,46.55,50.54,44.90,48.60,26281533,1264823936.00
2022/04/29,49.09,52.00,47.35,50.80,24621422,1221817600.00
2022/05/05,51.49,53.66,50.71,52.08,22719242,1188661248.00
2022/05/06,50.30,52.00,49.81,50.68,15604820,789504640.00
2022/05/09,50.67,53.50,50.35,52.99,17274634,908699328.00
2022/05/10,52.00,58.20,51.76,54.30,25133693,1387697408.00
2022/05/11,54.59,58.20,54.59,55.89,21042455,1191299584.00
2022/05/12,55.50,55.88,53.99,55.62,12745754,702906880.00
2022/05/13,56.04,56.45,54.16,55.86,11600697,640898688.00
2022/05/16,55.24,56.39,53.03,53.15,16115180,869749184.00
2022/05/17,52.68,56.78,52.62,56.65,15044002,832767424.00
2022/05/18,57.40,60.98,55.88,60.65,24477163,1447686528.00
2022/05/19,59.75,64.80,59.75,63.58,27047454,1692385024.00
2022/05/20,63.51,64.40,61.81,63.20,15693792,987597376.00
2022/05/23,62.40,64.60,60.89,63.58,15174475,947796608.00
2022/05/24,62.90,64.40,62.00,62.50,12603461,791824256.00
2022/05/25,62.42,65.57,61.60,65.24,17894343,1144081152.00
2022/05/26,64.82,66.76,62.59,63.90,15241908,984828480.00
2022/05/27,64.21,64.88,62.22,63.03,11158752,705787072.00
2022/05/30,62.90,63.46,61.50,62.00,13449086,835518208.00
2022/05/31,63.38,64.20,61.06,64.20,18398194,1160222848.00
2022/06/01,63.00,63.30,60.45,60.73,19634440,1208105728.00
2022/06/02,60.00,61.97,59.21,61.93,24073836,1462471296.00
2022/06/06,61.41,67.57,60.28,65.85,32882016,2126174720.00
2022/06/07,68.50,70.15,65.04,65.25,31687728,2124160640.00
2022/06/08,64.50,65.60,62.46,63.49,24017704,1534016256.00
2022/06/09,62.89,64.23,61.60,62.79,18783657,1178763008.00
2022/06/10,62.16,63.24,59.48,62.70,38785286,2399094784.00
2022/06/13,61.71,62.00,59.02,60.20,29640638,1785635072.00
2022/06/14,58.88,59.32,52.76,57.24,46450061,2582716928.00
2022/06/15,56.47,57.97,54.80,55.25,24828337,1392710400.00
2022/06/16,55.69,59.98,55.30,59.56,28473988,1665996416.00
2022/06/17,58.92,61.60,58.67,60.12,22984144,1379849216.00
2022/06/20,62.00,65.20,60.14,63.52,36991696,2328316160.00
2022/06/21,63.79,68.00,62.30,64.34,34740681,2244372224.00
2022/06/22,64.18,67.98,63.85,65.29,25586238,1685522944.00
2022/06/23,65.10,66.42,63.67,65.05,20065494,1300960000.00
2022/06/24,64.57,68.37,64.51,67.92,22447950,1512863104.00
2022/06/27,69.90,70.45,66.93,67.49,22841906,1564130048.00
2022/06/28,67.58,69.03,66.02,68.90,22137828,1503746048.00
2022/06/29,68.53,69.33,64.71,66.55,23121477,1548452352.00
2022/06/30,66.00,66.50,64.00,65.25,31435511,2051564032.00
2022/07/01,63.99,63.99,58.88,59.70,50280904,3043842048.00
2022/07/04,60.96,61.24,59.30,60.34,30409910,1833594880.00
2022/07/05,60.06,61.20,59.00,61.04,18483593,1111438336.00
2022/07/06,61.04,65.50,60.60,64.30,28895133,1846485248.00
2022/07/07,64.39,70.50,64.16,69.73,52238310,3541993216.00
2022/07/08,70.00,70.14,66.66,67.90,24037872,1629049984.00
2022/07/11,66.50,68.32,65.37,66.65,19802849,1318934912.00
2022/07/12,66.90,68.08,65.01,66.13,16048111,1070342720.00
2022/07/13,66.00,71.11,65.95,69.70,37119367,2573080576.00
2022/07/14,70.00,77.44,68.81,75.09,42899376,3151467008.00
2022/07/15,74.00,75.38,73.24,74.00,24575881,1828780160.00
2022/07/18,74.50,75.62,71.46,75.29,27370520,2027582976.00
2022/07/19,74.90,74.99,69.96,69.96,27499440,1968790400.00
2022/07/20,70.17,72.96,70.17,71.55,16474714,1184340096.00
2022/07/21,71.00,72.36,69.39,70.01,21849261,1544520448.00
2022/07/22,70.56,74.25,70.10,73.35,20787731,1509958656.00
2022/07/25,73.00,74.00,70.66,71.49,16204975,1167459456.00
2022/07/26,71.21,77.80,71.21,76.36,18673254,1409868800.00
2022/07/27,76.44,81.64,76.36,80.40,31439706,2494111744.00
2022/07/28,80.50,85.02,78.39,83.99,31461355,2580012800.00
2022/07/29,84.50,85.03,80.08,82.99,24857407,2050863616.00
2022/08/01,80.00,82.58,79.20,81.80,16729243,1350564224.00
2022/08/02,79.80,85.10,79.37,83.84,19106627,1587394048.00
2022/08/03,84.77,85.59,77.70,78.68,24006737,1949375104.00
2022/08/04,79.90,81.37,77.60,80.37,19072284,1527763584.00
2022/08/05,80.67,80.98,77.68,78.86,17773179,1400241664.00
2022/08/08,78.79,79.88,76.32,79.00,17265514,1358962432.00
2022/08/09,79.20,85.56,78.50,82.82,23427841,1958951296.00
2022/08/10,82.72,84.80,81.58,83.41,15349643,1278967040.00
2022/08/11,83.15,84.08,79.94,83.40,14254551,1171856000.00
2022/08/12,83.00,84.99,82.01,83.08,9483242,793013440.00
2022/08/15,83.50,87.88,82.31,84.48,16626956,1425664256.00
2022/08/16,84.12,88.33,83.48,86.88,16228930,1406873984.00
2022/08/17,86.30,88.29,82.35,82.84,15967379,1352239872.00
2022/08/18,83.00,86.43,82.80,85.00,11901633,1009310400.00
2022/08/19,84.10,84.10,71.00,72.19,70893552,5305292800.00
2022/08/22,69.50,72.38,68.60,71.34,46983446,3327537152.00
2022/08/23,72.00,74.82,71.61,72.90,23851159,1748097536.00
2022/08/24,73.00,74.47,70.80,71.00,18920852,1360998528.00
2022/08/25,71.54,72.75,68.00,69.85,23673632,1643567744.00
2022/08/26,71.00,72.83,70.20,70.55,20042179,1430198144.00
2022/08/29,69.43,75.63,69.07,73.60,25587727,1885935232.00
2022/08/30,74.50,76.88,73.27,73.44,17213620,1290831744.00
2022/08/31,73.50,75.00,70.60,71.49,18719846,1352501760.00
2022/09/01,71.18,74.52,70.52,73.12,15136100,1100824960.00
2022/09/02,73.20,74.00,70.00,72.80,14860061,1077190272.00
2022/09/05,72.80,74.40,70.80,71.25,15470751,1121972224.00
2022/09/06,71.80,75.90,70.01,74.80,20111687,1479958400.00
2022/09/07,73.95,78.42,73.89,75.04,16800308,1285817728.00
2022/09/08,76.07,76.39,74.13,74.97,10928326,822812736.00
2022/09/09,74.39,74.97,70.37,72.50,16399156,1183912576.00
2022/09/13,71.99,72.84,70.12,71.85,13092389,933949376.00
2022/09/14,71.18,73.80,71.00,71.56,10877720,782467328.00
2022/09/15,72.00,72.11,65.48,66.91,29899884,2003584000.00
2022/09/16,66.88,69.68,66.32,66.32,16536937,1124873344.00
2022/09/19,66.28,67.00,62.90,63.99,18782903,1206586880.00
2022/09/20,64.93,68.66,64.93,66.38,16209171,1085927168.00
2022/09/21,66.00,68.42,65.56,66.23,11555773,770744576.00
2022/09/22,66.00,68.15,65.16,66.94,10629319,712555776.00
2022/09/23,66.20,69.97,66.20,67.30,14445126,976742144.00
2022/09/26,67.16,69.70,66.16,67.83,15579731,1064892288.00
2022/09/27,68.25,68.96,66.29,68.49,14713182,996578304.00
2022/09/28,67.99,69.66,66.33,66.77,9758833,657415808.00
2022/09/29,67.10,67.78,64.50,67.55,9995636,665172608.00
2022/09/30,66.62,67.80,64.00,64.11,12463927,810180864.00
2022/10/10,63.82,64.98,61.40,62.72,13059729,820696960.00
2022/10/11,62.81,64.81,62.81,63.72,9650208,615985024.00
2022/10/12,63.47,67.10,62.18,66.80,16241614,1050899840.00
2022/10/13,66.02,67.26,62.85,63.02,22479691,1453295488.00
2022/10/14,64.80,73.30,63.12,70.01,36298155,2456582144.00
2022/10/17,68.48,68.66,64.48,68.59,26837458,1789432448.00
2022/10/18,67.97,68.98,66.70,67.57,15621025,1059862016.00
2022/10/19,67.47,68.90,65.51,65.51,14529611,969959232.00
2022/10/20,65.03,65.71,61.60,63.21,22053014,1388573440.00
2022/10/21,63.18,64.37,61.97,62.16,14732182,930823744.00
2022/10/24,62.12,63.45,61.37,62.60,16067016,1003159424.00
2022/10/25,62.80,66.48,61.69,64.82,20541222,1331534336.00
2022/10/26,65.39,67.61,63.51,67.27,22341472,1475289472.00
2022/10/27,69.30,72.12,68.88,68.89,31788204,2245385472.00
2022/10/28,68.28,71.17,68.27,68.49,20427750,1420860416.00
2022/10/31,68.98,70.97,66.07,66.43,20051319,1359184512.00
2022/11/01,67.10,70.67,66.92,70.26,20497554,1420689792.00
2022/11/02,68.40,71.89,67.82,70.70,21731562,1518728960.00
2022/11/03,70.41,74.50,69.90,70.21,18617721,1339672064.00
2022/11/04,70.61,76.38,70.51,75.83,23647487,1758976640.00
2022/11/07,76.00,76.85,74.01,74.70,16414082,1237014784.00
2022/11/08,75.06,75.76,72.62,73.70,15829760,1165357184.00
2022/11/09,73.70,73.70,70.60,71.21,14969344,1069872576.00
2022/11/10,71.00,72.15,69.47,70.98,11449069,815196352.00
2022/11/11,73.00,74.84,70.70,71.72,14091692,1023549632.00
2022/11/14,71.50,72.00,66.01,67.37,20212944,1369119872.00
2022/11/15,67.35,68.75,65.58,66.31,20813271,1382882432.00
2022/11/16,66.10,67.42,65.25,66.18,13970256,924483712.00
2022/11/17,65.72,66.15,62.88,64.00,14370937,919897536.00
2022/11/18,64.20,64.89,62.25,64.30,15974160,1020672768.00
2022/11/21,63.65,66.23,63.01,65.41,13373144,867458816.00
2022/11/22,65.15,65.36,63.39,63.94,9369079,600149504.00
2022/11/23,63.20,67.12,63.11,66.27,15628120,1025236224.00
2022/11/24,66.74,68.18,66.21,66.72,11206440,751772224.00
2022/11/25,65.90,66.01,62.60,64.99,12126920,779133184.00
2022/11/28,63.50,65.88,63.05,64.90,9561815,618700672.00
2022/11/29,64.80,65.30,63.70,64.53,9276250,597530944.00
2022/11/30,64.60,67.06,64.50,64.50,14179154,927863360.00
2022/12/01,65.23,67.20,64.67,65.95,15018995,991773120.00
2022/12/02,65.90,69.70,65.62,67.31,19624817,1334097792.00
2022/12/05,66.00,66.09,62.63,64.67,17636094,1132544896.00
2022/12/06,64.81,65.09,56.05,57.53,55752240,3289011200.00
2022/12/07,56.20,58.98,56.20,57.55,28579867,1649122304.00
2022/12/08,57.55,60.15,57.34,58.80,17881805,1056846848.00
2022/12/09,58.88,59.70,56.48,58.25,28744635,1656100736.00
2022/12/12,57.23,57.44,55.60,57.24,17217208,974670144.00
2022/12/13,56.67,57.82,55.71,55.77,12865480,725636928.00
2022/12/14,56.07,56.12,54.20,54.66,11958020,656313472.00
2022/12/15,54.96,56.08,54.40,55.65,9771269,540348160.00
2022/12/16,55.40,56.27,54.41,54.95,8912658,491589440.00
2022/12/19,54.72,55.58,54.30,55.01,11108837,612065024.00
2022/12/20,55.33,55.99,53.88,54.93,11714602,643456320.00
2022/12/21,54.82,55.29,53.19,53.65,11152263,602875456.00
2022/12/22,53.82,56.85,53.82,55.41,19136216,1059917824.00
2022/12/23,54.79,55.19,52.88,53.89,10072858,539550144.00
2022/12/26,54.18,59.50,53.89,59.36,19459416,1124554368.00
2022/12/27,59.11,60.93,58.19,60.31,17082980,1018348928.00
2022/12/28,60.44,63.55,59.91,62.72,18339822,1140593536.00
2022/12/29,61.98,63.86,61.80,63.20,12851414,812040512.00
2022/12/30,63.31,64.56,62.31,63.76,10914436,695759936.00
2023/01/03,63.62,68.55,63.26,66.40,16599632,1094304512.00
2023/01/04,66.69,66.69,63.81,64.82,13139184,850165888.00
2023/01/05,64.60,66.62,64.56,65.66,13565773,895273728.00
2023/01/06,67.96,72.87,67.76,70.48,25181526,1791603840.00
2023/01/09,70.96,73.88,69.48,71.68,18947433,1369721472.00
2023/01/10,72.27,73.35,71.08,71.41,13428808,967973376.00
2023/01/11,71.55,72.00,69.92,70.01,12276506,867641792.00
2023/01/12,71.00,72.20,69.80,70.54,9751649,691892928.00
2023/01/13,70.60,71.88,69.76,70.80,10188785,720211200.00
2023/01/16,70.76,72.08,69.18,69.50,16397314,1156216448.00
2023/01/17,70.19,71.39,70.02,70.64,8008262,567180416.00
2023/01/18,70.80,71.28,69.81,70.45,7271747,512664832.00
2023/01/19,70.20,71.50,69.52,71.25,9410285,665569216.00
2023/01/20,71.39,72.67,70.53,71.00,10940954,780103296.00
2023/01/30,72.68,72.82,68.98,70.83,12461880,888210624.00
2023/01/31,70.83,72.01,70.01,71.37,9225563,659394496.00
2023/02/01,71.06,71.06,68.27,69.36,15065047,1041193472.00
2023/02/02,69.35,69.68,67.22,67.67,16450421,1117835008.00
2023/02/03,67.70,67.70,65.60,66.36,8982347,595126016.00
2023/02/06,66.67,66.80,65.03,65.89,11407517,750219072.00
2023/02/07,65.93,66.72,65.00,65.67,8321188,547316544.00
2023/02/08,65.80,65.80,64.42,64.76,10220919,662851968.00
2023/02/09,65.22,67.17,64.25,66.39,20113251,1332283776.00
2023/02/10,66.43,66.58,65.05,65.88,14835796,973982144.00
2023/02/13,64.99,66.05,64.02,64.26,19465241,1260041856.00
2023/02/14,64.79,65.52,64.06,64.87,13996959,904748608.00
2023/02/15,64.89,65.60,64.05,64.19,10634489,687848384.00
2023/02/16,64.28,65.97,63.25,63.84,10989642,710965696.00
2023/02/17,63.70,64.43,62.39,62.40,10253802,649628608.00
2023/02/20,62.22,63.34,61.38,62.42,15485394,962066688.00
2023/02/21,62.50,64.51,62.11,63.25,13891015,876834176.00
2023/02/22,63.24,64.05,61.51,61.71,11097876,693647360.00
2023/02/23,61.51,64.20,60.52,63.13,19290676,1203087360.00
2023/02/24,63.43,63.48,60.45,60.76,14385695,881877760.00
2023/02/27,60.84,63.28,60.55,61.67,14335136,889568064.00
2023/02/28,61.40,61.95,59.95,61.70,15369491,936212736.00
2023/03/01,61.80,61.88,60.22,60.61,11211067,681490752.00
2023/03/02,60.61,60.88,58.97,59.08,12169267,725142272.00
2023/03/03,59.35,60.05,58.71,59.33,7305648,434139392.00
2023/03/06,59.30,61.00,57.73,59.70,16696277,990180800.00
2023/03/07,59.28,60.18,58.39,58.50,16016784,942828544.00
2023/03/08,58.58,59.83,57.80,58.16,15045979,879619264.00
2023/03/09,58.60,58.85,57.04,57.05,11663902,671401024.00
2023/03/10,57.05,57.34,56.13,56.65,10967567,622808128.00
2023/03/13,58.90,59.00,56.10,56.62,17585453,1007480256.00
2023/03/14,56.57,57.26,54.20,56.82,18549927,1034821696.00
2023/03/15,57.15,57.90,56.38,56.96,12876644,733410944.00
2023/03/16,56.45,56.88,53.40,53.99,26448707,1443948544.00
2023/03/17,54.10,54.60,52.96,53.21,16810770,904377664.00
2023/03/20,53.00,55.00,51.88,53.79,17447248,933966336.00
2023/03/21,53.56,54.48,52.28,53.79,18135296,963708928.00
2023/03/22,53.75,55.22,53.20,53.42,14959339,810074304.00
2023/03/23,53.21,53.70,51.81,51.98,18323341,959772096.00
2023/03/24,52.00,53.12,51.51,51.91,15124677,789125824.00
2023/03/27,51.92,53.56,51.66,52.85,17005189,896339200.00
2023/03/28,52.72,52.84,51.18,51.24,14201973,734755136.00
2023/03/29,51.75,52.49,50.65,51.08,14955330,768914432.00
2023/03/30,51.00,51.73,50.18,51.28,14037207,716310784.00
2023/03/31,51.30,53.35,51.30,52.09,19899338,1041622144.00
2023/04/03,51.88,55.10,51.50,53.54,26175358,1401007616.00
2023/04/04,53.96,53.96,50.71,51.63,23467011,1216354560.00
2023/04/06,51.52,51.90,50.22,51.23,19817956,1008927168.00
2023/04/07,51.23,52.20,50.52,50.61,16022161,819285568.00
2023/04/10,50.90,51.29,49.56,50.40,20092558,1011445888.00
2023/04/11,50.40,51.15,49.80,50.60,18279253,923792384.00
2023/04/12,50.39,50.79,48.60,48.69,24262539,1194448512.00
2023/04/13,48.99,50.10,48.60,49.12,18026262,890823552.00
2023/04/14,49.09,49.93,48.63,48.90,17592022,864896512.00
2023/04/17,49.05,50.98,48.98,50.30,22125158,1112670720.00
2023/04/18,50.13,51.80,50.02,50.78,21321859,1086046592.00
2023/04/19,50.77,50.90,49.60,49.97,12856952,643195520.00
2023/04/20,50.00,50.01,48.17,48.29,17664557,858961344.00
2023/04/21,48.40,49.11,47.46,47.54,24219335,1164110464.00
2023/04/24,46.50,48.00,46.11,46.60,18832185,879985280.00
2023/04/25,46.98,47.88,45.06,45.41,18658221,858694528.00
2023/04/26,45.41,49.38,44.81,48.50,29922559,1435719680.00
2023/04/27,48.96,49.69,47.80,49.11,27870103,1360023040.00
2023/04/28,49.11,49.50,47.60,49.20,20538665,999446400.00
2023/05/04,48.30,50.18,47.88,48.46,22969834,1122683776.00
2023/05/05,48.41,48.41,46.20,47.50,22361830,1053832896.00
2023/05/08,47.60,48.16,45.69,45.85,24424706,1129011072.00
2023/05/09,45.91,46.45,45.50,45.86,19194791,883333632.00
2023/05/10,45.89,46.47,44.83,45.91,18131268,824401280.00
2023/05/11,45.80,46.55,45.20,45.77,12736927,583441152.00
2023/05/12,45.74,45.96,44.28,44.29,13426226,602162752.00
2023/05/15,44.23,46.90,44.16,46.58,22897956,1057973248.00
2023/05/16,46.53,49.10,46.50,48.99,24666880,1191766272.00
2023/05/17,50.00,50.92,48.13,49.25,18980460,935958784.00
2023/05/18,49.04,49.12,47.21,47.35,15797968,754819968.00
2023/05/19,47.62,47.65,45.94,46.05,15670878,727695552.00
2023/05/22,46.16,47.28,45.68,46.64,12954228,604020416.00
2023/05/23,46.41,47.64,45.98,46.50,13361526,624421504.00
2023/05/24,46.35,49.99,46.30,48.85,34046815,1661876992.00
2023/05/25,48.52,51.35,47.99,50.41,33128930,1670886016.00
2023/05/26,50.41,50.41,47.55,48.17,19488485,941738624.00
2023/05/29,46.00,46.00,40.02,40.30,54455244,2244298240.00
2023/05/30,40.38,41.26,39.45,39.71,30991881,1241060352.00
2023/05/31,39.75,40.41,38.57,39.30,21461313,848272960.00
2023/06/01,39.53,40.06,39.00,39.00,18121166,713654144.00
2023/06/02,38.90,39.75,38.76,38.81,17150237,672231552.00
2023/06/05,38.61,38.77,36.94,36.97,29737709,1108109184.00
2023/06/06,37.26,37.30,36.08,36.24,25173254,918616576.00
2023/06/07,36.36,36.85,35.57,35.98,20646682,741344512.00
2023/06/08,35.86,36.73,35.41,35.60,22236564,801275200.00
2023/06/09,35.60,37.75,35.32,37.75,36702092,1345362304.00
2023/06/12,37.03,39.15,36.71,38.77,26161799,999613120.00
2023/06/13,38.44,40.14,38.33,39.80,23633141,936080576.00
2023/06/14,39.95,40.06,39.19,39.65,16189877,641354240.00
2023/06/15,39.50,42.57,39.40,42.11,26382726,1097239040.00
2023/06/16,42.80,43.00,41.57,42.63,21391491,908992448.00
2023/06/19,42.72,42.98,41.83,42.77,14265494,605070208.00
2023/06/20,42.22,43.20,41.39,42.88,16580395,704203200.00
2023/06/21,42.71,43.51,42.15,42.25,11280301,482525408.00
2023/06/26,42.45,44.40,42.25,43.18,18157900,784507136.00
2023/06/27,42.80,43.50,41.70,42.00,16929433,716182400.00
2023/06/28,42.33,43.78,42.04,42.86,15964311,685449088.00
2023/06/29,42.61,44.00,41.85,42.03,13658621,582942272.00
2023/06/30,42.10,43.06,41.61,42.61,14723219,626437696.00
2023/07/03,42.00,42.00,38.61,38.95,47157128,1866035712.00
2023/07/04,39.26,39.85,38.56,39.07,24586342,967902272.00
2023/07/05,38.94,39.23,38.01,38.29,14089721,541301760.00
2023/07/06,38.39,38.68,37.53,38.26,11959828,455328032.00
2023/07/07,38.26,38.83,37.51,37.79,13087597,497984480.00
2023/07/10,38.00,39.95,37.82,38.80,17727959,692471552.00
2023/07/11,38.79,39.15,37.82,38.38,9779847,373510976.00
2023/07/12,38.32,39.39,37.30,38.59,14405802,552946816.00
2023/07/13,38.42,39.42,38.22,38.55,10238837,394743232.00
2023/07/14,38.51,38.52,37.06,37.32,19198202,719313664.00
2023/07/17,37.32,37.50,36.56,36.74,13022982,480750720.00
2023/07/18,36.99,37.01,36.25,36.75,11416920,418003232.00
2023/07/19,36.61,36.69,35.89,36.19,9341590,337933312.00
2023/07/20,36.49,36.86,36.00,36.06,8939233,325039712.00
2023/07/21,36.00,36.20,35.60,35.80,8406050,301344800.00
2023/07/24,35.89,36.36,35.22,35.34,8753005,311075616.00
2023/07/25,35.87,36.45,35.77,36.39,11710558,423724032.00
2023/07/26,36.99,37.98,36.50,36.61,21420673,796249792.00
2023/07/27,36.40,37.29,36.36,36.39,12430887,456467840.00
2023/07/28,36.41,38.30,35.98,37.93,19240574,721297280.00
2023/07/31,37.93,38.36,37.35,37.63,19888737,751251840.00
2023/08/01,37.63,38.13,36.95,37.17,12605634,470716640.00
2023/08/02,37.03,37.27,36.65,37.01,8527575,314835008.00
2023/08/03,37.00,37.77,36.91,37.26,15386376,574777216.00
2023/08/04,37.42,37.97,36.75,37.65,14904417,557273728.00
2023/08/07,37.53,37.65,36.76,37.43,11661669,432482144.00
2023/08/08,37.50,37.65,36.56,36.65,9527167,351736896.00
2023/08/09,36.50,37.33,36.50,36.92,8130071,300587520.00
2023/08/10,36.91,37.70,36.91,37.38,8088383,302640064.00
2023/08/11,37.50,37.50,36.36,36.41,10302243,380203072.00
2023/08/14,35.80,36.29,35.70,36.02,7866098,283046816.00
2023/08/15,36.10,36.10,34.59,34.92,13350632,467190816.00
2023/08/16,34.73,35.63,34.40,34.57,10763921,376789472.00
2023/08/17,34.40,35.45,34.25,35.20,7440913,259917696.00
2023/08/18,35.75,35.93,34.86,34.88,8856890,312963552.00
2023/08/21,35.00,35.25,33.90,33.90,9548867,327174496.00
2023/08/22,34.02,34.19,33.09,33.94,10350033,348184800.00
2023/08/23,33.87,33.90,32.99,33.00,8386769,278954080.00
2023/08/24,33.14,34.42,33.14,34.19,16766428,570678336.00
2023/08/25,34.04,34.54,33.75,34.22,10238093,350066528.00
2023/08/28,36.87,37.18,34.80,35.00,24399092,879176576.00
2023/08/29,34.86,36.03,34.83,35.61,16639544,591266112.00
2023/08/30,36.12,37.16,35.27,35.35,21910481,791066816.00
2023/08/31,35.37,35.39,33.49,33.98,16033824,546567744.00
2023/09/01,34.10,34.24,33.41,33.61,10507734,354485248.00
2023/09/04,33.72,33.85,33.10,33.39,16663515,555073600.00
2023/09/05,33.31,33.99,32.56,33.55,24714978,822185856.00
2023/09/06,33.09,33.19,32.00,32.16,20161953,651699904.00
2023/09/07,32.08,32.19,30.43,30.53,22825891,710435968.00
2023/09/08,30.47,30.90,30.39,30.52,12324695,377351264.00
2023/09/11,30.69,31.09,30.32,30.81,14375577,442475136.00
2023/09/12,30.79,31.29,30.51,31.03,11887735,368036352.00
2023/09/13,30.83,31.08,30.25,30.46,9479548,289494304.00
2023/09/14,30.60,30.65,29.91,29.99,9951433,299987424.00
2023/09/15,30.14,30.46,29.92,30.03,10285775,309739136.00
2023/09/18,29.92,30.66,29.70,30.36,10223566,309701056.00
2023/09/19,30.30,30.35,29.62,29.67,9649257,287990944.00
2023/09/20,29.58,29.78,29.39,29.44,6605780,195107296.00
2023/09/21,29.34,29.64,29.11,29.13,6998564,205107168.00
2023/09/22,29.01,30.37,29.00,30.27,15899842,473915744.00
2023/09/25,30.03,30.21,29.36,29.70,11431688,339102368.00
2023/09/26,29.74,30.03,29.40,29.44,8926642,264394976.00
2023/09/27,29.41,30.98,29.40,30.33,21028639,637241664.00
2023/09/28,30.31,30.83,30.30,30.57,11467492,350072416.00
2023/10/09,30.76,30.97,30.09,30.66,14090607,431750144.00
2023/10/10,30.60,30.78,29.69,29.78,14122905,425264000.00
2023/10/11,30.04,30.49,29.81,30.00,14724029,443536096.00
2023/10/12,30.25,30.50,29.70,30.29,15079075,453845696.00
2023/10/13,29.95,29.95,29.24,29.53,11268481,332246976.00
2023/10/16,29.10,29.26,28.59,29.02,13083575,378742592.00
2023/10/17,29.05,29.15,28.49,28.68,10987995,315722624.00
2023/10/18,28.55,28.66,28.12,28.48,9672071,274387968.00
2023/10/19,28.48,29.44,28.16,28.93,22784462,657017792.00
2023/10/20,28.60,29.34,28.51,28.85,18150420,525499104.00
2023/10/23,28.59,29.04,28.12,28.36,15194829,432541536.00
2023/10/24,28.40,28.91,28.16,28.51,14335655,408661504.00
2023/10/25,28.66,29.28,28.38,28.43,22916318,661039232.00
2023/10/26,28.24,28.24,27.37,27.98,17857974,494473376.00
2023/10/27,27.75,30.10,27.75,29.94,30815536,902024128.00
2023/10/30,29.85,30.61,29.23,30.35,26544499,791457472.00
2023/10/31,30.10,30.22,29.58,29.87,14679631,437599936.00
2023/11/01,29.93,29.97,28.91,28.94,16319655,477840512.00
2023/11/02,28.90,29.38,28.28,28.30,10848327,311336192.00
2023/11/03,28.38,29.50,28.38,29.06,20530629,597607424.00
2023/11/06,29.23,30.36,29.13,30.07,18448243,553295488.00
2023/11/07,29.88,30.25,29.55,30.17,13330397,399840448.00
2023/11/08,30.03,31.10,30.00,30.77,24466938,750932736.00
2023/11/09,30.84,31.95,30.65,31.62,30544603,961486592.00
2023/11/10,31.22,31.43,30.84,31.02,15653840,486432800.00
2023/11/13,31.39,31.60,30.73,31.22,11720730,364799328.00
2023/11/14,31.29,31.87,30.93,31.21,12794037,400799712.00
2023/11/15,31.80,32.02,31.47,31.57,18713261,593818240.00
2023/11/16,31.43,31.44,30.40,30.40,14225614,436440992.00
2023/11/17,30.40,30.64,30.05,30.45,9382879,284552480.00
2023/11/20,30.52,30.80,30.16,30.58,8746688,266371472.00
2023/11/21,30.57,30.84,30.20,30.27,7083030,216418512.00
2023/11/22,30.06,30.30,29.51,29.51,7246349,216101344.00
2023/11/23,29.55,29.76,29.40,29.59,5839866,172801488.00
2023/11/24,29.64,29.64,28.93,28.93,6614309,192663808.00
2023/11/27,28.81,28.82,27.69,27.83,15831731,443169760.00
2023/11/28,27.83,27.88,27.12,27.85,16724649,459398144.00
2023/11/29,27.76,28.01,27.21,27.38,14165510,390931552.00
2023/11/30,27.31,27.50,26.64,26.96,12737333,343335872.00
2023/12/01,26.92,26.97,26.50,26.77,11864876,317228064.00
2023/12/04,26.64,26.89,26.26,26.30,10215056,270733440.00
2023/12/05,26.17,26.64,25.88,25.88,10757790,282755904.00
2023/12/06,25.73,26.61,25.52,26.15,14352209,376506624.00
2023/12/07,26.03,26.39,25.65,26.23,12908549,335710176.00
2023/12/08,26.38,26.48,25.77,26.48,20286038,531157088.00
2023/12/11,26.22,26.42,25.63,26.30,14960031,388193856.00
2023/12/12,26.28,26.47,25.81,25.93,12029446,313805312.00
2023/12/13,25.80,25.85,25.31,25.43,12765247,325430208.00
2023/12/14,25.55,25.91,25.27,25.28,7532729,192537408.00
2023/12/15,25.55,26.05,25.25,25.37,14301786,366463360.00
2023/12/18,25.26,25.40,24.67,24.76,10809627,269245696.00
2023/12/19,24.71,25.55,24.65,25.18,11649428,293099200.00
2023/12/20,25.24,25.30,24.88,25.03,8190105,205275600.00
2023/12/21,25.00,26.23,24.82,25.84,20059546,514790784.00
2023/12/22,25.70,26.72,25.44,26.39,18581362,486326816.00
2023/12/25,26.36,26.65,26.08,26.35,9100655,240002320.00
2023/12/26,26.29,26.54,26.07,26.36,8867344,233557136.00
2023/12/27,26.26,26.67,25.90,26.12,12177550,318995456.00
2023/12/28,26.09,29.16,26.00,29.10,38746887,1086366208.00
2023/12/29,28.90,28.99,28.23,28.53,21452337,612932928.00
2024/01/02,28.55,28.56,27.78,27.84,14744367,413556672.00
2024/01/03,27.76,28.24,27.68,27.93,10884916,303845984.00
2024/01/04,27.94,28.06,27.00,27.48,14798994,406204608.00
2024/01/05,27.30,27.84,26.40,26.61,15995391,432849344.00
2024/01/08,26.58,27.20,26.35,26.61,15505701,415789632.00
2024/01/09,26.72,28.09,25.93,27.24,19952890,541251072.00
2024/01/10,26.96,28.15,26.85,27.69,20475752,567827776.00
2024/01/11,27.66,28.35,27.30,28.10,16227604,452199680.00
2024/01/12,28.10,28.85,27.78,28.10,15602433,441845120.00
2024/01/15,27.87,28.28,27.38,27.60,13047666,362217120.00
2024/01/16,27.65,28.62,27.18,28.54,20023208,564281088.00
2024/01/17,28.32,28.46,27.43,27.44,15298986,425607872.00
2024/01/18,27.15,28.88,27.00,28.83,32720445,925988928.00
2024/01/19,28.59,29.25,28.06,28.28,25133687,718010048.00
2024/01/22,28.00,28.01,26.67,27.17,23192724,635514560.00
2024/01/23,27.18,28.33,26.90,27.40,19947133,551910848.00
2024/01/24,27.62,27.62,25.85,26.48,24749208,655316800.00
2024/01/25,26.34,26.72,25.79,26.65,19362505,510348704.00
2024/01/26,26.49,26.97,25.96,26.15,17503125,460718496.00
2024/01/29,25.95,25.95,23.78,23.82,27510062,674447168.00
2024/01/30,23.65,23.94,22.85,22.98,19056267,445377120.00
2024/01/31,22.87,23.96,22.68,23.10,24251729,567571776.00
2024/02/01,22.64,23.85,22.61,23.10,21506546,501829472.00
2024/02/02,23.23,23.40,21.27,22.09,24069502,535141856.00
2024/02/05,22.16,22.32,20.33,21.78,25102117,538850752.00
2024/02/06,21.78,23.15,21.50,23.01,23965996,538492800.00
2024/02/07,23.08,23.58,22.81,23.20,20247141,470166016.00
2024/02/08,23.48,24.11,22.92,24.05,20904678,494182784.00
2024/02/19,24.06,24.19,23.45,23.69,16992313,404300928.00
2024/02/20,23.50,23.73,23.14,23.46,13521154,315346560.00
2024/02/21,23.40,24.52,23.13,24.00,21019970,503794240.00
2024/02/22,24.30,24.92,24.01,24.29,15286743,371409792.00
2024/02/23,24.65,25.33,24.57,24.77,15864902,395121856.00
2024/02/26,24.87,24.90,24.21,24.40,14868867,364175392.00
2024/02/27,24.20,24.72,24.11,24.72,17695403,431705984.00
2024/02/28,24.98,25.84,24.21,24.22,27464060,690177408.00
2024/02/29,24.22,25.07,24.17,25.05,20902390,516665664.00
2024/03/01,25.30,25.50,24.90,25.21,16432651,413719360.00
2024/03/04,25.13,25.53,24.88,25.06,16119137,405491328.00
2024/03/05,25.07,25.15,24.37,24.64,19509784,480355296.00
2024/03/06,24.65,27.00,24.44,26.06,36659595,947333120.00
2024/03/07,25.98,26.19,25.02,25.12,23801094,609466304.00
2024/03/08,25.25,26.57,25.20,26.31,24757090,646553216.00
2024/03/11,27.00,27.51,26.51,27.10,31153448,839575808.00
2024/03/12,27.26,27.42,26.89,26.90,22206055,601552256.00
2024/03/13,26.92,26.99,26.51,26.68,13371817,356972640.00
2024/03/14,26.71,26.96,26.24,26.46,12995113,345529856.00
2024/03/15,26.30,26.65,25.83,26.34,15664457,409818496.00
2024/03/18,26.32,26.62,26.17,26.60,14548350,384433344.00
2024/03/19,26.54,26.95,26.07,26.09,14048190,371848288.00
2024/03/20,26.10,26.68,26.01,26.20,10184681,267226752.00
2024/03/21,26.29,26.29,25.28,25.35,21489176,549754112.00
2024/03/22,25.22,25.35,24.25,24.37,17736315,437212672.00
2024/03/25,24.12,24.67,24.06,24.11,9226081,224155008.00
2024/03/26,24.13,24.56,24.00,24.45,10059363,244104160.00
2024/03/27,24.47,24.50,23.45,23.45,10656501,255564448.00
2024/03/28,23.69,24.11,23.60,23.71,9494810,226199664.00
2024/03/29,23.75,24.18,23.66,23.80,8028221,191749360.00
2024/04/01,23.86,24.41,23.84,24.39,11530644,279547808.00
2024/04/02,24.47,24.47,24.11,24.21,8909897,215853680.00
2024/04/03,24.25,24.25,23.91,24.05,7184863,172790192.00
2024/04/08,23.90,23.96,22.87,22.89,16371878,380211168.00
2024/04/09,23.00,23.63,22.91,23.59,10734455,251421408.00
2024/04/10,23.65,23.67,22.60,22.73,11205508,257127456.00
2024/04/11,22.73,22.99,22.44,22.66,8789742,199972304.00
2024/04/12,22.68,22.82,21.69,21.75,15963829,352341184.00
2024/04/15,21.80,22.33,21.60,22.01,15873260,349364992.00
2024/04/16,21.97,21.98,21.38,21.63,11087347,240388880.00
2024/04/17,21.75,22.26,21.75,22.09,12190078,268296144.00
2024/04/18,22.07,22.17,21.56,21.78,12345079,270440064.00
2024/04/19,21.60,21.60,20.92,20.94,14672177,310255424.00
2024/04/22,20.90,21.51,20.72,21.02,12629905,267065056.00
2024/04/23,21.18,21.47,20.62,20.73,10658061,222862560.00
2024/04/24,20.75,20.85,20.01,20.25,14252744,288431232.00
2024/04/25,20.20,20.28,19.71,19.94,14690291,294046208.00
2024/04/26,19.75,20.66,19.61,20.58,21058205,426379744.00
2024/04/29,20.40,21.75,20.36,21.61,29574484,627030016.00
2024/04/30,21.46,21.69,20.83,21.28,21743779,461594272.00
2024/05/06,21.45,21.74,21.28,21.40,15733321,337718176.00
2024/05/07,21.48,21.57,21.16,21.44,12562347,268420576.00
2024/05/08,21.45,21.45,20.93,20.94,11094265,234116048.00
2024/05/09,20.99,22.05,20.99,21.78,22588078,490943744.00
2024/05/10,21.70,21.79,21.22,21.52,11368459,243984960.00
2024/05/13,21.18,21.70,21.00,21.39,13918727,296813504.00
2024/05/14,21.46,21.61,21.24,21.35,8104924,173295216.00
2024/05/15,21.50,21.80,20.93,20.98,11042404,234908912.00
2024/05/16,20.90,21.15,20.57,20.57,12459014,259393488.00
2024/05/17,20.46,20.57,19.75,20.03,22674838,454515552.00
2024/05/20,20.01,20.31,19.68,19.90,17258956,344395040.00
2024/05/21,19.84,19.84,19.34,19.43,13926677,271095776.00
2024/05/22,19.62,23.23,19.61,22.83,69711914,1495030016.00
2024/05/23,22.35,22.72,21.65,21.89,46129080,1014544256.00
2024/05/24,21.70,22.30,21.20,21.23,30875867,668865472.00
2024/05/27,21.25,21.35,20.29,20.88,28413269,586778304.00
2024/05/28,20.71,21.19,20.32,20.52,19161135,395210112.00
2024/05/29,21.20,23.05,21.20,22.60,62325978,1398044416.00
2024/05/30,22.50,23.20,22.36,22.65,36032968,817845632.00
2024/05/31,22.65,22.91,21.84,22.07,26383122,585514048.00
2024/06/03,21.88,22.02,21.43,21.89,22225256,482234176.00
2024/06/04,22.00,22.30,21.55,21.91,27904035,609143552.00
2024/06/05,21.66,21.94,21.44,21.49,18228867,394900672.00
2024/06/06,21.41,21.72,20.21,20.84,34252044,710640256.00
2024/06/07,20.85,20.93,19.92,20.34,26534311,539723392.00
2024/06/11,20.21,20.50,19.89,20.42,16401324,332449472.00
2024/06/12,20.43,20.43,20.01,20.29,16127116,325804704.00
2024/06/13,20.33,20.81,20.23,20.58,22468266,460190496.00
2024/06/14,20.52,21.08,20.06,20.75,33135985,683276352.00
2024/06/17,20.48,20.56,20.02,20.18,23225775,470058528.00
2024/06/18,20.12,20.40,20.04,20.07,19097789,385118336.00
2024/06/19,20.07,20.08,19.43,19.51,24363503,477915872.00
2024/06/20,18.96,18.96,18.16,18.22,22474764,413613600.00
2024/06/21,18.42,18.84,18.23,18.26,19904602,368034432.00
2024/06/24,17.93,17.99,17.36,17.36,23757873,418104096.00
2024/06/25,17.40,17.47,16.86,16.99,15980485,273257120.00
2024/06/26,17.42,18.19,17.11,17.85,28381125,499847808.00
2024/06/27,17.73,17.76,17.15,17.21,18253526,316395584.00
2024/06/28,17.17,17.31,16.91,16.92,17385107,297656576.00
2024/07/01,16.96,17.32,16.75,17.12,14927633,254978784.00
2024/07/02,17.03,17.08,16.62,16.64,15794887,266042512.00
2024/07/03,16.70,16.85,16.43,16.65,12036236,200415824.00
2024/07/04,16.74,16.88,16.22,16.24,13495207,222034496.00
2024/07/05,16.24,16.66,16.09,16.57,14682138,241013072.00
2024/07/08,16.55,16.55,15.85,15.90,14886642,239525664.00
2024/07/09,15.92,15.98,15.38,15.80,25726182,402435136.00
2024/07/10,15.50,16.48,15.23,15.94,23827606,382493472.00
2024/07/11,16.29,16.87,16.16,16.58,23168453,382812416.00
2024/07/12,16.58,17.04,16.56,16.62,17981795,301179072.00
2024/07/15,16.50,16.51,16.00,16.05,15558792,251953296.00
2024/07/16,16.02,16.61,15.84,16.58,17619276,286686112.00
2024/07/17,16.77,17.08,16.58,16.64,21331653,358530144.00
2024/07/18,16.54,16.77,16.16,16.61,15132854,249488624.00
2024/07/19,16.62,17.13,16.52,17.13,21442824,362486816.00
2024/07/22,16.96,17.23,16.81,17.04,14974693,254578528.00
2024/07/23,16.96,17.08,16.62,16.63,13333672,224604336.00
2024/07/24,16.61,16.70,16.11,16.19,13072288,213305312.00
2024/07/25,16.12,17.71,16.08,17.12,36168912,620706048.00
2024/07/26,17.18,17.32,16.97,17.11,15381854,263284752.00
2024/07/29,17.06,17.08,16.46,16.48,15722930,261926096.00
2024/07/30,16.43,16.70,16.18,16.55,12781081,209764976.00
2024/07/31,16.57,17.48,16.33,17.44,22551959,385722688.00
2024/08/01,17.34,17.40,17.00,17.03,17647230,302899552.00
2024/08/02,16.89,17.15,16.66,16.72,15253373,257829136.00
2024/08/05,16.60,17.31,16.57,16.60,20535251,348600416.00
2024/08/06,16.90,17.78,16.90,17.56,35518223,619610112.00
2024/08/07,17.60,17.67,17.28,17.47,15034414,262213520.00
2024/08/08,17.47,18.00,17.35,17.36,22377464,394819360.00
2024/08/09,17.54,17.55,17.16,17.24,13003894,225470192.00
2024/08/12,17.50,17.73,17.06,17.34,15132923,262815616.00
2024/08/13,17.21,17.39,16.77,17.19,15461467,263040544.00
2024/08/14,17.20,17.47,16.90,16.94,9763785,166657024.00
2024/08/15,16.87,17.55,16.78,17.32,18364109,316639712.00
2024/08/16,17.20,17.32,17.02,17.10,10947911,187391264.00
2024/08/19,17.05,17.06,16.59,16.60,14719895,246237648.00
2024/08/20,16.61,16.74,16.42,16.64,9408499,156083472.00
2024/08/21,16.58,16.66,16.43,16.50,6203259,102574424.00
2024/08/22,16.55,16.62,16.04,16.08,13069716,212190800.00
2024/08/23,16.07,16.28,15.99,16.18,6534846,105655280.00
2024/08/26,16.12,16.70,16.10,16.39,8595494,141163920.00
2024/08/27,16.32,16.55,16.04,16.38,9554273,155962528.00
2024/08/28,16.28,16.42,16.05,16.30,8380470,135809856.00
2024/08/29,16.28,17.02,16.20,16.90,16818215,281709248.00
2024/08/30,16.85,17.44,16.76,17.24,17586303,302056896.00
2024/09/02,17.15,17.45,16.68,16.70,14499377,246876896.00
2024/09/03,16.73,17.11,16.51,16.88,12481612,210370128.00
2024/09/04,16.71,17.30,16.68,16.80,14322166,243300032.00
2024/09/05,16.78,17.23,16.71,16.82,15239976,258529264.00
2024/09/06,16.84,16.88,16.26,16.45,17139507,281633472.00
2024/09/09,16.38,16.54,16.16,16.21,9790966,159795824.00
2024/09/10,16.30,16.57,16.13,16.39,12650087,206592624.00
2024/09/11,16.30,16.71,16.21,16.46,10114947,166935152.00
2024/09/12,16.50,17.25,16.44,16.60,16167121,272837120.00
2024/09/13,16.58,16.68,16.21,16.29,12477039,204968208.00
2024/09/18,16.24,16.25,15.72,16.04,12240836,194508208.00
2024/09/19,16.10,16.53,15.91,16.20,13393185,217637696.00
2024/09/20,16.11,16.18,15.80,16.10,10247697,163782544.00
2024/09/23,16.09,16.20,15.91,16.04,8668328,138858976.00
2024/09/24,16.10,17.03,16.04,17.02,23404827,389170112.00
2024/09/25,17.18,17.43,16.88,16.89,22575611,388177472.00
2024/09/26,16.85,17.55,16.79,17.54,25401125,437146432.00
2024/09/27,17.84,18.90,17.79,18.83,24161022,443320736.00
2024/09/30,19.81,22.57,19.73,22.42,73415064,1548770816.00
2024/10/08,26.89,26.90,23.70,26.16,92548483,2356845056.00
2024/10/09,24.48,24.65,22.17,22.20,63319489,1489708160.00
2024/10/10,22.86,24.06,22.17,22.19,42874988,984192832.00
2024/10/11,22.21,22.30,20.88,21.79,29538684,635323200.00
2024/10/14,21.79,22.30,21.10,21.94,28208122,614308736.00
2024/10/15,21.50,23.39,21.40,22.48,38327240,867963776.00
2024/10/16,22.01,22.41,21.15,21.36,25978255,561367488.00
2024/10/17,21.51,21.56,20.80,20.81,19963399,421418240.00
2024/10/18,20.84,22.38,20.66,21.52,34600053,742591040.00
2024/10/21,22.00,24.68,22.00,23.26,66253109,1554561536.00
2024/10/22,23.04,26.11,21.90,25.30,87450742,2092193280.00
2024/10/23,24.82,29.49,24.15,26.31,109264370,2924637440.00
2024/10/24,26.12,26.20,24.90,25.07,46182652,1177787904.00
2024/10/25,25.42,29.80,25.30,29.00,103751225,2916697856.00
2024/10/28,28.71,28.71,26.90,28.00,72399700,1998762112.00
2024/10/29,28.68,29.92,26.40,26.60,62316922,1718402816.00
2024/10/30,26.03,26.88,25.18,25.44,45533281,1178618368.00
2024/10/31,26.20,26.70,24.70,25.03,65357780,1677573760.00
2024/11/01,24.30,25.42,23.81,25.08,42766489,1050278976.00
2024/11/04,25.34,25.35,24.51,25.08,26136639,652657344.00
2024/11/05,24.81,25.68,24.44,25.30,42512440,1072636736.00
2024/11/06,25.49,26.62,25.11,25.80,47487312,1231673856.00
2024/11/07,25.11,26.09,24.14,25.76,43441762,1087781120.00
2024/11/08,26.20,27.08,25.88,26.06,40271929,1061752768.00
2024/11/11,26.00,26.78,25.91,26.25,37064864,975953280.00
2024/11/12,26.52,27.12,25.41,25.58,35384113,931491840.00
2024/11/13,25.21,25.48,24.25,25.01,40977617,1017335744.00
2024/11/14,25.01,25.29,24.35,24.60,31789913,789305984.00
2024/11/15,24.76,25.19,23.75,23.80,27809718,682919168.00
2024/11/18,23.33,24.17,23.22,23.60,21904462,518410528.00
2024/11/19,23.78,24.32,23.42,24.23,16713431,400427200.00
2024/11/20,24.14,24.22,23.71,23.87,17933932,429405376.00
2024/11/21,24.38,24.62,24.00,24.25,24475073,593970432.00
2024/11/22,24.11,24.19,22.91,22.95,30821228,721761664.00
数据来源:通达信
