605098 行动教育 日线 不复权
      日期	    开盘	    最高	    最低	    收盘	    成交量	    成交额
2021/04/21,33.10,39.72,33.10,39.72,270890,10753131.00
2021/04/22,43.69,43.69,43.69,43.69,343332,15000175.00
2021/04/23,48.06,48.06,48.06,48.06,203147,9763245.00
2021/04/26,52.87,52.87,52.87,52.87,118824,6282225.00
2021/04/27,48.73,56.00,47.58,47.58,8892173,437299776.00
2021/04/28,42.82,43.68,42.82,42.82,2454111,105322208.00
2021/04/29,41.00,45.30,39.78,42.57,7654553,321367232.00
2021/04/30,44.04,45.78,43.01,44.99,6791739,301866400.00
2021/05/06,42.60,43.70,40.49,40.99,5559419,232110896.00
2021/05/07,41.30,44.50,39.16,42.50,6118471,254482112.00
2021/05/10,42.49,46.75,40.66,46.75,6508519,285813728.00
2021/05/11,46.00,50.05,44.80,48.24,6830646,325429408.00
2021/05/12,46.80,46.81,44.80,46.28,3505623,160293472.00
2021/05/13,45.73,47.98,43.00,44.08,3814909,173630464.00
2021/05/14,43.02,48.49,42.61,48.49,4499297,210918368.00
2021/05/17,51.09,51.98,47.81,49.84,6000895,299715936.00
2021/05/18,48.51,51.20,47.68,49.14,3784349,187528336.00
2021/05/19,48.66,49.37,44.79,46.30,4686468,219534368.00
2021/05/20,46.00,47.57,45.71,46.68,2692252,125492152.00
2021/05/21,46.08,46.57,43.58,44.15,2768881,123527784.00
2021/05/24,43.80,43.93,41.33,41.88,3488451,147402880.00
2021/05/25,42.86,44.99,42.10,43.00,3915830,169792864.00
2021/05/26,43.25,44.29,42.23,42.33,2194614,94818488.00
2021/05/27,42.25,43.50,41.58,42.96,1795464,76809216.00
2021/05/28,42.66,44.58,42.51,43.39,2481304,107725264.00
2021/05/31,43.43,44.70,42.43,43.00,2559134,111323608.00
2021/06/01,42.55,44.55,42.52,43.98,2487047,107910016.00
2021/06/02,43.65,44.22,42.73,43.32,1718055,74539344.00
2021/06/03,43.40,43.60,41.42,41.75,1932867,81374536.00
2021/06/04,41.50,41.93,40.79,40.85,1359890,56197832.00
2021/06/07,40.88,41.58,40.30,41.46,1100501,45252176.00
2021/06/08,41.85,42.88,41.60,41.63,1334872,56259080.00
2021/06/09,41.00,42.80,40.70,42.12,1192745,50250412.00
2021/06/10,42.18,43.45,42.12,42.16,1340304,57211840.00
2021/06/11,43.01,43.47,40.39,41.28,2632642,109653488.00
2021/06/15,40.87,41.57,40.33,41.04,1125684,46033496.00
2021/06/16,40.81,43.64,40.22,43.36,2731966,115324136.00
2021/06/17,42.80,45.50,42.55,44.67,2808572,125355392.00
2021/06/18,43.88,46.89,43.35,46.01,2762529,125149832.00
2021/06/21,45.84,49.85,45.76,48.88,3064652,148484272.00
2021/06/22,48.81,50.05,47.48,47.83,1935104,93330024.00
2021/06/23,47.60,50.20,47.52,48.20,2344444,115704672.00
2021/06/24,48.97,50.88,46.53,50.88,2399716,118028544.00
2021/06/25,51.50,51.59,49.51,50.01,1391478,70189944.00
2021/06/28,50.18,55.01,49.31,55.01,1559389,82530080.00
2021/06/29,55.14,60.28,55.14,56.44,2476672,141720480.00
2021/06/30,57.00,58.56,55.51,56.27,1644541,93825928.00
2021/07/01,56.56,59.45,55.93,56.20,1448759,83004712.00
2021/07/02,55.40,58.37,53.70,57.62,1509032,84723528.00
2021/07/05,57.00,60.20,56.42,59.52,1550686,90854432.00
2021/07/06,59.35,61.18,58.60,58.75,849797,50287588.00
2021/07/07,58.25,60.85,58.25,60.10,950744,56876144.00
2021/07/08,59.80,61.18,57.60,58.86,960880,57005868.00
2021/07/09,58.80,59.87,57.00,57.59,781386,45491564.00
2021/07/12,57.67,59.00,56.10,57.36,1096913,63138452.00
2021/07/13,58.15,61.28,55.00,59.73,1789078,105313304.00
2021/07/14,58.63,64.48,58.63,64.18,1312264,82568224.00
2021/07/15,63.03,64.07,59.90,60.72,1687773,103879576.00
2021/07/16,61.00,61.50,57.90,58.20,1115266,66062608.00
2021/07/19,57.97,59.44,56.50,57.82,948850,54819900.00
2021/07/20,56.88,60.68,56.88,59.30,919928,54499772.00
2021/07/21,61.36,61.38,54.55,57.15,1832960,104674760.00
2021/07/22,58.01,58.01,55.18,55.42,1028088,58238092.00
2021/07/23,55.33,56.50,52.30,54.41,1081222,58548848.00
2021/07/26,53.04,54.95,50.31,53.50,1317072,69569400.00
2021/07/27,52.10,53.99,48.50,48.50,1452950,73463048.00
2021/07/28,48.50,49.70,45.00,48.63,812569,39159504.00
2021/07/29,48.65,50.38,47.47,48.09,690646,33471590.00
2021/07/30,47.68,48.35,46.00,46.56,878516,41476544.00
2021/08/02,46.66,47.75,45.20,46.80,901091,42212456.00
2021/08/03,46.60,46.93,45.21,46.03,504706,23318984.00
2021/08/04,46.90,47.48,44.92,45.04,793989,36243996.00
2021/08/05,46.82,46.99,45.82,46.48,609378,28284002.00
2021/08/06,45.80,46.10,43.95,44.39,589289,26274000.00
2021/08/09,45.10,46.43,43.51,46.08,683421,30978988.00
2021/08/10,45.98,48.30,45.39,47.71,719989,33797928.00
2021/08/11,47.50,48.18,46.36,46.49,557308,26187120.00
2021/08/12,46.00,47.04,43.90,45.80,725265,32898176.00
2021/08/13,46.31,46.31,44.79,45.85,468025,21203690.00
2021/08/16,44.49,47.35,44.49,45.72,406216,18599170.00
2021/08/17,44.00,46.19,43.54,43.69,573001,25355886.00
2021/08/18,43.71,45.10,43.71,45.08,444605,19734282.00
2021/08/19,44.20,49.53,44.16,49.30,1381010,65986792.00
2021/08/20,50.00,54.23,49.30,51.51,3834665,201464160.00
2021/08/23,52.11,52.11,46.36,46.36,3432102,160243520.00
2021/08/24,45.07,45.85,43.79,44.50,2222693,99165456.00
2021/08/25,44.80,45.79,44.32,45.17,1342824,60404472.00
2021/08/26,44.75,44.97,43.60,43.98,1005429,44299700.00
2021/08/27,43.98,44.65,43.29,43.85,610113,26696696.00
2021/08/30,43.58,44.08,41.46,42.33,1039494,44332260.00
2021/08/31,42.30,42.52,41.67,41.89,609237,25555034.00
2021/09/01,41.80,43.14,41.18,42.70,855908,36102064.00
2021/09/02,43.00,45.30,42.50,44.88,1165545,51180100.00
2021/09/03,46.00,49.37,45.00,49.37,2350411,112851872.00
2021/09/06,49.00,50.70,46.80,49.79,2300816,112033016.00
2021/09/07,48.00,49.55,47.69,47.89,1042386,50521236.00
2021/09/08,47.90,48.40,47.03,48.10,739556,35362092.00
2021/09/09,48.75,48.90,46.27,46.77,671232,31673458.00
2021/09/10,46.30,48.28,46.30,46.89,594626,28086586.00
2021/09/13,46.88,46.89,44.87,44.95,855608,38813632.00
2021/09/14,44.95,45.77,44.37,45.30,403100,18234864.00
2021/09/15,44.90,45.50,43.71,45.45,786664,34910468.00
2021/09/16,45.18,45.18,43.22,43.35,712116,31255088.00
2021/09/17,43.30,44.23,42.89,43.73,498534,21750880.00
2021/09/22,42.99,43.40,41.88,42.86,614200,26112406.00
2021/09/23,43.72,43.72,42.72,43.53,523666,22572034.00
2021/09/24,43.08,43.40,42.27,42.27,482213,20619116.00
2021/09/27,42.27,43.30,41.74,42.88,534507,22774504.00
2021/09/28,43.00,43.02,40.55,42.02,1072596,44559604.00
2021/09/29,41.30,42.88,41.30,41.42,598510,25154096.00
2021/09/30,41.84,42.68,41.60,41.95,452889,19022764.00
2021/10/08,42.14,42.76,41.71,42.38,379032,16012985.00
2021/10/11,42.39,44.73,42.23,44.68,929186,40874248.00
2021/10/12,44.69,45.00,43.36,43.80,386686,17003324.00
2021/10/13,46.00,47.70,43.30,45.13,2579649,115939216.00
2021/10/14,43.02,46.49,42.69,45.51,2083347,93746752.00
2021/10/15,44.58,45.10,42.15,42.38,2025809,87455704.00
2021/10/18,42.90,43.65,42.07,43.15,1623839,69634544.00
2021/10/19,42.93,47.47,42.62,46.75,3522880,160611616.00
2021/10/20,48.63,49.99,46.34,48.50,3281903,158656368.00
2021/10/21,48.50,48.73,45.65,46.03,1715657,79924752.00
2021/10/22,46.42,49.36,45.71,48.89,1957197,93302480.00
2021/10/25,48.99,50.84,47.00,50.39,2061032,100516952.00
2021/10/26,50.38,50.78,49.39,49.78,1063298,53175896.00
2021/10/27,50.09,51.67,47.47,50.98,1655593,82334112.00
2021/10/28,49.00,54.80,48.39,52.97,1754314,90437920.00
2021/10/29,52.64,53.80,50.83,51.01,1191274,61764064.00
2021/11/01,51.65,52.67,49.56,50.02,1347278,68771496.00
2021/11/02,50.40,50.40,47.50,47.61,1540016,75192208.00
2021/11/03,47.43,48.88,47.00,47.79,871500,41664712.00
2021/11/04,47.40,48.05,45.95,47.48,1255367,58737656.00
2021/11/05,47.47,47.47,45.71,46.20,1001843,46375664.00
2021/11/08,46.20,46.95,45.81,45.94,630589,29112286.00
2021/11/09,45.75,46.88,45.75,46.88,648808,30003052.00
2021/11/10,46.83,46.97,45.81,46.01,574200,26498724.00
2021/11/11,45.80,46.49,45.76,46.11,440700,20371996.00
2021/11/12,46.03,47.08,45.95,46.74,735200,34246256.00
2021/11/15,46.75,48.68,46.43,48.38,1074857,51353704.00
2021/11/16,48.37,48.70,47.60,47.80,553200,26509626.00
2021/11/17,47.49,48.40,47.42,47.71,522200,24984046.00
2021/11/18,47.43,49.69,47.03,49.22,1180788,56942924.00
2021/11/19,49.13,49.80,47.57,48.06,947613,45864928.00
2021/11/22,48.04,48.88,47.70,47.72,662637,31896196.00
2021/11/23,47.72,49.14,47.72,48.49,903058,43900120.00
2021/11/24,48.83,49.00,47.90,48.00,695186,33541000.00
2021/11/25,47.79,50.68,47.78,49.75,1244138,61469660.00
2021/11/26,49.44,51.24,48.62,51.00,1568924,78689464.00
2021/11/29,49.99,53.98,49.86,53.34,2189146,115731704.00
2021/11/30,53.30,53.90,51.60,51.74,929613,48907488.00
2021/12/01,52.00,52.99,51.25,52.45,664512,34557784.00
2021/12/02,53.90,57.70,53.90,57.70,1165663,66967848.00
2021/12/03,57.71,57.97,52.87,55.11,2167650,118406216.00
2021/12/06,55.00,55.00,52.53,52.62,958847,51373384.00
2021/12/07,52.81,53.90,52.09,52.81,616100,32677186.00
2021/12/08,52.88,54.17,52.81,52.82,456207,24303746.00
2021/12/09,53.05,54.89,51.80,52.75,1340293,70702296.00
2021/12/10,52.25,54.66,51.04,54.47,1451338,77353184.00
2021/12/13,54.55,54.95,53.80,54.27,467600,25391684.00
2021/12/14,54.00,56.23,53.85,55.90,869217,47800408.00
2021/12/15,56.54,56.54,55.03,55.25,453100,25157396.00
2021/12/16,55.30,57.76,54.15,56.70,809815,45586540.00
2021/12/17,56.62,57.03,55.31,55.37,431700,24173116.00
2021/12/20,55.48,57.88,54.16,54.64,931400,52318180.00
2021/12/21,54.79,56.50,54.43,55.29,495045,27481332.00
2021/12/22,55.91,57.50,54.80,56.83,739156,41682536.00
2021/12/23,56.83,57.35,54.30,54.36,946200,52328664.00
2021/12/24,54.72,55.77,54.18,54.64,598309,32853582.00
2021/12/27,54.30,54.30,53.03,53.23,584283,31231680.00
2021/12/28,53.00,53.68,52.50,53.03,437867,23219686.00
2021/12/29,53.08,53.49,52.50,53.04,248477,13163246.00
2021/12/30,53.00,57.58,52.97,56.60,1321303,74300512.00
2021/12/31,56.68,56.99,55.33,56.33,614418,34480300.00
2022/01/04,56.33,57.90,56.05,56.41,492017,27850824.00
2022/01/05,57.08,60.16,57.08,59.30,1954653,115415600.00
2022/01/06,59.38,59.86,57.10,57.90,1045597,60801248.00
2022/01/07,57.74,59.05,56.91,57.87,631042,36571016.00
2022/01/10,60.50,60.50,54.81,56.15,1188572,67075612.00
2022/01/11,56.56,57.18,55.00,55.08,756397,42063456.00
2022/01/12,55.12,56.95,55.01,55.39,870053,48553152.00
2022/01/13,55.57,55.77,53.70,53.90,614932,33400828.00
2022/01/14,54.12,54.37,52.50,52.72,682262,36283800.00
2022/01/17,52.51,53.68,52.37,53.15,309015,16378905.00
2022/01/18,53.27,53.99,52.66,53.36,515278,27529342.00
2022/01/19,52.94,53.98,52.50,53.21,337500,17920062.00
2022/01/20,53.79,53.79,51.01,51.05,630026,32672538.00
2022/01/21,51.24,52.30,50.64,51.33,382200,19679210.00
2022/01/24,51.33,51.97,49.90,50.70,290400,14743521.00
2022/01/25,51.00,51.65,49.80,49.80,284400,14311326.00
2022/01/26,50.07,50.59,47.81,48.89,578389,28228076.00
2022/01/27,48.89,50.37,47.51,48.96,857333,41905668.00
2022/01/28,48.88,50.70,48.33,50.50,670789,33611424.00
2022/02/07,50.98,51.87,50.12,50.66,340089,17337060.00
2022/02/08,50.45,51.66,50.03,51.29,326567,16727600.00
2022/02/09,51.67,52.39,50.29,50.91,406541,20705156.00
2022/02/10,50.88,50.88,49.85,50.70,350900,17645110.00
2022/02/11,50.69,50.98,48.80,48.90,437400,21590542.00
2022/02/14,48.70,49.81,47.86,49.16,318300,15727864.00
2022/02/15,49.80,50.02,48.10,49.37,741227,36098776.00
2022/02/16,49.57,51.16,49.55,50.87,744275,37561456.00
2022/02/17,50.87,51.08,49.60,49.80,401720,20126998.00
2022/02/18,49.50,50.07,49.12,49.74,241078,11972923.00
2022/02/21,49.38,51.40,49.00,50.81,563700,28458084.00
2022/02/22,50.60,50.60,48.84,49.45,466500,23105706.00
2022/02/23,49.24,52.24,49.24,50.91,1099800,56493860.00
2022/02/24,50.61,51.30,48.57,49.22,802889,40012064.00
2022/02/25,50.10,50.58,49.03,49.37,452989,22415416.00
2022/02/28,49.70,50.40,48.29,49.59,499600,24588966.00
2022/03/01,49.60,50.87,49.54,50.34,559720,28112880.00
2022/03/02,50.32,50.34,49.33,50.06,386613,19236788.00
2022/03/03,49.99,50.18,49.23,49.35,374908,18574884.00
2022/03/04,49.19,49.98,48.75,49.43,333700,16496606.00
2022/03/07,49.10,49.61,47.68,49.18,500094,24436360.00
2022/03/08,51.39,51.39,48.25,48.44,572300,28315230.00
2022/03/09,49.69,49.87,48.04,49.15,620908,30403776.00
2022/03/10,49.67,50.98,49.67,50.52,590600,29820884.00
2022/03/11,50.27,50.28,49.12,49.61,509000,25261808.00
2022/03/14,49.30,49.41,46.37,46.40,850300,40639448.00
2022/03/15,46.39,46.39,43.94,44.70,834389,37549608.00
2022/03/16,45.00,45.81,43.00,45.65,684185,30350170.00
2022/03/17,47.53,50.20,47.51,48.54,1531041,75163984.00
2022/03/18,48.41,51.15,48.41,50.49,1079518,54265248.00
2022/03/21,50.55,50.82,49.05,50.20,910735,45344192.00
2022/03/22,50.49,51.70,49.74,51.14,860656,43892596.00
2022/03/23,51.20,51.73,50.50,50.81,412700,21072188.00
2022/03/24,51.00,51.00,49.71,49.81,333800,16706784.00
2022/03/25,49.77,50.20,48.84,48.95,324600,16024453.00
2022/03/28,48.90,49.39,47.51,49.00,439068,21410312.00
2022/03/29,48.88,49.60,48.31,48.41,315057,15441226.00
2022/03/30,48.48,49.39,47.74,49.32,532260,25911426.00
2022/03/31,49.43,50.36,48.75,49.88,567164,28188620.00
2022/04/01,49.54,50.38,49.05,49.25,371608,18496134.00
2022/04/06,50.80,54.18,50.74,52.00,1844236,96807120.00
2022/04/07,51.00,51.81,48.91,49.01,1069360,53664568.00
2022/04/08,48.96,49.22,46.85,46.90,817900,38779520.00
2022/04/11,46.88,46.88,44.60,45.67,846300,38695464.00
2022/04/12,45.66,46.77,44.60,46.50,559908,25488288.00
2022/04/13,46.00,46.22,44.25,44.59,502206,22615200.00
2022/04/14,44.80,45.41,44.59,44.89,368908,16628856.00
2022/04/15,44.89,44.89,44.01,44.42,288921,12807962.00
2022/04/18,44.56,45.89,43.70,44.86,380414,17158984.00
2022/04/19,44.48,45.85,44.41,45.40,398269,18079954.00
2022/04/20,45.13,45.90,44.30,44.58,332160,14959754.00
2022/04/21,44.00,46.37,42.06,42.66,1172278,51951632.00
2022/04/22,42.13,43.42,42.00,42.32,654050,27929016.00
2022/04/25,42.30,42.84,41.00,41.06,644200,26663940.00
2022/04/26,41.06,41.52,38.18,38.41,657716,25753568.00
2022/04/27,38.41,40.79,37.21,40.10,648028,25128100.00
2022/04/28,40.56,40.99,38.66,39.00,540831,21426388.00
2022/04/29,39.00,40.50,38.60,39.28,1172700,46171480.00
2022/05/05,40.00,40.37,38.50,39.33,987506,39061672.00
2022/05/06,38.36,38.50,36.79,37.12,1276200,47652064.00
2022/05/09,36.74,38.45,36.60,37.88,668878,25360828.00
2022/05/10,37.29,39.39,36.83,39.22,795534,30514660.00
2022/05/11,39.00,40.66,38.82,39.90,1115318,44137344.00
2022/05/12,28.00,28.00,27.00,27.72,906948,25047048.00
2022/05/13,27.50,27.85,26.53,27.45,1059180,28881968.00
2022/05/16,27.46,29.30,26.58,28.82,1566043,43830688.00
2022/05/17,28.43,30.49,28.09,29.65,1879103,55264456.00
2022/05/18,29.70,30.10,28.99,29.05,965072,28397360.00
2022/05/19,28.31,29.34,28.31,29.18,737240,21418408.00
2022/05/20,29.18,29.90,28.65,29.53,758941,22471112.00
2022/05/23,29.38,30.00,28.50,28.79,857820,24834114.00
2022/05/24,28.79,28.97,27.30,27.36,845956,23782118.00
2022/05/25,27.36,27.74,27.05,27.43,947903,25899844.00
2022/05/26,27.88,28.30,26.96,27.20,1702653,46828708.00
2022/05/27,27.38,29.72,26.99,28.32,2282830,64803528.00
2022/05/30,27.79,28.95,26.89,28.78,1999503,55823208.00
2022/05/31,28.69,28.73,27.90,28.35,1029340,29179272.00
2022/06/01,28.30,29.14,28.05,28.61,989705,28401526.00
2022/06/02,28.55,28.98,28.08,28.93,903658,25812820.00
2022/06/06,28.93,29.10,28.50,28.60,807678,23258232.00
2022/06/07,28.63,29.30,28.00,28.45,1020849,29187784.00
2022/06/08,28.30,29.16,28.13,28.42,1386509,39518300.00
2022/06/09,28.38,28.63,27.08,27.40,1501380,41433088.00
2022/06/10,27.16,27.69,27.10,27.44,773360,21168768.00
2022/06/13,27.03,28.45,27.00,27.98,1455846,40430732.00
2022/06/14,27.59,27.62,26.76,27.29,1516160,41140064.00
2022/06/15,27.32,29.80,27.32,29.03,3299548,95227072.00
2022/06/16,28.70,31.93,28.70,31.93,4442103,137644752.00
2022/06/17,31.90,31.90,29.19,30.27,4836401,145441440.00
2022/06/20,29.70,30.80,29.00,30.30,3206196,95620712.00
2022/06/21,29.50,29.70,28.80,29.22,2217914,64698156.00
2022/06/22,29.22,29.51,27.91,27.95,1917900,54637672.00
2022/06/23,27.95,27.95,26.99,27.54,2049520,55955732.00
2022/06/24,27.30,27.73,27.26,27.65,1531146,42087120.00
2022/06/27,27.69,27.88,27.50,27.75,1263160,34960408.00
2022/06/28,27.76,27.84,27.31,27.75,1530026,42097136.00
2022/06/29,27.64,28.18,27.50,27.50,1450294,40266376.00
2022/06/30,27.44,28.12,27.40,27.76,1183554,32939692.00
2022/07/01,27.83,27.90,27.36,27.45,999345,27527792.00
2022/07/04,27.46,27.73,27.01,27.56,765018,21007996.00
2022/07/05,27.70,28.95,27.37,28.61,2316598,65296208.00
2022/07/06,28.61,28.62,27.80,28.09,1178658,33039028.00
2022/07/07,28.04,28.58,27.52,27.96,1034363,28957380.00
2022/07/08,27.68,28.09,27.57,27.63,742240,20537012.00
2022/07/11,27.57,27.63,26.15,26.46,1524127,40737272.00
2022/07/12,26.46,26.93,26.35,26.57,658396,17541984.00
2022/07/13,26.80,26.80,26.32,26.50,541297,14358292.00
2022/07/14,26.55,26.62,25.98,26.00,1176585,30939052.00
2022/07/15,25.85,25.85,24.90,24.98,1925300,48603016.00
2022/07/18,24.98,25.78,24.98,25.54,816040,20810160.00
2022/07/19,25.70,25.80,25.29,25.65,659440,16847046.00
2022/07/20,25.68,25.84,25.41,25.68,578480,14831694.00
2022/07/21,26.00,26.65,25.80,25.90,1091361,28474748.00
2022/07/22,26.08,26.10,25.16,25.40,841211,21571794.00
2022/07/25,25.56,25.56,25.00,25.16,569120,14353426.00
2022/07/26,24.97,25.65,24.97,25.51,594220,15072237.00
2022/07/27,25.60,25.69,25.23,25.33,452511,11466332.00
2022/07/28,25.34,25.83,25.16,25.68,919324,23556570.00
2022/07/29,25.55,25.76,24.99,25.07,917136,23087464.00
2022/08/01,24.95,24.99,24.53,24.70,613091,15104946.00
2022/08/02,24.51,24.64,22.88,23.51,1147775,27016948.00
2022/08/03,23.51,23.89,23.10,23.22,636626,15012622.00
2022/08/04,23.32,24.04,23.32,23.82,464880,10993417.00
2022/08/05,23.62,24.19,23.62,24.07,388806,9329590.00
2022/08/08,24.06,24.70,23.81,24.35,726466,17653638.00
2022/08/09,24.35,25.85,24.30,25.38,1786785,45062608.00
2022/08/10,25.50,25.67,24.78,25.22,781058,19654702.00
2022/08/11,25.23,25.45,25.01,25.26,481160,12154625.00
2022/08/12,25.27,25.45,25.15,25.26,448018,11339306.00
2022/08/15,25.26,25.26,24.79,25.06,513011,12824470.00
2022/08/16,25.09,25.26,24.80,24.94,489500,12236151.00
2022/08/17,25.00,25.20,24.58,24.92,714000,17723166.00
2022/08/18,25.00,25.00,24.42,24.55,611580,15007495.00
2022/08/19,24.78,25.83,24.78,24.82,1531984,38637980.00
2022/08/22,24.82,25.23,24.19,25.14,1111992,27488358.00
2022/08/23,24.98,25.12,24.66,24.89,768020,19069362.00
2022/08/24,24.80,25.11,24.30,24.42,522304,12880181.00
2022/08/25,24.42,25.04,24.28,24.93,608220,15021713.00
2022/08/26,25.14,26.66,25.09,25.88,2631491,68751544.00
2022/08/29,25.10,27.21,25.00,26.32,2281120,60245496.00
2022/08/30,26.13,26.53,25.90,26.43,1156220,30387408.00
2022/08/31,26.50,26.80,25.68,26.10,1326071,34723856.00
2022/09/01,26.06,26.50,25.70,26.05,916417,23909694.00
2022/09/02,26.20,26.56,25.90,26.53,1039593,27338984.00
2022/09/05,26.51,26.51,25.38,25.82,990180,25521364.00
2022/09/06,25.82,26.00,25.47,25.81,600791,15462308.00
2022/09/07,25.80,26.79,25.75,26.54,1450329,38332880.00
2022/09/08,26.80,28.18,26.30,27.20,2052063,55883388.00
2022/09/09,27.28,27.72,26.85,27.59,1148760,31443738.00
2022/09/13,27.60,27.75,27.00,27.31,958992,26224532.00
2022/09/14,27.08,27.36,26.66,26.93,645481,17402260.00
2022/09/15,26.75,27.18,26.21,26.52,737340,19704224.00
2022/09/16,26.56,27.16,26.24,26.34,737489,19689840.00
2022/09/19,26.21,26.74,25.71,26.47,648751,17064708.00
2022/09/20,26.58,26.90,26.12,26.23,502219,13264256.00
2022/09/21,26.02,26.41,25.18,26.13,695782,17896920.00
2022/09/22,26.10,26.15,25.43,25.81,577155,14856758.00
2022/09/23,25.69,27.32,25.27,26.98,1570889,41511776.00
2022/09/26,26.66,26.89,24.93,25.23,1485486,38066568.00
2022/09/27,24.90,26.18,24.59,26.03,1534961,39162372.00
2022/09/28,26.25,26.48,24.80,25.00,976468,24754074.00
2022/09/29,25.30,25.66,24.67,24.98,977626,24489642.00
2022/09/30,24.81,24.97,24.00,24.39,876447,21413362.00
2022/10/10,24.44,24.44,22.39,22.81,1737794,39993408.00
2022/10/11,22.90,22.90,22.06,22.38,936440,20956398.00
2022/10/12,22.49,22.89,21.80,22.64,822719,18338204.00
2022/10/13,22.30,24.67,22.26,24.24,1498544,35454088.00
2022/10/14,24.16,25.55,24.00,25.36,1731045,43067504.00
2022/10/17,25.33,26.95,24.91,26.50,1988493,52237812.00
2022/10/18,26.50,26.50,25.80,26.11,1547535,40470096.00
2022/10/19,26.30,26.81,25.95,26.60,1511022,40001580.00
2022/10/20,26.50,27.60,26.12,26.65,1644511,44175732.00
2022/10/21,26.82,28.45,26.05,27.61,2174581,59799688.00
2022/10/24,27.53,27.69,26.20,27.09,1744225,47010936.00
2022/10/25,26.30,27.17,25.70,25.95,1645105,43125996.00
2022/10/26,26.31,27.28,26.31,26.91,2035403,54648032.00
2022/10/27,27.04,27.45,26.64,26.76,1169018,31465418.00
2022/10/28,26.80,26.84,25.80,25.83,937965,24573506.00
2022/10/31,25.83,26.38,25.53,25.69,769033,19875558.00
2022/11/01,25.81,27.35,25.60,27.20,1550980,41451716.00
2022/11/02,27.45,28.70,27.18,27.77,1587036,44514820.00
2022/11/03,27.58,28.34,27.47,27.56,664565,18436212.00
2022/11/04,27.56,29.36,27.22,28.16,1285236,36590920.00
2022/11/07,28.06,29.43,27.30,28.84,1358303,39038112.00
2022/11/08,28.57,28.69,27.81,28.28,759863,21400530.00
2022/11/09,28.28,29.06,27.66,27.88,785784,22203060.00
2022/11/10,27.63,28.66,27.43,28.41,1109161,31083360.00
2022/11/11,28.48,30.25,28.48,29.23,1838243,53975076.00
2022/11/14,29.67,30.60,29.19,29.44,1263060,37720924.00
2022/11/15,29.25,30.36,28.71,29.24,974180,28591160.00
2022/11/16,29.24,30.44,28.85,29.63,987460,29345788.00
2022/11/17,29.60,29.60,28.90,29.26,572560,16692566.00
2022/11/18,29.26,31.50,28.90,30.20,2487003,75294576.00
2022/11/21,29.51,29.51,28.13,28.90,1465118,42124912.00
2022/11/22,29.08,31.15,28.99,29.38,1645680,49454856.00
2022/11/23,29.23,29.34,27.48,27.84,1625700,45675312.00
2022/11/24,28.05,28.85,27.60,27.69,670920,18822956.00
2022/11/25,27.69,27.80,27.13,27.17,425680,11652252.00
2022/11/28,26.68,28.21,25.61,28.18,1389762,37658664.00
2022/11/29,27.60,28.76,27.58,28.63,1000408,28316172.00
2022/11/30,28.60,28.95,28.00,28.22,483638,13679701.00
2022/12/01,28.38,31.04,28.38,31.04,3792820,116499840.00
2022/12/02,30.36,31.12,29.63,30.78,3988448,120971104.00
2022/12/05,30.79,30.80,29.99,30.60,1937880,58818164.00
2022/12/06,30.26,30.47,29.52,29.72,1492104,44657632.00
2022/12/07,29.89,30.80,29.39,30.47,1799543,54557628.00
2022/12/08,30.26,31.69,29.82,31.45,2032848,63000332.00
2022/12/09,31.13,31.26,30.35,30.78,1041220,31969334.00
2022/12/12,30.73,31.00,29.73,30.21,1047967,31653936.00
2022/12/13,30.25,30.94,29.83,30.34,940460,28603932.00
2022/12/14,30.50,31.34,30.00,30.25,1365291,41706024.00
2022/12/15,30.05,30.20,29.47,29.61,803305,23897328.00
2022/12/16,29.70,31.68,29.22,29.25,1749638,52425780.00
2022/12/19,29.24,30.88,28.72,30.13,2715159,81310608.00
2022/12/20,29.68,29.89,28.33,28.50,1454462,41735868.00
2022/12/21,28.55,29.22,28.00,28.20,1015800,28993392.00
2022/12/22,28.58,29.80,27.83,29.21,1878482,54490376.00
2022/12/23,28.77,30.77,28.55,29.82,2462816,73584672.00
2022/12/26,29.80,30.53,29.13,29.25,2030824,60722592.00
2022/12/27,29.70,29.95,28.68,29.53,1956093,57483608.00
2022/12/28,29.53,29.55,28.56,28.73,1328302,38323916.00
2022/12/29,28.70,29.19,28.36,28.82,939767,27130104.00
2022/12/30,28.81,29.65,28.44,29.28,1473302,42693580.00
2023/01/03,29.72,30.17,28.71,29.01,1177220,34345936.00
2023/01/04,29.19,29.89,28.65,29.51,1575087,46371308.00
2023/01/05,29.51,31.00,29.48,30.40,2669469,81248512.00
2023/01/06,30.10,30.29,29.14,29.36,1476720,43703464.00
2023/01/09,29.35,30.28,28.97,29.84,1038687,30910320.00
2023/01/10,29.78,29.80,29.00,29.41,895330,26192888.00
2023/01/11,29.20,30.39,28.90,30.30,1545757,46170664.00
2023/01/12,29.99,30.26,29.62,29.93,922730,27613906.00
2023/01/13,30.12,30.99,29.73,30.49,1747203,53311200.00
2023/01/16,30.50,30.70,29.90,30.04,1248824,37780392.00
2023/01/17,29.90,30.50,29.62,30.02,1034020,31039814.00
2023/01/18,29.97,29.97,29.56,29.73,450200,13393406.00
2023/01/19,29.37,30.15,29.33,29.75,855940,25400636.00
2023/01/20,29.66,31.19,29.66,30.24,1887863,57560984.00
2023/01/30,30.49,33.26,30.40,33.26,3490160,113083464.00
2023/01/31,33.26,35.45,33.01,34.09,3284480,111356960.00
2023/02/01,34.04,36.72,34.04,35.98,5316201,189961280.00
2023/02/02,35.80,35.80,34.72,34.95,1807340,63390112.00
2023/02/03,34.95,35.29,34.62,35.01,839940,29414476.00
2023/02/06,34.83,34.83,33.92,34.62,1066200,36680564.00
2023/02/07,34.62,36.81,34.25,36.66,3214917,115816928.00
2023/02/08,36.02,37.33,35.28,35.32,2052679,74057664.00
2023/02/09,35.32,35.97,34.71,35.14,1923065,67785424.00
2023/02/10,35.07,36.06,35.00,35.40,1230898,43492288.00
2023/02/13,35.29,35.29,34.21,34.51,1861262,64262460.00
2023/02/14,34.40,34.79,33.67,33.90,1541342,52374488.00
2023/02/15,34.39,35.66,34.28,34.35,1789847,62104096.00
2023/02/16,34.35,35.40,33.80,34.01,1582265,54740608.00
2023/02/17,33.81,35.90,33.81,35.40,2110185,74152704.00
2023/02/20,34.91,36.17,34.50,35.79,1704595,60817856.00
2023/02/21,35.66,37.58,35.50,37.58,2153380,79313928.00
2023/02/22,37.49,38.50,37.01,38.30,1983805,75163864.00
2023/02/23,38.03,39.16,37.34,37.49,1414860,53675548.00
2023/02/24,37.41,37.99,37.05,37.54,849340,31973602.00
2023/02/27,38.02,38.36,36.82,38.23,1591020,60053708.00
2023/02/28,37.96,39.87,37.83,39.27,1574522,61469568.00
2023/03/01,39.00,39.26,38.61,38.75,477980,18580028.00
2023/03/02,38.96,39.58,37.70,37.87,1389120,53074272.00
2023/03/03,37.68,38.52,37.58,37.70,370112,14030186.00
2023/03/06,37.76,37.77,36.91,37.45,643741,23981704.00
2023/03/07,37.56,37.95,36.80,37.16,971513,36287172.00
2023/03/08,37.50,37.60,36.69,37.16,736520,27306364.00
2023/03/09,37.16,37.40,36.00,36.70,849200,31063560.00
2023/03/10,36.50,36.82,35.35,35.72,1082120,38635968.00
2023/03/13,36.07,36.55,35.50,36.30,794580,28684928.00
2023/03/14,36.35,36.99,35.47,36.17,1024256,37121580.00
2023/03/15,36.39,36.99,36.08,36.26,411680,14984810.00
2023/03/16,36.30,36.59,35.66,35.67,671740,24227126.00
2023/03/17,35.88,36.49,35.15,35.43,601529,21430408.00
2023/03/20,35.50,35.80,34.81,34.83,599040,21015520.00
2023/03/21,34.80,37.20,34.80,36.30,1430800,51993600.00
2023/03/22,36.34,37.50,36.02,36.06,790161,28914828.00
2023/03/23,36.07,36.36,35.47,35.79,681800,24444664.00
2023/03/24,35.83,35.86,35.00,35.51,608340,21598462.00
2023/03/27,35.35,35.99,34.90,35.60,654201,23111556.00
2023/03/28,36.00,36.25,34.88,35.13,838024,29717968.00
2023/03/29,34.88,35.55,34.75,35.18,550220,19376182.00
2023/03/30,34.83,38.55,34.83,38.09,2416808,88951408.00
2023/03/31,37.89,38.20,36.34,37.80,1558120,58130200.00
2023/04/03,37.38,38.30,36.90,37.89,1539137,58192824.00
2023/04/04,38.21,38.59,37.20,37.91,613146,23152040.00
2023/04/06,37.84,37.98,37.00,37.00,769960,28728016.00
2023/04/07,37.14,37.57,36.68,36.80,891580,32987896.00
2023/04/10,36.80,37.00,35.08,35.40,1626660,57934636.00
2023/04/11,35.15,36.13,35.00,35.96,805744,28848072.00
2023/04/12,35.99,36.35,35.35,35.48,656182,23411276.00
2023/04/13,35.31,36.30,35.01,35.98,773591,27753576.00
2023/04/14,35.84,36.08,34.66,35.36,976700,34370760.00
2023/04/17,35.07,35.88,34.38,34.48,1065960,37258488.00
2023/04/18,34.60,35.87,34.60,35.20,907219,31895442.00
2023/04/19,35.10,36.16,34.82,35.52,661460,23462312.00
2023/04/20,35.64,36.24,35.37,35.69,912800,32648362.00
2023/04/21,36.44,38.98,36.30,37.30,2763711,104394192.00
2023/04/24,37.00,37.39,35.53,37.05,1879300,68844016.00
2023/04/25,36.80,37.98,35.00,35.19,1444734,52674700.00
2023/04/26,33.25,35.57,33.25,33.95,1292160,44456528.00
2023/04/27,34.10,35.76,33.96,34.34,1105175,38549344.00
2023/04/28,34.07,35.88,34.04,35.33,1157645,40750276.00
2023/05/04,34.43,35.45,33.50,33.77,1688260,57385688.00
2023/05/05,33.77,35.20,32.77,34.46,1957858,67144096.00
2023/05/08,34.79,37.91,34.70,37.91,3946717,147586368.00
2023/05/09,38.08,39.23,36.91,37.10,4470667,169463792.00
2023/05/10,37.26,40.50,36.08,39.39,4624882,181112000.00
2023/05/11,39.33,41.22,39.19,40.10,4939344,197753616.00
2023/05/12,38.55,40.05,37.30,38.58,3374246,131191520.00
2023/05/15,38.75,42.44,38.02,42.44,3459768,143569104.00
2023/05/16,42.18,43.60,39.80,41.39,6854765,283211264.00
2023/05/17,41.04,41.41,40.16,40.80,3080108,125476552.00
2023/05/18,40.62,43.21,39.00,42.99,3985056,165938000.00
2023/05/19,42.76,42.76,40.53,41.03,2625239,108401392.00
2023/05/22,40.98,41.17,39.39,41.04,2901498,116783064.00
2023/05/23,40.99,41.11,39.30,39.84,1894000,75949992.00
2023/05/24,39.52,39.80,37.48,37.92,2547811,98083992.00
2023/05/25,37.11,38.93,36.12,37.81,2709709,100655320.00
2023/05/26,35.80,37.29,35.18,35.94,2026560,73290096.00
2023/05/29,36.03,36.33,34.77,35.78,1819364,64512968.00
2023/05/30,36.29,37.20,35.05,36.25,2023560,73119232.00
2023/05/31,35.75,37.00,35.45,36.29,1914162,69404336.00
2023/06/01,36.52,39.23,36.31,38.06,2575414,96889696.00
2023/06/02,37.61,38.44,37.08,37.95,1820280,68408560.00
2023/06/05,37.51,39.35,37.51,38.57,2552064,98287376.00
2023/06/06,38.39,38.99,37.61,37.77,1369600,52348348.00
2023/06/07,37.65,39.17,37.41,38.92,1484781,57247668.00
2023/06/08,38.56,38.78,37.91,38.32,839726,32106428.00
2023/06/09,38.33,38.90,37.75,38.18,1065738,40739476.00
2023/06/12,38.38,39.66,37.81,39.16,1366201,53293596.00
2023/06/13,39.18,40.07,38.59,39.29,1054360,41531768.00
2023/06/14,39.29,40.72,39.00,39.54,1419171,56594912.00
2023/06/15,39.39,39.68,38.60,38.97,1369251,53606472.00
2023/06/16,38.32,39.40,38.19,39.06,1164880,45290264.00
2023/06/19,38.71,39.60,38.69,39.38,837536,32914678.00
2023/06/20,39.18,39.57,38.81,39.08,693417,27174004.00
2023/06/21,38.82,39.06,37.01,37.08,1095761,41277064.00
2023/06/26,37.12,37.45,36.35,36.47,1109801,40725308.00
2023/06/27,37.39,37.68,36.01,37.15,1351160,50068692.00
2023/06/28,37.36,37.36,35.51,36.13,1308700,47276384.00
2023/06/29,36.12,38.50,35.81,37.20,1840120,68856024.00
2023/06/30,37.25,39.80,36.94,39.59,1703980,65985912.00
2023/07/03,39.20,39.95,38.36,39.63,1317240,51805532.00
2023/07/04,39.10,39.92,38.50,39.05,1091820,42632284.00
2023/07/05,38.79,39.29,38.25,38.55,648372,25148684.00
2023/07/06,38.61,38.94,38.12,38.18,403800,15496301.00
2023/07/07,37.90,39.15,37.39,38.44,1021300,39206660.00
2023/07/10,38.37,38.96,37.85,38.60,624300,23940844.00
2023/07/11,39.36,39.59,38.41,39.50,689351,26892312.00
2023/07/12,39.50,41.28,38.85,39.85,1802880,71508176.00
2023/07/13,39.87,39.96,38.61,39.46,1100564,43174752.00
2023/07/14,41.33,42.16,40.01,41.22,3769002,155498208.00
2023/07/17,41.37,42.43,40.94,41.71,2178671,90617936.00
2023/07/18,41.82,43.42,41.53,43.09,2204770,94555760.00
2023/07/19,42.93,44.57,42.44,43.94,2220720,96798680.00
2023/07/20,44.16,45.58,43.44,43.67,1783640,78565608.00
2023/07/21,43.47,43.71,42.58,42.70,1420780,61134252.00
2023/07/24,42.70,42.91,41.88,42.38,873880,37003412.00
2023/07/25,42.77,42.78,41.03,41.53,1582980,65889640.00
2023/07/26,41.20,41.58,40.67,40.95,939300,38580276.00
2023/07/27,40.96,41.35,40.06,40.19,974759,39475136.00
2023/07/28,39.90,40.49,39.46,39.86,1013740,40486676.00
2023/07/31,40.22,40.59,39.77,40.00,974219,39028136.00
2023/08/01,40.00,40.95,39.68,40.40,1232400,49682400.00
2023/08/02,40.18,40.44,39.28,39.96,652900,26048508.00
2023/08/03,40.01,40.54,39.62,39.89,558600,22364454.00
2023/08/04,39.95,40.65,39.79,40.16,592225,23752672.00
2023/08/07,40.16,40.90,39.86,40.60,940240,38081624.00
2023/08/08,40.80,40.91,39.88,40.14,641920,25736332.00
2023/08/09,40.06,40.20,39.40,39.57,398200,15798496.00
2023/08/10,39.40,40.01,39.10,39.92,511292,20314096.00
2023/08/11,40.35,40.35,39.13,39.13,558911,22164310.00
2023/08/14,39.00,40.47,38.90,40.40,1157483,46035988.00
2023/08/15,40.27,40.69,39.69,39.86,553780,22172896.00
2023/08/16,40.10,40.40,39.69,39.70,429860,17232372.00
2023/08/17,39.75,40.78,39.17,40.42,535705,21502676.00
2023/08/18,40.96,40.96,39.88,40.33,623700,25214036.00
2023/08/21,40.35,40.95,39.92,40.09,693000,28014496.00
2023/08/22,40.22,41.67,39.83,41.67,2030445,83022128.00
2023/08/23,41.54,41.54,39.68,40.94,1482645,60371360.00
2023/08/24,40.80,41.14,39.87,40.00,1011600,41057120.00
2023/08/25,39.55,40.34,39.55,40.05,802951,31974066.00
2023/08/28,41.83,41.84,39.70,39.76,1120071,45457668.00
2023/08/29,39.77,43.74,39.70,43.74,3070074,131917560.00
2023/08/30,44.61,46.16,43.50,45.78,3096252,137513792.00
2023/08/31,45.00,45.08,43.16,43.75,2125969,93213928.00
2023/09/01,43.68,44.10,41.87,42.09,2074712,88316296.00
2023/09/04,42.12,42.49,41.10,41.47,1668877,69300000.00
2023/09/05,41.63,41.64,40.66,40.94,1139420,46765920.00
2023/09/06,40.53,41.41,40.21,41.14,1327919,54208760.00
2023/09/07,41.17,44.98,40.94,42.72,3166262,136533472.00
2023/09/08,41.00,43.40,40.32,43.13,2443972,102307088.00
2023/09/11,42.49,42.63,41.36,42.10,1309853,54951088.00
2023/09/12,42.20,42.25,41.41,41.78,639940,26762440.00
2023/09/13,41.70,41.89,41.10,41.63,720120,29862570.00
2023/09/14,41.42,42.00,41.00,41.53,658580,27331112.00
2023/09/15,41.50,42.18,41.06,41.06,545200,22697848.00
2023/09/18,40.60,41.41,40.52,41.08,508880,20867808.00
2023/09/19,41.20,41.20,39.80,40.17,870120,34971508.00
2023/09/20,40.46,40.55,39.88,40.17,858971,34509564.00
2023/09/21,39.68,39.68,38.28,38.28,900100,34788908.00
2023/09/22,38.60,40.14,38.45,39.90,1098580,43226376.00
2023/09/25,39.89,40.08,39.18,39.33,527575,20834608.00
2023/09/26,39.09,39.51,39.03,39.15,373280,14647747.00
2023/09/27,39.29,39.92,39.19,39.87,631960,25085992.00
2023/09/28,39.55,40.50,39.55,40.42,815480,32713056.00
2023/10/09,40.22,40.32,39.57,39.81,783744,31294316.00
2023/10/10,39.90,41.10,39.71,40.25,764680,30901628.00
2023/10/11,40.05,41.29,39.77,40.31,929620,37696672.00
2023/10/12,40.33,41.18,39.60,39.99,980700,39301352.00
2023/10/13,39.71,39.80,38.61,39.09,922926,36004360.00
2023/10/16,38.98,39.44,37.80,38.32,1105100,42278552.00
2023/10/17,38.55,39.13,37.85,38.24,799200,30634458.00
2023/10/18,38.12,38.50,37.00,37.12,1081606,40465884.00
2023/10/19,36.57,37.40,36.57,36.97,871480,32236778.00
2023/10/20,36.80,37.18,36.00,36.24,919830,33542080.00
2023/10/23,36.29,36.43,35.00,35.14,1225189,43548472.00
2023/10/24,35.34,36.85,35.06,36.23,947700,34301576.00
2023/10/25,36.51,37.48,36.33,37.27,931263,34414420.00
2023/10/26,36.88,38.64,36.81,38.05,1435626,54612776.00
2023/10/27,38.47,38.80,37.63,38.56,1037506,39818024.00
2023/10/30,38.57,39.10,38.00,38.53,1095260,42169312.00
2023/10/31,38.43,38.62,37.50,37.70,853511,32205288.00
2023/11/01,37.66,38.03,37.32,37.65,725661,27310800.00
2023/11/02,37.47,37.90,37.16,37.51,479900,18062472.00
2023/11/03,37.04,38.17,37.02,37.83,373990,14144349.00
2023/11/06,38.15,39.30,38.02,38.90,642466,24880556.00
2023/11/07,39.00,39.70,38.78,39.13,711200,27929000.00
2023/11/08,39.13,39.48,38.10,38.54,1026300,39810260.00
2023/11/09,38.71,38.90,37.79,38.51,623195,23930072.00
2023/11/10,38.41,38.41,37.45,37.55,1009060,38114888.00
2023/11/13,37.50,38.32,36.91,37.47,1089895,40758140.00
2023/11/14,37.45,38.85,37.18,38.38,1133360,43297936.00
2023/11/15,38.48,38.91,37.77,37.90,863700,32982630.00
2023/11/16,37.84,40.31,37.68,38.20,1514515,58883812.00
2023/11/17,37.99,38.49,37.52,38.29,746195,28314674.00
2023/11/20,38.67,39.86,38.15,39.20,1432300,55828812.00
2023/11/21,39.31,39.54,38.60,38.70,992100,38628336.00
2023/11/22,38.56,38.94,38.31,38.48,719300,27799182.00
2023/11/23,38.29,38.79,37.88,38.21,826240,31598872.00
2023/11/24,38.21,38.22,37.60,37.81,533800,20219666.00
2023/11/27,37.80,38.79,37.64,37.95,786450,29841516.00
2023/11/28,38.07,38.30,37.50,38.14,713734,27063000.00
2023/11/29,38.16,38.64,37.88,38.20,831900,31844160.00
2023/11/30,38.30,38.30,37.52,37.95,794535,30031134.00
2023/12/01,37.95,41.11,37.87,40.65,3129740,124254800.00
2023/12/04,40.65,41.20,39.66,40.70,2508237,101475936.00
2023/12/05,40.80,42.58,40.00,41.89,3565893,149644624.00
2023/12/06,41.39,41.80,40.16,41.20,1878593,76528256.00
2023/12/07,41.09,41.37,40.27,40.95,1914026,77979632.00
2023/12/08,40.65,40.66,39.50,39.60,1686357,67157368.00
2023/12/11,38.99,39.88,38.80,39.87,836500,33053616.00
2023/12/12,39.67,41.27,39.67,40.49,1135459,45948500.00
2023/12/13,40.88,40.88,39.44,39.60,1113111,44317340.00
2023/12/14,39.79,40.15,39.26,40.04,1309500,52096204.00
2023/12/15,40.15,40.24,39.22,39.39,744300,29393074.00
2023/12/18,39.35,39.41,38.88,38.91,818460,31952224.00
2023/12/19,39.10,39.88,38.70,39.35,1030200,40405660.00
2023/12/20,39.88,39.88,38.89,38.89,737140,28861124.00
2023/12/21,38.50,39.17,38.08,38.71,885696,34145696.00
2023/12/22,38.69,38.89,38.01,38.20,859256,32973416.00
2023/12/25,38.09,38.20,37.20,37.34,1122340,42201408.00
2023/12/26,37.49,37.78,37.20,37.52,734700,27550112.00
2023/12/27,37.70,37.96,37.39,37.77,563691,21250886.00
2023/12/28,37.79,39.05,37.35,38.35,899906,34447308.00
2023/12/29,38.38,38.97,38.03,38.55,674255,25943006.00
2024/01/02,38.54,39.57,38.50,39.01,989360,38603020.00
2024/01/03,38.82,39.79,38.62,38.75,1006720,39404936.00
2024/01/04,38.74,39.79,38.37,39.42,1034068,40602592.00
2024/01/05,39.69,39.69,38.30,38.50,722180,28164236.00
2024/01/08,38.75,39.25,38.36,38.90,853904,33290372.00
2024/01/09,38.44,39.27,38.44,39.27,517100,20190380.00
2024/01/10,39.30,39.43,38.67,39.08,553760,21633362.00
2024/01/11,39.20,39.60,38.70,39.57,682620,26818904.00
2024/01/12,39.63,40.00,38.82,39.11,611800,24182028.00
2024/01/15,39.39,39.55,38.93,39.12,419200,16432888.00
2024/01/16,39.12,39.38,38.53,39.21,683200,26559396.00
2024/01/17,38.91,39.90,38.91,39.03,991620,39049876.00
2024/01/18,39.10,40.75,38.38,39.03,1750991,68598448.00
2024/01/19,38.82,40.00,38.62,39.87,1301392,51466296.00
2024/01/22,40.30,40.53,37.31,37.56,1523071,59261616.00
2024/01/23,37.11,38.42,36.60,37.81,1152760,43295052.00
2024/01/24,37.93,38.74,37.37,38.07,943300,35895624.00
2024/01/25,38.53,40.22,37.80,39.70,1432696,56339316.00
2024/01/26,39.70,40.50,39.31,39.66,771300,30762640.00
2024/01/29,39.96,39.97,38.91,39.28,1002420,39432984.00
2024/01/30,39.01,39.50,38.01,38.23,749100,29051364.00
2024/01/31,38.34,41.99,37.90,40.74,2066260,82399056.00
2024/02/01,40.69,40.69,38.00,38.99,1653351,64559148.00
2024/02/02,38.90,39.15,36.50,38.71,1432345,54921756.00
2024/02/05,38.00,38.00,35.30,35.75,1808335,65729148.00
2024/02/06,34.99,38.20,33.02,37.97,1789506,64245644.00
2024/02/07,37.80,39.07,36.51,38.60,1699806,65175060.00
2024/02/08,38.59,40.32,38.20,40.12,1251802,49282740.00
2024/02/19,40.35,42.49,40.35,41.92,1443763,60421860.00
2024/02/20,41.20,42.96,40.25,42.22,1130771,47523076.00
2024/02/21,41.90,43.27,41.65,42.11,1177146,49993136.00
2024/02/22,41.50,43.21,41.50,42.48,1149360,48862240.00
2024/02/23,42.47,42.48,41.29,41.76,1185810,49505616.00
2024/02/26,41.70,43.25,41.31,42.44,1260957,53417408.00
2024/02/27,42.01,42.83,41.58,42.16,1019600,42880008.00
2024/02/28,42.16,43.80,40.45,40.50,1650446,70101856.00
2024/02/29,40.41,41.41,40.00,41.00,2260500,91839800.00
2024/03/01,41.39,41.90,40.35,41.73,1251940,51473776.00
2024/03/04,41.79,42.17,40.43,41.20,1323036,54218240.00
2024/03/05,40.79,42.87,40.79,42.39,1670380,70220072.00
2024/03/06,42.68,45.39,42.40,43.91,2460040,108679328.00
2024/03/07,43.85,44.74,43.26,44.26,1467298,64531260.00
2024/03/08,44.00,44.25,42.71,43.65,1299140,56505900.00
2024/03/11,43.55,44.41,43.20,43.65,1133800,49489916.00
2024/03/12,43.50,43.90,42.80,43.16,873280,37681216.00
2024/03/13,43.47,43.89,42.63,43.37,1072460,46472168.00
2024/03/14,43.35,43.66,42.85,43.30,726640,31410860.00
2024/03/15,43.17,44.70,43.05,44.69,1344349,59314568.00
2024/03/18,44.85,47.98,44.71,47.00,2074917,95606704.00
2024/03/19,46.65,46.66,45.20,45.90,1561116,71501120.00
2024/03/20,45.63,46.90,45.53,45.82,1447460,66869572.00
2024/03/21,45.79,46.02,43.80,44.06,2056960,91896288.00
2024/03/22,44.07,44.45,43.11,43.46,1075300,46941248.00
2024/03/25,42.91,44.10,42.90,43.01,1650640,71755784.00
2024/03/26,43.01,43.34,41.70,42.43,1109080,46842944.00
2024/03/27,42.43,42.73,41.89,42.01,623600,26349096.00
2024/03/28,41.61,42.98,41.61,42.02,750660,31890204.00
2024/03/29,42.02,44.25,42.00,43.49,998800,43268504.00
2024/04/01,43.62,45.75,43.50,45.11,1384800,61897644.00
2024/04/02,45.11,46.30,45.11,46.02,1096204,50335000.00
2024/04/03,46.29,46.29,44.85,45.70,760550,34596604.00
2024/04/08,45.70,45.97,45.40,45.86,586880,26875666.00
2024/04/09,45.97,45.97,44.29,44.83,637360,28503356.00
2024/04/10,44.82,44.82,43.70,44.10,548696,24214338.00
2024/04/11,44.27,45.45,43.65,45.25,523700,23485558.00
2024/04/12,45.02,45.96,45.00,45.69,531400,24173536.00
2024/04/15,45.15,46.70,44.80,45.66,1028240,46964612.00
2024/04/16,44.31,50.00,43.51,46.55,2685580,125013864.00
2024/04/17,46.35,50.50,45.88,49.20,2589097,125699224.00
2024/04/18,48.66,49.36,47.80,48.65,1572764,76217312.00
2024/04/19,48.54,49.60,47.91,49.01,1150740,56267936.00
2024/04/22,48.88,53.91,48.02,53.80,2139430,110057200.00
2024/04/23,52.72,55.77,52.01,54.80,2611240,140229632.00
2024/04/24,53.13,53.37,50.80,52.52,1927860,100655232.00
2024/04/25,51.45,55.38,51.30,55.38,2540300,136413568.00
2024/04/26,54.55,56.00,53.46,53.80,1453211,78990184.00
2024/04/29,54.01,54.65,52.60,53.79,1019993,54822328.00
2024/04/30,52.15,53.99,52.15,52.61,1071818,56887216.00
2024/05/06,52.60,53.30,51.50,53.00,1662270,86934992.00
2024/05/07,52.35,52.98,52.00,52.55,1099155,57515960.00
2024/05/08,52.53,53.40,51.72,52.45,1103185,57856368.00
2024/05/09,52.08,52.78,51.55,51.81,963954,50080912.00
2024/05/10,51.50,52.28,51.00,51.12,1066456,54940476.00
2024/05/13,51.15,52.05,50.11,51.50,934500,48072204.00
2024/05/14,51.03,54.34,51.03,54.34,2350246,124897256.00
2024/05/15,53.99,54.99,52.98,53.43,1927774,104048832.00
2024/05/16,53.45,53.70,51.25,52.95,1324976,69359656.00
2024/05/17,52.84,53.09,51.28,51.49,1434730,74171128.00
2024/05/20,51.22,52.89,50.67,52.20,1237715,64454852.00
2024/05/21,51.81,53.18,51.72,53.12,826038,43573992.00
2024/05/22,53.16,54.74,52.51,52.66,1204000,64400592.00
2024/05/23,52.65,52.65,51.00,51.45,923040,47685496.00
2024/05/24,51.02,51.98,50.58,50.60,924140,47172748.00
2024/05/27,51.00,51.52,50.65,51.15,627420,31987168.00
2024/05/28,50.15,50.86,49.50,49.84,616216,30907936.00
2024/05/29,50.00,50.43,49.17,50.09,492000,24564442.00
2024/05/30,50.09,50.48,48.80,48.82,1077042,53093716.00
2024/05/31,48.88,49.45,48.20,48.40,1016340,49601976.00
2024/06/03,48.28,49.46,47.96,48.75,1125280,54682776.00
2024/06/04,48.15,48.80,47.71,48.36,967540,46574476.00
2024/06/05,48.53,48.53,46.23,46.84,1665120,78471064.00
2024/06/06,46.68,47.19,45.12,45.44,1201218,54850004.00
2024/06/07,46.67,46.67,44.81,45.46,879000,39962652.00
2024/06/11,45.50,46.47,44.75,46.21,786951,36109940.00
2024/06/12,46.21,47.50,45.51,46.78,1032220,48325280.00
2024/06/13,46.78,47.09,45.26,45.70,723220,33169296.00
2024/06/14,46.19,46.68,45.18,45.84,667800,30613752.00
2024/06/17,45.53,45.79,44.33,45.40,1409300,63467280.00
2024/06/18,45.52,46.07,44.91,45.51,1004229,45500504.00
2024/06/19,45.51,45.51,44.50,44.69,835435,37571068.00
2024/06/20,44.70,45.49,44.19,44.70,985295,44173364.00
2024/06/21,44.71,44.97,43.53,44.45,696540,30957932.00
2024/06/24,44.00,44.63,42.45,42.50,1009801,43711584.00
2024/06/25,42.51,43.99,42.49,43.56,818780,35648564.00
2024/06/26,43.51,44.28,43.04,43.79,601200,26249788.00
2024/06/27,43.11,43.92,43.00,43.18,541700,23572524.00
2024/06/28,42.76,43.76,42.24,42.62,901000,38722648.00
2024/07/01,42.79,43.29,42.31,43.20,719500,30915372.00
2024/07/02,43.05,43.05,38.88,38.88,4765077,187905856.00
2024/07/03,39.68,40.49,38.77,38.98,3178362,125109728.00
2024/07/04,38.66,38.70,37.70,37.79,2469500,94193184.00
2024/07/05,38.16,38.16,36.60,37.05,3563480,131831552.00
2024/07/08,37.05,37.38,36.60,37.04,2175426,80395480.00
2024/07/09,37.00,37.69,36.39,37.60,1699200,63105256.00
2024/07/10,37.44,37.59,36.60,36.85,1306322,48219976.00
2024/07/11,37.39,37.62,36.84,37.11,1069678,39843248.00
2024/07/12,37.12,37.21,36.51,36.60,1142520,42008420.00
2024/07/15,36.60,36.88,36.25,36.44,916900,33502192.00
2024/07/16,36.49,36.49,35.49,35.72,1422170,50896256.00
2024/07/17,35.68,35.98,34.81,35.20,1677180,59115644.00
2024/07/18,35.03,35.03,34.23,34.69,1894280,65402968.00
2024/07/19,34.83,35.61,34.25,34.70,2284411,79500096.00
2024/07/22,34.44,34.77,33.42,34.12,2593011,88175328.00
2024/07/23,34.23,34.23,32.90,32.93,1811398,60461384.00
2024/07/24,32.90,32.99,32.20,32.26,1846015,59869012.00
2024/07/25,32.08,32.69,31.74,32.49,1415884,45720792.00
2024/07/26,32.64,32.71,31.80,32.01,1999841,64285032.00
2024/07/29,32.22,32.33,31.36,31.70,1555600,49402432.00
2024/07/30,31.52,31.70,30.54,30.76,2249800,69409152.00
2024/07/31,30.98,33.19,30.85,32.86,3667218,118807672.00
2024/08/01,32.51,33.08,31.85,32.46,2975365,96316584.00
2024/08/02,32.03,33.33,31.80,32.53,2684647,88262784.00
2024/08/05,33.20,35.78,33.20,35.78,4927987,170741552.00
2024/08/06,36.95,39.36,34.01,39.36,10294739,378656640.00
2024/08/07,37.60,41.88,36.07,37.24,10484404,406430176.00
2024/08/08,34.71,35.70,33.64,34.85,7728671,267146720.00
2024/08/09,35.88,36.88,35.15,35.15,5680179,203983344.00
2024/08/12,35.68,35.68,33.73,33.87,4863698,166491232.00
2024/08/13,33.57,33.99,32.93,33.33,3092754,102733840.00
2024/08/14,32.98,33.70,32.75,33.01,2563000,84958872.00
2024/08/15,32.91,33.82,32.57,33.22,3166638,105205760.00
2024/08/16,33.19,33.60,32.82,33.10,2398600,79597696.00
2024/08/19,32.86,34.18,32.86,33.18,3021400,101158264.00
2024/08/20,32.98,33.04,32.00,32.54,2410225,78027328.00
2024/08/21,32.58,33.18,32.21,32.85,1852747,60719644.00
2024/08/22,31.82,31.82,31.01,31.09,1736500,54427528.00
2024/08/23,31.11,31.66,30.90,31.34,1690000,52935188.00
2024/08/26,31.34,31.49,30.70,31.12,1283340,39923444.00
2024/08/27,31.33,31.59,30.93,31.26,1338000,41799968.00
2024/08/28,31.10,31.94,30.73,31.65,2301640,72529296.00
2024/08/29,31.31,32.80,30.88,32.40,2839100,90856432.00
2024/08/30,32.40,33.36,32.07,32.79,2664940,87573472.00
2024/09/02,32.79,34.14,32.46,32.88,3213600,107057408.00
2024/09/03,32.50,33.76,32.33,33.20,2490780,82586608.00
2024/09/04,32.90,33.90,32.73,33.40,1925120,64271768.00
2024/09/05,33.32,33.76,32.80,32.91,2047140,67800168.00
2024/09/06,32.82,33.00,31.71,31.79,1794300,57775260.00
2024/09/09,31.55,31.95,31.12,31.69,1631900,51600140.00
2024/09/10,31.75,31.98,30.60,31.74,2386740,74250384.00
2024/09/11,31.66,31.66,31.06,31.38,1198540,37580380.00
2024/09/12,31.38,31.66,30.88,30.90,984700,30669272.00
2024/09/13,30.81,31.24,30.30,30.30,1051540,32381080.00
2024/09/18,30.73,31.50,30.16,31.07,1362600,41836088.00
2024/09/19,31.20,32.59,31.02,31.99,1796900,57372712.00
2024/09/20,31.87,32.27,31.42,32.16,1100500,35067100.00
2024/09/23,32.16,33.00,31.99,32.02,1208950,39244908.00
2024/09/24,32.03,33.10,31.38,33.03,2150000,69669904.00
2024/09/25,33.31,34.46,33.05,33.75,2164900,73090008.00
2024/09/26,34.69,35.88,33.60,35.78,3462179,120148720.00
2024/09/27,36.00,38.83,35.91,37.80,2861180,107695000.00
2024/09/30,38.51,41.58,37.80,41.49,4900898,195720752.00
2024/10/08,45.25,45.43,40.35,42.69,4323348,184850928.00
2024/10/09,41.10,41.10,38.42,38.42,3172508,124953944.00
2024/10/10,38.00,39.20,37.64,38.88,2416222,93598456.00
2024/10/11,39.02,39.12,37.21,38.15,1568928,59999000.00
2024/10/14,38.00,40.23,37.90,40.06,3029011,119462744.00
2024/10/15,40.20,40.20,38.57,38.90,2202160,86004136.00
2024/10/16,38.15,39.18,37.77,38.17,1216900,46746132.00
2024/10/17,39.19,39.29,38.17,38.21,1259120,48802544.00
2024/10/18,38.27,39.10,37.75,38.25,1643120,62944128.00
2024/10/21,38.85,40.11,38.13,39.11,2076038,81451960.00
2024/10/22,39.50,40.31,39.12,39.85,1869560,74358944.00
2024/10/23,38.00,38.20,36.81,37.00,6290600,233877296.00
2024/10/24,36.27,36.89,36.27,36.45,2864226,104483560.00
2024/10/25,36.53,36.66,36.20,36.45,2368752,86254280.00
2024/10/28,36.01,36.87,35.61,36.53,2992106,108407112.00
2024/10/29,36.50,36.85,35.44,35.50,2942898,106025368.00
2024/10/30,34.96,35.37,34.39,35.24,2145300,74927832.00
2024/10/31,35.15,35.98,34.51,35.72,2333438,82310544.00
2024/11/01,35.49,35.97,34.53,34.57,2520582,88214264.00
2024/11/04,34.55,34.70,34.02,34.68,2209640,75963560.00
2024/11/05,34.69,35.34,34.66,35.32,2446142,85808336.00
2024/11/06,35.05,35.34,34.50,34.85,2344608,81814008.00
2024/11/07,34.80,35.87,34.40,35.66,2720084,96254528.00
2024/11/08,35.90,35.97,35.12,35.36,2297382,81497728.00
2024/11/11,35.02,35.72,34.73,35.55,2367800,83820176.00
2024/11/12,35.58,35.97,34.88,35.08,2190256,77704192.00
2024/11/13,35.08,35.51,34.71,35.30,1408440,49456996.00
2024/11/14,35.10,35.74,34.87,34.91,1840340,64999588.00
2024/11/15,34.79,35.88,34.71,35.07,2462659,87392896.00
2024/11/18,35.30,35.30,32.82,32.90,3571081,118835664.00
2024/11/19,32.88,33.19,32.39,33.11,2077243,68016608.00
2024/11/20,33.12,33.42,33.00,33.41,1598440,53058760.00
2024/11/21,33.43,33.43,33.03,33.16,1085580,36019632.00
2024/11/22,33.32,33.43,31.81,31.88,1844500,60076936.00
数据来源:通达信
