605222 起帆电缆 日线 不复权
      日期	    开盘	    最高	    最低	    收盘	    成交量	    成交额
2020/07/31,22.12,26.54,22.12,26.54,233185,6163536.00
2020/08/03,29.19,29.19,29.19,29.19,83985,2451522.00
2020/08/04,32.11,32.11,32.11,32.11,111916,3593623.00
2020/08/05,32.11,32.11,29.18,30.72,23477373,717898112.00
2020/08/06,29.80,30.15,28.51,28.96,15239126,446177664.00
2020/08/07,28.72,28.72,27.52,27.66,10665992,298229024.00
2020/08/10,27.44,28.58,27.09,28.05,8648856,242802704.00
2020/08/11,28.05,28.23,26.90,26.92,8228112,225608432.00
2020/08/12,26.60,27.38,26.55,27.33,6026530,163164016.00
2020/08/13,27.33,27.43,26.72,26.75,4957657,133440584.00
2020/08/14,26.85,26.92,26.11,26.28,4878017,128863696.00
2020/08/17,26.34,26.71,26.19,26.50,4567614,120681912.00
2020/08/18,26.65,27.45,26.40,27.10,6387868,172869520.00
2020/08/19,27.28,27.28,26.28,26.32,4707807,125543104.00
2020/08/20,26.11,26.15,25.51,25.55,4625410,118870176.00
2020/08/21,25.70,25.79,25.44,25.55,2730995,69961152.00
2020/08/24,25.63,25.63,24.86,25.04,3507709,87926088.00
2020/08/25,25.04,25.49,24.84,25.34,4059128,102107344.00
2020/08/26,25.30,25.30,24.43,24.44,3733227,92597880.00
2020/08/27,24.48,24.66,24.21,24.57,2374710,58194368.00
2020/08/28,24.50,24.56,24.02,24.22,3001150,72657432.00
2020/08/31,24.15,24.46,24.15,24.22,2119978,51531408.00
2020/09/01,24.20,24.79,24.13,24.64,2762128,67849096.00
2020/09/02,24.65,24.70,24.21,24.39,2236408,54555768.00
2020/09/03,24.40,24.55,24.13,24.16,2096428,50884184.00
2020/09/04,23.83,24.15,23.15,24.13,2136460,50531460.00
2020/09/07,24.11,24.50,24.00,24.16,2605505,63335216.00
2020/09/08,24.16,24.28,23.51,23.63,2249481,53359376.00
2020/09/09,23.50,23.50,22.86,22.87,2762593,63839984.00
2020/09/10,23.17,23.17,21.85,21.93,2480398,55662632.00
2020/09/11,22.07,22.70,21.76,22.55,2415629,53786552.00
2020/09/14,22.70,23.57,22.70,23.03,2364363,54563920.00
2020/09/15,22.88,23.33,22.65,22.93,1669812,38316180.00
2020/09/16,22.91,23.28,22.75,23.18,2248116,51926560.00
2020/09/17,23.07,23.75,23.07,23.40,2972009,69652328.00
2020/09/18,23.25,23.49,23.14,23.32,2222905,51768768.00
2020/09/21,23.32,23.49,23.11,23.19,1535286,35734980.00
2020/09/22,23.10,23.10,22.66,22.74,1694481,38636304.00
2020/09/23,22.77,23.99,22.67,23.53,3182883,75040248.00
2020/09/24,23.23,23.95,23.23,23.82,4139122,98028488.00
2020/09/25,23.95,24.06,23.40,23.45,2750582,65089228.00
2020/09/28,23.49,23.59,22.59,22.69,1768146,40641004.00
2020/09/29,22.85,22.98,22.43,22.52,1418062,32213398.00
2020/09/30,22.59,22.84,22.37,22.60,1410228,31881572.00
2020/10/09,22.95,23.93,22.89,23.88,3355815,78793056.00
2020/10/12,24.42,24.78,23.81,24.09,5784944,139818432.00
2020/10/13,23.94,23.97,23.57,23.83,3443784,81833800.00
2020/10/14,23.89,24.40,23.72,24.38,4766506,114875320.00
2020/10/15,24.50,24.50,23.66,23.76,3181129,76101312.00
2020/10/16,23.62,23.85,23.52,23.74,1576252,37290660.00
2020/10/19,23.89,23.89,23.53,23.55,1343758,31782860.00
2020/10/20,23.45,23.49,22.91,23.30,1848103,42787520.00
2020/10/21,23.33,23.34,22.88,22.90,1559917,35881528.00
2020/10/22,22.97,23.12,22.83,23.11,1122000,25825000.00
2020/10/23,22.95,23.18,22.65,22.67,1384668,31696186.00
2020/10/26,22.55,23.25,22.31,23.13,1678192,38411592.00
2020/10/27,23.38,23.58,23.17,23.23,2078865,48567696.00
2020/10/28,23.12,23.12,22.70,22.94,1690447,38701848.00
2020/10/29,22.60,22.84,22.45,22.69,1242422,28148564.00
2020/10/30,22.80,22.88,22.26,22.28,1887929,42632668.00
2020/11/02,22.28,22.45,22.05,22.37,1179142,26293268.00
2020/11/03,22.48,23.00,22.43,22.90,1388300,31614980.00
2020/11/04,22.80,23.15,22.71,22.96,1382612,31755934.00
2020/11/05,23.14,23.48,22.89,23.29,2305718,53577272.00
2020/11/06,23.38,23.52,23.08,23.30,1525900,35500876.00
2020/11/09,23.50,23.62,23.22,23.52,2809515,65937016.00
2020/11/10,23.46,23.59,22.99,22.99,2125278,49327616.00
2020/11/11,22.91,23.35,22.80,23.03,1912025,44022880.00
2020/11/12,23.04,23.22,22.91,23.14,1253653,28926664.00
2020/11/13,22.89,22.99,22.68,22.81,1468834,33487076.00
2020/11/16,22.86,23.25,22.80,23.01,1561399,35914456.00
2020/11/17,22.99,23.43,22.96,23.30,2672468,62229532.00
2020/11/18,23.30,24.08,23.21,23.95,5845192,138584352.00
2020/11/19,23.89,24.36,23.60,23.97,5007148,120030400.00
2020/11/20,23.82,24.27,23.66,24.16,4755671,114350208.00
2020/11/23,24.17,24.25,23.72,24.08,3699630,88749840.00
2020/11/24,24.08,24.78,23.84,24.70,6123670,149646224.00
2020/11/25,24.98,25.29,23.82,23.85,6307338,154912608.00
2020/11/26,23.70,26.16,23.53,25.30,10918697,273531424.00
2020/11/27,25.23,25.45,24.55,24.82,6018546,149630304.00
2020/11/30,24.61,24.95,24.24,24.46,3983138,97991880.00
2020/12/01,24.46,24.58,24.12,24.34,3210294,77974040.00
2020/12/02,24.26,24.50,24.05,24.48,3336969,81021040.00
2020/12/03,24.26,24.38,23.92,23.95,2787101,67164832.00
2020/12/04,23.90,24.16,23.81,23.96,1749086,41927820.00
2020/12/07,23.90,24.05,23.53,23.53,2022351,47942620.00
2020/12/08,23.48,23.74,23.21,23.21,1796259,42173020.00
2020/12/09,23.20,23.29,22.71,22.74,2583515,59288796.00
2020/12/10,22.66,23.06,22.60,22.80,1415597,32393154.00
2020/12/11,22.94,23.21,22.55,23.21,1742443,39864848.00
2020/12/14,23.21,23.39,23.03,23.21,1317758,30591058.00
2020/12/15,23.21,23.21,22.85,22.91,1125450,25849410.00
2020/12/16,22.91,23.12,22.60,22.70,1008230,23077208.00
2020/12/17,22.73,22.98,22.14,22.69,1685207,37848428.00
2020/12/18,22.69,22.96,22.49,22.79,1161555,26415910.00
2020/12/21,22.79,23.00,22.58,22.95,1308598,29922372.00
2020/12/22,22.94,23.14,22.32,22.35,1776815,40291672.00
2020/12/23,22.36,22.60,22.15,22.25,1332183,29740986.00
2020/12/24,22.26,22.54,21.80,22.13,1927911,42831900.00
2020/12/25,22.08,22.49,21.85,22.26,1388562,30926520.00
2020/12/28,22.38,22.39,21.62,21.64,1883715,41284952.00
2020/12/29,21.61,21.84,21.30,21.77,1189527,25687828.00
2020/12/30,21.77,21.81,21.40,21.42,1172947,25271464.00
2020/12/31,21.42,21.62,21.40,21.49,1095075,23547668.00
2021/01/04,21.61,22.35,21.55,22.35,2100966,46130688.00
2021/01/05,22.18,22.31,21.82,22.08,1748877,38548148.00
2021/01/06,21.96,22.10,21.51,21.61,1236226,26768820.00
2021/01/07,21.51,21.60,20.34,20.39,2695093,56220304.00
2021/01/08,20.39,20.39,19.60,19.78,1860110,36992596.00
2021/01/11,19.80,19.97,19.19,19.23,1854143,36323820.00
2021/01/12,19.20,20.29,19.20,20.02,1838286,36688420.00
2021/01/13,19.83,20.17,19.62,19.83,1277273,25306978.00
2021/01/14,19.83,20.12,19.55,19.88,1033165,20484016.00
2021/01/15,19.82,20.47,19.71,20.25,1448864,29195682.00
2021/01/18,20.25,20.35,20.06,20.22,1067201,21538198.00
2021/01/19,20.26,20.67,20.11,20.21,1159836,23570234.00
2021/01/20,20.21,20.38,20.12,20.26,832088,16851520.00
2021/01/21,20.28,20.44,20.05,20.07,1317400,26606452.00
2021/01/22,20.24,20.24,19.65,19.73,1445695,28687758.00
2021/01/25,19.88,19.92,19.34,19.45,1349800,26350104.00
2021/01/26,19.51,20.30,19.35,20.18,2332229,46681644.00
2021/01/27,20.00,20.18,19.65,20.02,1482529,29493122.00
2021/01/28,19.86,20.06,19.47,19.49,1308629,25803908.00
2021/01/29,19.68,19.68,19.01,19.33,1331394,25686784.00
2021/02/01,19.31,20.07,19.22,19.87,1336377,26273380.00
2021/02/02,19.87,19.96,19.50,19.67,984760,19373034.00
2021/02/03,19.60,19.60,19.20,19.25,1016233,19649328.00
2021/02/04,19.23,19.38,19.01,19.11,900516,17202672.00
2021/02/05,19.11,19.36,18.90,18.91,856694,16360612.00
2021/02/08,18.75,19.04,18.61,18.76,732036,13769622.00
2021/02/09,18.77,19.01,18.73,18.94,714233,13474579.00
2021/02/10,18.93,19.07,18.84,18.99,697133,13220022.00
2021/02/18,19.05,19.60,19.05,19.48,1395410,27055448.00
2021/02/19,19.80,19.87,19.49,19.82,1237282,24434730.00
2021/02/22,19.81,20.25,19.71,19.90,1955418,39232328.00
2021/02/23,19.85,20.06,19.76,19.90,1160142,23100140.00
2021/02/24,19.90,20.19,19.80,20.00,1398858,27943970.00
2021/02/25,20.10,20.16,19.61,19.65,1206882,23927132.00
2021/02/26,19.50,19.57,19.37,19.42,1085983,21103508.00
2021/03/01,19.42,19.71,19.42,19.71,835110,16376512.00
2021/03/02,19.71,19.97,19.60,19.87,1177290,23308562.00
2021/03/03,19.70,19.96,19.65,19.90,855483,16938478.00
2021/03/04,19.72,19.90,19.68,19.70,742188,14663834.00
2021/03/05,19.68,20.02,19.52,19.94,994946,19740704.00
2021/03/08,20.00,20.04,19.65,19.65,1073041,21312378.00
2021/03/09,19.69,19.70,18.88,19.12,1310424,25237650.00
2021/03/10,19.30,19.32,18.97,19.04,633357,12096551.00
2021/03/11,19.06,19.18,18.92,19.17,614800,11733419.00
2021/03/12,19.17,19.47,19.05,19.26,639200,12283006.00
2021/03/15,19.26,19.41,19.22,19.30,539693,10425338.00
2021/03/16,19.30,19.95,19.27,19.95,1754949,34676824.00
2021/03/17,19.85,20.06,19.74,19.83,1079935,21446542.00
2021/03/18,19.83,20.02,19.73,19.94,1017778,20257770.00
2021/03/19,19.85,21.93,19.80,21.93,4552815,97038632.00
2021/03/22,21.95,22.38,21.22,22.00,6717557,145815520.00
2021/03/23,21.70,21.85,21.04,21.12,3431825,73298832.00
2021/03/24,20.83,21.30,20.81,20.83,1913695,40212424.00
2021/03/25,21.14,21.64,20.91,21.08,2066125,43914584.00
2021/03/26,21.08,21.50,21.02,21.30,2052560,43769904.00
2021/03/29,21.30,22.29,21.00,21.75,3108156,66952152.00
2021/03/30,21.41,21.54,20.80,20.80,2566522,53909540.00
2021/03/31,20.92,21.08,20.38,21.03,1811543,37678348.00
2021/04/01,20.91,20.96,20.59,20.66,1383970,28658044.00
2021/04/02,20.80,21.10,20.66,20.89,1293570,26991750.00
2021/04/06,21.08,21.42,20.91,21.08,1610389,34038368.00
2021/04/07,20.90,21.48,20.75,21.45,2675274,56726936.00
2021/04/08,21.44,21.66,21.17,21.22,2088338,44611540.00
2021/04/09,21.02,21.64,20.97,21.52,2100313,44910844.00
2021/04/12,21.68,22.24,21.40,21.82,4259191,93237088.00
2021/04/13,21.84,21.88,21.00,21.12,2700459,57671400.00
2021/04/14,20.93,22.87,20.81,22.01,4709541,102722720.00
2021/04/15,21.89,22.28,21.33,21.64,2980950,64567536.00
2021/04/16,21.48,21.77,21.40,21.58,1979000,42639232.00
2021/04/19,21.42,21.51,21.04,21.32,2347082,49815056.00
2021/04/20,21.17,21.42,21.03,21.09,1787979,37889480.00
2021/04/21,21.10,21.34,20.91,21.22,1160629,24571532.00
2021/04/22,21.15,21.25,21.06,21.18,960000,20279164.00
2021/04/23,21.20,21.20,20.60,20.60,1643552,34207420.00
2021/04/26,21.02,21.13,20.55,20.56,1176771,24514496.00
2021/04/27,20.58,21.00,20.30,20.99,1525063,31602922.00
2021/04/28,21.00,21.15,20.61,20.68,902389,18733242.00
2021/04/29,20.68,20.80,20.45,20.50,801312,16502954.00
2021/04/30,20.74,20.74,20.38,20.48,725473,14896790.00
2021/05/06,20.10,20.55,20.00,20.15,909428,18316458.00
2021/05/07,20.14,20.25,19.83,19.85,944917,18926806.00
2021/05/10,19.86,19.91,19.35,19.37,1168416,22773242.00
2021/05/11,19.37,19.62,19.28,19.51,621132,12076330.00
2021/05/12,19.52,19.85,19.41,19.76,707140,13927072.00
2021/05/13,19.65,19.83,19.52,19.66,451615,8891085.00
2021/05/14,19.57,19.86,19.57,19.81,480336,9494087.00
2021/05/17,19.68,19.89,19.65,19.80,580958,11473346.00
2021/05/18,19.77,19.78,19.58,19.74,645300,12697397.00
2021/05/19,19.70,19.70,19.46,19.50,637488,12463569.00
2021/05/20,19.81,20.29,19.81,20.25,2084295,41975164.00
2021/05/21,20.30,20.45,20.00,20.39,1776231,35887952.00
2021/05/24,20.00,20.14,19.86,19.95,1294579,25882610.00
2021/05/25,19.96,20.00,19.80,19.95,784500,15605948.00
2021/05/26,19.97,20.27,19.87,20.17,1112619,22433348.00
2021/05/27,20.00,20.15,20.00,20.06,955100,19161114.00
2021/05/28,20.08,20.12,19.80,19.85,937879,18663226.00
2021/05/31,19.85,19.93,19.71,19.83,822496,16265658.00
2021/06/01,19.82,19.97,19.62,19.96,727278,14443923.00
2021/06/02,19.90,20.20,19.75,20.07,1145529,22908908.00
2021/06/03,20.05,20.15,19.96,20.04,968967,19426518.00
2021/06/04,20.03,20.15,19.82,19.83,811086,16194938.00
2021/06/07,19.87,19.87,19.61,19.70,788455,15538781.00
2021/06/08,19.69,19.79,19.57,19.67,546825,10752376.00
2021/06/09,19.67,19.71,19.60,19.61,597625,11729158.00
2021/06/10,19.61,19.74,19.52,19.74,610985,12004910.00
2021/06/11,19.79,19.84,19.61,19.62,600000,11800746.00
2021/06/15,19.63,19.77,19.60,19.75,749417,14746784.00
2021/06/16,19.82,20.28,19.75,20.24,1843727,37025496.00
2021/06/17,20.10,20.23,19.90,20.06,1222563,24484434.00
2021/06/18,19.96,20.03,19.70,19.80,1102605,21869078.00
2021/06/21,19.70,19.87,19.66,19.83,681605,13473355.00
2021/06/22,19.82,20.06,19.77,20.06,1139810,22725622.00
2021/06/23,20.16,20.18,19.89,19.97,833012,16635980.00
2021/06/24,19.97,20.38,19.89,20.30,2205532,44609636.00
2021/06/25,20.21,20.29,20.00,20.14,1353000,27220834.00
2021/06/28,20.11,20.60,20.05,20.51,2257181,46180724.00
2021/06/29,20.55,20.80,20.21,20.49,1946654,39900244.00
2021/06/30,20.40,20.70,20.34,20.38,1574720,32339254.00
2021/07/01,20.36,20.48,19.74,19.78,1785620,35819068.00
2021/07/02,19.70,19.77,19.15,19.22,1572134,30526286.00
2021/07/05,19.22,19.37,19.04,19.27,978132,18721616.00
2021/07/06,19.95,21.10,19.80,20.36,4062830,83268784.00
2021/07/07,20.22,20.93,20.08,20.85,3981433,81986760.00
2021/07/08,20.78,20.79,20.38,20.41,2199300,45185672.00
2021/07/09,20.44,20.78,20.30,20.51,2031666,41693580.00
2021/07/12,20.67,20.78,20.43,20.44,1775131,36507240.00
2021/07/13,20.38,20.85,20.28,20.80,2139974,44164612.00
2021/07/14,20.88,20.89,20.44,20.47,1596375,32860936.00
2021/07/15,20.36,21.20,20.00,21.20,4701135,97860216.00
2021/07/16,21.20,21.48,20.92,21.06,3806526,80600976.00
2021/07/19,20.95,21.33,20.70,20.82,2313300,48421840.00
2021/07/20,20.82,21.40,20.76,21.23,2681722,56675992.00
2021/07/21,21.23,21.40,20.92,21.03,2372158,50015832.00
2021/07/22,21.00,21.15,20.52,20.92,1946576,40692880.00
2021/07/23,20.86,20.97,20.50,20.50,1888096,38927296.00
2021/07/26,20.50,20.95,20.05,20.61,2025998,41560708.00
2021/07/27,20.61,20.72,20.11,20.14,1752580,35792600.00
2021/07/28,20.15,20.37,19.46,19.48,1854600,36555992.00
2021/07/29,19.63,19.86,19.62,19.71,1098240,21675376.00
2021/07/30,19.71,20.35,19.53,19.91,1534800,30639962.00
2021/08/02,19.91,20.98,19.91,20.86,3128604,64780808.00
2021/08/03,20.84,21.24,20.64,20.90,2632036,55314172.00
2021/08/04,20.90,21.21,20.81,21.09,1697434,35706008.00
2021/08/05,21.08,21.78,20.91,21.48,3389900,72481272.00
2021/08/06,21.78,21.79,21.20,21.43,2350537,50349084.00
2021/08/09,21.44,21.79,21.43,21.56,2282340,49382904.00
2021/08/10,21.66,22.05,21.56,22.05,3145298,68735232.00
2021/08/11,22.04,22.37,21.83,22.22,3278162,72606976.00
2021/08/12,22.00,22.48,21.81,22.25,3226203,71618136.00
2021/08/13,22.36,23.29,22.27,22.35,4176699,94760712.00
2021/08/16,22.34,24.09,22.30,22.97,6625199,153733344.00
2021/08/17,22.89,23.30,22.01,22.15,3990180,89817424.00
2021/08/18,21.90,22.80,21.90,22.80,3381495,76461552.00
2021/08/19,22.71,22.99,22.28,22.51,2341421,52680324.00
2021/08/20,22.39,23.07,21.81,22.93,3226835,73182720.00
2021/08/23,23.10,23.52,22.81,23.52,4493787,104388560.00
2021/08/24,23.50,23.70,22.79,23.07,4841446,111806480.00
2021/08/25,22.95,23.50,22.87,23.13,3193410,74066408.00
2021/08/26,23.28,23.38,22.61,22.72,3090328,71010280.00
2021/08/27,22.55,22.83,22.42,22.52,2250658,50778736.00
2021/08/30,22.60,22.96,22.28,22.63,2346638,53112580.00
2021/08/31,22.51,22.69,21.85,22.23,2889260,64217816.00
2021/09/01,22.45,22.58,21.89,22.34,3041374,67611296.00
2021/09/02,22.23,23.40,22.02,23.34,4487852,103202496.00
2021/09/03,23.21,23.30,22.08,22.20,3907740,88614416.00
2021/09/06,22.21,22.45,21.55,22.38,3095624,68382344.00
2021/09/07,22.19,23.45,22.17,23.37,4344154,100220752.00
2021/09/08,23.52,24.40,23.52,24.04,5736772,137845280.00
2021/09/09,24.09,24.14,23.49,23.79,2871136,68282656.00
2021/09/10,23.65,24.25,23.53,23.67,3036949,72317104.00
2021/09/13,23.52,23.55,22.63,23.11,3147320,72267680.00
2021/09/14,23.00,23.06,22.20,22.32,3112798,70281504.00
2021/09/15,22.22,22.86,22.12,22.77,2439000,55092160.00
2021/09/16,22.76,23.05,22.00,22.03,2816900,63386936.00
2021/09/17,22.05,22.45,21.84,22.35,2056700,45536108.00
2021/09/22,22.18,23.06,22.06,22.94,2174950,49272276.00
2021/09/23,22.87,23.45,22.59,22.74,2190500,50346516.00
2021/09/24,22.70,22.95,22.17,22.19,1674780,37535016.00
2021/09/27,22.19,22.67,21.27,21.37,2497936,54355840.00
2021/09/28,21.33,21.62,21.16,21.32,1483339,31630280.00
2021/09/29,21.05,21.05,20.35,20.42,2544600,52453220.00
2021/09/30,20.30,21.10,20.25,20.98,1936439,40191908.00
2021/10/08,21.05,21.52,20.83,21.06,1437000,30383612.00
2021/10/11,20.95,21.40,20.72,21.03,1162140,24462456.00
2021/10/12,20.99,21.29,20.75,21.07,1865715,39135132.00
2021/10/13,21.40,21.47,20.16,20.67,2244377,46196240.00
2021/10/14,20.66,21.19,20.40,21.00,1474244,30888504.00
2021/10/15,20.93,21.10,20.58,20.77,1093369,22733982.00
2021/10/18,20.77,21.22,20.72,20.82,1348158,28223004.00
2021/10/19,20.77,21.21,20.71,21.08,1256702,26423332.00
2021/10/20,20.98,21.75,20.90,21.48,2071494,44330024.00
2021/10/21,21.50,21.50,21.13,21.33,1409273,29999276.00
2021/10/22,21.33,21.35,20.78,20.83,1304950,27378770.00
2021/10/25,20.52,21.17,20.52,21.11,959350,20114880.00
2021/10/26,21.05,21.60,20.97,21.27,1767700,37655944.00
2021/10/27,21.27,21.96,21.27,21.73,3521993,76265032.00
2021/10/28,21.60,21.70,20.76,20.89,3846130,81324504.00
2021/10/29,20.90,21.75,20.90,21.54,2820368,60423856.00
2021/11/01,21.80,22.92,21.80,22.53,4730703,106028528.00
2021/11/02,22.49,22.76,22.01,22.42,3226470,71981992.00
2021/11/03,22.32,23.16,22.10,22.76,4438755,100795872.00
2021/11/04,23.30,25.04,22.81,25.04,8582674,209027568.00
2021/11/05,26.01,26.88,25.39,25.46,18197884,475042080.00
2021/11/08,25.80,27.20,25.51,26.39,12406671,325495232.00
2021/11/09,26.13,26.53,25.71,25.83,6124884,159254912.00
2021/11/10,25.70,25.80,24.58,25.24,6419843,160252400.00
2021/11/11,25.01,25.38,24.70,24.78,4298404,107095624.00
2021/11/12,24.62,25.78,24.51,25.38,6145820,155252768.00
2021/11/15,25.26,25.32,24.52,24.72,5117400,127227136.00
2021/11/16,24.95,26.37,24.29,25.98,9992087,253852336.00
2021/11/17,25.78,28.58,25.61,28.58,13779563,377761088.00
2021/11/18,29.70,31.44,29.70,31.44,30012046,931876352.00
2021/11/19,30.66,31.40,28.95,29.80,24606229,740148864.00
2021/11/22,30.02,30.76,29.45,30.15,16696759,503589600.00
2021/11/23,29.85,30.00,28.21,28.76,12865377,372225600.00
2021/11/24,28.52,28.58,27.70,28.25,10597164,297845696.00
2021/11/25,28.30,28.81,27.48,27.77,10169704,286043168.00
2021/11/26,27.21,28.10,27.08,27.58,9438013,259625584.00
2021/11/29,27.17,28.22,26.86,28.05,9837968,273876000.00
2021/11/30,28.27,28.33,27.10,27.60,7455680,205726912.00
2021/12/01,27.60,28.00,27.33,27.78,4836513,133571552.00
2021/12/02,27.45,27.76,25.54,25.80,11543772,301706464.00
2021/12/03,25.50,25.87,25.20,25.70,5943604,151825440.00
2021/12/06,25.88,26.18,25.00,25.53,5771628,149068288.00
2021/12/07,25.66,25.82,24.61,25.15,4673446,116965536.00
2021/12/08,25.23,25.95,25.08,25.65,4107542,105224872.00
2021/12/09,25.66,25.75,25.09,25.28,3862848,97561592.00
2021/12/10,25.29,25.66,24.88,25.46,3063340,77575568.00
2021/12/13,25.40,25.86,25.10,25.78,4219312,107926496.00
2021/12/14,25.57,26.36,25.56,26.15,5395090,140689072.00
2021/12/15,26.08,26.58,25.65,26.05,5824734,152506480.00
2021/12/16,26.06,26.40,25.35,25.47,5709033,146544000.00
2021/12/17,25.66,26.00,25.18,25.32,4934701,126094880.00
2021/12/20,25.33,25.35,24.49,24.50,4107212,101959808.00
2021/12/21,24.36,25.16,24.35,25.07,3168200,78607056.00
2021/12/22,25.09,25.15,24.78,24.79,2103449,52343252.00
2021/12/23,24.75,25.27,24.53,25.05,2968200,73989136.00
2021/12/24,25.06,25.06,24.02,24.06,3239149,79547856.00
2021/12/27,24.45,24.88,24.20,24.40,2802100,68845376.00
2021/12/28,24.43,24.84,24.35,24.75,2224668,54813904.00
2021/12/29,24.75,25.75,24.75,25.43,5000174,126991960.00
2021/12/30,25.43,26.96,25.34,25.95,7343016,192349152.00
2021/12/31,26.05,26.43,25.92,25.99,4106811,107405576.00
2022/01/04,26.09,26.25,25.65,25.99,3847569,99586304.00
2022/01/05,26.00,26.39,25.25,25.35,5387804,139400144.00
2022/01/06,25.24,26.15,25.14,25.88,4298099,110769592.00
2022/01/07,25.89,25.96,24.69,24.76,4230887,106916208.00
2022/01/10,24.54,25.14,24.20,24.84,2328900,57744640.00
2022/01/11,24.99,25.07,24.25,24.38,2193500,53918492.00
2022/01/12,24.58,25.46,24.55,25.40,4519800,113890936.00
2022/01/13,26.27,26.36,25.31,25.45,5641200,145098304.00
2022/01/14,25.26,26.32,25.16,25.78,4786826,124111184.00
2022/01/17,25.90,26.07,25.28,25.39,5593587,142821728.00
2022/01/18,25.35,26.28,25.22,26.27,7365194,190863952.00
2022/01/19,26.50,26.53,25.44,25.80,4660684,120188328.00
2022/01/20,25.74,25.94,24.34,24.36,5022400,124820864.00
2022/01/21,24.20,24.65,24.05,24.14,2725161,66154144.00
2022/01/24,24.13,24.55,23.36,24.52,2567342,61755360.00
2022/01/25,24.28,24.53,23.75,23.76,1937772,46708316.00
2022/01/26,23.76,25.49,23.76,25.14,5782544,144185344.00
2022/01/27,25.08,25.48,24.15,24.18,3658831,90904944.00
2022/01/28,24.39,24.96,22.91,24.40,3802352,91117752.00
2022/02/07,24.68,25.85,24.64,25.53,4585532,116701072.00
2022/02/08,25.53,25.57,24.99,25.46,3108992,78515096.00
2022/02/09,25.42,25.43,25.06,25.34,2671456,67307680.00
2022/02/10,25.30,25.53,24.59,24.76,2898361,72582736.00
2022/02/11,24.62,24.72,23.79,23.92,3110584,74928000.00
2022/02/14,23.51,24.10,23.40,23.67,1313481,31197016.00
2022/02/15,23.80,24.44,23.54,24.09,1701901,40894068.00
2022/02/16,24.27,24.35,23.86,24.08,1334971,32079816.00
2022/02/17,23.90,24.08,23.81,23.83,1486201,35510864.00
2022/02/18,23.60,23.77,23.49,23.72,1527630,36083456.00
2022/02/21,23.72,23.91,23.60,23.84,1381396,32829472.00
2022/02/22,23.72,23.79,23.05,23.17,2127312,49535676.00
2022/02/23,23.17,23.52,23.13,23.47,2112026,49343496.00
2022/02/24,23.30,23.95,22.81,23.05,3013421,70422552.00
2022/02/25,23.21,23.42,23.02,23.07,1475300,34284316.00
2022/02/28,23.23,23.23,22.45,22.93,2008601,45621972.00
2022/03/01,23.06,23.52,22.90,23.12,1879800,43661888.00
2022/03/02,23.11,23.20,22.65,23.16,1117049,25629072.00
2022/03/03,23.29,23.30,22.80,22.86,1094209,25146392.00
2022/03/04,22.77,23.03,22.62,22.67,1227700,27922256.00
2022/03/07,22.58,22.58,21.96,22.00,1602032,35551780.00
2022/03/08,21.97,22.25,20.60,21.40,3039200,64869096.00
2022/03/09,21.22,21.46,20.43,21.08,2190700,46175312.00
2022/03/10,21.50,21.66,21.13,21.20,1300338,27803680.00
2022/03/11,20.99,21.30,20.51,21.30,1342393,28100532.00
2022/03/14,21.20,21.20,20.70,20.75,1055160,22087734.00
2022/03/15,20.62,20.75,19.39,19.39,2005009,40228216.00
2022/03/16,20.00,20.46,19.38,20.38,2341315,46568168.00
2022/03/17,20.70,20.79,20.35,20.41,1851100,38080820.00
2022/03/18,20.42,20.54,20.15,20.44,1272199,25927512.00
2022/03/21,20.50,20.76,20.32,20.57,1228483,25261666.00
2022/03/22,20.37,20.81,20.24,20.64,1179002,24287624.00
2022/03/23,20.64,21.25,20.61,21.13,2041503,42904512.00
2022/03/24,20.90,20.90,20.49,20.55,1530900,31624030.00
2022/03/25,20.55,20.98,20.25,20.42,1253373,25800508.00
2022/03/28,20.22,20.40,19.85,20.21,1583335,31901058.00
2022/03/29,20.38,20.48,19.85,19.93,1216324,24363592.00
2022/03/30,20.01,20.33,20.01,20.30,1184331,23969808.00
2022/03/31,20.20,20.40,20.16,20.30,1005900,20427440.00
2022/04/01,20.16,20.49,19.99,20.42,1028901,20828172.00
2022/04/06,20.45,20.68,20.04,20.60,1280191,26151142.00
2022/04/07,20.50,20.73,20.35,20.35,1374542,28224686.00
2022/04/08,20.41,20.53,19.98,20.15,1370069,27650634.00
2022/04/11,20.21,20.21,19.00,19.19,2154826,42145344.00
2022/04/12,19.19,19.55,19.08,19.53,1140692,22064968.00
2022/04/13,19.46,19.85,19.20,19.57,1117343,21870312.00
2022/04/14,19.62,19.78,19.40,19.51,1083900,21208692.00
2022/04/15,19.56,20.40,19.56,20.15,3237961,64898512.00
2022/04/18,19.98,20.03,19.69,19.83,1998186,39605320.00
2022/04/19,19.90,20.36,19.83,19.90,1696247,34051936.00
2022/04/20,19.80,20.20,19.79,19.91,1305819,26099516.00
2022/04/21,20.09,20.09,19.02,19.13,2460088,47598664.00
2022/04/22,18.95,19.29,18.70,18.86,1560683,29411380.00
2022/04/25,18.76,18.76,17.56,17.57,1863997,33660480.00
2022/04/26,17.75,17.75,16.88,16.91,1413698,24368202.00
2022/04/27,16.90,17.80,16.10,17.63,2237649,37810256.00
2022/04/28,17.50,17.50,16.60,16.93,2114966,35924324.00
2022/04/29,17.13,17.89,17.08,17.80,2287121,40136952.00
2022/05/05,17.71,18.09,17.53,17.79,1654576,29532992.00
2022/05/06,17.36,17.77,17.20,17.63,1052715,18450216.00
2022/05/09,17.70,17.88,17.52,17.72,937094,16596804.00
2022/05/10,17.54,18.15,17.31,18.05,1350410,24213876.00
2022/05/11,18.08,18.61,18.08,18.15,1892428,34784648.00
2022/05/12,18.09,18.41,18.00,18.17,1221110,22208382.00
2022/05/13,18.30,18.39,18.00,18.22,843200,15342138.00
2022/05/16,18.48,18.48,17.89,18.04,1092162,19786876.00
2022/05/17,18.10,18.13,17.70,18.03,1008800,18082516.00
2022/05/18,18.04,18.46,18.00,18.24,1271600,23260208.00
2022/05/19,18.00,18.55,17.70,18.52,1584402,29023468.00
2022/05/20,18.58,18.69,18.35,18.66,1498094,27818216.00
2022/05/23,18.54,18.54,18.27,18.46,995683,18336374.00
2022/05/24,18.43,19.47,18.35,18.58,4474251,84554616.00
2022/05/25,18.44,19.10,18.37,18.90,3180745,59495288.00
2022/05/26,18.95,19.09,18.40,18.76,1831983,34356952.00
2022/05/27,18.75,18.93,18.38,18.53,1214644,22610990.00
2022/05/30,18.58,18.69,18.38,18.58,1013400,18789274.00
2022/05/31,18.65,19.18,18.58,19.08,2326300,44004364.00
2022/06/01,19.08,19.80,18.95,19.69,3078063,60201528.00
2022/06/02,19.68,20.00,19.38,19.99,2797202,55066892.00
2022/06/06,20.01,20.55,20.01,20.48,2711789,55279128.00
2022/06/07,21.99,21.99,20.72,20.88,9771568,207035568.00
2022/06/08,20.69,20.79,19.70,19.98,6040140,121319328.00
2022/06/09,19.84,19.90,19.18,19.33,2833993,55267696.00
2022/06/10,19.41,19.64,19.11,19.42,2574782,50045856.00
2022/06/13,19.31,19.55,19.14,19.36,2106802,40751004.00
2022/06/14,19.17,19.61,18.63,19.56,2985200,57044568.00
2022/06/15,19.57,19.59,19.23,19.27,2212219,42859952.00
2022/06/16,19.21,19.49,19.21,19.28,1484261,28679728.00
2022/06/17,19.23,20.67,19.03,20.56,6922366,139305840.00
2022/06/20,20.61,21.43,20.61,20.97,5378126,113149760.00
2022/06/21,21.40,21.98,20.91,21.11,5727754,122384024.00
2022/06/22,21.43,21.44,20.93,20.98,3440298,72917904.00
2022/06/23,21.32,21.32,20.62,21.13,2457568,51520400.00
2022/06/24,21.25,21.97,21.14,21.63,4509862,97691136.00
2022/06/27,21.63,21.99,21.37,21.55,2926177,63152700.00
2022/06/28,21.55,22.77,21.39,22.53,5055687,112495264.00
2022/06/29,22.53,22.62,21.58,21.76,3597049,79075272.00
2022/06/30,21.73,23.26,21.50,22.77,4575501,103303712.00
2022/07/01,22.76,22.87,22.10,22.42,2264080,50705296.00
2022/07/04,22.35,22.80,21.77,22.79,1885475,42305536.00
2022/07/05,22.86,22.89,21.93,22.24,1874200,41798200.00
2022/07/06,22.37,22.52,21.68,21.89,1794388,39486560.00
2022/07/07,21.83,22.00,21.20,21.89,2000549,43543316.00
2022/07/08,21.89,22.09,21.62,21.89,1754289,38331236.00
2022/07/11,21.90,21.90,21.00,21.30,2814400,59992084.00
2022/07/12,21.38,22.22,21.00,21.11,3176888,67992416.00
2022/07/13,21.11,22.27,21.06,22.10,3887985,85015744.00
2022/07/14,22.01,24.22,22.01,23.87,7937397,186952496.00
2022/07/15,23.58,25.65,23.40,24.63,10679013,262925152.00
2022/07/18,24.38,25.27,24.03,24.90,6271939,155230080.00
2022/07/19,24.84,25.07,24.31,24.66,6213498,153124592.00
2022/07/20,24.80,25.73,24.00,25.32,6323417,158672816.00
2022/07/21,25.32,25.37,24.46,24.52,4251826,105619912.00
2022/07/22,24.50,24.99,23.94,24.21,2870678,69898464.00
2022/07/25,24.14,25.10,23.89,24.47,4309700,105824648.00
2022/07/26,24.47,24.65,23.75,24.47,2722742,66143324.00
2022/07/27,24.35,24.77,23.92,24.73,3116252,75858144.00
2022/07/28,24.78,24.94,24.05,24.27,2918507,71021504.00
2022/07/29,24.18,24.84,23.80,23.92,2838772,68767832.00
2022/08/01,23.51,23.88,23.03,23.53,2561400,60119988.00
2022/08/02,23.25,23.46,22.05,22.14,3404573,76591392.00
2022/08/03,22.23,22.74,21.37,21.47,2989069,65755348.00
2022/08/04,21.83,22.30,21.37,21.74,2216800,48355776.00
2022/08/05,21.74,22.04,21.23,21.68,2028063,43749436.00
2022/08/08,21.56,22.24,21.32,22.14,2836259,62190504.00
2022/08/09,22.20,23.42,21.66,22.93,3588363,82018360.00
2022/08/10,22.62,22.96,22.28,22.52,2020323,45332208.00
2022/08/11,22.52,22.63,22.20,22.51,1651500,37053860.00
2022/08/12,22.51,22.65,21.87,21.87,2123300,46970664.00
2022/08/15,21.75,22.30,21.70,22.22,1753057,38729400.00
2022/08/16,22.36,23.76,22.26,22.97,3982400,91962896.00
2022/08/17,23.07,23.60,22.82,23.09,3306211,76752672.00
2022/08/18,23.09,23.83,22.94,23.27,2246604,52336216.00
2022/08/19,23.36,23.36,22.76,22.91,1576200,36182888.00
2022/08/22,22.81,23.26,22.30,22.49,1449800,32745776.00
2022/08/23,22.49,22.79,22.22,22.50,2254587,50553240.00
2022/08/24,22.50,22.60,21.03,21.07,2947046,63456224.00
2022/08/25,21.16,21.35,20.55,20.89,2252001,46842568.00
2022/08/26,20.88,21.39,20.61,20.96,1431074,30235932.00
2022/08/29,20.77,21.29,20.32,20.99,1123336,23566560.00
2022/08/30,21.13,21.19,20.60,20.86,1048757,21865950.00
2022/08/31,20.84,20.86,19.56,19.58,2672300,53251372.00
2022/09/01,19.48,19.90,19.33,19.47,1380511,26930100.00
2022/09/02,19.31,19.51,19.16,19.44,1126709,21797570.00
2022/09/05,19.44,19.76,19.27,19.54,1404949,27535266.00
2022/09/06,19.67,19.83,19.40,19.77,1019722,20052316.00
2022/09/07,19.80,20.11,19.60,19.74,1538200,30513602.00
2022/09/08,19.61,19.85,19.61,19.66,858570,16943160.00
2022/09/09,19.77,19.77,19.31,19.43,999500,19414996.00
2022/09/13,19.49,19.69,19.31,19.47,987130,19203928.00
2022/09/14,19.21,19.35,18.98,19.15,1002149,19164240.00
2022/09/15,19.32,19.39,18.55,18.69,1476357,27861372.00
2022/09/16,18.00,18.88,18.00,18.20,1754847,32372960.00
2022/09/19,18.20,18.48,17.87,18.45,2074791,37662188.00
2022/09/20,18.45,19.15,18.45,18.64,2157709,40239272.00
2022/09/21,18.66,19.76,18.59,19.29,4912934,94714800.00
2022/09/22,19.07,21.22,19.04,21.22,7222948,149314976.00
2022/09/23,21.50,22.89,21.06,21.78,11688962,256294928.00
2022/09/26,21.77,22.44,21.67,21.97,6773856,149388672.00
2022/09/27,22.58,23.98,22.44,23.88,11186244,259787440.00
2022/09/28,23.88,23.88,22.50,22.62,6854433,158236944.00
2022/09/29,22.65,22.88,21.50,22.22,5453333,120254784.00
2022/09/30,22.39,22.43,21.16,21.25,3493371,75162192.00
2022/10/10,21.25,21.55,20.50,20.75,3382737,70923856.00
2022/10/11,20.69,22.83,20.68,22.83,3216812,70870232.00
2022/10/12,23.00,24.95,22.56,24.61,12406521,294993056.00
2022/10/13,24.50,25.05,24.10,24.43,8840827,216434672.00
2022/10/14,24.50,24.73,23.98,24.23,6489906,157676000.00
2022/10/17,24.20,24.96,23.66,24.38,8182710,198593424.00
2022/10/18,24.39,26.42,24.21,26.15,14270950,362751296.00
2022/10/19,25.82,26.89,25.36,25.91,9748929,254969888.00
2022/10/20,25.51,25.79,24.51,24.70,7584624,188842144.00
2022/10/21,25.22,27.17,25.22,27.17,13679199,366779520.00
2022/10/24,27.09,29.03,26.58,28.30,13696341,386431424.00
2022/10/25,27.85,29.68,27.30,29.06,8953076,254822720.00
2022/10/26,28.50,29.77,27.81,28.74,8572573,247354816.00
2022/10/27,28.30,28.98,27.10,27.84,8971008,250160256.00
2022/10/28,27.11,29.70,26.98,27.41,6767239,191068000.00
2022/10/31,27.03,29.02,26.57,28.03,6028873,168966128.00
2022/11/01,27.69,28.37,26.51,27.90,6590458,180896128.00
2022/11/02,27.57,27.86,25.88,27.02,9129629,244981920.00
2022/11/03,26.15,27.64,25.34,27.13,9136843,244642608.00
2022/11/04,27.19,28.96,27.14,28.56,6232721,176313216.00
2022/11/07,28.66,28.80,26.17,27.55,9228248,250239648.00
2022/11/08,27.66,29.13,27.27,28.53,7240874,205490320.00
2022/11/09,28.60,28.70,27.11,27.68,3591854,100607664.00
2022/11/10,27.47,28.21,27.17,27.93,2859706,79227760.00
2022/11/11,29.00,29.50,26.70,27.05,5829100,160954496.00
2022/11/14,26.44,27.45,25.63,26.06,5243577,138500624.00
2022/11/15,26.07,26.87,25.80,26.65,3428933,90848248.00
2022/11/16,26.65,26.65,25.92,26.21,2534944,66512740.00
2022/11/17,26.11,26.15,25.32,25.63,2525643,64525528.00
2022/11/18,25.63,26.48,25.30,25.92,2351127,61128928.00
2022/11/21,25.91,27.68,25.38,26.97,5240933,140127520.00
2022/11/22,27.18,27.50,26.53,27.16,3841600,103922824.00
2022/11/23,26.85,27.89,26.05,27.75,3316509,89772088.00
2022/11/24,27.68,28.50,27.22,27.69,2857800,79928216.00
2022/11/25,27.99,28.30,26.95,27.39,2778826,76734648.00
2022/11/28,26.51,28.37,26.50,28.20,3702800,103048288.00
2022/11/29,28.32,28.32,27.27,27.71,2916605,80757712.00
2022/11/30,27.46,27.88,26.52,27.05,3223521,86744872.00
2022/12/01,27.45,27.47,26.60,26.91,3786929,102131112.00
2022/12/02,26.92,27.70,26.62,27.00,2257887,61505280.00
2022/12/05,27.24,27.24,25.88,26.40,3137467,82694648.00
2022/12/06,26.31,27.22,25.76,26.97,2983227,79138376.00
2022/12/07,26.80,27.68,25.95,26.03,4006162,106626336.00
2022/12/08,25.97,26.76,25.59,26.51,2091336,55151416.00
2022/12/09,26.70,26.90,26.18,26.47,2029550,53804524.00
2022/12/12,26.25,26.44,25.98,26.32,916000,23996248.00
2022/12/13,26.30,26.30,25.08,25.13,2118106,54134776.00
2022/12/14,25.05,25.25,24.78,24.92,1499547,37565232.00
2022/12/15,24.81,25.78,24.61,25.64,1872187,47254936.00
2022/12/16,25.60,25.67,25.10,25.35,1600981,40547628.00
2022/12/19,25.20,25.65,24.97,25.26,1087464,27472030.00
2022/12/20,25.28,26.85,24.76,26.58,3755714,97888424.00
2022/12/21,26.68,27.38,26.34,26.69,2518730,67515704.00
2022/12/22,26.69,26.72,25.22,25.50,2776922,71672896.00
2022/12/23,25.40,25.85,24.93,25.04,1605400,40506216.00
2022/12/26,24.95,26.16,24.80,26.03,1367064,35241208.00
2022/12/27,25.75,26.35,25.41,25.61,1624300,41740732.00
2022/12/28,25.35,26.22,25.18,25.90,1594200,40990324.00
2022/12/29,25.86,27.16,25.86,26.38,1830500,48815600.00
2022/12/30,26.27,27.57,26.13,27.24,3444351,92661896.00
2023/01/03,27.24,28.07,27.01,27.82,2323388,64256456.00
2023/01/04,27.56,27.74,25.87,26.20,4058194,107876248.00
2023/01/05,26.06,27.96,25.82,27.60,3656323,99347376.00
2023/01/06,27.40,28.46,27.29,27.75,2782300,77676936.00
2023/01/09,27.80,28.34,27.31,27.67,1857400,51395624.00
2023/01/10,27.31,27.93,27.28,27.56,1057749,29216548.00
2023/01/11,27.30,27.98,27.07,27.55,1458100,40152224.00
2023/01/12,27.03,27.93,27.03,27.50,1124400,30949298.00
2023/01/13,27.24,27.62,27.06,27.20,1062249,28947044.00
2023/01/16,27.33,27.34,26.35,26.63,2170900,57948484.00
2023/01/17,26.65,28.25,26.65,27.66,3279792,90369536.00
2023/01/18,27.34,28.22,26.55,28.06,3327898,92161680.00
2023/01/19,28.41,28.46,27.60,27.66,1447750,40186012.00
2023/01/20,27.90,27.95,27.30,27.45,2017950,55571544.00
2023/01/30,27.58,27.60,26.54,27.26,3083822,83489008.00
2023/01/31,27.12,28.88,26.95,28.04,4837145,136480112.00
2023/02/01,28.08,29.27,27.86,28.89,5424062,155047712.00
2023/02/02,29.13,30.04,27.25,29.39,8464227,243180128.00
2023/02/03,28.60,29.23,27.25,27.71,8280118,230686528.00
2023/02/06,27.58,27.83,26.78,27.60,4332475,118426328.00
2023/02/07,27.72,27.82,27.08,27.71,2503280,68817656.00
2023/02/08,27.67,28.82,27.61,28.26,4173349,118400936.00
2023/02/09,28.38,31.09,28.38,31.06,15579133,476542208.00
2023/02/10,31.20,31.20,29.60,30.00,8239247,247433952.00
2023/02/13,30.07,30.89,29.93,30.50,5926600,181042784.00
2023/02/14,31.18,31.60,30.07,30.36,9863285,302672256.00
2023/02/15,30.18,30.28,29.22,29.38,6414700,189813040.00
2023/02/16,29.18,29.36,28.10,28.46,4743604,136277632.00
2023/02/17,28.51,29.14,27.87,28.88,4376948,124649280.00
2023/02/20,28.48,29.53,28.18,29.20,4903400,142739152.00
2023/02/21,29.20,29.37,28.45,29.25,3153700,91054768.00
2023/02/22,29.10,30.66,28.92,30.00,4992695,150429328.00
2023/02/23,29.77,30.46,29.65,30.23,2672704,80492144.00
2023/02/24,30.38,30.50,29.40,29.42,1881129,55873700.00
2023/02/27,29.48,29.98,28.71,28.90,3361500,98194792.00
2023/02/28,29.00,29.46,28.58,29.04,1902965,54993544.00
2023/03/01,29.01,29.02,27.88,28.27,4352447,122892832.00
2023/03/02,28.14,28.30,27.71,27.78,2174423,60715824.00
2023/03/03,27.78,28.28,27.65,28.28,2174740,60978380.00
2023/03/06,28.29,28.90,27.86,28.44,3062148,87157512.00
2023/03/07,28.51,29.29,26.95,27.01,7356436,205469040.00
2023/03/08,26.99,27.09,25.10,25.53,8184865,211484960.00
2023/03/09,25.52,25.57,24.13,24.90,7724061,190510880.00
2023/03/10,24.54,24.65,24.06,24.06,3632758,88254232.00
2023/03/13,24.25,24.58,23.60,24.03,3136700,75311000.00
2023/03/14,23.86,23.90,22.90,23.30,4082973,94931384.00
2023/03/15,23.30,24.11,23.30,23.65,3638800,86461000.00
2023/03/16,23.57,23.58,22.65,22.79,2546597,58671612.00
2023/03/17,22.90,23.02,22.16,22.25,4174426,93696984.00
2023/03/20,22.05,22.95,21.92,22.75,3099975,69953824.00
2023/03/21,22.75,22.92,22.36,22.85,2514452,56885624.00
2023/03/22,22.95,23.13,22.43,22.48,3323283,75364848.00
2023/03/23,22.48,22.56,22.11,22.23,1885546,41980264.00
2023/03/24,22.18,22.73,22.09,22.39,2065043,46284176.00
2023/03/27,22.40,22.70,22.08,22.57,2089883,46874280.00
2023/03/28,22.53,22.87,22.22,22.39,2318083,51891172.00
2023/03/29,22.42,22.55,22.21,22.34,1592300,35582512.00
2023/03/30,22.21,22.73,22.11,22.60,2988633,67267784.00
2023/03/31,22.59,23.15,22.46,22.98,2721469,62390416.00
2023/04/03,22.98,23.04,22.55,22.66,2599281,59001972.00
2023/04/04,22.60,22.60,21.47,21.62,5040570,110582512.00
2023/04/06,21.85,22.00,21.43,21.80,1864600,40554776.00
2023/04/07,21.82,22.30,21.76,22.22,2462700,54605444.00
2023/04/10,22.29,22.29,21.56,21.72,2133500,46536988.00
2023/04/11,21.72,21.77,21.08,21.29,2635781,56196796.00
2023/04/12,21.20,21.45,20.93,21.24,1957018,41334676.00
2023/04/13,21.28,21.43,21.03,21.05,1587494,33588276.00
2023/04/14,21.00,21.19,20.92,21.11,1459129,30703292.00
2023/04/17,21.15,21.71,20.94,21.55,1880654,40484832.00
2023/04/18,21.67,21.78,21.44,21.53,1239700,26780614.00
2023/04/19,21.53,21.58,21.23,21.32,1180683,25217060.00
2023/04/20,21.37,21.37,20.58,20.80,1738083,36124220.00
2023/04/21,20.80,21.12,20.42,20.49,1637500,33922656.00
2023/04/24,20.49,21.08,20.35,20.72,1680600,34885656.00
2023/04/25,20.58,21.10,20.12,20.38,1376900,28210160.00
2023/04/26,20.20,21.37,20.20,20.99,2676000,56141428.00
2023/04/27,20.80,21.35,20.77,21.00,2547700,53454956.00
2023/04/28,20.75,21.15,20.50,20.64,2737821,56778864.00
2023/05/04,20.61,20.75,20.38,20.52,2440600,50147032.00
2023/05/05,20.53,20.54,20.10,20.27,2397683,48480484.00
2023/05/08,20.34,21.18,20.30,21.11,3606650,75467704.00
2023/05/09,21.18,21.22,20.47,20.49,2842800,58775440.00
2023/05/10,20.39,21.27,20.32,21.06,2925800,61186132.00
2023/05/11,21.13,21.13,20.80,20.96,2043000,42744744.00
2023/05/12,20.91,20.99,20.39,20.44,2068324,42484780.00
2023/05/15,20.35,21.07,20.35,21.05,3034600,63314688.00
2023/05/16,21.08,22.69,21.05,22.40,10468134,231418208.00
2023/05/17,22.40,22.43,21.76,22.35,6762331,149783728.00
2023/05/18,22.15,22.16,21.73,21.99,5241031,114699960.00
2023/05/19,21.81,21.96,21.50,21.82,3467683,75380576.00
2023/05/22,21.82,22.32,21.72,21.94,3903400,85807952.00
2023/05/23,21.99,22.00,21.54,21.63,2413050,52422396.00
2023/05/24,21.50,21.92,21.47,21.54,2842037,61747844.00
2023/05/25,21.13,22.12,21.13,21.94,3839200,83761488.00
2023/05/26,21.95,22.00,21.26,21.42,2879050,61743008.00
2023/05/29,21.52,21.66,20.74,20.79,3565360,74910328.00
2023/05/30,20.80,21.02,20.50,20.85,3028083,62821664.00
2023/05/31,20.83,20.84,20.14,20.21,2902004,59177432.00
2023/06/01,20.20,20.57,19.90,19.91,3775804,76198696.00
2023/06/02,19.92,20.55,19.88,20.45,3523027,71497480.00
2023/06/05,20.59,20.64,20.25,20.46,1818063,37113008.00
2023/06/06,20.46,20.46,19.92,20.13,2550600,51235720.00
2023/06/07,20.07,20.23,19.81,20.01,1826333,36532360.00
2023/06/08,20.03,20.10,19.20,19.34,3205892,62571488.00
2023/06/09,19.27,19.54,19.22,19.50,1725050,33489656.00
2023/06/12,19.40,19.65,19.22,19.57,1537300,29937342.00
2023/06/13,19.45,19.79,19.38,19.64,1146000,22503416.00
2023/06/14,19.68,19.68,19.17,19.26,1994373,38557900.00
2023/06/15,19.31,19.90,19.18,19.85,3067853,60253164.00
2023/06/16,19.94,20.35,19.68,20.16,2755847,55285784.00
2023/06/19,20.15,20.31,19.95,20.11,1824850,36690972.00
2023/06/20,20.30,20.64,19.99,20.10,1773308,35795500.00
2023/06/21,20.01,20.25,19.83,19.83,1386700,27701134.00
2023/06/26,19.72,20.13,19.50,19.80,1701400,33733492.00
2023/06/27,19.82,20.24,19.74,20.09,1650100,33113754.00
2023/06/28,20.09,20.20,19.85,20.20,1618700,32487400.00
2023/06/29,20.20,20.45,20.08,20.25,1596300,32407928.00
2023/06/30,20.31,20.75,20.14,20.66,2615296,53727832.00
2023/07/03,20.79,21.40,20.49,21.07,4253042,88766120.00
2023/07/04,21.05,21.27,20.91,21.12,2722600,57447416.00
2023/07/05,21.01,21.18,20.62,20.83,2433400,50733644.00
2023/07/06,20.55,20.83,20.50,20.55,1404899,28989608.00
2023/07/07,20.58,20.58,20.19,20.28,1906100,38745944.00
2023/07/10,20.23,20.71,20.20,20.50,1671099,34254516.00
2023/07/11,20.61,20.73,20.41,20.67,1557800,32111644.00
2023/07/12,20.79,20.84,20.50,20.60,1275200,26365816.00
2023/07/13,20.52,20.95,20.51,20.84,1760200,36661144.00
2023/07/14,20.79,20.89,20.23,20.26,2529100,51703376.00
2023/07/17,20.16,20.31,19.93,20.10,2193600,44030496.00
2023/07/18,20.11,20.19,19.75,20.05,2407741,48015016.00
2023/07/19,19.92,20.13,19.62,19.74,2191150,43353548.00
2023/07/20,19.69,19.79,19.23,19.25,2594950,50399840.00
2023/07/21,19.26,19.38,19.12,19.28,2289409,44066200.00
2023/07/24,19.20,19.30,18.92,19.01,2046633,39056696.00
2023/07/25,19.10,19.36,19.09,19.24,2116542,40678600.00
2023/07/26,19.35,19.35,19.05,19.12,1759700,33723060.00
2023/07/27,19.14,19.37,18.91,18.97,2378475,45426224.00
2023/07/28,19.03,19.20,18.71,19.13,1978337,37602940.00
2023/07/31,19.13,19.59,19.13,19.53,3363599,65420688.00
2023/08/01,19.53,19.79,19.31,19.72,3278941,64184056.00
2023/08/02,19.83,20.37,19.58,19.69,4318698,85912168.00
2023/08/03,19.72,19.77,19.55,19.67,2156746,42378468.00
2023/08/04,19.65,19.85,19.54,19.63,1859497,36490840.00
2023/08/07,19.61,19.75,19.32,19.35,2132900,41466184.00
2023/08/08,19.29,19.33,19.03,19.09,2298500,43963628.00
2023/08/09,19.16,19.16,18.78,18.87,2286600,43289752.00
2023/08/10,18.90,19.07,18.80,18.89,1238900,23455462.00
2023/08/11,18.88,18.90,18.42,18.43,2512800,46736764.00
2023/08/14,18.29,18.48,18.08,18.43,2182800,39833704.00
2023/08/15,18.35,18.52,18.30,18.41,1505346,27718222.00
2023/08/16,18.45,18.45,18.11,18.15,1256300,22876814.00
2023/08/17,18.15,18.59,18.08,18.56,1902085,35019776.00
2023/08/18,18.45,18.74,18.34,18.37,1510784,28040914.00
2023/08/21,18.37,18.60,18.20,18.24,1544000,28413932.00
2023/08/22,18.29,18.45,17.65,18.11,2897898,52112808.00
2023/08/23,18.11,18.11,17.68,17.70,1462350,26067392.00
2023/08/24,17.80,17.94,17.53,17.66,1571600,27878528.00
2023/08/25,17.41,17.65,17.08,17.21,2534500,43921308.00
2023/08/28,17.80,17.95,17.01,17.06,2880600,50493964.00
2023/08/29,17.00,17.88,16.90,17.75,2868200,50382136.00
2023/08/30,17.77,18.08,17.64,17.80,2079500,37133600.00
2023/08/31,17.68,17.82,17.58,17.70,1456600,25809804.00
2023/09/01,17.65,17.80,17.39,17.48,1668000,29206256.00
2023/09/04,17.46,18.00,17.40,18.00,2289299,40728132.00
2023/09/05,17.95,18.10,17.86,18.03,1606463,28956328.00
2023/09/06,18.08,18.27,17.84,18.21,1217199,22021740.00
2023/09/07,18.23,18.32,17.93,17.95,1778200,32237380.00
2023/09/08,17.91,18.02,17.77,17.81,1106512,19765650.00
2023/09/11,17.81,18.09,17.71,18.02,1188900,21346048.00
2023/09/12,18.02,18.19,17.95,18.09,1005757,18173714.00
2023/09/13,17.99,18.14,17.56,17.64,1358539,24135876.00
2023/09/14,17.62,17.65,17.25,17.39,1361200,23667816.00
2023/09/15,17.47,17.60,17.35,17.41,1005100,17528968.00
2023/09/18,17.50,17.96,17.26,17.73,1650239,29216478.00
2023/09/19,17.73,17.74,17.28,17.39,1784700,31092200.00
2023/09/20,17.28,17.53,17.28,17.30,1139300,19813222.00
2023/09/21,17.30,17.39,17.16,17.24,967500,16693439.00
2023/09/22,17.30,17.61,17.16,17.60,1411300,24601020.00
2023/09/25,17.62,17.76,17.42,17.54,919800,16129664.00
2023/09/26,17.54,17.70,17.43,17.44,970700,17022108.00
2023/09/27,17.44,18.31,17.40,18.00,3001261,53940676.00
2023/09/28,17.97,18.12,17.86,17.93,1706500,30647824.00
2023/10/09,17.92,18.26,17.74,18.19,2147400,38864144.00
2023/10/10,18.19,18.33,17.96,18.21,2033891,36882460.00
2023/10/11,18.34,18.40,18.10,18.13,1712312,31153236.00
2023/10/12,18.16,18.95,18.01,18.90,4861200,90889800.00
2023/10/13,18.91,18.95,18.47,18.86,3544634,66326096.00
2023/10/16,18.80,18.85,18.40,18.48,2444700,45421128.00
2023/10/17,18.48,18.66,18.17,18.25,1635912,30002574.00
2023/10/18,18.20,18.33,17.77,17.79,1701234,30423736.00
2023/10/19,17.75,17.91,17.52,17.63,1541697,27265868.00
2023/10/20,17.66,18.79,17.58,18.39,5157734,94956920.00
2023/10/23,18.31,18.50,17.73,17.96,3262068,58790452.00
2023/10/24,17.96,19.00,17.67,18.85,5493059,101795384.00
2023/10/25,19.00,19.19,18.70,18.85,4936200,93576856.00
2023/10/26,18.85,19.10,18.33,19.05,3771712,70408632.00
2023/10/27,18.96,19.37,18.79,19.36,5757104,110299328.00
2023/10/30,19.36,20.20,19.15,19.98,8750604,173756576.00
2023/10/31,19.80,20.03,19.23,19.32,5090449,99597984.00
2023/11/01,19.42,20.05,19.10,19.64,4603757,90452832.00
2023/11/02,19.60,19.76,19.23,19.26,2152900,41850092.00
2023/11/03,19.36,20.47,19.29,20.05,6743854,135549904.00
2023/11/06,20.09,20.80,20.09,20.34,6375454,130005640.00
2023/11/07,20.34,20.64,20.00,20.38,3209128,65242800.00
2023/11/08,20.38,20.45,20.02,20.18,2739200,55378808.00
2023/11/09,20.18,20.26,19.86,19.95,2225000,44470720.00
2023/11/10,20.02,20.03,19.65,19.92,1683570,33468600.00
2023/11/13,19.98,20.10,19.72,19.93,1641346,32538052.00
2023/11/14,19.91,20.08,19.64,19.74,2042000,40349160.00
2023/11/15,19.88,19.99,19.70,19.79,2017326,39964688.00
2023/11/16,19.69,19.83,19.35,19.44,2198943,42879928.00
2023/11/17,19.30,19.60,19.24,19.56,2003200,38905496.00
2023/11/20,19.62,19.75,19.37,19.55,1729900,33683136.00
2023/11/21,19.56,19.65,19.32,19.33,1651601,32138774.00
2023/11/22,19.31,19.43,18.86,18.93,3028200,57754148.00
2023/11/23,18.95,19.13,18.83,19.12,1597900,30375308.00
2023/11/24,19.10,19.10,18.68,18.81,1629100,30639440.00
2023/11/27,18.80,18.97,18.73,18.95,1160500,21893272.00
2023/11/28,19.00,19.51,18.75,19.39,2486700,47906992.00
2023/11/29,19.29,19.53,19.22,19.43,1736900,33662052.00
2023/11/30,19.34,19.38,18.86,19.09,1815000,34612740.00
2023/12/01,19.02,19.29,18.84,19.16,1235478,23535068.00
2023/12/04,19.13,19.42,18.96,19.03,1606600,30764700.00
2023/12/05,18.95,19.25,18.77,18.77,1955100,37207432.00
2023/12/06,18.61,19.03,18.60,18.82,1382700,26093336.00
2023/12/07,18.87,18.95,18.47,18.59,1365200,25385512.00
2023/12/08,18.52,18.72,18.40,18.42,1108362,20560344.00
2023/12/11,18.42,18.63,18.11,18.62,2056500,37934876.00
2023/12/12,18.63,18.72,18.49,18.72,1389400,25890020.00
2023/12/13,18.78,18.83,18.55,18.69,1184400,22193748.00
2023/12/14,18.81,18.86,18.67,18.70,852600,16004682.00
2023/12/15,18.89,18.96,18.51,18.62,1472249,27623088.00
2023/12/18,18.57,18.58,18.15,18.23,1521837,27801092.00
2023/12/19,18.21,18.35,17.92,18.06,1978200,35749620.00
2023/12/20,18.06,18.31,17.83,17.89,1395400,25235880.00
2023/12/21,17.89,18.40,17.76,18.23,1923250,34814996.00
2023/12/22,18.30,18.66,17.96,18.37,2108237,38706068.00
2023/12/25,18.29,18.64,18.23,18.55,1485147,27444774.00
2023/12/26,18.65,18.66,18.21,18.28,968300,17743800.00
2023/12/27,18.30,18.40,18.15,18.29,758800,13854302.00
2023/12/28,18.29,19.11,18.18,19.10,3362866,63350264.00
2023/12/29,19.06,19.31,18.95,19.28,2077436,39780460.00
2024/01/02,19.31,19.59,19.06,19.41,2401674,46584944.00
2024/01/03,19.44,19.48,19.10,19.19,2670400,51423080.00
2024/01/04,19.18,19.20,18.77,18.81,3051460,57661364.00
2024/01/05,18.87,18.98,18.23,18.38,2977900,55263268.00
2024/01/08,18.40,18.66,18.25,18.25,2955650,54558496.00
2024/01/09,18.28,18.70,18.12,18.40,1777300,32741728.00
2024/01/10,18.28,18.78,18.20,18.61,2065791,38379664.00
2024/01/11,18.59,18.74,18.30,18.55,2526134,46874464.00
2024/01/12,18.54,18.89,18.44,18.62,2275200,42553484.00
2024/01/15,18.62,18.63,18.25,18.28,2242050,41215976.00
2024/01/16,18.20,18.48,17.91,18.23,2186100,39702588.00
2024/01/17,18.24,18.34,17.89,17.89,2237400,40619112.00
2024/01/18,17.78,17.91,17.30,17.84,3290574,57934756.00
2024/01/19,17.87,17.94,17.48,17.52,1880460,33328484.00
2024/01/22,17.40,17.41,16.21,16.59,4201300,70471512.00
2024/01/23,16.48,17.07,16.44,16.92,2394374,40155524.00
2024/01/24,16.98,17.07,16.25,16.83,2085000,34744240.00
2024/01/25,16.78,17.23,16.52,17.17,2558800,43301216.00
2024/01/26,17.04,17.26,16.93,17.03,1679040,28697712.00
2024/01/29,17.06,17.31,16.63,16.71,1700494,28756504.00
2024/01/30,16.62,16.81,16.18,16.22,1573200,25939478.00
2024/01/31,16.22,16.30,15.23,15.33,3318820,51765396.00
2024/02/01,15.34,16.08,15.03,15.80,3497375,54720656.00
2024/02/02,15.75,15.87,14.65,15.01,2639600,40198112.00
2024/02/05,15.05,15.22,13.70,14.86,3886870,55952308.00
2024/02/06,15.02,15.77,14.11,15.50,4048840,60808252.00
2024/02/07,15.31,16.03,15.31,15.78,3799163,59919632.00
2024/02/08,16.00,16.65,15.83,16.50,4229399,69487416.00
2024/02/19,16.60,16.62,16.04,16.31,3327992,54156236.00
2024/02/20,16.11,16.44,15.95,16.31,1707100,27630752.00
2024/02/21,16.25,16.77,16.11,16.17,3540561,58115224.00
2024/02/22,16.16,16.42,16.08,16.29,2770100,45049104.00
2024/02/23,16.21,16.35,16.04,16.26,2913937,47168152.00
2024/02/26,16.27,16.71,16.19,16.52,3777776,62127572.00
2024/02/27,16.35,16.86,16.22,16.86,3118078,51802520.00
2024/02/28,16.86,17.09,16.04,16.04,4867600,80871872.00
2024/02/29,15.82,16.42,15.81,16.42,2953300,47881288.00
2024/03/01,16.42,16.58,16.32,16.56,2516700,41462340.00
2024/03/04,16.58,16.68,16.31,16.47,1972426,32457066.00
2024/03/05,16.42,16.42,16.17,16.22,2193996,35665560.00
2024/03/06,16.16,16.95,16.16,16.71,3586500,59484552.00
2024/03/07,16.65,16.83,16.35,16.36,2559400,42346612.00
2024/03/08,16.76,17.29,16.58,17.20,8215774,139262592.00
2024/03/11,16.97,17.26,16.87,17.22,5640360,96404576.00
2024/03/12,17.20,17.24,17.00,17.07,4252234,72573584.00
2024/03/13,17.07,17.32,17.01,17.20,3548424,61047900.00
2024/03/14,17.20,17.27,16.90,17.06,2862700,48787584.00
2024/03/15,16.96,17.23,16.92,17.19,2638050,45087240.00
2024/03/18,17.36,17.82,17.27,17.69,5338060,93664272.00
2024/03/19,17.62,17.70,17.46,17.52,2729256,47943608.00
2024/03/20,17.51,17.78,17.45,17.61,3061251,53873912.00
2024/03/21,17.70,19.33,17.70,18.60,9139245,167927360.00
2024/03/22,18.51,18.77,18.05,18.38,5578916,102767928.00
2024/03/25,18.22,18.45,17.48,17.49,4856976,86985040.00
2024/03/26,17.49,17.74,17.20,17.59,3088550,54048932.00
2024/03/27,17.67,17.67,17.12,17.38,3666449,63917116.00
2024/03/28,17.33,17.68,17.18,17.49,2878500,50383792.00
2024/03/29,17.15,17.73,16.70,17.59,6520026,112163760.00
2024/04/01,17.60,17.65,17.35,17.56,3431760,59980804.00
2024/04/02,17.50,17.64,17.16,17.41,3057956,53104256.00
2024/04/03,17.34,17.38,16.60,16.64,4991807,84260784.00
2024/04/08,16.60,16.60,16.11,16.11,3605714,58678172.00
2024/04/09,16.28,16.79,16.22,16.78,3035834,50447000.00
2024/04/10,16.82,16.84,16.20,16.37,2425200,39810384.00
2024/04/11,16.23,17.34,16.21,17.07,5417209,91679864.00
2024/04/12,17.07,17.18,16.78,16.90,1939600,32861088.00
2024/04/15,16.80,16.99,16.16,16.38,3194900,52666288.00
2024/04/16,16.38,16.38,15.70,15.95,3266100,52327228.00
2024/04/17,16.10,16.38,16.00,16.38,2198060,35741608.00
2024/04/18,16.34,16.67,16.20,16.61,2175594,35828552.00
2024/04/19,16.46,16.76,16.20,16.44,2451100,40411308.00
2024/04/22,16.31,16.70,16.20,16.48,1766300,29128706.00
2024/04/23,16.47,16.64,16.27,16.33,1596694,26138194.00
2024/04/24,16.48,16.63,16.28,16.62,1583395,26124784.00
2024/04/25,16.60,16.99,16.46,16.68,2290249,38387652.00
2024/04/26,16.66,16.80,16.46,16.73,1994600,33220536.00
2024/04/29,16.69,18.40,16.68,18.40,10280200,185530464.00
2024/04/30,18.40,18.75,18.11,18.22,7828686,143537904.00
2024/05/06,18.22,18.96,18.22,18.84,6458300,120856200.00
2024/05/07,19.00,19.22,18.66,19.14,4794807,91025096.00
2024/05/08,19.12,19.25,18.90,18.92,3540000,67653632.00
2024/05/09,18.88,19.28,18.88,19.23,2731002,52241088.00
2024/05/10,19.40,19.50,19.10,19.15,3428000,66094612.00
2024/05/13,19.07,19.33,18.93,19.28,4278000,82151016.00
2024/05/14,19.09,19.60,19.01,19.48,2697346,52544896.00
2024/05/15,19.41,19.58,19.06,19.09,1953800,37632764.00
2024/05/16,19.19,19.25,18.57,18.68,3960600,74652736.00
2024/05/17,18.70,19.18,18.50,19.12,3511500,66150008.00
2024/05/20,19.12,19.32,18.97,19.12,2942500,56193176.00
2024/05/21,19.07,19.20,18.53,18.74,2353400,44120280.00
2024/05/22,18.74,18.93,18.60,18.84,3018000,56699008.00
2024/05/23,18.77,18.83,18.26,18.33,1987900,36648248.00
2024/05/24,18.23,18.68,18.23,18.47,1519558,28169860.00
2024/05/27,18.49,18.61,18.23,18.48,2093500,38486408.00
2024/05/28,18.33,18.69,18.22,18.29,1698500,31300352.00
2024/05/29,18.00,18.42,18.00,18.40,1732100,31707312.00
2024/05/30,18.15,18.60,18.15,18.50,1625300,30015308.00
2024/05/31,18.12,18.50,18.12,18.34,1623339,29801262.00
2024/06/03,18.34,18.34,17.90,18.08,2262100,40904360.00
2024/06/04,17.90,18.33,17.86,18.28,1805760,32704672.00
2024/06/05,18.35,18.35,17.61,17.69,2412200,43168056.00
2024/06/06,17.59,17.84,16.80,16.96,4222900,72278352.00
2024/06/07,17.05,17.26,16.26,16.33,4569600,75374536.00
2024/06/11,16.28,16.42,16.10,16.34,2722878,44292104.00
2024/06/12,16.28,16.36,15.57,15.79,5265191,83553520.00
2024/06/13,15.82,16.37,15.71,16.13,4149725,66615144.00
2024/06/14,16.11,16.40,15.90,16.30,2749300,44678004.00
2024/06/17,16.30,16.47,15.98,16.02,2584283,41820588.00
2024/06/18,15.90,15.96,15.56,15.72,2730200,42873072.00
2024/06/19,15.78,15.78,15.23,15.31,3370000,52002160.00
2024/06/20,15.23,15.38,14.78,14.80,2709900,40520892.00
2024/06/21,14.83,14.96,14.66,14.81,1945100,28854414.00
2024/06/24,14.81,14.81,14.40,14.45,2601265,37858308.00
2024/06/25,14.39,14.79,14.39,14.77,2342800,34308288.00
2024/06/26,14.71,15.25,14.61,15.25,2984500,44548984.00
2024/06/27,15.24,15.50,15.02,15.05,2472440,37485088.00
2024/06/28,14.90,15.54,14.90,15.34,2515100,38622776.00
2024/07/01,15.31,15.55,14.96,15.53,3187500,48849412.00
2024/07/02,15.53,15.62,15.26,15.33,2371958,36627736.00
2024/07/03,15.27,15.41,14.99,15.32,2260671,34492264.00
2024/07/04,15.35,15.48,15.16,15.19,1632000,24978032.00
2024/07/05,15.07,15.53,15.04,15.47,1739300,26606162.00
2024/07/08,15.39,15.39,15.09,15.13,1352900,20557584.00
2024/07/09,15.13,15.54,14.91,15.50,1890615,28879668.00
2024/07/10,15.50,15.50,15.24,15.28,1667700,25545412.00
2024/07/11,15.45,15.52,15.31,15.40,1607638,24801116.00
2024/07/12,15.35,15.45,15.27,15.30,1103800,16916872.00
2024/07/15,15.18,15.38,14.53,14.68,3092360,45822672.00
2024/07/16,14.68,14.79,14.31,14.42,2093343,30233288.00
2024/07/17,14.42,14.52,14.26,14.45,1483600,21334600.00
2024/07/18,14.35,14.58,14.13,14.57,1614649,23270646.00
2024/07/19,14.50,14.67,14.37,14.43,1706000,24770076.00
2024/07/22,14.43,15.87,14.30,15.87,7990160,123704232.00
2024/07/23,15.87,16.19,15.40,15.74,8048240,127743712.00
2024/07/24,15.74,16.93,15.71,16.51,8227132,134916112.00
2024/07/25,16.20,17.29,16.10,17.01,7813100,131160752.00
2024/07/26,17.02,18.09,16.82,18.04,8993956,159128144.00
2024/07/29,18.03,18.26,16.94,17.05,8650657,150709968.00
2024/07/30,17.01,17.64,16.96,17.53,4838110,83539120.00
2024/07/31,17.50,17.95,17.21,17.85,4146647,73029360.00
2024/08/01,17.84,17.85,17.23,17.29,3150300,55093012.00
2024/08/02,17.23,17.29,16.78,16.81,2254749,38305164.00
2024/08/05,16.83,17.12,16.50,16.54,2571300,43187960.00
2024/08/06,16.63,16.95,16.45,16.68,1838000,30656068.00
2024/08/07,16.77,16.98,16.62,16.78,1584100,26603940.00
2024/08/08,16.68,16.80,16.36,16.57,1799800,29729120.00
2024/08/09,16.55,16.78,16.32,16.34,1433949,23619074.00
2024/08/12,16.38,16.99,16.29,16.36,1963300,32362348.00
2024/08/13,16.21,16.49,16.10,16.30,1483300,24065616.00
2024/08/14,16.38,16.38,15.80,15.83,2601100,41627808.00
2024/08/15,15.75,15.79,15.32,15.70,3183802,49601908.00
2024/08/16,15.58,15.80,15.38,15.51,1935561,29978424.00
2024/08/19,15.58,15.65,15.06,15.15,2203800,33673584.00
2024/08/20,15.10,15.15,14.46,14.73,3747727,55117404.00
2024/08/21,14.68,14.86,14.59,14.67,1574506,23123176.00
2024/08/22,14.69,14.85,14.55,14.62,1584749,23263852.00
2024/08/23,14.70,14.80,14.51,14.58,1391649,20349224.00
2024/08/26,14.80,14.85,14.52,14.75,1599724,23565804.00
2024/08/27,14.75,14.75,14.50,14.52,1458224,21227116.00
2024/08/28,14.50,14.80,14.48,14.67,1281101,18805486.00
2024/08/29,14.68,15.25,14.59,15.09,2352650,35271876.00
2024/08/30,15.12,15.30,14.76,14.90,4517000,67783744.00
2024/09/02,14.86,15.13,14.68,14.71,2512900,37226944.00
2024/09/03,14.65,15.20,14.65,15.04,2565100,38461744.00
2024/09/04,15.01,15.08,14.83,14.98,1260500,18868064.00
2024/09/05,14.90,15.10,14.88,14.99,1461700,21891964.00
2024/09/06,14.93,15.04,14.75,14.78,1390000,20600948.00
2024/09/09,14.78,14.78,14.50,14.61,1399500,20457236.00
2024/09/10,14.63,14.80,14.46,14.74,1474100,21539218.00
2024/09/11,14.73,14.96,14.65,14.78,1186120,17577624.00
2024/09/12,14.82,15.05,14.71,14.92,1629649,24378672.00
2024/09/13,14.95,15.02,14.58,14.62,1584850,23358930.00
2024/09/18,14.63,14.76,14.40,14.57,1759300,25601132.00
2024/09/19,14.69,14.98,14.41,14.75,1579800,23311920.00
2024/09/20,14.68,14.80,14.50,14.67,1727600,25242828.00
2024/09/23,14.67,14.72,14.36,14.49,1471600,21336464.00
2024/09/24,14.49,14.77,14.43,14.74,4096100,59987852.00
2024/09/25,14.80,15.14,14.61,14.72,6043300,90028720.00
2024/09/26,14.68,15.16,14.53,15.15,6327041,93582184.00
2024/09/27,15.25,16.05,15.24,15.91,5299150,82689592.00
2024/09/30,16.60,17.35,16.18,17.17,7804100,131132792.00
2024/10/08,18.80,18.88,16.90,17.69,8694357,154263728.00
2024/10/09,17.52,17.52,16.11,16.12,7194884,119987104.00
2024/10/10,16.16,16.63,16.08,16.13,4307500,70383416.00
2024/10/11,16.30,16.30,15.28,15.49,4027000,63017688.00
2024/10/14,15.50,15.82,15.25,15.82,3824401,59448484.00
2024/10/15,15.70,15.80,15.41,15.43,3151659,49120476.00
2024/10/16,15.30,15.63,15.18,15.48,2965700,45843144.00
2024/10/17,15.53,15.64,15.40,15.42,2218800,34419856.00
2024/10/18,15.42,16.16,15.35,15.86,4464172,70398192.00
2024/10/21,15.90,16.02,15.72,15.81,4118683,65384232.00
2024/10/22,15.81,16.45,15.68,16.44,5876260,95056104.00
2024/10/23,16.46,17.65,16.35,17.10,11942740,204201552.00
2024/10/24,16.89,16.99,16.48,16.63,3501500,58414392.00
2024/10/25,16.53,17.34,16.53,17.25,7412000,126215784.00
2024/10/28,17.25,17.25,16.63,16.93,6116900,102841624.00
2024/10/29,16.81,16.99,16.41,16.51,4734800,78582936.00
2024/10/30,16.25,16.49,15.90,16.04,5930900,95695840.00
2024/10/31,16.03,16.13,15.86,16.02,4363400,69777136.00
2024/11/01,15.94,16.12,15.64,15.88,3955600,62951048.00
2024/11/04,16.05,16.23,15.94,16.19,2964100,47783280.00
2024/11/05,16.18,16.44,16.04,16.41,4807360,78276296.00
2024/11/06,16.40,16.57,16.12,16.26,5198873,84846016.00
2024/11/07,16.16,16.47,16.12,16.45,4982900,81345520.00
2024/11/08,16.59,16.66,16.22,16.28,5576000,91437008.00
2024/11/11,16.26,16.69,16.22,16.61,5356194,88512176.00
2024/11/12,16.62,16.76,16.35,16.48,5404300,89634776.00
2024/11/13,16.41,16.63,16.24,16.54,3359700,55172172.00
2024/11/14,16.49,16.56,16.05,16.11,4054389,65912224.00
2024/11/15,16.04,16.23,15.88,16.06,3309557,53200416.00
2024/11/18,16.05,16.29,15.92,16.07,3781568,60907472.00
2024/11/19,16.02,16.60,15.98,16.53,4773605,77626416.00
2024/11/20,16.48,16.49,16.30,16.43,3291300,53922000.00
2024/11/21,16.41,16.51,16.26,16.44,2911100,47746008.00
2024/11/22,16.44,16.45,15.79,15.96,3995358,64307376.00
数据来源:通达信
