603310 巍华新材 日线 不复权
      日期	    开盘	    最高	    最低	    收盘	    成交量	    成交额
2024/08/14,23.30,29.04,23.23,23.59,42652213,1061457856.00
2024/08/15,23.30,23.30,21.31,21.56,32570477,714559424.00
2024/08/16,21.00,21.87,19.89,20.12,27892828,580402624.00
2024/08/19,20.20,20.20,18.98,19.10,20676035,402808640.00
2024/08/20,18.82,18.98,18.04,18.08,17776490,327710368.00
2024/08/21,17.79,18.06,17.47,17.52,14679356,259759760.00
2024/08/22,17.39,17.47,16.82,16.86,12958993,221465072.00
2024/08/23,16.87,17.28,16.81,17.05,12273175,209489440.00
2024/08/26,16.85,17.22,16.51,16.87,9652033,162570224.00
2024/08/27,16.69,16.99,16.52,16.55,7815725,130453072.00
2024/08/28,16.55,16.95,16.40,16.69,7044037,117785928.00
2024/08/29,16.51,17.16,16.51,16.97,9692408,164205632.00
2024/08/30,16.83,17.21,16.72,17.00,10731704,182580304.00
2024/09/02,16.90,16.94,16.32,16.35,8415538,140096208.00
2024/09/03,16.20,16.61,16.20,16.39,4822294,79166000.00
2024/09/04,16.29,16.38,16.08,16.09,5901172,95555008.00
2024/09/05,16.07,16.55,16.00,16.30,7139818,116094248.00
2024/09/06,16.22,16.62,16.22,16.31,7256554,119021424.00
2024/09/09,16.15,16.19,15.91,16.03,4736942,75958832.00
2024/09/10,16.09,16.09,15.63,15.86,4550113,72148072.00
2024/09/11,15.80,15.93,15.70,15.84,3003548,47524268.00
2024/09/12,15.87,15.94,15.49,15.52,5110660,80193640.00
2024/09/13,15.58,15.63,15.18,15.18,4031135,61957680.00
2024/09/18,15.20,15.25,14.84,14.99,3684069,55308592.00
2024/09/19,15.03,15.33,14.93,15.26,4029788,61204272.00
2024/09/20,15.23,15.29,15.05,15.11,2885932,43732848.00
2024/09/23,15.12,15.20,14.96,15.01,2648335,39896280.00
2024/09/24,15.05,15.52,15.03,15.52,6409346,98220576.00
2024/09/25,15.57,16.07,15.54,15.72,8660173,137055120.00
2024/09/26,15.70,16.07,15.60,16.05,7073029,112232152.00
2024/09/27,16.19,16.83,16.18,16.82,7041653,116390624.00
2024/09/30,17.50,18.50,17.15,18.50,21488696,384876672.00
2024/10/08,20.35,20.35,18.66,20.35,24097059,476672608.00
2024/10/09,19.55,20.29,19.08,19.09,17914104,352542112.00
2024/10/10,19.26,19.43,17.97,18.35,12323112,229124192.00
2024/10/11,18.42,18.43,17.35,17.62,7792526,138695584.00
2024/10/14,17.81,17.95,17.37,17.95,5822297,103223440.00
2024/10/15,17.89,18.24,17.62,17.62,5963841,107156304.00
2024/10/16,17.37,17.73,17.31,17.44,4104119,71751128.00
2024/10/17,17.44,17.71,17.30,17.32,4043150,70764112.00
2024/10/18,17.45,18.08,17.30,17.89,6526431,115790000.00
2024/10/21,17.95,18.17,17.80,18.01,5860191,105557128.00
2024/10/22,18.01,18.12,17.86,18.02,4677237,84070008.00
2024/10/23,17.61,17.70,17.48,17.53,5689549,99974848.00
2024/10/24,17.54,17.72,17.28,17.58,4356483,76117920.00
2024/10/25,17.59,17.88,17.51,17.74,5851590,103507704.00
2024/10/28,17.74,17.93,17.50,17.92,5550858,98646616.00
2024/10/29,17.95,17.95,17.31,17.31,6346245,111844792.00
2024/10/30,16.88,17.06,16.54,16.70,7393544,124026512.00
2024/10/31,16.72,16.96,16.70,16.81,4133553,69582080.00
2024/11/01,16.69,17.46,16.65,16.82,5922214,100973800.00
2024/11/04,16.96,17.35,16.68,17.28,5114034,87895480.00
2024/11/05,17.31,17.62,17.21,17.56,5745557,100415592.00
2024/11/06,17.60,19.32,17.58,19.32,20553950,390608128.00
2024/11/07,19.50,19.77,18.99,19.16,21495159,413985952.00
2024/11/08,19.16,20.20,19.04,19.58,16602223,325610464.00
2024/11/11,19.59,20.81,19.56,20.64,14212439,287146816.00
2024/11/12,20.44,20.62,19.90,20.10,11492542,232092704.00
2024/11/13,19.92,20.21,19.59,20.01,6652040,131955896.00
2024/11/14,20.01,20.01,19.05,19.08,6062691,117719776.00
2024/11/15,19.08,19.26,18.35,18.40,5778441,108580584.00
2024/11/18,18.50,18.69,18.10,18.27,4447712,81667656.00
2024/11/19,18.35,18.80,18.27,18.80,4298038,79741632.00
2024/11/20,18.65,19.50,18.65,19.21,5857185,112265800.00
2024/11/21,19.21,19.49,18.98,19.17,4673577,89787976.00
2024/11/22,19.03,19.19,18.21,18.26,5233747,98136296.00
数据来源:通达信
