688591 泰凌微 日线 不复权
      日期	    开盘	    最高	    最低	    收盘	    成交量	    成交额
2023/08/25,33.33,37.77,30.61,32.70,40773753,1373732608.00
2023/08/28,42.05,44.00,33.51,33.58,34169341,1297968768.00
2023/08/29,32.00,41.50,31.00,41.30,33116208,1210999296.00
2023/08/30,43.50,49.43,41.60,44.52,36054431,1619008000.00
2023/08/31,43.50,46.66,42.18,44.00,29422896,1298125056.00
2023/09/01,44.29,44.46,36.50,36.75,29794942,1191719808.00
2023/09/04,36.80,37.50,34.68,36.25,19304740,689434048.00
2023/09/05,36.25,37.65,35.36,35.37,17095135,622150144.00
2023/09/06,35.90,37.13,35.37,36.59,14640591,531897728.00
2023/09/07,35.82,35.86,32.67,32.70,16404630,555074624.00
2023/09/08,32.30,39.23,32.06,37.61,21581223,770278784.00
2023/09/11,38.55,40.59,36.95,37.63,19377308,743588096.00
2023/09/12,36.38,37.69,35.65,35.65,11626137,423351968.00
2023/09/13,35.20,35.50,33.86,34.60,8447034,292611808.00
2023/09/14,34.63,34.80,32.77,32.94,7118337,238014832.00
2023/09/15,33.30,34.43,32.80,33.41,8522579,286949664.00
2023/09/18,33.29,34.05,32.43,32.75,6500619,216242640.00
2023/09/19,32.92,35.64,32.38,34.95,14450676,495270016.00
2023/09/20,34.00,34.63,33.41,33.45,8349211,283924896.00
2023/09/21,33.45,35.27,33.33,33.94,8730298,300048256.00
2023/09/22,33.72,34.68,32.68,34.56,8783018,297096928.00
2023/09/25,34.78,35.29,34.25,34.52,10972283,381445152.00
2023/09/26,33.69,34.13,32.39,33.01,10046026,333524960.00
2023/09/27,32.97,33.27,31.91,31.92,9832561,319699616.00
2023/09/28,32.02,33.48,32.02,32.91,8235672,270034336.00
2023/10/09,32.80,33.49,32.55,32.60,5208759,171752704.00
2023/10/10,32.85,33.17,32.24,32.47,5431980,177078656.00
2023/10/11,32.80,34.10,32.55,33.50,8671390,289698720.00
2023/10/12,33.50,33.60,32.26,32.64,6922586,225774944.00
2023/10/13,32.62,33.45,32.33,32.68,5699904,187575984.00
2023/10/16,33.33,33.35,31.38,31.95,5929067,191576608.00
2023/10/17,31.95,32.40,30.90,32.06,4472762,141445200.00
2023/10/18,31.70,32.19,30.78,30.79,4789343,148870000.00
2023/10/19,30.58,32.20,30.43,31.20,5750215,181783632.00
2023/10/20,31.07,31.41,29.81,29.91,5219191,158124640.00
2023/10/23,29.68,29.68,28.36,28.53,4637798,133176104.00
2023/10/24,28.70,29.66,28.22,29.49,4065550,118571672.00
2023/10/25,29.48,29.85,29.11,29.50,4285559,126401888.00
2023/10/26,29.27,29.56,28.71,29.50,3706876,108210760.00
2023/10/27,29.61,30.18,29.00,29.98,4451748,132189432.00
2023/10/30,30.01,31.06,29.99,30.76,5491086,167975344.00
2023/10/31,30.63,31.28,30.39,30.67,3737646,114822536.00
2023/11/01,30.79,31.07,30.25,30.38,3220213,98566648.00
2023/11/02,30.34,30.61,29.32,29.43,3288670,98486568.00
2023/11/03,29.63,30.86,29.63,30.78,4519672,137956512.00
2023/11/06,31.06,31.88,30.91,31.67,4784671,150197520.00
2023/11/07,31.67,32.37,31.67,32.05,4424870,141525824.00
2023/11/08,32.03,32.84,31.67,32.18,4653436,149783200.00
2023/11/09,32.60,33.33,32.11,32.20,5029250,164737152.00
2023/11/10,32.01,32.78,31.59,31.86,4134210,132831168.00
2023/11/13,31.90,33.08,31.90,32.90,5376267,175870304.00
2023/11/14,32.79,33.27,32.40,32.86,3391668,111519088.00
2023/11/15,33.70,35.60,33.02,35.49,11146181,382439072.00
2023/11/16,35.38,35.48,34.29,34.56,7411217,258487968.00
2023/11/17,34.43,34.61,33.50,33.76,4400457,149201152.00
2023/11/20,33.70,34.48,33.40,34.35,4000674,135942768.00
2023/11/21,34.01,34.30,32.18,32.47,6788155,223421536.00
2023/11/22,32.41,32.65,31.66,31.70,3647550,116938080.00
2023/11/23,31.71,32.20,31.17,32.16,3721575,118069656.00
2023/11/24,31.80,32.08,30.23,30.50,4855714,149875808.00
2023/11/27,30.38,30.95,30.11,30.69,2712496,82759176.00
2023/11/28,30.61,31.46,30.48,31.16,3023713,93862840.00
2023/11/29,30.98,31.59,30.50,30.59,2862375,88964712.00
2023/11/30,30.53,30.60,29.60,29.81,4015997,120006072.00
2023/12/01,29.93,30.34,29.51,30.25,3103176,92804656.00
2023/12/04,30.20,30.48,29.90,29.97,2379885,71587400.00
2023/12/05,29.82,29.83,28.91,29.00,3017432,88045952.00
2023/12/06,28.99,29.18,28.71,28.81,2653781,76851304.00
2023/12/07,28.73,29.11,28.53,28.97,2850783,82205552.00
2023/12/08,29.00,29.74,28.81,29.39,3497836,102602192.00
2023/12/11,29.12,30.07,28.78,30.07,4004868,118786016.00
2023/12/12,30.30,30.65,29.76,30.17,3409066,103092192.00
2023/12/13,30.08,30.22,29.56,29.93,2782538,83026640.00
2023/12/14,30.15,30.17,29.50,29.55,2718579,81032608.00
2023/12/15,29.62,29.95,29.30,29.44,2097441,62037000.00
2023/12/18,29.39,29.39,28.50,28.66,2656378,76692672.00
2023/12/19,28.65,28.86,28.33,28.85,1964298,56197792.00
2023/12/20,28.90,29.68,28.72,28.73,3238150,94361768.00
2023/12/21,28.50,29.24,27.84,28.85,3389124,96702840.00
2023/12/22,29.00,29.08,27.98,28.18,2584811,73567616.00
2023/12/25,28.01,28.46,27.49,27.81,2293015,63849724.00
2023/12/26,27.71,27.78,26.87,27.13,2414309,65563204.00
2023/12/27,27.13,27.92,27.03,27.80,2762188,76202624.00
2023/12/28,27.76,28.62,27.33,28.34,2515960,70576664.00
2023/12/29,28.35,29.26,28.18,29.07,2280901,65844472.00
2024/01/02,28.98,29.10,28.21,28.22,2439415,69495952.00
2024/01/03,28.01,28.23,27.35,27.73,1958839,54347896.00
2024/01/04,27.78,27.78,27.35,27.46,1531648,42120672.00
2024/01/05,27.74,27.74,26.62,26.77,2390964,64737972.00
2024/01/08,26.71,26.81,25.64,25.64,2372423,61791248.00
2024/01/09,25.80,26.33,25.57,25.78,2279486,59115376.00
2024/01/10,25.78,25.97,25.20,25.47,1778581,45490296.00
2024/01/11,25.54,26.11,25.42,26.03,2639652,68211288.00
2024/01/12,25.80,26.26,25.48,25.62,2563888,66281488.00
2024/01/15,25.85,26.09,25.21,25.37,2491832,63922504.00
2024/01/16,25.57,25.57,24.97,25.35,2184215,55095116.00
2024/01/17,25.35,25.47,24.77,24.77,1940547,48662868.00
2024/01/18,24.73,25.13,23.78,25.04,3072063,74728288.00
2024/01/19,24.97,24.97,24.18,24.28,2329464,57118052.00
2024/01/22,24.31,24.38,22.60,22.86,2684473,62964380.00
2024/01/23,22.85,23.39,22.41,23.06,2027302,46652188.00
2024/01/24,23.13,23.38,21.94,23.04,2270941,51391364.00
2024/01/25,23.11,24.06,22.81,23.93,3072633,72526544.00
2024/01/26,23.83,23.99,22.96,23.02,2522360,59092008.00
2024/01/29,23.90,24.68,22.93,22.93,3680100,87021080.00
2024/01/30,22.64,22.89,21.80,21.88,2623354,58453392.00
2024/01/31,21.78,21.80,20.53,20.53,2515848,53072136.00
2024/02/01,20.18,20.97,19.98,20.25,2556687,52353596.00
2024/02/02,20.25,20.68,18.07,18.79,3797789,73246200.00
2024/02/05,18.70,18.71,16.20,16.65,4180130,71779856.00
2024/02/06,16.48,17.87,15.73,17.38,3948143,66148436.00
2024/02/07,17.58,17.97,16.66,17.03,4146586,72453488.00
2024/02/08,17.23,18.65,16.86,18.52,4018682,72217920.00
2024/02/19,18.99,19.66,18.55,19.10,3651605,69771808.00
2024/02/20,19.23,19.40,18.60,19.20,2831195,53761024.00
2024/02/21,18.93,19.96,18.75,19.55,3093879,60373292.00
2024/02/22,19.52,19.92,19.49,19.89,3098384,61253768.00
2024/02/23,19.98,20.87,19.86,20.84,3764947,76813824.00
2024/02/26,20.50,21.78,20.43,21.23,5919959,124613808.00
2024/02/27,21.19,22.37,21.02,22.30,6274758,136201600.00
2024/02/28,22.46,22.65,20.09,20.09,6607022,142710976.00
2024/02/29,20.18,21.85,20.18,21.62,5226304,111215456.00
2024/03/01,21.70,22.29,21.62,22.05,4428337,97431648.00
2024/03/04,22.16,22.57,21.78,22.38,4291921,95631712.00
2024/03/05,22.11,22.74,21.64,21.77,3898641,86634632.00
2024/03/06,21.60,22.22,21.18,21.89,3592809,77800800.00
2024/03/07,22.07,22.89,21.64,21.79,4273553,94960416.00
2024/03/08,22.07,22.39,21.50,22.25,3359727,74345000.00
2024/03/11,22.20,22.33,21.85,22.28,2937394,64821768.00
2024/03/12,22.39,22.90,22.19,22.76,3911077,88500208.00
2024/03/13,22.80,23.24,22.55,22.67,3480534,79451184.00
2024/03/14,22.62,22.80,21.86,22.30,2810829,62824696.00
2024/03/15,22.30,22.80,21.98,22.78,2726496,61041736.00
2024/03/18,23.18,23.25,22.75,23.20,2772554,63848360.00
2024/03/19,23.20,23.54,22.99,23.25,3113434,72641000.00
2024/03/20,23.30,23.98,23.26,23.80,3453202,81699000.00
2024/03/21,24.01,24.05,23.13,23.64,3811187,90055296.00
2024/03/22,23.64,24.09,23.16,23.16,3038916,71522088.00
2024/03/25,23.06,23.20,21.92,21.96,3144339,70795368.00
2024/03/26,21.91,22.35,21.16,21.65,2712846,58985896.00
2024/03/27,21.72,21.76,20.22,20.22,2724525,56889224.00
2024/03/28,20.28,21.20,20.06,20.88,2372277,49211348.00
2024/03/29,20.87,21.22,20.48,21.16,1740448,36227604.00
2024/04/01,21.36,21.60,21.25,21.53,1585493,34001440.00
2024/04/02,21.53,21.55,20.91,21.14,1631449,34512024.00
2024/04/03,21.04,21.13,20.36,20.64,1527760,31623812.00
2024/04/08,20.50,20.54,19.68,19.68,1629866,32601202.00
2024/04/09,19.72,20.20,19.65,20.16,1196613,23908398.00
2024/04/10,20.09,20.36,19.22,19.41,1393148,27262582.00
2024/04/11,19.60,19.99,19.41,19.45,1392553,27409716.00
2024/04/12,19.62,19.79,19.12,19.23,1363720,26604836.00
2024/04/15,19.26,19.60,18.30,18.67,1783174,33446184.00
2024/04/16,18.51,18.51,16.90,16.97,2289447,39826904.00
2024/04/17,17.16,18.26,17.16,18.13,1830913,32848662.00
2024/04/18,18.10,18.79,17.74,18.28,1837099,33616132.00
2024/04/19,18.19,18.21,17.71,17.81,1284681,23032078.00
2024/04/22,17.73,18.39,17.12,17.98,1518728,27273616.00
2024/04/23,17.98,18.36,17.92,18.22,1139645,20771928.00
2024/04/24,18.24,18.59,18.24,18.47,1588554,29284480.00
2024/04/25,18.49,18.77,18.28,18.42,1472644,27341734.00
2024/04/26,18.33,19.10,18.25,18.86,1630765,30671658.00
2024/04/29,18.80,19.88,18.80,19.88,1874972,36570000.00
2024/04/30,19.38,19.38,18.56,18.83,3192858,60463164.00
2024/05/06,19.05,19.48,19.02,19.36,1767619,34059908.00
2024/05/07,19.38,19.59,19.17,19.55,1787340,34759724.00
2024/05/08,19.60,19.60,19.00,19.09,1496979,28763540.00
2024/05/09,19.14,19.58,19.13,19.50,1345278,26142816.00
2024/05/10,19.52,19.66,18.80,18.84,1589127,30260184.00
2024/05/13,18.81,18.81,17.89,18.00,1636650,29757100.00
2024/05/14,18.16,18.53,18.03,18.20,1123149,20527208.00
2024/05/15,18.47,18.47,17.87,17.90,1264166,22907952.00
2024/05/16,17.94,18.32,17.94,18.03,1149911,20891650.00
2024/05/17,18.20,18.37,17.98,18.32,1053669,19189928.00
2024/05/20,18.34,18.65,18.20,18.42,1181504,21788944.00
2024/05/21,18.28,18.44,18.04,18.11,995190,18076148.00
2024/05/22,18.01,18.41,18.00,18.41,1283572,23405696.00
2024/05/23,18.70,18.97,18.42,18.54,2044953,38136100.00
2024/05/24,18.57,18.58,17.90,17.95,2079104,37750036.00
2024/05/27,17.96,18.32,17.38,18.30,1647387,29291444.00
2024/05/28,18.30,19.17,18.19,18.38,3146085,58851948.00
2024/05/29,18.50,18.89,18.23,18.33,2027694,37672816.00
2024/05/30,18.08,19.08,17.80,18.83,3006788,56123292.00
2024/05/31,18.72,19.49,18.62,19.30,3381647,64910124.00
2024/06/03,19.27,19.63,18.84,19.03,2617697,50238220.00
2024/06/04,18.90,19.17,18.10,18.58,2683378,49554404.00
2024/06/05,18.30,19.09,18.30,18.44,2092324,39283920.00
2024/06/06,18.50,18.98,17.57,17.68,2740569,49703812.00
2024/06/07,17.96,18.15,17.44,17.88,2270595,40432984.00
2024/06/11,17.60,18.96,17.47,18.93,3534447,65280644.00
2024/06/12,18.65,19.20,18.65,18.90,2156494,40867512.00
2024/06/13,19.06,21.55,18.92,20.73,9356790,191931904.00
2024/06/14,20.47,20.60,19.74,20.10,5472949,110174384.00
2024/06/17,20.00,20.47,19.58,20.05,3712419,74390432.00
2024/06/18,20.02,20.67,20.02,20.45,4073080,82986104.00
2024/06/19,20.40,21.16,19.65,20.58,4988733,101577912.00
2024/06/20,20.97,23.13,20.97,21.59,10782441,239899728.00
2024/06/21,22.02,22.35,21.16,21.88,7317247,159197840.00
2024/06/24,21.58,21.62,19.92,19.92,5669898,117512248.00
2024/06/25,20.20,20.27,19.10,19.28,3595112,70023464.00
2024/06/26,19.43,19.98,19.03,19.84,3121830,61120808.00
2024/06/27,19.70,20.33,19.51,19.51,2952663,58863056.00
2024/06/28,19.78,20.19,19.33,19.55,2792882,55312820.00
2024/07/01,19.55,19.55,18.18,18.65,3447142,64274736.00
2024/07/02,18.58,18.78,18.28,18.32,1892013,35003744.00
2024/07/03,18.23,19.34,18.06,18.81,3284919,61535788.00
2024/07/04,18.82,19.90,18.77,18.90,3173581,60974624.00
2024/07/05,18.74,19.13,18.28,18.92,2170417,40542976.00
2024/07/08,19.14,19.28,18.42,18.49,2078152,39311556.00
2024/07/09,18.54,19.60,18.31,19.50,3201000,61262060.00
2024/07/10,19.50,19.60,19.11,19.30,2219233,42929372.00
2024/07/11,19.71,19.85,19.34,19.56,2189185,42881736.00
2024/07/12,19.39,19.49,19.15,19.23,1728021,33294272.00
2024/07/15,19.20,19.48,19.03,19.12,1330793,25564076.00
2024/07/16,19.00,19.40,18.50,19.40,2311145,44010936.00
2024/07/17,19.23,19.45,18.63,18.63,1873549,35795080.00
2024/07/18,18.43,18.60,17.72,18.26,2397466,43399056.00
2024/07/19,18.04,19.65,18.02,19.19,4026888,77149576.00
2024/07/22,19.19,19.61,19.17,19.58,2667722,51888608.00
2024/07/23,19.40,19.58,18.53,18.63,2439900,46356144.00
2024/07/24,18.46,18.78,17.81,17.85,2116601,38421596.00
2024/07/25,17.81,18.13,17.58,17.86,1442071,25736830.00
2024/07/26,17.86,18.33,17.86,18.16,1159364,21001626.00
2024/07/29,18.20,18.23,17.85,17.91,1100190,19768308.00
2024/07/30,17.81,18.26,17.67,18.05,1168722,21001292.00
2024/07/31,18.09,18.72,17.88,18.71,2196981,40522236.00
2024/08/01,18.80,19.79,18.60,19.33,4044884,77800008.00
2024/08/02,18.99,19.12,18.50,18.65,2676519,50506028.00
2024/08/05,18.36,18.54,17.74,17.90,2455111,44440940.00
2024/08/06,18.05,18.24,17.81,18.14,1296788,23366306.00
2024/08/07,18.08,18.34,17.91,17.95,1398290,25343130.00
2024/08/08,18.00,18.23,17.48,17.90,1504122,26853644.00
2024/08/09,18.06,18.23,17.87,17.91,916346,16545226.00
2024/08/12,17.73,17.89,17.36,17.45,992364,17483604.00
2024/08/13,17.80,18.02,17.60,17.80,913163,16277233.00
2024/08/14,17.79,17.94,17.50,17.57,980150,17445072.00
2024/08/15,17.60,17.99,17.46,17.62,1196677,21222412.00
2024/08/16,17.69,18.02,17.57,17.68,1324896,23558676.00
2024/08/19,17.68,17.68,17.13,17.13,1497513,26108372.00
2024/08/20,17.10,17.13,16.40,16.60,1612410,26902872.00
2024/08/21,16.60,16.93,16.52,16.60,1139131,19059876.00
2024/08/22,16.64,16.88,16.38,16.38,963499,16092250.00
2024/08/23,16.70,16.70,16.31,16.46,967265,15945666.00
2024/08/26,16.44,16.46,15.75,15.78,3358858,53965744.00
2024/08/27,15.77,15.95,15.45,15.60,2059144,32271600.00
2024/08/28,15.57,16.05,15.53,15.85,2141181,34001488.00
2024/08/29,15.70,16.30,15.70,16.21,2532484,40790376.00
2024/08/30,16.20,16.83,16.14,16.51,3260465,54215956.00
2024/09/02,16.52,16.64,16.03,16.06,2088506,34046132.00
2024/09/03,16.03,16.46,16.01,16.32,1588661,25905242.00
2024/09/04,16.28,16.64,15.91,16.50,2343005,38432704.00
2024/09/05,16.37,16.73,16.30,16.45,1957096,32300684.00
2024/09/06,16.47,16.54,15.93,15.97,1756167,28313600.00
2024/09/09,15.91,16.18,15.75,15.96,1410775,22515324.00
2024/09/10,16.00,16.18,15.77,16.09,1286035,20556596.00
2024/09/11,16.06,16.13,15.95,16.07,1105197,17734660.00
2024/09/12,16.18,16.33,15.95,15.97,1465326,23684556.00
2024/09/13,15.97,16.09,15.58,15.62,1262645,19963050.00
2024/09/18,15.62,15.81,15.12,15.58,2174950,33572520.00
2024/09/19,15.76,16.01,15.59,15.77,1576019,24898606.00
2024/09/20,15.82,15.95,15.72,15.80,1097151,17360082.00
2024/09/23,15.91,16.00,15.63,15.81,1200214,19027796.00
2024/09/24,15.99,16.36,15.86,16.36,2349579,38005884.00
2024/09/25,16.68,16.78,16.33,16.38,3094154,51219728.00
2024/09/26,16.49,16.96,16.37,16.96,2787849,46398496.00
2024/09/27,17.09,18.15,17.08,18.10,3047808,53710128.00
2024/09/30,19.10,21.16,18.66,21.14,7342175,146471952.00
2024/10/08,25.33,25.37,23.26,25.37,14336315,354817376.00
2024/10/09,24.90,25.51,23.31,23.33,11510578,282578976.00
2024/10/10,24.99,25.47,23.45,24.00,10433867,254176496.00
2024/10/11,23.60,23.80,21.70,22.48,7367223,167195520.00
2024/10/14,22.61,23.43,21.77,23.34,6170913,140064784.00
2024/10/15,23.10,25.20,22.70,23.62,8135656,196741760.00
2024/10/16,23.01,24.35,22.82,23.50,5904880,138798176.00
2024/10/17,24.39,24.74,23.56,23.60,5375564,129260384.00
2024/10/18,23.59,26.63,23.40,25.50,12036772,302103424.00
2024/10/21,25.79,27.67,25.42,25.50,15932889,421362848.00
2024/10/22,25.00,26.16,24.83,25.55,9061480,231689824.00
2024/10/23,25.60,26.08,25.03,25.16,7795310,199863664.00
2024/10/24,24.89,25.60,24.86,25.11,5000695,126165200.00
2024/10/25,25.50,25.60,24.75,24.80,5947042,148984592.00
2024/10/28,25.30,25.35,24.73,25.29,4901024,122704320.00
2024/10/29,25.95,26.88,25.31,25.50,9117088,236689760.00
2024/10/30,25.20,25.59,24.39,24.73,6083291,151842368.00
2024/10/31,24.75,25.84,24.39,25.46,6272789,158341216.00
2024/11/01,25.63,25.86,24.44,24.77,7471217,187341952.00
2024/11/04,24.60,26.52,24.31,26.16,8110903,208749456.00
2024/11/05,26.46,28.78,26.08,28.12,12327936,341104896.00
2024/11/06,28.02,29.48,27.70,28.31,12178293,347767424.00
2024/11/07,28.30,29.18,27.80,28.33,7775420,219969376.00
2024/11/08,28.88,30.19,28.56,29.00,11364674,332989440.00
2024/11/11,29.30,31.80,29.00,31.66,11692043,358197440.00
2024/11/12,31.70,31.75,29.55,30.07,9987870,303445888.00
2024/11/13,30.12,31.27,28.98,29.86,7100206,212936576.00
2024/11/14,29.70,29.93,28.28,28.34,6251617,181130416.00
2024/11/15,28.39,28.80,27.01,27.10,6108455,169662800.00
2024/11/18,27.05,27.30,25.50,25.90,5210583,136567472.00
2024/11/19,26.13,27.18,25.90,27.09,4399472,116352248.00
2024/11/20,27.10,27.60,26.70,27.52,4393621,119372352.00
2024/11/21,27.50,27.74,26.90,27.20,3982094,108737400.00
2024/11/22,27.26,27.72,25.95,25.96,4498995,121466928.00
数据来源:通达信
