605108 同庆楼 日线 不复权
      日期	    开盘	    最高	    最低	    收盘	    成交量	    成交额
2020/07/16,24.05,24.05,24.05,24.05,339246,8158866.00
2020/07/17,26.46,26.46,26.46,26.46,134379,3555668.00
2020/07/20,29.11,29.11,29.11,29.11,587393,17099010.00
2020/07/21,32.02,32.02,29.66,32.02,24299516,755346112.00
2020/07/22,31.94,35.11,30.26,33.06,29880003,965468480.00
2020/07/23,31.71,32.18,30.58,30.80,18490057,578493376.00
2020/07/24,30.00,31.93,29.51,30.83,18838778,579425920.00
2020/07/27,30.09,30.45,28.51,29.10,13197996,387317056.00
2020/07/28,29.00,30.30,28.66,29.50,11078028,326283776.00
2020/07/29,29.12,30.16,28.89,29.78,10562611,312339520.00
2020/07/30,29.55,30.83,29.21,30.42,12615872,380020832.00
2020/07/31,30.04,30.40,29.27,29.54,11142024,331684928.00
2020/08/03,29.60,29.92,29.25,29.76,9824987,290676544.00
2020/08/04,29.78,31.54,29.35,31.22,17966238,549407552.00
2020/08/05,30.57,30.70,29.55,29.91,11213556,336189376.00
2020/08/06,29.80,30.20,28.92,29.21,9350300,274925344.00
2020/08/07,29.40,30.45,29.22,29.58,9297995,276808064.00
2020/08/10,29.01,29.13,28.04,28.45,8910471,253025712.00
2020/08/11,28.40,28.98,28.22,28.34,6047663,172681216.00
2020/08/12,28.10,28.29,26.90,27.40,6522997,178863696.00
2020/08/13,27.39,27.54,27.02,27.21,4131247,112568368.00
2020/08/14,27.20,27.31,26.62,26.93,4168530,112296448.00
2020/08/17,26.95,27.34,26.88,27.30,4297639,116700288.00
2020/08/18,27.31,27.60,27.21,27.47,3839367,105215504.00
2020/08/19,27.46,28.68,27.35,27.76,6353434,178755680.00
2020/08/20,27.61,28.46,26.82,27.77,4931956,135964000.00
2020/08/21,27.80,28.56,27.80,28.20,5184155,146490352.00
2020/08/24,28.19,28.34,27.38,27.80,4044435,112536664.00
2020/08/25,27.95,28.25,27.65,27.86,3467241,96634216.00
2020/08/26,27.86,27.90,26.88,26.93,4064461,110728896.00
2020/08/27,26.95,27.14,26.56,27.10,2187766,58822552.00
2020/08/28,27.10,28.44,27.00,28.31,6163968,171893952.00
2020/08/31,28.39,28.59,28.09,28.24,3794677,107541616.00
2020/09/01,28.30,28.78,27.87,28.04,2866300,80673432.00
2020/09/02,28.03,28.46,27.77,28.30,3021470,84963744.00
2020/09/03,28.31,28.66,28.08,28.31,2927357,83035760.00
2020/09/04,27.80,27.98,27.50,27.76,2771468,76828400.00
2020/09/07,27.96,28.80,27.66,28.43,5196451,147317648.00
2020/09/08,28.45,29.45,28.39,28.39,5354023,154378864.00
2020/09/09,27.81,27.99,26.57,26.77,5329129,144824528.00
2020/09/10,26.91,27.07,24.50,24.97,4525825,117330800.00
2020/09/11,24.72,25.49,24.64,25.30,2432071,61130712.00
2020/09/14,25.39,25.68,25.20,25.44,1926538,48988904.00
2020/09/15,25.40,25.73,25.20,25.67,1947277,49643756.00
2020/09/16,25.60,25.72,25.27,25.40,1738544,44142912.00
2020/09/17,25.28,25.93,25.20,25.58,2279483,58471156.00
2020/09/18,25.60,25.98,25.47,25.87,2215407,57071400.00
2020/09/21,25.75,25.90,25.32,25.41,2144322,54757120.00
2020/09/22,25.24,25.33,24.69,24.71,2008311,50231816.00
2020/09/23,24.81,25.35,24.80,25.00,2012101,50419904.00
2020/09/24,24.99,24.99,24.10,24.17,2224169,54568744.00
2020/09/25,24.30,24.57,23.79,23.79,2557075,61746952.00
2020/09/28,24.03,24.18,22.97,23.00,2675894,62925644.00
2020/09/29,23.12,23.45,22.72,23.31,2669229,61643944.00
2020/09/30,23.15,23.32,22.75,22.80,2065092,47417100.00
2020/10/09,23.13,23.44,23.03,23.28,2074751,48210568.00
2020/10/12,23.38,23.77,23.24,23.76,2502762,58928556.00
2020/10/13,23.62,24.35,23.55,24.15,3119218,74807672.00
2020/10/14,24.08,24.18,23.74,23.85,1546772,36930008.00
2020/10/15,23.76,24.04,23.59,23.76,1369834,32611452.00
2020/10/16,23.70,24.07,23.68,23.93,1368745,32658552.00
2020/10/19,24.00,24.32,23.70,23.70,1597764,38378476.00
2020/10/20,23.57,24.10,23.57,24.10,1398576,33422144.00
2020/10/21,24.04,24.15,23.60,23.86,1432079,34181308.00
2020/10/22,23.83,23.90,23.32,23.90,1885126,44502148.00
2020/10/23,23.85,23.85,23.09,23.23,1919977,44995016.00
2020/10/26,23.06,23.18,22.80,23.18,1180853,27180648.00
2020/10/27,23.06,23.38,22.96,23.36,1119528,26012428.00
2020/10/28,23.36,23.44,22.88,23.08,1688588,39062096.00
2020/10/29,22.69,22.69,22.22,22.35,2274550,51089608.00
2020/10/30,22.39,22.58,21.93,22.08,1670754,37134548.00
2020/11/02,22.11,22.12,21.08,21.89,1446845,31579912.00
2020/11/03,21.90,22.41,21.69,22.30,1354442,30018824.00
2020/11/04,22.39,22.85,22.28,22.44,1278486,28758594.00
2020/11/05,22.44,22.74,22.27,22.65,1389818,31285558.00
2020/11/06,22.65,22.79,22.39,22.60,1102893,24811056.00
2020/11/09,22.52,23.30,22.52,23.16,1956083,44837224.00
2020/11/10,24.00,24.48,23.20,23.20,3349168,79882120.00
2020/11/11,23.07,23.24,22.67,22.78,1942075,44507432.00
2020/11/12,22.70,24.28,22.61,23.70,2991427,70455696.00
2020/11/13,23.37,24.26,23.30,23.97,2897127,69437184.00
2020/11/16,24.02,24.18,23.53,23.95,1931939,46118156.00
2020/11/17,24.05,24.70,23.88,24.05,2731274,66150376.00
2020/11/18,24.00,24.27,23.83,24.00,1589885,38177120.00
2020/11/19,24.10,24.65,24.08,24.47,2669172,65106672.00
2020/11/20,24.41,24.58,24.02,24.31,1731695,42083768.00
2020/11/23,24.16,24.35,23.62,24.16,2376037,57030804.00
2020/11/24,24.00,24.64,24.00,24.56,2252195,54965516.00
2020/11/25,24.58,24.70,24.00,24.33,1661461,40254256.00
2020/11/26,24.32,26.48,24.11,25.23,6794227,173987392.00
2020/11/27,25.48,27.61,25.01,27.32,9131026,242732112.00
2020/11/30,27.30,28.02,27.06,27.53,6061548,167120240.00
2020/12/01,27.63,27.83,26.80,27.09,4105970,111113816.00
2020/12/02,27.15,28.16,27.00,27.67,3673116,101110128.00
2020/12/03,27.85,28.47,27.60,27.80,4256001,119378576.00
2020/12/04,27.30,27.55,26.85,26.88,3569953,96540472.00
2020/12/07,27.01,27.54,26.90,27.20,2088283,56871280.00
2020/12/08,27.36,27.77,26.45,26.45,3041777,81617264.00
2020/12/09,26.54,26.98,25.89,25.98,2068193,54764596.00
2020/12/10,25.80,26.60,25.75,26.00,1688800,44246756.00
2020/12/11,25.92,26.55,25.58,26.30,1695001,44136916.00
2020/12/14,26.13,26.50,25.75,26.10,1469600,38221468.00
2020/12/15,26.20,26.36,25.71,26.10,1308100,34026644.00
2020/12/16,26.19,27.24,25.85,26.90,3018885,80581976.00
2020/12/17,26.81,26.93,26.26,26.37,2658823,70469816.00
2020/12/18,26.19,26.33,25.61,25.77,1877112,48554344.00
2020/12/21,25.82,26.15,25.53,25.94,1089891,28128778.00
2020/12/22,25.70,25.94,24.85,25.04,2404402,60705364.00
2020/12/23,24.68,25.42,23.99,24.12,2309949,56557456.00
2020/12/24,24.10,24.10,23.31,23.35,1604861,37865348.00
2020/12/25,23.32,23.99,23.28,23.38,1096177,25852692.00
2020/12/28,23.18,23.28,22.41,22.85,1515382,34579544.00
2020/12/29,22.85,23.34,22.80,23.00,1124650,25947122.00
2020/12/30,22.98,24.13,22.80,23.66,1297977,30462856.00
2020/12/31,23.61,24.15,23.61,23.81,1073358,25564216.00
2021/01/04,23.81,23.81,23.46,23.62,1284700,30308152.00
2021/01/05,23.51,24.01,23.18,23.93,1337683,31691688.00
2021/01/06,24.00,24.70,22.98,23.19,3037726,72103896.00
2021/01/07,22.84,23.01,21.48,21.83,3909804,86248320.00
2021/01/08,21.80,21.80,21.11,21.20,2520900,53772216.00
2021/01/11,20.90,20.90,19.82,19.82,3633804,73315920.00
2021/01/12,19.81,20.16,19.45,19.95,1361893,27116422.00
2021/01/13,20.25,20.50,19.78,20.10,2168836,43621912.00
2021/01/14,20.60,20.96,20.10,20.82,2401607,49629896.00
2021/01/15,20.86,21.14,20.55,20.90,1353247,28206722.00
2021/01/18,21.09,21.39,20.75,21.12,1493106,31637192.00
2021/01/19,21.00,21.90,20.98,21.61,1425227,30760982.00
2021/01/20,21.75,21.86,21.33,21.50,1030385,22201878.00
2021/01/21,21.45,21.73,21.05,21.06,1419600,30229536.00
2021/01/22,20.91,21.45,20.90,21.10,1426954,30152046.00
2021/01/25,21.00,21.13,20.00,20.42,1903900,39050876.00
2021/01/26,20.60,20.84,20.16,20.60,1231514,25287196.00
2021/01/27,20.38,20.96,20.23,20.80,1038434,21497446.00
2021/01/28,20.80,21.62,20.63,21.11,1970118,41980184.00
2021/01/29,21.20,22.00,20.70,21.90,2581500,55078824.00
2021/02/01,21.73,21.97,21.40,21.61,1884705,40734268.00
2021/02/02,21.40,22.25,21.40,21.93,1970512,43089568.00
2021/02/03,21.88,22.84,21.77,22.58,2791061,62893448.00
2021/02/04,22.43,22.55,21.50,21.95,1990400,43715672.00
2021/02/05,21.70,22.22,21.54,21.90,1283382,27970494.00
2021/02/08,21.90,22.88,21.85,22.62,1960947,44193684.00
2021/02/09,22.35,22.60,22.00,22.45,1380498,30830352.00
2021/02/10,22.30,22.95,22.22,22.31,1777400,39940400.00
2021/02/18,23.00,23.88,22.94,23.10,2888575,67347272.00
2021/02/19,22.88,23.40,22.84,23.33,1479082,34304860.00
2021/02/22,23.20,23.75,23.03,23.15,2061600,48164932.00
2021/02/23,23.15,23.69,22.53,23.47,2006665,46450748.00
2021/02/24,23.52,24.27,23.07,23.16,2946733,69882392.00
2021/02/25,23.21,23.48,22.42,22.50,2268075,51547608.00
2021/02/26,22.21,22.70,22.15,22.55,1176557,26395228.00
2021/03/01,22.61,23.06,22.40,22.92,1280419,29218772.00
2021/03/02,22.95,23.20,22.62,23.03,1299479,29771786.00
2021/03/03,22.85,23.17,22.75,23.03,1043413,23982802.00
2021/03/04,22.85,23.14,22.21,22.37,1688200,38146912.00
2021/03/05,22.02,22.56,22.02,22.47,899569,20143162.00
2021/03/08,22.58,22.65,21.95,22.04,998893,22267770.00
2021/03/09,22.01,22.46,21.30,21.96,1507241,33050776.00
2021/03/10,22.01,22.13,21.50,21.68,822167,17844098.00
2021/03/11,21.67,22.09,21.52,21.94,815183,17836666.00
2021/03/12,21.94,22.22,21.70,21.76,917100,20062020.00
2021/03/15,21.58,22.75,21.52,22.66,1802440,40308172.00
2021/03/16,22.90,24.17,22.71,24.08,3740180,88802064.00
2021/03/17,24.03,24.36,23.52,24.00,2439700,58349328.00
2021/03/18,24.00,24.20,23.71,24.01,1860280,44526208.00
2021/03/19,23.76,24.49,23.71,23.73,1473500,35375308.00
2021/03/22,23.60,24.96,23.60,24.96,2698476,65784736.00
2021/03/23,25.87,25.92,24.42,24.61,3697890,92627848.00
2021/03/24,24.76,25.08,23.88,24.50,2685203,65752228.00
2021/03/25,24.18,25.16,23.90,25.08,2422977,60231184.00
2021/03/26,25.01,25.33,24.75,25.11,1691426,42283800.00
2021/03/29,25.00,25.38,24.65,24.89,1567709,39084692.00
2021/03/30,24.71,25.30,24.68,24.76,1294304,32309956.00
2021/03/31,25.00,25.25,24.65,24.84,1364829,34030460.00
2021/04/01,24.69,24.90,24.05,24.23,1474401,35870080.00
2021/04/02,24.71,25.38,24.33,25.17,1911220,47757864.00
2021/04/06,24.91,25.34,24.83,24.94,1112673,27818728.00
2021/04/07,25.05,25.89,24.80,25.56,1899220,48461028.00
2021/04/08,25.51,25.78,25.18,25.31,1085013,27691230.00
2021/04/09,25.30,25.75,25.06,25.49,1062916,27027382.00
2021/04/12,25.03,25.75,24.66,24.84,1213939,30479810.00
2021/04/13,24.79,25.98,24.40,24.99,1903711,47951808.00
2021/04/14,25.20,25.86,24.78,25.84,2022502,51722968.00
2021/04/15,25.73,25.75,25.33,25.69,1161791,29661266.00
2021/04/16,26.20,26.87,26.00,26.68,3473545,92032792.00
2021/04/19,26.74,27.45,26.60,27.34,2732032,74159368.00
2021/04/20,27.33,27.45,26.88,26.88,1986777,53834256.00
2021/04/21,26.71,27.43,26.66,26.76,1632067,44029860.00
2021/04/22,26.67,27.15,26.62,26.97,999897,26835740.00
2021/04/23,27.30,27.35,26.68,26.90,1253188,33723616.00
2021/04/26,27.00,28.28,26.61,27.79,3782089,104544096.00
2021/04/27,27.74,28.17,27.05,27.88,2095214,57943584.00
2021/04/28,27.69,27.75,27.04,27.47,1896088,51876544.00
2021/04/29,27.26,28.16,26.66,27.88,2668587,73181480.00
2021/04/30,25.09,25.80,25.09,25.09,5253681,132002368.00
2021/05/06,25.03,25.09,23.60,23.77,4365043,105091552.00
2021/05/07,23.60,23.87,23.50,23.58,1954243,46191996.00
2021/05/10,23.95,24.24,23.51,23.77,1262204,30133598.00
2021/05/11,23.88,23.91,23.16,23.87,1218627,28738794.00
2021/05/12,23.83,24.25,23.65,23.95,880480,21104490.00
2021/05/13,23.93,25.27,23.82,24.98,2178082,53923124.00
2021/05/14,24.66,25.27,24.06,24.37,2204372,54190052.00
2021/05/17,24.21,25.14,23.85,24.73,1611543,39647232.00
2021/05/18,24.90,27.20,24.80,27.20,4731428,125770496.00
2021/05/19,27.00,29.92,26.42,29.92,8681753,245671200.00
2021/05/20,30.79,32.91,30.79,32.91,8135075,263161136.00
2021/05/21,32.38,32.38,29.62,29.70,12187844,369170368.00
2021/05/24,29.99,32.67,29.99,32.67,10577455,330383776.00
2021/05/25,31.89,33.74,30.80,32.86,9765150,315097216.00
2021/05/26,31.59,34.49,31.59,32.30,6429005,211738048.00
2021/05/27,32.52,32.99,30.61,30.95,7477613,233300864.00
2021/05/28,31.00,31.40,30.01,31.18,5532292,169776400.00
2021/05/31,30.90,31.02,28.70,29.44,5770319,170454432.00
2021/06/01,29.48,29.99,29.02,29.85,4073195,120745360.00
2021/06/02,29.55,30.16,28.81,29.10,3144791,92135360.00
2021/06/03,29.27,29.27,28.52,28.69,3182800,91697648.00
2021/06/04,28.20,28.90,27.90,28.69,2564300,73009912.00
2021/06/07,29.35,29.97,28.81,29.58,4292180,126517184.00
2021/06/08,29.53,29.53,28.05,28.30,3478764,99375480.00
2021/06/09,28.08,28.45,27.56,28.44,2373943,66483928.00
2021/06/10,28.20,28.32,27.77,28.31,1322364,37106112.00
2021/06/11,28.28,29.05,27.72,27.92,1754200,49538188.00
2021/06/15,21.40,21.98,20.70,21.79,1407575,30337150.00
2021/06/16,21.78,21.79,20.87,21.00,2441085,51617964.00
2021/06/17,21.01,21.30,20.64,21.14,1504281,31593860.00
2021/06/18,21.07,21.39,20.72,21.20,1279805,26971986.00
2021/06/21,21.12,21.87,20.99,21.41,1678981,36024048.00
2021/06/22,21.36,21.50,21.09,21.16,1621478,34412960.00
2021/06/23,21.07,22.73,21.07,21.45,4044472,88407128.00
2021/06/24,21.09,21.30,20.01,20.04,5727941,117469592.00
2021/06/25,20.03,20.34,19.70,20.26,2085095,41884644.00
2021/06/28,20.27,20.31,19.79,19.87,1546945,30851790.00
2021/06/29,19.70,19.94,19.53,19.60,1929945,37945416.00
2021/06/30,19.60,19.80,19.01,19.18,2526690,48607800.00
2021/07/01,19.30,19.68,19.14,19.38,1597365,31082734.00
2021/07/02,19.18,19.50,18.79,19.09,1723110,32807124.00
2021/07/05,18.99,19.56,18.69,19.43,1518759,29206964.00
2021/07/06,19.43,19.49,18.86,19.30,1592260,30471070.00
2021/07/07,19.16,19.56,19.15,19.36,1134616,22010522.00
2021/07/08,19.40,19.50,18.70,18.71,1625830,30935942.00
2021/07/09,18.53,18.80,18.30,18.64,1558100,28832674.00
2021/07/12,18.65,18.82,18.44,18.50,1341079,24941862.00
2021/07/13,18.56,18.70,18.23,18.37,1065480,19689384.00
2021/07/14,18.38,18.78,18.30,18.58,989804,18344372.00
2021/07/15,18.76,18.76,18.20,18.40,1058411,19399466.00
2021/07/16,18.49,18.79,18.18,18.64,1417133,26172414.00
2021/07/19,18.65,19.34,18.47,19.30,2338290,44471444.00
2021/07/20,19.30,19.31,18.81,18.98,1305944,24867566.00
2021/07/21,18.99,19.16,18.65,18.74,1584660,29824726.00
2021/07/22,18.69,18.72,18.22,18.33,1535910,28150452.00
2021/07/23,18.33,18.60,17.80,17.97,1542434,27826594.00
2021/07/26,17.85,17.85,17.08,17.30,1711569,29576136.00
2021/07/27,17.16,17.49,16.79,16.86,1640522,27905486.00
2021/07/28,16.88,16.96,16.00,16.12,2258057,36776448.00
2021/07/29,16.24,16.40,15.56,15.77,3362851,53506792.00
2021/07/30,15.80,15.94,15.51,15.85,1576760,24841338.00
2021/08/02,15.79,15.87,15.20,15.81,3163196,49051940.00
2021/08/03,15.80,16.39,15.71,16.20,2170917,35121760.00
2021/08/04,16.08,16.20,15.75,15.88,1758837,28041062.00
2021/08/05,15.80,16.00,15.50,15.63,1237614,19480976.00
2021/08/06,15.58,15.64,15.16,15.38,1314610,20267346.00
2021/08/09,15.31,16.54,15.31,16.25,2813437,45408088.00
2021/08/10,16.17,16.31,16.00,16.15,1840290,29675228.00
2021/08/11,16.31,16.55,16.02,16.17,1751000,28454646.00
2021/08/12,16.18,16.30,15.90,15.97,1427910,22982912.00
2021/08/13,15.94,16.35,15.85,16.28,1563704,25324046.00
2021/08/16,16.28,17.35,16.28,17.14,3146442,53331408.00
2021/08/17,16.75,17.06,16.41,16.59,2964447,49486932.00
2021/08/18,16.52,17.07,16.18,16.46,2478058,41040144.00
2021/08/19,16.36,17.00,16.26,16.73,2067427,34562144.00
2021/08/20,16.56,16.71,16.38,16.57,1164251,19235626.00
2021/08/23,16.66,17.97,16.50,17.67,3695048,64378324.00
2021/08/24,17.83,17.96,17.20,17.72,1945312,34261536.00
2021/08/25,17.80,18.16,17.63,17.76,1646500,29346188.00
2021/08/26,17.76,18.40,17.50,18.27,2272889,41211404.00
2021/08/27,18.40,18.49,17.95,18.25,1930236,35034468.00
2021/08/30,18.58,18.60,17.63,17.92,1630056,29308250.00
2021/08/31,17.90,18.47,17.61,17.64,2202751,39632684.00
2021/09/01,17.63,18.29,17.58,17.86,1611523,28927912.00
2021/09/02,18.27,18.27,17.76,17.81,1293707,23237700.00
2021/09/03,17.70,18.41,17.49,18.25,2674881,47938928.00
2021/09/06,18.25,18.67,18.03,18.35,1791092,32744550.00
2021/09/07,18.05,18.55,18.05,18.30,1905395,34954740.00
2021/09/08,18.30,18.87,18.17,18.82,1928253,35939468.00
2021/09/09,18.70,18.99,18.66,18.71,1528380,28669668.00
2021/09/10,18.71,19.33,18.61,18.78,1742683,33080592.00
2021/09/13,18.70,18.70,17.80,17.89,3178471,57511496.00
2021/09/14,18.05,18.14,17.22,17.32,3036757,53437872.00
2021/09/15,17.60,18.46,17.20,18.25,3251986,58384968.00
2021/09/16,18.15,18.40,17.83,17.85,2192933,39715588.00
2021/09/17,17.81,18.50,17.63,18.35,1719256,31130156.00
2021/09/22,18.13,18.56,17.77,18.39,1233314,22511148.00
2021/09/23,18.33,18.45,17.90,18.16,1371060,24923492.00
2021/09/24,18.09,18.56,17.95,18.30,1446814,26580776.00
2021/09/27,18.60,19.08,18.30,18.85,2181541,40871976.00
2021/09/28,18.65,18.82,18.23,18.48,1442257,26625600.00
2021/09/29,18.35,19.18,18.29,18.94,2111745,39722184.00
2021/09/30,18.87,19.18,18.58,18.65,1792076,33911880.00
2021/10/08,18.59,18.86,18.36,18.45,1812160,33726040.00
2021/10/11,18.45,19.70,18.45,19.70,3395212,65351376.00
2021/10/12,19.54,20.18,18.95,19.32,3741227,72644600.00
2021/10/13,19.29,19.41,18.74,19.28,1092434,20899232.00
2021/10/14,19.23,19.68,19.00,19.39,1703660,33026446.00
2021/10/15,19.35,19.35,18.60,18.93,1510244,28557784.00
2021/10/18,18.80,18.80,17.50,18.28,1977870,35662164.00
2021/10/19,18.19,18.48,18.06,18.28,902434,16479850.00
2021/10/20,18.10,18.25,17.66,17.78,1103026,19697676.00
2021/10/21,17.88,18.09,17.62,17.96,724578,12980110.00
2021/10/22,18.00,18.00,17.57,17.91,628756,11199358.00
2021/10/25,17.90,17.90,17.26,17.32,1389564,24287740.00
2021/10/26,17.50,17.77,16.89,17.01,1578113,26881894.00
2021/10/27,16.92,17.18,16.20,16.29,2222027,36642988.00
2021/10/28,16.41,16.77,15.99,16.60,2083600,33855788.00
2021/10/29,16.62,17.34,16.60,17.31,1160777,19841844.00
2021/11/01,17.00,17.10,16.39,16.41,1797490,29873172.00
2021/11/02,16.39,16.66,16.17,16.29,1288900,21164432.00
2021/11/03,16.28,16.68,16.14,16.38,938746,15425281.00
2021/11/04,16.46,16.66,16.33,16.50,833115,13756882.00
2021/11/05,16.40,16.64,16.18,16.36,908395,14904974.00
2021/11/08,16.48,17.80,16.42,17.46,3168518,54376824.00
2021/11/09,17.36,17.53,17.00,17.35,1286755,22257568.00
2021/11/10,17.29,17.65,17.19,17.53,1133138,19760756.00
2021/11/11,17.50,17.92,17.27,17.41,1210995,21207558.00
2021/11/12,17.62,17.73,17.37,17.44,1011233,17699968.00
2021/11/15,17.52,18.38,17.50,18.09,1814420,32794308.00
2021/11/16,17.99,18.21,17.78,17.88,1092002,19566298.00
2021/11/17,17.85,18.10,17.72,17.89,786240,14051488.00
2021/11/18,17.90,17.90,17.35,17.44,1073850,18852916.00
2021/11/19,17.44,17.88,17.30,17.51,932980,16387467.00
2021/11/22,17.73,18.25,17.42,17.96,1773135,31597468.00
2021/11/23,18.20,18.25,17.97,18.14,972070,17591494.00
2021/11/24,18.02,18.14,17.76,17.85,890228,15936731.00
2021/11/25,18.04,18.15,17.82,17.84,644530,11560860.00
2021/11/26,17.79,17.79,17.24,17.47,1118460,19483070.00
2021/11/29,17.05,17.34,16.90,17.17,1031349,17645690.00
2021/11/30,17.27,17.39,17.12,17.18,687368,11854345.00
2021/12/01,17.24,17.42,16.94,17.32,641276,11084914.00
2021/12/02,17.30,17.46,17.00,17.18,874558,15048270.00
2021/12/03,17.18,17.36,17.11,17.28,523140,9015259.00
2021/12/06,17.26,17.27,16.89,16.90,740260,12581614.00
2021/12/07,17.00,17.19,16.81,17.11,694106,11838474.00
2021/12/08,17.11,17.25,16.91,17.17,828989,14177606.00
2021/12/09,17.25,17.77,17.13,17.51,1557907,27250108.00
2021/12/10,17.51,17.67,17.33,17.54,856835,15065986.00
2021/12/13,17.55,17.77,17.38,17.59,795012,13942768.00
2021/12/14,17.56,17.58,17.42,17.55,704149,12324224.00
2021/12/15,17.55,17.66,17.34,17.40,595459,10406936.00
2021/12/16,17.33,17.42,17.11,17.28,638924,11025505.00
2021/12/17,17.20,17.29,17.03,17.06,528293,9043768.00
2021/12/20,17.06,17.45,16.83,17.11,780649,13347402.00
2021/12/21,17.10,17.48,17.04,17.40,670646,11625881.00
2021/12/22,17.47,17.47,17.15,17.22,621890,10761036.00
2021/12/23,17.15,17.28,16.95,17.08,613550,10474548.00
2021/12/24,16.94,17.13,16.89,17.06,696982,11840773.00
2021/12/27,17.09,17.23,16.92,17.15,840850,14405735.00
2021/12/28,17.20,17.43,17.06,17.24,973118,16786216.00
2021/12/29,17.62,18.96,17.62,18.96,12780780,241149536.00
2021/12/30,18.77,18.79,17.73,18.63,11327374,206015184.00
2021/12/31,18.24,18.44,18.03,18.30,5847796,106448456.00
2022/01/04,18.32,20.13,18.15,20.13,11140600,216653408.00
2022/01/05,20.13,21.89,19.74,20.75,15127586,315557184.00
2022/01/06,20.01,21.58,19.51,21.07,9916150,203648016.00
2022/01/07,20.64,21.25,20.25,20.37,6095360,125546504.00
2022/01/10,20.28,21.36,19.51,21.27,8262617,171491680.00
2022/01/11,21.00,21.45,20.36,20.36,5106132,105888360.00
2022/01/12,20.50,22.40,20.30,22.40,8678341,190006480.00
2022/01/13,24.10,24.64,23.68,24.64,6488438,158849376.00
2022/01/14,26.40,27.02,23.21,24.97,24895888,633413120.00
2022/01/17,23.00,25.50,22.55,24.61,18186824,432757696.00
2022/01/18,23.50,23.70,22.15,22.15,12252002,279082912.00
2022/01/19,21.68,23.26,21.26,22.84,9647728,215243616.00
2022/01/20,22.46,23.36,21.55,21.62,7334812,163045856.00
2022/01/21,21.70,21.98,19.81,19.94,7195706,149439920.00
2022/01/24,20.13,21.41,19.89,20.66,7043970,145063296.00
2022/01/25,20.65,21.35,19.69,19.94,6878766,140606720.00
2022/01/26,20.04,20.19,18.76,19.15,6268830,120591344.00
2022/01/27,19.20,19.20,18.30,18.30,3622610,67888216.00
2022/01/28,18.42,19.35,18.42,18.71,5368056,101669712.00
2022/02/07,19.14,19.29,18.30,18.98,3279830,61903572.00
2022/02/08,18.87,19.66,18.60,19.45,4208592,81346936.00
2022/02/09,19.41,19.56,19.06,19.46,3586594,69209256.00
2022/02/10,19.33,19.84,19.22,19.62,4839970,94610184.00
2022/02/11,19.50,20.25,18.88,19.50,7638560,149809248.00
2022/02/14,19.42,20.86,19.30,20.39,7694091,155086864.00
2022/02/15,20.10,20.11,19.08,19.64,5687834,111243816.00
2022/02/16,19.43,19.96,19.15,19.54,4262174,83094576.00
2022/02/17,19.35,19.52,18.90,18.90,3413981,65202360.00
2022/02/18,18.70,19.25,18.70,19.14,2189930,41792064.00
2022/02/21,19.47,19.47,19.06,19.16,1921840,36861064.00
2022/02/22,19.03,19.09,18.44,18.54,2827690,52780072.00
2022/02/23,18.62,18.62,18.25,18.31,3152471,57905344.00
2022/02/24,18.25,18.38,17.17,17.51,3890767,69266544.00
2022/02/25,17.49,17.90,17.48,17.53,1885258,33271636.00
2022/02/28,17.51,17.58,16.90,17.04,4102904,70011240.00
2022/03/01,17.10,17.30,16.88,17.22,3521390,60199144.00
2022/03/02,17.10,17.30,16.98,17.13,1697860,29087004.00
2022/03/03,17.19,17.63,17.13,17.55,4692970,81922288.00
2022/03/04,17.35,17.57,17.10,17.51,4255125,73763792.00
2022/03/07,17.59,17.60,17.13,17.22,3650045,63484788.00
2022/03/08,17.16,17.34,16.50,16.52,2713083,45846628.00
2022/03/09,16.60,16.78,15.57,16.30,2695466,44014120.00
2022/03/10,16.58,16.88,16.25,16.54,2759830,45748324.00
2022/03/11,16.18,17.50,15.91,17.18,4953230,82536464.00
2022/03/14,16.99,17.20,16.41,16.43,3120682,52321652.00
2022/03/15,16.28,16.44,15.23,15.23,3590510,56886792.00
2022/03/16,15.58,16.55,15.42,16.50,5156796,82593584.00
2022/03/17,16.49,17.19,16.44,16.67,4286922,71931128.00
2022/03/18,16.62,17.39,16.55,16.97,3281620,55978952.00
2022/03/21,16.82,17.68,16.71,17.50,4540444,78738224.00
2022/03/22,17.37,17.37,16.90,17.00,2809748,47964620.00
2022/03/23,17.08,17.10,16.71,16.84,2413034,40628784.00
2022/03/24,16.80,16.82,16.40,16.53,2069320,34328296.00
2022/03/25,16.68,17.29,16.46,16.76,3300290,55780876.00
2022/03/28,16.60,17.30,16.60,17.10,3536310,60229808.00
2022/03/29,17.00,17.65,16.86,17.15,3655390,62971632.00
2022/03/30,17.15,17.27,16.76,17.13,2831367,48176756.00
2022/03/31,17.12,17.18,16.79,16.83,2038920,34613416.00
2022/04/01,16.85,17.67,16.83,17.63,7142928,124490168.00
2022/04/06,17.41,18.44,17.39,18.28,8024356,144516416.00
2022/04/07,18.00,18.07,17.21,17.25,5793319,101947448.00
2022/04/08,17.31,17.58,16.43,17.00,4419735,74167168.00
2022/04/11,16.85,17.96,16.70,17.28,6277814,109590696.00
2022/04/12,17.29,19.01,16.93,19.01,10403361,187763888.00
2022/04/13,19.38,20.50,19.00,19.09,14697515,290149472.00
2022/04/14,18.90,21.00,18.47,20.62,13361401,261793424.00
2022/04/15,19.86,20.48,19.20,19.55,8888778,175596400.00
2022/04/18,19.36,20.22,18.88,19.72,6324016,124202072.00
2022/04/19,19.18,19.70,18.91,19.50,5075436,98235856.00
2022/04/20,19.29,20.57,19.15,20.04,10113088,201250992.00
2022/04/21,19.56,19.56,18.04,18.04,7899666,146089008.00
2022/04/22,17.03,17.32,16.24,16.24,8371260,138708800.00
2022/04/25,15.39,16.13,15.01,15.40,6746612,105467720.00
2022/04/26,15.50,16.94,15.30,16.50,11071649,182784160.00
2022/04/27,16.14,17.22,15.48,17.10,10134385,165503456.00
2022/04/28,16.90,17.19,16.35,17.00,4987910,84307976.00
2022/04/29,17.08,17.64,16.61,17.28,5109368,88209312.00
2022/05/05,17.28,17.57,16.78,17.01,3484170,59451168.00
2022/05/06,16.50,16.83,16.18,16.33,2441690,40125152.00
2022/05/09,16.47,16.68,16.00,16.23,3283280,53351492.00
2022/05/10,16.07,17.80,15.81,17.44,5077458,86404368.00
2022/05/11,17.40,18.64,17.25,17.72,5322610,96165536.00
2022/05/12,17.56,18.50,17.53,18.26,4119409,74778504.00
2022/05/13,18.13,18.79,17.81,18.63,5455108,99820656.00
2022/05/16,18.61,19.69,18.35,18.99,6202417,118234984.00
2022/05/17,18.80,19.34,18.78,18.95,3703713,70618856.00
2022/05/18,19.00,20.16,18.83,19.59,4801141,94499456.00
2022/05/19,19.29,19.78,19.12,19.58,3924173,76446696.00
2022/05/20,19.46,20.45,19.46,19.95,3888057,77704384.00
2022/05/23,19.94,20.03,19.08,19.36,2811550,54455940.00
2022/05/24,19.40,19.42,18.88,18.93,2409010,46019652.00
2022/05/25,19.00,19.36,18.61,19.20,1518460,29011920.00
2022/05/26,19.15,19.49,18.71,19.33,2069801,39502144.00
2022/05/27,19.15,19.32,18.55,18.87,1856811,35048432.00
2022/05/30,18.90,20.00,18.89,19.28,3613158,70503352.00
2022/05/31,19.30,19.40,18.76,18.99,2378790,45226496.00
2022/06/01,18.92,19.78,18.56,18.83,2216270,42193604.00
2022/06/02,18.61,19.09,18.50,18.69,1390160,26044670.00
2022/06/06,18.71,18.81,18.16,18.37,2948390,54016912.00
2022/06/07,18.42,18.60,17.92,18.49,2938253,53549688.00
2022/06/08,18.36,18.57,17.86,18.26,2176860,39574668.00
2022/06/09,18.02,18.25,17.24,17.28,3213580,56331024.00
2022/06/10,17.12,17.92,17.12,17.37,3371868,58881280.00
2022/06/13,17.28,17.65,17.00,17.35,2141230,36886940.00
2022/06/14,17.10,17.26,16.76,17.21,2247020,38321392.00
2022/06/15,17.24,17.63,17.12,17.29,3052840,53008416.00
2022/06/16,17.35,17.69,17.21,17.50,3050060,53218756.00
2022/06/17,17.30,17.30,16.63,16.99,2573990,43523120.00
2022/06/20,17.00,18.69,16.91,18.69,6529658,116991624.00
2022/06/21,19.01,19.19,18.41,18.64,5998894,112837792.00
2022/06/22,18.90,19.03,18.21,18.37,3389303,62664872.00
2022/06/23,18.40,18.47,18.11,18.38,2860924,52304516.00
2022/06/24,18.44,19.24,18.40,18.95,5209809,97917104.00
2022/06/27,19.28,19.90,19.06,19.75,7669808,149338256.00
2022/06/28,19.32,21.73,19.31,20.63,9102554,184321696.00
2022/06/29,20.55,22.50,20.31,21.46,10917907,235189392.00
2022/06/30,21.80,23.61,21.46,23.61,7463408,170313696.00
2022/07/01,23.85,24.06,21.31,22.01,11042769,246343600.00
2022/07/04,22.00,22.91,21.68,22.58,6604744,147110960.00
2022/07/05,22.25,22.56,21.60,21.75,4210556,92345696.00
2022/07/06,21.80,21.80,20.02,20.24,6318706,129921888.00
2022/07/07,20.63,20.63,19.55,19.74,3438883,68147992.00
2022/07/08,20.31,21.71,19.91,21.15,9022778,190121056.00
2022/07/11,20.79,20.79,19.51,19.71,7446061,147754560.00
2022/07/12,19.71,19.71,18.86,19.12,4869070,93401872.00
2022/07/13,19.21,21.03,19.14,20.46,8037868,164129408.00
2022/07/14,20.65,20.69,19.84,20.10,5195593,105059808.00
2022/07/15,20.00,21.21,19.85,20.40,5103033,105002160.00
2022/07/18,20.73,20.73,19.85,20.00,4098640,82779672.00
2022/07/19,20.39,20.66,19.61,19.78,4299962,85890288.00
2022/07/20,19.90,20.66,19.71,20.22,4490601,90958592.00
2022/07/21,19.99,20.97,19.89,20.64,5866000,120439032.00
2022/07/22,20.40,20.98,19.92,20.18,3939531,80026088.00
2022/07/25,20.01,20.96,19.81,20.39,3555190,72809536.00
2022/07/26,20.51,22.30,20.51,21.90,7269726,156458752.00
2022/07/27,21.36,21.40,20.64,21.17,4621721,96916096.00
2022/07/28,21.02,21.47,20.77,21.16,3408360,71862592.00
2022/07/29,20.86,20.91,19.88,19.99,4057720,82020104.00
2022/08/01,19.85,20.10,19.70,20.02,1482431,29573296.00
2022/08/02,19.85,19.85,18.69,18.84,3308470,63113616.00
2022/08/03,18.66,19.30,18.52,18.82,2670714,50431928.00
2022/08/04,18.80,19.35,18.60,19.33,1540879,29248284.00
2022/08/05,19.10,20.05,19.03,20.01,2496572,49020036.00
2022/08/08,19.59,20.88,19.40,20.55,3053119,62206964.00
2022/08/09,20.72,21.90,20.53,21.71,5664410,121518152.00
2022/08/10,21.85,21.95,21.30,21.74,2961610,64106632.00
2022/08/11,22.16,22.16,21.26,21.85,2551658,55174396.00
2022/08/12,22.23,22.26,21.51,21.82,1532140,33358892.00
2022/08/15,21.82,21.95,21.29,21.39,1716200,36923488.00
2022/08/16,21.40,21.56,20.68,21.00,2404015,50379324.00
2022/08/17,21.40,21.45,20.80,21.26,1545090,32759712.00
2022/08/18,21.21,21.21,20.66,20.88,1225650,25537092.00
2022/08/19,20.76,21.13,20.70,20.88,1246390,26036916.00
2022/08/22,20.75,21.50,20.67,21.00,1187040,25037540.00
2022/08/23,20.80,21.40,20.50,20.65,1781101,37060920.00
2022/08/24,20.56,20.75,20.10,20.25,1753430,35780976.00
2022/08/25,20.07,20.47,20.02,20.29,1187688,24028840.00
2022/08/26,20.29,22.32,20.27,21.81,8016908,176672704.00
2022/08/29,21.42,23.87,21.31,23.05,8187759,183246576.00
2022/08/30,22.58,23.40,22.12,22.87,4565381,103167136.00
2022/08/31,22.82,23.38,22.26,22.30,4534762,103312312.00
2022/09/01,22.41,24.47,22.21,23.58,6381362,149332416.00
2022/09/02,23.37,24.33,22.50,23.70,4061537,95131136.00
2022/09/05,23.69,23.86,22.71,23.32,2164154,50134484.00
2022/09/06,23.00,23.52,22.86,23.10,1817870,42003672.00
2022/09/07,22.99,24.55,22.99,23.90,2685570,64352688.00
2022/09/08,23.77,26.29,23.63,25.86,7035339,180144880.00
2022/09/09,25.19,25.19,23.78,24.50,5443918,131953200.00
2022/09/13,24.40,26.95,23.89,26.95,6016123,154657280.00
2022/09/14,26.00,26.87,25.10,26.87,5592739,145462208.00
2022/09/15,26.46,26.87,25.77,26.51,3161381,83030512.00
2022/09/16,25.95,28.28,25.84,27.15,5392199,148264176.00
2022/09/19,26.12,27.97,26.00,26.98,4709688,127918768.00
2022/09/20,26.76,26.95,25.84,26.45,5056744,132259528.00
2022/09/21,26.00,26.00,24.52,25.25,4618482,115994488.00
2022/09/22,25.00,26.09,25.00,25.38,3246242,82628672.00
2022/09/23,25.03,26.30,24.56,24.69,3404572,86135824.00
2022/09/26,24.69,26.48,24.69,25.60,4288370,110515392.00
2022/09/27,25.42,27.16,24.82,26.87,5815405,151976512.00
2022/09/28,26.42,26.97,25.88,25.93,3518623,92697912.00
2022/09/29,25.93,26.25,24.20,25.49,2981900,75320368.00
2022/09/30,25.24,26.48,24.94,25.18,2664380,68347232.00
2022/10/10,25.12,25.17,23.55,23.70,3213830,77420400.00
2022/10/11,23.86,24.57,23.00,24.48,2773430,66509196.00
2022/10/12,24.65,25.06,23.22,25.01,2582783,62180752.00
2022/10/13,24.77,27.20,24.40,26.58,4027240,106232504.00
2022/10/14,26.40,27.05,25.74,26.95,3537282,93947144.00
2022/10/17,26.50,26.59,25.92,26.42,1601370,42021304.00
2022/10/18,26.42,28.80,26.42,27.16,3784457,103517048.00
2022/10/19,26.52,27.97,25.80,25.93,2636410,70781664.00
2022/10/20,25.96,27.45,25.41,26.45,2617307,69177912.00
2022/10/21,26.86,26.86,25.12,25.79,2690120,69244552.00
2022/10/24,26.06,26.07,24.30,24.40,2567520,63584840.00
2022/10/25,24.40,26.20,24.30,25.45,3919840,99605336.00
2022/10/26,27.38,28.00,27.12,28.00,6067370,169340720.00
2022/10/27,28.01,30.80,28.01,29.50,12856942,380622848.00
2022/10/28,29.48,30.21,29.24,30.04,6956238,206391904.00
2022/10/31,29.00,29.98,28.70,29.65,5012285,146621376.00
2022/11/01,29.50,32.47,29.00,32.16,6150461,191500112.00
2022/11/02,31.50,35.21,31.00,34.00,7073060,231716288.00
2022/11/03,32.82,34.00,32.58,33.00,4101360,136008288.00
2022/11/04,33.20,35.59,32.36,32.70,7114168,237969872.00
2022/11/07,32.18,33.02,32.00,32.79,4789198,156511568.00
2022/11/08,32.71,32.79,31.25,31.65,4469491,142175408.00
2022/11/09,31.64,32.42,31.30,31.80,2121430,67572216.00
2022/11/10,31.34,32.80,31.31,32.36,2735482,88055400.00
2022/11/11,33.34,33.93,30.08,31.60,7883010,249551328.00
2022/11/14,30.80,30.81,29.05,30.08,5816988,174125808.00
2022/11/15,30.30,32.80,30.16,32.00,6255361,197905808.00
2022/11/16,32.00,32.48,30.55,30.85,3680131,114976040.00
2022/11/17,30.42,32.46,30.00,32.17,4024308,127758520.00
2022/11/18,32.13,32.48,30.88,30.90,2174576,68159224.00
2022/11/21,30.30,31.20,28.80,30.99,2700650,82517384.00
2022/11/22,31.33,31.50,29.89,30.55,2365115,71703824.00
2022/11/23,30.00,30.98,29.32,30.17,2773440,83160424.00
2022/11/24,30.36,31.05,29.78,29.94,1901715,57659632.00
2022/11/25,29.87,30.95,29.72,30.14,1725790,52228488.00
2022/11/28,29.32,32.20,29.11,31.50,3826542,119122752.00
2022/11/29,31.50,34.40,31.00,34.15,6691725,222668688.00
2022/11/30,33.12,34.40,32.03,33.94,4917929,162514464.00
2022/12/01,34.92,35.10,32.02,32.34,5744702,190440608.00
2022/12/02,31.91,33.28,31.73,33.04,3825440,125740712.00
2022/12/05,33.40,33.64,32.30,32.80,3241870,106737712.00
2022/12/06,32.73,34.16,32.30,32.93,4533748,150752272.00
2022/12/07,32.82,33.80,31.68,33.42,6280063,205476304.00
2022/12/08,32.20,34.43,31.69,33.60,4981768,165247104.00
2022/12/09,33.98,33.99,32.44,32.61,2668738,87628080.00
2022/12/12,32.30,33.54,32.30,32.84,2656560,87618640.00
2022/12/13,32.80,34.22,32.60,33.32,3141992,105627040.00
2022/12/14,33.05,36.65,33.05,36.65,3976645,142414512.00
2022/12/15,38.10,38.48,35.17,35.96,7205921,263202608.00
2022/12/16,36.08,37.75,35.42,36.80,6069841,222005568.00
2022/12/19,36.79,38.38,35.83,37.24,5758675,214584992.00
2022/12/20,36.43,36.72,34.32,34.64,5054252,177842736.00
2022/12/21,34.03,38.10,34.03,38.10,7683220,282682880.00
2022/12/22,38.00,40.80,36.20,37.06,10393375,396260160.00
2022/12/23,37.05,37.50,35.42,35.92,6377720,230445360.00
2022/12/26,35.63,38.44,35.40,37.22,7255285,270984480.00
2022/12/27,37.12,37.51,35.00,36.68,5682110,204906288.00
2022/12/28,36.00,36.44,35.09,36.02,4722919,168949216.00
2022/12/29,35.90,38.50,35.03,36.31,6126032,226708272.00
2022/12/30,36.00,37.50,35.35,37.23,5921739,215857936.00
2023/01/03,37.20,37.20,35.62,36.60,4364669,157810672.00
2023/01/04,36.33,37.65,36.00,37.11,4624741,170991456.00
2023/01/05,36.49,36.87,35.68,36.22,3855117,139088480.00
2023/01/06,36.01,36.18,35.00,35.53,3583263,126632936.00
2023/01/09,35.30,36.15,34.00,35.88,4100532,144204000.00
2023/01/10,35.12,35.88,35.11,35.29,1996525,70692888.00
2023/01/11,35.47,35.50,34.26,34.33,2095320,72944672.00
2023/01/12,34.68,34.68,33.47,33.64,2226201,75375880.00
2023/01/13,33.64,34.49,33.13,34.36,2644229,89488296.00
2023/01/16,34.00,34.66,33.51,34.52,3250025,111072656.00
2023/01/17,34.35,34.98,34.02,34.79,2383326,82059952.00
2023/01/18,34.69,34.69,33.61,33.63,1947317,66223360.00
2023/01/19,33.41,34.15,32.60,33.69,2562542,85681136.00
2023/01/20,33.81,34.78,33.53,34.02,2507302,85879240.00
2023/01/30,34.11,34.55,31.90,32.17,4918060,160700560.00
2023/01/31,32.35,32.35,31.41,32.15,2723153,86780576.00
2023/02/01,32.13,32.13,31.00,31.68,4155759,131045544.00
2023/02/02,31.60,31.86,31.20,31.84,4258111,134251568.00
2023/02/03,31.59,31.59,30.92,31.50,2284370,71360480.00
2023/02/06,31.50,31.82,30.70,31.25,2781528,86600576.00
2023/02/07,31.33,31.44,30.60,30.67,2010947,62125856.00
2023/02/08,30.66,31.60,30.54,31.51,3603167,112420392.00
2023/02/09,31.51,34.66,30.90,34.66,8917179,297600640.00
2023/02/10,35.69,38.10,34.18,37.98,10684701,386321728.00
2023/02/13,38.00,38.44,36.18,38.37,7952666,297883616.00
2023/02/14,38.10,38.12,36.76,37.29,4474266,166798192.00
2023/02/15,37.37,37.59,36.22,36.50,3786620,138962896.00
2023/02/16,36.90,37.38,35.82,36.20,4227500,154772000.00
2023/02/17,36.20,37.27,35.67,35.71,3243220,117689760.00
2023/02/20,35.92,36.38,35.41,36.06,3042615,109596800.00
2023/02/21,36.19,36.43,34.95,35.51,2903513,102876392.00
2023/02/22,35.50,35.73,34.84,35.55,1895010,67148032.00
2023/02/23,35.55,36.24,35.06,35.40,2055645,73211048.00
2023/02/24,35.53,36.18,35.35,35.64,2167528,77310896.00
2023/02/27,35.35,37.10,34.72,37.10,5533042,201073376.00
2023/02/28,36.65,36.88,36.11,36.73,3388297,123470768.00
2023/03/01,36.50,36.68,35.78,35.95,2754960,99374272.00
2023/03/02,35.85,36.90,35.55,36.56,2991868,108163840.00
2023/03/03,36.55,36.73,35.80,36.09,2483560,90178488.00
2023/03/06,35.90,38.08,35.38,37.50,5539252,203192992.00
2023/03/07,37.50,37.50,36.47,36.55,3243762,119865024.00
2023/03/08,36.41,37.50,36.15,36.60,2863110,105440720.00
2023/03/09,36.66,36.91,35.24,35.25,2304560,82267456.00
2023/03/10,35.10,35.65,34.48,34.48,1420600,49923452.00
2023/03/13,34.05,35.63,34.05,35.08,1407950,49211132.00
2023/03/14,35.48,35.77,33.99,35.67,1948090,68252576.00
2023/03/15,35.58,35.58,34.30,34.80,1628830,56743180.00
2023/03/16,34.79,34.79,33.60,33.68,1215100,41307768.00
2023/03/17,33.92,34.33,33.74,33.85,959320,32630458.00
2023/03/20,33.38,35.86,32.79,35.13,3673206,126047600.00
2023/03/21,35.13,36.21,34.71,36.07,2150046,76669400.00
2023/03/22,36.12,36.47,34.90,35.16,3274530,115682024.00
2023/03/23,35.01,35.84,34.81,35.59,2026016,71537336.00
2023/03/24,35.59,36.59,34.81,34.90,2955196,105254536.00
2023/03/27,34.88,35.20,34.13,34.26,1994584,68955656.00
2023/03/28,34.26,34.66,33.84,33.91,1892800,64456096.00
2023/03/29,33.90,34.65,33.28,33.70,2391470,81216504.00
2023/03/30,33.59,36.20,33.10,36.06,4085575,141899328.00
2023/03/31,35.52,36.00,34.51,35.42,3519640,123171848.00
2023/04/03,34.51,35.59,34.51,34.94,2034080,71426544.00
2023/04/04,34.94,35.98,34.85,35.22,1866475,66122492.00
2023/04/06,35.00,36.07,34.50,35.71,1780924,63264976.00
2023/04/07,35.60,38.80,35.38,37.33,4159901,155845360.00
2023/04/10,37.10,40.70,36.60,39.42,4917885,190938992.00
2023/04/11,39.52,40.93,38.44,38.59,4656177,183884928.00
2023/04/12,38.38,38.79,37.32,38.26,3440238,130578528.00
2023/04/13,37.90,39.38,37.11,39.25,5032371,192877168.00
2023/04/14,38.44,38.44,37.12,37.36,3498999,131436840.00
2023/04/17,37.03,38.04,36.80,37.34,1875220,70316848.00
2023/04/18,37.29,37.80,36.50,37.51,1598252,59538244.00
2023/04/19,37.49,38.35,36.85,38.30,2702936,101828816.00
2023/04/20,37.50,37.70,36.46,36.50,2596700,96050672.00
2023/04/21,36.30,36.97,35.85,36.50,2455040,89595248.00
2023/04/24,36.26,36.49,34.73,35.78,2595840,92197608.00
2023/04/25,35.79,37.37,34.49,36.99,3468144,123959536.00
2023/04/26,36.60,37.62,35.64,36.34,2881871,105406952.00
2023/04/27,36.85,37.26,35.90,36.28,2252400,82394176.00
2023/04/28,36.04,37.01,35.42,36.69,2840850,103634696.00
2023/05/04,36.00,36.49,33.18,34.39,5399834,184852160.00
2023/05/05,34.64,36.98,34.17,35.13,4428475,157932448.00
2023/05/08,35.28,35.36,33.95,34.68,1785692,61528592.00
2023/05/09,34.60,34.67,34.00,34.08,1300370,44479844.00
2023/05/10,34.13,34.29,33.16,33.48,1578410,52872464.00
2023/05/11,33.20,33.90,33.03,33.10,1133970,37772044.00
2023/05/12,33.11,34.21,32.80,33.12,1624900,54365376.00
2023/05/15,33.25,34.17,32.46,33.80,2112850,70204592.00
2023/05/16,33.81,33.87,32.21,32.50,1733710,56936404.00
2023/05/17,32.50,32.79,32.20,32.36,994130,32230306.00
2023/05/18,32.37,32.67,32.31,32.62,934000,30354614.00
2023/05/19,32.60,32.88,31.86,32.63,1247950,40352720.00
2023/05/22,32.54,35.46,32.11,35.10,3600902,123535488.00
2023/05/23,35.10,35.75,34.30,34.50,2515113,87953632.00
2023/05/24,34.24,34.30,33.46,33.53,1099220,37090640.00
2023/05/25,33.45,33.67,32.51,32.82,1443320,47449320.00
2023/05/26,32.83,33.02,32.25,32.48,1131800,36874600.00
2023/05/29,32.31,33.33,32.31,32.66,1130300,36899952.00
2023/05/30,32.65,32.83,32.28,32.58,628600,20427416.00
2023/05/31,32.70,33.43,32.45,32.71,1363000,44816744.00
2023/06/01,32.52,33.47,32.50,33.39,1413250,46769532.00
2023/06/02,33.15,33.65,32.71,32.87,1342940,44179576.00
2023/06/05,32.96,34.08,32.74,33.43,2083900,69770432.00
2023/06/06,33.34,33.89,33.10,33.33,1414410,47369360.00
2023/06/07,33.15,34.50,33.15,33.90,2510880,85286288.00
2023/06/08,33.84,34.10,33.16,33.83,1734300,58234784.00
2023/06/09,33.83,34.25,33.50,33.79,1673970,56749192.00
2023/06/12,34.17,34.22,33.35,33.75,1453030,49031344.00
2023/06/13,33.70,34.42,33.70,33.83,1403500,47816160.00
2023/06/14,33.80,34.88,33.80,34.53,1473450,50672704.00
2023/06/15,34.83,35.30,34.30,35.09,1582530,55075104.00
2023/06/16,35.43,35.85,34.67,35.60,2045176,72180720.00
2023/06/19,35.71,36.58,35.50,36.05,2141121,77503680.00
2023/06/20,36.24,36.24,34.96,35.06,1303971,46091624.00
2023/06/21,35.00,36.05,34.68,34.71,1312000,46268332.00
2023/06/26,34.51,34.80,33.78,33.90,963820,32909548.00
2023/06/27,33.91,35.05,33.81,34.40,1147030,39605952.00
2023/06/28,34.30,34.40,32.90,33.58,1408830,47021516.00
2023/06/29,33.67,33.78,33.15,33.23,750400,25004268.00
2023/06/30,33.33,33.69,32.96,33.40,758756,25292544.00
2023/07/03,33.47,36.74,33.10,36.74,2708919,96143680.00
2023/07/04,36.80,37.65,36.29,37.17,3310864,122926560.00
2023/07/05,36.97,37.35,36.73,36.80,1560090,57589592.00
2023/07/06,36.44,37.17,35.58,35.94,1517030,54734452.00
2023/07/07,36.00,36.99,35.31,35.48,1536900,55358168.00
2023/07/10,35.48,36.00,34.85,35.60,1531490,54248136.00
2023/07/11,35.50,35.52,34.68,35.17,1248770,43702376.00
2023/07/12,36.00,36.77,35.18,35.25,2372288,84666104.00
2023/07/13,35.28,35.40,34.49,35.16,1981900,69294336.00
2023/07/14,35.18,35.29,34.41,34.53,1412310,48890556.00
2023/07/17,34.45,34.90,33.80,34.87,1336150,46196504.00
2023/07/18,34.94,35.18,34.48,34.69,872428,30372586.00
2023/07/19,34.64,34.91,34.20,34.64,855680,29593288.00
2023/07/20,34.85,37.17,34.40,35.70,3729121,133790112.00
2023/07/21,35.16,36.61,34.27,35.37,2327440,82283872.00
2023/07/24,34.89,35.18,34.35,34.69,1551110,53838888.00
2023/07/25,34.85,35.04,34.35,34.57,1557830,53800332.00
2023/07/26,34.77,34.77,33.81,34.17,1361180,46412224.00
2023/07/27,34.11,35.17,33.82,34.25,1604094,55554868.00
2023/07/28,34.16,34.72,33.99,34.63,982630,33839824.00
2023/07/31,34.98,36.19,34.80,35.96,2975020,106391680.00
2023/08/01,36.12,37.00,35.25,35.36,2529027,90683248.00
2023/08/02,35.55,35.55,34.65,34.91,1212330,42435428.00
2023/08/03,34.74,35.53,34.66,35.25,1011400,35513144.00
2023/08/04,35.25,35.69,34.69,34.70,1273459,44658480.00
2023/08/07,34.72,35.00,34.51,34.87,855804,29748156.00
2023/08/08,34.98,34.98,34.20,34.30,1185326,40842740.00
2023/08/09,34.21,34.58,33.42,33.55,1726196,58161692.00
2023/08/10,33.55,33.88,33.26,33.40,2036912,68340888.00
2023/08/11,33.45,33.93,32.96,33.01,1832000,61129636.00
2023/08/14,32.89,33.74,32.80,33.54,1687660,56276040.00
2023/08/15,33.40,33.43,32.96,33.20,994783,32972758.00
2023/08/16,33.04,33.55,32.91,33.06,710825,23586060.00
2023/08/17,33.11,33.48,32.45,33.41,737289,24376868.00
2023/08/18,33.47,33.49,32.57,32.62,772200,25445056.00
2023/08/21,32.78,32.98,32.30,32.40,850890,27751002.00
2023/08/22,32.58,33.56,32.30,33.51,2184827,72217392.00
2023/08/23,33.48,33.48,31.77,32.52,1889499,61578004.00
2023/08/24,32.46,34.98,32.21,33.92,2835614,95573688.00
2023/08/25,33.76,33.91,32.51,32.87,1595557,52521728.00
2023/08/28,33.98,34.19,32.65,32.88,1563510,52377116.00
2023/08/29,32.66,33.76,32.65,33.47,1153600,38338496.00
2023/08/30,33.30,33.96,33.13,33.79,1143836,38348876.00
2023/08/31,33.63,33.63,33.10,33.28,761992,25410264.00
2023/09/01,33.35,33.96,33.28,33.90,1267085,42754832.00
2023/09/04,33.66,34.28,33.66,33.95,899015,30578340.00
2023/09/05,33.90,34.11,33.60,33.74,605878,20510782.00
2023/09/06,33.65,33.79,33.13,33.20,929100,31012048.00
2023/09/07,33.19,34.07,33.13,33.32,1061260,35688020.00
2023/09/08,33.25,33.91,32.91,33.61,792900,26509762.00
2023/09/11,33.40,34.02,33.40,33.96,1029300,34795648.00
2023/09/12,33.91,34.10,33.38,33.64,737530,24847826.00
2023/09/13,33.50,33.83,33.33,33.56,489900,16436544.00
2023/09/14,33.57,33.79,33.20,33.76,783700,26297464.00
2023/09/15,33.78,34.00,33.44,33.73,850544,28684040.00
2023/09/18,33.73,34.38,33.55,34.38,1848960,63117584.00
2023/09/19,34.30,34.36,33.35,33.48,1230659,41334172.00
2023/09/20,33.23,33.23,31.91,32.15,1972300,63622256.00
2023/09/21,32.05,32.55,31.32,32.53,1046236,33603180.00
2023/09/22,32.20,32.38,31.73,32.20,887556,28411612.00
2023/09/25,31.99,32.32,31.47,32.12,942810,30183714.00
2023/09/26,32.12,34.50,32.09,33.44,2723830,91362888.00
2023/09/27,33.31,33.31,32.39,33.11,1673912,54838152.00
2023/09/28,33.03,33.70,32.87,33.31,981000,32696180.00
2023/10/09,33.14,33.14,32.26,32.30,963301,31393720.00
2023/10/10,32.30,32.85,32.05,32.32,786654,25454774.00
2023/10/11,32.32,32.56,31.85,32.06,605061,19382800.00
2023/10/12,31.97,32.27,31.85,32.00,421260,13473402.00
2023/10/13,31.98,32.18,31.50,31.89,602830,19138108.00
2023/10/16,31.85,31.87,31.36,31.56,502925,15882742.00
2023/10/17,31.70,31.83,30.50,30.66,750900,23295134.00
2023/10/18,30.63,30.63,29.29,30.01,1639105,48879172.00
2023/10/19,29.50,29.86,28.79,28.79,1498483,43830108.00
2023/10/20,28.79,28.95,28.35,28.39,503900,14399999.00
2023/10/23,28.52,28.52,27.07,27.32,1161890,32115048.00
2023/10/24,27.47,28.72,27.38,28.51,1270950,35724980.00
2023/10/25,28.56,29.39,28.48,28.61,845193,24328666.00
2023/10/26,28.55,28.89,28.19,28.88,377013,10813008.00
2023/10/27,28.88,29.72,28.71,29.60,635660,18686096.00
2023/10/30,29.59,30.30,29.17,30.01,554463,16612038.00
2023/10/31,29.80,30.08,28.95,29.19,739770,21650216.00
2023/11/01,28.90,29.44,28.90,29.29,618900,18122928.00
2023/11/02,29.20,29.47,28.90,29.06,507300,14764916.00
2023/11/03,28.91,29.80,28.91,29.48,536000,15746574.00
2023/11/06,29.52,30.17,29.52,30.16,900500,26964712.00
2023/11/07,30.16,30.16,29.21,29.63,909519,26913092.00
2023/11/08,29.55,29.94,29.42,29.64,584700,17351080.00
2023/11/09,29.75,30.06,29.56,29.83,676640,20201132.00
2023/11/10,29.75,29.75,29.27,29.55,422199,12464707.00
2023/11/13,29.55,29.75,29.35,29.55,442550,13071194.00
2023/11/14,29.39,29.85,29.11,29.29,677730,19945768.00
2023/11/15,29.50,29.63,29.01,29.19,598690,17519272.00
2023/11/16,29.10,29.39,28.93,29.09,549300,16009986.00
2023/11/17,29.22,29.80,28.92,29.53,993700,29114712.00
2023/11/20,29.25,29.83,29.12,29.76,1063300,31379772.00
2023/11/21,29.77,30.98,29.57,30.52,1757600,53615476.00
2023/11/22,30.52,31.12,30.37,30.62,1348061,41538376.00
2023/11/23,30.79,31.18,30.15,31.12,1002336,30890448.00
2023/11/24,31.10,32.50,30.88,31.62,1887600,60121160.00
2023/11/27,31.60,32.96,31.12,32.55,2600800,84297048.00
2023/11/28,32.55,32.66,31.86,32.61,1140570,36841680.00
2023/11/29,32.65,32.65,32.10,32.19,836800,27031788.00
2023/11/30,32.05,32.80,31.90,32.57,1625300,52781920.00
2023/12/01,32.20,33.01,32.10,32.57,1135334,36864164.00
2023/12/04,32.58,32.74,32.21,32.32,723877,23490624.00
2023/12/05,32.36,32.53,32.15,32.15,730660,23602762.00
2023/12/06,32.00,32.33,31.20,31.54,1391000,44068120.00
2023/12/07,31.42,31.42,30.60,30.93,1147666,35499540.00
2023/12/08,31.20,31.28,30.58,30.64,698200,21522532.00
2023/12/11,30.64,31.49,30.00,31.30,1302100,39975072.00
2023/12/12,31.27,31.80,30.66,31.69,836700,26267036.00
2023/12/13,31.60,31.78,30.74,30.86,836149,26064716.00
2023/12/14,30.86,31.47,30.80,31.28,1090000,34039292.00
2023/12/15,31.28,32.09,30.95,31.67,1171460,37114672.00
2023/12/18,31.70,31.70,30.91,31.02,590834,18398688.00
2023/12/19,31.20,31.70,30.91,31.40,467510,14654559.00
2023/12/20,31.40,31.48,30.56,30.60,603670,18623418.00
2023/12/21,30.35,31.14,30.32,30.95,548000,16883320.00
2023/12/22,31.26,31.26,30.48,30.72,429125,13176911.00
2023/12/25,30.67,30.99,30.34,30.52,575200,17602102.00
2023/12/26,30.45,30.63,30.06,30.07,263300,7959547.00
2023/12/27,30.07,30.36,29.78,30.28,495960,14888602.00
2023/12/28,31.50,31.50,29.75,30.39,813405,24650468.00
2023/12/29,30.39,30.78,30.01,30.44,875900,26709208.00
2024/01/02,30.51,30.68,29.76,30.45,699910,21250496.00
2024/01/03,30.35,30.77,30.10,30.70,638530,19533516.00
2024/01/04,30.50,30.71,30.37,30.45,467900,14255356.00
2024/01/05,30.45,30.70,29.76,29.84,570400,17203480.00
2024/01/08,29.85,30.20,29.38,29.40,901400,26754624.00
2024/01/09,29.40,30.44,29.30,30.00,753200,22532542.00
2024/01/10,29.96,31.44,29.58,31.30,1648530,50660428.00
2024/01/11,30.86,32.19,30.38,30.61,2270200,70287328.00
2024/01/12,30.38,30.67,29.65,29.73,1511600,45406044.00
2024/01/15,29.94,30.67,29.65,30.10,1232000,37362060.00
2024/01/16,33.05,33.08,31.14,31.50,4734904,151870192.00
2024/01/17,31.18,31.99,30.32,30.36,2560870,79518816.00
2024/01/18,29.95,30.60,29.28,30.39,1862600,55668768.00
2024/01/19,30.47,31.53,30.08,31.45,1733680,53727416.00
2024/01/22,31.10,31.39,29.50,29.93,1707200,51892736.00
2024/01/23,29.90,30.28,28.88,29.88,1413200,41852044.00
2024/01/24,29.96,30.47,28.83,29.96,1754744,51946136.00
2024/01/25,29.75,30.17,28.62,30.01,2013000,59125964.00
2024/01/26,29.75,30.08,29.00,29.15,1506900,44370856.00
2024/01/29,29.00,29.25,28.32,28.43,1193769,34196092.00
2024/01/30,28.20,28.84,27.70,27.70,772200,21834300.00
2024/01/31,27.64,28.00,26.28,26.54,1553500,41843404.00
2024/02/01,26.68,27.05,25.71,26.94,1283100,33977300.00
2024/02/02,27.20,27.54,25.69,26.67,1296120,34829144.00
2024/02/05,26.28,26.51,24.99,25.00,1885700,48359168.00
2024/02/06,24.50,26.25,24.25,26.00,2192290,55470212.00
2024/02/07,26.00,26.60,25.70,26.06,1372680,35856792.00
2024/02/08,25.51,27.58,25.51,27.47,1962066,52078656.00
2024/02/19,27.81,29.44,27.68,29.18,2523856,73134160.00
2024/02/20,28.98,28.99,28.50,28.75,1111544,31916164.00
2024/02/21,28.55,29.25,28.12,28.76,838580,24208488.00
2024/02/22,28.82,29.00,28.57,28.76,727200,20893908.00
2024/02/23,28.60,28.87,28.50,28.80,689638,19805240.00
2024/02/26,28.50,29.29,28.50,28.70,652700,18790692.00
2024/02/27,28.55,29.00,28.45,28.98,681400,19613040.00
2024/02/28,28.95,29.38,27.64,27.85,1154152,33059524.00
2024/02/29,27.80,28.80,27.31,28.25,1039110,29172548.00
2024/03/01,28.22,29.18,27.92,29.00,1211002,34824688.00
2024/03/04,29.00,29.20,28.29,28.56,993480,28395864.00
2024/03/05,28.57,29.42,28.50,29.40,1687780,49240948.00
2024/03/06,29.40,29.44,28.40,28.79,1091470,31375818.00
2024/03/07,28.76,29.38,28.41,28.93,1108200,32093844.00
2024/03/08,28.99,29.09,28.42,28.72,1269380,36502132.00
2024/03/11,28.71,28.90,28.35,28.67,1135563,32424276.00
2024/03/12,28.49,29.65,28.49,29.62,1626330,47458788.00
2024/03/13,29.40,31.18,29.20,30.32,2191482,65811088.00
2024/03/14,30.33,30.79,29.81,30.19,1459569,44180504.00
2024/03/15,30.20,30.47,29.60,30.09,1159930,34696284.00
2024/03/18,29.92,30.20,29.50,29.72,1781210,52947756.00
2024/03/19,29.66,29.80,29.50,29.59,1040750,30871126.00
2024/03/20,29.55,29.76,29.45,29.54,798400,23595604.00
2024/03/21,29.54,30.07,29.43,29.81,1253070,37284920.00
2024/03/22,29.80,30.05,29.05,29.20,911300,26797522.00
2024/03/25,29.00,29.20,28.28,28.49,1118320,32327884.00
2024/03/26,28.49,28.88,28.41,28.73,969417,27766686.00
2024/03/27,28.73,29.08,28.42,28.48,692100,19909148.00
2024/03/28,28.19,28.99,28.19,28.67,752080,21551020.00
2024/03/29,28.63,29.05,28.63,29.05,564900,16304445.00
2024/04/01,28.95,30.98,28.95,30.41,2110997,63558212.00
2024/04/02,30.45,31.57,30.02,31.29,2653234,82339264.00
2024/04/03,31.18,32.41,31.06,32.00,1987400,63419784.00
2024/04/08,31.66,32.66,31.53,31.53,2112158,68132944.00
2024/04/09,31.56,34.08,31.30,32.72,2715580,89109504.00
2024/04/10,32.55,34.65,32.38,34.19,3331400,112192176.00
2024/04/11,33.35,34.36,32.68,33.70,3058687,101959472.00
2024/04/12,33.03,33.68,32.50,32.63,2343870,77405480.00
2024/04/15,32.52,32.70,31.40,32.10,2799187,89468088.00
2024/04/16,32.06,32.32,30.97,30.98,1494780,47091176.00
2024/04/17,31.23,31.99,31.02,31.28,1145100,35994952.00
2024/04/18,31.00,31.97,31.00,31.28,1373200,43287432.00
2024/04/19,31.10,31.42,30.52,30.79,1272200,39299504.00
2024/04/22,30.32,31.71,30.25,31.51,1502950,46864336.00
2024/04/23,31.30,31.38,30.41,30.73,1629500,50221824.00
2024/04/24,30.73,30.81,27.66,27.88,9220930,263267104.00
2024/04/25,27.35,27.98,26.81,27.70,4325280,118954992.00
2024/04/26,27.05,27.38,26.78,27.30,4037963,109566952.00
2024/04/29,27.32,27.84,27.24,27.63,4225636,116228680.00
2024/04/30,27.60,27.62,26.82,26.95,3430030,92949600.00
2024/05/06,27.16,27.16,26.40,26.78,3435606,91702712.00
2024/05/07,26.80,26.83,26.55,26.69,2466610,65710204.00
2024/05/08,26.69,26.78,26.00,26.24,2762100,72466608.00
2024/05/09,26.24,26.40,26.08,26.12,3608300,94585688.00
2024/05/10,26.13,26.40,26.10,26.36,4679050,122791240.00
2024/05/13,26.37,26.37,25.15,25.22,5146380,131347696.00
2024/05/14,25.05,25.69,25.01,25.59,2725329,69387032.00
2024/05/15,25.58,25.81,25.34,25.47,1864200,47728336.00
2024/05/16,25.56,25.79,25.33,25.61,2020400,51743068.00
2024/05/17,25.69,25.77,25.44,25.60,1652984,42301520.00
2024/05/20,25.94,26.29,25.81,26.22,3677029,95868640.00
2024/05/21,26.10,26.26,25.82,26.09,2286526,59509692.00
2024/05/22,26.02,26.15,25.63,25.79,2162390,55808960.00
2024/05/23,25.79,25.79,25.39,25.50,1770400,45090968.00
2024/05/24,25.48,25.83,25.08,25.68,1932290,49203964.00
2024/05/27,25.69,25.80,25.16,25.34,1411090,35783372.00
2024/05/28,25.12,25.38,25.09,25.09,1092380,27533012.00
2024/05/29,25.17,25.25,24.74,24.78,2022720,50458496.00
2024/05/30,24.72,24.85,24.42,24.46,1284500,31535230.00
2024/05/31,24.54,24.74,24.35,24.56,975230,23893644.00
2024/06/03,24.68,25.09,24.38,25.08,1428700,35236756.00
2024/06/04,25.11,25.19,24.75,25.15,1385196,34615224.00
2024/06/05,24.95,25.49,24.86,25.30,1637758,41446832.00
2024/06/06,25.30,25.84,24.13,24.30,3302814,82383288.00
2024/06/07,24.42,24.42,23.32,23.70,2423930,57429248.00
2024/06/11,23.67,23.68,22.65,23.06,2671309,61573576.00
2024/06/12,22.93,23.61,22.90,23.34,1606820,37495152.00
2024/06/13,23.34,23.48,23.00,23.03,1016900,23523852.00
2024/06/14,23.00,23.29,22.15,23.20,3525134,79808800.00
2024/06/17,22.90,23.23,22.84,23.03,915540,21084892.00
2024/06/18,23.00,23.15,22.67,22.75,1302540,29790956.00
2024/06/19,22.75,23.05,22.58,22.86,1094040,24938816.00
2024/06/20,22.85,24.65,22.72,23.64,6520059,154277904.00
2024/06/21,23.08,23.78,23.07,23.43,2507404,58584816.00
2024/06/24,23.24,23.39,22.23,22.23,2454910,55616688.00
2024/06/25,22.20,22.66,22.03,22.24,2058439,45934060.00
2024/06/26,22.09,22.37,21.69,22.03,2591500,56818000.00
2024/06/27,22.00,22.11,21.71,21.74,1455500,31828170.00
2024/06/28,21.62,21.84,21.30,21.36,1776540,38294436.00
2024/07/01,21.34,21.69,21.30,21.58,1292340,27790364.00
2024/07/02,21.62,21.85,20.98,21.06,2389216,51093512.00
2024/07/03,21.11,21.47,20.51,20.59,2837899,59402072.00
2024/07/04,20.50,20.58,20.02,20.11,2337030,47203224.00
2024/07/05,20.09,20.21,19.88,20.07,2300899,46253068.00
2024/07/08,20.00,20.08,18.97,19.06,2893250,56066440.00
2024/07/09,19.10,19.39,19.04,19.34,2604774,50097056.00
2024/07/10,19.17,19.70,19.02,19.49,1666400,32472816.00
2024/07/11,19.66,20.05,19.51,20.00,2149100,42631464.00
2024/07/12,20.01,20.37,19.70,19.81,1702500,34039444.00
2024/07/15,19.86,19.88,19.24,19.32,1890880,36737480.00
2024/07/16,19.23,19.40,19.10,19.30,1233300,23725236.00
2024/07/17,19.20,19.48,19.16,19.35,1203800,23255816.00
2024/07/18,19.21,19.25,18.92,19.21,1786200,34053912.00
2024/07/19,18.88,18.89,18.46,18.64,1570997,29279350.00
2024/07/22,18.64,18.87,18.40,18.69,1365600,25460898.00
2024/07/23,18.69,18.85,18.17,18.18,1474630,27234568.00
2024/07/24,18.14,18.29,17.80,17.84,2296564,41318216.00
2024/07/25,17.71,17.92,17.47,17.53,2660683,46981504.00
2024/07/26,17.58,18.00,17.45,17.92,2031761,36027168.00
2024/07/29,17.97,18.12,17.59,17.89,1547230,27650796.00
2024/07/30,17.75,18.03,17.74,18.01,786655,14090700.00
2024/07/31,18.09,19.38,18.01,19.30,4960108,93974080.00
2024/08/01,19.01,19.20,18.61,18.65,3321122,62552120.00
2024/08/02,18.48,18.87,18.41,18.49,1738300,32458228.00
2024/08/05,19.23,19.40,18.82,18.90,4258330,81380680.00
2024/08/06,18.90,19.41,18.90,19.27,4854966,93192504.00
2024/08/07,19.29,19.29,18.91,19.05,2303090,43869824.00
2024/08/08,18.90,20.09,18.90,19.60,4868640,95212512.00
2024/08/09,19.55,19.60,19.01,19.04,3713930,71728440.00
2024/08/12,18.84,18.98,18.50,18.81,2095800,39341288.00
2024/08/13,18.80,18.80,18.38,18.58,1444530,26743424.00
2024/08/14,18.58,18.58,18.20,18.32,1338091,24537024.00
2024/08/15,18.25,18.52,18.12,18.46,1247700,22936730.00
2024/08/16,18.37,18.48,17.82,17.87,1697200,30675604.00
2024/08/19,17.92,18.05,17.63,17.70,1388190,24786212.00
2024/08/20,17.69,17.71,17.22,17.27,1274200,22153522.00
2024/08/21,17.30,17.39,16.99,17.11,1167200,20090596.00
2024/08/22,17.10,17.16,16.78,16.80,1199560,20306284.00
2024/08/23,16.90,16.97,16.66,16.94,1156100,19459984.00
2024/08/26,16.94,17.12,16.63,16.74,1216500,20457074.00
2024/08/27,16.70,16.90,16.55,16.84,942300,15784567.00
2024/08/28,16.82,17.05,16.65,16.96,996430,16822972.00
2024/08/29,16.86,17.39,16.69,17.36,1416340,24267172.00
2024/08/30,17.01,17.24,16.23,16.99,5946510,99333008.00
2024/09/02,16.68,16.77,16.20,16.20,3134670,51641016.00
2024/09/03,16.15,16.58,16.04,16.56,2774510,45668168.00
2024/09/04,16.43,16.77,16.36,16.47,1423101,23551500.00
2024/09/05,16.57,17.45,16.45,17.16,3563030,60666980.00
2024/09/06,17.08,17.43,16.88,16.91,2512400,42891304.00
2024/09/09,16.50,17.02,16.50,16.77,1875770,31516164.00
2024/09/10,16.77,16.84,16.24,16.42,2637760,43387464.00
2024/09/11,16.42,16.55,16.18,16.26,1112930,18150972.00
2024/09/12,16.33,16.45,15.86,15.88,2059799,33191864.00
2024/09/13,15.90,16.10,15.84,15.84,1414160,22555880.00
2024/09/18,15.83,15.89,15.32,15.63,1394430,21621956.00
2024/09/19,15.70,16.33,15.69,16.21,2328739,37572232.00
2024/09/20,16.20,16.20,15.86,16.00,1302830,20868572.00
2024/09/23,16.00,16.15,15.81,16.07,904600,14495739.00
2024/09/24,16.22,17.00,16.22,17.00,4122670,68904320.00
2024/09/25,17.23,17.99,17.15,17.71,5322740,93586944.00
2024/09/26,17.71,19.44,17.61,19.21,7985110,149652000.00
2024/09/27,19.95,20.53,19.11,20.36,5525200,109321360.00
2024/09/30,21.50,22.40,20.88,22.40,8161239,178224208.00
2024/10/08,24.48,24.48,20.80,21.53,12630619,281986336.00
2024/10/09,21.20,21.20,19.38,19.38,6930720,137887504.00
2024/10/10,19.20,20.09,19.11,19.70,3972243,78155856.00
2024/10/11,19.70,19.70,19.04,19.43,2853982,55284060.00
2024/10/14,19.39,19.39,18.50,19.15,3819770,72203536.00
2024/10/15,18.94,18.99,18.52,18.53,2539200,47614928.00
2024/10/16,18.38,18.60,18.08,18.29,2448500,44869060.00
2024/10/17,18.35,18.56,17.94,17.96,3066826,55815824.00
2024/10/18,17.80,18.52,17.73,18.31,3691963,66799712.00
2024/10/21,18.29,18.92,18.26,18.77,4307618,80277152.00
2024/10/22,18.71,19.86,18.55,19.81,5948700,114580392.00
2024/10/23,19.81,20.52,19.55,20.02,5464421,110271112.00
2024/10/24,19.99,20.25,19.56,19.96,2974350,59184748.00
2024/10/25,19.96,20.29,19.80,20.16,2205174,44304332.00
2024/10/28,19.65,21.50,19.52,21.45,5956932,125066288.00
2024/10/29,21.30,21.57,20.53,20.60,4150650,87023008.00
2024/10/30,20.55,20.89,20.31,20.72,1982187,40874640.00
2024/10/31,20.72,20.72,19.90,20.13,3729403,75187968.00
2024/11/01,20.09,20.64,19.60,20.23,3548976,71797432.00
2024/11/04,20.90,21.36,20.35,20.96,3304949,69144776.00
2024/11/05,20.86,21.34,20.58,21.20,3476280,72807168.00
2024/11/06,21.20,21.56,20.91,21.33,2328669,49506860.00
2024/11/07,21.32,23.30,21.16,23.20,8356906,188594320.00
2024/11/08,23.23,23.98,22.20,23.83,6091732,139933712.00
2024/11/11,23.18,23.76,22.74,23.09,3264166,75495648.00
2024/11/12,23.03,23.79,22.67,22.85,2738560,63434860.00
2024/11/13,23.00,23.20,22.01,22.41,2252740,50330172.00
2024/11/14,22.28,22.50,22.00,22.02,1055010,23460616.00
2024/11/15,22.10,24.22,21.80,23.20,11226770,266083584.00
2024/11/18,23.10,24.39,22.42,24.09,10190141,239916544.00
2024/11/19,23.90,23.99,22.76,23.96,6098700,143412512.00
2024/11/20,23.92,24.19,23.45,23.77,5346730,127223664.00
2024/11/21,24.24,24.54,23.08,23.48,5433771,129696560.00
2024/11/22,22.68,23.24,22.48,22.63,3501590,79594880.00
数据来源:通达信
