001389 广合科技 日线 不复权
      日期	    开盘	    最高	    最低	    收盘	    成交量	    成交额
2024/04/02,50.00,58.10,48.10,51.88,28991027,1522338048.00
2024/04/03,52.05,55.05,48.00,50.44,22338882,1150483584.00
2024/04/08,48.97,50.88,46.06,46.97,17296637,824331264.00
2024/04/09,46.83,47.70,45.12,47.50,12421897,583921792.00
2024/04/10,47.74,48.48,43.80,44.20,14581061,676014528.00
2024/04/11,45.10,48.40,44.44,45.80,14374986,665860224.00
2024/04/12,46.00,50.38,46.00,50.38,15294334,742463296.00
2024/04/15,55.42,55.42,50.80,51.87,22191861,1185514624.00
2024/04/16,52.80,55.68,50.48,53.65,18005086,956730624.00
2024/04/17,56.11,57.93,52.53,55.00,19509252,1083706880.00
2024/04/18,53.00,53.95,50.94,51.74,16147037,847163712.00
2024/04/19,51.74,52.08,47.43,48.50,15496532,767347904.00
2024/04/22,46.00,48.04,44.70,46.83,10112340,465639872.00
2024/04/23,47.10,48.50,46.53,47.01,7834379,371747040.00
2024/04/24,48.00,51.71,46.80,51.71,10805926,532219456.00
2024/04/25,50.01,51.80,49.90,50.39,9588757,484117536.00
2024/04/26,51.78,52.70,50.88,51.20,12415184,644240128.00
2024/04/29,51.96,53.76,50.91,51.69,9491113,494797376.00
2024/04/30,52.02,53.25,51.50,51.68,7658659,400464416.00
2024/05/06,52.50,52.80,50.67,51.89,7517810,386451104.00
2024/05/07,52.50,52.81,50.26,50.96,8993245,463008704.00
2024/05/08,50.20,51.37,48.91,49.71,7303616,364666144.00
2024/05/09,49.69,50.20,49.18,49.83,5735047,285210688.00
2024/05/10,49.78,49.84,47.73,47.80,6192182,300907872.00
2024/05/13,47.38,48.12,47.13,47.70,3878042,184582432.00
2024/05/14,48.08,49.47,47.48,49.20,6251164,303828576.00
2024/05/15,49.00,49.79,47.89,48.45,6106473,298865824.00
2024/05/16,51.39,51.99,48.96,49.06,7709884,385405824.00
2024/05/17,48.60,49.50,47.39,49.46,6194291,299451744.00
2024/05/20,48.52,49.48,48.35,48.73,4933787,240468288.00
2024/05/21,48.41,49.36,48.39,49.13,4491753,219793552.00
2024/05/22,48.96,49.29,47.65,48.91,4998703,242459248.00
2024/05/23,49.39,51.00,48.66,49.20,8416904,417750784.00
2024/05/24,48.71,49.44,45.56,45.86,8360824,396243776.00
2024/05/27,46.86,46.97,45.61,46.63,4313993,200084448.00
2024/05/28,46.05,46.78,45.71,46.17,3633080,167303088.00
2024/05/29,46.88,47.17,45.57,45.87,3809083,176097904.00
2024/05/30,45.63,46.34,44.90,45.80,3710589,169567904.00
2024/05/31,45.35,46.61,45.05,45.90,4499415,206913200.00
2024/06/03,45.80,47.99,45.61,47.09,7273609,340586560.00
2024/06/04,46.98,47.30,46.26,47.14,5025991,235798288.00
2024/06/05,47.42,47.95,46.85,47.30,4936863,233542704.00
2024/06/06,48.10,49.26,46.90,46.90,8653962,418135648.00
2024/06/07,46.30,46.65,43.30,43.90,8033207,358081824.00
2024/06/11,43.18,44.38,41.70,44.20,5682967,245685216.00
2024/06/12,43.82,45.10,43.76,44.72,4337394,193433744.00
2024/06/13,44.72,45.73,44.02,44.12,5205670,234088064.00
2024/06/14,44.60,47.30,43.88,46.68,8202408,374736608.00
2024/06/17,46.59,48.00,46.19,47.12,7981815,374801728.00
2024/06/18,46.95,48.50,46.35,47.99,7434894,352432096.00
2024/06/19,49.00,50.20,47.68,47.68,8106807,394827488.00
2024/06/20,48.10,48.73,46.64,47.18,5896845,281488320.00
2024/06/21,47.12,47.47,45.61,46.56,3824800,178815568.00
2024/06/24,46.12,47.73,45.23,45.75,4524858,210014048.00
2024/06/25,46.00,46.00,43.25,44.10,4296280,190563184.00
2024/06/26,44.30,45.70,43.60,45.49,4318814,192599216.00
2024/06/27,45.17,45.95,43.56,43.60,4473002,200390224.00
2024/06/28,43.20,45.90,43.00,44.77,5058663,226949552.00
2024/07/01,44.70,44.70,42.82,44.37,3209255,140385952.00
2024/07/02,44.01,44.25,42.39,42.46,3900791,167977488.00
2024/07/03,42.35,43.25,41.30,43.15,3484355,147282720.00
2024/07/04,44.92,45.45,44.05,44.29,7982751,356262784.00
2024/07/05,44.27,44.95,43.01,43.84,4466522,196525632.00
2024/07/08,43.39,45.09,43.20,44.19,5387169,239786096.00
2024/07/09,44.15,46.46,43.51,46.46,7609507,343975040.00
2024/07/10,45.93,46.99,45.81,46.40,6469979,299564384.00
2024/07/11,47.00,47.20,45.65,46.25,7106026,330039328.00
2024/07/12,45.68,46.38,44.84,46.26,4791627,218693696.00
2024/07/15,46.29,46.60,45.41,45.71,3440400,158294400.00
2024/07/16,45.69,46.03,45.06,45.66,3538551,161652528.00
2024/07/17,45.88,46.30,43.59,43.59,5036796,225214128.00
2024/07/18,42.98,43.00,41.50,42.66,4700449,198823120.00
2024/07/19,42.66,43.35,42.27,42.28,3758281,160692160.00
2024/07/22,42.29,42.70,42.00,42.51,2529243,107129328.00
2024/07/23,42.40,42.46,40.50,40.50,3592198,148946992.00
2024/07/24,40.25,41.05,40.08,40.36,2371651,96058456.00
2024/07/25,40.04,40.44,39.00,40.23,3015801,119626896.00
2024/07/26,40.18,41.09,39.74,40.90,2892275,117114224.00
2024/07/29,40.91,41.44,40.47,40.87,2659535,108547240.00
2024/07/30,40.88,41.10,40.50,40.94,2096393,85642520.00
2024/07/31,40.92,42.25,40.64,41.91,4335717,179678800.00
2024/08/01,41.91,41.97,41.16,41.17,3414699,141736128.00
2024/08/02,40.69,40.72,39.55,40.02,3498897,140304304.00
2024/08/05,39.32,40.02,38.88,39.40,2781800,109768192.00
2024/08/06,40.01,40.01,39.04,39.45,2271074,89457872.00
2024/08/07,39.35,39.47,38.39,38.40,2943180,114470688.00
2024/08/08,38.00,38.20,36.97,37.33,2744591,102995288.00
2024/08/09,37.68,38.07,37.35,37.43,1918697,72351536.00
2024/08/12,37.32,37.55,36.76,37.16,1467911,54584596.00
2024/08/13,37.21,38.06,37.21,38.06,1634748,61449116.00
2024/08/14,37.90,38.19,37.85,37.96,1186009,45089012.00
2024/08/15,38.08,38.47,37.70,38.17,1923303,73313456.00
2024/08/16,38.16,38.75,38.12,38.69,2007897,77237712.00
2024/08/19,38.39,38.62,37.35,37.54,2344800,88986632.00
2024/08/20,37.36,38.18,37.00,37.57,1952320,73527448.00
2024/08/21,37.30,38.08,37.10,37.15,1623508,60954532.00
2024/08/22,37.06,37.20,35.80,35.80,2144647,78276400.00
2024/08/23,35.50,36.03,35.18,35.87,2134797,76040624.00
2024/08/26,35.80,36.40,35.80,36.19,1600794,57796112.00
2024/08/27,36.03,36.03,34.86,35.07,1530894,54139676.00
2024/08/28,34.96,35.33,34.96,35.11,1245902,43835780.00
2024/08/29,34.84,35.99,34.56,35.80,1908696,67526888.00
2024/08/30,35.80,37.08,35.73,36.53,2468500,90267184.00
2024/09/02,36.58,37.23,35.91,35.91,1593300,58167804.00
2024/09/03,35.90,36.42,35.80,36.23,1291800,46709928.00
2024/09/04,35.50,35.80,35.18,35.46,1494000,53043624.00
2024/09/05,35.75,39.01,35.75,37.69,6967443,265139072.00
2024/09/06,37.55,38.22,36.51,36.80,4650016,172352032.00
2024/09/09,36.46,36.68,35.80,36.11,2134439,77128600.00
2024/09/10,36.00,36.28,35.35,36.03,2004543,71571936.00
2024/09/11,35.78,35.96,35.08,35.71,2273822,80715168.00
2024/09/12,35.86,36.19,34.40,34.46,3179246,111698088.00
2024/09/13,34.30,35.60,34.18,34.53,2653076,92691752.00
2024/09/18,34.60,34.74,33.27,33.71,1928900,65406932.00
2024/09/19,33.80,34.43,33.64,33.74,1941500,65895644.00
2024/09/20,33.74,34.00,33.36,33.52,1451746,48896744.00
2024/09/23,33.70,34.24,33.34,33.45,1858546,62825596.00
2024/09/24,33.60,34.68,32.77,34.66,3929657,133253440.00
2024/09/25,34.89,35.76,34.69,34.90,3596476,126551432.00
2024/09/26,34.69,36.59,34.69,36.58,4093764,146538784.00
2024/09/27,36.88,38.97,36.59,38.57,4941601,186324528.00
2024/09/30,40.05,42.43,39.51,42.43,7415899,306666688.00
2024/10/08,46.67,46.67,44.91,46.67,7806485,361215936.00
2024/10/09,46.97,51.30,46.35,48.36,11263841,556075328.00
2024/10/10,49.08,49.80,46.48,46.95,6891567,327272032.00
2024/10/11,46.29,47.48,43.51,44.22,4360861,196177968.00
2024/10/14,44.53,46.22,43.23,45.95,3343468,149861792.00
2024/10/15,45.96,46.44,44.71,44.75,3448034,156893712.00
2024/10/16,43.08,44.00,42.80,43.27,2730333,118241032.00
2024/10/17,43.57,44.18,42.45,42.70,3257764,141310256.00
2024/10/18,42.66,46.06,42.66,45.18,5201378,231454368.00
2024/10/21,46.00,47.39,45.50,46.18,5366332,249341936.00
2024/10/22,46.41,46.95,45.50,46.19,3154242,145841344.00
2024/10/23,45.93,46.45,45.30,45.48,2707363,124344760.00
2024/10/24,45.17,46.20,44.90,45.56,2165415,98603864.00
2024/10/25,45.99,46.76,45.59,46.06,2801536,129240320.00
2024/10/28,46.50,48.12,46.00,47.40,4908540,230721520.00
2024/10/29,47.44,47.44,45.81,46.04,3651474,169572656.00
2024/10/30,46.00,46.12,44.96,45.60,2588557,117800320.00
2024/10/31,45.35,46.15,45.08,45.68,2723949,124307456.00
2024/11/01,45.41,45.50,43.49,43.63,3227980,143308352.00
2024/11/04,43.14,44.90,43.14,44.45,1754240,77971968.00
2024/11/05,44.36,46.29,44.10,45.62,3446900,155646800.00
2024/11/06,45.57,46.10,44.78,45.03,2991493,136224688.00
2024/11/07,44.50,45.80,44.31,45.70,2509510,113485016.00
2024/11/08,46.01,47.50,45.95,46.13,3915559,182565712.00
2024/11/11,46.13,47.82,46.13,47.82,4237244,201064384.00
2024/11/12,48.15,48.25,45.97,46.41,3559876,167082144.00
2024/11/13,46.26,47.00,45.52,46.99,2407608,111440176.00
2024/11/14,47.03,47.29,44.93,44.98,2674536,122755856.00
2024/11/15,44.66,45.26,43.43,43.47,2154340,95703896.00
2024/11/18,43.60,43.69,41.40,41.70,2128977,90131744.00
2024/11/19,41.99,43.54,41.90,43.26,2583757,110734720.00
2024/11/20,43.00,43.53,42.79,43.05,1879562,81018568.00
2024/11/21,42.91,42.97,42.12,42.65,1482401,63205360.00
2024/11/22,42.65,43.06,41.10,41.11,2242546,94765592.00
数据来源:通达信
