001201 东瑞股份 日线 不复权
      日期	    开盘	    最高	    最低	    收盘	    成交量	    成交额
2021/04/28,76.06,91.27,76.06,91.27,796115,72454784.00
2021/04/29,91.00,91.00,82.14,82.14,1534200,131092096.00
2021/04/30,73.93,73.93,73.93,73.93,947900,70078248.00
2021/05/06,66.54,71.43,66.54,66.55,9512882,638673472.00
2021/05/07,65.58,66.19,63.61,63.99,5624728,361700576.00
2021/05/10,63.00,63.29,60.79,60.93,4666107,287862048.00
2021/05/11,60.11,61.72,60.10,61.25,2554096,156151600.00
2021/05/12,61.01,62.24,60.63,61.95,2454486,151659648.00
2021/05/13,60.95,61.50,60.41,60.55,2426397,147268416.00
2021/05/14,60.70,60.96,60.35,60.53,2030094,123101224.00
2021/05/17,60.68,60.68,58.88,59.10,2663413,158333952.00
2021/05/18,58.93,60.29,58.70,59.60,1830572,109211048.00
2021/05/19,60.00,60.00,58.85,58.88,1740435,102736752.00
2021/05/20,58.88,58.88,57.40,57.41,2144928,123842000.00
2021/05/21,57.51,62.96,57.00,60.71,4385734,262318752.00
2021/05/24,60.90,60.95,59.11,59.22,2211966,131959784.00
2021/05/25,58.85,58.86,57.85,58.50,1781012,103791864.00
2021/05/26,58.35,59.99,58.13,59.43,1678024,99524408.00
2021/05/27,59.52,60.34,58.89,59.96,1811854,108172936.00
2021/05/28,59.95,60.00,59.02,59.06,1479391,87962240.00
2021/05/31,58.95,59.00,58.31,59.00,1226807,71896064.00
2021/06/01,58.99,59.95,58.81,59.60,1314938,78274272.00
2021/06/02,59.70,62.85,59.42,61.87,3579977,220408000.00
2021/06/03,61.50,61.98,60.42,60.75,2063647,125995088.00
2021/06/04,60.49,61.80,60.20,60.92,1643999,100483896.00
2021/06/07,60.80,60.80,58.88,59.14,1794688,106442880.00
2021/06/08,59.15,59.50,58.71,58.80,1117304,65802904.00
2021/06/09,58.82,60.89,58.28,59.96,1979790,118436144.00
2021/06/10,59.60,59.69,58.72,59.00,1536480,90623720.00
2021/06/11,58.98,59.06,58.58,58.70,879961,51711216.00
2021/06/15,58.52,58.52,57.47,57.50,1127223,65060780.00
2021/06/16,57.40,58.63,57.37,57.60,735650,42651420.00
2021/06/17,57.65,58.12,57.09,57.27,911920,52398000.00
2021/06/18,57.23,59.96,57.23,58.85,1697329,99888040.00
2021/06/21,58.80,58.84,58.01,58.68,963115,56302476.00
2021/06/22,59.18,59.66,58.80,59.34,1301533,77314048.00
2021/06/23,59.66,62.30,59.01,61.31,2462019,149147040.00
2021/06/24,61.00,61.00,60.05,60.37,1550956,93813104.00
2021/06/25,42.45,42.92,41.35,42.03,1677994,70364720.00
2021/06/28,43.59,45.77,43.50,43.83,5823919,257911712.00
2021/06/29,43.07,43.20,42.00,42.09,4042157,171380864.00
2021/06/30,41.73,42.34,40.81,40.94,2873356,118405632.00
2021/07/01,41.02,41.30,40.53,40.61,1545073,63286564.00
2021/07/02,40.99,40.99,40.17,40.58,1193247,48465608.00
2021/07/05,40.71,40.71,40.27,40.40,1046982,42326916.00
2021/07/06,40.41,41.12,40.40,40.82,1229995,50039048.00
2021/07/07,40.75,40.83,40.41,40.49,1172192,47460536.00
2021/07/08,40.59,40.60,39.40,39.48,2227782,88797032.00
2021/07/09,39.24,39.74,39.15,39.55,1052831,41486348.00
2021/07/12,39.55,39.75,39.30,39.58,1095193,43251864.00
2021/07/13,39.40,39.68,39.28,39.41,910602,35892572.00
2021/07/14,39.42,39.70,39.24,39.24,1000057,39427000.00
2021/07/15,39.32,39.53,38.28,38.41,1563026,60503940.00
2021/07/16,38.31,38.83,37.57,38.75,1902927,72481920.00
2021/07/19,38.41,38.50,37.58,37.64,1287421,48624024.00
2021/07/20,37.34,37.89,37.00,37.61,642239,24136224.00
2021/07/21,37.66,37.84,37.46,37.51,831007,31254254.00
2021/07/22,37.53,37.61,37.17,37.25,1015603,37879708.00
2021/07/23,37.10,37.25,35.83,35.83,1885976,68439664.00
2021/07/26,35.80,36.48,35.61,36.03,1472278,53126792.00
2021/07/27,35.81,36.03,35.00,35.00,1239940,43819396.00
2021/07/28,35.05,35.21,33.30,34.22,1280695,43358652.00
2021/07/29,34.89,34.89,33.78,33.87,1368014,46867676.00
2021/07/30,33.60,33.95,33.09,33.88,1117973,37525512.00
2021/08/02,33.57,36.57,33.12,35.59,2662259,94079768.00
2021/08/03,35.00,35.55,34.98,35.07,1564779,55099732.00
2021/08/04,34.99,36.29,34.73,35.74,1687140,60109560.00
2021/08/05,35.43,36.26,35.15,36.00,1265078,45326108.00
2021/08/06,36.09,37.00,35.72,36.85,2007380,73404944.00
2021/08/09,37.22,39.18,37.22,38.35,3179909,122719928.00
2021/08/10,38.01,38.89,37.38,38.59,2683455,102780384.00
2021/08/11,38.50,38.67,37.02,37.03,3023969,113636976.00
2021/08/12,37.05,38.03,37.01,37.15,1441647,53797256.00
2021/08/13,36.99,36.99,36.42,36.79,1161737,42563756.00
2021/08/16,36.80,37.44,36.48,37.16,970784,35923676.00
2021/08/17,37.11,37.94,36.58,36.72,1527812,56760672.00
2021/08/18,36.20,36.55,35.83,36.19,1106455,40015948.00
2021/08/19,36.01,36.31,35.78,35.80,796375,28601216.00
2021/08/20,35.81,35.97,35.02,35.06,811985,28659520.00
2021/08/23,35.06,35.64,35.05,35.63,730585,25924784.00
2021/08/24,35.73,35.96,35.56,35.70,624005,22318650.00
2021/08/25,35.73,36.34,35.52,36.30,1054331,38106116.00
2021/08/26,36.03,36.44,35.40,35.42,1131447,40465580.00
2021/08/27,35.20,35.33,35.00,35.01,776644,27258308.00
2021/08/30,34.85,34.90,34.38,34.41,955013,33000418.00
2021/08/31,34.65,35.31,34.60,34.81,856045,29884952.00
2021/09/01,34.70,35.46,34.29,35.25,1151886,40281204.00
2021/09/02,35.11,35.29,34.72,34.83,956117,33399604.00
2021/09/03,34.98,35.65,34.70,35.52,1414009,49847772.00
2021/09/06,35.15,35.70,35.12,35.59,889162,31573638.00
2021/09/07,35.53,36.36,35.40,35.99,1293180,46465700.00
2021/09/08,36.50,36.50,35.91,36.08,1101741,39816552.00
2021/09/09,35.99,36.55,35.95,36.15,962554,34869064.00
2021/09/10,35.87,36.26,35.76,35.91,742550,26725108.00
2021/09/13,36.00,36.07,35.54,35.62,792077,28283288.00
2021/09/14,35.62,36.02,35.43,35.45,800309,28506316.00
2021/09/15,35.42,35.43,35.08,35.21,547227,19258904.00
2021/09/16,35.21,37.57,35.21,36.98,3863776,141430880.00
2021/09/17,36.80,37.23,36.04,36.87,2476854,90282392.00
2021/09/22,36.21,36.48,36.06,36.29,1290283,46724604.00
2021/09/23,36.29,37.30,36.16,37.25,1641229,60152988.00
2021/09/24,36.97,38.48,36.71,37.69,2747900,103771912.00
2021/09/27,37.70,39.35,37.15,39.10,4616312,178611136.00
2021/09/28,38.60,38.63,37.65,37.78,2394850,90987976.00
2021/09/29,37.30,38.80,36.65,37.97,2786061,105129840.00
2021/09/30,37.61,38.32,37.26,37.26,1898001,71588656.00
2021/10/08,37.42,38.90,37.19,38.58,2647933,101263696.00
2021/10/11,38.37,41.45,38.16,40.70,5729552,227838176.00
2021/10/12,40.27,40.28,39.18,39.85,3143544,124811576.00
2021/10/13,39.96,40.70,39.20,40.70,3141859,125633064.00
2021/10/14,40.26,41.55,39.65,40.97,3890050,157670944.00
2021/10/15,39.94,41.16,37.20,37.61,4811425,188675264.00
2021/10/18,37.56,38.35,36.51,37.95,2283598,85754088.00
2021/10/19,37.76,40.88,37.48,39.90,5457220,216920576.00
2021/10/20,39.61,40.30,38.76,38.88,2848628,111664512.00
2021/10/21,38.86,39.33,38.16,38.40,1931097,74744848.00
2021/10/22,38.41,39.23,37.80,37.97,1968903,75700360.00
2021/10/25,39.80,40.28,38.41,38.60,2361314,92140664.00
2021/10/26,38.40,38.80,37.80,38.13,1614653,61823056.00
2021/10/27,38.15,38.48,37.33,37.46,1826956,69162392.00
2021/10/28,37.31,37.31,35.98,36.05,2039814,74188920.00
2021/10/29,36.19,37.00,36.06,36.52,1343310,49175680.00
2021/11/01,36.45,37.20,35.90,36.88,1453566,53485600.00
2021/11/02,36.80,37.50,36.52,37.00,1697785,62733440.00
2021/11/03,36.80,38.84,36.72,38.52,3393735,129757456.00
2021/11/04,38.00,39.00,37.85,38.60,2360847,91020272.00
2021/11/05,38.64,39.15,38.11,38.19,1721515,66176348.00
2021/11/08,37.95,38.37,37.49,37.53,1363984,51501048.00
2021/11/09,37.53,38.01,37.51,37.61,1051674,39679844.00
2021/11/10,37.59,37.96,36.83,37.34,1418926,52755920.00
2021/11/11,37.02,37.60,37.00,37.24,1153125,43028808.00
2021/11/12,37.24,37.65,37.09,37.43,1142409,42726588.00
2021/11/15,37.72,38.17,37.56,37.80,1396313,52722460.00
2021/11/16,37.80,38.10,37.20,37.23,1329448,49930456.00
2021/11/17,37.18,37.18,36.84,37.12,1006717,37238028.00
2021/11/18,37.19,37.36,36.94,36.98,1009705,37499744.00
2021/11/19,36.85,36.88,36.25,36.75,1526096,55734436.00
2021/11/22,36.76,36.97,36.62,36.90,794768,29267902.00
2021/11/23,36.85,37.05,36.69,36.92,827595,30519336.00
2021/11/24,37.07,37.07,36.65,36.80,804689,29590714.00
2021/11/25,36.92,37.11,36.70,37.04,827514,30600004.00
2021/11/26,37.15,37.17,36.77,36.83,817136,30145470.00
2021/11/29,36.20,36.75,36.12,36.39,686461,25016976.00
2021/11/30,36.38,36.67,36.27,36.30,775432,28256870.00
2021/12/01,36.37,36.83,36.26,36.83,909259,33319520.00
2021/12/02,36.80,37.37,36.71,37.00,1190731,44149048.00
2021/12/03,37.02,37.20,36.81,37.13,873719,32379046.00
2021/12/06,37.05,37.07,36.50,36.52,883506,32364400.00
2021/12/07,36.54,36.73,36.42,36.56,514466,18801126.00
2021/12/08,36.59,37.22,36.57,37.20,1128011,41729824.00
2021/12/09,37.20,37.58,37.05,37.35,1288351,48101512.00
2021/12/10,37.36,37.96,37.27,37.69,1263846,47602856.00
2021/12/13,37.60,37.97,37.34,37.89,1238661,46721352.00
2021/12/14,37.70,38.18,37.51,38.13,1232933,46806200.00
2021/12/15,38.13,38.22,37.29,37.48,1287346,48470560.00
2021/12/16,37.48,37.61,37.16,37.39,749180,27975544.00
2021/12/17,37.40,37.67,37.20,37.28,700375,26182334.00
2021/12/20,37.11,37.45,37.06,37.14,647917,24133740.00
2021/12/21,37.12,37.45,37.12,37.42,670382,25020700.00
2021/12/22,37.38,38.25,37.37,37.90,1552388,58874860.00
2021/12/23,37.82,39.39,37.80,39.06,3521673,136913792.00
2021/12/24,38.85,39.04,38.23,38.80,2366117,91443560.00
2021/12/27,38.77,39.20,38.38,38.87,1702196,65957784.00
2021/12/28,38.80,39.08,38.40,38.94,1084324,41986348.00
2021/12/29,38.94,39.32,38.08,38.15,1596756,61634908.00
2021/12/30,38.13,38.43,37.89,38.18,895090,34187280.00
2021/12/31,38.01,38.90,38.01,38.58,1249724,48210296.00
2022/01/04,38.70,39.96,38.50,39.75,3357002,132559024.00
2022/01/05,39.71,40.55,39.12,39.31,2898232,115232392.00
2022/01/06,39.48,39.48,38.60,39.40,1591514,62132988.00
2022/01/07,39.20,39.64,38.15,38.22,2022394,78267104.00
2022/01/10,38.23,40.09,38.08,39.61,2571631,101232680.00
2022/01/11,40.00,40.00,38.49,38.67,2141066,83295000.00
2022/01/12,38.85,39.13,38.38,38.90,1172477,45491428.00
2022/01/13,38.81,39.80,38.50,38.50,1409046,54948596.00
2022/01/14,38.52,39.42,38.30,38.30,1622900,62941456.00
2022/01/17,38.17,38.32,37.33,37.89,1470393,55540732.00
2022/01/18,37.89,37.89,37.36,37.56,1078064,40438124.00
2022/01/19,37.50,37.74,37.38,37.60,721486,27119096.00
2022/01/20,37.66,38.27,37.30,37.30,1431277,54148288.00
2022/01/21,37.30,37.30,36.26,36.52,1558044,56940164.00
2022/01/24,36.27,36.80,36.27,36.58,607973,22210276.00
2022/01/25,36.30,36.65,35.00,35.09,1075180,38558484.00
2022/01/26,35.07,35.54,34.90,35.16,597332,20997972.00
2022/01/27,35.12,35.48,34.01,34.05,821949,28472174.00
2022/01/28,34.24,34.89,34.00,34.53,589594,20318600.00
2022/02/07,34.92,35.28,34.19,35.19,661128,23073894.00
2022/02/08,35.28,35.76,34.80,35.62,676619,23970728.00
2022/02/09,35.61,36.47,35.37,36.20,962781,34813336.00
2022/02/10,36.08,39.82,36.03,39.82,7930793,309615360.00
2022/02/11,40.80,40.80,38.67,38.94,7321887,290256064.00
2022/02/14,40.11,40.11,38.43,38.97,3277393,128052440.00
2022/02/15,38.97,39.92,38.57,38.64,2472837,96473008.00
2022/02/16,38.65,38.88,37.86,38.10,1870084,71322360.00
2022/02/17,38.00,38.60,37.68,38.05,2531392,96470128.00
2022/02/18,37.85,38.67,37.62,38.39,2566950,98014552.00
2022/02/21,38.20,39.90,38.02,39.35,3689398,144508320.00
2022/02/22,39.09,39.90,38.90,39.47,2856257,112862592.00
2022/02/23,39.90,43.34,39.18,42.54,7292935,304822304.00
2022/02/24,41.99,42.93,41.01,41.99,4279463,180226032.00
2022/02/25,41.99,42.79,41.32,41.66,2958142,123264080.00
2022/02/28,41.49,42.50,40.51,42.09,3262129,136047808.00
2022/03/01,42.10,44.62,41.20,43.72,7300256,316790272.00
2022/03/02,43.08,44.16,42.88,43.50,3136657,136904448.00
2022/03/03,43.39,43.77,42.90,43.16,1509216,65214944.00
2022/03/04,42.84,43.50,42.34,42.72,1354476,58035648.00
2022/03/07,42.56,43.00,41.55,42.35,1202314,50795092.00
2022/03/08,42.43,43.50,40.70,40.72,1802428,75156992.00
2022/03/09,40.72,41.58,38.60,40.45,1986683,79865632.00
2022/03/10,41.14,41.18,39.16,39.16,1745037,69692136.00
2022/03/11,38.80,41.01,38.12,39.60,2675431,105832880.00
2022/03/14,39.00,39.48,37.20,37.51,2171490,83044248.00
2022/03/15,37.00,37.38,34.63,34.68,2451936,88226968.00
2022/03/16,35.16,35.99,34.30,35.59,1800985,63219144.00
2022/03/17,36.00,37.88,35.59,37.37,1902555,70106696.00
2022/03/18,37.63,38.37,36.93,38.20,1357111,51431572.00
2022/03/21,38.60,40.78,38.05,40.42,2468281,97912736.00
2022/03/22,40.30,41.90,39.82,41.39,2183264,89896704.00
2022/03/23,41.08,41.70,41.00,41.46,1531404,63302516.00
2022/03/24,41.00,43.43,40.89,42.39,2446442,104169528.00
2022/03/25,42.00,44.58,41.95,44.02,3247251,142816752.00
2022/03/28,43.87,44.56,43.01,44.09,2245154,98480624.00
2022/03/29,43.91,45.17,43.58,44.66,2576779,115207216.00
2022/03/30,44.13,45.10,44.02,44.42,1668139,74382472.00
2022/03/31,44.44,45.04,43.53,43.60,1860342,81911904.00
2022/04/01,44.30,44.65,43.01,43.25,1392259,60869308.00
2022/04/06,43.74,45.20,43.04,44.42,1899760,84141496.00
2022/04/07,44.42,44.76,42.50,42.65,1237964,53591792.00
2022/04/08,42.64,42.80,41.18,41.47,1333778,55630220.00
2022/04/11,41.53,43.05,40.88,41.01,1534762,64176748.00
2022/04/12,40.40,41.10,39.68,40.71,1258536,50719632.00
2022/04/13,40.24,41.10,39.00,39.36,1088460,43177280.00
2022/04/14,39.51,40.77,38.77,39.50,1114230,44060116.00
2022/04/15,39.51,40.15,38.61,38.84,957140,37547724.00
2022/04/18,38.84,42.72,38.80,42.72,2824608,116477056.00
2022/04/19,42.71,46.51,41.96,43.64,5195604,228133248.00
2022/04/20,43.26,44.20,42.20,42.64,2637357,114204560.00
2022/04/21,42.29,43.67,40.27,40.61,3026603,126107928.00
2022/04/22,40.49,41.07,39.22,39.56,1554723,62079512.00
2022/04/25,39.28,40.99,37.63,37.93,2368976,92971488.00
2022/04/26,37.49,38.16,34.70,35.19,3650383,132007248.00
2022/04/27,34.50,37.50,34.21,37.50,2910164,104545024.00
2022/04/28,37.30,38.59,36.35,37.60,2038587,76293432.00
2022/04/29,37.94,38.50,37.23,37.58,2202317,83086176.00
2022/05/05,38.50,38.50,37.03,37.25,1680532,63499160.00
2022/05/06,36.26,37.96,35.88,36.88,1262430,46351148.00
2022/05/09,37.01,38.65,37.01,38.33,1648485,62847768.00
2022/05/10,37.76,38.80,37.52,38.65,1617199,61915952.00
2022/05/11,38.83,39.09,38.04,38.18,1508431,58225476.00
2022/05/12,38.02,38.80,37.14,37.64,1416179,53662420.00
2022/05/13,38.03,38.16,36.73,37.16,1425846,53099168.00
2022/05/16,37.27,38.37,37.27,37.91,1793866,67916600.00
2022/05/17,37.92,38.04,37.11,37.24,1213289,45403528.00
2022/05/18,37.21,37.43,36.61,36.76,952733,35285912.00
2022/05/19,36.35,37.18,36.00,36.90,1054426,38686032.00
2022/05/20,36.90,37.46,36.74,37.17,930811,34562368.00
2022/05/23,36.99,38.48,36.81,38.04,1649384,62342368.00
2022/05/24,37.92,38.16,36.43,36.43,1893461,70178968.00
2022/05/25,36.44,37.24,36.15,37.00,1633602,60090288.00
2022/05/26,37.00,37.00,34.58,36.74,1278423,46566372.00
2022/05/27,36.60,37.14,36.28,36.75,992060,36537432.00
2022/05/30,36.96,40.20,36.77,39.21,3503811,134465360.00
2022/05/31,39.20,40.38,38.81,39.88,2155699,85958768.00
2022/06/01,39.87,40.06,38.65,38.88,1617925,63491004.00
2022/06/02,32.50,32.63,31.30,31.94,1799702,57284664.00
2022/06/06,31.80,32.46,31.67,32.36,1342172,43210148.00
2022/06/07,32.40,33.40,32.05,32.52,1594432,52061604.00
2022/06/08,32.68,33.24,32.02,32.60,1674692,54584312.00
2022/06/09,32.59,33.50,32.25,33.35,2815306,93083744.00
2022/06/10,33.32,35.00,32.93,34.64,3388923,115728072.00
2022/06/13,34.71,36.10,34.70,35.29,3370876,119638416.00
2022/06/14,34.87,36.54,34.69,35.79,3616886,129141288.00
2022/06/15,35.56,36.30,35.30,35.53,2803065,100362600.00
2022/06/16,35.62,38.98,35.62,38.05,5421556,203486384.00
2022/06/17,37.65,38.68,37.26,37.99,2527997,95479528.00
2022/06/20,37.80,40.20,37.70,40.07,4665095,184045664.00
2022/06/21,39.98,40.71,38.75,39.30,3014127,119496968.00
2022/06/22,38.25,43.23,37.05,41.99,8921835,362779424.00
2022/06/23,42.00,42.63,40.38,41.61,4796065,198038864.00
2022/06/24,41.00,42.70,40.95,41.36,3222628,133637944.00
2022/06/27,42.00,42.88,41.36,42.19,3349645,140915312.00
2022/06/28,42.19,44.30,40.85,41.08,6605636,279422624.00
2022/06/29,40.92,42.00,39.18,39.18,4217700,169141200.00
2022/06/30,40.00,40.25,38.46,38.58,4347684,169332592.00
2022/07/01,38.74,40.40,38.73,39.98,3428287,136072512.00
2022/07/04,40.75,43.52,40.10,43.40,6931859,291016416.00
2022/07/05,42.62,42.93,41.30,42.29,4368150,183172320.00
2022/07/06,41.26,43.00,40.95,41.93,3517954,147387056.00
2022/07/07,41.99,42.76,41.10,41.66,3892970,163405360.00
2022/07/08,41.55,45.80,41.36,44.90,6279909,276181376.00
2022/07/11,44.91,49.32,44.90,47.89,7525467,357370176.00
2022/07/12,47.90,50.06,46.43,46.95,5085215,244628688.00
2022/07/13,47.75,48.09,45.52,47.42,3569747,167394160.00
2022/07/14,47.32,47.84,46.13,46.55,2805048,131423224.00
2022/07/15,45.08,46.99,44.88,45.50,2993114,136791680.00
2022/07/18,44.99,46.03,43.80,46.03,3080665,138927152.00
2022/07/19,46.04,46.36,43.37,44.75,3023423,134518112.00
2022/07/20,44.73,45.30,42.80,43.49,3316840,145668432.00
2022/07/21,43.32,44.00,42.14,42.38,2485021,106721176.00
2022/07/22,42.47,42.49,40.20,40.41,3974393,162723760.00
2022/07/25,40.42,40.59,39.43,39.54,2571402,102398744.00
2022/07/26,39.96,40.29,39.04,39.46,2238632,88333040.00
2022/07/27,39.47,39.82,39.00,39.78,2005528,78892896.00
2022/07/28,40.30,40.73,38.57,38.59,3749451,148405056.00
2022/07/29,38.41,41.18,38.31,40.70,4579898,183760624.00
2022/08/01,40.61,41.80,40.03,41.31,2914097,119808920.00
2022/08/02,40.51,42.08,39.57,40.00,2893128,117357472.00
2022/08/03,40.00,41.37,38.28,38.31,2893145,114001648.00
2022/08/04,38.60,39.65,38.00,38.94,2354735,91193888.00
2022/08/05,39.20,39.40,37.81,38.46,2263256,87037240.00
2022/08/08,38.78,40.00,38.45,38.73,2279139,89033864.00
2022/08/09,38.75,38.75,36.25,36.60,3965465,146396864.00
2022/08/10,36.69,36.69,35.83,36.28,2259393,81737224.00
2022/08/11,36.57,37.09,36.13,36.87,1816720,66693308.00
2022/08/12,36.88,36.89,36.05,36.20,1703659,61863024.00
2022/08/15,36.50,36.80,35.18,36.00,3709934,132711936.00
2022/08/16,35.85,37.88,35.75,37.74,4456838,165216144.00
2022/08/17,37.68,39.38,37.42,38.21,4469332,171387456.00
2022/08/18,38.00,38.17,37.25,37.46,2103678,78968752.00
2022/08/19,37.47,41.00,37.30,39.74,5850066,229839344.00
2022/08/22,39.75,41.66,39.32,40.18,5265603,212693184.00
2022/08/23,39.60,41.38,39.23,40.23,3562262,144342336.00
2022/08/24,40.34,41.66,39.20,39.26,4456523,179615152.00
2022/08/25,39.73,40.27,38.81,39.27,3733930,147870912.00
2022/08/26,39.24,40.24,38.64,39.50,3022417,119558520.00
2022/08/29,39.41,40.88,38.65,39.28,3441222,136513488.00
2022/08/30,38.87,39.93,38.52,39.37,2233253,87409168.00
2022/08/31,39.34,40.34,37.55,37.94,4117094,160626880.00
2022/09/01,38.00,38.24,37.37,37.50,2248483,84857040.00
2022/09/02,37.50,39.37,37.25,38.72,3022175,115812944.00
2022/09/05,39.42,39.92,37.36,38.10,3373131,129014080.00
2022/09/06,38.00,38.56,37.51,38.19,2134628,81196768.00
2022/09/07,37.78,37.98,36.40,36.70,3633139,133903312.00
2022/09/08,36.94,37.57,35.58,35.75,3044135,110454176.00
2022/09/09,35.75,36.00,35.04,35.54,1947346,68809296.00
2022/09/13,35.58,37.38,35.58,36.80,3776514,138334704.00
2022/09/14,36.48,36.58,35.65,35.94,1980824,71460168.00
2022/09/15,36.10,36.19,34.50,34.82,2666264,93422952.00
2022/09/16,34.71,35.68,34.71,34.90,1794262,63053512.00
2022/09/19,34.90,36.10,34.81,35.33,2136341,76019832.00
2022/09/20,35.33,35.82,34.51,34.77,1875414,65492012.00
2022/09/21,34.79,34.86,33.54,33.78,2073247,70375336.00
2022/09/22,33.81,34.47,33.59,33.88,1310994,44560756.00
2022/09/23,33.91,33.91,32.43,33.12,2029114,67077900.00
2022/09/26,32.76,33.05,32.15,32.23,1554618,50700264.00
2022/09/27,32.58,33.49,32.23,33.47,2030416,66876844.00
2022/09/28,33.37,33.70,32.82,32.89,1640725,54394012.00
2022/09/29,33.31,33.63,32.16,32.38,1939327,63723256.00
2022/09/30,32.38,32.66,31.80,32.25,1184468,38153140.00
2022/10/10,33.50,34.08,32.65,33.47,3335500,111764104.00
2022/10/11,33.00,33.80,32.20,32.62,2386257,78185280.00
2022/10/12,33.01,35.13,33.01,35.11,4748295,162699104.00
2022/10/13,34.47,36.34,34.46,35.88,3541060,125231848.00
2022/10/14,35.64,35.90,35.04,35.45,2298176,81347320.00
2022/10/17,35.10,36.00,34.75,35.60,1970125,69842560.00
2022/10/18,35.71,36.55,35.41,35.85,2122739,76120880.00
2022/10/19,35.35,36.49,34.09,34.10,2954668,103428000.00
2022/10/20,34.00,34.28,33.31,33.60,2127188,71943712.00
2022/10/21,33.58,34.43,33.26,33.74,1585239,53579128.00
2022/10/24,33.87,33.99,32.25,32.28,2010351,66334804.00
2022/10/25,32.28,32.68,31.23,32.01,1870887,59577496.00
2022/10/26,32.03,32.45,30.78,31.30,2590363,81821848.00
2022/10/27,31.27,31.84,30.72,31.54,2093418,65563712.00
2022/10/28,31.28,31.28,28.84,29.41,3536028,105900040.00
2022/10/31,28.92,30.62,28.90,30.20,2522025,75878320.00
2022/11/01,30.20,31.28,30.13,31.08,2433209,75152624.00
2022/11/02,30.97,31.33,30.20,30.97,1515560,46948016.00
2022/11/03,30.66,31.24,30.50,31.00,1347469,41609480.00
2022/11/04,31.00,31.63,30.91,31.38,1634943,51155024.00
2022/11/07,31.39,31.99,30.50,30.88,2960603,92284096.00
2022/11/08,30.98,31.45,30.01,30.40,2793423,85042928.00
2022/11/09,30.15,30.43,29.59,29.63,2720148,81330432.00
2022/11/10,29.50,29.96,29.41,29.89,1681644,50060188.00
2022/11/11,30.42,30.52,29.91,30.10,2470684,74605480.00
2022/11/14,30.18,30.86,29.96,30.14,2419808,73496872.00
2022/11/15,30.08,30.90,30.07,30.82,2676617,81876984.00
2022/11/16,30.89,31.42,30.65,30.74,2441999,75687384.00
2022/11/17,30.50,31.76,30.45,31.29,2709509,84228344.00
2022/11/18,31.38,31.57,30.50,30.63,2125202,65693092.00
2022/11/21,30.08,30.67,29.84,30.55,1989530,60043248.00
2022/11/22,30.80,30.84,30.03,30.10,1513600,46036104.00
2022/11/23,29.91,30.10,29.31,29.55,1706914,50524848.00
2022/11/24,29.73,30.48,29.73,30.10,1602109,48201184.00
2022/11/25,30.29,30.37,29.57,29.96,1414705,42358492.00
2022/11/28,29.49,29.81,29.17,29.68,2038988,60107068.00
2022/11/29,29.68,30.29,29.40,30.21,2242029,67366016.00
2022/11/30,30.20,30.69,29.96,30.13,2125520,64453104.00
2022/12/01,30.50,30.95,30.40,30.65,2283187,70055824.00
2022/12/02,30.65,31.25,30.58,31.11,2132693,65977592.00
2022/12/05,31.26,31.30,30.71,30.96,2032382,62867300.00
2022/12/06,30.96,31.19,30.71,30.95,1944183,60165712.00
2022/12/07,30.86,31.63,30.71,31.06,2303104,71926568.00
2022/12/08,30.96,31.04,30.37,30.51,1959273,59932360.00
2022/12/09,30.45,30.61,30.11,30.47,1576976,47880748.00
2022/12/12,30.05,30.48,29.92,30.00,1538717,46335928.00
2022/12/13,30.09,31.72,29.95,31.60,4806946,150074272.00
2022/12/14,31.49,31.49,30.85,31.26,2268442,70500424.00
2022/12/15,31.37,31.55,30.62,30.70,1838073,56769080.00
2022/12/16,30.56,30.66,30.13,30.34,1365368,41407060.00
2022/12/19,30.05,30.32,29.45,29.51,2067484,61497516.00
2022/12/20,29.51,29.69,28.39,28.52,2915632,84084536.00
2022/12/21,28.51,29.41,28.38,29.11,2230606,64719216.00
2022/12/22,29.29,30.31,29.10,29.52,2920901,87369120.00
2022/12/23,29.51,29.81,28.77,28.97,1655672,48330948.00
2022/12/26,29.90,29.90,28.93,29.03,1449862,42314280.00
2022/12/27,29.03,29.65,29.00,29.59,1489820,43793800.00
2022/12/28,29.40,29.66,28.86,28.98,1562384,45522260.00
2022/12/29,29.00,29.15,28.42,28.46,1600052,45779392.00
2022/12/30,28.45,28.86,28.25,28.72,1238721,35361388.00
2023/01/03,28.70,28.83,28.19,28.80,1624704,46257160.00
2023/01/04,28.59,29.08,28.50,28.81,1115664,32145536.00
2023/01/05,28.95,29.12,28.46,29.11,1612995,46461640.00
2023/01/06,28.92,29.03,28.71,28.86,1630393,47019128.00
2023/01/09,28.88,29.50,28.80,29.36,2292651,66938924.00
2023/01/10,29.34,29.34,28.80,28.95,1529564,44243304.00
2023/01/11,28.95,29.15,28.65,28.77,1313623,37869392.00
2023/01/12,28.76,28.84,28.39,28.42,1491690,42605224.00
2023/01/13,28.48,29.15,28.36,28.87,2347259,67802152.00
2023/01/16,29.00,29.60,28.94,29.46,2778017,81629288.00
2023/01/17,29.58,29.58,29.04,29.12,1174914,34339052.00
2023/01/18,29.12,29.29,28.80,28.88,1239665,35872396.00
2023/01/19,28.88,28.89,28.61,28.77,1248159,35830832.00
2023/01/20,28.86,29.19,28.80,28.94,1159313,33510000.00
2023/01/30,29.00,29.56,29.00,29.38,2403633,70448672.00
2023/01/31,29.32,30.08,29.20,29.61,2545739,75457448.00
2023/02/01,29.56,30.00,29.41,29.99,2120972,63209028.00
2023/02/02,29.99,30.82,29.90,30.65,2685176,81665712.00
2023/02/03,30.58,31.88,30.19,31.06,4555331,142201904.00
2023/02/06,31.00,32.75,30.60,32.19,5123843,163123648.00
2023/02/07,32.19,32.30,31.16,31.35,3063694,96518448.00
2023/02/08,31.27,31.78,30.88,30.92,2535098,79226736.00
2023/02/09,30.90,31.20,30.77,31.06,1819641,56381932.00
2023/02/10,31.07,31.48,30.91,31.16,1615530,50386348.00
2023/02/13,31.30,31.74,30.80,30.95,1954834,60773060.00
2023/02/14,31.18,31.35,30.82,30.87,1396888,43349688.00
2023/02/15,30.87,30.96,30.42,30.49,1643060,50210888.00
2023/02/16,30.45,30.82,29.00,29.96,1970776,59892248.00
2023/02/17,30.00,30.58,30.00,30.12,1444328,43683976.00
2023/02/20,30.12,31.09,30.05,30.63,2269388,69128208.00
2023/02/21,30.63,31.04,30.40,30.63,1993131,61159200.00
2023/02/22,30.54,31.33,30.50,31.15,2199982,68259136.00
2023/02/23,31.17,31.33,30.80,31.00,1450204,45050404.00
2023/02/24,31.01,31.23,30.75,30.88,1322232,40888488.00
2023/02/27,30.88,31.21,30.38,30.46,1884616,57576364.00
2023/02/28,30.57,30.78,30.32,30.59,1137868,34755460.00
2023/03/01,30.70,30.73,30.34,30.66,927163,28349782.00
2023/03/02,30.56,30.68,30.27,30.34,1258560,38253284.00
2023/03/03,30.36,30.56,30.11,30.34,884256,26778600.00
2023/03/06,30.34,30.85,30.02,30.44,1412340,43092076.00
2023/03/07,30.44,30.69,29.76,29.76,1536688,46341296.00
2023/03/08,29.74,29.89,29.50,29.67,932807,27658588.00
2023/03/09,29.68,29.87,29.40,29.44,636676,18832194.00
2023/03/10,29.30,29.60,28.95,28.98,1156280,33637932.00
2023/03/13,28.98,29.40,28.72,29.18,1244345,36124104.00
2023/03/14,29.23,30.85,29.23,30.53,3552780,107569368.00
2023/03/15,30.26,31.25,30.12,30.25,2028896,62052844.00
2023/03/16,29.98,30.08,29.36,29.65,1870136,55488844.00
2023/03/17,29.93,29.96,29.09,29.34,1862775,54589304.00
2023/03/20,29.20,29.30,28.74,29.06,1719338,49713236.00
2023/03/21,29.07,29.41,28.81,29.37,1031032,30075720.00
2023/03/22,29.37,29.50,29.22,29.40,1260272,36985368.00
2023/03/23,29.20,29.61,29.06,29.16,977164,28563418.00
2023/03/24,29.09,29.50,29.09,29.27,1205107,35285996.00
2023/03/27,29.28,29.88,29.11,29.75,1584572,46866580.00
2023/03/28,29.83,29.88,29.46,29.53,1092168,32364946.00
2023/03/29,29.50,29.65,28.92,29.24,1126620,32816558.00
2023/03/30,29.24,29.55,29.12,29.48,906727,26670194.00
2023/03/31,30.07,30.91,29.99,30.18,3030936,92177472.00
2023/04/03,30.18,31.56,30.11,31.25,3719483,115816944.00
2023/04/04,31.23,33.98,30.87,32.49,6189335,202455664.00
2023/04/06,32.27,32.76,31.40,31.85,3021208,96297064.00
2023/04/07,31.66,31.93,31.35,31.37,1782628,56286928.00
2023/04/10,31.30,31.30,30.57,30.82,1683121,51977440.00
2023/04/11,31.00,31.32,30.66,31.19,1676394,51977660.00
2023/04/12,31.13,31.17,30.31,30.70,1582592,48409032.00
2023/04/13,30.58,30.93,30.26,30.43,955976,29168594.00
2023/04/14,30.47,30.59,30.19,30.34,1046291,31715796.00
2023/04/17,30.34,30.50,29.84,30.14,1823280,54884344.00
2023/04/18,30.15,30.23,29.85,30.00,851494,25538264.00
2023/04/19,30.00,30.50,29.81,30.03,1610608,48484508.00
2023/04/20,30.17,30.17,29.45,29.63,1306464,38752564.00
2023/04/21,29.60,29.96,29.10,29.10,1447216,42595724.00
2023/04/24,29.20,29.44,28.60,28.64,1457092,42058468.00
2023/04/25,28.55,28.88,27.50,27.88,2042256,57376936.00
2023/04/26,27.89,28.15,27.46,27.94,1130140,31514314.00
2023/04/27,27.93,28.19,27.85,27.90,880856,24632146.00
2023/04/28,26.50,26.50,25.11,25.11,5106482,128628504.00
2023/05/04,25.00,25.17,24.77,24.87,1721101,42928404.00
2023/05/05,24.90,25.00,24.46,24.62,1215100,29913128.00
2023/05/08,24.58,24.80,24.46,24.65,764124,18869856.00
2023/05/09,24.60,24.95,24.51,24.83,1220339,30221480.00
2023/05/10,24.72,24.86,24.50,24.67,803324,19759818.00
2023/05/11,24.84,24.87,24.66,24.78,503322,12469141.00
2023/05/12,24.78,24.88,24.41,24.50,806056,19830474.00
2023/05/15,24.35,24.52,24.02,24.50,818154,19795678.00
2023/05/16,24.59,24.64,23.98,24.00,1207521,29294026.00
2023/05/17,24.07,24.08,23.78,23.82,1089884,26023626.00
2023/05/18,23.83,23.94,23.57,23.70,1175780,27888086.00
2023/05/19,23.69,24.03,23.36,24.02,966841,22957404.00
2023/05/22,24.00,24.51,23.84,24.50,873736,21144472.00
2023/05/23,24.58,24.59,24.18,24.18,572348,13958969.00
2023/05/24,24.18,24.40,23.93,24.32,486924,11804601.00
2023/05/25,24.29,24.29,23.70,23.83,750784,17944762.00
2023/05/26,23.91,23.97,23.62,23.92,431172,10248910.00
2023/05/29,23.96,24.08,23.41,23.56,564908,13360700.00
2023/05/30,23.62,23.63,23.16,23.47,686933,16047453.00
2023/05/31,23.50,23.53,23.20,23.31,457649,10689888.00
2023/06/01,23.27,23.58,22.96,23.31,919581,21430156.00
2023/06/02,23.29,23.47,23.26,23.28,1041707,24320438.00
2023/06/05,23.28,23.29,22.97,23.20,861168,19926338.00
2023/06/06,23.18,23.28,22.76,22.80,842766,19374874.00
2023/06/07,22.89,23.45,22.78,23.25,1084932,25048564.00
2023/06/08,23.25,24.17,23.17,23.90,2143275,51015440.00
2023/06/09,23.86,24.40,23.45,24.20,1679214,40195304.00
2023/06/12,24.20,24.89,23.90,24.43,1574830,38453848.00
2023/06/13,24.26,24.87,24.14,24.24,908191,22137508.00
2023/06/14,24.24,24.39,24.08,24.18,598750,14490717.00
2023/06/15,24.10,24.45,24.00,24.40,666498,16144820.00
2023/06/16,24.31,24.77,24.30,24.54,689165,16923810.00
2023/06/19,24.49,24.74,24.03,24.05,898522,21820590.00
2023/06/20,24.20,24.24,23.78,23.78,600696,14346485.00
2023/06/21,23.76,23.99,23.48,23.48,416600,9870496.00
2023/06/26,23.48,23.58,23.05,23.19,605043,14087054.00
2023/06/27,23.40,23.87,23.19,23.85,653499,15441876.00
2023/06/28,23.91,23.95,23.35,23.60,561878,13214907.00
2023/06/29,23.45,24.08,23.41,23.80,642304,15328632.00
2023/06/30,24.00,24.17,23.73,24.09,662761,15939102.00
2023/07/03,24.17,24.23,23.85,23.93,602943,14450874.00
2023/07/04,24.22,24.39,23.77,24.10,720200,17303216.00
2023/07/05,24.03,24.13,23.79,23.85,577942,13832050.00
2023/07/06,23.85,24.51,23.81,24.26,1292368,31222722.00
2023/07/07,24.10,24.60,23.88,24.33,1049691,25494854.00
2023/07/10,24.40,24.85,24.21,24.64,1189445,29329866.00
2023/07/11,24.64,24.87,24.25,24.49,1097119,26952298.00
2023/07/12,24.57,24.59,24.15,24.19,660614,16094057.00
2023/07/13,24.19,24.49,24.19,24.38,522411,12703611.00
2023/07/14,24.34,24.55,24.19,24.21,524388,12775646.00
2023/07/17,24.20,24.75,23.80,24.53,973371,23722848.00
2023/07/18,24.62,25.75,24.42,25.17,2388588,60186364.00
2023/07/19,25.10,25.27,24.83,25.06,1003568,25165582.00
2023/07/20,25.18,25.23,24.65,24.73,761940,18927022.00
2023/07/21,24.63,25.20,24.60,24.86,945512,23589436.00
2023/07/24,24.85,25.12,24.26,24.42,987520,24247598.00
2023/07/25,24.57,24.59,24.19,24.43,1030640,25086822.00
2023/07/26,24.31,24.92,24.31,24.74,988602,24412688.00
2023/07/27,24.90,25.74,24.90,25.06,1890830,47852064.00
2023/07/28,25.06,25.46,24.94,25.30,1280561,32295086.00
2023/07/31,25.66,25.95,25.37,25.88,1934123,49778360.00
2023/08/01,25.90,26.04,25.52,25.74,1241580,31955138.00
2023/08/02,25.75,26.00,25.38,25.51,976237,25018050.00
2023/08/03,25.35,25.79,25.35,25.60,851964,21790384.00
2023/08/04,25.60,25.74,25.32,25.38,881200,22452362.00
2023/08/07,25.65,25.91,25.41,25.54,1002468,25654968.00
2023/08/08,25.53,25.62,25.19,25.33,620548,15723665.00
2023/08/09,25.23,25.39,25.00,25.04,592567,14878902.00
2023/08/10,25.00,25.55,24.90,25.48,861597,21831334.00
2023/08/11,25.43,25.48,24.62,24.69,834718,20813648.00
2023/08/14,24.69,24.69,24.26,24.62,570431,13969941.00
2023/08/15,24.70,24.75,24.10,24.22,544936,13254161.00
2023/08/16,24.22,24.54,24.03,24.23,381484,9283719.00
2023/08/17,24.20,24.42,23.85,24.24,605820,14655040.00
2023/08/18,24.24,24.48,23.50,23.52,1220790,29045452.00
2023/08/21,23.50,23.62,23.06,23.21,632293,14751675.00
2023/08/22,23.32,23.53,22.88,23.40,781866,18074838.00
2023/08/23,23.41,23.41,22.92,22.99,560940,12960547.00
2023/08/24,23.10,23.77,22.81,23.70,924791,21634284.00
2023/08/25,23.78,24.60,23.55,23.64,1560555,37590212.00
2023/08/28,24.47,24.58,23.10,23.35,2023366,48143664.00
2023/08/29,23.26,23.97,23.25,23.87,1071180,25317696.00
2023/08/30,23.85,23.96,23.62,23.79,647280,15402657.00
2023/08/31,23.65,23.76,23.39,23.49,692848,16330792.00
2023/09/01,23.49,23.76,23.44,23.52,667931,15751249.00
2023/09/04,23.50,23.64,23.41,23.63,553163,13033174.00
2023/09/05,23.70,23.70,23.44,23.56,650000,15308809.00
2023/09/06,23.59,23.68,23.38,23.46,541808,12747264.00
2023/09/07,23.46,23.92,22.98,23.03,959528,22443448.00
2023/09/08,23.03,23.20,22.90,23.10,450844,10393603.00
2023/09/11,23.40,23.61,23.08,23.54,823732,19290372.00
2023/09/12,23.40,24.08,23.40,23.86,856280,20421988.00
2023/09/13,23.80,23.98,23.42,23.52,552939,13071318.00
2023/09/14,23.44,23.68,23.11,23.28,600040,13948746.00
2023/09/15,23.27,23.50,23.27,23.48,550734,12891214.00
2023/09/18,23.48,23.81,23.15,23.77,549416,12981782.00
2023/09/19,23.66,23.92,23.56,23.63,392188,9286578.00
2023/09/20,23.63,24.04,23.60,23.83,819692,19589896.00
2023/09/21,24.00,24.00,23.35,23.36,722011,16984852.00
2023/09/22,23.50,23.55,23.17,23.50,565240,13219671.00
2023/09/25,23.47,23.65,23.25,23.28,447712,10457322.00
2023/09/26,23.22,23.33,23.05,23.09,405879,9403578.00
2023/09/27,23.02,23.36,22.95,23.25,449787,10450138.00
2023/09/28,23.45,23.45,22.83,22.89,1014428,23313762.00
2023/10/09,22.80,22.89,20.61,20.87,3442629,73177056.00
2023/10/10,20.79,21.34,20.62,21.18,1737646,36707732.00
2023/10/11,21.25,21.48,21.05,21.30,1074004,22917868.00
2023/10/12,21.30,21.48,21.11,21.39,616640,13135849.00
2023/10/13,21.38,21.51,21.06,21.22,556700,11812491.00
2023/10/16,21.22,21.36,21.11,21.33,618000,13133494.00
2023/10/17,21.33,21.42,21.11,21.30,579271,12305413.00
2023/10/18,21.36,21.36,20.86,20.88,543648,11436534.00
2023/10/19,20.90,20.93,20.40,20.47,751644,15544366.00
2023/10/20,20.45,20.70,20.29,20.41,499753,10217956.00
2023/10/23,20.60,20.68,19.98,20.06,757192,15319280.00
2023/10/24,20.35,20.79,20.07,20.79,894147,18356210.00
2023/10/25,20.84,21.34,20.70,21.11,987052,20774594.00
2023/10/26,21.04,21.55,21.02,21.48,1029644,21942626.00
2023/10/27,21.45,22.30,21.30,22.22,1507688,33063240.00
2023/10/30,22.10,22.90,21.88,22.66,1635013,36754452.00
2023/10/31,22.58,22.80,22.34,22.59,1168590,26411154.00
2023/11/01,22.72,22.92,22.34,22.84,1189555,27014884.00
2023/11/02,22.70,23.07,22.59,22.80,1115388,25418066.00
2023/11/03,22.84,23.00,22.62,22.63,743208,16885402.00
2023/11/06,22.84,22.84,22.08,22.29,1785360,39738380.00
2023/11/07,22.29,22.33,21.82,22.25,921882,20366476.00
2023/11/08,22.42,22.42,21.90,22.07,791320,17440398.00
2023/11/09,21.98,22.20,21.95,22.04,718430,15843973.00
2023/11/10,22.00,22.18,21.80,22.11,646496,14257588.00
2023/11/13,22.13,22.35,21.90,22.24,827165,18305978.00
2023/11/14,22.22,22.65,22.11,22.41,968946,21734756.00
2023/11/15,22.59,22.59,22.16,22.26,656360,14622701.00
2023/11/16,22.28,22.50,22.08,22.17,655507,14616269.00
2023/11/17,22.18,22.26,21.96,22.04,553806,12220918.00
2023/11/20,22.07,22.93,22.00,22.88,1459166,32968442.00
2023/11/21,22.83,22.93,22.46,22.51,921840,20894898.00
2023/11/22,22.43,23.03,22.43,22.75,1171216,26684492.00
2023/11/23,22.79,22.86,22.53,22.76,647064,14673580.00
2023/11/24,22.78,23.26,22.78,23.10,1681700,38781652.00
2023/11/27,23.01,24.21,22.95,24.07,2934476,69189512.00
2023/11/28,23.96,24.42,23.67,24.36,2731164,65742124.00
2023/11/29,24.10,24.34,23.81,24.20,1423464,34256364.00
2023/11/30,24.20,24.83,24.02,24.52,2675699,65786056.00
2023/12/01,24.35,24.52,23.80,23.82,1506366,36204776.00
2023/12/04,23.78,25.49,23.70,25.30,4026724,100637904.00
2023/12/05,25.09,25.59,24.82,25.09,2604875,65540492.00
2023/12/06,24.99,27.19,24.81,26.39,6032942,157298864.00
2023/12/07,26.26,27.05,25.69,26.55,4152118,109610080.00
2023/12/08,26.45,26.49,25.00,25.00,5382531,137957632.00
2023/12/11,25.08,25.48,24.79,25.13,2983327,75180608.00
2023/12/12,25.13,25.32,24.62,24.88,1901614,47254688.00
2023/12/13,24.68,25.04,24.15,24.19,1421351,34727040.00
2023/12/14,24.28,25.39,23.89,24.74,2544187,62675144.00
2023/12/15,24.74,24.74,24.31,24.53,1125940,27578940.00
2023/12/18,24.50,26.12,24.13,24.67,2339518,58497408.00
2023/12/19,24.85,24.85,24.16,24.76,1381668,33953200.00
2023/12/20,24.67,24.99,24.47,24.58,897529,22151832.00
2023/12/21,24.50,25.01,24.10,24.81,1380848,33901420.00
2023/12/22,24.81,25.08,24.60,24.74,1009548,25047630.00
2023/12/25,24.74,24.74,24.19,24.34,1000056,24377222.00
2023/12/26,24.30,24.61,24.15,24.15,941128,22937704.00
2023/12/27,24.19,25.62,24.02,25.04,2288237,57285360.00
2023/12/28,24.90,25.16,24.32,24.40,1769794,43544436.00
2023/12/29,24.34,24.75,23.54,24.14,2341480,56130784.00
2024/01/02,24.13,24.28,23.80,24.04,1566312,37798504.00
2024/01/03,24.03,24.86,23.96,24.17,1404128,34189324.00
2024/01/04,24.15,24.16,23.85,24.03,684908,16431313.00
2024/01/05,24.04,24.06,23.41,23.45,982310,23251588.00
2024/01/08,23.45,23.63,22.53,22.63,1826898,41846348.00
2024/01/09,22.71,22.94,22.43,22.89,1210612,27482542.00
2024/01/10,22.83,23.05,22.33,22.69,1104200,25005462.00
2024/01/11,22.55,23.54,21.88,22.11,4168672,94223808.00
2024/01/12,22.01,23.48,21.83,22.61,3142759,71440208.00
2024/01/15,22.50,22.84,22.40,22.43,1494220,33713760.00
2024/01/16,22.44,22.84,22.21,22.53,977068,22009566.00
2024/01/17,22.53,22.54,21.83,21.83,895824,19823946.00
2024/01/18,21.69,21.99,20.73,21.21,1862300,39290024.00
2024/01/19,21.03,21.30,20.93,21.03,1056100,22259896.00
2024/01/22,21.02,21.02,19.52,19.68,1871192,37870112.00
2024/01/23,19.80,19.80,19.09,19.22,1948648,37647728.00
2024/01/24,19.20,19.46,18.49,18.95,1836604,34646560.00
2024/01/25,18.95,19.81,18.89,19.74,1293740,25176860.00
2024/01/26,19.89,20.55,19.62,20.22,1612140,32614390.00
2024/01/29,20.33,20.58,19.67,20.12,1853780,37352620.00
2024/01/30,20.00,20.25,19.25,19.33,1174280,23203424.00
2024/01/31,19.08,19.38,18.51,18.51,1050716,19756828.00
2024/02/01,18.98,18.98,17.80,18.26,1189332,21653240.00
2024/02/02,18.38,18.91,17.15,17.67,1567672,28366914.00
2024/02/05,17.36,17.48,15.90,16.00,2335726,38311248.00
2024/02/06,14.87,16.32,14.87,15.78,2738867,42078152.00
2024/02/07,15.87,15.90,14.57,14.80,3077610,46518008.00
2024/02/08,14.87,16.27,14.53,16.19,3335955,51176392.00
2024/02/19,16.38,16.72,16.11,16.59,2396414,39460484.00
2024/02/20,16.61,17.88,16.36,17.50,2478352,42246052.00
2024/02/21,17.48,17.84,17.16,17.60,1623458,28562798.00
2024/02/22,17.59,17.93,17.41,17.78,998700,17716272.00
2024/02/23,17.76,17.98,17.57,17.98,1131339,20106992.00
2024/02/26,17.97,19.22,17.90,18.44,2109860,39335972.00
2024/02/27,18.66,19.11,18.41,19.08,1702970,32243590.00
2024/02/28,19.00,19.38,17.48,17.50,2870763,52404384.00
2024/02/29,17.49,17.81,17.36,17.81,2090182,36749244.00
2024/03/01,17.75,17.81,17.15,17.47,1687246,29420094.00
2024/03/04,18.20,18.35,17.32,17.61,1863749,32817652.00
2024/03/05,17.40,17.78,17.22,17.30,1820924,31704170.00
2024/03/06,17.16,17.39,16.95,17.22,1178372,20192294.00
2024/03/07,17.28,18.65,17.27,17.62,2875717,51339888.00
2024/03/08,17.56,17.65,16.83,17.09,1906500,32726980.00
2024/03/11,17.11,17.40,16.98,17.35,1317456,22687278.00
2024/03/12,17.36,18.34,17.30,18.20,2461291,44022396.00
2024/03/13,18.20,18.20,17.40,17.65,2238520,39538316.00
2024/03/14,17.64,17.75,17.16,17.31,1642184,28612234.00
2024/03/15,17.21,17.68,17.21,17.64,1541900,27045320.00
2024/03/18,17.75,18.20,17.58,18.20,2133578,38266160.00
2024/03/19,18.19,19.22,18.19,18.89,4860124,91787240.00
2024/03/20,18.90,19.87,18.63,19.43,4853928,94198080.00
2024/03/21,19.45,21.37,19.44,21.37,4976906,101844640.00
2024/03/22,21.56,22.90,20.89,22.21,5635749,121690432.00
2024/03/25,21.77,21.90,20.28,20.45,5061107,106420768.00
2024/03/26,20.62,21.58,20.57,21.01,3903672,82313672.00
2024/03/27,21.01,21.67,20.70,21.45,3902791,83251928.00
2024/03/28,21.00,21.66,20.96,21.36,2006664,42578872.00
2024/03/29,21.18,23.15,21.16,22.40,3723040,82739848.00
2024/04/01,22.24,23.03,22.00,22.46,3117212,69907720.00
2024/04/02,22.25,22.38,21.61,21.86,2418191,52982720.00
2024/04/03,21.72,23.00,21.72,22.78,3325500,75137992.00
2024/04/08,22.99,23.36,21.99,21.99,3124663,70733184.00
2024/04/09,22.01,22.34,21.43,22.08,2554520,55535168.00
2024/04/10,22.07,22.25,20.96,21.20,2875730,61534804.00
2024/04/11,20.93,21.30,20.52,20.55,1773400,36892168.00
2024/04/12,20.51,20.74,19.91,20.01,1673079,33906528.00
2024/04/15,20.01,20.06,18.73,19.03,2679812,51584196.00
2024/04/16,19.00,19.00,17.60,17.72,2530260,45461224.00
2024/04/17,17.85,18.67,17.83,18.35,2034620,37214832.00
2024/04/18,18.30,19.14,17.80,18.80,2240923,41787384.00
2024/04/19,18.60,19.10,18.28,18.55,1204705,22441932.00
2024/04/22,18.56,20.41,18.56,19.63,3062435,60491356.00
2024/04/23,19.53,20.75,19.15,20.30,2941094,59137648.00
2024/04/24,20.10,20.29,19.61,20.16,1494324,29765402.00
2024/04/25,20.16,20.33,19.89,20.22,1078997,21750712.00
2024/04/26,20.04,20.24,19.71,19.81,1387677,27661866.00
2024/04/29,19.50,20.45,19.47,20.29,1350024,27167324.00
2024/04/30,20.48,22.30,20.45,21.10,2387192,51243968.00
2024/05/06,21.03,21.52,20.67,21.13,2017772,42523256.00
2024/05/07,21.27,21.69,21.00,21.49,1443020,30920756.00
2024/05/08,21.50,22.84,21.33,22.38,3448046,76457120.00
2024/05/09,22.07,22.77,21.88,22.71,2657384,59616928.00
2024/05/10,22.49,23.24,22.21,22.38,2033912,46056252.00
2024/05/13,22.29,23.13,22.22,22.81,2288692,52081020.00
2024/05/14,22.68,24.58,22.66,24.10,4055450,96740616.00
2024/05/15,24.09,24.59,23.73,23.97,2892500,69746584.00
2024/05/16,23.91,24.42,23.60,23.72,2044551,49088060.00
2024/05/17,23.76,24.60,23.76,24.24,1876700,45400664.00
2024/05/20,24.30,26.00,24.08,25.75,3354008,85509248.00
2024/05/21,25.81,26.30,25.36,25.69,2712668,69930000.00
2024/05/22,25.70,25.83,24.83,25.37,2979820,74969776.00
2024/05/23,25.34,26.20,24.80,25.12,2175531,55168684.00
2024/05/24,25.09,26.10,24.88,25.63,3215118,82333216.00
2024/05/27,25.50,25.97,25.04,25.60,3124595,79821584.00
2024/05/28,25.69,26.23,24.74,24.87,2723572,68512784.00
2024/05/29,24.70,25.31,24.56,24.78,1758453,43701396.00
2024/05/30,24.78,24.98,24.12,24.33,1689744,41290984.00
2024/05/31,24.37,24.40,23.70,23.79,1885312,45103692.00
2024/06/03,24.03,24.85,23.85,24.35,3064132,74420048.00
2024/06/04,24.26,24.49,23.91,24.37,1409372,34091220.00
2024/06/05,24.50,24.50,23.50,23.65,1715540,40785316.00
2024/06/06,23.68,23.88,22.35,22.77,2352164,54167380.00
2024/06/07,22.91,23.40,22.50,22.80,1333464,30576848.00
2024/06/11,22.80,23.48,22.55,23.48,1410804,32409134.00
2024/06/12,23.48,23.90,23.25,23.39,1193753,28065980.00
2024/06/13,23.20,23.39,22.35,22.47,1760828,39933040.00
2024/06/14,22.35,22.90,22.00,22.59,1413897,31718128.00
2024/06/17,22.50,22.87,22.10,22.50,1384680,31039256.00
2024/06/18,22.95,23.55,22.24,22.40,1811544,40843280.00
2024/06/19,22.37,22.57,21.93,22.00,1315800,29048532.00
2024/06/20,22.24,22.24,21.82,22.01,883852,19482020.00
2024/06/21,21.92,22.51,21.78,21.99,849200,18760680.00
2024/06/24,21.70,21.74,20.98,21.02,1540381,32750742.00
2024/06/25,21.02,21.21,20.70,20.86,1103600,23062316.00
2024/06/26,20.88,21.07,20.40,20.95,1174044,24273496.00
2024/06/27,20.85,21.36,20.50,20.60,797736,16718200.00
2024/06/28,20.38,20.38,18.54,18.54,5489388,102297712.00
2024/07/01,18.07,18.82,17.21,17.78,12373620,222372352.00
2024/07/02,17.69,17.69,16.37,16.49,10571725,177886752.00
2024/07/03,16.40,17.18,16.16,16.99,7913182,133099808.00
2024/07/04,16.95,16.98,16.36,16.46,4197453,69640608.00
2024/07/05,16.38,16.57,16.19,16.48,2858180,46914916.00
2024/07/08,16.55,16.93,16.35,16.61,4409429,73302976.00
2024/07/09,16.39,16.59,15.71,15.88,6323445,101125752.00
2024/07/10,15.66,15.93,15.32,15.62,3998793,62713932.00
2024/07/11,15.98,16.00,15.50,15.56,4501437,70473848.00
2024/07/12,15.50,15.76,15.36,15.49,2971055,46087344.00
2024/07/15,15.49,15.89,15.45,15.74,4770511,75066056.00
2024/07/16,15.75,17.22,15.56,16.82,8644287,142333072.00
2024/07/17,16.75,17.05,16.48,16.85,5089689,85651272.00
2024/07/18,16.68,16.90,16.37,16.88,3544839,59045904.00
2024/07/19,16.88,17.18,16.67,16.99,3286047,55601292.00
2024/07/22,17.00,17.08,16.53,16.66,3210772,53649444.00
2024/07/23,16.70,16.93,16.12,16.18,2739440,45242848.00
2024/07/24,16.14,16.18,15.30,15.39,4913140,77040296.00
2024/07/25,15.21,15.40,14.67,14.90,7214916,107709872.00
2024/07/26,14.87,15.58,14.85,15.39,5033511,76555832.00
2024/07/29,15.50,15.54,14.95,15.35,2943599,44858764.00
2024/07/30,15.31,16.36,15.20,15.89,4874736,77209832.00
2024/07/31,15.89,16.55,15.63,16.48,3440189,55816716.00
2024/08/01,16.42,16.93,16.40,16.52,2729622,45334144.00
2024/08/02,16.52,17.49,16.36,16.92,5823642,99266752.00
2024/08/05,16.92,17.35,16.60,16.60,5701843,96531704.00
2024/08/06,16.90,17.20,16.56,16.96,3428913,57625964.00
2024/08/07,16.88,16.96,16.38,16.38,3788859,62671452.00
2024/08/08,16.41,16.79,16.35,16.63,3698409,61404068.00
2024/08/09,16.51,16.76,16.27,16.34,3040575,50145720.00
2024/08/12,16.39,16.89,16.37,16.44,3399862,56452020.00
2024/08/13,16.50,16.98,16.36,16.57,3470835,57637044.00
2024/08/14,16.49,16.51,16.16,16.23,2627899,42778628.00
2024/08/15,16.29,16.56,16.15,16.25,2428340,39588272.00
2024/08/16,16.18,16.20,15.74,15.79,3023658,47979144.00
2024/08/19,15.66,15.86,15.50,15.66,1968008,30836880.00
2024/08/20,15.71,15.77,15.32,15.36,1875708,29018750.00
2024/08/21,15.34,15.38,15.04,15.09,1883451,28588522.00
2024/08/22,15.09,15.17,14.63,14.83,2520059,37328580.00
2024/08/23,14.80,14.94,14.41,14.59,2841464,41463188.00
2024/08/26,14.60,14.95,14.47,14.86,1998892,29548698.00
2024/08/27,14.85,14.85,14.42,14.46,1748611,25471026.00
2024/08/28,14.46,14.72,14.30,14.55,1602915,23309646.00
2024/08/29,14.55,14.81,14.41,14.80,2256072,33061230.00
2024/08/30,14.85,15.24,14.58,15.12,2629596,39305360.00
2024/09/02,15.08,15.28,14.79,14.79,2229884,33512898.00
2024/09/03,14.80,15.15,14.77,14.96,1773164,26577172.00
2024/09/04,14.79,15.07,14.73,14.75,1789999,26616578.00
2024/09/05,14.89,15.06,14.55,14.91,1758268,26153720.00
2024/09/06,14.91,14.98,14.64,14.70,1312522,19355724.00
2024/09/09,14.65,14.70,14.46,14.64,1292121,18836212.00
2024/09/10,14.70,14.79,14.29,14.58,1723735,24985350.00
2024/09/11,14.58,14.68,14.34,14.41,1682344,24294090.00
2024/09/12,14.47,14.53,14.22,14.25,1396984,20080494.00
2024/09/13,14.24,14.30,14.10,14.11,1380720,19570898.00
2024/09/18,14.13,14.16,13.60,13.67,2532966,34859768.00
2024/09/19,13.72,14.21,13.72,14.08,2926811,41031612.00
2024/09/20,14.08,14.08,13.80,13.95,2063606,28635232.00
2024/09/23,13.85,14.02,13.70,13.70,1925665,26632262.00
2024/09/24,13.84,14.44,13.71,14.44,3659913,51585940.00
2024/09/25,14.58,14.87,14.46,14.49,3083721,45244356.00
2024/09/26,14.46,15.32,14.35,15.30,3773625,56270868.00
2024/09/27,15.54,16.19,15.44,16.19,4720042,74790864.00
2024/09/30,16.77,17.55,16.11,17.55,9005456,152633216.00
2024/10/08,19.20,19.20,16.84,17.38,11311884,201284288.00
2024/10/09,17.12,17.20,15.64,15.64,9046217,147218432.00
2024/10/10,16.00,16.94,16.00,16.22,8798970,145212112.00
2024/10/11,16.20,16.45,15.37,15.58,4650989,73809808.00
2024/10/14,15.89,16.11,15.60,15.90,4373731,69358768.00
2024/10/15,15.82,16.10,15.63,15.65,3053724,48410668.00
2024/10/16,15.58,15.94,15.43,15.57,2792168,43663688.00
2024/10/17,15.64,15.76,15.35,15.39,2816564,43838524.00
2024/10/18,15.38,15.83,15.23,15.56,5274889,81792888.00
2024/10/21,15.72,15.85,15.56,15.66,4563574,71629104.00
2024/10/22,15.68,16.10,15.42,16.02,4001279,63443592.00
2024/10/23,16.11,16.27,15.95,16.02,3843908,61916656.00
2024/10/24,16.00,16.28,15.90,16.04,2648893,42572820.00
2024/10/25,16.10,16.36,16.00,16.25,3155918,51194816.00
2024/10/28,16.28,16.76,16.25,16.76,4375315,72444480.00
2024/10/29,16.77,16.79,16.17,16.22,4548593,74380488.00
2024/10/30,16.25,16.61,16.10,16.48,4248916,69481008.00
2024/10/31,16.31,16.38,16.00,16.06,5071937,81793632.00
2024/11/01,16.00,16.34,15.77,15.77,4963177,79480104.00
2024/11/04,15.77,16.16,15.67,16.13,3852185,61674564.00
2024/11/05,16.13,16.27,16.00,16.27,4137341,66742028.00
2024/11/06,16.25,16.49,16.10,16.43,5215477,85285576.00
2024/11/07,16.35,17.09,16.26,17.09,7190156,121213600.00
2024/11/08,17.20,17.28,16.71,16.85,4855752,82021592.00
2024/11/11,16.70,17.39,16.66,17.19,4347955,74086456.00
2024/11/12,17.19,17.49,17.03,17.20,4164067,71970736.00
2024/11/13,17.10,17.27,16.64,16.85,3266000,54979504.00
2024/11/14,16.80,16.83,16.39,16.47,2075132,34493988.00
2024/11/15,16.35,16.70,16.27,16.30,2243112,37009700.00
2024/11/18,16.36,16.60,16.03,16.10,3084744,50509280.00
2024/11/19,16.15,16.26,15.91,16.23,1979700,31908858.00
2024/11/20,16.18,16.50,16.12,16.48,1624404,26538184.00
2024/11/21,16.47,16.79,16.39,16.54,2244880,37224100.00
2024/11/22,16.60,16.63,15.74,15.77,2761544,44541456.00
数据来源:通达信
