003013 地铁设计 日线 不复权
      日期	    开盘	    最高	    最低	    收盘	    成交量	    成交额
2020/10/22,16.12,19.34,16.12,19.34,183282,3541929.00
2020/10/23,21.27,21.27,21.27,21.27,84504,1797400.13
2020/10/26,23.40,23.40,23.40,23.40,98039,2294112.50
2020/10/27,25.74,25.74,22.01,24.35,22700213,538506496.00
2020/10/28,22.41,23.00,22.00,22.02,12246203,274444832.00
2020/10/29,21.01,21.30,20.30,20.34,9059469,186914864.00
2020/10/30,20.10,20.59,20.01,20.20,6127423,124246824.00
2020/11/02,20.03,20.07,19.18,19.21,6139562,118998064.00
2020/11/03,19.22,21.11,19.09,20.77,8238659,164985552.00
2020/11/04,20.48,22.83,20.38,22.58,11970184,258247056.00
2020/11/05,22.36,22.80,21.60,21.75,9292369,204474768.00
2020/11/06,21.88,22.13,21.03,21.75,8051534,173188336.00
2020/11/09,21.52,22.19,21.11,22.00,8874622,192490304.00
2020/11/10,21.99,21.99,21.09,21.12,6010151,128658808.00
2020/11/11,21.00,23.03,20.47,22.26,10803140,235614400.00
2020/11/12,22.27,22.68,21.51,21.58,6190381,135987456.00
2020/11/13,21.12,21.32,20.80,21.09,4239892,89301264.00
2020/11/16,21.10,21.77,20.63,21.68,4470861,95078192.00
2020/11/17,21.54,21.64,21.03,21.24,3494520,74427520.00
2020/11/18,21.00,21.58,20.90,21.34,3327003,70926584.00
2020/11/19,21.12,21.93,21.00,21.50,4117924,88429728.00
2020/11/20,21.48,21.48,21.16,21.21,2776004,59074460.00
2020/11/23,21.13,21.38,20.85,20.88,3582573,75608104.00
2020/11/24,20.84,21.14,20.61,20.68,2713682,56341032.00
2020/11/25,20.80,20.84,20.50,20.55,2005675,41371208.00
2020/11/26,20.56,20.80,20.54,20.60,1630072,33615592.00
2020/11/27,20.66,21.18,20.50,20.90,2899486,60719712.00
2020/11/30,21.00,21.34,20.68,20.88,3175289,66872040.00
2020/12/01,20.65,20.81,20.60,20.80,2205695,45680620.00
2020/12/02,20.80,22.00,20.66,21.69,6437369,138054976.00
2020/12/03,21.53,21.90,21.21,21.23,3885155,83243696.00
2020/12/04,21.23,22.96,21.06,22.37,8322764,184290928.00
2020/12/07,22.37,22.42,21.92,22.25,4603163,101990256.00
2020/12/08,22.10,22.52,21.86,21.90,3532729,78171816.00
2020/12/09,21.91,21.91,20.90,20.95,3659117,78192720.00
2020/12/10,20.57,21.10,20.40,20.78,2724921,56438908.00
2020/12/11,20.78,21.68,20.56,21.00,3828126,81104728.00
2020/12/14,20.92,21.12,20.69,20.75,2412504,50251384.00
2020/12/15,20.75,20.96,20.58,20.71,1622880,33650728.00
2020/12/16,20.70,20.73,19.84,19.91,3457974,69662696.00
2020/12/17,19.69,20.26,19.57,20.12,2201225,43854528.00
2020/12/18,20.25,20.28,19.76,19.78,1741221,34643584.00
2020/12/21,19.78,19.80,19.36,19.53,1758167,34343940.00
2020/12/22,19.49,19.84,19.25,19.37,1839248,35944124.00
2020/12/23,19.33,19.50,19.28,19.36,1285308,24894422.00
2020/12/24,19.30,19.30,18.36,18.53,2466397,46256976.00
2020/12/25,18.53,18.68,18.37,18.44,1319768,24452794.00
2020/12/28,18.35,18.35,17.70,17.75,1864161,33351852.00
2020/12/29,17.74,18.05,17.30,17.81,1300646,23068322.00
2020/12/30,18.01,18.80,18.00,18.54,2075005,38394016.00
2020/12/31,18.60,18.79,18.50,18.56,1385263,25782606.00
2021/01/04,18.46,18.99,18.29,18.78,1487966,27801728.00
2021/01/05,18.60,19.69,18.55,19.02,2356561,45014232.00
2021/01/06,18.84,18.98,18.28,18.38,1818193,33678252.00
2021/01/07,18.32,18.32,17.57,17.63,1679983,29960546.00
2021/01/08,17.63,17.98,17.31,17.71,1050920,18609660.00
2021/01/11,17.77,17.99,17.39,17.50,1100000,19385626.00
2021/01/12,17.38,17.94,17.38,17.86,1199882,21170906.00
2021/01/13,17.80,17.82,17.50,17.63,1025882,18107142.00
2021/01/14,17.89,19.38,17.63,18.81,3645551,68616096.00
2021/01/15,18.36,19.30,18.25,18.87,2439392,45675120.00
2021/01/18,18.48,18.82,18.44,18.69,1507116,28072700.00
2021/01/19,18.56,18.87,18.33,18.42,1698701,31553954.00
2021/01/20,18.65,19.02,18.30,18.85,2340433,43892348.00
2021/01/21,18.57,18.77,18.45,18.55,1563245,29046542.00
2021/01/22,18.55,18.63,17.75,17.85,1688836,30590394.00
2021/01/25,17.70,18.24,17.55,17.87,1016244,18217722.00
2021/01/26,17.81,18.39,17.80,18.12,1311860,23842636.00
2021/01/27,18.12,18.26,17.87,17.88,938500,16924594.00
2021/01/28,17.71,18.55,17.65,18.06,1554051,28255210.00
2021/01/29,18.06,18.17,17.61,17.76,1196039,21311000.00
2021/02/01,17.71,18.15,17.66,18.01,960388,17214438.00
2021/02/02,17.88,18.80,17.88,18.47,1842736,34071272.00
2021/02/03,18.30,18.69,18.28,18.30,1302360,24010236.00
2021/02/04,18.13,18.21,17.45,17.69,1380780,24473426.00
2021/02/05,17.69,18.08,17.54,17.78,1095773,19514110.00
2021/02/08,17.90,18.38,17.74,18.00,1280249,23130632.00
2021/02/09,18.00,18.04,17.58,17.85,1466491,26044770.00
2021/02/10,17.85,17.95,17.66,17.67,1047454,18565364.00
2021/02/18,17.92,18.15,17.74,18.07,1350743,24309302.00
2021/02/19,18.05,18.69,17.95,18.57,2052103,37811656.00
2021/02/22,18.59,18.95,18.40,18.40,2308123,43112252.00
2021/02/23,18.25,18.54,18.06,18.29,1219961,22282956.00
2021/02/24,18.48,18.95,18.37,18.62,1867480,34880392.00
2021/02/25,19.45,19.45,18.70,18.78,2621140,49649840.00
2021/02/26,18.29,19.12,18.29,18.69,2020355,37922940.00
2021/03/01,18.69,18.96,18.44,18.96,1549248,29081518.00
2021/03/02,18.96,19.06,18.40,18.45,1572210,29314092.00
2021/03/03,18.42,18.64,18.30,18.55,999631,18472188.00
2021/03/04,18.45,18.74,18.37,18.39,993798,18372520.00
2021/03/05,18.30,18.59,18.30,18.57,801624,14840599.00
2021/03/08,18.53,18.76,18.21,18.24,1175717,21705144.00
2021/03/09,18.35,18.37,17.68,17.84,1224576,21971568.00
2021/03/10,17.85,18.14,17.70,17.73,691071,12313867.00
2021/03/11,17.93,17.93,17.71,17.87,574194,10246857.00
2021/03/12,18.00,18.17,17.86,17.93,930528,16751622.00
2021/03/15,17.87,17.96,17.62,17.85,826748,14721290.00
2021/03/16,17.85,18.14,17.72,18.12,913897,16443148.00
2021/03/17,18.08,18.26,17.92,18.14,715688,12963610.00
2021/03/18,18.05,18.25,17.94,18.00,782288,14124373.00
2021/03/19,17.90,18.48,17.80,18.40,1801744,32887670.00
2021/03/22,18.45,18.87,18.29,18.80,2028549,37847572.00
2021/03/23,18.83,19.40,18.40,19.00,3114181,59154168.00
2021/03/24,18.80,19.88,18.71,19.48,4209806,81805568.00
2021/03/25,19.28,19.45,18.90,19.21,2185460,41920448.00
2021/03/26,19.13,19.88,18.92,19.24,2485379,48088984.00
2021/03/29,19.16,19.49,18.93,19.16,1974370,37802204.00
2021/03/30,19.15,20.22,19.05,19.64,3370872,65915744.00
2021/03/31,19.59,20.89,19.38,20.60,6328140,129058640.00
2021/04/01,20.33,20.43,19.68,20.06,4114102,82098296.00
2021/04/02,19.87,20.28,19.70,20.14,2639442,52794272.00
2021/04/06,19.86,20.38,19.78,20.07,2243672,44935200.00
2021/04/07,20.40,22.08,20.30,22.08,8243600,178102416.00
2021/04/08,22.08,24.29,21.35,24.29,14247603,334278496.00
2021/04/09,25.00,26.72,24.70,26.72,11017227,286784640.00
2021/04/12,27.00,29.39,24.36,27.60,22212421,595905728.00
2021/04/13,24.85,25.73,24.84,24.84,8549612,212792192.00
2021/04/14,23.00,24.38,22.41,22.81,13740496,317507296.00
2021/04/15,23.00,23.43,21.92,22.10,9452493,213971760.00
2021/04/16,21.92,22.70,21.61,22.30,7007598,155162400.00
2021/04/19,22.18,22.44,21.81,22.32,5682788,125785248.00
2021/04/20,22.24,23.32,22.03,23.29,8851387,202362352.00
2021/04/21,23.00,23.15,22.15,22.23,6125592,137702496.00
2021/04/22,21.90,22.23,21.13,21.46,6357073,136595840.00
2021/04/23,21.26,21.70,20.94,20.95,4114505,87127016.00
2021/04/26,20.63,21.25,20.32,20.94,3483875,72551872.00
2021/04/27,20.85,20.88,20.14,20.15,3274213,66619548.00
2021/04/28,20.20,20.69,20.20,20.44,2236737,45742164.00
2021/04/29,20.46,20.48,20.00,20.05,2332376,47135768.00
2021/04/30,19.93,20.26,19.81,20.25,2272644,45686364.00
2021/05/06,20.15,20.65,20.05,20.56,2441833,49985120.00
2021/05/07,20.57,20.62,20.10,20.14,2521700,50940776.00
2021/05/10,20.00,20.36,19.94,20.17,1695777,34228748.00
2021/05/11,20.12,20.63,19.40,20.60,3940076,79338000.00
2021/05/12,20.60,20.62,20.27,20.47,2199988,44920804.00
2021/05/13,20.30,20.58,20.08,20.11,1793600,36391032.00
2021/05/14,20.09,20.48,20.09,20.43,1672500,34026144.00
2021/05/17,20.40,20.47,20.14,20.27,1478600,29972232.00
2021/05/18,20.31,21.18,20.12,21.05,3978884,82426488.00
2021/05/19,21.49,21.83,21.00,21.01,5529922,118520424.00
2021/05/20,20.81,21.56,20.62,21.52,4417350,94012096.00
2021/05/21,21.21,21.85,21.21,21.54,3350164,72321088.00
2021/05/24,21.34,21.48,20.91,21.23,2382875,50436208.00
2021/05/25,21.24,21.24,20.82,21.13,2538844,53294708.00
2021/05/26,20.50,20.57,20.22,20.35,2224548,45245256.00
2021/05/27,20.24,20.85,20.13,20.50,2345300,47920180.00
2021/05/28,20.38,20.50,20.02,20.05,2380740,48104392.00
2021/05/31,20.07,20.35,19.91,20.29,1554518,31353464.00
2021/06/01,20.15,20.45,20.10,20.25,1369911,27761222.00
2021/06/02,20.24,21.60,20.02,21.60,6480281,135480928.00
2021/06/03,21.39,21.50,20.88,20.90,4308212,91080528.00
2021/06/04,20.90,21.36,20.85,21.01,2652156,55901540.00
2021/06/07,21.09,21.87,21.01,21.60,3647312,78274608.00
2021/06/08,21.51,21.80,21.28,21.35,3538533,76099920.00
2021/06/09,21.46,21.61,20.90,20.96,2322500,49042384.00
2021/06/10,21.00,21.40,20.79,21.25,2035807,43182872.00
2021/06/11,21.19,22.46,21.11,21.94,5023028,110098552.00
2021/06/15,21.83,22.40,21.49,22.30,4837671,106883152.00
2021/06/16,22.30,22.45,21.66,22.06,2967458,65146700.00
2021/06/17,22.07,22.29,21.51,21.78,2736398,59480064.00
2021/06/18,21.89,22.03,21.60,21.93,2168885,47248356.00
2021/06/21,21.82,21.82,21.11,21.30,2694474,57484596.00
2021/06/22,21.30,21.75,21.14,21.63,2099890,45030380.00
2021/06/23,21.41,21.65,21.01,21.03,2555900,54143524.00
2021/06/24,21.24,23.13,20.90,23.13,6022333,133755448.00
2021/06/25,23.53,23.54,22.13,22.20,6763608,153080384.00
2021/06/28,22.44,22.60,22.02,22.22,3127987,69642976.00
2021/06/29,22.05,22.94,21.81,22.65,4716957,106181224.00
2021/06/30,22.49,22.80,22.25,22.80,3476432,78596992.00
2021/07/01,22.56,22.85,21.63,21.76,3233400,71864480.00
2021/07/02,21.62,22.27,21.62,21.68,2100400,45924852.00
2021/07/05,21.71,22.68,21.53,22.50,3375157,75638904.00
2021/07/06,22.51,22.51,21.67,22.02,2748632,60577472.00
2021/07/07,21.79,22.10,21.62,21.98,2005324,43737152.00
2021/07/08,21.96,21.96,20.81,20.81,3640384,77501072.00
2021/07/09,20.55,21.10,20.53,20.70,1888448,39146868.00
2021/07/12,20.70,20.96,20.22,20.32,2683976,55089176.00
2021/07/13,20.33,20.58,20.28,20.38,1709208,34858752.00
2021/07/14,20.52,20.53,20.05,20.10,1727068,34901184.00
2021/07/15,20.10,20.22,19.61,19.91,1589544,31597466.00
2021/07/16,19.86,20.10,19.86,19.98,1167575,23295208.00
2021/07/19,20.00,20.01,19.65,19.91,886748,17549782.00
2021/07/20,19.72,20.01,19.67,20.01,661123,13147288.00
2021/07/21,20.16,20.40,20.05,20.29,1300285,26381972.00
2021/07/22,20.35,20.54,20.25,20.29,1071673,21821764.00
2021/07/23,20.20,20.29,19.60,19.70,1595067,31693926.00
2021/07/26,19.52,19.83,19.26,19.36,1102244,21491960.00
2021/07/27,19.36,19.50,18.31,18.53,2230888,41814472.00
2021/07/28,18.53,18.60,17.62,18.19,1114459,20216302.00
2021/07/29,18.18,18.74,18.18,18.24,1046400,19174136.00
2021/07/30,18.20,18.24,17.86,17.91,1033220,18547848.00
2021/08/02,17.91,18.28,17.81,18.21,1000193,18075148.00
2021/08/03,18.27,18.70,18.20,18.49,1073617,19899924.00
2021/08/04,18.49,18.68,18.31,18.51,793820,14628050.00
2021/08/05,18.51,18.95,18.32,18.88,1423188,26570460.00
2021/08/06,18.90,18.99,18.64,18.74,1008600,18933950.00
2021/08/09,18.88,19.12,18.66,19.01,834463,15811013.00
2021/08/10,18.98,19.15,18.85,19.00,753723,14302541.00
2021/08/11,19.12,19.60,18.86,19.33,1416805,27080060.00
2021/08/12,19.36,20.00,19.31,19.54,2245500,44375072.00
2021/08/13,19.72,20.50,19.60,20.22,3066393,62022976.00
2021/08/16,20.11,20.43,19.90,20.14,1602894,32246630.00
2021/08/17,20.16,20.58,19.73,19.82,1954544,39418592.00
2021/08/18,19.51,21.17,19.50,20.60,2907770,59601516.00
2021/08/19,20.51,20.71,19.96,20.01,1968200,39906960.00
2021/08/20,20.00,20.10,19.60,19.99,1370771,27229342.00
2021/08/23,19.90,20.07,19.70,19.93,1274300,25377132.00
2021/08/24,19.90,20.45,19.80,20.19,1655971,33520772.00
2021/08/25,20.21,20.29,19.91,19.96,960182,19179966.00
2021/08/26,19.96,20.11,19.60,19.63,1127250,22299270.00
2021/08/27,19.54,19.86,19.41,19.60,1159416,22665574.00
2021/08/30,19.80,19.80,19.36,19.40,998900,19506640.00
2021/08/31,19.50,19.50,18.91,19.03,1189524,22724770.00
2021/09/01,19.06,19.77,18.74,19.69,2487359,48004784.00
2021/09/02,19.66,20.97,19.50,20.82,4378242,89245512.00
2021/09/03,20.70,20.77,20.22,20.26,2273092,46393568.00
2021/09/06,20.42,20.62,20.12,20.47,1764888,36054436.00
2021/09/07,20.50,21.08,20.35,20.77,2733471,56974760.00
2021/09/08,20.70,21.03,20.59,20.71,1406976,29191592.00
2021/09/09,20.60,20.89,20.42,20.59,1305260,26911924.00
2021/09/10,20.63,21.10,20.59,20.76,2428207,50698212.00
2021/09/13,20.51,20.68,19.93,19.95,2151226,43437844.00
2021/09/14,20.00,20.10,19.52,19.53,1462548,28951794.00
2021/09/15,19.49,19.72,19.28,19.50,1031655,20143480.00
2021/09/16,19.47,19.88,19.30,19.32,1268682,24758758.00
2021/09/17,19.22,19.44,18.98,19.15,914983,17557372.00
2021/09/22,19.06,19.17,18.88,18.96,781744,14831122.00
2021/09/23,19.00,19.33,19.00,19.27,792365,15202337.00
2021/09/24,19.38,19.38,18.66,18.74,1202900,22796630.00
2021/09/27,18.84,18.87,18.18,18.33,858400,15831098.00
2021/09/28,18.33,18.47,18.30,18.36,613938,11282463.00
2021/09/29,18.36,18.36,18.02,18.04,668553,12098583.00
2021/09/30,17.92,18.24,17.92,18.19,458027,8299732.50
2021/10/08,18.73,18.73,18.28,18.36,413695,7604702.50
2021/10/11,18.36,19.50,18.20,18.79,714564,13334367.00
2021/10/12,18.60,18.75,18.41,18.46,436088,8060076.00
2021/10/13,18.59,18.62,18.32,18.58,327724,6063375.00
2021/10/14,18.60,18.60,18.29,18.45,344197,6354547.50
2021/10/15,18.40,18.55,18.33,18.37,364815,6725177.00
2021/10/18,18.33,18.38,18.23,18.30,280344,5133593.00
2021/10/19,18.35,18.45,18.16,18.18,552561,10069178.00
2021/10/20,18.18,18.32,18.05,18.11,544500,9880651.00
2021/10/21,18.06,18.14,17.99,18.11,430000,7760493.00
2021/10/22,18.11,18.44,18.05,18.27,584475,10686443.00
2021/10/25,18.26,18.32,18.16,18.22,354709,6460905.00
2021/10/26,18.10,18.32,18.08,18.19,392712,7142629.50
2021/10/27,18.19,18.26,18.07,18.22,371070,6729819.50
2021/10/28,18.50,18.80,18.29,18.66,1178686,21849666.00
2021/10/29,18.52,18.75,18.39,18.69,745468,13855227.00
2021/11/01,18.68,19.05,18.62,18.90,1003731,18952130.00
2021/11/02,19.10,19.10,18.69,18.96,920415,17333286.00
2021/11/03,18.95,19.06,18.79,18.95,588898,11158721.00
2021/11/04,18.95,19.09,18.92,18.99,557911,10583593.00
2021/11/05,19.02,19.03,18.61,18.73,793055,14904825.00
2021/11/08,18.73,18.99,18.73,18.88,526985,9955977.00
2021/11/09,18.80,19.50,18.80,19.38,1382787,26651408.00
2021/11/10,19.35,19.46,19.18,19.38,554854,10700771.00
2021/11/11,19.47,19.55,19.23,19.29,586136,11336764.00
2021/11/12,19.39,19.39,19.20,19.30,451059,8693852.00
2021/11/15,19.15,19.72,19.15,19.63,888631,17363996.00
2021/11/16,19.70,19.70,19.33,19.35,614194,11983869.00
2021/11/17,19.33,19.42,19.21,19.32,525547,10146072.00
2021/11/18,19.31,19.33,18.84,18.85,873415,16653253.00
2021/11/19,18.84,19.26,18.81,19.20,660160,12588694.00
2021/11/22,19.21,19.27,19.00,19.23,510044,9764738.00
2021/11/23,19.21,19.27,19.10,19.15,460051,8822471.00
2021/11/24,19.21,19.23,19.03,19.20,477703,9150620.00
2021/11/25,19.22,20.55,19.15,19.56,1686919,33124824.00
2021/11/26,19.56,19.65,19.30,19.32,707861,13701781.00
2021/11/29,19.05,19.59,19.00,19.53,835224,16174497.00
2021/11/30,19.73,19.80,19.50,19.73,1281289,25198698.00
2021/12/01,19.73,19.98,19.65,19.82,800986,15891319.00
2021/12/02,19.75,20.46,19.69,20.05,1977786,39848652.00
2021/12/03,20.02,20.24,19.80,19.92,1144213,22781054.00
2021/12/06,19.81,19.92,19.42,19.44,999004,19550536.00
2021/12/07,19.85,19.88,19.20,19.47,898660,17472472.00
2021/12/08,19.20,19.78,19.20,19.60,663600,13010561.00
2021/12/09,19.58,20.28,17.82,20.07,2497617,49856284.00
2021/12/10,20.00,20.18,19.77,19.98,1322600,26414806.00
2021/12/13,20.25,20.28,19.90,20.18,1618051,32587562.00
2021/12/14,20.15,20.28,20.01,20.15,939304,18924412.00
2021/12/15,20.15,20.37,20.15,20.24,996604,20195876.00
2021/12/16,20.35,20.40,20.09,20.17,1044701,21134766.00
2021/12/17,20.14,20.27,20.00,20.04,990044,19896844.00
2021/12/20,19.94,20.18,19.80,19.91,886944,17728120.00
2021/12/21,19.92,20.60,19.91,20.34,1961439,39877316.00
2021/12/22,20.38,20.48,20.21,20.30,849200,17255992.00
2021/12/23,20.30,20.40,19.92,20.11,958012,19245208.00
2021/12/24,20.16,20.16,19.21,19.33,1454700,28567342.00
2021/12/27,19.30,19.67,19.29,19.54,596000,11642937.00
2021/12/28,19.64,19.86,19.43,19.74,694500,13694719.00
2021/12/29,19.74,19.97,19.60,19.75,689400,13662347.00
2021/12/30,19.74,20.08,19.74,19.89,517300,10315376.00
2021/12/31,19.90,20.15,19.83,20.08,810395,16246579.00
2022/01/04,20.10,20.41,19.96,20.36,1204465,24420530.00
2022/01/05,20.37,20.48,20.05,20.20,1286436,26001462.00
2022/01/06,20.40,20.72,20.15,20.54,1582069,32460908.00
2022/01/07,20.44,21.14,20.44,20.74,2632757,54716492.00
2022/01/10,21.22,21.28,20.60,21.13,2560926,53861472.00
2022/01/11,21.02,21.44,20.93,21.02,2286868,48435032.00
2022/01/12,21.10,21.43,20.90,21.35,1756353,37337948.00
2022/01/13,21.25,21.65,21.14,21.25,1227100,26274422.00
2022/01/14,21.20,21.45,20.66,20.75,1432244,30023998.00
2022/01/17,20.75,21.20,20.67,21.00,988344,20788476.00
2022/01/18,21.14,21.16,20.81,21.05,1237170,25965640.00
2022/01/19,20.85,21.51,20.85,21.40,1336000,28467770.00
2022/01/20,21.20,21.40,20.96,21.06,1247435,26400564.00
2022/01/21,20.85,21.14,20.20,20.55,1246900,25678448.00
2022/01/24,20.42,20.65,20.16,20.30,804836,16432127.00
2022/01/25,20.58,20.70,19.70,19.72,1283144,25866488.00
2022/01/26,19.65,20.04,19.65,19.86,749600,14890520.00
2022/01/27,19.94,20.00,19.05,19.05,1171483,22670716.00
2022/01/28,19.06,19.73,18.92,19.32,816801,15803768.00
2022/02/07,19.96,21.15,19.54,20.88,2625344,53936552.00
2022/02/08,20.89,21.08,20.56,21.00,1903536,39739412.00
2022/02/09,21.28,21.98,20.96,21.58,2601091,56133384.00
2022/02/10,21.51,21.78,21.35,21.62,1580451,34064352.00
2022/02/11,21.45,21.93,21.44,21.49,1741200,37724860.00
2022/02/14,21.40,21.75,21.11,21.26,1991600,42528820.00
2022/02/15,21.41,21.56,21.14,21.39,1214066,25921852.00
2022/02/16,21.54,22.33,21.54,22.32,3372466,74293624.00
2022/02/17,22.50,22.50,21.51,21.60,2765388,60222260.00
2022/02/18,21.40,21.81,21.37,21.69,1697513,36628464.00
2022/02/21,21.60,21.83,21.30,21.52,1500701,32259936.00
2022/02/22,21.42,21.59,21.02,21.23,1463144,31059864.00
2022/02/23,21.21,21.43,21.04,21.33,1062900,22616466.00
2022/02/24,21.25,21.28,20.01,20.34,2170883,44783996.00
2022/02/25,20.52,20.86,20.31,20.41,1152607,23741302.00
2022/02/28,20.42,20.59,19.85,20.08,1314700,26365732.00
2022/03/01,20.36,20.44,19.93,20.28,1473088,29758932.00
2022/03/02,20.15,20.42,20.01,20.15,1019744,20502642.00
2022/03/03,20.21,20.50,20.09,20.35,1595900,32423800.00
2022/03/04,20.33,20.33,19.72,19.89,1689361,33857872.00
2022/03/07,19.80,19.98,19.47,19.52,1204904,23758140.00
2022/03/08,19.49,19.64,18.89,19.00,1211525,23287904.00
2022/03/09,19.20,19.20,17.73,18.45,2116390,39045320.00
2022/03/10,18.74,18.97,18.53,18.58,1086644,20386096.00
2022/03/11,18.44,18.70,17.90,18.67,1313604,24059144.00
2022/03/14,18.58,18.58,17.94,18.00,1418900,25778460.00
2022/03/15,17.85,17.96,17.10,17.12,1409300,24730276.00
2022/03/16,17.21,17.60,16.70,17.39,1916700,32824432.00
2022/03/17,17.47,17.75,17.39,17.47,1696200,29813648.00
2022/03/18,17.41,18.30,17.41,18.05,1579327,28375548.00
2022/03/21,18.17,18.47,17.91,18.35,1337900,24357652.00
2022/03/22,18.19,18.42,18.07,18.19,915149,16678212.00
2022/03/23,18.20,18.32,18.03,18.23,693428,12608221.00
2022/03/24,18.21,18.21,17.85,17.99,790749,14203917.00
2022/03/25,18.12,18.26,17.87,17.97,668400,12080747.00
2022/03/28,18.10,18.17,17.62,18.07,646900,11642650.00
2022/03/29,18.12,18.13,17.63,17.77,856100,15222928.00
2022/03/30,17.87,17.96,17.39,17.49,1719810,30176380.00
2022/03/31,17.49,17.88,17.38,17.41,1299244,22852742.00
2022/04/01,17.31,17.55,17.12,17.45,775100,13480388.00
2022/04/06,17.49,17.76,17.31,17.76,1043899,18365448.00
2022/04/07,17.76,17.99,17.46,17.47,908299,16069388.00
2022/04/08,17.44,18.10,17.44,18.07,2043604,36492696.00
2022/04/11,17.85,18.09,17.35,17.47,1934239,34211908.00
2022/04/12,17.33,17.73,16.90,17.70,1531060,26462556.00
2022/04/13,17.60,17.66,17.15,17.18,975800,16877104.00
2022/04/14,17.21,17.50,17.12,17.38,1034450,17847868.00
2022/04/15,17.28,17.28,16.92,16.94,1213200,20674656.00
2022/04/18,16.92,16.92,16.33,16.65,630451,10447404.00
2022/04/19,16.85,16.85,16.53,16.64,588235,9793665.00
2022/04/20,16.70,16.71,16.23,16.33,969244,15934954.00
2022/04/21,16.33,16.39,15.60,15.66,1298542,20678892.00
2022/04/22,15.60,15.69,15.35,15.61,990659,15363601.00
2022/04/25,15.42,15.60,14.55,14.79,1244600,18851724.00
2022/04/26,14.56,15.10,14.41,14.95,1530000,22671176.00
2022/04/27,15.08,15.58,14.99,15.57,1390124,21236354.00
2022/04/28,15.35,15.57,15.00,15.22,934429,14306065.00
2022/04/29,15.25,15.72,15.11,15.61,1040171,16162273.00
2022/05/05,15.43,16.15,15.42,16.08,1270978,20248354.00
2022/05/06,15.72,15.93,15.68,15.75,692208,10927400.00
2022/05/09,15.88,17.33,15.80,16.77,2458075,40916708.00
2022/05/10,16.50,17.83,16.45,17.64,4335638,74724800.00
2022/05/11,17.50,17.50,16.90,16.94,3465394,59220580.00
2022/05/12,16.70,17.09,16.65,17.03,1617575,27363918.00
2022/05/13,17.10,17.15,16.77,16.80,1104762,18656694.00
2022/05/16,16.89,17.02,16.55,16.69,1028144,17185436.00
2022/05/17,17.15,17.25,16.40,16.99,1445545,24220586.00
2022/05/18,17.02,18.69,16.90,18.69,4388127,79936248.00
2022/05/19,18.69,18.69,17.50,18.32,5632498,101306336.00
2022/05/20,17.87,18.25,17.74,17.88,3296758,58898276.00
2022/05/23,17.88,17.88,17.49,17.83,2157546,38038896.00
2022/05/24,17.80,17.80,16.70,16.79,2169690,37346796.00
2022/05/25,16.75,17.00,16.62,17.00,1403043,23676578.00
2022/05/26,17.12,17.56,17.04,17.06,1630492,28091138.00
2022/05/27,17.04,17.49,16.98,17.35,1737992,30013898.00
2022/05/30,17.22,17.39,16.93,17.11,1483128,25323648.00
2022/05/31,17.11,17.20,16.61,17.03,1209735,20417044.00
2022/06/01,17.08,17.17,16.66,16.85,1216334,20559916.00
2022/06/02,16.85,16.98,16.66,16.96,922100,15548101.00
2022/06/06,16.96,17.12,16.91,17.07,985149,16789714.00
2022/06/07,17.07,17.16,16.85,17.09,1009400,17182444.00
2022/06/08,17.14,17.23,16.65,16.91,1157013,19585232.00
2022/06/09,16.91,17.07,16.60,16.66,1274300,21411520.00
2022/06/10,16.61,16.88,16.38,16.78,1357063,22701068.00
2022/06/13,16.71,16.71,16.19,16.30,1782142,29135372.00
2022/06/14,16.26,16.58,16.11,16.47,817845,13390438.00
2022/06/15,16.47,16.76,16.47,16.68,1182751,19698408.00
2022/06/16,16.43,16.43,16.15,16.20,770200,12510612.00
2022/06/17,16.13,16.26,15.80,16.18,659800,10648044.00
2022/06/20,16.25,16.42,16.18,16.35,670820,10954904.00
2022/06/21,16.35,16.49,16.15,16.35,874223,14293523.00
2022/06/22,16.39,16.39,16.07,16.07,542300,8761081.00
2022/06/23,16.07,16.24,15.90,16.21,401600,6491228.00
2022/06/24,16.24,16.32,16.18,16.25,542600,8815824.00
2022/06/27,16.25,16.42,16.20,16.27,507166,8258769.50
2022/06/28,16.30,16.40,16.22,16.40,869460,14195880.00
2022/06/29,16.40,17.29,16.38,16.80,2980053,49947424.00
2022/06/30,16.69,16.95,16.56,16.86,1934606,32377512.00
2022/07/01,16.81,17.20,16.67,16.82,1717124,29052016.00
2022/07/04,16.63,16.90,16.38,16.59,1425541,23605296.00
2022/07/05,16.57,16.77,16.38,16.50,1024564,16940260.00
2022/07/06,16.49,16.56,16.10,16.22,1049006,17055704.00
2022/07/07,16.12,16.36,16.12,16.18,471006,7637216.00
2022/07/08,16.19,16.42,16.16,16.29,677550,11041738.00
2022/07/11,16.28,16.29,15.91,16.02,845003,13569490.00
2022/07/12,15.88,16.17,15.88,16.05,725000,11630467.00
2022/07/13,16.05,16.45,15.99,16.38,975865,15884471.00
2022/07/14,16.39,16.47,16.06,16.08,1009094,16292933.00
2022/07/15,16.09,16.38,15.74,15.75,959455,15194454.00
2022/07/18,15.91,16.31,15.71,16.20,1087690,17562346.00
2022/07/19,15.95,16.33,15.83,16.20,800444,12938787.00
2022/07/20,16.20,16.28,16.07,16.23,730444,11811156.00
2022/07/21,16.23,16.29,16.01,16.03,606890,9772088.00
2022/07/22,16.05,16.21,15.96,16.13,667820,10742290.00
2022/07/25,16.23,16.23,15.72,15.81,860611,13667761.00
2022/07/26,15.84,15.90,15.57,15.80,645200,10126909.00
2022/07/27,15.83,15.87,15.74,15.86,382451,6050919.50
2022/07/28,15.94,16.13,15.87,16.08,618981,9887980.00
2022/07/29,16.01,16.25,15.96,15.98,398341,6387756.50
2022/08/01,15.98,16.05,15.82,16.04,366779,5856624.00
2022/08/02,16.04,16.05,15.10,15.23,1165410,17872492.00
2022/08/03,15.15,15.50,15.15,15.21,548600,8399193.00
2022/08/04,15.18,15.34,15.16,15.30,349750,5333821.50
2022/08/05,15.37,15.96,15.30,15.92,932766,14545544.00
2022/08/08,15.82,15.99,15.77,15.96,477824,7577362.50
2022/08/09,15.87,16.11,15.81,15.96,399926,6378196.00
2022/08/10,15.97,16.05,15.84,16.04,439281,7010272.00
2022/08/11,16.02,16.23,16.02,16.19,817088,13220404.00
2022/08/12,16.19,16.25,16.08,16.20,553278,8935797.00
2022/08/15,16.21,16.21,16.03,16.16,587439,9457848.00
2022/08/16,16.21,16.21,16.07,16.14,651193,10497311.00
2022/08/17,16.06,16.15,15.95,16.10,676446,10849098.00
2022/08/18,15.90,16.06,15.88,15.95,524204,8366774.50
2022/08/19,15.99,16.20,15.83,15.83,634927,10167171.00
2022/08/22,15.81,15.96,15.71,15.89,402077,6381258.00
2022/08/23,15.89,15.99,15.81,15.87,293524,4664089.00
2022/08/24,16.02,16.02,15.33,15.46,742813,11598562.00
2022/08/25,15.50,16.16,15.32,16.07,1556128,24654170.00
2022/08/26,16.59,17.28,15.71,16.04,2323288,37754664.00
2022/08/29,15.85,16.31,15.46,16.04,1637867,26100948.00
2022/08/30,16.10,16.10,15.84,15.95,827147,13208006.00
2022/08/31,15.95,16.04,15.70,15.80,1016598,16146661.00
2022/09/01,16.06,16.06,15.65,15.78,781893,12337214.00
2022/09/02,15.60,15.87,15.60,15.87,548200,8640292.00
2022/09/05,15.80,16.02,15.70,15.94,485301,7722550.50
2022/09/06,15.94,15.97,15.86,15.95,466100,7423456.00
2022/09/07,15.98,16.00,15.81,15.93,552800,8788885.00
2022/09/08,15.86,15.93,15.76,15.88,276500,4384132.00
2022/09/09,15.94,16.25,15.80,16.09,932847,15007829.00
2022/09/13,16.11,16.28,16.04,16.26,1037916,16815852.00
2022/09/14,16.08,16.26,16.02,16.20,461990,7462390.00
2022/09/15,16.21,17.08,16.16,16.51,2668976,44077340.00
2022/09/16,16.51,16.54,15.81,15.86,1897789,30680948.00
2022/09/19,15.72,16.16,15.37,15.59,1030395,16114727.00
2022/09/20,15.67,15.87,15.42,15.53,692524,10784327.00
2022/09/21,15.54,16.10,15.40,15.97,982424,15543363.00
2022/09/22,15.80,16.79,15.80,16.47,1788656,29326634.00
2022/09/23,16.45,16.88,16.43,16.81,2456019,40974024.00
2022/09/26,16.68,16.88,16.50,16.51,2033400,33882752.00
2022/09/27,16.62,16.89,16.44,16.78,2653356,44277532.00
2022/09/28,16.76,16.80,15.90,15.91,1732595,28219076.00
2022/09/29,16.09,17.37,16.00,16.52,2909054,48018852.00
2022/09/30,16.52,16.53,15.62,15.69,2176387,34775312.00
2022/10/10,15.72,17.26,15.72,17.26,4149200,70667032.00
2022/10/11,18.98,18.99,17.68,17.98,11516115,213585440.00
2022/10/12,17.05,18.22,17.05,18.02,8034558,139717616.00
2022/10/13,17.40,17.78,17.38,17.50,6059767,106291760.00
2022/10/14,17.55,18.58,17.06,17.72,6075984,107933592.00
2022/10/17,17.54,18.51,17.32,18.20,5559850,99685936.00
2022/10/18,17.94,17.98,17.49,17.91,3995600,70911200.00
2022/10/19,17.60,17.90,17.40,17.79,2999929,52975816.00
2022/10/20,17.70,17.91,17.21,17.68,2914886,51086656.00
2022/10/21,17.58,17.81,17.33,17.42,2226601,38951384.00
2022/10/24,17.61,17.66,16.45,16.56,2996507,50717156.00
2022/10/25,16.46,16.77,16.08,16.73,1979494,32482702.00
2022/10/26,16.73,16.82,16.48,16.63,1764423,29341380.00
2022/10/27,16.45,16.67,16.25,16.32,1904500,31305544.00
2022/10/28,16.25,16.25,15.11,15.19,3049900,47397348.00
2022/10/31,15.19,15.40,15.09,15.39,1046974,15954444.00
2022/11/01,15.40,15.58,15.30,15.58,899181,13909281.00
2022/11/02,15.58,15.66,15.38,15.50,1109888,17246788.00
2022/11/03,15.40,15.73,15.31,15.55,931500,14461628.00
2022/11/04,15.67,15.73,15.49,15.65,1196524,18704274.00
2022/11/07,15.68,15.79,15.60,15.74,1133488,17810314.00
2022/11/08,15.69,15.78,15.54,15.66,909144,14213099.00
2022/11/09,15.73,15.73,15.63,15.69,791166,12402859.00
2022/11/10,15.75,15.75,15.48,15.48,1012900,15736430.00
2022/11/11,15.68,15.95,15.53,15.76,1774866,27967830.00
2022/11/14,15.76,15.95,15.69,15.87,1236400,19559304.00
2022/11/15,15.76,15.96,15.76,15.94,1195200,18990820.00
2022/11/16,15.94,16.00,15.86,15.89,770644,12265057.00
2022/11/17,16.30,16.30,15.93,16.02,1818548,29248534.00
2022/11/18,16.09,16.20,15.91,15.92,1039181,16678064.00
2022/11/21,15.82,15.83,15.60,15.77,793400,12459605.00
2022/11/22,15.76,16.25,15.74,15.97,1162844,18563692.00
2022/11/23,15.97,16.43,15.80,16.24,2253588,36542056.00
2022/11/24,16.01,16.30,16.00,16.10,1102100,17775512.00
2022/11/25,16.07,16.27,16.01,16.14,1150461,18616458.00
2022/11/28,16.05,16.09,15.64,15.94,911213,14497444.00
2022/11/29,15.95,16.19,15.85,16.11,1154100,18540372.00
2022/11/30,16.17,16.18,15.88,15.95,1075123,17242436.00
2022/12/01,16.05,16.15,16.02,16.11,844600,13594898.00
2022/12/02,16.08,16.12,16.02,16.06,690500,11090139.00
2022/12/05,16.15,16.41,16.09,16.41,1870244,30473308.00
2022/12/06,16.44,16.45,16.19,16.22,1131861,18417934.00
2022/12/07,16.26,16.30,16.08,16.13,682300,11017837.00
2022/12/08,16.12,16.27,16.04,16.14,627934,10120136.00
2022/12/09,16.07,16.17,16.03,16.16,720050,11589939.00
2022/12/12,16.11,16.12,15.74,15.82,1008384,15987004.00
2022/12/13,15.83,15.89,15.72,15.82,569650,9006918.00
2022/12/14,15.86,15.93,15.65,15.78,632000,9967311.00
2022/12/15,15.66,15.93,15.63,15.87,630400,9965638.00
2022/12/16,15.83,15.83,15.65,15.67,503761,7912370.50
2022/12/19,15.77,15.77,15.41,15.44,569161,8840086.00
2022/12/20,15.37,15.52,15.36,15.52,373500,5764970.00
2022/12/21,15.47,15.68,15.37,15.38,325200,5027118.00
2022/12/22,15.56,15.56,15.20,15.23,457800,7037561.00
2022/12/23,15.18,15.34,15.15,15.29,343769,5233362.00
2022/12/26,15.20,15.39,15.20,15.36,319500,4890204.00
2022/12/27,15.31,15.46,15.25,15.43,422900,6509824.00
2022/12/28,15.38,15.44,15.29,15.35,392700,6021763.00
2022/12/29,15.35,15.49,15.22,15.26,328300,5015414.00
2022/12/30,15.35,15.55,15.22,15.45,438800,6748588.00
2023/01/03,15.40,15.54,15.32,15.54,530500,8200230.00
2023/01/04,15.59,15.62,15.44,15.57,349437,5427025.50
2023/01/05,15.57,15.62,15.50,15.59,323500,5030761.00
2023/01/06,15.57,15.69,15.49,15.56,451800,7034832.00
2023/01/09,15.56,15.60,15.51,15.58,306500,4766186.00
2023/01/10,15.59,15.60,15.50,15.51,211200,3278305.00
2023/01/11,15.53,15.53,15.32,15.50,345844,5337388.50
2023/01/12,15.45,15.47,15.37,15.42,191600,2953598.00
2023/01/13,15.47,15.52,15.35,15.52,253088,3915950.75
2023/01/16,15.55,15.73,15.48,15.59,507000,7928668.00
2023/01/17,15.55,15.63,15.40,15.59,315200,4908108.00
2023/01/18,15.60,15.73,15.60,15.68,355471,5568388.00
2023/01/19,15.64,15.82,15.63,15.80,420600,6640216.00
2023/01/20,15.88,15.90,15.73,15.80,367019,5797562.00
2023/01/30,15.98,17.28,15.85,16.90,5081912,84952664.00
2023/01/31,16.51,17.73,16.45,17.35,4793672,82619944.00
2023/02/01,17.61,17.75,17.17,17.69,3710494,64873428.00
2023/02/02,17.66,19.46,17.66,19.46,2874315,55796132.00
2023/02/03,20.00,20.98,17.51,18.50,11731741,219111232.00
2023/02/06,17.99,18.00,17.51,17.81,6137296,108904832.00
2023/02/07,17.60,17.94,17.40,17.85,4701311,83196928.00
2023/02/08,17.77,17.78,17.52,17.54,2415573,42549364.00
2023/02/09,17.50,17.58,17.27,17.52,2368200,41242264.00
2023/02/10,17.52,17.76,17.40,17.67,2441899,43009944.00
2023/02/13,17.53,17.76,17.53,17.65,1892300,33398890.00
2023/02/14,17.66,17.79,17.48,17.55,1380012,24235932.00
2023/02/15,17.66,17.77,17.39,17.41,1547235,27086696.00
2023/02/16,17.40,17.47,16.88,16.91,2259599,38800532.00
2023/02/17,16.92,17.07,16.71,16.78,1311100,22139522.00
2023/02/20,16.88,17.11,16.71,17.10,1063900,18084844.00
2023/02/21,17.10,17.22,16.96,17.08,967200,16520386.00
2023/02/22,16.92,17.22,16.92,17.17,882200,15086526.00
2023/02/23,17.17,17.17,16.80,16.91,1238000,20977464.00
2023/02/24,16.97,17.04,16.82,16.98,553668,9375198.00
2023/02/27,17.05,17.05,16.75,16.76,662600,11194574.00
2023/02/28,16.83,18.00,16.83,17.31,2163000,37468224.00
2023/03/01,17.21,17.52,17.16,17.49,1770310,30771784.00
2023/03/02,17.56,17.65,17.33,17.46,1580466,27637518.00
2023/03/03,17.50,17.71,17.38,17.63,1558700,27376856.00
2023/03/06,17.67,18.10,17.67,17.92,3414100,61265520.00
2023/03/07,17.84,18.36,17.71,18.01,3478959,62991916.00
2023/03/08,17.81,18.20,17.62,17.95,2136824,38115776.00
2023/03/09,18.10,18.67,17.78,18.54,4416566,81283488.00
2023/03/10,18.20,18.34,17.80,17.87,3374300,60719772.00
2023/03/13,17.86,18.12,17.66,17.85,2066900,36800388.00
2023/03/14,17.96,17.97,17.47,17.53,1707966,30128108.00
2023/03/15,17.52,17.86,17.52,17.82,1297400,23009198.00
2023/03/16,17.80,17.80,17.37,17.40,1370100,24010490.00
2023/03/17,17.66,17.78,17.35,17.58,1262000,22208722.00
2023/03/20,17.66,17.73,17.16,17.22,1246300,21583818.00
2023/03/21,16.91,17.49,16.91,17.38,1279944,22224196.00
2023/03/22,17.49,18.30,17.35,17.90,2680644,48072452.00
2023/03/23,17.82,17.82,17.46,17.72,1602244,28188098.00
2023/03/24,17.73,17.73,17.20,17.29,1436900,24926084.00
2023/03/27,17.42,17.49,17.04,17.19,1009244,17353756.00
2023/03/28,17.14,17.26,17.07,17.09,599700,10277904.00
2023/03/29,17.10,17.10,16.72,16.85,958000,16154794.00
2023/03/30,17.64,18.54,17.58,18.54,4648266,85118288.00
2023/03/31,19.00,20.20,18.40,18.49,11828789,225686480.00
2023/04/03,18.13,19.22,18.13,18.96,8992344,169193392.00
2023/04/04,18.47,19.13,18.41,18.86,5348277,100564200.00
2023/04/06,18.67,18.93,18.22,18.40,3537644,65292136.00
2023/04/07,18.40,18.40,18.17,18.38,2138813,39112184.00
2023/04/10,18.38,18.56,18.01,18.07,2346084,42802904.00
2023/04/11,18.15,18.30,17.78,18.20,2049400,36987956.00
2023/04/12,18.13,18.59,18.02,18.56,2295484,42161492.00
2023/04/13,18.44,18.83,18.35,18.76,3188100,59519448.00
2023/04/14,18.63,18.96,18.52,18.93,3429784,64551452.00
2023/04/17,18.92,19.27,18.72,18.91,2813000,53257268.00
2023/04/18,18.90,18.90,18.47,18.61,2147444,39968992.00
2023/04/19,18.67,18.81,18.52,18.59,1666900,31112418.00
2023/04/20,18.59,18.95,18.35,18.82,2579600,48154480.00
2023/04/21,18.82,19.12,18.50,18.63,2158544,40597988.00
2023/04/24,18.48,18.89,18.18,18.72,1696744,31472898.00
2023/04/25,18.34,18.68,17.10,17.35,4444500,77990624.00
2023/04/26,17.36,17.68,17.24,17.53,2215407,38728288.00
2023/04/27,17.40,18.14,17.39,17.98,2043300,36585304.00
2023/04/28,17.90,18.49,17.75,18.45,2022918,36801220.00
2023/05/04,18.40,18.79,18.35,18.78,1683600,31437240.00
2023/05/05,18.83,19.57,18.82,19.47,5253280,101508128.00
2023/05/08,19.91,20.18,19.29,19.80,5837931,114958208.00
2023/05/09,19.50,19.89,19.06,19.18,4527345,88014056.00
2023/05/10,19.00,19.20,18.73,18.94,2051700,38816848.00
2023/05/11,18.97,19.71,18.97,19.66,3318831,64598224.00
2023/05/12,19.59,19.59,19.05,19.06,1954944,37518740.00
2023/05/15,19.06,19.25,18.70,18.98,1542944,29212872.00
2023/05/16,18.98,19.05,18.63,18.72,1585147,29746830.00
2023/05/17,18.73,18.98,18.50,18.95,1088700,20477020.00
2023/05/18,18.88,19.56,18.79,19.28,1948944,37379668.00
2023/05/19,19.25,19.38,18.40,18.84,1883655,35345332.00
2023/05/22,18.84,19.08,18.64,18.71,1289406,24216810.00
2023/05/23,18.70,18.79,18.35,18.36,1082600,19987496.00
2023/05/24,18.34,18.68,18.12,18.42,1026800,18912504.00
2023/05/25,18.45,18.45,17.97,18.23,1027900,18643508.00
2023/05/26,18.48,18.59,18.17,18.36,935700,17161660.00
2023/05/29,18.37,18.40,18.09,18.10,793900,14450459.00
2023/05/30,18.10,18.50,17.94,18.20,1100700,20068926.00
2023/05/31,18.12,18.34,18.12,18.22,870500,15875397.00
2023/06/01,18.25,18.54,17.75,18.32,1267700,23005264.00
2023/06/02,18.36,18.54,18.31,18.46,1148100,21187884.00
2023/06/05,18.54,18.71,18.42,18.69,1294600,24093278.00
2023/06/06,18.64,19.15,18.46,18.51,1990600,37317664.00
2023/06/07,18.39,19.05,18.35,18.57,1585443,29611040.00
2023/06/08,18.42,19.14,18.42,18.95,2791700,52815384.00
2023/06/09,18.85,18.99,18.41,18.52,2079480,38783552.00
2023/06/12,18.59,18.59,17.92,18.44,1503400,27394584.00
2023/06/13,18.31,18.49,18.04,18.16,1010300,18367098.00
2023/06/14,18.10,18.27,17.88,17.95,1123741,20242726.00
2023/06/15,17.92,18.12,17.84,18.11,1024200,18441702.00
2023/06/16,17.80,18.43,17.71,17.95,1778034,32144816.00
2023/06/19,18.00,18.14,17.66,17.71,1290675,22987608.00
2023/06/20,17.69,17.75,17.47,17.48,1169800,20520516.00
2023/06/21,17.40,17.48,17.13,17.18,1002600,17328572.00
2023/06/26,17.13,17.13,16.71,16.82,1035544,17447884.00
2023/06/27,16.77,17.47,16.74,17.44,985800,16982620.00
2023/06/28,17.47,17.68,17.19,17.46,830600,14450350.00
2023/06/29,17.45,17.75,17.40,17.63,775800,13669134.00
2023/06/30,18.04,18.39,17.77,18.25,2517800,45654032.00
2023/07/03,18.43,19.34,18.36,19.14,4170600,79205248.00
2023/07/04,19.01,19.65,19.00,19.19,3079289,59237476.00
2023/07/05,19.28,19.45,18.82,18.86,1762200,33619940.00
2023/07/06,18.86,19.06,18.80,18.94,1036900,19648052.00
2023/07/07,18.93,19.14,18.70,18.83,823000,15540925.00
2023/07/10,18.80,18.98,18.60,18.87,908700,17127092.00
2023/07/11,18.91,19.16,18.80,19.14,881100,16775983.00
2023/07/12,19.17,19.38,19.00,19.06,996600,19103492.00
2023/07/13,19.06,19.28,19.05,19.19,871200,16701303.00
2023/07/14,19.19,19.53,19.11,19.29,1472500,28505922.00
2023/07/17,19.19,19.45,19.10,19.25,716600,13772115.00
2023/07/18,19.18,19.39,18.93,19.20,850700,16277722.00
2023/07/19,19.33,19.60,19.09,19.51,1267544,24679540.00
2023/07/20,19.42,19.60,19.10,19.20,954000,18413300.00
2023/07/21,19.24,19.37,18.90,19.25,871200,16765787.00
2023/07/24,19.55,19.57,18.93,19.45,1108200,21487988.00
2023/07/25,19.52,19.80,19.26,19.69,1268200,24899768.00
2023/07/26,19.69,19.94,19.61,19.79,1599500,31658422.00
2023/07/27,19.60,19.79,19.30,19.62,1234529,24192318.00
2023/07/28,19.60,19.81,19.25,19.32,1117000,21674024.00
2023/07/31,19.32,19.69,19.22,19.64,1303029,25391242.00
2023/08/01,19.61,19.85,19.47,19.56,1470800,28956512.00
2023/08/02,19.44,19.75,19.40,19.50,1130600,22105062.00
2023/08/03,19.50,19.68,19.19,19.57,877800,17071088.00
2023/08/04,19.71,19.90,19.30,19.60,1095329,21579322.00
2023/08/07,19.40,19.64,19.13,19.50,853800,16550670.00
2023/08/08,19.54,19.61,19.32,19.47,653600,12742048.00
2023/08/09,19.36,20.40,19.30,19.58,2892280,57325084.00
2023/08/10,19.59,19.64,18.66,19.08,3043713,58329756.00
2023/08/11,19.27,19.67,18.70,18.70,1934944,36835828.00
2023/08/14,18.67,18.88,18.28,18.84,1459344,27092474.00
2023/08/15,18.85,18.94,18.46,18.58,853344,15961782.00
2023/08/16,18.55,18.95,18.08,18.62,791600,14785053.00
2023/08/17,18.62,18.94,18.37,18.90,755969,14100466.00
2023/08/18,19.01,19.44,18.96,19.00,922444,17709260.00
2023/08/21,19.00,19.57,18.96,19.26,1029344,19916694.00
2023/08/22,19.15,19.56,18.87,19.20,1914049,36654652.00
2023/08/23,19.38,19.38,18.62,18.66,997800,18868788.00
2023/08/24,18.60,19.10,18.00,18.06,1387100,25338524.00
2023/08/25,18.01,18.34,17.77,17.85,1030900,18523452.00
2023/08/28,18.82,18.90,18.18,18.27,1531024,28274844.00
2023/08/29,18.18,19.10,18.18,19.10,1368500,25675984.00
2023/08/30,19.10,19.19,18.71,18.78,894500,16907156.00
2023/08/31,18.78,19.05,18.56,18.64,921800,17251884.00
2023/09/01,18.71,18.99,18.52,18.59,821100,15329671.00
2023/09/04,18.69,18.81,18.25,18.46,1045324,19262250.00
2023/09/05,18.70,18.70,18.09,18.19,989800,18037178.00
2023/09/06,18.14,18.22,17.78,17.94,937800,16816192.00
2023/09/07,17.95,18.06,17.70,17.75,1005000,17905268.00
2023/09/08,17.61,17.84,17.60,17.81,580400,10290346.00
2023/09/11,17.81,17.96,17.61,17.88,818700,14607870.00
2023/09/12,17.88,17.91,17.67,17.72,652305,11577580.00
2023/09/13,17.77,17.96,17.70,17.89,787520,14035742.00
2023/09/14,17.89,18.00,17.57,17.66,789500,13997087.00
2023/09/15,17.45,17.89,17.45,17.72,746800,13216080.00
2023/09/18,17.63,17.83,17.30,17.79,966100,17069224.00
2023/09/19,17.82,17.83,17.56,17.64,436453,7729512.00
2023/09/20,17.71,17.79,17.53,17.63,562900,9957202.00
2023/09/21,17.72,17.82,17.45,17.46,692607,12184757.00
2023/09/22,17.46,17.77,17.32,17.76,766614,13531048.00
2023/09/25,17.90,18.08,17.48,17.50,889700,15711722.00
2023/09/26,17.50,17.75,17.36,17.64,663400,11667514.00
2023/09/27,17.60,17.76,17.45,17.72,524600,9262685.00
2023/09/28,17.66,17.81,17.22,17.29,1480400,25778092.00
2023/10/09,17.22,17.35,16.88,16.94,1825900,31171820.00
2023/10/10,16.94,17.06,16.33,16.46,1940400,32253328.00
2023/10/11,16.52,16.61,16.32,16.37,1422415,23342060.00
2023/10/12,16.41,16.52,16.20,16.25,1370848,22326214.00
2023/10/13,16.24,16.27,15.95,16.00,1223720,19670562.00
2023/10/16,16.14,16.16,15.74,15.88,1259920,19958112.00
2023/10/17,15.92,16.05,15.82,15.99,642200,10223367.00
2023/10/18,15.95,15.98,15.65,15.69,819600,12917598.00
2023/10/19,15.61,15.86,15.55,15.65,666100,10466745.00
2023/10/20,15.60,15.83,15.55,15.65,782100,12284788.00
2023/10/23,15.95,15.95,15.16,15.29,1267962,19503684.00
2023/10/24,15.45,15.75,15.25,15.73,1475150,22991340.00
2023/10/25,15.83,16.45,15.83,16.30,1528924,24785182.00
2023/10/26,16.08,16.50,16.08,16.31,1241200,20155668.00
2023/10/27,16.31,16.50,16.21,16.44,924605,15139969.00
2023/10/30,16.50,16.61,16.15,16.25,1310700,21366684.00
2023/10/31,16.20,16.29,16.05,16.13,750300,12093030.00
2023/11/01,16.11,16.16,15.95,15.99,1009300,16174671.00
2023/11/02,15.99,16.15,15.86,15.88,812300,12956195.00
2023/11/03,15.87,16.11,15.83,16.02,728900,11677088.00
2023/11/06,16.08,16.33,16.02,16.30,858505,13905129.00
2023/11/07,16.32,16.34,16.10,16.30,906235,14716560.00
2023/11/08,16.25,16.36,16.16,16.27,802235,13044303.00
2023/11/09,16.24,16.34,16.15,16.23,838951,13617348.00
2023/11/10,16.22,16.22,16.02,16.09,594589,9567107.00
2023/11/13,16.30,16.48,16.13,16.47,1416100,23069412.00
2023/11/14,16.47,16.63,16.33,16.59,1294745,21373550.00
2023/11/15,16.59,16.68,16.41,16.46,999900,16492428.00
2023/11/16,17.03,17.03,16.29,16.44,1555900,25691020.00
2023/11/17,16.45,16.50,16.31,16.43,1072106,17594108.00
2023/11/20,16.44,16.54,16.30,16.50,1033000,16971572.00
2023/11/21,16.50,16.76,16.49,16.60,1329000,22125234.00
2023/11/22,16.66,16.78,16.51,16.54,1199644,19995368.00
2023/11/23,16.56,16.70,16.40,16.69,909520,15059370.00
2023/11/24,16.69,16.69,16.38,16.40,772200,12720981.00
2023/11/27,16.39,16.62,16.31,16.60,1032900,17027012.00
2023/11/28,16.56,16.83,16.44,16.82,1332300,22292816.00
2023/11/29,16.75,16.90,16.56,16.57,1719700,28730268.00
2023/11/30,16.71,16.75,16.40,16.62,1551500,25671892.00
2023/12/01,16.57,16.75,16.42,16.61,1614099,26738374.00
2023/12/04,16.67,17.20,16.48,17.12,2650400,44846600.00
2023/12/05,17.10,17.35,16.91,17.11,3253644,55669976.00
2023/12/06,17.29,17.48,16.90,17.25,3889300,67098056.00
2023/12/07,17.36,17.36,16.80,17.03,2474353,42036588.00
2023/12/08,17.10,17.40,16.73,17.23,4379496,74961320.00
2023/12/11,17.19,17.25,16.75,17.04,4061101,69094840.00
2023/12/12,17.04,17.86,16.90,17.79,7156661,124960608.00
2023/12/13,17.76,17.79,17.29,17.38,4246300,74188640.00
2023/12/14,17.41,17.69,17.25,17.36,3550950,61934188.00
2023/12/15,17.36,17.55,17.13,17.34,2616344,45177580.00
2023/12/18,17.28,17.59,16.96,17.15,2337994,40252588.00
2023/12/19,17.13,17.13,16.62,16.68,2209000,37105432.00
2023/12/20,16.70,16.87,16.62,16.65,1910300,31993558.00
2023/12/21,16.65,16.80,16.35,16.75,2226700,36936032.00
2023/12/22,16.70,16.85,16.44,16.51,2033300,33828356.00
2023/12/25,16.48,17.06,16.40,16.93,3097505,51935188.00
2023/12/26,16.95,17.06,16.57,16.68,2551800,42560148.00
2023/12/27,16.68,16.70,16.18,16.48,2134500,34957048.00
2023/12/28,16.50,16.90,16.32,16.83,2289348,38129500.00
2023/12/29,16.83,17.08,16.12,16.39,4699600,77218416.00
2024/01/02,16.41,16.72,16.15,16.59,3838644,63178960.00
2024/01/03,16.56,16.68,16.43,16.64,2474300,41016320.00
2024/01/04,16.57,16.79,16.50,16.76,2378105,39567772.00
2024/01/05,16.77,17.53,16.77,17.35,6677844,115360408.00
2024/01/08,17.39,17.74,16.95,17.46,5184695,90026096.00
2024/01/09,17.45,17.76,17.22,17.74,3957700,69464696.00
2024/01/10,17.74,18.09,17.51,17.97,5512095,98630040.00
2024/01/11,17.99,18.47,17.78,18.32,4332495,78665280.00
2024/01/12,18.47,18.65,18.27,18.40,3754944,69108056.00
2024/01/15,18.29,19.02,18.23,18.91,4429400,82961720.00
2024/01/16,18.91,19.20,17.84,18.20,7261300,133697248.00
2024/01/17,18.28,18.38,18.01,18.09,2595800,47125496.00
2024/01/18,18.04,18.17,17.30,18.02,2739300,48672836.00
2024/01/19,18.09,18.43,17.95,18.34,2751500,50184280.00
2024/01/22,18.26,18.46,17.46,17.90,3458700,62846936.00
2024/01/23,17.99,18.46,17.75,18.44,4282319,77740328.00
2024/01/24,18.45,18.80,17.63,18.15,6981444,126895088.00
2024/01/25,18.20,18.59,17.82,18.48,4519686,82592048.00
2024/01/26,18.22,18.60,18.11,18.22,2699910,49463828.00
2024/01/29,18.20,18.59,17.87,18.02,2749000,49960960.00
2024/01/30,17.85,18.18,17.55,17.81,2082700,37286496.00
2024/01/31,17.62,17.83,16.80,16.93,2718500,46913268.00
2024/02/01,16.96,16.96,15.24,16.26,7677232,121699112.00
2024/02/02,16.08,16.28,14.88,15.39,5108700,79532752.00
2024/02/05,15.23,15.23,14.00,14.25,4023567,58634644.00
2024/02/06,14.06,14.85,12.86,14.78,4643300,63694516.00
2024/02/07,14.78,14.79,14.04,14.49,3447805,49676560.00
2024/02/08,14.51,14.94,13.84,14.88,4538970,65526340.00
2024/02/19,14.98,15.42,14.93,15.29,3129170,47473508.00
2024/02/20,15.10,15.33,15.10,15.20,1478367,22464136.00
2024/02/21,15.15,15.80,14.99,15.23,3439900,53022432.00
2024/02/22,15.18,15.34,15.01,15.22,2096300,31773280.00
2024/02/23,15.28,15.28,14.68,15.03,4472996,66859060.00
2024/02/26,15.00,15.59,14.96,15.05,5418467,82216304.00
2024/02/27,15.05,15.45,14.91,15.26,4706467,71611352.00
2024/02/28,15.21,15.78,14.90,15.42,9556165,147486480.00
2024/02/29,15.43,15.92,15.35,15.92,7894400,123975368.00
2024/03/01,15.90,15.95,15.66,15.83,5118881,80806304.00
2024/03/04,15.75,16.09,15.50,16.01,4217591,66356164.00
2024/03/05,16.00,16.27,15.83,16.05,4016600,64388024.00
2024/03/06,16.00,16.15,15.58,15.66,4191229,66253348.00
2024/03/07,15.62,15.69,15.25,15.26,3396381,52545504.00
2024/03/08,15.32,15.36,15.05,15.19,2101181,31842840.00
2024/03/11,15.23,15.27,15.08,15.27,1942991,29505792.00
2024/03/12,15.27,15.43,15.12,15.38,2408691,36827036.00
2024/03/13,15.35,15.39,15.15,15.35,2280000,34789248.00
2024/03/14,15.30,15.33,15.03,15.10,2155200,32725040.00
2024/03/15,15.10,15.26,14.96,15.15,1835200,27675704.00
2024/03/18,15.15,15.30,15.09,15.30,2693980,40956152.00
2024/03/19,15.31,15.34,15.14,15.15,2581600,39305160.00
2024/03/20,15.17,15.32,15.07,15.32,2463000,37516376.00
2024/03/21,15.31,15.48,15.12,15.41,3139880,48082228.00
2024/03/22,15.41,15.42,15.00,15.01,3056600,46185272.00
2024/03/25,14.96,15.13,14.69,14.70,2184600,32659108.00
2024/03/26,14.75,14.79,14.42,14.56,1760910,25668954.00
2024/03/27,14.61,14.68,14.43,14.46,1443300,21017004.00
2024/03/28,14.43,14.72,14.43,14.63,1378700,20128044.00
2024/03/29,14.63,14.88,14.61,14.81,1744800,25685594.00
2024/04/01,15.12,15.26,14.90,14.95,3650629,54809864.00
2024/04/02,14.96,15.09,14.91,15.03,2703300,40563396.00
2024/04/03,15.08,15.24,14.95,15.20,2989800,45321076.00
2024/04/08,15.16,15.16,14.78,14.79,2370500,35455464.00
2024/04/09,14.65,14.91,14.65,14.84,1276900,18888760.00
2024/04/10,14.85,14.88,14.49,14.58,2021200,29511830.00
2024/04/11,14.56,14.90,14.45,14.89,1880800,27671222.00
2024/04/12,14.80,14.89,14.54,14.57,1285300,18901984.00
2024/04/15,14.50,14.74,14.14,14.44,1959300,28332144.00
2024/04/16,14.36,14.43,13.99,14.01,2222000,31366870.00
2024/04/17,14.01,14.65,14.01,14.63,2043300,29582728.00
2024/04/18,14.67,15.41,14.67,15.24,5590300,84397712.00
2024/04/19,15.49,16.10,14.97,16.00,12833373,200548720.00
2024/04/22,15.88,16.29,15.14,15.22,7958924,123563416.00
2024/04/23,15.32,15.80,15.32,15.64,7588200,118462576.00
2024/04/24,15.20,16.68,14.96,16.61,13116425,210729920.00
2024/04/25,16.30,16.85,16.12,16.59,9887175,162632400.00
2024/04/26,16.52,16.99,16.09,16.20,11632270,192072896.00
2024/04/29,15.79,15.89,15.49,15.78,7697220,120837848.00
2024/04/30,15.70,15.73,15.23,15.36,5242600,80848040.00
2024/05/06,15.46,15.66,15.46,15.62,3657200,56889692.00
2024/05/07,15.59,17.18,15.46,17.18,14434376,239413952.00
2024/05/08,17.11,18.30,16.83,17.04,22739744,398662144.00
2024/05/09,16.95,17.22,16.62,16.78,11120000,186667872.00
2024/05/10,16.77,16.90,16.48,16.52,6799400,112998792.00
2024/05/13,16.41,16.68,16.18,16.65,6253500,103261712.00
2024/05/14,16.65,16.70,16.20,16.33,5137000,84098016.00
2024/05/15,16.29,16.45,16.19,16.35,3393300,55436904.00
2024/05/16,16.28,16.74,16.22,16.50,5858200,97038864.00
2024/05/17,16.71,17.04,16.59,16.99,10370400,175132656.00
2024/05/20,16.99,17.16,16.63,16.81,7670800,129187264.00
2024/05/21,16.71,16.96,16.65,16.84,3456100,58147524.00
2024/05/22,16.97,17.00,16.66,16.85,4045876,68153704.00
2024/05/23,17.50,18.28,16.95,17.05,16491174,289537504.00
2024/05/24,16.70,17.65,16.37,17.02,10464476,176691600.00
2024/05/27,16.79,17.51,16.26,17.24,9058400,153710432.00
2024/05/28,17.04,17.28,16.91,17.09,3800600,64942340.00
2024/05/29,16.51,16.72,16.07,16.08,4753800,77828824.00
2024/05/30,15.80,16.06,15.72,15.85,2889612,45816780.00
2024/05/31,15.82,16.17,15.72,15.90,3194400,50819096.00
2024/06/03,16.09,16.09,15.54,15.62,2726300,43058612.00
2024/06/04,15.58,15.92,15.44,15.88,2785100,43829864.00
2024/06/05,15.93,15.94,15.61,15.61,2154600,33827752.00
2024/06/06,15.59,15.87,14.97,15.02,4647100,71397888.00
2024/06/07,15.00,15.20,14.68,14.90,3240600,48191020.00
2024/06/11,14.99,15.00,14.59,14.80,2469600,36349292.00
2024/06/12,14.72,14.97,14.70,14.92,1441362,21459726.00
2024/06/13,14.93,15.03,14.74,14.82,1598200,23706536.00
2024/06/14,14.80,15.10,14.71,15.06,2453000,36689736.00
2024/06/17,15.10,15.13,14.85,14.88,1916900,28691300.00
2024/06/18,14.80,15.04,14.78,14.95,1596500,23833036.00
2024/06/19,14.99,15.48,14.97,15.24,3617600,55015876.00
2024/06/20,15.10,15.16,14.71,14.80,2274900,33855888.00
2024/06/21,14.71,14.98,14.63,14.87,1436400,21354676.00
2024/06/24,14.80,14.80,14.20,14.23,2672100,38424440.00
2024/06/25,14.19,14.43,14.18,14.21,1869988,26695660.00
2024/06/26,14.23,14.47,14.06,14.40,1380200,19681278.00
2024/06/27,14.31,14.58,14.21,14.23,1685400,24186576.00
2024/06/28,14.26,14.39,14.14,14.18,2926700,41719724.00
2024/07/01,14.17,14.32,14.14,14.29,1982500,28263380.00
2024/07/02,14.28,14.30,14.10,14.15,1563700,22200582.00
2024/07/03,14.10,14.11,13.76,13.80,2346900,32527322.00
2024/07/04,13.83,13.86,13.38,13.42,2107000,28635432.00
2024/07/05,13.48,13.64,13.36,13.55,1382800,18655816.00
2024/07/08,13.53,13.53,13.18,13.20,1352400,17957152.00
2024/07/09,13.18,13.44,12.97,13.42,2359000,31151228.00
2024/07/10,13.36,13.55,13.26,13.39,1699600,22829388.00
2024/07/11,13.55,13.83,13.55,13.82,1879500,25786556.00
2024/07/12,13.80,13.90,13.70,13.76,1117500,15393869.00
2024/07/15,13.79,13.79,13.56,13.64,827800,11278469.00
2024/07/16,13.56,13.61,13.47,13.58,926500,12535347.00
2024/07/17,13.59,13.60,13.45,13.49,767900,10373177.00
2024/07/18,13.51,13.57,13.26,13.45,1157700,15474372.00
2024/07/19,13.39,13.55,13.35,13.52,1094100,14739463.00
2024/07/22,13.50,13.58,13.40,13.47,1003500,13526869.00
2024/07/23,13.47,13.60,13.41,13.41,1143300,15439925.00
2024/07/24,13.35,13.43,13.14,13.16,1242700,16503162.00
2024/07/25,13.17,13.74,13.03,13.55,2068600,27916480.00
2024/07/26,13.58,13.92,13.53,13.72,1478000,20272288.00
2024/07/29,13.64,13.95,13.53,13.92,1677200,23139194.00
2024/07/30,13.92,14.16,13.80,13.98,2197244,30746328.00
2024/07/31,13.95,14.60,13.87,14.50,4373300,62525316.00
2024/08/01,14.82,15.00,14.52,14.88,6121500,90529184.00
2024/08/02,14.68,15.09,14.59,14.79,4307436,63934964.00
2024/08/05,14.60,14.73,14.03,14.03,3146700,45243756.00
2024/08/06,14.14,14.29,14.09,14.26,1459500,20713668.00
2024/08/07,14.30,14.33,14.11,14.13,1267900,17974022.00
2024/08/08,14.16,14.24,13.95,14.17,1376000,19426472.00
2024/08/09,14.17,14.30,13.99,14.06,1760500,24899516.00
2024/08/12,13.92,14.05,13.69,13.78,1609300,22216640.00
2024/08/13,13.86,13.94,13.65,13.92,912700,12602073.00
2024/08/14,13.94,14.18,13.88,13.93,1038400,14548023.00
2024/08/15,13.81,14.06,13.72,13.92,1081200,15020558.00
2024/08/16,13.91,13.98,13.67,13.71,1131800,15631533.00
2024/08/19,13.69,13.79,13.59,13.64,950500,12995369.00
2024/08/20,13.64,13.65,12.80,12.86,4008900,52182440.00
2024/08/21,12.75,12.93,12.67,12.78,1559300,19969702.00
2024/08/22,12.82,12.84,12.40,12.46,1678200,21111658.00
2024/08/23,12.46,12.55,12.35,12.52,1095200,13642294.00
2024/08/26,12.49,12.76,12.49,12.70,1262100,15982916.00
2024/08/27,12.67,12.73,12.39,12.57,1091600,13694781.00
2024/08/28,12.50,12.61,12.45,12.48,1037200,12980616.00
2024/08/29,12.48,12.67,12.41,12.62,938400,11791143.00
2024/08/30,12.60,12.89,12.52,12.70,2933200,37402936.00
2024/09/02,12.67,12.76,12.43,12.44,1705000,21442492.00
2024/09/03,12.40,12.57,12.38,12.50,875500,10936707.00
2024/09/04,12.40,12.52,12.38,12.39,1056400,13128017.00
2024/09/05,12.39,12.52,12.39,12.49,737700,9206039.00
2024/09/06,12.54,12.54,12.31,12.31,961600,11933828.00
2024/09/09,12.31,12.36,12.13,12.21,950500,11608036.00
2024/09/10,12.26,12.30,12.02,12.25,907400,11047154.00
2024/09/11,12.27,12.29,12.12,12.16,551300,6719680.00
2024/09/12,12.18,12.33,12.04,12.05,1371600,16761000.00
2024/09/13,12.10,12.16,11.85,11.86,1271800,15202318.00
2024/09/18,11.86,11.94,11.68,11.89,1132700,13336586.00
2024/09/19,11.89,12.19,11.88,12.04,1428400,17238408.00
2024/09/20,12.04,12.12,11.88,11.96,1014400,12131294.00
2024/09/23,11.91,12.05,11.81,12.01,956100,11426480.00
2024/09/24,12.10,12.47,12.06,12.43,2004100,24670980.00
2024/09/25,12.53,12.78,12.48,12.53,2078600,26261032.00
2024/09/26,12.51,12.97,12.46,12.96,2485800,31749050.00
2024/09/27,13.11,13.77,12.96,13.55,4837200,64604956.00
2024/09/30,13.97,14.75,13.65,14.64,7498896,106719232.00
2024/10/08,16.00,16.02,14.17,15.01,9947196,149610240.00
2024/10/09,14.65,14.75,13.63,13.65,5883140,82718320.00
2024/10/10,13.80,14.31,13.50,13.95,4224200,59113476.00
2024/10/11,13.80,13.94,13.42,13.53,2454200,33508586.00
2024/10/14,13.68,13.92,13.50,13.86,2461100,33804456.00
2024/10/15,13.77,14.00,13.67,13.70,2181000,30166444.00
2024/10/16,13.59,14.08,13.55,13.88,1964000,27166316.00
2024/10/17,13.93,13.97,13.60,13.61,2092200,28812602.00
2024/10/18,13.61,13.97,13.45,13.80,2364400,32456596.00
2024/10/21,13.85,14.04,13.77,13.99,3172600,44121120.00
2024/10/22,14.08,14.45,14.08,14.22,3069762,43635680.00
2024/10/23,14.23,14.32,14.11,14.17,2064800,29351328.00
2024/10/24,14.15,14.16,13.94,14.00,1551100,21762412.00
2024/10/25,14.05,14.18,14.05,14.12,1827544,25800384.00
2024/10/28,14.23,15.53,14.23,15.53,9171095,139719024.00
2024/10/29,16.20,16.69,15.83,16.28,19079613,312321504.00
2024/10/30,16.15,16.44,15.78,16.02,8840176,142329040.00
2024/10/31,16.10,17.62,16.10,16.98,15069597,255019024.00
2024/11/01,17.00,17.47,15.90,16.75,9790067,163170160.00
2024/11/04,16.57,17.60,16.48,17.10,7310400,124448664.00
2024/11/05,17.11,17.21,16.70,16.98,7319100,123728336.00
2024/11/06,17.20,17.35,16.61,16.74,6079500,103082952.00
2024/11/07,16.49,17.07,16.49,17.00,5061944,84873216.00
2024/11/08,17.12,17.15,16.26,16.33,5898676,97714944.00
2024/11/11,16.23,16.44,16.15,16.34,4001700,65217776.00
2024/11/12,16.35,16.43,15.77,15.89,4570000,73456472.00
2024/11/13,16.00,16.18,15.66,16.01,3268800,52022160.00
2024/11/14,16.13,16.20,15.78,15.83,2603700,41617512.00
2024/11/15,15.79,15.94,15.31,15.34,2726671,42644848.00
2024/11/18,15.43,15.73,15.01,15.16,2687900,41034144.00
2024/11/19,15.24,15.63,15.06,15.37,2430071,37071696.00
2024/11/20,15.37,15.50,15.25,15.50,2498044,38480400.00
2024/11/21,15.41,15.97,15.41,15.63,3790607,59303716.00
2024/11/22,15.63,15.63,15.02,15.05,2674544,41061720.00
数据来源:通达信
