002999 天禾股份 日线 不复权
      日期	    开盘	    最高	    最低	    收盘	    成交量	    成交额
2020/09/03,7.94,9.53,7.94,9.53,270728,2572040.75
2020/09/04,10.48,10.48,10.48,10.48,84898,889731.06
2020/09/07,11.53,11.53,11.53,11.53,101809,1173857.75
2020/09/08,12.68,12.68,12.68,12.68,262020,3322413.50
2020/09/09,13.95,13.95,13.95,13.95,431299,6016621.00
2020/09/10,15.35,15.35,15.35,15.35,207524,3185493.50
2020/09/11,16.89,16.89,13.82,14.46,35755995,530374016.00
2020/09/14,14.05,14.50,13.50,14.05,23910902,334752128.00
2020/09/15,13.95,14.33,13.00,13.28,23174009,315198304.00
2020/09/16,13.04,13.67,12.82,13.44,15517497,206039248.00
2020/09/17,13.24,13.65,12.90,13.28,13593807,179907872.00
2020/09/18,13.25,13.44,12.90,13.13,10315011,135155328.00
2020/09/21,13.11,14.10,13.04,13.59,18329458,249872496.00
2020/09/22,13.50,13.50,13.00,13.14,11444161,151891264.00
2020/09/23,13.19,13.88,13.19,13.47,15537669,210657104.00
2020/09/24,13.22,14.82,13.21,13.98,25375276,356469440.00
2020/09/25,13.81,13.96,12.91,13.01,17752112,234857712.00
2020/09/28,12.80,12.80,11.72,11.79,11522321,139719136.00
2020/09/29,11.84,12.04,11.69,11.79,5672240,67239928.00
2020/09/30,11.84,11.94,11.33,11.58,5172377,60076900.00
2020/10/09,11.72,12.03,11.64,11.87,6107233,72360328.00
2020/10/12,11.90,12.29,11.89,12.27,7384785,89745176.00
2020/10/13,12.43,12.48,12.03,12.30,6906123,84818672.00
2020/10/14,12.30,12.42,12.12,12.20,5695537,69719264.00
2020/10/15,12.29,12.29,11.72,11.74,6394585,76194992.00
2020/10/16,11.77,11.86,11.69,11.78,3248701,38208312.00
2020/10/19,11.81,12.09,11.72,11.94,4812290,57325228.00
2020/10/20,11.89,12.06,11.72,12.01,3763820,44729764.00
2020/10/21,11.95,12.40,11.95,12.14,6401864,77935904.00
2020/10/22,12.16,12.32,11.94,12.02,6300318,76120424.00
2020/10/23,12.17,12.38,12.03,12.11,7469338,91148448.00
2020/10/26,12.04,12.04,11.68,11.77,5078387,60041220.00
2020/10/27,11.74,11.84,11.33,11.58,4539518,52529736.00
2020/10/28,11.59,11.59,11.26,11.40,3517982,40100992.00
2020/10/29,11.15,11.25,11.03,11.16,4414897,49302088.00
2020/10/30,11.20,11.22,10.60,10.63,5605255,61103760.00
2020/11/02,10.73,10.75,10.55,10.72,3093058,32947396.00
2020/11/03,10.73,11.13,10.70,11.04,3493559,38223760.00
2020/11/04,10.99,11.15,10.94,11.11,3437721,37976492.00
2020/11/05,11.22,12.18,11.22,11.93,12428353,145077760.00
2020/11/06,11.74,12.37,11.74,11.82,9793749,117422880.00
2020/11/09,11.88,12.04,11.73,12.02,9867884,117542880.00
2020/11/10,12.05,12.48,12.03,12.27,12004486,146996368.00
2020/11/11,12.12,13.16,12.10,12.70,19243707,242170064.00
2020/11/12,12.65,12.65,12.18,12.28,8316944,102580936.00
2020/11/13,12.10,12.58,11.91,12.42,7986632,98146424.00
2020/11/16,12.37,12.88,12.28,12.75,9131303,115569608.00
2020/11/17,12.75,13.04,12.51,12.60,8419986,107588216.00
2020/11/18,12.54,12.76,12.45,12.68,6037917,76067928.00
2020/11/19,12.63,12.76,12.39,12.45,5045515,63229092.00
2020/11/20,12.48,12.50,12.17,12.30,4474428,55168780.00
2020/11/23,12.30,12.49,12.16,12.41,3864536,47786280.00
2020/11/24,12.40,12.40,12.17,12.25,3453833,42303060.00
2020/11/25,12.30,12.37,12.05,12.10,3443461,42057296.00
2020/11/26,12.06,12.25,12.06,12.13,2143528,26029474.00
2020/11/27,12.10,12.14,11.78,11.95,3059610,36616856.00
2020/11/30,11.97,12.36,11.93,12.30,3659825,44581600.00
2020/12/01,12.31,12.64,12.29,12.53,5904095,73616240.00
2020/12/02,12.52,12.87,12.50,12.79,8175478,103724616.00
2020/12/03,12.79,12.89,12.60,12.71,5732372,72858144.00
2020/12/04,12.75,12.75,12.45,12.64,4060254,51038548.00
2020/12/07,12.53,12.72,12.45,12.50,2793416,35126488.00
2020/12/08,12.53,12.58,12.41,12.47,2263427,28295240.00
2020/12/09,12.47,12.55,12.06,12.06,3474938,42599688.00
2020/12/10,12.00,12.18,11.92,11.98,2559518,30798858.00
2020/12/11,12.00,12.08,11.34,11.50,3484533,40548004.00
2020/12/14,11.37,11.55,11.30,11.50,2544000,29033922.00
2020/12/15,11.46,11.59,11.32,11.47,1755648,20090848.00
2020/12/16,11.47,11.47,11.22,11.33,1799753,20384220.00
2020/12/17,11.21,11.48,10.97,11.44,2647063,29734426.00
2020/12/18,11.44,11.45,11.08,11.22,1622587,18301598.00
2020/12/21,11.44,11.72,11.27,11.44,2678200,30603892.00
2020/12/22,11.33,11.38,10.91,11.01,2664582,29670674.00
2020/12/23,11.01,11.03,10.80,10.87,2162100,23559758.00
2020/12/24,10.84,11.23,10.71,10.88,3475371,38031072.00
2020/12/25,10.90,11.12,10.68,10.96,2806988,30771672.00
2020/12/28,11.00,11.08,10.65,10.69,2679539,28882722.00
2020/12/29,10.71,11.50,10.59,10.90,4313562,47587472.00
2020/12/30,10.99,11.99,10.88,11.99,11218607,130742928.00
2020/12/31,12.10,12.35,11.65,11.88,11610081,139364432.00
2021/01/04,11.80,11.90,11.60,11.76,6052300,70996200.00
2021/01/05,11.68,12.24,11.62,11.91,7227612,86070960.00
2021/01/06,11.92,12.18,11.42,11.99,6874354,80850104.00
2021/01/07,11.87,11.90,11.30,11.30,5274796,61133556.00
2021/01/08,11.34,11.40,10.77,10.77,4493212,49250556.00
2021/01/11,10.83,11.00,10.60,10.87,4542515,49247336.00
2021/01/12,10.84,10.95,10.38,10.45,5183290,55086136.00
2021/01/13,10.38,10.49,9.96,10.08,5127708,51927960.00
2021/01/14,10.00,10.21,9.96,10.18,2118200,21393992.00
2021/01/15,10.22,10.52,10.15,10.44,2223684,23098796.00
2021/01/18,10.40,10.58,10.34,10.39,2350869,24568094.00
2021/01/19,10.40,10.67,10.34,10.56,2376514,25077702.00
2021/01/20,10.58,10.68,10.43,10.68,2131679,22538426.00
2021/01/21,10.72,10.72,10.57,10.69,1639926,17469140.00
2021/01/22,10.69,10.75,10.36,10.37,2132396,22391506.00
2021/01/25,10.20,10.50,10.12,10.49,2322300,23806078.00
2021/01/26,10.28,11.53,10.20,10.77,3949983,42474196.00
2021/01/27,10.59,10.83,10.44,10.79,2706909,28885392.00
2021/01/28,10.60,11.08,10.60,10.65,2933753,31794954.00
2021/01/29,10.63,10.84,10.10,10.14,2973092,30673732.00
2021/02/01,10.01,10.49,9.99,10.38,3614896,36953340.00
2021/02/02,10.28,10.65,10.25,10.52,2920129,30630348.00
2021/02/03,10.45,10.61,10.26,10.39,1865479,19437572.00
2021/02/04,10.33,10.38,10.00,10.32,2264934,23067388.00
2021/02/05,10.40,10.93,10.35,10.56,4212534,44837832.00
2021/02/08,10.60,10.76,10.19,10.28,4054246,42093864.00
2021/02/09,10.19,10.42,10.06,10.33,2316483,23819426.00
2021/02/10,10.26,10.35,10.11,10.25,2477566,25263386.00
2021/02/18,10.28,10.55,10.28,10.51,3376861,35205460.00
2021/02/19,10.41,10.86,10.40,10.80,4554546,48792120.00
2021/02/22,11.18,11.47,11.00,11.11,7791248,87419440.00
2021/02/23,11.09,11.44,10.95,11.43,6799224,76421688.00
2021/02/24,11.45,11.85,11.22,11.39,7943857,91980304.00
2021/02/25,11.23,11.50,10.98,11.00,4561391,50873224.00
2021/02/26,10.97,12.10,10.86,12.10,9689941,115319200.00
2021/03/01,13.20,13.31,13.01,13.31,6338072,83855272.00
2021/03/02,13.73,14.28,12.83,12.86,28111180,379444480.00
2021/03/03,12.19,13.79,12.06,13.30,19773260,255912192.00
2021/03/04,12.93,13.33,12.35,12.48,12737351,161914816.00
2021/03/05,12.48,12.58,11.78,11.97,9837161,118044168.00
2021/03/08,11.99,12.16,11.47,11.65,7683109,90245288.00
2021/03/09,11.70,11.70,11.01,11.16,5591286,63362480.00
2021/03/10,11.24,11.67,11.22,11.30,5273436,60228392.00
2021/03/11,11.16,11.39,11.00,11.39,4717200,52879712.00
2021/03/12,11.24,11.47,11.10,11.30,3571400,40273152.00
2021/03/15,11.29,11.53,11.20,11.46,3914600,44568672.00
2021/03/16,11.46,11.56,11.21,11.31,3853400,43652360.00
2021/03/17,11.22,11.85,11.21,11.65,8289740,96576728.00
2021/03/18,11.48,11.56,11.32,11.56,5255712,60061692.00
2021/03/19,11.31,11.95,11.30,11.83,7358063,86226160.00
2021/03/22,11.90,12.16,11.60,11.98,7580235,89904056.00
2021/03/23,11.90,11.94,11.45,11.50,6088600,71102496.00
2021/03/24,11.36,11.49,11.03,11.09,5537110,62027540.00
2021/03/25,11.01,11.55,11.01,11.19,3763084,42537260.00
2021/03/26,11.20,11.23,10.80,11.09,4991596,54696196.00
2021/03/29,11.00,11.17,10.90,11.07,3365201,37051660.00
2021/03/30,11.05,11.42,11.04,11.41,5123128,57684744.00
2021/03/31,11.50,12.14,11.41,11.85,8862796,104692816.00
2021/04/01,11.85,13.04,11.78,12.21,14871306,186701664.00
2021/04/02,11.87,12.52,11.87,12.30,11352719,138169280.00
2021/04/06,12.30,12.88,12.22,12.28,8268655,102308096.00
2021/04/07,12.47,12.79,12.25,12.69,10590109,132788456.00
2021/04/08,12.72,13.66,12.50,12.56,13571666,173867504.00
2021/04/09,12.48,12.72,12.33,12.53,6879765,86061424.00
2021/04/12,12.70,13.78,12.22,13.78,10575734,141627856.00
2021/04/13,14.00,14.00,12.60,12.60,20370530,271246176.00
2021/04/14,12.37,12.55,11.92,12.45,13510959,165617584.00
2021/04/15,12.45,13.35,12.05,12.73,13057079,163911152.00
2021/04/16,12.54,14.00,12.40,14.00,18881852,257884144.00
2021/04/19,13.55,13.78,13.21,13.29,19631072,264855632.00
2021/04/20,13.26,13.65,13.22,13.32,13851318,186073680.00
2021/04/21,13.15,13.39,12.84,12.98,9409055,122416272.00
2021/04/22,12.95,13.08,12.61,12.76,7748528,99222984.00
2021/04/23,12.76,12.77,12.22,12.35,6822225,84904272.00
2021/04/26,12.35,12.68,12.23,12.32,5433598,67644872.00
2021/04/27,12.58,12.63,11.88,11.94,5753560,69724352.00
2021/04/28,11.99,12.01,11.72,11.84,4053597,47918428.00
2021/04/29,12.00,12.19,11.77,11.79,4934227,59125708.00
2021/04/30,11.79,11.84,11.51,11.54,3744764,43609784.00
2021/05/06,11.55,11.66,11.49,11.60,2550633,29557478.00
2021/05/07,11.68,11.68,11.20,11.24,3624047,41124468.00
2021/05/10,11.26,11.40,11.20,11.35,2070578,23380254.00
2021/05/11,11.32,11.35,11.12,11.32,2258731,25373908.00
2021/05/12,11.30,11.65,11.01,11.62,7526978,85225920.00
2021/05/13,11.63,11.73,11.45,11.54,4409221,51087392.00
2021/05/14,11.39,11.66,11.39,11.55,2703396,31151064.00
2021/05/17,11.52,11.52,11.26,11.28,2951125,33411420.00
2021/05/18,11.29,11.61,11.29,11.50,2853660,32844590.00
2021/05/19,11.58,11.93,11.54,11.77,5571917,65603840.00
2021/05/20,11.68,11.86,11.51,11.74,3397696,39712004.00
2021/05/21,11.68,12.00,11.68,11.87,4158831,49317032.00
2021/05/24,12.02,12.02,11.64,11.68,3773223,44415740.00
2021/05/25,11.58,11.76,11.55,11.71,2644954,30815426.00
2021/05/26,11.68,11.93,11.60,11.85,3897100,45637816.00
2021/05/27,11.86,11.91,11.76,11.87,3004890,35566172.00
2021/05/28,11.94,12.05,11.70,11.75,4113323,48984052.00
2021/05/31,11.68,11.83,11.67,11.80,2302288,27089262.00
2021/06/01,11.76,11.95,11.71,11.88,2699500,32016340.00
2021/06/02,11.93,12.32,11.86,12.27,7768942,94493064.00
2021/06/03,12.30,12.41,12.07,12.14,5840913,71214856.00
2021/06/04,8.58,8.67,8.25,8.35,7508969,63090204.00
2021/06/07,8.33,8.40,8.12,8.22,5797159,47593008.00
2021/06/08,8.20,8.25,8.06,8.15,3979148,32461296.00
2021/06/09,8.16,8.47,8.15,8.31,5544852,46105316.00
2021/06/10,8.23,8.30,8.17,8.18,3714871,30527488.00
2021/06/11,8.18,8.38,8.13,8.19,4751403,39277664.00
2021/06/15,8.19,8.20,7.88,7.93,5314662,42464552.00
2021/06/16,7.94,8.09,7.83,7.92,3192891,25436494.00
2021/06/17,7.91,7.98,7.82,7.85,2617381,20680248.00
2021/06/18,7.82,7.97,7.77,7.91,2563037,20142400.00
2021/06/21,7.85,8.21,7.85,8.15,5335978,43119868.00
2021/06/22,8.12,8.24,8.07,8.08,4835560,39295008.00
2021/06/23,8.08,8.16,8.03,8.07,3431646,27728472.00
2021/06/24,8.07,8.10,7.93,7.95,3024363,24151012.00
2021/06/25,7.95,8.02,7.85,7.96,2593260,20522704.00
2021/06/28,7.98,8.00,7.83,7.84,4027020,31765528.00
2021/06/29,7.84,7.96,7.75,7.80,3049454,23823696.00
2021/06/30,7.80,7.83,7.71,7.75,2494466,19345428.00
2021/07/01,7.73,7.79,7.66,7.66,2449439,18890906.00
2021/07/02,7.66,7.69,7.42,7.43,3575827,26900298.00
2021/07/05,7.44,7.57,7.40,7.57,2166123,16288786.00
2021/07/06,7.56,7.63,7.51,7.58,1798111,13613583.00
2021/07/07,7.58,7.61,7.53,7.59,1810700,13722583.00
2021/07/08,7.61,7.62,7.38,7.39,3429140,25597306.00
2021/07/09,7.46,7.53,7.32,7.52,2225620,16571301.00
2021/07/12,7.55,7.68,7.53,7.63,3381964,25798126.00
2021/07/13,7.63,7.73,7.53,7.70,3071508,23491264.00
2021/07/14,7.65,7.65,7.49,7.51,2919720,22072644.00
2021/07/15,7.50,7.60,7.35,7.43,2131981,15791665.00
2021/07/16,7.43,7.43,7.35,7.38,1780966,13157987.00
2021/07/19,7.38,7.46,7.31,7.39,1939800,14295009.00
2021/07/20,7.37,7.37,7.23,7.27,2464703,17922938.00
2021/07/21,7.27,7.32,7.24,7.28,1830800,13330306.00
2021/07/22,7.28,7.30,7.20,7.26,2141788,15483482.00
2021/07/23,7.26,7.27,7.16,7.16,2293015,16498608.00
2021/07/26,7.16,7.26,7.10,7.25,3323878,23910434.00
2021/07/27,7.25,7.29,6.98,7.01,3314480,23571376.00
2021/07/28,7.02,7.02,6.68,6.72,2514102,17021620.00
2021/07/29,6.72,6.85,6.72,6.80,1874458,12743629.00
2021/07/30,6.80,6.84,6.67,6.80,2019083,13660593.00
2021/08/02,6.86,7.01,6.80,7.00,2736495,19005456.00
2021/08/03,6.95,7.13,6.94,6.99,2375340,16736626.00
2021/08/04,7.09,7.09,6.95,6.99,1493720,10438602.00
2021/08/05,6.96,6.96,6.83,6.88,1808340,12423390.00
2021/08/06,6.83,7.18,6.81,7.03,3178411,22229908.00
2021/08/09,6.99,7.13,6.99,7.08,2152355,15190062.00
2021/08/10,7.00,7.39,7.00,7.17,5854344,42258320.00
2021/08/11,7.17,7.19,7.07,7.10,2505375,17819006.00
2021/08/12,7.06,7.20,7.06,7.09,1704840,12106443.00
2021/08/13,7.10,7.11,7.01,7.08,2006034,14149465.00
2021/08/16,7.04,7.26,7.04,7.19,2879981,20644176.00
2021/08/17,7.17,7.20,7.04,7.08,2748040,19552756.00
2021/08/18,7.06,7.18,6.91,7.15,3555460,25064276.00
2021/08/19,7.10,7.16,6.95,6.97,2889494,20284022.00
2021/08/20,6.96,6.98,6.84,6.91,1805860,12439030.00
2021/08/23,6.90,7.09,6.90,7.02,2201880,15453821.00
2021/08/24,7.01,7.09,6.97,7.04,2303572,16214587.00
2021/08/25,7.06,7.21,7.01,7.18,3885374,27705422.00
2021/08/26,7.07,7.19,7.07,7.12,3508614,25030796.00
2021/08/27,7.15,7.16,7.06,7.08,2255360,16004288.00
2021/08/30,7.06,7.13,6.93,6.94,2873020,20118974.00
2021/08/31,6.93,6.97,6.80,6.89,2498026,17188756.00
2021/09/01,6.87,7.18,6.82,7.17,5780171,40627488.00
2021/09/02,7.12,7.12,6.93,6.97,4461750,31224598.00
2021/09/03,6.94,6.94,6.75,6.88,8013715,54934524.00
2021/09/06,6.82,6.89,6.79,6.79,6050100,41225640.00
2021/09/07,6.79,6.83,6.77,6.82,5561060,37817984.00
2021/09/08,6.82,7.04,6.79,7.02,9743357,67425344.00
2021/09/09,6.96,6.99,6.89,6.94,6200060,42999652.00
2021/09/10,6.96,6.98,6.86,6.91,4325706,29955736.00
2021/09/13,6.91,7.04,6.84,7.02,6821026,47463948.00
2021/09/14,7.06,7.08,6.84,6.87,7086800,49286212.00
2021/09/15,6.86,7.00,6.83,6.97,3790986,26308678.00
2021/09/16,6.98,7.13,6.98,7.05,9388185,66200072.00
2021/09/17,6.98,7.14,6.87,7.00,7888669,55091432.00
2021/09/22,6.95,7.08,6.90,7.08,5318908,37115272.00
2021/09/23,7.09,7.28,7.04,7.28,10395600,74537496.00
2021/09/24,7.25,7.27,7.11,7.13,7114882,50914148.00
2021/09/27,7.10,7.12,6.77,6.86,8162715,56303260.00
2021/09/28,6.86,6.90,6.72,6.85,3957800,26887380.00
2021/09/29,6.80,6.80,6.63,6.63,4298520,28767550.00
2021/09/30,6.64,6.73,6.64,6.70,2067135,13840491.00
2021/10/08,6.74,6.84,6.71,6.81,2518700,17089696.00
2021/10/11,6.82,6.89,6.76,6.82,2208900,15070369.00
2021/10/12,6.78,6.78,6.66,6.71,2697775,18126852.00
2021/10/13,6.69,6.73,6.67,6.72,1429953,9567838.00
2021/10/14,6.72,6.79,6.68,6.71,1538360,10331592.00
2021/10/15,6.75,6.77,6.67,6.67,1707140,11467738.00
2021/10/18,6.68,6.70,6.61,6.70,1862900,12397216.00
2021/10/19,6.69,6.75,6.69,6.71,1606060,10796999.00
2021/10/20,6.76,6.77,6.72,6.73,1727020,11638817.00
2021/10/21,6.74,6.74,6.65,6.67,2058280,13756327.00
2021/10/22,6.67,6.71,6.61,6.62,1610840,10701072.00
2021/10/25,6.60,6.70,6.60,6.63,1330598,8834087.00
2021/10/26,6.62,6.63,6.50,6.51,2537580,16659162.00
2021/10/27,6.51,6.53,6.29,6.32,2623723,16658018.00
2021/10/28,6.29,6.35,6.05,6.11,2844220,17557112.00
2021/10/29,6.11,6.21,6.08,6.18,2027435,12482050.00
2021/11/01,6.18,6.25,6.16,6.23,1265030,7858762.50
2021/11/02,6.25,6.27,6.10,6.11,1942670,11992610.00
2021/11/03,6.10,6.18,6.06,6.16,1233710,7573548.50
2021/11/04,6.19,6.24,6.14,6.22,1897620,11754560.00
2021/11/05,6.23,6.27,6.17,6.21,1286320,7972165.50
2021/11/08,6.21,6.22,6.13,6.19,1114957,6887656.50
2021/11/09,6.19,6.26,6.19,6.23,2024683,12627468.00
2021/11/10,6.24,6.28,6.19,6.24,2701874,16833160.00
2021/11/11,6.24,6.34,6.21,6.28,3118997,19610440.00
2021/11/12,6.25,6.30,6.21,6.30,2129500,13326292.00
2021/11/15,6.30,6.44,6.23,6.40,3151939,20011864.00
2021/11/16,6.41,6.41,6.32,6.35,1698935,10813669.00
2021/11/17,6.34,6.40,6.31,6.40,1862880,11849549.00
2021/11/18,6.39,6.42,6.29,6.29,2040720,12956125.00
2021/11/19,6.30,6.38,6.20,6.35,2659398,16751210.00
2021/11/22,6.35,6.38,6.30,6.38,2148888,13642745.00
2021/11/23,6.38,6.39,6.33,6.34,1892300,12032184.00
2021/11/24,6.34,6.43,6.29,6.42,3549794,22648556.00
2021/11/25,6.42,6.53,6.36,6.45,3486420,22494062.00
2021/11/26,6.45,6.45,6.36,6.38,2367235,15122996.00
2021/11/29,6.31,6.32,6.27,6.30,2301111,14474085.00
2021/11/30,6.38,6.55,6.35,6.51,5827805,37664412.00
2021/12/01,6.49,6.60,6.44,6.60,3834503,25150040.00
2021/12/02,6.60,6.66,6.54,6.55,3181760,20983890.00
2021/12/03,6.55,6.58,6.48,6.55,2240780,14615167.00
2021/12/06,6.53,6.55,6.39,6.40,2574240,16623394.00
2021/12/07,6.42,6.51,6.38,6.47,2540401,16405759.00
2021/12/08,6.47,6.53,6.40,6.47,2992915,19322748.00
2021/12/09,6.47,6.55,6.44,6.53,2831222,18422094.00
2021/12/10,6.50,6.78,6.48,6.67,5584481,37172324.00
2021/12/13,6.70,6.70,6.55,6.59,3793374,25035132.00
2021/12/14,6.58,6.65,6.52,6.60,2503481,16464786.00
2021/12/15,6.60,6.61,6.55,6.61,2268200,14941452.00
2021/12/16,6.61,6.75,6.58,6.71,4314140,28828262.00
2021/12/17,6.71,6.74,6.63,6.69,3306352,22056158.00
2021/12/20,6.68,6.74,6.64,6.69,3313230,22189598.00
2021/12/21,6.73,6.85,6.69,6.81,5279980,35767500.00
2021/12/22,6.82,6.92,6.78,6.83,4958328,33968384.00
2021/12/23,6.81,6.85,6.74,6.78,3278308,22243038.00
2021/12/24,6.80,6.83,6.61,6.67,3251796,21729216.00
2021/12/27,6.71,6.97,6.68,6.82,5369935,36589640.00
2021/12/28,6.79,7.02,6.79,7.00,8415670,58308612.00
2021/12/29,7.00,7.02,6.86,6.89,5640092,38978208.00
2021/12/30,6.90,6.99,6.89,6.91,4072292,28202368.00
2021/12/31,6.93,6.93,6.84,6.87,4327291,29747532.00
2022/01/04,6.88,7.06,6.85,7.02,7314364,51151240.00
2022/01/05,7.01,7.08,6.94,7.03,5093650,35648648.00
2022/01/06,7.00,7.11,6.95,7.06,4964620,35068372.00
2022/01/07,7.10,7.10,6.89,6.93,5314975,37142140.00
2022/01/10,6.94,7.06,6.91,7.06,3411175,23962802.00
2022/01/11,7.07,7.14,7.02,7.08,4188340,29667156.00
2022/01/12,7.09,7.11,7.04,7.11,4067923,28795180.00
2022/01/13,7.10,7.21,7.07,7.18,7090440,50747368.00
2022/01/14,7.16,7.23,7.06,7.12,5492608,39155756.00
2022/01/17,7.12,7.32,7.12,7.30,7609896,55014372.00
2022/01/18,7.35,7.35,7.20,7.35,7099220,51629700.00
2022/01/19,7.33,7.91,7.26,7.81,26087116,199898656.00
2022/01/20,7.79,7.79,7.31,7.34,17091285,128290944.00
2022/01/21,7.29,7.44,6.99,7.10,12275091,87788592.00
2022/01/24,6.90,7.17,6.79,7.02,8190543,56967864.00
2022/01/25,6.96,7.05,6.58,6.59,8488981,57360324.00
2022/01/26,6.55,6.72,6.53,6.69,5040683,33388626.00
2022/01/27,6.65,7.02,6.63,6.79,8014284,54592416.00
2022/01/28,6.97,6.98,6.73,6.88,5019940,34479584.00
2022/02/07,6.96,7.01,6.70,6.85,5815623,39919924.00
2022/02/08,6.84,7.30,6.84,7.18,11865637,84829672.00
2022/02/09,7.21,7.25,7.12,7.17,6754715,48450756.00
2022/02/10,7.24,7.89,7.20,7.89,31733571,246785664.00
2022/02/11,7.89,7.91,7.48,7.54,37765498,289506880.00
2022/02/14,7.54,8.29,7.52,8.29,36682803,291244800.00
2022/02/15,8.28,9.12,7.90,8.33,59750502,501431904.00
2022/02/16,7.94,8.33,7.65,8.15,39994268,317141824.00
2022/02/17,7.96,8.50,7.90,8.24,36039944,295434304.00
2022/02/18,8.05,8.23,7.89,8.13,24362113,196566768.00
2022/02/21,8.05,8.76,8.04,8.39,34855407,289939008.00
2022/02/22,8.25,8.80,8.21,8.73,38484435,329488544.00
2022/02/23,9.60,9.60,9.04,9.60,70778919,673008960.00
2022/02/24,8.99,9.35,8.64,8.64,55783413,497429216.00
2022/02/25,8.19,8.38,7.83,7.91,37287499,302263104.00
2022/02/28,7.92,8.14,7.64,7.75,22299006,174233920.00
2022/03/01,7.75,7.85,7.64,7.78,17679860,136417104.00
2022/03/02,7.78,8.15,7.69,8.07,25685594,204492240.00
2022/03/03,7.99,8.10,7.91,7.98,17399062,139021920.00
2022/03/04,7.98,8.63,7.95,8.40,35105738,291793280.00
2022/03/07,8.64,9.24,8.49,8.62,40104692,353664192.00
2022/03/08,8.46,8.49,7.81,7.82,31479719,254980896.00
2022/03/09,7.71,7.94,7.30,7.68,22511308,172577040.00
2022/03/10,7.80,7.95,7.63,7.76,18074962,140911904.00
2022/03/11,7.66,8.18,7.59,8.00,23306316,185113840.00
2022/03/14,7.88,8.34,7.78,7.84,21372960,172204064.00
2022/03/15,7.82,7.98,7.15,7.16,21088004,158029776.00
2022/03/16,7.26,7.38,6.92,7.23,15304740,109569368.00
2022/03/17,7.25,7.44,7.19,7.26,13484346,98581768.00
2022/03/18,7.25,7.45,7.16,7.39,10925148,80183480.00
2022/03/21,7.40,8.13,7.36,8.13,23899947,189302080.00
2022/03/22,8.11,8.27,7.89,8.02,26418452,212384576.00
2022/03/23,8.13,8.14,7.82,7.91,13199734,104911824.00
2022/03/24,7.91,8.27,7.87,8.11,25037692,202991616.00
2022/03/25,8.11,8.51,8.04,8.31,27932174,232426320.00
2022/03/28,8.44,8.74,8.20,8.47,25555206,215249424.00
2022/03/29,8.60,9.09,8.37,8.74,40036940,349709280.00
2022/03/30,8.19,8.54,8.14,8.34,29387935,244596528.00
2022/03/31,8.25,8.50,8.12,8.23,21225700,175896880.00
2022/04/01,8.40,8.47,7.96,7.97,17938701,145694528.00
2022/04/06,8.06,8.34,7.95,8.21,18423521,151188208.00
2022/04/07,8.30,8.43,7.94,8.16,21009023,171886160.00
2022/04/08,8.17,8.50,7.96,8.36,28783900,238394352.00
2022/04/11,8.55,8.67,8.12,8.18,29842979,249455056.00
2022/04/12,8.04,8.36,7.69,8.35,24009832,193430784.00
2022/04/13,8.18,8.80,8.10,8.41,35490354,302974560.00
2022/04/14,8.20,8.70,8.04,8.57,31324300,263733648.00
2022/04/15,8.45,8.52,7.88,8.00,24993620,204177184.00
2022/04/18,7.90,7.90,7.46,7.72,15395534,119015104.00
2022/04/19,7.76,8.49,7.65,8.49,18585392,153758288.00
2022/04/20,8.58,8.91,8.53,8.68,53399477,465193568.00
2022/04/21,8.61,8.89,8.02,8.19,35848728,300213248.00
2022/04/22,8.08,8.21,7.55,7.68,28313328,221468864.00
2022/04/25,7.52,7.52,6.91,6.91,16605180,118319816.00
2022/04/26,6.70,6.85,6.22,6.25,20134111,130678976.00
2022/04/27,6.05,6.60,6.03,6.54,17265977,109028304.00
2022/04/28,6.48,6.80,6.31,6.48,13764351,89532440.00
2022/04/29,6.51,6.70,6.48,6.64,11651394,76852984.00
2022/05/05,6.64,6.90,6.53,6.84,12602484,85300536.00
2022/05/06,6.66,6.81,6.52,6.68,9257160,61905860.00
2022/05/09,6.65,6.78,6.63,6.73,8754620,58626232.00
2022/05/10,6.58,6.73,6.48,6.73,9447710,62607680.00
2022/05/11,6.75,6.93,6.70,6.71,11816900,80674608.00
2022/05/12,6.69,6.79,6.51,6.65,8905740,59157964.00
2022/05/13,6.70,6.80,6.57,6.70,9693886,64768020.00
2022/05/16,6.84,7.37,6.77,7.37,37882584,274665504.00
2022/05/17,7.37,7.58,7.13,7.24,31908986,232436400.00
2022/05/18,7.17,7.42,7.15,7.26,19733940,144356880.00
2022/05/19,7.17,7.37,7.12,7.22,15587439,113082144.00
2022/05/20,7.22,7.50,7.19,7.45,17638778,129762944.00
2022/05/23,7.42,7.85,7.38,7.71,16230139,123902112.00
2022/05/24,7.71,7.88,7.22,7.24,18265520,137616816.00
2022/05/25,7.20,7.41,7.16,7.28,12319115,89531480.00
2022/05/26,7.28,7.30,7.01,7.24,10417620,74628288.00
2022/05/27,7.21,7.37,7.18,7.32,8966480,65099112.00
2022/05/30,7.30,7.55,7.30,7.51,14154440,105341104.00
2022/05/31,7.51,7.89,7.48,7.66,16145260,124530768.00
2022/06/01,7.68,7.77,7.49,7.57,10316720,78716560.00
2022/06/02,7.54,7.57,7.35,7.53,8089960,60451600.00
2022/06/06,7.50,8.02,7.33,7.99,23899100,184706160.00
2022/06/07,7.95,7.95,7.63,7.79,23795800,183877008.00
2022/06/08,7.78,7.94,7.50,7.93,26007810,201027136.00
2022/06/09,7.85,8.72,7.81,8.72,51727420,428048992.00
2022/06/10,8.40,8.54,8.15,8.34,50382934,417972576.00
2022/06/13,8.08,8.21,7.92,8.12,31007026,249868880.00
2022/06/14,8.00,8.03,7.60,7.87,27291791,214122224.00
2022/06/15,7.88,7.93,7.63,7.63,23552020,182596704.00
2022/06/16,7.60,7.63,7.40,7.42,19237806,144045328.00
2022/06/17,7.40,7.53,7.28,7.36,13167560,97333896.00
2022/06/20,7.58,7.65,7.41,7.51,17621694,132800600.00
2022/06/21,7.40,7.43,7.16,7.26,14476300,105676968.00
2022/06/22,7.26,7.32,7.21,7.29,6919420,50282920.00
2022/06/23,7.33,7.38,7.19,7.38,9153815,66784216.00
2022/06/24,7.39,7.43,7.31,7.34,7230020,53217968.00
2022/06/27,7.32,7.41,7.26,7.35,7555155,55423948.00
2022/06/28,7.31,7.54,7.29,7.45,11957685,88673048.00
2022/06/29,7.45,7.45,7.21,7.21,10294760,75196280.00
2022/06/30,7.23,7.43,7.20,7.32,7644319,55905200.00
2022/07/01,7.32,7.46,7.26,7.39,7724959,56921464.00
2022/07/04,7.40,7.42,7.33,7.41,6116420,45090256.00
2022/07/05,7.36,7.47,7.32,7.47,10518243,78038056.00
2022/07/06,7.42,7.45,7.09,7.11,11797839,84980376.00
2022/07/07,7.10,7.14,7.05,7.08,5614734,39828048.00
2022/07/08,7.12,7.12,7.01,7.05,5386974,38029072.00
2022/07/11,7.02,7.08,6.93,6.98,6208448,43304040.00
2022/07/12,6.97,7.03,6.90,7.00,5960938,41507756.00
2022/07/13,7.00,7.06,6.92,7.04,6079320,42537716.00
2022/07/14,7.02,7.05,6.95,6.98,4392328,30747848.00
2022/07/15,6.96,6.99,6.67,6.69,7820839,53123908.00
2022/07/18,6.71,7.10,6.70,6.98,9119274,62872068.00
2022/07/19,6.99,7.12,6.98,7.04,5300138,37355592.00
2022/07/20,7.03,7.08,7.00,7.06,3761219,26509280.00
2022/07/21,7.05,7.10,7.02,7.05,4321100,30504656.00
2022/07/22,7.08,7.12,6.97,7.05,4082864,28773378.00
2022/07/25,7.04,7.10,7.02,7.05,3603189,25426806.00
2022/07/26,7.05,7.06,6.92,7.04,4466252,31201514.00
2022/07/27,7.04,7.09,7.00,7.07,3567570,25162572.00
2022/07/28,7.10,7.17,7.06,7.11,5363322,38183756.00
2022/07/29,7.15,7.15,7.02,7.02,4392800,31094356.00
2022/08/01,7.03,7.05,6.95,7.00,3357960,23476446.00
2022/08/02,6.97,6.97,6.56,6.66,9265986,61850256.00
2022/08/03,6.68,6.82,6.57,6.60,5057700,33978140.00
2022/08/04,6.63,6.70,6.55,6.70,4448785,29540546.00
2022/08/05,6.69,6.75,6.65,6.71,3955600,26453512.00
2022/08/08,6.71,6.77,6.66,6.74,3489106,23485132.00
2022/08/09,6.75,6.77,6.70,6.75,3082751,20760922.00
2022/08/10,6.74,6.77,6.70,6.74,3080714,20762334.00
2022/08/11,6.77,6.89,6.74,6.87,5896649,40292464.00
2022/08/12,6.87,6.94,6.84,6.88,3545000,24416754.00
2022/08/15,6.91,7.00,6.86,6.94,4551361,31481292.00
2022/08/16,6.95,7.04,6.94,7.03,4476680,31316260.00
2022/08/17,7.01,7.07,6.99,7.04,3451486,24248630.00
2022/08/18,7.02,7.03,6.90,6.91,4552806,31584306.00
2022/08/19,7.07,7.27,7.04,7.06,16908212,121146456.00
2022/08/22,7.11,7.23,7.07,7.17,10253140,73398304.00
2022/08/23,7.15,7.19,7.09,7.17,5448039,38903188.00
2022/08/24,7.17,7.24,7.10,7.18,11261206,80859760.00
2022/08/25,7.16,7.20,7.02,7.13,9336717,66304840.00
2022/08/26,7.06,7.27,6.99,7.13,11410180,81472552.00
2022/08/29,7.11,7.84,7.02,7.51,36167911,273274304.00
2022/08/30,7.41,7.52,7.22,7.28,26228341,192740192.00
2022/08/31,7.35,7.36,7.03,7.12,15704062,112021416.00
2022/09/01,7.12,7.24,7.08,7.10,10050440,71810832.00
2022/09/02,7.14,7.19,7.06,7.13,8416904,59862612.00
2022/09/05,7.10,7.43,7.10,7.35,15453780,112277640.00
2022/09/06,7.39,7.55,7.33,7.51,16334721,122175328.00
2022/09/07,7.46,7.51,7.30,7.36,13074380,96262264.00
2022/09/08,7.39,7.41,7.20,7.20,8534100,61976656.00
2022/09/09,7.20,7.28,7.17,7.18,6196200,44695572.00
2022/09/13,7.20,7.27,7.16,7.19,5713260,41183032.00
2022/09/14,7.11,7.17,7.04,7.13,6361860,45141372.00
2022/09/15,7.15,7.18,6.90,7.00,7664700,54002032.00
2022/09/16,7.04,7.04,6.78,6.78,6974675,47894036.00
2022/09/19,6.77,6.84,6.70,6.79,4700975,31829488.00
2022/09/20,6.79,6.88,6.79,6.86,4646526,31777652.00
2022/09/21,6.83,6.95,6.72,6.91,4266626,29263140.00
2022/09/22,6.92,6.95,6.86,6.92,3775500,26112588.00
2022/09/23,6.91,6.94,6.75,6.78,3897620,26619032.00
2022/09/26,6.75,6.75,6.50,6.52,5137680,33950344.00
2022/09/27,6.57,6.63,6.49,6.63,3926180,25781914.00
2022/09/28,6.60,6.65,6.48,6.48,3925546,25771254.00
2022/09/29,6.55,6.59,6.42,6.45,3446600,22426956.00
2022/09/30,6.45,6.50,6.34,6.35,2513373,16102725.00
2022/10/10,6.35,6.43,6.23,6.28,4248560,26892030.00
2022/10/11,6.30,6.42,6.22,6.41,4155069,26272216.00
2022/10/12,6.38,6.59,6.35,6.57,4014171,25901080.00
2022/10/13,6.54,7.23,6.52,7.23,27207055,192683232.00
2022/10/14,7.94,7.95,7.36,7.95,78650455,611272960.00
2022/10/17,7.55,8.75,7.48,8.75,84587979,675062656.00
2022/10/18,8.50,9.30,7.97,8.10,99711428,870886272.00
2022/10/19,7.90,8.19,7.58,7.81,72054060,562011264.00
2022/10/20,7.63,7.72,7.32,7.35,54273059,408772064.00
2022/10/21,7.28,7.34,7.12,7.14,36062895,260447216.00
2022/10/24,7.10,7.21,7.02,7.09,24744770,176031184.00
2022/10/25,7.03,7.08,6.70,6.81,25089801,171325120.00
2022/10/26,6.85,7.06,6.82,6.96,21312720,148066304.00
2022/10/27,6.89,7.17,6.82,7.07,27817501,195635184.00
2022/10/28,7.15,7.36,7.02,7.13,38125105,273581152.00
2022/10/31,7.26,7.74,7.26,7.33,39012571,289558368.00
2022/11/01,7.39,8.06,7.37,8.06,59188629,462260256.00
2022/11/02,8.50,8.87,8.40,8.87,54289248,477490624.00
2022/11/03,9.76,9.76,8.92,9.20,87004465,830880896.00
2022/11/04,8.99,9.64,8.51,9.02,107302589,958930368.00
2022/11/07,8.71,9.69,8.63,9.23,91966964,844429824.00
2022/11/08,9.05,9.43,8.76,8.87,66388768,600838400.00
2022/11/09,8.87,9.76,8.87,9.76,35188889,337436192.00
2022/11/10,10.74,10.74,10.74,10.74,10648737,114367432.00
2022/11/11,11.81,11.81,11.28,11.81,88427013,1035001600.00
2022/11/14,12.50,12.99,11.68,12.42,127262053,1593555584.00
2022/11/15,12.05,12.88,11.20,12.37,107488584,1269095808.00
2022/11/16,11.80,12.12,11.13,11.13,79294025,915111296.00
2022/11/17,10.80,11.39,10.71,11.18,57535551,640670272.00
2022/11/18,11.00,11.10,10.20,10.27,65274960,689881984.00
2022/11/21,10.32,11.27,10.20,11.09,80233711,862602752.00
2022/11/22,10.51,10.75,9.98,9.98,67212813,690450688.00
2022/11/23,10.21,10.38,10.03,10.27,45937341,470051360.00
2022/11/24,10.06,10.47,10.02,10.09,39204293,399772288.00
2022/11/25,9.80,9.96,9.64,9.64,37666445,366965088.00
2022/11/28,9.55,9.91,9.50,9.68,23092585,225247040.00
2022/11/29,9.76,9.95,9.70,9.75,30017980,294439488.00
2022/11/30,9.69,10.58,9.59,10.42,62880865,634808192.00
2022/12/01,10.21,10.23,9.90,9.95,43819284,439145024.00
2022/12/02,9.90,9.92,9.60,9.63,28230189,274322944.00
2022/12/05,9.50,9.70,9.45,9.68,21542109,206694048.00
2022/12/06,9.63,10.11,9.62,10.07,43100101,428574592.00
2022/12/07,9.90,10.23,9.75,9.94,36725097,367228800.00
2022/12/08,9.78,10.01,9.45,9.54,32110460,310150400.00
2022/12/09,9.54,9.54,9.07,9.16,29078870,267622192.00
2022/12/12,9.16,9.40,9.07,9.24,19583340,180206576.00
2022/12/13,9.19,9.25,9.02,9.03,16374669,149255680.00
2022/12/14,9.01,9.29,8.96,9.23,20792120,190116832.00
2022/12/15,9.14,9.54,9.05,9.27,30392147,283411904.00
2022/12/16,9.13,9.19,8.97,9.02,20450255,185616000.00
2022/12/19,9.01,9.30,8.87,9.16,25692049,234245248.00
2022/12/20,9.19,10.08,9.01,10.08,43896413,430735488.00
2022/12/21,9.91,11.00,9.61,10.56,96077734,992160768.00
2022/12/22,10.18,11.35,10.01,11.22,90133066,986600704.00
2022/12/23,10.72,11.67,10.11,10.77,76372644,812994432.00
2022/12/26,10.77,11.10,10.51,10.57,56524703,608101760.00
2022/12/27,10.45,10.74,10.12,10.51,45082556,468188416.00
2022/12/28,10.30,10.58,9.86,9.97,39900060,402623072.00
2022/12/29,9.90,10.30,9.54,9.95,39930338,397633952.00
2022/12/30,9.87,10.23,9.82,10.01,30173678,301918496.00
2023/01/03,9.70,10.00,9.58,9.95,27123320,266454800.00
2023/01/04,9.98,10.35,9.81,10.27,45301159,462521568.00
2023/01/05,10.10,10.11,9.61,9.85,37920470,372133728.00
2023/01/06,9.80,10.50,9.65,10.24,48836770,491954400.00
2023/01/09,10.01,10.30,9.96,10.02,29271360,295552960.00
2023/01/10,9.92,10.01,9.67,9.75,26255819,257474224.00
2023/01/11,9.69,9.74,9.22,9.22,31737360,297125216.00
2023/01/12,9.11,9.21,9.04,9.09,16451980,149928656.00
2023/01/13,9.08,9.35,9.05,9.19,14421235,132961248.00
2023/01/16,9.20,9.26,9.10,9.18,11018660,101190880.00
2023/01/17,9.16,9.45,9.16,9.23,11364449,105449768.00
2023/01/18,9.19,9.35,9.11,9.26,13960500,128611848.00
2023/01/19,9.18,9.20,9.11,9.12,9655900,88256168.00
2023/01/20,9.19,9.29,9.16,9.29,11627400,107584488.00
2023/01/30,9.36,9.64,9.36,9.60,21544157,204904048.00
2023/01/31,9.50,9.94,9.47,9.93,29910700,292261440.00
2023/02/01,9.95,9.98,9.74,9.94,20871480,205417600.00
2023/02/02,9.90,10.25,9.77,10.13,30457027,305987232.00
2023/02/03,10.05,10.81,9.95,10.41,44704358,465681760.00
2023/02/06,10.36,10.63,9.99,10.09,31598138,323416864.00
2023/02/07,10.05,10.10,9.90,9.95,22739280,226624416.00
2023/02/08,10.01,10.07,9.90,10.01,17973740,179490496.00
2023/02/09,9.92,10.01,9.78,9.99,14687540,145643904.00
2023/02/10,9.93,10.08,9.89,9.99,15331600,153074384.00
2023/02/13,10.00,10.20,9.99,10.07,17328455,174254528.00
2023/02/14,10.15,10.16,9.81,9.82,25069729,248112464.00
2023/02/15,9.83,9.85,9.65,9.67,17454109,169258928.00
2023/02/16,9.72,9.74,9.30,9.40,18276230,174409008.00
2023/02/17,9.37,9.50,9.32,9.45,11738100,110578336.00
2023/02/20,9.41,9.48,9.32,9.48,8421640,79323584.00
2023/02/21,9.48,9.60,9.44,9.54,9709800,92438192.00
2023/02/22,9.53,9.56,9.44,9.47,7057050,66929032.00
2023/02/23,9.48,9.53,9.40,9.43,6544520,61887176.00
2023/02/24,9.47,9.59,9.32,9.58,12883513,122150800.00
2023/02/27,9.55,9.69,9.46,9.62,12170873,116676496.00
2023/02/28,9.60,9.60,9.46,9.52,8123809,77230536.00
2023/03/01,9.53,9.53,9.45,9.53,6520265,61929568.00
2023/03/02,9.50,9.56,9.39,9.42,8685000,82122632.00
2023/03/03,9.43,9.53,9.39,9.49,7446791,70562064.00
2023/03/06,9.49,9.50,9.39,9.43,6443620,60750124.00
2023/03/07,9.43,9.44,9.22,9.22,9152240,85395416.00
2023/03/08,9.16,9.26,9.13,9.22,4703840,43245208.00
2023/03/09,9.22,9.25,9.04,9.05,8030880,73183944.00
2023/03/10,9.04,9.04,8.82,8.89,7326002,65268832.00
2023/03/13,8.85,8.93,8.79,8.92,5155491,45693040.00
2023/03/14,8.91,9.06,8.77,8.81,7607700,67762024.00
2023/03/15,8.81,8.89,8.80,8.85,3850320,34067592.00
2023/03/16,8.85,9.74,8.82,9.55,41494169,394614720.00
2023/03/17,9.30,9.40,9.25,9.36,24657629,230026576.00
2023/03/20,9.26,9.33,9.01,9.01,16327700,148597168.00
2023/03/21,9.01,9.21,8.96,9.15,11301051,102754592.00
2023/03/22,9.15,9.18,9.05,9.09,8534900,77683336.00
2023/03/23,9.06,9.06,8.91,9.00,9939680,89193488.00
2023/03/24,8.99,9.00,8.91,8.94,5752220,51459848.00
2023/03/27,9.00,9.02,8.85,8.88,6243300,55533776.00
2023/03/28,8.90,9.04,8.89,8.93,6880380,61699172.00
2023/03/29,8.90,8.94,8.66,8.67,10207009,89226896.00
2023/03/30,8.68,8.73,8.35,8.45,8467340,71543272.00
2023/03/31,8.50,8.54,8.45,8.51,4114798,34981748.00
2023/04/03,8.52,8.56,8.42,8.56,5468618,46434904.00
2023/04/04,8.56,8.57,8.36,8.38,7119600,59909140.00
2023/04/06,8.48,8.48,8.36,8.40,3933720,33079142.00
2023/04/07,8.41,8.42,8.38,8.39,3861000,32402486.00
2023/04/10,8.39,8.40,8.15,8.15,7170669,58965664.00
2023/04/11,8.16,8.25,8.08,8.25,4614580,37738404.00
2023/04/12,8.23,8.30,8.20,8.27,3922911,32375932.00
2023/04/13,8.24,8.27,8.11,8.11,4117500,33605288.00
2023/04/14,8.12,8.25,8.06,8.19,4616860,37645452.00
2023/04/17,8.14,8.30,8.14,8.25,4687440,38629848.00
2023/04/18,8.27,8.27,8.14,8.15,3025482,24726296.00
2023/04/19,8.11,8.16,8.05,8.09,4420491,35736960.00
2023/04/20,8.11,8.11,7.76,7.81,7512131,58851364.00
2023/04/21,7.82,7.89,7.67,7.67,6349451,49409496.00
2023/04/24,7.67,7.74,7.52,7.66,5435380,41562596.00
2023/04/25,7.65,7.69,7.38,7.53,7649954,57349208.00
2023/04/26,7.50,7.65,7.49,7.62,4875540,37002632.00
2023/04/27,7.60,7.67,7.53,7.58,4090840,31122562.00
2023/04/28,7.62,7.78,7.58,7.78,4312340,33289036.00
2023/05/04,7.76,7.86,7.72,7.81,4135940,32267464.00
2023/05/05,7.79,7.80,7.65,7.73,3623100,27922404.00
2023/05/08,7.69,7.78,7.69,7.77,3414391,26430230.00
2023/05/09,7.75,7.75,7.58,7.61,4693380,35937092.00
2023/05/10,7.60,7.76,7.56,7.73,4770100,36737356.00
2023/05/11,7.67,7.78,7.67,7.77,3747020,28994076.00
2023/05/12,7.77,7.86,7.65,7.66,4232434,32749214.00
2023/05/15,7.62,7.76,7.57,7.75,3752294,28781340.00
2023/05/16,7.74,7.74,7.65,7.66,2917718,22411830.00
2023/05/17,7.62,7.95,7.62,7.87,9379802,73541896.00
2023/05/18,7.86,7.86,7.68,7.71,6912100,53525384.00
2023/05/19,7.72,7.74,7.56,7.68,4558813,34912888.00
2023/05/22,7.79,8.43,7.76,8.34,32839404,267836704.00
2023/05/23,8.14,8.86,8.03,8.40,37153200,315458592.00
2023/05/24,8.24,8.54,7.86,8.10,25773145,209059472.00
2023/05/25,8.07,8.07,7.80,7.89,15910884,125913104.00
2023/05/26,7.89,7.89,7.58,7.66,12537460,95906880.00
2023/05/29,7.63,8.03,7.58,7.88,17357100,135710144.00
2023/05/30,7.77,7.78,7.63,7.71,9437460,72618792.00
2023/05/31,7.67,7.75,7.63,7.65,5545540,42562856.00
2023/06/01,7.68,7.75,7.61,7.69,5517365,42417756.00
2023/06/02,7.65,7.72,7.65,7.72,5797240,44616260.00
2023/06/05,7.74,7.74,7.64,7.67,4700800,36046836.00
2023/06/06,7.59,7.60,7.37,7.38,7530776,56010808.00
2023/06/07,7.38,7.40,7.28,7.36,4550318,33359358.00
2023/06/08,7.33,7.47,7.32,7.36,4472136,33084046.00
2023/06/09,7.35,7.35,7.21,7.25,6056183,43993732.00
2023/06/12,7.26,7.28,7.12,7.26,5707614,41060528.00
2023/06/13,7.27,7.30,7.22,7.25,3277520,23753850.00
2023/06/14,7.25,7.33,7.17,7.27,5346584,38834804.00
2023/06/15,7.27,7.27,7.18,7.25,3448400,24889918.00
2023/06/16,7.25,7.32,7.24,7.30,4398960,32085750.00
2023/06/19,7.32,7.43,7.31,7.34,4384300,32236096.00
2023/06/20,7.33,7.33,7.23,7.26,3787100,27505972.00
2023/06/21,7.23,7.29,7.15,7.16,2986100,21560246.00
2023/06/26,7.14,7.18,7.08,7.10,3279600,23321404.00
2023/06/27,7.07,7.21,7.07,7.21,3344338,24010962.00
2023/06/28,7.22,7.27,7.09,7.24,3925600,28144956.00
2023/06/29,7.21,7.26,7.19,7.20,3257500,23539676.00
2023/06/30,7.18,7.33,7.18,7.32,5248640,38274612.00
2023/07/03,7.32,7.42,7.32,7.39,4465558,32947392.00
2023/07/04,7.39,7.39,7.34,7.37,2955700,21760402.00
2023/07/05,7.37,7.44,7.34,7.39,4516876,33431348.00
2023/07/06,7.34,7.44,7.33,7.41,3948023,29204870.00
2023/07/07,7.40,7.67,7.33,7.56,13451418,101295216.00
2023/07/10,7.53,7.64,7.49,7.58,7561905,57271672.00
2023/07/11,7.58,7.60,7.46,7.51,4851391,36376220.00
2023/07/12,7.50,7.57,7.44,7.45,5382240,40335832.00
2023/07/13,7.45,7.53,7.45,7.50,3789980,28371198.00
2023/07/14,7.50,7.64,7.47,7.58,6539300,49519960.00
2023/07/17,7.53,7.60,7.49,7.60,3706920,28006556.00
2023/07/18,7.65,7.74,7.54,7.63,6556794,50043596.00
2023/07/19,7.62,7.70,7.55,7.65,7109280,54357120.00
2023/07/20,7.65,7.75,7.63,7.66,7078980,54468820.00
2023/07/21,7.63,8.01,7.61,7.75,17735360,138858992.00
2023/07/24,7.72,7.72,7.52,7.67,10112300,77273632.00
2023/07/25,7.69,7.80,7.69,7.72,8401738,65014892.00
2023/07/26,7.75,7.91,7.66,7.82,11233100,87621776.00
2023/07/27,7.76,7.78,7.64,7.67,7609900,58642428.00
2023/07/28,7.66,7.70,7.61,7.68,5081600,38948384.00
2023/07/31,7.71,7.82,7.70,7.81,8204040,63875472.00
2023/08/01,7.78,7.94,7.72,7.77,7445560,58055636.00
2023/08/02,7.77,7.78,7.67,7.71,4282520,32996890.00
2023/08/03,7.67,7.73,7.63,7.69,4347900,33375992.00
2023/08/04,7.70,7.76,7.58,7.60,5069200,38734568.00
2023/08/07,7.60,7.77,7.60,7.75,7737380,59584648.00
2023/08/08,7.71,7.73,7.43,7.65,8711220,65980596.00
2023/08/09,7.57,7.61,7.50,7.52,3962980,29891052.00
2023/08/10,7.52,7.64,7.51,7.63,4088376,31036296.00
2023/08/11,7.61,7.64,7.48,7.48,4209080,31775192.00
2023/08/14,7.44,7.49,7.37,7.49,2630200,19565460.00
2023/08/15,7.52,8.24,7.52,8.24,19151619,156265952.00
2023/08/16,8.39,8.70,8.25,8.54,76393346,645607360.00
2023/08/17,8.37,9.04,8.30,8.39,54919666,471159168.00
2023/08/18,8.40,8.49,7.90,7.94,42068020,342138048.00
2023/08/21,8.08,8.73,8.03,8.73,26647060,227998640.00
2023/08/22,8.57,8.68,8.34,8.48,51208457,432884800.00
2023/08/23,8.43,8.55,8.26,8.29,28126900,235238544.00
2023/08/24,8.25,8.31,7.77,8.00,29816403,237573984.00
2023/08/25,7.81,7.88,7.21,7.27,32345742,243386384.00
2023/08/28,7.51,7.70,7.39,7.40,27621843,208502800.00
2023/08/29,7.37,7.70,7.36,7.70,19473880,148298672.00
2023/08/30,7.60,7.83,7.59,7.72,14698180,113526232.00
2023/08/31,7.70,7.74,7.53,7.62,11259683,85586016.00
2023/09/01,7.62,7.71,7.52,7.70,11188900,85705736.00
2023/09/04,7.65,8.03,7.63,8.01,18846840,148491680.00
2023/09/05,7.96,8.03,7.86,7.95,9697380,76871328.00
2023/09/06,7.94,7.98,7.85,7.95,7467000,59013800.00
2023/09/07,7.94,8.03,7.79,7.80,8785600,69229360.00
2023/09/08,7.77,7.91,7.73,7.74,6292020,48962664.00
2023/09/11,7.72,7.87,7.70,7.86,7076360,55234032.00
2023/09/12,7.82,7.86,7.74,7.76,5162660,40145976.00
2023/09/13,7.77,7.79,7.63,7.71,5750840,44281084.00
2023/09/14,7.70,7.71,7.57,7.63,6396100,48762148.00
2023/09/15,7.65,7.76,7.60,7.66,5550700,42585264.00
2023/09/18,7.65,7.80,7.56,7.77,5737500,44419132.00
2023/09/19,7.72,7.79,7.63,7.67,5341800,41136608.00
2023/09/20,7.63,7.71,7.58,7.60,4633900,35411208.00
2023/09/21,7.60,7.65,7.48,7.51,4702220,35470256.00
2023/09/22,7.54,7.70,7.49,7.69,5856500,44683080.00
2023/09/25,7.69,7.73,7.53,7.58,5636160,42745304.00
2023/09/26,7.58,7.58,7.41,7.42,5699260,42490116.00
2023/09/27,7.43,7.52,7.33,7.44,6162300,45794608.00
2023/09/28,7.42,7.61,7.42,7.59,5768040,43630012.00
2023/10/09,7.59,7.62,7.33,7.37,7668900,56797676.00
2023/10/10,7.37,7.45,7.34,7.37,4873200,35984108.00
2023/10/11,7.41,7.41,7.32,7.38,4152480,30593730.00
2023/10/12,7.35,7.43,7.35,7.40,4916940,36324208.00
2023/10/13,7.38,7.38,7.24,7.26,4958049,36093852.00
2023/10/16,7.27,7.32,7.22,7.28,4275080,31081240.00
2023/10/17,7.26,7.30,7.21,7.25,3518740,25509812.00
2023/10/18,7.21,7.25,7.13,7.14,4626400,33193074.00
2023/10/19,7.09,7.22,7.06,7.09,4266800,30434432.00
2023/10/20,7.09,7.15,7.01,7.07,3284160,23238386.00
2023/10/23,7.06,7.06,6.83,6.87,5124240,35453424.00
2023/10/24,6.90,7.17,6.90,7.15,6029140,42742656.00
2023/10/25,7.18,7.26,7.16,7.22,4051320,29268048.00
2023/10/26,7.22,7.25,7.11,7.23,3714180,26631776.00
2023/10/27,7.18,7.30,7.10,7.29,5625391,40795884.00
2023/10/30,7.25,7.33,7.21,7.31,4632184,33788496.00
2023/10/31,7.32,7.38,7.28,7.30,3582800,26226560.00
2023/11/01,7.33,7.42,7.27,7.39,4034900,29730140.00
2023/11/02,7.40,7.40,7.29,7.31,2850800,20908676.00
2023/11/03,7.31,7.41,7.30,7.36,3063551,22583028.00
2023/11/06,7.42,7.45,7.37,7.44,3813541,28280182.00
2023/11/07,7.44,7.48,7.38,7.47,3146025,23415082.00
2023/11/08,7.45,7.48,7.39,7.47,3511725,26144102.00
2023/11/09,7.48,7.49,7.40,7.44,3226200,24000668.00
2023/11/10,7.44,7.49,7.39,7.46,3027225,22546886.00
2023/11/13,7.48,7.56,7.45,7.56,4350905,32644722.00
2023/11/14,7.57,7.57,7.44,7.50,4469088,33447302.00
2023/11/15,7.50,7.57,7.48,7.51,4575900,34399188.00
2023/11/16,7.49,7.51,7.43,7.44,3337700,24931872.00
2023/11/17,7.44,7.50,7.41,7.48,3287300,24533904.00
2023/11/20,7.53,7.56,7.44,7.56,4108000,30898564.00
2023/11/21,7.58,7.66,7.52,7.57,5019611,38134344.00
2023/11/22,7.58,7.71,7.55,7.57,8358700,63690460.00
2023/11/23,7.50,7.83,7.50,7.69,16218880,124506664.00
2023/11/24,7.68,7.72,7.54,7.58,11093600,84418968.00
2023/11/27,7.55,7.59,7.50,7.52,6694099,50406832.00
2023/11/28,7.52,7.88,7.43,7.78,19105419,147472240.00
2023/11/29,7.70,7.72,7.51,7.54,12401138,94130104.00
2023/11/30,7.55,7.55,7.38,7.48,8946740,66762088.00
2023/12/01,7.48,7.62,7.43,7.54,6511400,49059956.00
2023/12/04,7.52,7.61,7.50,7.57,5913991,44752692.00
2023/12/05,7.58,7.65,7.51,7.52,7091400,53761856.00
2023/12/06,7.47,7.65,7.46,7.60,6568920,49879404.00
2023/12/07,7.59,7.62,7.46,7.52,6051600,45477412.00
2023/12/08,7.52,7.54,7.21,7.25,10079948,73986808.00
2023/12/11,7.20,7.37,7.13,7.34,6883400,50236612.00
2023/12/12,7.35,7.37,7.27,7.37,4829960,35407424.00
2023/12/13,7.36,7.47,7.30,7.36,4896740,36256832.00
2023/12/14,7.37,7.47,7.37,7.42,4509800,33474104.00
2023/12/15,7.38,7.83,7.38,7.65,22651500,173123936.00
2023/12/18,7.61,7.68,7.39,7.42,15032000,113094144.00
2023/12/19,7.46,7.57,7.36,7.46,9555100,71106016.00
2023/12/20,7.45,7.68,7.42,7.55,14071960,106496808.00
2023/12/21,7.60,7.73,7.47,7.72,23042907,176074624.00
2023/12/22,7.70,7.70,7.32,7.37,19388308,144967008.00
2023/12/25,7.36,7.39,7.07,7.15,12528478,89598872.00
2023/12/26,7.17,7.30,7.10,7.13,7768500,55841260.00
2023/12/27,7.15,7.18,7.00,7.14,6657940,47179888.00
2023/12/28,7.13,7.36,7.07,7.30,8310980,60333636.00
2023/12/29,7.31,7.57,7.30,7.50,9870940,73988120.00
2024/01/02,7.50,7.64,7.50,7.60,7719475,58587644.00
2024/01/03,7.60,7.69,7.55,7.59,7443240,56666400.00
2024/01/04,7.72,7.94,7.64,7.77,22216020,173213024.00
2024/01/05,7.74,7.77,7.42,7.49,14986300,113443200.00
2024/01/08,7.48,7.52,7.35,7.37,7204500,53454688.00
2024/01/09,7.35,7.84,7.35,7.66,17226740,130623080.00
2024/01/10,7.64,7.89,7.62,7.69,25429940,197841440.00
2024/01/11,7.62,7.69,7.42,7.59,22155200,166819520.00
2024/01/12,7.63,7.63,7.43,7.44,10374340,77805456.00
2024/01/15,7.39,7.50,7.37,7.38,6946000,51645416.00
2024/01/16,7.40,7.45,7.22,7.33,8150700,59697824.00
2024/01/17,7.30,7.30,7.09,7.09,7149200,51402096.00
2024/01/18,7.08,7.08,6.63,6.85,13638040,92849032.00
2024/01/19,6.85,7.02,6.78,6.79,6568300,45202500.00
2024/01/22,6.80,6.89,6.31,6.38,7927500,51956352.00
2024/01/23,6.35,6.44,6.16,6.42,6971920,43989404.00
2024/01/24,6.45,6.66,6.33,6.63,10168440,66062336.00
2024/01/25,6.64,6.87,6.63,6.82,9446180,63932276.00
2024/01/26,6.84,6.97,6.79,6.85,7631020,52571732.00
2024/01/29,6.92,6.92,6.62,6.64,6033800,40566464.00
2024/01/30,6.59,6.69,6.40,6.41,5092300,33340264.00
2024/01/31,6.43,6.44,6.11,6.13,7871480,49101840.00
2024/02/01,6.13,6.25,6.06,6.09,7826500,48066392.00
2024/02/02,6.10,6.21,5.70,5.89,8707200,52151348.00
2024/02/05,5.86,5.91,5.30,5.30,13699935,73824480.00
2024/02/06,5.16,5.47,4.80,5.21,13353744,67478296.00
2024/02/07,5.21,5.43,4.90,5.00,17035075,86189456.00
2024/02/08,4.90,5.30,4.76,5.28,15892598,81000000.00
2024/02/19,5.28,5.52,5.28,5.43,12459283,67254704.00
2024/02/20,5.42,5.46,5.30,5.45,7597337,40988248.00
2024/02/21,5.42,5.69,5.38,5.57,10905700,60839080.00
2024/02/22,5.56,5.80,5.53,5.75,10718760,60804280.00
2024/02/23,5.73,5.89,5.71,5.88,9710046,56250736.00
2024/02/26,5.87,6.05,5.85,5.94,8661700,51502224.00
2024/02/27,5.92,6.06,5.90,6.06,6608040,39700272.00
2024/02/28,6.07,6.17,5.66,5.78,15209180,90384944.00
2024/02/29,5.68,5.89,5.57,5.87,11556720,66820732.00
2024/03/01,5.87,5.89,5.73,5.88,10196908,59282512.00
2024/03/04,5.83,5.93,5.76,5.81,8494348,49390384.00
2024/03/05,5.80,5.80,5.61,5.61,7616992,43180172.00
2024/03/06,5.59,5.74,5.58,5.70,5207320,29589632.00
2024/03/07,5.72,5.81,5.68,5.70,5681320,32654312.00
2024/03/08,5.70,5.74,5.60,5.69,4104880,23240758.00
2024/03/11,5.68,5.78,5.67,5.78,4549200,26048972.00
2024/03/12,5.80,5.89,5.74,5.88,8547940,49845936.00
2024/03/13,5.95,6.00,5.83,5.90,7350880,43327296.00
2024/03/14,5.89,5.98,5.78,5.85,6955500,40886884.00
2024/03/15,5.85,5.96,5.80,5.96,7058440,41636792.00
2024/03/18,5.99,6.04,5.92,6.04,7795700,46634772.00
2024/03/19,6.00,6.16,6.00,6.11,10017400,60997744.00
2024/03/20,6.17,6.18,6.09,6.14,7508240,46022072.00
2024/03/21,6.14,6.34,6.06,6.26,14306659,88656096.00
2024/03/22,6.30,6.47,6.19,6.20,18489252,116516280.00
2024/03/25,6.18,6.82,6.17,6.82,26150252,175792272.00
2024/03/26,6.74,6.74,6.38,6.53,41566227,269867456.00
2024/03/27,6.42,6.49,6.09,6.14,24166552,151169168.00
2024/03/28,6.08,6.75,6.03,6.75,25318386,163329264.00
2024/03/29,6.83,7.43,6.83,7.43,42792335,311649056.00
2024/04/01,7.98,7.98,6.93,6.95,68367906,496874720.00
2024/04/02,6.79,6.90,6.58,6.66,40885821,274253920.00
2024/04/03,6.61,6.66,6.48,6.52,20891232,136615888.00
2024/04/08,6.52,6.63,6.39,6.61,20391377,133066752.00
2024/04/09,6.52,6.58,6.44,6.56,12413592,81068792.00
2024/04/10,6.55,6.58,6.25,6.39,14267500,91404512.00
2024/04/11,6.30,6.38,6.25,6.33,9651700,61000820.00
2024/04/12,6.33,6.40,6.24,6.24,9079900,57380484.00
2024/04/15,6.16,6.26,5.81,6.03,13911732,84291216.00
2024/04/16,6.29,6.47,5.96,5.96,20378219,127321176.00
2024/04/17,5.96,6.25,5.95,6.20,15820301,97408808.00
2024/04/18,6.19,6.48,6.12,6.32,18617287,117601776.00
2024/04/19,6.23,6.59,6.17,6.56,25555899,164484944.00
2024/04/22,6.41,6.47,6.21,6.31,15471750,98000768.00
2024/04/23,6.30,6.94,6.29,6.94,29181863,198518656.00
2024/04/24,6.75,7.12,6.69,6.88,43054949,296472448.00
2024/04/25,6.79,7.39,6.77,7.08,39380663,277811264.00
2024/04/26,6.95,6.98,6.82,6.88,28565137,196893232.00
2024/04/29,6.77,6.94,6.68,6.87,23399186,159090112.00
2024/04/30,6.78,6.80,6.56,6.60,20998260,139664496.00
2024/05/06,6.65,6.77,6.58,6.76,16813810,112297672.00
2024/05/07,6.73,6.84,6.67,6.82,17595620,119268824.00
2024/05/08,6.76,7.04,6.66,6.73,18676700,126949144.00
2024/05/09,6.72,6.96,6.70,6.86,23190850,159257008.00
2024/05/10,6.83,7.02,6.66,6.80,22879740,156308640.00
2024/05/13,6.55,6.63,6.39,6.41,17862540,115614976.00
2024/05/14,6.45,6.51,6.38,6.42,8420740,54150516.00
2024/05/15,6.43,6.51,6.32,6.46,8450200,54304612.00
2024/05/16,6.50,6.98,6.46,6.76,24870610,167770336.00
2024/05/17,6.76,6.90,6.64,6.77,16120940,108405864.00
2024/05/20,6.77,6.84,6.71,6.81,15030360,101941304.00
2024/05/21,6.80,6.80,6.55,6.60,12060440,80327672.00
2024/05/22,6.60,6.65,6.52,6.58,8047187,52898316.00
2024/05/23,6.63,7.24,6.58,6.86,39644090,276893408.00
2024/05/24,6.78,6.85,6.50,6.50,26495434,175694528.00
2024/05/27,6.42,6.47,6.20,6.31,14592200,91888192.00
2024/05/28,6.19,6.23,6.10,6.11,8682200,53524976.00
2024/05/29,6.10,6.20,6.04,6.18,6210000,38197504.00
2024/05/30,6.24,6.28,6.14,6.19,6903400,42855448.00
2024/05/31,6.15,6.16,6.06,6.11,6476360,39525608.00
2024/06/03,6.12,6.12,5.93,6.02,7277100,43794672.00
2024/06/04,6.00,6.18,5.90,6.14,8186200,49800204.00
2024/06/05,6.12,6.12,6.00,6.02,4983300,30061548.00
2024/06/06,6.05,6.05,5.68,5.70,9187940,53402336.00
2024/06/07,5.76,5.86,5.73,5.81,4966260,28752116.00
2024/06/11,5.81,5.81,5.69,5.80,3841000,22077612.00
2024/06/12,5.79,5.90,5.77,5.88,3739100,21905130.00
2024/06/13,5.92,5.92,5.77,5.80,3844340,22376610.00
2024/06/14,5.81,5.84,5.77,5.84,2412100,14008357.00
2024/06/17,5.82,5.82,5.71,5.73,3609300,20816148.00
2024/06/18,5.70,5.80,5.69,5.80,3163600,18257162.00
2024/06/19,5.81,5.83,5.73,5.78,3254000,18857300.00
2024/06/20,5.78,5.78,5.54,5.55,6103500,34261488.00
2024/06/21,5.55,5.60,5.47,5.52,2904700,16088942.00
2024/06/24,5.51,5.51,5.26,5.30,5976500,31972638.00
2024/06/25,5.28,5.41,5.27,5.35,4657400,24971256.00
2024/06/26,5.40,5.45,5.29,5.45,4283300,23047040.00
2024/06/27,5.46,5.48,5.31,5.31,3813900,20562264.00
2024/06/28,5.30,5.45,5.28,5.35,4045600,21768726.00
2024/07/01,5.35,5.56,5.33,5.53,7947100,43694124.00
2024/07/02,5.54,5.64,5.46,5.58,6872800,38263748.00
2024/07/03,5.56,5.65,5.51,5.55,4411440,24533758.00
2024/07/04,5.53,5.55,5.36,5.38,4471700,24294848.00
2024/07/05,5.41,5.46,5.32,5.45,3356440,18121538.00
2024/07/08,5.43,5.45,5.29,5.30,3630900,19369768.00
2024/07/09,5.28,5.36,5.15,5.33,4372108,22985034.00
2024/07/10,5.28,5.34,5.22,5.28,3515800,18609108.00
2024/07/11,5.35,5.42,5.34,5.41,3877640,20898466.00
2024/07/12,5.42,5.45,5.36,5.38,2762400,14912912.00
2024/07/15,5.35,5.36,5.26,5.28,2899040,15327738.00
2024/07/16,5.33,5.33,5.19,5.23,2890740,15119728.00
2024/07/17,5.22,5.25,5.15,5.19,2558100,13299959.00
2024/07/18,5.20,5.53,5.04,5.35,6257931,32899658.00
2024/07/19,5.19,5.31,5.16,5.21,4731713,24665306.00
2024/07/22,5.16,5.21,5.15,5.17,2759300,14280364.00
2024/07/23,5.19,5.21,5.09,5.09,2829000,14596669.00
2024/07/24,5.10,5.13,5.02,5.05,3003400,15206617.00
2024/07/25,5.07,5.13,5.01,5.09,2671600,13548526.00
2024/07/26,5.09,5.23,5.09,5.22,3777200,19578836.00
2024/07/29,5.25,5.27,5.15,5.23,2880800,15012988.00
2024/07/30,5.27,5.29,5.20,5.27,2652832,13945325.00
2024/07/31,5.28,5.40,5.25,5.38,5554880,29725996.00
2024/08/01,5.35,5.39,5.33,5.38,3608300,19360160.00
2024/08/02,5.36,5.44,5.32,5.35,4288780,23125430.00
2024/08/05,5.27,5.42,5.23,5.24,4040740,21530770.00
2024/08/06,5.29,5.38,5.29,5.38,4399780,23519796.00
2024/08/07,5.36,5.37,5.30,5.34,2553100,13628992.00
2024/08/08,5.38,5.41,5.30,5.41,4627300,24842504.00
2024/08/09,5.40,5.44,5.33,5.34,3014580,16219378.00
2024/08/12,5.31,5.36,5.28,5.30,2631600,13983511.00
2024/08/13,5.31,5.34,5.24,5.32,2319400,12242580.00
2024/08/14,5.32,5.34,5.24,5.25,2363900,12500590.00
2024/08/15,5.17,5.26,5.10,5.23,3872100,20154628.00
2024/08/16,5.24,5.24,5.11,5.12,3247100,16737521.00
2024/08/19,5.10,5.18,5.08,5.12,3232762,16607270.00
2024/08/20,5.12,5.15,5.01,5.03,3526200,17869222.00
2024/08/21,5.02,5.06,4.98,5.00,2312420,11590717.00
2024/08/22,4.99,5.02,4.90,4.90,2898380,14347933.00
2024/08/23,4.93,4.94,4.83,4.88,2390000,11660332.00
2024/08/26,4.86,5.06,4.85,5.01,3831340,19130722.00
2024/08/27,5.01,5.04,4.94,4.96,1980140,9857271.00
2024/08/28,4.94,5.06,4.93,5.02,2378200,11924625.00
2024/08/29,5.02,5.03,4.95,5.02,2676700,13389896.00
2024/08/30,5.01,5.12,4.99,5.07,3882900,19704192.00
2024/09/02,5.09,5.12,5.04,5.04,2847600,14479871.00
2024/09/03,5.04,5.11,4.99,5.07,1798800,9105135.00
2024/09/04,5.05,5.11,5.03,5.03,2100900,10626800.00
2024/09/05,5.00,5.08,5.00,5.05,1739300,8783614.00
2024/09/06,5.05,5.07,4.98,4.99,2610200,13090398.00
2024/09/09,4.99,5.04,4.92,5.01,2376700,11876354.00
2024/09/10,5.00,5.06,4.97,5.03,2301900,11538315.00
2024/09/11,5.05,5.13,5.00,5.08,3646700,18453508.00
2024/09/12,5.08,5.11,5.01,5.02,2729600,13795028.00
2024/09/13,5.01,5.05,4.97,5.00,1890100,9454761.00
2024/09/18,4.99,5.00,4.84,4.90,2841700,13925978.00
2024/09/19,4.95,5.12,4.92,5.10,5867220,29662746.00
2024/09/20,5.10,5.20,5.05,5.11,4101920,20965630.00
2024/09/23,5.08,5.14,5.07,5.10,2675780,13653122.00
2024/09/24,5.12,5.23,5.12,5.23,5148940,26715786.00
2024/09/25,5.29,5.34,5.24,5.26,5801900,30708724.00
2024/09/26,5.25,5.36,5.21,5.36,5402360,28627762.00
2024/09/27,5.42,5.58,5.36,5.51,10173540,55662828.00
2024/09/30,5.67,6.02,5.54,5.97,22164840,128399688.00
2024/10/08,6.50,6.56,5.99,6.20,24979768,156530992.00
2024/10/09,6.08,6.08,5.64,5.66,14501708,84712768.00
2024/10/10,5.70,5.91,5.65,5.73,8863440,51171976.00
2024/10/11,5.73,5.76,5.45,5.51,7066460,39456836.00
2024/10/14,5.58,5.64,5.50,5.61,6309700,35221112.00
2024/10/15,5.60,5.63,5.51,5.54,5050620,28121978.00
2024/10/16,5.50,5.58,5.45,5.53,5049860,27952100.00
2024/10/17,5.53,5.58,5.43,5.44,4821100,26541440.00
2024/10/18,5.44,5.57,5.40,5.53,8050720,44204968.00
2024/10/21,5.57,5.90,5.55,5.68,12834800,73308032.00
2024/10/22,5.70,5.79,5.58,5.75,10006200,57036148.00
2024/10/23,5.68,5.80,5.67,5.73,8298000,47500728.00
2024/10/24,5.73,5.76,5.68,5.73,4539946,25933932.00
2024/10/25,5.71,5.86,5.69,5.80,7574698,43788740.00
2024/10/28,5.83,5.97,5.81,5.96,9243586,54654244.00
2024/10/29,5.94,5.96,5.73,5.74,9656686,56063920.00
2024/10/30,5.76,5.81,5.69,5.74,6002480,34486264.00
2024/10/31,5.73,5.89,5.73,5.86,7391940,43023064.00
2024/11/01,5.85,5.91,5.71,5.72,8712100,50499080.00
2024/11/04,5.74,5.81,5.70,5.81,5186940,29884948.00
2024/11/05,5.81,6.39,5.80,6.17,36454514,226990976.00
2024/11/06,6.17,6.30,6.08,6.25,34499420,214083104.00
2024/11/07,6.25,6.45,6.15,6.38,28151433,179017808.00
2024/11/08,6.37,6.66,6.20,6.40,31399724,200033728.00
2024/11/11,6.31,6.36,6.21,6.34,17353080,109009440.00
2024/11/12,6.33,6.97,6.26,6.58,38420230,254390704.00
2024/11/13,6.58,7.24,6.31,7.00,57686335,396222304.00
2024/11/14,6.70,6.85,6.37,6.43,38416155,253051616.00
2024/11/15,6.48,6.54,6.19,6.19,20202055,127898040.00
2024/11/18,6.19,6.31,6.07,6.31,14984080,92783816.00
2024/11/19,6.31,6.31,6.15,6.29,11865845,74072384.00
2024/11/20,6.25,6.60,6.24,6.44,16693180,107306552.00
2024/11/21,6.40,6.64,6.39,6.55,18544780,121254008.00
2024/11/22,6.50,6.52,6.18,6.20,17597700,111941760.00
数据来源:通达信
