001308 康冠科技 日线 不复权
      日期	    开盘	    最高	    最低	    收盘	    成交量	    成交额
2022/03/18,58.61,70.33,58.61,62.39,19778151,1287617920.00
2022/03/21,56.15,60.00,56.15,56.15,15551821,887648064.00
2022/03/22,54.01,54.36,51.06,51.25,13886124,728492800.00
2022/03/23,50.23,52.85,49.26,50.80,9536298,484992768.00
2022/03/24,49.88,50.67,49.00,49.80,8360431,413629984.00
2022/03/25,49.89,50.38,48.51,48.52,6542427,323038304.00
2022/03/28,47.38,47.82,45.34,45.40,7263614,335590528.00
2022/03/29,44.70,45.77,43.00,43.10,6943663,306456992.00
2022/03/30,43.20,44.51,42.60,43.83,5750419,249545520.00
2022/03/31,43.30,43.45,41.91,41.92,5786243,246578160.00
2022/04/01,41.37,42.32,41.04,41.51,3551872,148006960.00
2022/04/06,41.51,42.20,41.08,41.93,3105150,129539408.00
2022/04/07,41.59,43.92,41.36,43.19,6673872,286765216.00
2022/04/08,42.80,42.80,41.22,41.23,4831031,201441664.00
2022/04/11,40.27,40.36,37.90,37.95,4814499,187550144.00
2022/04/12,37.14,37.83,36.75,37.64,3302646,123263976.00
2022/04/13,38.30,39.50,37.89,38.10,3937827,151963504.00
2022/04/14,37.80,38.57,37.31,37.94,3027635,114566672.00
2022/04/15,37.39,37.58,36.86,36.98,2494335,92530792.00
2022/04/18,36.50,37.47,36.13,37.30,2066663,76310232.00
2022/04/19,37.18,37.63,37.10,37.42,1923339,71831168.00
2022/04/20,37.51,38.13,37.43,38.06,2891297,109229984.00
2022/04/21,37.80,39.88,37.53,38.59,4907796,190343024.00
2022/04/22,38.40,41.69,36.80,40.92,7342046,293124288.00
2022/04/25,40.97,42.19,39.20,39.82,5998966,244808976.00
2022/04/26,39.51,39.60,35.84,35.84,5515055,204716112.00
2022/04/27,34.47,35.30,32.50,35.07,5643110,190815200.00
2022/04/28,34.42,34.86,32.92,33.12,3783999,127813152.00
2022/04/29,33.75,35.09,33.30,34.78,4223690,145507664.00
2022/05/05,35.17,35.90,34.89,35.56,3216949,114062888.00
2022/05/06,34.52,36.45,34.50,35.66,3075296,109697448.00
2022/05/09,35.64,36.36,35.52,35.88,2240220,80580400.00
2022/05/10,35.04,36.49,35.04,36.36,2394866,86455856.00
2022/05/11,36.49,37.49,36.23,36.24,3692638,136395536.00
2022/05/12,35.88,36.68,35.88,36.54,2525310,91696448.00
2022/05/13,36.71,37.58,36.65,36.85,3099853,114916480.00
2022/05/16,37.02,37.26,36.18,36.19,2114628,77319408.00
2022/05/17,36.37,36.49,35.63,36.00,1633126,58769224.00
2022/05/18,36.20,37.07,36.00,36.70,2500130,91847176.00
2022/05/19,36.20,36.47,35.95,36.46,1978254,71609056.00
2022/05/20,36.59,36.98,36.49,36.87,1920851,70648640.00
2022/05/23,36.99,37.75,36.75,37.59,2419061,90174696.00
2022/05/24,38.09,38.35,35.10,35.15,3985979,145143760.00
2022/05/25,35.10,36.02,34.94,35.95,1794539,63947444.00
2022/05/26,36.55,36.55,35.41,36.51,1719092,62173248.00
2022/05/27,36.54,37.40,36.54,37.23,2363502,87600896.00
2022/05/30,37.41,37.45,36.85,37.38,1541976,57276360.00
2022/05/31,37.19,38.65,37.02,38.37,2988556,113504312.00
2022/06/01,29.00,29.00,28.33,28.51,3836691,109496008.00
2022/06/02,28.30,29.15,28.28,29.03,3521021,101141136.00
2022/06/06,29.10,29.85,29.03,29.26,3621692,106608784.00
2022/06/07,29.45,29.47,28.78,28.93,2826335,81961792.00
2022/06/08,28.92,29.08,27.91,28.58,3165025,90184888.00
2022/06/09,28.48,28.48,27.53,27.73,2837963,79424800.00
2022/06/10,27.55,28.10,27.52,28.03,1678563,46910700.00
2022/06/13,27.84,28.31,27.77,28.08,1745198,48949856.00
2022/06/14,28.00,28.00,26.84,27.65,2921302,79951272.00
2022/06/15,27.60,28.66,27.59,28.38,3640014,102534720.00
2022/06/16,28.38,28.85,28.11,28.35,2575710,73274512.00
2022/06/17,28.08,28.48,27.79,28.21,2225971,62597312.00
2022/06/20,28.42,29.23,28.42,29.00,3906313,112800352.00
2022/06/21,29.02,29.11,28.49,28.76,2857972,82316648.00
2022/06/22,28.71,28.92,28.08,28.17,2111556,59933408.00
2022/06/23,28.10,28.53,28.01,28.53,1907854,54121104.00
2022/06/24,28.53,29.23,28.37,29.04,3668237,106193024.00
2022/06/27,29.40,29.45,28.90,29.04,2568645,74760040.00
2022/06/28,29.15,29.77,28.71,29.74,4335613,127596344.00
2022/06/29,29.59,29.98,29.02,29.08,3649447,107716832.00
2022/06/30,28.99,29.45,28.99,29.17,2333060,68241928.00
2022/07/01,29.17,29.79,29.10,29.19,2360382,69344728.00
2022/07/04,29.20,29.75,28.38,29.68,3158740,92803672.00
2022/07/05,29.50,31.25,29.28,29.98,5436649,163652416.00
2022/07/06,29.98,31.07,29.74,30.71,7336671,224111536.00
2022/07/07,30.50,30.50,29.39,29.46,5846956,173614720.00
2022/07/08,29.37,29.72,29.12,29.15,3070351,90273768.00
2022/07/11,32.07,32.07,31.35,32.07,6058946,194186064.00
2022/07/12,32.40,34.20,31.70,32.53,16278033,532685216.00
2022/07/13,32.04,32.20,31.23,31.29,8489949,268065536.00
2022/07/14,31.04,32.32,30.88,31.93,7656722,242798848.00
2022/07/15,31.92,33.70,31.58,32.98,9092813,297267232.00
2022/07/18,33.50,35.92,32.73,34.95,10212972,352815552.00
2022/07/19,34.48,38.45,34.45,37.50,13189226,487452096.00
2022/07/20,36.99,41.25,36.99,41.25,14865040,588059072.00
2022/07/21,41.81,45.30,40.91,41.02,19846845,841029952.00
2022/07/22,41.86,43.20,39.35,40.92,14011809,576620224.00
2022/07/25,40.50,41.19,38.48,38.61,10185466,401681472.00
2022/07/26,38.79,39.58,37.81,38.81,6601032,255637488.00
2022/07/27,38.80,39.28,38.20,38.96,5535050,214758960.00
2022/07/28,39.15,39.38,37.51,37.82,7942101,304217792.00
2022/07/29,37.78,38.05,37.00,37.25,4803619,179805456.00
2022/08/01,37.06,37.24,36.26,36.51,4787410,175130560.00
2022/08/02,36.40,38.07,35.81,36.71,7983486,296118272.00
2022/08/03,36.60,38.04,35.53,35.80,6362904,235433280.00
2022/08/04,36.00,36.44,34.84,35.50,4757631,168897920.00
2022/08/05,36.00,37.29,35.23,37.13,5703296,208204768.00
2022/08/08,37.32,37.35,36.25,36.72,4475560,163954256.00
2022/08/09,36.38,36.72,35.64,36.08,4190949,151318608.00
2022/08/10,35.70,36.31,35.62,35.73,2807955,100714136.00
2022/08/11,35.96,37.60,35.88,36.80,5027288,184447584.00
2022/08/12,36.80,36.95,35.94,35.98,4124537,149715488.00
2022/08/15,36.15,36.15,35.35,35.89,3205802,114415784.00
2022/08/16,36.01,36.75,35.75,36.29,3677568,133648136.00
2022/08/17,36.25,38.30,36.10,38.22,7997838,298597600.00
2022/08/18,37.97,39.36,37.62,38.81,6695041,257917472.00
2022/08/19,38.81,41.67,38.76,39.65,9474449,379478688.00
2022/08/22,41.00,43.62,40.89,43.62,8535276,364169280.00
2022/08/23,44.99,45.40,41.50,41.63,14509308,627017664.00
2022/08/24,41.99,42.19,37.47,37.47,13058507,504572992.00
2022/08/25,37.15,37.95,36.50,37.47,6676952,248617184.00
2022/08/26,37.81,41.22,37.81,39.88,13240628,534467168.00
2022/08/29,39.46,40.22,38.80,39.40,7199994,283618336.00
2022/08/30,39.47,39.88,38.30,38.42,4805300,186940272.00
2022/08/31,38.30,38.54,36.66,36.74,4520526,168231808.00
2022/09/01,36.74,39.21,36.72,37.90,4959792,189586928.00
2022/09/02,38.14,38.70,37.51,37.97,3183430,121291344.00
2022/09/05,37.76,38.18,37.02,37.33,2831011,105864800.00
2022/09/06,37.33,37.95,36.70,37.95,3260139,121391184.00
2022/09/07,37.84,38.58,36.53,36.69,6172330,231796832.00
2022/09/08,36.33,36.57,35.00,35.21,5163434,183736448.00
2022/09/09,35.80,35.80,34.23,34.38,3575433,123953432.00
2022/09/13,34.52,34.73,34.00,34.15,2230058,76387088.00
2022/09/14,33.78,33.78,32.88,33.39,3856215,128376456.00
2022/09/15,33.59,33.59,31.77,32.45,3603185,116918328.00
2022/09/16,32.45,32.67,31.53,31.71,2218449,71347672.00
2022/09/19,31.72,33.83,31.50,33.33,5930430,197244944.00
2022/09/20,33.82,36.00,32.79,34.99,7486220,258447040.00
2022/09/21,34.52,35.34,34.34,35.03,2957677,102801136.00
2022/09/22,34.86,36.94,34.51,36.56,6492926,233873536.00
2022/09/23,36.41,37.25,35.86,36.59,4497091,163672720.00
2022/09/26,36.01,37.50,35.96,36.69,4960601,183300032.00
2022/09/27,36.65,38.28,36.55,37.92,4584652,172021984.00
2022/09/28,37.90,39.52,37.78,38.99,6161897,239704000.00
2022/09/29,39.18,39.18,37.31,38.10,5496383,209676064.00
2022/09/30,38.00,39.80,37.45,38.82,5155336,199373040.00
2022/10/10,38.70,39.45,36.18,39.14,6224807,234141584.00
2022/10/11,37.50,37.59,35.28,36.35,7463743,271568800.00
2022/10/12,36.90,38.78,36.64,38.69,6353604,240530496.00
2022/10/13,37.78,38.50,37.43,37.45,4056913,153432704.00
2022/10/14,37.86,38.08,37.20,37.93,3298571,124305200.00
2022/10/17,37.30,39.48,37.30,38.52,3473802,133252048.00
2022/10/18,38.50,39.20,37.71,38.33,3584683,137820112.00
2022/10/19,38.69,38.69,37.45,37.60,2590640,97976576.00
2022/10/20,37.31,38.15,36.73,37.63,3074439,115589304.00
2022/10/21,37.40,37.68,35.11,36.51,4073245,147876880.00
2022/10/24,36.51,39.31,36.51,36.98,5856313,223486768.00
2022/10/25,37.04,37.04,34.98,35.50,4671696,166384256.00
2022/10/26,35.98,36.10,34.89,35.36,3620914,128313784.00
2022/10/27,35.18,35.72,34.20,34.20,3228149,112877848.00
2022/10/28,34.20,34.20,32.51,32.70,2834323,94302280.00
2022/10/31,32.85,34.79,32.66,34.51,3763537,128664608.00
2022/11/01,34.64,36.13,34.42,35.88,3526634,125064872.00
2022/11/02,35.88,37.77,35.58,37.44,4565359,168793056.00
2022/11/03,37.00,38.10,36.88,37.95,3245997,121603152.00
2022/11/04,37.50,40.10,37.47,40.10,5892193,229984064.00
2022/11/07,40.10,40.10,38.46,38.69,4716140,184079296.00
2022/11/08,38.57,38.91,37.60,37.71,2968936,112643616.00
2022/11/09,37.79,38.40,37.33,37.89,2506945,95042024.00
2022/11/10,37.94,38.22,36.36,36.45,3382549,125724784.00
2022/11/11,37.30,37.56,36.00,36.04,3053573,111738464.00
2022/11/14,36.00,36.30,35.40,35.75,2115514,75688544.00
2022/11/15,35.78,38.30,35.62,38.22,4842093,180405664.00
2022/11/16,38.30,38.92,37.24,37.30,3413376,129400152.00
2022/11/17,37.00,38.15,36.67,38.02,3473161,130173552.00
2022/11/18,38.06,38.06,36.20,36.60,4496224,166204016.00
2022/11/21,36.35,36.81,36.00,36.78,1826891,66572968.00
2022/11/22,36.76,36.76,35.50,35.78,2655845,95654840.00
2022/11/23,35.66,35.96,34.98,35.96,2325310,82368880.00
2022/11/24,35.75,36.07,35.37,35.47,1596764,56926360.00
2022/11/25,35.45,35.45,34.81,34.83,1556977,54481120.00
2022/11/28,34.48,35.12,34.30,34.97,1179291,41027840.00
2022/11/29,34.97,36.63,34.90,36.58,3199453,115336168.00
2022/11/30,36.70,36.70,35.40,35.56,2374149,85108600.00
2022/12/01,35.85,36.14,35.37,35.48,2040990,72807792.00
2022/12/02,35.49,35.99,35.37,35.54,1364721,48586704.00
2022/12/05,35.68,35.84,34.85,35.29,1743941,61373740.00
2022/12/06,35.19,35.55,34.95,35.15,1477386,52057540.00
2022/12/07,35.16,35.28,34.55,34.70,2261840,78886464.00
2022/12/08,34.72,35.22,34.54,34.97,1283774,44709684.00
2022/12/09,35.04,36.10,34.99,36.08,3211004,114838944.00
2022/12/12,36.02,36.02,34.94,35.05,2321607,81646592.00
2022/12/13,35.02,35.24,34.73,34.95,1014845,35470232.00
2022/12/14,35.11,35.48,34.29,34.54,2167009,75269472.00
2022/12/15,34.54,34.69,34.02,34.66,1024602,35328968.00
2022/12/16,34.49,34.49,33.83,33.91,1376554,46887636.00
2022/12/19,33.93,34.14,33.14,33.25,1139665,38169500.00
2022/12/20,33.68,33.90,33.11,33.49,986037,33018212.00
2022/12/21,33.21,33.48,32.68,32.74,1434550,47317740.00
2022/12/22,33.12,33.12,32.23,32.35,958250,31234134.00
2022/12/23,32.30,32.30,31.66,31.80,1074627,34288812.00
2022/12/26,31.97,33.55,31.75,33.28,1772935,58470868.00
2022/12/27,33.25,33.28,32.10,32.48,1988758,64716836.00
2022/12/28,32.44,32.47,31.92,32.00,1071629,34395660.00
2022/12/29,31.99,32.45,31.59,31.61,1658554,52929564.00
2022/12/30,31.85,31.90,30.65,31.04,2604902,81044296.00
2023/01/03,32.85,34.14,32.58,34.14,4765436,159870320.00
2023/01/04,35.00,35.33,34.36,34.85,5664566,197555504.00
2023/01/05,34.70,35.16,34.64,34.91,2738248,95692352.00
2023/01/06,34.83,35.06,34.19,34.90,2068364,72176296.00
2023/01/09,35.06,35.64,34.90,35.29,2882767,101433224.00
2023/01/10,35.48,35.82,35.01,35.32,2675879,94751528.00
2023/01/11,35.28,35.51,34.41,34.50,2990096,104330960.00
2023/01/12,34.57,34.92,34.27,34.78,2151644,74691056.00
2023/01/13,34.65,34.93,34.34,34.64,1369453,47366380.00
2023/01/16,34.72,36.00,34.64,35.73,3539013,126032704.00
2023/01/17,35.57,35.78,35.25,35.39,1552258,55033756.00
2023/01/18,35.60,35.60,35.28,35.38,1146846,40627780.00
2023/01/19,35.51,35.96,35.28,35.84,1679065,59973944.00
2023/01/20,35.91,35.99,35.35,35.62,1961203,69782928.00
2023/01/30,35.98,36.20,35.61,35.90,2551689,91646752.00
2023/01/31,35.93,35.94,35.45,35.69,1710975,60980824.00
2023/02/01,35.79,36.56,35.72,36.53,3036292,109903960.00
2023/02/02,36.50,37.28,36.09,37.19,4352249,160422496.00
2023/02/03,36.96,37.28,36.68,37.02,2913746,107616360.00
2023/02/06,36.91,36.96,36.27,36.31,2080960,75985504.00
2023/02/07,36.30,37.49,36.27,37.35,3191968,118460768.00
2023/02/08,37.66,37.69,36.68,36.68,1881798,69657880.00
2023/02/09,36.76,37.20,36.43,37.00,1913913,70753304.00
2023/02/10,36.90,37.63,36.84,36.96,2317004,86152256.00
2023/02/13,37.01,37.18,36.65,37.11,2107682,77844512.00
2023/02/14,37.20,37.42,36.79,37.03,1642127,60824868.00
2023/02/15,36.90,37.80,36.82,37.61,3313541,124117320.00
2023/02/16,37.41,38.48,35.92,36.44,4863281,182366272.00
2023/02/17,36.20,36.64,35.77,35.77,2692310,97167904.00
2023/02/20,35.98,37.34,35.61,37.12,2503889,91690016.00
2023/02/21,37.16,37.50,36.73,37.04,1668395,61861700.00
2023/02/22,36.75,37.18,36.61,36.85,1207319,44543124.00
2023/02/23,36.86,37.36,36.72,36.89,1469077,54433432.00
2023/02/24,37.03,37.60,36.50,36.90,1537611,56786952.00
2023/02/27,36.56,37.33,36.43,36.56,1613774,59537992.00
2023/02/28,36.56,37.19,36.35,36.75,1452021,53410960.00
2023/03/01,36.75,37.25,36.60,37.21,1953630,72283544.00
2023/03/02,37.10,37.46,36.58,36.67,2103331,77735000.00
2023/03/03,36.75,37.10,36.12,36.84,2140416,78402976.00
2023/03/06,36.75,36.82,36.20,36.57,1467913,53526664.00
2023/03/07,36.43,36.64,35.68,35.69,2041650,73768864.00
2023/03/08,35.57,35.91,35.41,35.90,883329,31541442.00
2023/03/09,35.88,36.43,35.60,35.90,1045404,37693468.00
2023/03/10,35.70,35.82,35.41,35.60,1007466,35901956.00
2023/03/13,35.47,35.65,34.71,34.99,1732041,60582996.00
2023/03/14,34.98,36.10,34.68,35.70,2504075,88950936.00
2023/03/15,35.59,36.25,35.51,35.53,1405465,50412128.00
2023/03/16,35.47,35.95,35.18,35.65,1348389,47949224.00
2023/03/17,35.49,39.18,35.49,38.53,7850010,298289216.00
2023/03/20,38.81,40.00,38.12,39.48,7847179,307268128.00
2023/03/21,39.00,41.53,38.93,40.68,9058921,368931200.00
2023/03/22,40.79,43.20,40.65,42.67,9551597,400388544.00
2023/03/23,42.38,43.36,42.20,42.94,6101389,260742368.00
2023/03/24,43.12,44.48,42.94,44.19,6814568,299417440.00
2023/03/27,42.99,43.18,40.03,40.29,10333083,425788512.00
2023/03/28,40.50,40.70,38.53,38.70,5708428,224063648.00
2023/03/29,39.38,39.42,38.60,38.74,2980086,115924304.00
2023/03/30,38.70,39.29,37.95,38.41,3230761,124124408.00
2023/03/31,38.08,38.50,37.29,37.89,4431334,167324624.00
2023/04/03,37.68,38.28,37.62,38.14,3661435,139057680.00
2023/04/04,38.17,38.21,36.86,37.17,4368667,162842976.00
2023/04/06,37.01,38.57,36.88,38.20,4317146,163477600.00
2023/04/07,37.90,38.90,37.80,38.64,3251869,124689088.00
2023/04/10,38.58,39.05,37.71,37.82,3405945,130777128.00
2023/04/11,37.67,38.13,37.15,37.72,2233996,84033320.00
2023/04/12,37.77,38.62,37.73,38.50,2421944,92951880.00
2023/04/13,38.38,38.45,37.30,37.38,2747396,103425232.00
2023/04/14,37.50,37.88,36.72,37.87,2560118,95722856.00
2023/04/17,37.80,37.83,36.97,37.38,2179980,81431064.00
2023/04/18,37.37,37.38,36.76,37.21,1889378,69985528.00
2023/04/19,37.04,37.60,36.82,37.18,1534750,57066460.00
2023/04/20,37.20,37.24,36.69,36.86,1522008,56173388.00
2023/04/21,36.67,36.81,35.40,35.66,2785975,100245008.00
2023/04/24,35.85,36.56,35.75,36.17,1647114,59443544.00
2023/04/25,36.13,36.25,34.81,35.28,2127419,75377496.00
2023/04/26,35.03,35.88,34.93,35.69,1327150,47174040.00
2023/04/27,35.44,35.78,35.01,35.26,1727487,60957940.00
2023/04/28,26.77,27.80,26.68,27.73,3571337,97619640.00
2023/05/04,27.31,27.86,26.61,26.80,3117612,84220024.00
2023/05/05,26.60,26.69,25.81,25.87,2296344,59977988.00
2023/05/08,25.86,27.50,25.81,27.18,3870682,104316064.00
2023/05/09,27.18,27.19,26.36,26.45,2252949,60264468.00
2023/05/10,26.59,26.85,26.17,26.59,1344610,35585516.00
2023/05/11,26.59,27.01,26.50,26.90,1493978,40049556.00
2023/05/12,26.92,27.40,26.70,26.79,1789454,48367440.00
2023/05/15,26.78,26.93,26.37,26.79,1477692,39348912.00
2023/05/16,26.77,27.15,26.50,26.90,1863219,50001088.00
2023/05/17,26.80,27.17,26.80,27.05,1290257,34807808.00
2023/05/18,27.05,27.65,26.95,27.60,2853131,78377504.00
2023/05/19,27.59,27.86,27.45,27.72,1992971,55237668.00
2023/05/22,27.78,28.07,27.43,27.66,1876328,52008912.00
2023/05/23,27.80,27.88,27.44,27.44,1586217,43850128.00
2023/05/24,27.42,27.81,27.24,27.56,1739574,48035356.00
2023/05/25,27.54,27.76,26.90,27.44,1904209,51849488.00
2023/05/26,27.50,27.65,27.33,27.56,1279232,35167860.00
2023/05/29,27.75,28.15,27.58,27.98,1883726,52638920.00
2023/05/30,28.30,28.30,27.40,27.78,1959362,54458712.00
2023/05/31,27.81,28.50,27.78,28.32,3077895,86907472.00
2023/06/01,28.12,28.47,27.89,27.96,2296455,64711476.00
2023/06/02,28.02,28.32,27.80,28.21,1941334,54613912.00
2023/06/05,28.25,31.03,28.10,31.03,16412728,500779744.00
2023/06/06,29.93,30.23,29.37,29.48,13787326,410140608.00
2023/06/07,29.33,30.48,29.33,29.66,6622623,197600688.00
2023/06/08,29.51,29.77,28.55,29.47,6309706,183570016.00
2023/06/09,29.42,29.76,28.95,29.54,4757207,139532320.00
2023/06/12,29.54,30.13,29.17,29.73,5351674,158795840.00
2023/06/13,29.53,29.53,28.79,29.15,3711154,108115768.00
2023/06/14,29.00,29.21,28.69,28.77,3210894,92692560.00
2023/06/15,28.60,28.98,28.57,28.97,2630805,75888920.00
2023/06/16,28.99,29.08,28.43,28.79,2745481,78831360.00
2023/06/19,28.80,29.26,28.65,29.24,3103441,90046448.00
2023/06/20,29.20,29.35,28.61,28.61,2917679,84189816.00
2023/06/21,28.60,28.60,27.43,27.48,4363121,121329648.00
2023/06/26,27.36,27.60,26.75,26.75,2392507,64826468.00
2023/06/27,26.78,27.30,26.60,27.20,2189976,59051792.00
2023/06/28,27.12,27.13,26.30,26.98,1969357,52663380.00
2023/06/29,26.85,27.23,26.82,27.16,1418909,38442224.00
2023/06/30,27.06,27.58,27.06,27.46,1339957,36722584.00
2023/07/03,27.70,27.82,27.28,27.49,1520741,41800512.00
2023/07/04,27.57,27.68,27.40,27.62,1265347,34924264.00
2023/07/05,27.65,27.65,27.24,27.36,1295200,35572748.00
2023/07/06,27.24,27.93,27.24,27.53,1570073,43413396.00
2023/07/07,27.48,27.72,27.10,27.66,1373133,37723548.00
2023/07/10,27.66,28.05,27.61,27.76,1485873,41337668.00
2023/07/11,27.67,27.85,27.50,27.81,1294703,35852028.00
2023/07/12,27.85,28.00,27.39,27.40,1599003,44219936.00
2023/07/13,27.45,27.76,27.30,27.75,1202031,33263568.00
2023/07/14,27.77,28.18,27.75,28.12,1940818,54411992.00
2023/07/17,28.18,28.18,27.75,27.90,1416786,39535920.00
2023/07/18,27.95,28.16,27.77,27.95,1191574,33333738.00
2023/07/19,27.90,27.96,27.55,27.66,1210476,33545504.00
2023/07/20,27.66,27.76,26.86,26.87,2079564,56576712.00
2023/07/21,26.76,27.12,26.62,26.82,1095920,29460898.00
2023/07/24,26.82,27.35,26.82,27.06,827289,22441998.00
2023/07/25,27.25,27.52,27.12,27.46,1075286,29402790.00
2023/07/26,27.68,27.68,27.08,27.30,1000721,27249188.00
2023/07/27,27.32,27.95,27.20,27.47,1538219,42408960.00
2023/07/28,27.30,27.67,27.16,27.37,1458571,39768556.00
2023/07/31,27.24,27.51,27.24,27.32,1228391,33611180.00
2023/08/01,27.10,27.92,27.06,27.65,1945755,53771232.00
2023/08/02,27.76,27.85,27.57,27.77,1023540,28337696.00
2023/08/03,27.76,28.39,27.59,28.27,2615989,73415304.00
2023/08/04,28.47,28.47,27.95,27.96,2359829,66375812.00
2023/08/07,26.80,26.80,25.30,25.38,8003145,207067472.00
2023/08/08,25.27,25.45,24.51,25.02,4844664,120312824.00
2023/08/09,25.09,25.20,24.81,25.05,1734020,43449328.00
2023/08/10,25.25,25.44,25.01,25.28,1488787,37661404.00
2023/08/11,25.42,25.42,25.03,25.06,1171490,29455054.00
2023/08/14,24.80,24.89,24.39,24.86,1982404,48820276.00
2023/08/15,25.03,26.15,25.02,25.53,3789087,96907856.00
2023/08/16,25.50,25.79,24.87,24.96,1891745,47739572.00
2023/08/17,24.85,25.20,24.80,25.08,1276783,31927572.00
2023/08/18,24.91,25.10,24.61,24.62,1552830,38562496.00
2023/08/21,24.62,24.86,24.55,24.55,929088,22938742.00
2023/08/22,24.56,24.90,24.45,24.87,1150119,28373854.00
2023/08/23,24.87,24.87,24.38,24.38,1035226,25403008.00
2023/08/24,24.32,24.63,24.12,24.43,951973,23249780.00
2023/08/25,24.50,24.50,23.70,23.94,1537441,37039364.00
2023/08/28,24.86,25.02,24.10,24.15,2159782,53226224.00
2023/08/29,24.15,24.88,24.15,24.80,1575323,38856896.00
2023/08/30,25.00,25.33,24.75,25.09,2131567,53429684.00
2023/08/31,24.90,25.27,24.90,25.15,1415687,35581968.00
2023/09/01,25.12,25.34,25.05,25.27,1249236,31495338.00
2023/09/04,25.36,25.50,25.25,25.44,1289396,32735190.00
2023/09/05,25.50,25.68,25.25,25.28,1212266,30839750.00
2023/09/06,25.27,25.65,25.13,25.64,1583008,40362640.00
2023/09/07,25.50,25.60,25.16,25.28,1348329,34156296.00
2023/09/08,25.29,25.56,25.18,25.50,1267691,32202996.00
2023/09/11,25.47,25.65,25.34,25.47,1140498,29129248.00
2023/09/12,25.41,25.49,25.17,25.32,1104916,27955044.00
2023/09/13,25.28,25.38,24.71,24.89,1364044,34076724.00
2023/09/14,24.91,25.09,24.67,24.77,854367,21203504.00
2023/09/15,24.78,24.99,24.55,24.61,1043596,25791890.00
2023/09/18,24.79,24.88,24.38,24.73,794760,19621654.00
2023/09/19,24.72,24.74,24.13,24.32,1069490,26011292.00
2023/09/20,24.18,24.42,24.05,24.05,673784,16313561.00
2023/09/21,24.07,24.35,23.95,24.21,1116988,26981888.00
2023/09/22,24.05,24.86,24.00,24.86,1503533,36963924.00
2023/09/25,24.93,24.93,24.42,24.46,935662,22964898.00
2023/09/26,24.56,24.56,24.20,24.23,849379,20638756.00
2023/09/27,24.15,24.50,24.06,24.35,1095746,26643640.00
2023/09/28,24.36,25.00,24.36,24.91,1590705,39411056.00
2023/10/09,24.82,24.98,24.70,24.81,911082,22645622.00
2023/10/10,24.82,25.20,24.82,25.02,1106351,27630558.00
2023/10/11,25.00,25.19,24.95,25.05,1103942,27669802.00
2023/10/12,25.05,25.26,24.99,25.06,930751,23351622.00
2023/10/13,25.11,25.20,24.84,25.02,1095106,27455268.00
2023/10/16,25.15,25.15,24.32,24.48,1531119,37616248.00
2023/10/17,24.55,24.55,24.10,24.31,995850,24127464.00
2023/10/18,24.30,24.30,23.31,23.55,1876628,44299432.00
2023/10/19,23.45,23.76,23.28,23.39,1333621,31315982.00
2023/10/20,23.38,23.54,23.00,23.03,1524411,35350932.00
2023/10/23,22.98,22.98,21.86,22.14,1844070,41150596.00
2023/10/24,22.17,22.37,21.77,22.12,1808988,39997412.00
2023/10/25,22.25,22.64,22.19,22.27,1350165,30212254.00
2023/10/26,22.13,22.53,21.91,22.47,1362318,30219274.00
2023/10/27,22.26,22.84,22.26,22.71,1370039,30978156.00
2023/10/30,22.51,23.28,22.51,23.25,1836941,42413024.00
2023/10/31,23.25,24.42,23.25,23.80,3237246,77597808.00
2023/11/01,23.80,24.15,23.66,24.05,2160866,51775092.00
2023/11/02,24.00,24.38,23.71,23.80,2107410,50730836.00
2023/11/03,23.77,24.29,23.67,24.22,1776672,42858000.00
2023/11/06,24.29,26.64,24.29,26.64,11631085,306193888.00
2023/11/07,26.31,26.50,25.73,25.90,9691785,251564784.00
2023/11/08,26.18,26.23,25.46,25.66,4594502,118093144.00
2023/11/09,25.71,25.79,25.34,25.46,3690082,94101856.00
2023/11/10,25.29,25.63,25.11,25.46,3492137,88868712.00
2023/11/13,25.46,25.67,25.20,25.65,2864775,72957456.00
2023/11/14,25.64,25.79,25.43,25.62,2328416,59674324.00
2023/11/15,25.61,26.10,25.58,25.75,3267259,84264880.00
2023/11/16,25.66,25.88,25.40,25.65,2035558,52317276.00
2023/11/17,25.57,25.79,25.52,25.75,1572021,40370816.00
2023/11/20,25.81,26.00,25.66,25.97,2078727,53757720.00
2023/11/21,25.98,26.04,25.38,25.64,2510021,64329276.00
2023/11/22,25.45,25.67,25.19,25.60,2051899,52185384.00
2023/11/23,25.43,27.78,25.41,26.57,7709886,204666768.00
2023/11/24,26.18,26.49,25.40,26.00,4734311,121877360.00
2023/11/27,25.68,26.38,25.61,25.83,1939596,50383064.00
2023/11/28,25.82,26.60,25.55,26.27,3286822,86025560.00
2023/11/29,26.11,26.44,25.98,26.07,1880824,49272956.00
2023/11/30,26.01,26.07,25.30,25.59,2442056,62377276.00
2023/12/01,25.45,25.83,25.00,25.73,1918529,49016204.00
2023/12/04,25.79,26.29,25.39,26.12,2522263,65583788.00
2023/12/05,26.06,26.06,25.33,25.35,1880917,48129432.00
2023/12/06,25.23,25.95,25.08,25.64,1795506,45811300.00
2023/12/07,25.58,26.22,25.44,25.90,2048689,53144896.00
2023/12/08,26.00,26.19,25.70,25.72,1287539,33349278.00
2023/12/11,25.75,26.28,25.51,26.24,2657354,69226168.00
2023/12/12,26.25,26.35,26.01,26.14,1634038,42743680.00
2023/12/13,26.06,26.75,25.75,26.15,3955252,103635032.00
2023/12/14,26.17,26.40,25.63,25.90,2399375,62137960.00
2023/12/15,25.79,25.85,25.35,25.39,1575048,40265208.00
2023/12/18,25.25,25.83,25.16,25.58,1515211,38587712.00
2023/12/19,25.51,26.08,25.23,25.78,1519372,38958640.00
2023/12/20,25.73,26.46,25.73,25.81,3676650,96196264.00
2023/12/21,25.72,26.17,25.17,26.15,3199087,82196472.00
2023/12/22,26.15,26.34,25.60,25.88,2840064,73782168.00
2023/12/25,25.88,26.32,25.66,26.30,2582138,67311016.00
2023/12/26,26.28,26.32,25.70,26.20,2847041,74034224.00
2023/12/27,26.35,27.76,26.06,27.55,9352069,254731024.00
2023/12/28,27.45,27.63,27.08,27.45,6053396,165838288.00
2023/12/29,27.35,28.52,27.21,27.98,7410220,207972368.00
2024/01/02,27.97,28.44,27.41,28.28,5041239,140855376.00
2024/01/03,28.20,28.20,27.00,27.36,6040679,165441552.00
2024/01/04,27.29,27.58,26.75,27.50,3679833,99932872.00
2024/01/05,27.36,27.54,26.45,26.55,2842384,76409248.00
2024/01/08,26.53,26.87,26.34,26.51,2275478,60652892.00
2024/01/09,26.35,27.08,26.21,26.51,2328421,62036368.00
2024/01/10,26.50,26.50,25.70,25.72,2245525,58446260.00
2024/01/11,25.62,26.57,25.61,26.57,2478802,65305480.00
2024/01/12,26.53,27.15,26.52,27.00,2840132,76453744.00
2024/01/15,26.86,27.35,26.61,27.15,2379897,64483380.00
2024/01/16,27.11,27.41,26.82,27.37,2206114,59859832.00
2024/01/17,27.40,27.55,26.71,26.71,1834773,49878532.00
2024/01/18,26.66,28.02,26.58,27.55,4687792,127940984.00
2024/01/19,27.50,28.13,27.19,27.99,4043660,112487720.00
2024/01/22,27.78,27.88,26.07,26.22,3201700,86221088.00
2024/01/23,25.85,26.71,25.41,26.15,1887963,49274008.00
2024/01/24,26.18,28.18,26.15,27.98,5560789,153897888.00
2024/01/25,27.78,28.09,27.37,27.99,4001710,111372352.00
2024/01/26,27.62,28.97,27.62,28.82,6744526,192653632.00
2024/01/29,28.80,28.81,27.85,28.67,4425085,125463288.00
2024/01/30,28.20,28.36,26.31,26.95,4683763,127866072.00
2024/01/31,26.47,27.95,25.61,27.90,4944102,131475008.00
2024/02/01,27.30,27.77,26.00,26.71,2662893,72399216.00
2024/02/02,26.50,29.38,26.31,27.25,6536509,183337568.00
2024/02/05,26.78,27.98,24.53,24.53,6552223,168404800.00
2024/02/06,22.48,25.35,22.25,24.83,4625508,110566456.00
2024/02/07,24.83,26.80,24.65,25.58,4881048,126799040.00
2024/02/08,25.58,26.93,25.50,26.37,4156952,109658120.00
2024/02/19,26.39,26.92,26.18,26.76,3113969,82735808.00
2024/02/20,26.68,26.68,25.86,26.22,2483036,64997212.00
2024/02/21,26.15,27.98,25.85,27.61,5115877,139431520.00
2024/02/22,27.77,28.45,27.50,28.26,5389380,151355744.00
2024/02/23,28.19,28.26,27.43,28.05,4174589,116039920.00
2024/02/26,28.11,28.19,27.60,27.83,3198062,88996984.00
2024/02/27,27.80,28.54,27.65,28.53,3731012,105140416.00
2024/02/28,28.52,28.71,27.02,27.02,4925581,137316976.00
2024/02/29,26.82,28.26,26.80,28.26,3668912,102144928.00
2024/03/01,28.20,28.99,28.17,28.52,4226168,121016776.00
2024/03/04,28.52,28.77,28.06,28.26,2917561,82470280.00
2024/03/05,28.00,28.89,27.86,28.29,4016282,114484216.00
2024/03/06,28.04,28.41,27.52,28.07,2862310,80190328.00
2024/03/07,28.06,28.28,27.56,27.56,2587296,72081456.00
2024/03/08,27.56,27.87,27.38,27.83,1849144,51154624.00
2024/03/11,27.80,27.85,27.21,27.81,2783912,76418952.00
2024/03/12,27.83,27.92,27.42,27.51,2359272,65118040.00
2024/03/13,27.52,27.74,27.11,27.24,3046243,83684024.00
2024/03/14,27.11,27.43,26.40,26.67,3514516,94318496.00
2024/03/15,26.68,26.89,26.26,26.77,2311236,61252664.00
2024/03/18,26.76,27.27,26.56,27.27,2446909,66211856.00
2024/03/19,27.27,28.08,26.99,27.47,3750675,103387312.00
2024/03/20,27.48,27.77,27.10,27.46,2060454,56342840.00
2024/03/21,27.59,27.59,26.90,26.97,1952952,52959104.00
2024/03/22,26.94,27.11,26.49,26.60,2311039,61906056.00
2024/03/25,26.60,26.60,25.33,25.36,3293438,85367392.00
2024/03/26,25.51,25.73,25.12,25.18,2572421,65308044.00
2024/03/27,25.19,25.59,24.98,25.08,2002876,50619312.00
2024/03/28,25.08,25.49,25.00,25.18,2321667,58471824.00
2024/03/29,25.27,25.93,25.21,25.90,2037824,52085216.00
2024/04/01,25.89,26.59,25.60,26.49,1868482,49295184.00
2024/04/02,26.49,26.49,25.91,26.00,1510150,39376192.00
2024/04/03,26.00,26.56,25.79,26.26,1537601,40210988.00
2024/04/08,26.50,26.50,25.55,25.64,1502977,38987792.00
2024/04/09,25.79,26.36,25.79,26.20,1917285,50134724.00
2024/04/10,27.20,28.70,26.38,26.48,4935466,134201648.00
2024/04/11,26.78,28.10,26.72,27.71,6477509,178105296.00
2024/04/12,27.67,28.50,27.40,27.75,3942136,110634024.00
2024/04/15,27.60,28.27,27.47,27.85,3531262,98432864.00
2024/04/16,27.55,27.99,27.07,27.34,3495145,96260280.00
2024/04/17,27.51,29.30,27.51,29.29,6609981,189616368.00
2024/04/18,29.10,29.55,28.99,29.00,4619512,135095696.00
2024/04/19,29.01,29.22,28.71,28.86,2751182,79484744.00
2024/04/22,28.95,29.80,28.40,29.41,4408299,129431520.00
2024/04/23,29.22,29.93,29.02,29.75,3925116,115804864.00
2024/04/24,29.53,29.75,28.89,29.00,5047351,147258112.00
2024/04/25,29.00,29.09,28.04,28.35,5457995,154913536.00
2024/04/26,28.03,28.42,27.75,27.84,5302270,148263728.00
2024/04/29,27.16,27.16,25.06,25.42,16720408,423455680.00
2024/04/30,25.11,25.49,24.82,25.17,7673872,192784144.00
2024/05/06,25.39,25.79,25.23,25.60,8131986,207658288.00
2024/05/07,25.50,25.67,25.31,25.62,4187050,106857184.00
2024/05/08,25.54,25.54,25.19,25.20,3532000,89398496.00
2024/05/09,25.21,25.75,25.20,25.75,4110951,105064608.00
2024/05/10,25.76,25.88,25.20,25.31,4050055,102645144.00
2024/05/13,25.00,25.47,24.35,25.47,3644527,91426312.00
2024/05/14,25.29,25.86,25.29,25.48,3338991,85373504.00
2024/05/15,25.47,25.73,25.12,25.24,2730465,69412088.00
2024/05/16,25.17,25.42,24.83,24.88,3321481,83253784.00
2024/05/17,24.92,25.03,24.60,25.01,2515083,62463144.00
2024/05/20,25.01,25.26,24.81,24.86,3112210,77687328.00
2024/05/21,24.76,24.90,24.56,24.65,2693674,66459068.00
2024/05/22,24.65,24.80,24.41,24.74,2366067,58130320.00
2024/05/23,24.77,24.79,24.39,24.46,2044730,50088620.00
2024/05/24,24.38,24.60,24.38,24.41,1424884,34874772.00
2024/05/27,23.81,23.87,23.31,23.71,2413288,56773744.00
2024/05/28,23.71,23.72,23.39,23.40,1558084,36639836.00
2024/05/29,23.40,23.60,23.37,23.48,1396830,32797218.00
2024/05/30,23.39,23.70,23.23,23.50,1528599,35915968.00
2024/05/31,23.55,23.89,23.55,23.77,1964274,46721012.00
2024/06/03,23.81,23.89,23.27,23.46,1885999,44445476.00
2024/06/04,23.48,23.51,22.97,23.34,2019441,46864696.00
2024/06/05,23.14,23.43,23.13,23.13,1317957,30675766.00
2024/06/06,23.16,23.34,22.45,22.49,3106792,70551776.00
2024/06/07,22.58,22.84,22.50,22.77,1497820,33980364.00
2024/06/11,22.71,23.35,22.54,23.27,2097125,48274316.00
2024/06/12,23.27,23.48,23.15,23.25,1506987,35144504.00
2024/06/13,23.36,23.50,23.07,23.10,1297433,30127758.00
2024/06/14,23.13,23.45,22.90,23.37,2059455,47980736.00
2024/06/17,23.38,23.84,23.24,23.67,1897469,44847692.00
2024/06/18,23.65,23.88,23.51,23.79,1439468,34192908.00
2024/06/19,23.80,23.84,23.26,23.31,1548404,36336224.00
2024/06/20,23.18,23.29,22.57,22.58,2185491,49972476.00
2024/06/21,22.42,22.57,22.03,22.38,1811834,40414416.00
2024/06/24,22.14,22.55,21.35,21.39,2523330,54834348.00
2024/06/25,21.69,22.20,21.61,21.88,2155566,47268100.00
2024/06/26,21.88,22.73,21.68,22.66,1956326,43497772.00
2024/06/27,22.56,22.66,22.15,22.20,1379640,30862312.00
2024/06/28,22.29,22.68,22.12,22.50,1353175,30489520.00
2024/07/01,22.50,22.75,22.10,22.48,1319540,29488954.00
2024/07/02,22.45,22.55,22.22,22.30,1076959,24035466.00
2024/07/03,22.12,22.32,21.97,22.20,972604,21528592.00
2024/07/04,22.15,22.37,21.51,21.65,1736991,37854520.00
2024/07/05,21.65,21.92,21.38,21.84,962829,20829698.00
2024/07/08,21.84,21.95,21.36,21.38,1064469,22924920.00
2024/07/09,21.35,22.10,21.22,22.03,1997883,43409944.00
2024/07/10,22.07,22.36,21.82,21.99,1579323,34782784.00
2024/07/11,22.25,22.59,22.00,22.58,2062267,46102908.00
2024/07/12,22.40,22.52,22.23,22.42,1076625,24086350.00
2024/07/15,22.30,22.40,21.93,22.03,1028914,22736082.00
2024/07/16,22.03,22.19,21.83,22.06,861377,18958276.00
2024/07/17,22.13,22.13,21.68,21.82,1278194,27917706.00
2024/07/18,21.67,21.68,21.25,21.57,1592800,34247380.00
2024/07/19,21.56,22.10,21.41,21.98,1520145,33351034.00
2024/07/22,21.90,22.10,21.65,21.75,1002169,21894690.00
2024/07/23,21.86,21.86,20.90,20.92,2294844,48770688.00
2024/07/24,20.92,20.93,20.35,20.40,1677036,34511820.00
2024/07/25,20.40,20.60,20.10,20.34,1291021,26277438.00
2024/07/26,20.36,20.69,20.13,20.26,1973740,40250336.00
2024/07/29,20.25,20.33,19.43,19.80,2840949,56178500.00
2024/07/30,19.65,19.89,19.44,19.70,1484664,29165724.00
2024/07/31,19.71,20.52,19.62,20.49,2397086,48462320.00
2024/08/01,20.51,20.87,20.15,20.30,1828555,37241140.00
2024/08/02,20.20,20.30,19.76,19.81,1548917,31017702.00
2024/08/05,19.75,19.96,19.25,19.31,2030628,39642092.00
2024/08/06,19.50,19.68,19.39,19.54,1538468,29976884.00
2024/08/07,19.54,19.63,19.42,19.43,1353321,26422818.00
2024/08/08,19.31,19.57,18.86,19.39,1728643,33230756.00
2024/08/09,19.44,19.64,19.33,19.35,1011661,19683728.00
2024/08/12,19.45,19.48,19.14,19.30,1112406,21478428.00
2024/08/13,19.30,19.45,19.21,19.43,1049328,20291580.00
2024/08/14,19.71,20.50,19.44,20.45,5754791,115634200.00
2024/08/15,20.15,20.17,19.66,19.79,5123178,101636560.00
2024/08/16,20.29,20.31,19.82,20.02,4797697,96156912.00
2024/08/19,19.90,20.18,19.30,19.39,3745392,73642096.00
2024/08/20,19.26,19.38,18.87,19.00,2705253,51438032.00
2024/08/21,18.97,19.36,18.88,18.93,1715005,32711118.00
2024/08/22,18.99,19.06,18.65,18.68,1825213,34283428.00
2024/08/23,18.61,19.19,18.48,19.05,2206875,41586248.00
2024/08/26,19.16,19.78,19.14,19.61,2700236,52746796.00
2024/08/27,19.50,19.51,19.12,19.23,1867315,35991912.00
2024/08/28,19.21,19.35,18.98,19.23,1389265,26669982.00
2024/08/29,19.00,19.58,18.80,19.45,2337961,45077860.00
2024/08/30,19.48,19.93,19.43,19.62,2423696,47849396.00
2024/09/02,19.42,19.60,19.27,19.27,1561068,30327212.00
2024/09/03,19.27,19.53,19.24,19.38,1161016,22492172.00
2024/09/04,19.33,19.45,19.08,19.20,1178969,22686716.00
2024/09/05,19.33,19.42,19.08,19.30,1016895,19596456.00
2024/09/06,19.29,19.35,18.69,18.71,2043100,38572656.00
2024/09/09,18.70,18.71,18.34,18.39,1449715,26815448.00
2024/09/10,18.49,18.74,18.21,18.61,1239530,22838270.00
2024/09/11,18.55,18.67,18.38,18.47,896539,16574478.00
2024/09/12,18.50,18.71,18.29,18.29,1068334,19771758.00
2024/09/13,18.38,18.46,17.90,17.91,1324518,23938182.00
2024/09/18,18.00,18.05,17.56,17.79,1153247,20492886.00
2024/09/19,17.83,18.40,17.83,18.15,1502502,27267974.00
2024/09/20,18.26,18.26,17.75,17.90,1336320,23941604.00
2024/09/23,17.95,18.23,17.88,17.92,1332353,23999862.00
2024/09/24,17.99,18.49,17.92,18.49,2659966,48514184.00
2024/09/25,18.53,19.00,18.53,18.63,2864640,53842380.00
2024/09/26,18.63,19.38,18.52,19.37,3217768,61093948.00
2024/09/27,19.55,20.52,19.54,20.22,4174367,83558304.00
2024/09/30,21.25,22.24,20.81,22.22,7858760,171116224.00
2024/10/08,24.44,24.44,22.63,23.79,8553878,202836000.00
2024/10/09,23.29,23.29,21.58,21.84,5983013,134623008.00
2024/10/10,21.86,22.56,21.45,21.75,4067510,89582888.00
2024/10/11,21.61,21.74,20.40,20.65,3265888,68266256.00
2024/10/14,20.72,21.20,20.30,21.04,2858296,59602688.00
2024/10/15,21.04,21.19,20.48,20.51,2744864,57198892.00
2024/10/16,20.23,20.69,20.04,20.42,2214279,45104240.00
2024/10/17,20.56,20.79,20.09,20.10,2334685,47706328.00
2024/10/18,20.10,21.29,20.04,20.89,3644955,75487792.00
2024/10/21,21.00,21.48,20.91,20.98,3925021,82958928.00
2024/10/22,21.17,21.21,20.73,21.18,3020449,63435776.00
2024/10/23,21.22,21.37,21.02,21.10,3191306,67598704.00
2024/10/24,21.15,21.15,20.83,21.06,1924461,40430936.00
2024/10/25,21.12,21.58,21.05,21.39,2989602,63808256.00
2024/10/28,21.39,21.53,21.07,21.40,2974243,63287704.00
2024/10/29,21.38,21.40,20.84,20.85,4667106,98210088.00
2024/10/30,20.80,21.05,20.46,20.69,3142189,65155172.00
2024/10/31,20.56,20.80,20.36,20.57,3155930,64907416.00
2024/11/01,20.57,20.62,19.98,20.02,3723544,75321352.00
2024/11/04,20.02,20.57,20.02,20.53,2812155,57466236.00
2024/11/05,20.48,20.97,20.41,20.97,3603640,74941904.00
2024/11/06,21.11,21.28,20.75,20.87,3752832,78914560.00
2024/11/07,20.80,21.19,20.66,21.19,3437477,72273304.00
2024/11/08,21.37,21.66,21.19,21.51,5076987,108785872.00
2024/11/11,21.53,22.20,21.44,22.17,5391539,118363672.00
2024/11/12,22.31,22.47,21.80,22.01,4937050,109265248.00
2024/11/13,21.90,22.13,21.63,21.99,2645982,57933968.00
2024/11/14,21.98,22.08,21.42,21.45,2676411,58219140.00
2024/11/15,21.34,21.95,21.34,21.38,3425444,74227496.00
2024/11/18,21.42,21.53,20.70,20.78,2945486,61814932.00
2024/11/19,20.80,22.39,20.80,22.20,7202152,156956672.00
2024/11/20,21.81,22.55,21.78,22.40,6505873,144689424.00
2024/11/21,22.37,22.37,21.76,22.01,3737296,82370592.00
2024/11/22,21.99,22.16,20.95,20.98,4074494,87950592.00
数据来源:通达信
