001217 华尔泰 日线 不复权
      日期	    开盘	    最高	    最低	    收盘	    成交量	    成交额
2021/09/29,12.55,15.06,12.55,15.06,1013256,15210718.00
2021/09/30,16.57,16.57,16.57,16.57,217250,3599832.50
2021/10/08,18.23,18.23,18.23,18.23,243371,4436653.50
2021/10/11,20.05,20.05,20.05,20.05,697859,13992073.00
2021/10/12,22.06,22.06,22.06,22.06,538202,11872736.00
2021/10/13,22.00,22.00,19.85,19.85,37079172,753841536.00
2021/10/14,17.88,18.55,17.87,17.87,12114467,217776528.00
2021/10/15,17.67,18.88,17.65,18.33,24754573,454323488.00
2021/10/18,17.93,18.50,16.92,18.25,19407201,344826368.00
2021/10/19,18.01,19.34,17.91,18.88,21665973,404891744.00
2021/10/20,18.50,19.51,18.01,19.06,21321024,399193408.00
2021/10/21,19.06,19.66,18.53,18.65,21408680,410705792.00
2021/10/22,18.15,19.15,17.81,17.83,19120778,349963168.00
2021/10/25,17.56,18.37,17.36,18.20,14251701,257725216.00
2021/10/26,18.08,18.50,17.59,17.85,15863276,284902368.00
2021/10/27,17.71,19.64,17.63,19.64,25906602,497348960.00
2021/10/28,19.51,20.08,18.45,19.01,29623552,566428416.00
2021/10/29,18.66,19.78,18.46,19.06,21144496,405396096.00
2021/11/01,18.70,19.48,18.01,19.43,17692551,331443648.00
2021/11/02,19.41,21.37,19.20,21.37,34178046,711798144.00
2021/11/03,21.54,21.80,20.51,20.55,27421424,574964032.00
2021/11/04,20.96,21.35,20.40,21.20,22109081,463707616.00
2021/11/05,20.86,22.15,19.90,20.03,24528619,514808032.00
2021/11/08,20.38,20.75,19.91,20.52,13683261,278660992.00
2021/11/09,20.33,20.75,19.68,20.08,15266626,307037760.00
2021/11/10,20.00,20.10,19.30,19.60,12275777,240409520.00
2021/11/11,19.55,20.47,19.55,19.95,14409569,289311712.00
2021/11/12,20.35,21.16,20.21,20.77,16999483,351754432.00
2021/11/15,20.65,21.07,20.12,20.30,13973810,286168896.00
2021/11/16,20.20,21.65,19.81,21.26,20916205,435983776.00
2021/11/17,21.00,21.39,20.76,21.33,14967508,315426400.00
2021/11/18,21.33,23.43,21.00,22.36,25762623,567346176.00
2021/11/19,22.00,22.88,21.60,22.20,19670038,438484480.00
2021/11/22,22.70,23.28,22.33,22.98,17577700,400777184.00
2021/11/23,22.70,22.87,21.82,21.82,15824400,353042496.00
2021/11/24,21.60,22.40,21.48,21.74,12317273,270674656.00
2021/11/25,22.00,22.14,21.51,21.87,9477105,207050656.00
2021/11/26,21.77,23.89,21.21,22.96,21854115,493050432.00
2021/11/29,23.00,23.43,22.71,23.11,13089707,302020640.00
2021/11/30,22.98,24.28,22.80,23.70,16989436,400360832.00
2021/12/01,23.50,23.61,22.74,22.97,12522273,288615872.00
2021/12/02,22.82,22.90,22.00,22.06,10840464,242597552.00
2021/12/03,22.07,22.62,22.05,22.07,8324185,185044224.00
2021/12/06,22.28,23.08,21.81,22.87,12897748,292486688.00
2021/12/07,22.88,23.20,20.58,21.20,17592601,378284096.00
2021/12/08,21.08,21.42,20.61,21.07,8878578,186840176.00
2021/12/09,21.01,21.16,20.20,20.51,9846023,202919616.00
2021/12/10,20.38,20.86,20.30,20.64,5478536,113001544.00
2021/12/13,20.47,21.00,20.02,20.72,7676663,157351600.00
2021/12/14,20.48,21.09,20.31,20.89,7307470,151655008.00
2021/12/15,20.97,21.25,20.80,21.02,7905708,166647584.00
2021/12/16,20.96,21.12,20.50,20.61,6522745,134981616.00
2021/12/17,20.54,20.72,19.81,19.83,8871871,178416544.00
2021/12/20,19.58,19.90,19.30,19.44,4873772,95037984.00
2021/12/21,19.43,19.84,19.37,19.83,3636210,71243584.00
2021/12/22,19.98,20.05,19.64,19.70,3204673,63361892.00
2021/12/23,19.64,19.70,19.26,19.27,4401335,85569560.00
2021/12/24,19.27,19.30,18.48,18.48,5317908,100026032.00
2021/12/27,18.49,18.88,18.39,18.67,3023462,56367172.00
2021/12/28,18.75,18.82,18.58,18.79,2449710,45771516.00
2021/12/29,18.80,19.08,18.63,18.88,3005505,56816704.00
2021/12/30,18.88,18.99,18.71,18.78,2250483,42360592.00
2021/12/31,18.79,19.59,18.71,19.31,4662881,89277296.00
2022/01/04,19.15,19.31,19.03,19.18,2976288,56962248.00
2022/01/05,19.08,19.20,18.69,18.78,3364661,63553960.00
2022/01/06,18.65,19.13,18.64,19.06,2735883,51864528.00
2022/01/07,19.60,20.30,19.58,19.83,8124414,161282576.00
2022/01/10,19.73,20.25,19.09,20.14,6150294,122935800.00
2022/01/11,20.14,20.16,19.65,19.71,3751890,74556000.00
2022/01/12,19.71,21.66,19.59,20.93,12117144,252201712.00
2022/01/13,20.78,20.80,20.20,20.26,7658871,156521120.00
2022/01/14,20.01,20.31,19.69,19.70,4670679,93283144.00
2022/01/17,19.69,20.06,19.56,19.89,3121081,61964792.00
2022/01/18,19.79,19.88,19.09,19.18,4580028,88908720.00
2022/01/19,19.08,19.36,19.08,19.27,1999176,38425364.00
2022/01/20,19.18,19.25,18.43,18.48,4481280,83784448.00
2022/01/21,18.45,18.62,18.23,18.46,1774947,32643424.00
2022/01/24,18.43,18.54,18.23,18.47,1468863,27006916.00
2022/01/25,18.38,18.56,17.50,18.03,3220438,57875192.00
2022/01/26,18.35,18.38,17.91,17.94,2003039,36217492.00
2022/01/27,17.88,17.88,17.20,17.23,2718849,47544928.00
2022/01/28,17.23,17.58,17.00,17.37,1908887,33138114.00
2022/02/07,17.67,18.00,17.55,17.72,1611478,28684082.00
2022/02/08,17.70,18.08,17.65,18.04,1831471,32746650.00
2022/02/09,17.99,18.14,17.91,18.10,1670859,30161924.00
2022/02/10,18.34,18.76,18.33,18.43,3340647,61799788.00
2022/02/11,18.38,18.56,18.02,18.16,2130294,38696676.00
2022/02/14,17.89,18.15,17.87,18.03,1342410,24159708.00
2022/02/15,18.19,18.20,17.90,18.06,1174789,21148298.00
2022/02/16,18.08,18.33,18.01,18.18,1488433,27062642.00
2022/02/17,18.18,18.25,18.04,18.13,1693047,30733414.00
2022/02/18,18.03,18.12,17.70,18.10,1633215,29308600.00
2022/02/21,18.13,18.26,18.00,18.22,1555233,28233570.00
2022/02/22,18.11,18.18,17.90,17.95,1702088,30649600.00
2022/02/23,18.16,18.51,18.02,18.36,2720064,49794428.00
2022/02/24,18.35,18.44,17.64,17.82,3276175,59239688.00
2022/02/25,17.94,18.25,17.92,18.04,1866929,33825740.00
2022/02/28,18.00,18.06,17.65,17.91,1580290,28164910.00
2022/03/01,18.05,18.08,17.87,17.93,1134222,20346156.00
2022/03/02,17.81,17.99,17.75,17.90,1044317,18656430.00
2022/03/03,17.90,18.08,17.88,18.02,1657397,29854136.00
2022/03/04,17.78,17.98,17.66,17.70,1942251,34550528.00
2022/03/07,17.67,17.72,17.06,17.16,2310068,40008580.00
2022/03/08,17.16,17.25,16.41,16.51,2705398,45162332.00
2022/03/09,16.56,16.70,15.40,16.10,2287380,36845764.00
2022/03/10,16.55,16.69,16.30,16.35,1892279,31239636.00
2022/03/11,16.15,16.62,15.88,16.58,1721302,27945196.00
2022/03/14,16.59,16.59,16.22,16.22,1452239,23792188.00
2022/03/15,16.10,16.29,15.58,15.59,1736489,27715478.00
2022/03/16,15.79,15.95,15.15,15.87,2208061,34459840.00
2022/03/17,15.97,16.75,15.96,16.57,3420643,55870084.00
2022/03/18,16.65,16.75,16.24,16.39,2246030,36852248.00
2022/03/21,16.46,16.53,16.24,16.41,1579154,25878282.00
2022/03/22,16.28,16.48,16.26,16.35,1249646,20472552.00
2022/03/23,16.37,16.51,16.31,16.40,1313421,21577738.00
2022/03/24,16.30,16.30,16.03,16.08,1458215,23486340.00
2022/03/25,16.18,16.32,16.05,16.14,1396825,22608076.00
2022/03/28,16.10,16.11,15.61,15.91,1407730,22328004.00
2022/03/29,16.05,16.70,15.76,16.40,3385293,55069548.00
2022/03/30,16.13,16.52,16.06,16.29,2393831,38934940.00
2022/03/31,16.38,16.45,16.25,16.30,1737589,28395784.00
2022/04/01,16.15,16.40,16.07,16.36,1594773,26005060.00
2022/04/06,16.33,16.60,16.26,16.49,1760411,29026626.00
2022/04/07,16.44,16.57,16.24,16.37,1498709,24562818.00
2022/04/08,16.37,17.44,16.22,17.03,6041831,102398072.00
2022/04/11,16.78,17.68,16.78,17.33,6481558,112369680.00
2022/04/12,17.25,17.34,16.72,17.09,3926588,66594136.00
2022/04/13,17.00,17.56,16.88,16.90,3459799,59573528.00
2022/04/14,16.86,17.30,16.62,17.08,3060946,51997408.00
2022/04/15,16.95,17.63,16.92,17.25,4132630,71461832.00
2022/04/18,16.90,17.08,16.62,17.00,2446302,41268444.00
2022/04/19,16.97,17.66,16.95,17.65,5423673,94836784.00
2022/04/20,17.41,18.17,17.41,17.66,6192908,110046472.00
2022/04/21,17.58,17.85,16.76,17.11,4912796,84520224.00
2022/04/22,15.40,15.77,15.40,15.40,3301088,50852736.00
2022/04/25,13.86,14.40,13.86,13.86,3619700,50315316.00
2022/04/26,12.72,13.16,12.47,12.47,5364959,68066792.00
2022/04/27,12.34,12.72,11.75,12.65,3679488,45016680.00
2022/04/28,12.33,12.53,11.78,11.92,3507754,42402096.00
2022/04/29,12.09,12.85,12.01,12.71,4256194,53176056.00
2022/05/05,12.87,13.57,12.85,13.10,3839717,50706152.00
2022/05/06,12.71,13.23,12.67,13.09,2171920,28345992.00
2022/05/09,12.94,13.36,12.94,13.29,1685843,22296182.00
2022/05/10,13.04,13.37,13.00,13.28,1816778,24087236.00
2022/05/11,13.29,13.61,13.11,13.11,2428384,32548184.00
2022/05/12,13.05,13.41,13.01,13.25,1959810,25874668.00
2022/05/13,13.26,13.44,13.19,13.29,1227700,16349882.00
2022/05/16,13.36,13.64,13.25,13.47,2027910,27379264.00
2022/05/17,13.40,13.41,13.10,13.27,1727975,22908478.00
2022/05/18,13.42,13.57,13.23,13.41,1523478,20466688.00
2022/05/19,13.17,13.42,13.14,13.39,1090010,14497570.00
2022/05/20,13.40,13.56,13.35,13.49,1427030,19183878.00
2022/05/23,13.49,13.79,13.48,13.73,1758483,24038140.00
2022/05/24,13.59,13.68,12.86,12.87,2152839,28457330.00
2022/05/25,12.87,13.09,12.86,13.00,1257747,16331685.00
2022/05/26,13.05,13.06,12.66,12.98,1424771,18347360.00
2022/05/27,13.02,13.08,12.77,12.88,1250008,16164835.00
2022/05/30,13.00,13.07,12.75,12.87,1057334,13628405.00
2022/05/31,12.87,12.99,12.68,12.97,1471700,18942334.00
2022/06/01,12.85,13.09,12.77,12.92,1642178,21249030.00
2022/06/02,12.94,13.02,12.71,13.02,1625219,20923752.00
2022/06/06,13.06,13.36,13.05,13.32,1945010,25770572.00
2022/06/07,13.36,13.39,13.08,13.17,1536890,20269422.00
2022/06/08,13.18,13.37,12.90,13.21,2121594,27908904.00
2022/06/09,13.20,13.32,12.96,13.02,2110900,27677070.00
2022/06/10,12.90,13.43,12.90,13.31,2383824,31534252.00
2022/06/13,13.24,13.55,13.20,13.44,2091844,28046402.00
2022/06/14,13.33,13.56,13.15,13.55,2422163,32355818.00
2022/06/15,13.58,13.67,13.39,13.42,2566032,34704120.00
2022/06/16,13.40,13.76,13.36,13.59,2416400,32819666.00
2022/06/17,13.58,13.70,13.42,13.70,1954210,26583468.00
2022/06/20,13.82,13.93,13.62,13.74,1698247,23355306.00
2022/06/21,13.81,13.93,13.63,13.80,2110375,29117352.00
2022/06/22,13.80,13.81,13.50,13.55,1460039,19912992.00
2022/06/23,13.55,13.71,13.35,13.68,1469659,19875082.00
2022/06/24,13.66,13.84,13.62,13.78,1610110,22131782.00
2022/06/27,13.89,13.93,13.64,13.69,1438300,19728784.00
2022/06/28,13.66,13.85,13.60,13.76,1612300,22153056.00
2022/06/29,13.76,13.96,13.48,13.48,2348249,32123316.00
2022/06/30,13.37,13.70,13.37,13.54,1322000,17960472.00
2022/07/01,13.55,13.68,13.45,13.58,1086619,14740884.00
2022/07/04,13.65,13.70,13.53,13.63,1236839,16810688.00
2022/07/05,13.67,13.84,13.42,13.57,2136256,29103154.00
2022/07/06,13.46,13.83,13.20,13.77,3866347,52188184.00
2022/07/07,13.63,13.86,13.18,13.20,6365372,85381440.00
2022/07/08,13.09,13.20,12.84,12.87,3629977,47089360.00
2022/07/11,12.88,12.90,12.45,12.57,2300936,28965872.00
2022/07/12,12.65,12.88,12.56,12.60,1977549,25037684.00
2022/07/13,12.59,12.76,12.48,12.69,1645569,20778638.00
2022/07/14,12.71,13.10,12.60,12.98,2475086,31997348.00
2022/07/15,12.95,13.06,12.60,12.62,1719349,21988274.00
2022/07/18,12.70,13.08,12.58,13.00,2312259,29819058.00
2022/07/19,13.10,13.65,12.94,13.44,3657410,48968552.00
2022/07/20,13.39,14.70,13.39,14.47,9450409,133217528.00
2022/07/21,14.14,14.47,13.50,13.77,8856439,122040928.00
2022/07/22,13.77,13.79,13.36,13.46,3703300,50202784.00
2022/07/25,13.48,13.65,13.36,13.60,2712650,36673284.00
2022/07/26,13.60,13.62,13.31,13.47,2056237,27561906.00
2022/07/27,13.45,13.45,13.33,13.36,1963456,26244962.00
2022/07/28,13.41,13.47,13.38,13.43,1723195,23147906.00
2022/07/29,13.43,13.47,13.23,13.25,1526899,20358720.00
2022/08/01,13.24,13.33,13.11,13.28,1234210,16324727.00
2022/08/02,13.19,13.24,12.43,12.56,2754494,34890940.00
2022/08/03,12.53,12.82,12.50,12.61,1796307,22855612.00
2022/08/04,12.62,12.96,12.62,12.95,1240342,15904487.00
2022/08/05,12.96,13.18,12.92,13.07,1071005,13953665.00
2022/08/08,13.05,13.19,12.95,13.11,1114000,14565011.00
2022/08/09,13.19,13.45,13.03,13.32,1943000,25749612.00
2022/08/10,13.32,13.49,13.31,13.43,2081655,27890370.00
2022/08/11,13.46,13.64,13.46,13.60,2246316,30504826.00
2022/08/12,13.60,14.96,13.59,14.96,17311759,256512416.00
2022/08/15,14.80,16.46,14.60,16.19,26909332,416644032.00
2022/08/16,15.96,16.88,15.80,16.71,18944075,307565984.00
2022/08/17,16.57,16.77,16.13,16.27,9241200,151069792.00
2022/08/18,16.29,16.50,15.75,15.96,8284517,132268616.00
2022/08/19,16.04,16.66,15.70,16.12,11039310,179950320.00
2022/08/22,16.14,16.33,15.78,15.93,4856651,77392080.00
2022/08/23,16.02,16.20,15.75,15.94,4150053,66056476.00
2022/08/24,16.03,16.03,14.73,14.82,8086339,122607832.00
2022/08/25,14.89,15.11,14.07,14.28,8402352,121254088.00
2022/08/26,14.30,14.71,14.23,14.35,3353971,48580216.00
2022/08/29,14.10,14.53,14.10,14.44,2521200,36335788.00
2022/08/30,14.43,14.61,14.13,14.20,2600739,37076652.00
2022/08/31,14.17,14.17,13.45,13.56,3927300,53785604.00
2022/09/01,13.45,13.67,13.25,13.33,2417300,32456236.00
2022/09/02,13.39,13.49,13.21,13.44,1829799,24479162.00
2022/09/05,13.38,13.50,13.21,13.28,1922900,25666658.00
2022/09/06,13.29,13.68,13.29,13.67,3862159,52326044.00
2022/09/07,14.16,15.04,14.16,15.04,3372020,50070420.00
2022/09/08,16.30,16.30,14.92,15.14,17437492,271235488.00
2022/09/09,15.15,15.29,14.53,14.65,9292557,137817392.00
2022/09/13,14.57,14.93,14.24,14.34,4493535,64954444.00
2022/09/14,14.30,14.30,13.88,14.15,4053300,57047720.00
2022/09/15,14.10,14.34,13.54,13.65,4529707,62876328.00
2022/09/16,13.72,13.82,13.35,13.37,2984578,40532100.00
2022/09/19,13.40,13.76,13.13,13.31,2248610,29961302.00
2022/09/20,13.40,13.64,13.34,13.53,2861659,38502424.00
2022/09/21,13.45,13.51,13.03,13.50,2263123,30126650.00
2022/09/22,13.40,13.80,13.27,13.80,3471813,47217408.00
2022/09/23,13.76,13.76,12.84,12.87,5295839,69971600.00
2022/09/26,12.63,12.79,12.20,12.29,4014699,50071856.00
2022/09/27,12.30,12.46,12.15,12.45,2535922,31210468.00
2022/09/28,12.39,12.43,12.04,12.05,2580633,31505018.00
2022/09/29,12.11,12.31,11.99,12.06,1944600,23668172.00
2022/09/30,12.05,12.21,11.91,12.02,1458387,17575088.00
2022/10/10,12.02,12.20,11.52,11.61,2085900,24719894.00
2022/10/11,11.81,11.81,11.41,11.70,1678988,19473496.00
2022/10/12,11.82,12.16,11.65,12.16,2720425,32494924.00
2022/10/13,12.01,12.48,11.99,12.28,2370370,29162958.00
2022/10/14,12.48,12.50,12.33,12.44,2186291,27171020.00
2022/10/17,12.28,12.60,12.26,12.60,1959119,24468548.00
2022/10/18,12.60,12.69,12.40,12.54,1956419,24523414.00
2022/10/19,12.48,12.59,12.40,12.48,1719100,21502520.00
2022/10/20,12.31,12.49,12.14,12.36,2323022,28612026.00
2022/10/21,12.36,12.36,12.10,12.10,1494135,18235524.00
2022/10/24,12.20,12.34,12.00,12.01,2177698,26527568.00
2022/10/25,12.09,12.09,11.62,11.90,2010500,23730354.00
2022/10/26,11.97,12.80,11.91,12.55,4733758,58773976.00
2022/10/27,12.30,12.69,12.11,12.15,5010642,61667280.00
2022/10/28,12.07,12.11,11.52,11.60,3287620,38763196.00
2022/10/31,11.56,11.85,11.53,11.77,1834238,21472550.00
2022/11/01,11.84,12.03,11.72,12.02,1997039,23838482.00
2022/11/02,12.07,12.10,11.91,12.02,1979100,23800678.00
2022/11/03,11.97,12.21,11.96,12.15,1901202,23012172.00
2022/11/04,12.01,12.29,12.01,12.25,3346019,40688900.00
2022/11/07,12.23,12.53,12.18,12.39,3314802,41078944.00
2022/11/08,12.39,12.43,12.24,12.28,2166300,26668454.00
2022/11/09,12.28,12.41,12.25,12.33,1709791,21068006.00
2022/11/10,12.30,12.70,12.27,12.52,3554429,44381852.00
2022/11/11,12.77,12.77,12.37,12.46,4372600,54823508.00
2022/11/14,12.39,12.56,12.32,12.39,2376002,29535828.00
2022/11/15,12.40,12.55,12.28,12.54,1887268,23519252.00
2022/11/16,12.54,12.60,12.46,12.52,1695310,21237140.00
2022/11/17,12.46,12.54,12.40,12.54,1495300,18652306.00
2022/11/18,12.53,12.57,12.30,12.34,1784235,22227504.00
2022/11/21,12.34,12.48,12.03,12.45,1495600,18407772.00
2022/11/22,12.50,12.50,12.26,12.33,1509200,18689536.00
2022/11/23,12.30,12.35,12.08,12.19,1635300,19897556.00
2022/11/24,12.19,12.57,12.19,12.51,2589700,32159448.00
2022/11/25,12.47,12.51,12.27,12.29,1592449,19696008.00
2022/11/28,12.24,12.25,12.02,12.12,1520705,18399652.00
2022/11/29,12.10,12.38,12.09,12.36,1819182,22277916.00
2022/11/30,12.49,12.55,12.32,12.35,1965021,24373890.00
2022/12/01,12.48,12.54,12.40,12.40,1823571,22724084.00
2022/12/02,12.38,12.51,12.36,12.50,1366589,17037044.00
2022/12/05,12.57,12.69,12.46,12.68,2665238,33521326.00
2022/12/06,12.66,12.66,12.51,12.58,1480800,18630480.00
2022/12/07,12.58,12.77,12.47,12.68,2301000,29161304.00
2022/12/08,12.68,12.72,12.54,12.65,1403758,17730702.00
2022/12/09,13.03,13.79,13.03,13.20,9167145,121855928.00
2022/12/12,13.13,13.20,12.71,12.80,5336628,68884720.00
2022/12/13,12.80,13.16,12.63,13.15,4452343,57600852.00
2022/12/14,13.15,13.41,12.85,12.88,4684510,61415812.00
2022/12/15,12.88,12.94,12.74,12.79,2282900,29225744.00
2022/12/16,12.70,13.15,12.57,12.90,3311310,42478124.00
2022/12/19,12.90,13.39,12.78,12.81,5927866,77696280.00
2022/12/20,12.89,14.09,12.89,14.09,7312031,100933624.00
2022/12/21,14.62,15.50,14.62,15.50,19906877,302356608.00
2022/12/22,16.95,16.97,15.09,15.15,34732533,559164928.00
2022/12/23,15.01,15.77,13.70,14.09,27460959,399855296.00
2022/12/26,13.80,13.86,13.32,13.59,17216098,233594224.00
2022/12/27,13.55,13.72,13.22,13.59,12601385,169321232.00
2022/12/28,13.41,14.48,12.97,14.05,23229490,316967840.00
2022/12/29,13.56,13.80,13.36,13.36,12697207,172351104.00
2022/12/30,13.17,13.29,12.94,13.08,9662526,126615464.00
2023/01/03,13.08,13.60,13.08,13.60,10698900,143365328.00
2023/01/04,13.50,13.77,13.32,13.58,8454200,114549032.00
2023/01/05,13.58,13.58,13.28,13.31,7213827,96750128.00
2023/01/06,13.25,13.75,13.23,13.66,8880227,120434480.00
2023/01/09,13.70,13.70,13.43,13.70,6993727,95002616.00
2023/01/10,13.64,13.66,13.33,13.46,7113800,95613432.00
2023/01/11,13.49,13.58,13.10,13.17,5580589,74659032.00
2023/01/12,13.14,13.24,12.93,12.93,5506600,71773216.00
2023/01/13,12.94,13.00,12.81,12.92,2994200,38631012.00
2023/01/16,12.86,13.12,12.86,13.03,2796775,36395692.00
2023/01/17,13.02,13.12,12.96,13.00,1759600,22886888.00
2023/01/18,13.03,13.06,12.94,13.00,1617530,21022884.00
2023/01/19,12.99,13.03,12.96,13.02,1959075,25485898.00
2023/01/20,13.02,13.17,13.00,13.16,2265800,29690320.00
2023/01/30,13.26,13.36,13.21,13.27,3532339,46882156.00
2023/01/31,13.28,13.49,13.16,13.49,3713266,49660392.00
2023/02/01,13.49,13.63,13.43,13.62,4029711,54665996.00
2023/02/02,13.62,13.82,13.53,13.78,5038627,69051192.00
2023/02/03,13.80,13.81,13.44,13.65,4259200,57881980.00
2023/02/06,13.55,13.72,13.50,13.67,2705000,36810104.00
2023/02/07,13.68,13.74,13.54,13.60,2254076,30614646.00
2023/02/08,13.60,13.73,13.59,13.66,2898200,39658356.00
2023/02/09,13.58,13.85,13.55,13.84,3694039,50748488.00
2023/02/10,13.81,13.95,13.71,13.81,2888700,39959416.00
2023/02/13,13.84,13.89,13.76,13.84,2742600,37892120.00
2023/02/14,13.95,13.95,13.80,13.90,2901470,40281236.00
2023/02/15,13.88,14.11,13.83,13.89,3325560,46358780.00
2023/02/16,13.98,13.98,13.36,13.46,4926700,67432128.00
2023/02/17,13.52,13.76,13.46,13.52,3110128,42303920.00
2023/02/20,13.47,13.65,13.42,13.64,1953364,26513002.00
2023/02/21,13.64,13.87,13.61,13.83,2878300,39629848.00
2023/02/22,13.77,13.86,13.68,13.78,1720330,23707660.00
2023/02/23,13.86,13.86,13.59,13.66,1979300,27123948.00
2023/02/24,13.70,13.70,13.50,13.54,1471503,19978172.00
2023/02/27,13.55,13.80,13.46,13.59,2445091,33260380.00
2023/02/28,13.58,13.63,13.36,13.55,2690149,36281212.00
2023/03/01,13.55,13.66,13.51,13.65,1462510,19876878.00
2023/03/02,13.67,13.72,13.53,13.53,1861800,25368384.00
2023/03/03,13.55,13.60,13.46,13.59,1459809,19780642.00
2023/03/06,13.59,13.63,13.43,13.50,1415300,19110896.00
2023/03/07,13.51,13.53,13.10,13.15,2232100,29712722.00
2023/03/08,13.10,13.22,13.08,13.20,1054010,13865233.00
2023/03/09,13.23,13.34,13.14,13.30,1179000,15626856.00
2023/03/10,13.22,13.31,13.19,13.22,1245100,16489134.00
2023/03/13,13.23,13.23,12.98,13.16,1181900,15468099.00
2023/03/14,13.20,13.23,12.78,12.85,1615100,20857646.00
2023/03/15,12.92,13.25,12.92,13.18,1374983,18084220.00
2023/03/16,13.13,13.14,12.90,12.94,1382985,17972418.00
2023/03/17,12.99,13.09,12.77,12.81,1952400,25124272.00
2023/03/20,12.61,12.66,12.40,12.51,2244500,28051110.00
2023/03/21,12.53,12.77,12.48,12.75,1525800,19335248.00
2023/03/22,12.72,12.90,12.71,12.77,1097748,14046965.00
2023/03/23,12.75,12.81,12.62,12.72,1114451,14136327.00
2023/03/24,12.72,12.76,12.58,12.63,1323400,16740923.00
2023/03/27,12.65,13.08,12.49,12.81,3509351,44822292.00
2023/03/28,12.70,12.74,12.42,12.47,2699439,33804668.00
2023/03/29,12.45,12.50,12.36,12.40,1065873,13227225.00
2023/03/30,12.40,12.41,12.17,12.22,1344110,16438007.00
2023/03/31,12.30,12.41,12.24,12.32,1030891,12718460.00
2023/04/03,12.43,12.56,12.35,12.53,1228373,15302541.00
2023/04/04,12.50,12.58,12.33,12.33,1198779,14857264.00
2023/04/06,12.33,12.66,12.20,12.59,1493701,18564608.00
2023/04/07,12.76,13.80,12.61,13.10,8357710,110630344.00
2023/04/10,13.02,13.08,12.76,12.86,3850993,49578908.00
2023/04/11,12.76,12.80,12.61,12.70,1729600,21923164.00
2023/04/12,12.76,12.76,12.50,12.60,2452837,30943050.00
2023/04/13,12.60,12.67,12.51,12.63,1761391,22148614.00
2023/04/14,12.64,12.69,12.52,12.60,1096910,13821618.00
2023/04/17,12.60,12.66,12.53,12.63,1233300,15560636.00
2023/04/18,12.57,12.62,12.41,12.43,1653362,20598698.00
2023/04/19,12.40,12.43,12.32,12.37,871400,10780129.00
2023/04/20,12.35,12.37,12.14,12.18,1120843,13693312.00
2023/04/21,12.15,12.32,11.87,11.92,1625463,19627246.00
2023/04/24,11.91,12.04,11.76,11.99,962700,11476433.00
2023/04/25,11.84,12.02,11.46,11.53,1816123,21129570.00
2023/04/26,11.56,11.79,11.48,11.71,1143552,13391315.00
2023/04/27,11.63,11.79,11.60,11.72,771900,9041427.00
2023/04/28,11.74,11.87,11.68,11.85,729344,8594807.00
2023/05/04,12.12,12.19,11.92,12.02,1148363,13829807.00
2023/05/05,11.99,12.05,11.85,11.96,874163,10433569.00
2023/05/08,11.97,12.09,11.91,11.94,670400,8012321.00
2023/05/09,11.95,11.95,11.74,11.76,939000,11118583.00
2023/05/10,11.80,11.95,11.64,11.92,633600,7510930.00
2023/05/11,11.96,11.99,11.86,11.88,576439,6863071.00
2023/05/12,11.87,11.95,11.73,11.73,837610,9891122.00
2023/05/15,11.76,11.89,11.70,11.88,702732,8301935.00
2023/05/16,11.89,11.89,11.77,11.79,497800,5889281.00
2023/05/17,11.77,11.91,11.74,11.80,933900,11038943.00
2023/05/18,11.80,11.88,11.75,11.85,880749,10408293.00
2023/05/19,11.85,12.19,11.80,11.90,937949,11140259.00
2023/05/22,11.86,12.03,11.85,12.03,1167439,13973711.00
2023/05/23,12.09,12.09,11.92,11.94,695239,8336648.00
2023/05/24,11.99,12.03,11.85,11.96,685810,8200600.50
2023/05/25,12.02,12.02,11.87,11.99,911810,10895087.00
2023/05/26,12.03,12.03,11.81,11.93,650009,7745112.50
2023/05/29,11.93,11.99,11.75,11.80,907800,10749717.00
2023/05/30,11.80,11.86,11.59,11.70,1053600,12324396.00
2023/05/31,11.62,11.71,11.54,11.58,844200,9798823.00
2023/06/01,11.50,11.74,11.47,11.64,823200,9570570.00
2023/06/02,11.70,11.86,11.65,11.82,1027600,12091603.00
2023/06/05,11.88,11.88,11.75,11.81,545900,6440119.00
2023/06/06,11.85,11.86,11.52,11.57,1091763,12699656.00
2023/06/07,11.57,11.57,11.38,11.43,1019039,11665027.00
2023/06/08,11.47,11.49,11.34,11.38,575500,6565171.00
2023/06/09,11.63,11.64,11.38,11.43,722573,8270002.00
2023/06/12,11.42,11.75,11.30,11.71,1349800,15593676.00
2023/06/13,11.61,11.92,11.56,11.89,1542463,18208608.00
2023/06/14,11.95,12.29,11.81,11.82,1933900,23211888.00
2023/06/15,11.82,11.93,11.75,11.87,839073,9946426.00
2023/06/16,11.95,11.98,11.76,11.79,914700,10803151.00
2023/06/19,11.79,11.82,11.58,11.61,1060420,12374529.00
2023/06/20,11.59,11.60,11.43,11.48,964700,11094340.00
2023/06/21,11.48,11.63,11.42,11.43,929900,10703167.00
2023/06/26,11.43,11.55,11.23,11.26,1340888,15166384.00
2023/06/27,11.28,11.54,11.24,11.51,988710,11306470.00
2023/06/28,11.55,11.56,11.36,11.42,991649,11342648.00
2023/06/29,11.63,11.63,11.36,11.46,690988,7911079.50
2023/06/30,11.51,11.67,11.45,11.64,1457305,16935102.00
2023/07/03,11.72,11.82,11.62,11.70,1480800,17322326.00
2023/07/04,11.70,11.74,11.65,11.70,980678,11458582.00
2023/07/05,11.71,11.77,11.65,11.67,1223720,14325516.00
2023/07/06,11.68,11.89,11.60,11.85,1848832,21738660.00
2023/07/07,12.04,12.04,11.70,11.80,3191246,37876004.00
2023/07/10,11.92,11.95,11.77,11.85,1853246,21957972.00
2023/07/11,11.76,11.90,11.76,11.89,1626810,19279056.00
2023/07/12,11.90,11.92,11.82,11.83,1344700,15966965.00
2023/07/13,11.85,11.95,11.84,11.89,825209,9806599.00
2023/07/14,11.85,11.90,11.81,11.90,1058709,12550355.00
2023/07/17,11.83,11.89,11.74,11.84,1150700,13592984.00
2023/07/18,11.88,12.16,11.81,12.04,2116727,25391640.00
2023/07/19,12.21,12.64,12.02,12.07,4256149,51916236.00
2023/07/20,12.06,12.20,11.90,11.92,2490600,30020108.00
2023/07/21,11.88,12.08,11.88,11.91,1495400,17907612.00
2023/07/24,11.85,11.95,11.78,11.87,947400,11262604.00
2023/07/25,11.95,12.05,11.91,12.00,894100,10711572.00
2023/07/26,12.01,12.24,11.95,12.16,1815700,21993470.00
2023/07/27,12.13,12.20,12.03,12.04,1011700,12245713.00
2023/07/28,12.08,12.17,11.96,12.16,1166200,14111157.00
2023/07/31,12.15,12.20,12.10,12.14,1063800,12929270.00
2023/08/01,12.14,12.20,12.09,12.18,867086,10526264.00
2023/08/02,12.12,12.18,12.08,12.17,856859,10399858.00
2023/08/03,12.15,12.20,12.05,12.09,692289,8369243.00
2023/08/04,12.09,12.15,11.92,11.93,1555900,18695542.00
2023/08/07,11.96,11.96,11.81,11.84,1027600,12177362.00
2023/08/08,11.83,12.05,11.81,11.94,1050539,12514766.00
2023/08/09,11.93,11.93,11.75,11.77,807600,9527598.00
2023/08/10,11.76,11.90,11.76,11.87,636300,7544523.00
2023/08/11,11.80,11.92,11.70,11.71,842700,9943749.00
2023/08/14,11.68,11.68,11.56,11.64,625203,7260485.00
2023/08/15,11.64,11.68,11.57,11.66,618900,7196789.00
2023/08/16,11.69,11.76,11.60,11.65,982400,11483119.00
2023/08/17,11.60,11.81,11.48,11.79,1025200,11940030.00
2023/08/18,11.75,11.89,11.75,11.76,1003200,11872898.00
2023/08/21,11.80,11.91,11.72,11.73,662100,7818678.00
2023/08/22,11.73,11.79,11.30,11.47,1450900,16652002.00
2023/08/23,11.49,11.49,11.28,11.29,716300,8124609.00
2023/08/24,11.41,11.43,11.05,11.14,1229478,13713809.00
2023/08/25,11.14,11.26,10.92,10.96,1270439,14069257.00
2023/08/28,11.45,11.45,11.11,11.15,1551110,17476660.00
2023/08/29,11.15,11.41,11.11,11.38,1169400,13259630.00
2023/08/30,11.38,11.56,11.36,11.48,1013009,11641786.00
2023/08/31,11.46,11.50,11.40,11.47,568300,6498008.00
2023/09/01,11.35,11.55,11.35,11.54,770900,8855209.00
2023/09/04,11.59,11.84,11.52,11.83,1553609,18237598.00
2023/09/05,11.82,11.88,11.76,11.84,994600,11751897.00
2023/09/06,11.84,11.95,11.75,11.95,1362509,16217483.00
2023/09/07,11.97,11.97,11.79,11.81,1059000,12556055.00
2023/09/08,11.81,11.88,11.70,11.76,999600,11800169.00
2023/09/11,11.80,11.95,11.78,11.90,1334600,15873133.00
2023/09/12,11.93,11.98,11.88,11.97,1193749,14260592.00
2023/09/13,12.14,12.25,11.91,11.95,5766349,69667752.00
2023/09/14,11.96,12.08,11.76,11.91,3300645,39274852.00
2023/09/15,11.90,11.95,11.78,11.86,1740428,20650538.00
2023/09/18,11.86,12.12,11.78,12.01,3740583,44965044.00
2023/09/19,11.94,12.40,11.92,12.11,5112700,62388528.00
2023/09/20,11.98,12.55,11.98,12.40,7451323,91709480.00
2023/09/21,12.40,12.40,11.93,12.05,5097878,61728692.00
2023/09/22,12.02,12.10,11.60,11.86,4494350,53012604.00
2023/09/25,11.84,11.95,11.68,11.72,2344786,27627496.00
2023/09/26,11.83,11.83,11.31,11.36,2896971,33027888.00
2023/09/27,11.33,11.43,11.23,11.39,1170032,13305787.00
2023/09/28,11.40,11.64,11.40,11.57,1394439,16129323.00
2023/10/09,11.60,11.60,11.20,11.24,2466903,27910778.00
2023/10/10,11.30,11.34,11.15,11.23,1210969,13610796.00
2023/10/11,11.26,11.40,11.18,11.31,1421903,16051683.00
2023/10/12,11.31,11.44,11.27,11.43,1102900,12531529.00
2023/10/13,11.36,11.39,11.24,11.32,1052600,11881298.00
2023/10/16,11.35,11.38,11.26,11.35,936600,10592226.00
2023/10/17,11.42,11.42,11.23,11.35,1038300,11753251.00
2023/10/18,11.36,11.37,11.16,11.18,918600,10330175.00
2023/10/19,11.15,11.28,11.01,11.12,891900,9956787.00
2023/10/20,11.13,11.50,11.12,11.32,2061300,23377190.00
2023/10/23,11.31,11.31,10.91,10.99,1772571,19683130.00
2023/10/24,11.14,11.36,11.00,11.34,1885928,21190418.00
2023/10/25,11.50,11.50,11.35,11.42,1274625,14547105.00
2023/10/26,11.35,11.54,11.29,11.49,1183734,13498499.00
2023/10/27,11.54,11.72,11.41,11.68,1628800,18939632.00
2023/10/30,11.70,11.86,11.63,11.85,1861800,21998050.00
2023/10/31,11.86,11.91,11.80,11.90,1403200,16662177.00
2023/11/01,11.90,11.93,11.80,11.92,1441500,17146226.00
2023/11/02,11.92,11.95,11.66,11.78,1864218,21959682.00
2023/11/03,11.80,11.84,11.72,11.77,1388500,16356120.00
2023/11/06,11.86,11.89,11.79,11.80,1444300,17074700.00
2023/11/07,11.76,11.89,11.74,11.87,1205400,14261307.00
2023/11/08,11.87,11.89,11.76,11.78,942600,11136511.00
2023/11/09,11.84,11.87,11.74,11.80,982932,11589118.00
2023/11/10,11.75,11.82,11.68,11.82,914100,10753070.00
2023/11/13,11.81,11.89,11.72,11.86,1226000,14474116.00
2023/11/14,11.86,11.92,11.79,11.80,1143400,13534551.00
2023/11/15,11.83,11.92,11.81,11.90,1060600,12595601.00
2023/11/16,11.85,11.93,11.82,11.82,1042110,12378534.00
2023/11/17,11.82,11.91,11.81,11.88,1040000,12347740.00
2023/11/20,11.91,12.00,11.85,12.00,1426900,17004868.00
2023/11/21,11.94,12.07,11.81,11.83,1268639,15079880.00
2023/11/22,11.83,11.93,11.80,11.84,1200549,14251832.00
2023/11/23,11.84,12.01,11.75,11.97,1115700,13323469.00
2023/11/24,12.03,12.09,11.88,11.89,1154310,13798888.00
2023/11/27,11.90,11.96,11.76,11.88,1468500,17381464.00
2023/11/28,11.87,12.00,11.77,11.99,1148792,13729012.00
2023/11/29,12.02,12.06,11.90,11.91,856139,10252578.00
2023/11/30,11.92,11.95,11.78,11.85,1322900,15675329.00
2023/12/01,11.89,11.89,11.77,11.82,1070800,12652844.00
2023/12/04,11.84,11.88,11.77,11.79,1098162,12980486.00
2023/12/05,11.80,11.88,11.72,11.72,964600,11393457.00
2023/12/06,11.72,11.95,11.65,11.83,1241300,14726003.00
2023/12/07,11.91,11.91,11.66,11.72,1286600,15082142.00
2023/12/08,11.66,11.80,11.45,11.47,1473600,17050268.00
2023/12/11,11.37,11.59,11.36,11.50,1807025,20767606.00
2023/12/12,11.55,11.59,11.34,11.53,1310582,14973072.00
2023/12/13,11.53,11.66,11.42,11.57,1346200,15569817.00
2023/12/14,11.57,11.69,11.56,11.60,1085400,12618925.00
2023/12/15,11.68,11.68,11.51,11.56,1026400,11864706.00
2023/12/18,11.56,11.56,11.39,11.40,1009117,11572910.00
2023/12/19,11.39,11.51,11.34,11.48,974000,11122213.00
2023/12/20,11.58,11.60,11.44,11.44,975100,11239589.00
2023/12/21,11.42,11.62,11.28,11.60,1324093,15172923.00
2023/12/22,11.60,11.62,11.37,11.43,1098184,12571781.00
2023/12/25,11.43,11.49,11.12,11.22,1400717,15726239.00
2023/12/26,11.21,11.43,11.15,11.24,1845438,20891630.00
2023/12/27,11.26,11.67,11.05,11.67,3533603,40085228.00
2023/12/28,12.84,12.84,12.84,12.84,4567300,58644132.00
2023/12/29,14.00,14.12,13.57,14.12,31018432,435997952.00
2024/01/02,13.50,15.53,13.36,15.53,30592016,453589184.00
2024/01/03,15.68,17.08,15.55,17.08,32985741,541453504.00
2024/01/04,18.79,18.79,16.79,17.20,68052070,1228653440.00
2024/01/05,16.81,17.71,15.48,15.80,51497259,834244928.00
2024/01/08,15.79,16.49,15.79,15.84,30800038,496827168.00
2024/01/09,15.54,16.58,15.54,16.36,24157306,391241568.00
2024/01/10,16.08,17.00,15.89,16.15,24667710,402575392.00
2024/01/11,15.95,16.82,15.95,16.39,20356077,333809888.00
2024/01/12,16.24,17.96,15.90,16.85,36998839,628417600.00
2024/01/15,16.55,18.54,16.50,18.54,36119944,641359168.00
2024/01/16,19.30,19.69,16.69,17.01,56830863,1006270144.00
2024/01/17,16.47,17.05,15.31,15.31,26193800,419958400.00
2024/01/18,14.50,15.69,13.78,15.31,35526308,525972896.00
2024/01/19,14.89,16.84,14.78,16.84,51500283,828996608.00
2024/01/22,16.33,16.55,15.16,15.16,30659632,484230496.00
2024/01/23,14.50,16.68,13.64,16.68,54707801,798100864.00
2024/01/24,16.71,17.03,15.01,15.46,62492332,985543808.00
2024/01/25,14.99,15.02,14.29,14.47,45500320,660867584.00
2024/01/26,13.86,14.44,13.03,13.12,38275068,524905376.00
2024/01/29,13.00,13.00,11.82,11.85,29081078,358319520.00
2024/01/30,11.68,12.08,11.40,11.49,21539500,252662352.00
2024/01/31,11.46,11.55,10.91,11.21,22012991,246196608.00
2024/02/01,11.00,11.06,10.52,10.59,18671100,199914896.00
2024/02/02,10.59,10.73,9.63,9.96,20090300,205393888.00
2024/02/05,9.81,10.04,8.96,8.96,17642130,164052224.00
2024/02/06,8.68,9.15,8.06,8.70,18289100,155405424.00
2024/02/07,8.71,8.99,8.20,8.34,17757519,152325920.00
2024/02/08,8.34,9.15,8.30,8.98,17091629,148100384.00
2024/02/19,8.98,9.43,8.90,9.31,17022153,156503504.00
2024/02/20,9.23,9.48,9.03,9.42,12506468,116078472.00
2024/02/21,9.34,9.96,9.30,9.68,15069607,145840736.00
2024/02/22,9.62,9.93,9.59,9.92,12013839,117575120.00
2024/02/23,9.91,10.45,9.91,10.43,15210368,155723632.00
2024/02/26,10.47,10.71,10.21,10.48,15093725,157594384.00
2024/02/27,10.49,10.77,10.31,10.76,10589748,112270736.00
2024/02/28,10.90,11.07,9.81,9.86,17547262,184208352.00
2024/02/29,9.65,10.26,9.65,10.23,12257500,123364288.00
2024/03/01,10.22,10.69,10.17,10.47,11279971,117496496.00
2024/03/04,10.53,10.85,10.23,10.74,14371100,152014384.00
2024/03/05,10.71,11.11,10.51,10.81,16736448,181227584.00
2024/03/06,10.81,10.81,10.39,10.59,11052563,117247264.00
2024/03/07,10.66,10.75,10.39,10.42,8644563,91303800.00
2024/03/08,10.55,11.46,10.54,11.11,36602978,413013696.00
2024/03/11,10.77,10.94,10.60,10.88,25465676,273306912.00
2024/03/12,10.75,10.85,10.62,10.84,15804360,169768112.00
2024/03/13,10.76,10.96,10.74,10.80,12438500,134798288.00
2024/03/14,10.72,10.85,10.51,10.71,10618700,113747056.00
2024/03/15,10.59,10.85,10.56,10.83,9857266,105912608.00
2024/03/18,11.01,11.15,10.95,11.06,13668500,150910432.00
2024/03/19,11.06,11.39,11.03,11.12,12197260,136591664.00
2024/03/20,11.12,11.45,11.10,11.38,13162563,148292272.00
2024/03/21,11.35,11.40,11.10,11.32,10201700,114747432.00
2024/03/22,11.32,11.40,11.18,11.27,10607248,119663688.00
2024/03/25,11.20,11.34,10.80,10.80,9631423,107137376.00
2024/03/26,10.80,11.24,10.61,11.07,9730162,106640408.00
2024/03/27,11.00,11.56,10.95,11.13,17018439,191065568.00
2024/03/28,11.00,11.77,10.90,11.52,22901109,260428992.00
2024/03/29,11.41,11.58,11.30,11.38,13150499,149829232.00
2024/04/01,11.43,11.93,11.34,11.76,18373309,214052800.00
2024/04/02,11.76,12.94,11.64,12.40,34456184,429496096.00
2024/04/03,12.31,13.36,12.21,12.90,33210947,425193216.00
2024/04/08,12.60,12.60,11.76,11.84,23086942,282201792.00
2024/04/09,11.84,13.02,11.84,13.02,34702103,447365760.00
2024/04/10,12.89,13.10,12.22,12.45,30578899,381733216.00
2024/04/11,12.40,12.74,12.11,12.51,17754500,220434368.00
2024/04/12,12.36,12.40,11.94,12.13,15169839,184392736.00
2024/04/15,12.00,12.03,10.92,10.92,18136041,202426992.00
2024/04/16,10.42,10.55,9.83,9.83,14186104,140597712.00
2024/04/17,9.83,10.67,9.83,10.54,13813000,143150160.00
2024/04/18,10.48,10.52,10.09,10.14,12870300,131673112.00
2024/04/19,10.05,10.39,9.88,10.18,10684937,108974600.00
2024/04/22,10.00,10.60,9.86,9.99,8438200,84720624.00
2024/04/23,9.91,9.93,9.58,9.70,10254100,99855888.00
2024/04/24,9.73,9.94,9.73,9.91,6712700,66186360.00
2024/04/25,9.85,10.25,9.83,10.16,8300100,84125968.00
2024/04/26,10.13,10.20,9.91,10.15,8169993,82329816.00
2024/04/29,10.14,10.50,10.09,10.49,8408410,87176856.00
2024/04/30,10.46,10.63,10.31,10.48,6769720,71006688.00
2024/05/06,10.60,10.99,10.54,10.97,11963839,129008848.00
2024/05/07,10.99,11.62,10.88,11.60,17639675,200331120.00
2024/05/08,11.59,11.59,11.11,11.22,13484575,151294656.00
2024/05/09,11.20,11.45,11.20,11.28,10424900,118145896.00
2024/05/10,11.40,11.40,11.02,11.08,8189800,91160888.00
2024/05/13,10.92,10.97,10.72,10.78,6683600,72524392.00
2024/05/14,10.86,11.16,10.74,11.04,6638500,72676912.00
2024/05/15,11.09,11.10,10.86,11.02,5190300,57100220.00
2024/05/16,11.08,11.16,10.93,10.96,4987608,54976788.00
2024/05/17,10.92,11.10,10.89,11.10,4455600,49058944.00
2024/05/20,11.11,12.20,11.11,11.77,20689275,242317936.00
2024/05/21,11.72,11.73,11.28,11.40,11344900,128923000.00
2024/05/22,11.35,11.41,11.04,11.19,9855900,110248464.00
2024/05/23,11.20,11.30,10.81,11.05,10130200,111417424.00
2024/05/24,10.60,10.80,10.41,10.59,8060300,85660800.00
2024/05/27,10.59,10.80,10.41,10.76,5791375,61299964.00
2024/05/28,10.70,10.76,10.42,10.44,4847630,51122636.00
2024/05/29,10.45,10.66,10.42,10.59,4315000,45579984.00
2024/05/30,10.58,10.78,10.46,10.48,4141610,43859592.00
2024/05/31,10.45,10.51,10.37,10.43,3579000,37381692.00
2024/06/03,10.41,10.44,10.06,10.15,4565300,46520184.00
2024/06/04,10.22,10.22,9.91,10.04,4212700,42125004.00
2024/06/05,10.00,10.03,9.72,9.74,3719700,36723516.00
2024/06/06,9.72,9.92,9.15,9.26,7231100,68251032.00
2024/06/07,9.36,9.71,9.31,9.62,6215500,59326464.00
2024/06/11,9.59,9.66,9.44,9.63,3781600,36137976.00
2024/06/12,9.63,9.89,9.59,9.85,3340400,32771248.00
2024/06/13,9.81,9.90,9.60,9.61,3120900,30351736.00
2024/06/14,9.60,9.64,9.46,9.60,2502600,23949848.00
2024/06/17,9.55,9.64,9.41,9.43,2386700,22651104.00
2024/06/18,9.43,9.64,9.39,9.60,3078700,29474796.00
2024/06/19,9.60,9.71,9.55,9.62,3361300,32419362.00
2024/06/20,9.62,9.65,9.27,9.28,3905800,36759472.00
2024/06/21,9.29,9.36,9.18,9.27,2196100,20401736.00
2024/06/24,9.22,9.23,8.84,8.91,3983400,35784984.00
2024/06/25,8.90,9.23,8.88,9.08,3533200,32097864.00
2024/06/26,9.08,9.30,8.96,9.28,2470932,22597856.00
2024/06/27,9.30,9.37,9.13,9.16,2746908,25399850.00
2024/06/28,9.12,9.28,9.06,9.15,2404200,22130912.00
2024/07/01,9.18,9.38,9.11,9.34,3418000,31639824.00
2024/07/02,9.34,9.40,9.27,9.35,1798200,16810644.00
2024/07/03,9.31,9.39,9.26,9.26,1876038,17486120.00
2024/07/04,9.26,9.36,9.00,9.01,2242000,20446072.00
2024/07/05,9.03,9.15,8.85,9.14,1926110,17421188.00
2024/07/08,9.09,10.05,8.93,10.05,7338700,71232240.00
2024/07/09,9.91,10.35,9.59,10.13,18680675,185537760.00
2024/07/10,9.78,10.34,9.78,9.88,14193913,141850304.00
2024/07/11,9.88,10.03,9.84,10.00,11375134,113186752.00
2024/07/12,9.92,9.97,9.79,9.94,7505410,74102328.00
2024/07/15,9.90,10.05,9.71,9.78,4797805,47046740.00
2024/07/16,9.73,9.77,9.48,9.59,6085600,58240928.00
2024/07/17,9.54,9.59,9.23,9.23,5744100,53737752.00
2024/07/18,9.11,9.37,8.90,9.34,5383200,49213480.00
2024/07/19,9.30,9.41,9.25,9.30,4007759,37389988.00
2024/07/22,9.28,9.36,9.18,9.35,2931975,27246028.00
2024/07/23,9.36,9.39,9.08,9.08,3091900,28525862.00
2024/07/24,9.07,9.10,8.90,8.98,3189234,28678346.00
2024/07/25,8.96,9.15,8.91,9.07,2809559,25433950.00
2024/07/26,9.10,9.23,9.08,9.20,2509959,23030256.00
2024/07/29,9.22,9.34,9.15,9.24,2523629,23298966.00
2024/07/30,9.24,9.44,9.18,9.37,3296339,30857572.00
2024/07/31,9.36,9.56,9.30,9.55,3824415,36213892.00
2024/08/01,9.53,9.61,9.45,9.49,2739939,26036654.00
2024/08/02,9.44,9.50,9.31,9.31,2435900,22929496.00
2024/08/05,9.25,9.37,9.06,9.07,3003000,27664688.00
2024/08/06,9.19,9.35,9.18,9.34,3104700,28791744.00
2024/08/07,9.35,9.58,9.29,9.56,4078800,38696956.00
2024/08/08,9.42,9.56,9.35,9.45,3474056,32868748.00
2024/08/09,9.42,9.51,9.30,9.31,2928800,27584036.00
2024/08/12,9.35,9.44,9.22,9.24,2024200,18799852.00
2024/08/13,9.16,9.45,9.16,9.41,2198300,20490470.00
2024/08/14,9.43,9.47,9.30,9.30,1841100,17279560.00
2024/08/15,9.26,9.37,9.16,9.29,2251156,20882988.00
2024/08/16,9.30,9.36,9.16,9.19,1895239,17510630.00
2024/08/19,9.18,9.28,9.10,9.13,1936600,17783884.00
2024/08/20,9.16,9.17,8.93,8.95,2401600,21687980.00
2024/08/21,8.98,9.14,8.92,9.11,2138900,19408916.00
2024/08/22,9.07,9.12,8.90,8.92,2088100,18794156.00
2024/08/23,8.90,8.96,8.81,8.91,2049210,18193918.00
2024/08/26,8.94,9.08,8.88,9.06,1979600,17838866.00
2024/08/27,9.03,9.10,8.93,8.94,1378839,12396793.00
2024/08/28,8.94,9.04,8.88,9.00,1793183,16142087.00
2024/08/29,8.98,9.09,8.87,9.08,1914000,17258864.00
2024/08/30,9.15,9.25,9.04,9.15,3141900,28804482.00
2024/09/02,9.16,9.19,9.02,9.03,2104800,19197626.00
2024/09/03,9.06,9.16,8.99,9.09,2154000,19574992.00
2024/09/04,9.09,9.10,8.98,8.98,2056300,18573218.00
2024/09/05,9.00,9.04,8.91,9.02,1850810,16636463.00
2024/09/06,9.02,9.08,8.75,8.77,3129183,27798196.00
2024/09/09,8.77,8.84,8.61,8.78,1940883,16985394.00
2024/09/10,8.82,8.83,8.67,8.80,1485600,12999583.00
2024/09/11,8.75,8.85,8.72,8.73,1278700,11225355.00
2024/09/12,8.76,8.84,8.70,8.73,1434800,12579665.00
2024/09/13,8.71,8.75,8.56,8.56,1937800,16779206.00
2024/09/18,8.65,8.65,8.34,8.49,2221700,18744928.00
2024/09/19,8.52,8.77,8.52,8.76,2592400,22546688.00
2024/09/20,8.77,8.81,8.67,8.76,1894683,16551992.00
2024/09/23,8.74,8.81,8.70,8.73,1339900,11722383.00
2024/09/24,8.73,9.01,8.73,8.98,3242800,28881506.00
2024/09/25,9.11,9.26,9.05,9.06,3789700,34665320.00
2024/09/26,9.07,9.23,9.01,9.22,2899210,26504446.00
2024/09/27,9.31,9.70,9.28,9.53,6238100,59050204.00
2024/09/30,9.77,10.37,9.62,10.31,11135232,112230368.00
2024/10/08,11.30,11.31,10.18,10.75,14299528,153383056.00
2024/10/09,10.43,10.43,9.70,9.71,8950000,90111680.00
2024/10/10,9.79,10.05,9.62,9.78,5104057,50209424.00
2024/10/11,9.76,9.85,9.38,9.53,5251057,50517768.00
2024/10/14,9.58,9.74,9.43,9.69,4427400,42538104.00
2024/10/15,9.65,9.77,9.52,9.56,3224100,31053960.00
2024/10/16,9.53,9.64,9.42,9.53,3107108,29646208.00
2024/10/17,9.55,9.66,9.42,9.45,3385300,32328864.00
2024/10/18,9.41,9.73,9.41,9.60,4576906,43819284.00
2024/10/21,9.68,9.77,9.56,9.67,4491347,43463304.00
2024/10/22,9.70,9.88,9.68,9.87,4038400,39651528.00
2024/10/23,9.89,10.00,9.81,9.92,5827200,57843620.00
2024/10/24,9.92,9.95,9.81,9.87,2981800,29403352.00
2024/10/25,9.85,9.95,9.72,9.92,6676000,65768080.00
2024/10/28,9.87,10.04,9.85,10.04,6697448,66593740.00
2024/10/29,10.05,10.10,9.73,9.76,6574500,64932528.00
2024/10/30,9.70,9.80,9.55,9.68,4211697,40757504.00
2024/10/31,9.62,9.82,9.62,9.79,4515400,44084548.00
2024/11/01,9.73,9.90,9.56,9.63,5135638,49958512.00
2024/11/04,9.67,9.80,9.56,9.80,3663438,35579092.00
2024/11/05,9.84,9.94,9.80,9.94,4290000,42405024.00
2024/11/06,9.93,10.01,9.87,9.97,5694500,56676960.00
2024/11/07,9.94,10.50,9.89,10.42,9113810,93171672.00
2024/11/08,10.46,10.82,10.22,10.49,10236500,107001072.00
2024/11/11,11.06,11.26,10.76,10.77,14530540,159160240.00
2024/11/12,10.88,11.31,10.60,10.72,12027840,131448064.00
2024/11/13,10.72,11.05,10.65,10.83,8606800,93174344.00
2024/11/14,10.74,11.26,10.71,10.76,9615450,105199096.00
2024/11/15,10.76,11.81,10.76,11.17,24489919,276676320.00
2024/11/18,11.00,11.68,10.25,10.32,19340699,208031312.00
2024/11/19,10.24,10.56,10.16,10.53,10844028,112238512.00
2024/11/20,10.44,10.88,10.40,10.76,10877452,116909592.00
2024/11/21,10.77,11.57,10.77,11.03,12397838,137079072.00
2024/11/22,10.90,11.17,10.60,10.60,10536500,114436560.00
数据来源:通达信
