301013 利和兴 日线 不复权
      日期	    开盘	    最高	    最低	    收盘	    成交量	    成交额
2021/06/29,32.80,38.68,32.50,34.65,24316562,846257408.00
2021/06/30,33.00,40.79,32.01,36.90,22509124,820125120.00
2021/07/01,35.50,36.53,30.30,30.90,17141525,576005952.00
2021/07/02,29.11,29.90,26.79,26.93,14112835,393209504.00
2021/07/05,26.51,27.95,25.05,26.10,11083336,292035520.00
2021/07/06,26.00,31.32,26.00,31.32,13736889,390150912.00
2021/07/07,31.00,34.11,30.00,31.00,17238834,550174592.00
2021/07/08,29.92,29.94,27.80,28.19,12388892,352951328.00
2021/07/09,27.52,28.47,26.88,26.97,7874636,216113376.00
2021/07/12,26.83,27.88,26.71,27.06,5990829,162848240.00
2021/07/13,26.82,28.37,26.04,27.59,8792509,238604896.00
2021/07/14,27.13,29.10,27.01,27.31,7229293,202267216.00
2021/07/15,26.97,29.00,26.20,28.23,9368669,263617280.00
2021/07/16,27.63,28.14,26.58,26.60,7390833,201698976.00
2021/07/19,26.05,27.40,26.02,27.30,4709295,126440184.00
2021/07/20,27.95,32.30,27.70,29.43,12864809,384935136.00
2021/07/21,29.14,30.59,28.10,29.40,10316400,301848704.00
2021/07/22,28.60,29.10,27.80,27.80,7196745,202964912.00
2021/07/23,27.84,28.44,26.63,26.72,5453612,149190816.00
2021/07/26,26.72,28.18,26.28,28.18,5633016,153042208.00
2021/07/27,28.00,28.38,26.80,26.93,4887609,135079760.00
2021/07/28,26.10,26.66,23.50,24.79,4846119,121424352.00
2021/07/29,24.90,25.66,24.76,24.97,3694026,93188608.00
2021/07/30,24.63,25.75,24.62,24.89,3792606,95537208.00
2021/08/02,24.60,26.45,24.02,25.87,4399048,110720056.00
2021/08/03,25.33,26.49,24.88,26.27,5297480,136316464.00
2021/08/04,27.00,27.01,25.61,25.88,4228963,110211376.00
2021/08/05,25.49,25.79,24.80,24.85,3957259,99564784.00
2021/08/06,24.86,26.20,24.39,25.39,5084014,129593576.00
2021/08/09,24.81,25.70,24.66,25.70,3439676,86419344.00
2021/08/10,25.48,26.28,25.10,25.25,3666152,93877232.00
2021/08/11,24.95,25.90,24.80,25.65,3669222,93564600.00
2021/08/12,25.49,26.15,25.11,26.15,4597256,118276344.00
2021/08/13,26.85,28.00,26.23,26.28,8059449,219228160.00
2021/08/16,25.47,26.89,24.70,26.78,6349125,162637088.00
2021/08/17,26.30,28.00,26.00,27.58,7489478,202932192.00
2021/08/18,28.22,29.30,26.72,26.85,6576787,183082144.00
2021/08/19,26.18,26.45,25.51,25.52,4507330,117131168.00
2021/08/20,25.40,25.88,24.81,24.88,3139645,79154376.00
2021/08/23,24.65,26.04,24.51,25.85,3389539,86931936.00
2021/08/24,26.29,26.36,25.57,25.57,2895737,74911544.00
2021/08/25,25.45,27.50,25.45,27.20,5899864,156784832.00
2021/08/26,27.16,27.16,25.92,25.96,4079294,108034248.00
2021/08/27,25.48,26.17,25.30,25.58,2804281,71926224.00
2021/08/30,25.58,25.82,24.48,24.68,3810368,95171072.00
2021/08/31,24.50,24.79,23.13,23.63,3946263,94233440.00
2021/09/01,23.33,25.35,23.33,24.78,4025986,98917240.00
2021/09/02,24.00,24.77,24.00,24.50,2721911,66417296.00
2021/09/03,24.81,25.28,24.35,24.95,3300966,82312416.00
2021/09/06,24.70,25.58,24.64,25.50,2984822,75188928.00
2021/09/07,25.69,25.69,25.01,25.14,2392243,60305648.00
2021/09/08,25.35,25.44,24.93,25.04,2054823,51604652.00
2021/09/09,24.84,25.19,24.38,24.62,2208633,54770208.00
2021/09/10,24.62,25.09,24.43,25.03,1902333,47038136.00
2021/09/13,25.10,25.68,24.65,24.81,2556391,64387192.00
2021/09/14,24.50,27.00,24.32,25.12,3615053,91855784.00
2021/09/15,24.50,25.50,24.50,24.64,2004923,49580992.00
2021/09/16,24.75,24.97,24.30,24.30,2006311,49356084.00
2021/09/17,24.25,24.56,23.55,23.81,1816615,43332992.00
2021/09/22,23.61,23.79,23.32,23.70,1048382,24731088.00
2021/09/23,23.80,24.15,23.70,23.81,1174528,28105446.00
2021/09/24,23.72,24.11,23.56,24.09,1362800,32518316.00
2021/09/27,25.20,25.80,24.00,24.08,2842679,70764464.00
2021/09/28,23.00,23.53,22.54,23.07,2110411,48680496.00
2021/09/29,23.13,23.20,21.81,21.95,1801439,40394268.00
2021/09/30,22.18,22.59,22.01,22.25,1015997,22607382.00
2021/10/08,22.58,22.86,22.36,22.46,847373,19062476.00
2021/10/11,22.52,23.32,22.32,23.02,1432693,32781410.00
2021/10/12,22.81,23.00,22.15,22.40,1043251,23443132.00
2021/10/13,22.37,24.18,22.18,23.48,2417488,56342896.00
2021/10/14,23.06,23.29,22.76,23.17,1462921,33693656.00
2021/10/15,22.92,23.68,22.92,23.10,1067293,24836676.00
2021/10/18,23.12,26.50,23.11,25.41,6098027,151837216.00
2021/10/19,24.89,25.98,24.80,25.44,3864495,98310928.00
2021/10/20,26.97,27.27,24.65,24.68,5122245,130467632.00
2021/10/21,24.31,29.62,24.01,29.62,11717953,321369920.00
2021/10/22,29.45,30.19,27.41,27.90,10904780,308929344.00
2021/10/25,27.02,29.47,26.81,28.68,9635139,273338912.00
2021/10/26,26.61,28.20,26.50,27.28,7195988,196087904.00
2021/10/27,26.80,28.08,26.60,27.67,5859427,160121584.00
2021/10/28,27.50,27.50,25.01,26.37,5869346,153337392.00
2021/10/29,26.83,31.00,26.33,29.84,10409339,296520896.00
2021/11/01,29.00,29.77,27.77,28.25,8104546,230733968.00
2021/11/02,27.65,28.72,26.90,27.26,4869733,134485920.00
2021/11/03,27.11,27.65,26.12,27.06,4894395,130296344.00
2021/11/04,26.85,27.88,26.80,27.01,4674833,127362272.00
2021/11/05,26.82,28.50,26.82,27.31,6916166,192473824.00
2021/11/08,27.10,28.79,27.10,28.25,6911465,195434592.00
2021/11/09,28.05,28.98,27.55,28.90,6445403,182130688.00
2021/11/10,29.30,31.59,28.08,30.76,10722601,318969056.00
2021/11/11,32.38,36.00,31.20,31.53,11287318,372571552.00
2021/11/12,30.67,32.20,30.58,31.35,6609965,206725744.00
2021/11/15,32.01,36.75,31.66,33.70,8799612,300238688.00
2021/11/16,33.10,33.59,31.30,31.43,5473718,177568528.00
2021/11/17,30.94,31.78,29.28,30.84,7233986,217958848.00
2021/11/18,30.71,30.78,28.53,28.90,6170186,181740336.00
2021/11/19,28.80,29.28,28.30,28.85,3398537,97908576.00
2021/11/22,29.20,29.32,28.08,28.93,3383645,97580544.00
2021/11/23,28.95,30.07,28.39,29.81,4944042,145108928.00
2021/11/24,29.91,31.31,29.91,31.20,7086590,217899824.00
2021/11/25,31.20,31.30,29.82,29.99,4594812,140197856.00
2021/11/26,29.80,30.29,29.02,29.02,3032954,89681752.00
2021/11/29,28.37,29.88,28.29,29.63,2856159,83507840.00
2021/11/30,30.50,31.13,28.91,28.94,4230193,126869064.00
2021/12/01,28.61,29.78,28.61,29.43,2457688,71921368.00
2021/12/02,29.29,29.49,27.05,27.18,4305171,119819112.00
2021/12/03,27.20,27.95,27.08,27.18,1430086,39095248.00
2021/12/06,27.50,27.97,26.80,27.24,2224137,60902992.00
2021/12/07,27.35,27.48,26.03,26.15,2422900,64075344.00
2021/12/08,26.30,28.46,26.30,27.99,3173469,87041240.00
2021/12/09,27.90,29.29,27.76,27.85,3750236,106514048.00
2021/12/10,27.64,28.10,27.42,27.75,1665291,46136096.00
2021/12/13,27.79,28.18,27.50,27.85,1462333,40532932.00
2021/12/14,27.89,29.16,27.71,29.05,3482757,99737832.00
2021/12/15,28.90,30.57,28.68,29.90,4440278,131957984.00
2021/12/16,30.49,30.59,29.20,29.70,3112309,92603240.00
2021/12/17,29.70,29.88,28.79,29.39,2108288,61669196.00
2021/12/20,29.35,29.35,27.08,27.14,3047832,85244544.00
2021/12/21,27.58,27.58,26.88,27.40,1090400,29756440.00
2021/12/22,27.22,27.61,27.08,27.30,1199211,32775560.00
2021/12/23,27.40,27.40,26.10,26.22,2639377,69680168.00
2021/12/24,26.40,26.77,24.88,24.97,2047385,52150420.00
2021/12/27,24.91,25.20,24.50,24.67,1100169,27260792.00
2021/12/28,24.67,25.77,24.60,25.17,1373935,34620024.00
2021/12/29,24.49,25.07,24.21,24.80,2162288,53251556.00
2021/12/30,24.82,26.99,24.78,26.31,3676540,95283176.00
2021/12/31,26.10,26.20,25.70,25.70,1809698,46842052.00
2022/01/04,25.90,26.14,25.59,25.91,1042612,26959556.00
2022/01/05,26.07,26.30,25.00,25.15,1313444,33379264.00
2022/01/06,25.15,25.77,25.07,25.70,1102007,28005246.00
2022/01/07,26.70,26.70,25.42,26.13,2164527,56293324.00
2022/01/10,26.00,26.99,25.60,26.61,1737289,45943288.00
2022/01/11,26.67,26.75,26.01,26.15,1109000,29175804.00
2022/01/12,26.15,26.68,26.12,26.21,953836,25084792.00
2022/01/13,26.22,26.23,25.36,25.50,1310894,33715892.00
2022/01/14,25.50,25.91,25.00,25.17,694358,17684416.00
2022/01/17,25.10,25.78,25.02,25.69,962452,24562988.00
2022/01/18,25.59,25.68,24.66,24.84,1514641,37864124.00
2022/01/19,24.79,25.09,24.25,24.45,1116999,27500348.00
2022/01/20,24.45,24.58,23.16,23.18,1672348,39406556.00
2022/01/21,23.18,23.38,22.86,23.02,914350,21103694.00
2022/01/24,23.09,23.49,22.85,22.91,924812,21317070.00
2022/01/25,22.91,23.02,22.16,22.21,1032113,23209494.00
2022/01/26,22.34,22.67,22.04,22.36,660466,14774782.00
2022/01/27,22.53,22.53,21.06,21.06,1159943,25111450.00
2022/01/28,20.96,21.97,20.54,21.75,1099135,23718244.00
2022/02/07,22.30,22.59,21.83,22.35,697112,15534969.00
2022/02/08,22.35,22.59,22.07,22.44,644660,14418806.00
2022/02/09,22.55,24.15,22.41,24.09,2305536,54207712.00
2022/02/10,23.98,23.99,22.79,22.88,2078280,48050968.00
2022/02/11,22.78,22.78,22.00,22.00,1072227,23853916.00
2022/02/14,22.11,22.22,21.56,22.18,877477,19220990.00
2022/02/15,22.01,22.50,21.60,22.07,967594,21227800.00
2022/02/16,22.10,22.68,22.00,22.43,1116136,24983002.00
2022/02/17,22.42,22.61,22.07,22.19,953468,21313194.00
2022/02/18,22.15,22.15,21.73,21.94,754785,16482391.00
2022/02/21,21.98,22.40,21.89,22.32,765984,17010422.00
2022/02/22,22.48,22.48,21.49,21.66,1054409,22898320.00
2022/02/23,21.66,22.54,21.55,22.29,1359448,30202062.00
2022/02/24,22.35,22.44,21.01,21.46,1627610,35470724.00
2022/02/25,21.63,22.24,21.63,21.80,1087001,23870978.00
2022/02/28,21.70,22.19,21.27,22.05,1290121,28132300.00
2022/03/01,22.00,22.45,22.00,22.43,1006181,22398654.00
2022/03/02,22.11,22.46,22.07,22.46,713384,15907491.00
2022/03/03,22.51,22.68,22.02,22.13,857241,19065024.00
2022/03/04,21.87,22.24,21.60,21.71,949542,20791490.00
2022/03/07,21.54,21.71,21.00,21.12,911563,19338404.00
2022/03/08,21.13,21.31,20.15,20.22,932832,19168130.00
2022/03/09,20.44,20.47,18.70,19.68,1036380,20415928.00
2022/03/10,19.85,20.59,19.85,20.11,910338,18349278.00
2022/03/11,19.99,20.39,19.53,20.34,798965,15881165.00
2022/03/14,20.30,20.30,19.78,19.87,776994,15482622.00
2022/03/15,19.58,19.69,18.21,18.21,1053238,20009216.00
2022/03/16,18.44,18.93,17.71,18.52,1461334,26918456.00
2022/03/17,18.80,19.74,18.66,19.21,1416570,27260244.00
2022/03/18,19.21,19.60,19.11,19.35,730624,14143769.00
2022/03/21,19.30,19.94,19.20,19.86,1005843,19787188.00
2022/03/22,19.98,20.60,19.58,19.78,1517495,30311996.00
2022/03/23,19.80,20.88,19.78,20.41,2276517,46429216.00
2022/03/24,20.40,20.40,19.52,19.73,1535800,30425506.00
2022/03/25,19.73,19.97,19.51,19.63,726695,14356095.00
2022/03/28,19.47,19.80,19.11,19.33,604500,11762125.00
2022/03/29,19.33,19.59,18.78,18.87,736717,14033165.00
2022/03/30,19.11,19.21,18.65,18.90,774782,14644137.00
2022/03/31,18.89,19.30,18.70,18.75,811202,15403785.00
2022/04/01,18.71,18.79,18.23,18.31,878229,16109190.00
2022/04/06,18.50,19.27,18.40,18.91,1052410,19949686.00
2022/04/07,19.00,19.00,18.30,18.30,838532,15561103.00
2022/04/08,18.24,18.31,17.70,17.72,631300,11322357.00
2022/04/11,17.72,17.90,16.90,17.10,646663,11152897.00
2022/04/12,17.10,17.35,17.07,17.30,550867,9494696.00
2022/04/13,17.29,17.59,16.91,16.94,780711,13392951.00
2022/04/14,16.94,17.20,16.81,16.83,496200,8442101.00
2022/04/15,16.80,16.80,16.10,16.24,980368,16002329.00
2022/04/18,16.24,16.87,16.09,16.73,957210,15849702.00
2022/04/19,16.95,17.38,16.75,16.92,653348,11107522.00
2022/04/20,17.15,17.28,16.76,16.91,711838,12131667.00
2022/04/21,16.79,17.05,16.06,16.14,775000,12777763.00
2022/04/22,16.14,16.18,15.45,15.60,699300,10974790.00
2022/04/25,15.38,15.47,13.86,13.89,999337,14586835.00
2022/04/26,16.67,16.67,15.00,16.67,3082031,50524412.00
2022/04/27,16.28,17.68,15.84,17.11,5801484,98127312.00
2022/04/28,16.81,19.45,16.65,18.02,6407303,113648912.00
2022/04/29,18.31,20.75,16.83,20.09,6490375,118721240.00
2022/05/05,19.82,20.69,19.21,19.89,6188808,123400104.00
2022/05/06,19.28,20.14,18.20,18.52,4758767,90825936.00
2022/05/09,18.61,19.98,18.21,19.26,3787304,72624440.00
2022/05/10,19.25,20.56,18.82,20.24,5455246,107804832.00
2022/05/11,19.76,21.11,19.73,19.92,3457867,70576352.00
2022/05/12,20.51,23.90,19.46,23.90,8231713,184635472.00
2022/05/13,25.00,28.68,24.00,28.68,16786744,464698240.00
2022/05/16,27.53,27.58,22.94,22.94,14405491,354825632.00
2022/05/17,21.50,22.55,20.13,22.47,12392337,260427312.00
2022/05/18,21.80,21.89,21.09,21.12,7732012,165711728.00
2022/05/19,20.97,21.46,20.70,20.90,5328986,112368688.00
2022/05/20,21.13,21.28,20.41,20.56,5085693,105152984.00
2022/05/23,20.67,20.95,20.43,20.66,3680499,75883608.00
2022/05/24,20.87,20.87,18.80,18.93,5586400,109832488.00
2022/05/25,18.87,19.34,18.70,19.27,2427571,46210240.00
2022/05/26,19.27,19.33,18.56,18.90,2131272,40250092.00
2022/05/27,19.15,19.47,18.41,18.71,2436956,46134504.00
2022/05/30,18.72,18.92,18.42,18.83,1817777,34039240.00
2022/05/31,19.03,20.49,18.81,20.16,6219034,123801864.00
2022/06/01,19.70,20.47,19.64,19.74,3265997,64882872.00
2022/06/02,19.99,20.89,19.40,20.49,4959866,100539048.00
2022/06/06,20.34,20.69,20.11,20.52,2812479,57378716.00
2022/06/07,20.51,20.64,19.86,20.03,2494398,50317724.00
2022/06/08,20.04,20.30,19.38,19.85,2160120,42794676.00
2022/06/09,13.22,14.08,13.22,13.47,6487954,88454440.00
2022/06/10,13.33,14.15,13.32,13.78,7070743,96893816.00
2022/06/13,13.79,14.45,13.45,13.75,6126497,84933608.00
2022/06/14,13.57,13.88,13.11,13.29,4731858,63162348.00
2022/06/15,13.24,13.38,12.63,12.63,5259005,67742736.00
2022/06/16,12.59,12.83,12.55,12.60,2241528,28403750.00
2022/06/17,12.54,12.72,12.30,12.46,2449736,30579658.00
2022/06/20,12.59,12.68,12.36,12.54,2071684,25908914.00
2022/06/21,12.58,13.08,12.31,12.91,5033876,64787980.00
2022/06/22,12.89,12.93,12.30,12.34,3705813,46218320.00
2022/06/23,12.29,12.45,12.14,12.37,2174877,26789852.00
2022/06/24,12.39,12.75,12.31,12.42,2604294,32472800.00
2022/06/27,12.31,12.60,12.27,12.36,2514530,31138032.00
2022/06/28,12.39,14.08,12.14,13.25,9348188,124491776.00
2022/06/29,13.01,13.12,12.37,12.38,6913056,87867264.00
2022/06/30,12.23,12.37,11.90,11.99,5584934,67413392.00
2022/07/01,11.99,12.02,11.62,11.65,4317009,50877152.00
2022/07/04,11.70,11.77,11.19,11.36,5910463,67249904.00
2022/07/05,11.36,11.44,10.86,11.05,5024586,55902864.00
2022/07/06,11.07,11.13,10.72,10.82,4801050,52188308.00
2022/07/07,10.82,11.10,10.82,11.01,4659411,51090484.00
2022/07/08,10.99,11.49,10.96,11.34,5701928,64424664.00
2022/07/11,11.25,11.34,10.91,10.96,4009648,44205440.00
2022/07/12,10.96,11.10,10.56,10.57,4150336,44469364.00
2022/07/13,10.55,10.91,10.49,10.88,3287668,35428192.00
2022/07/14,10.88,11.25,10.85,11.07,3589157,39533160.00
2022/07/15,11.20,11.20,10.79,10.80,3313769,36272992.00
2022/07/18,10.76,11.10,10.71,11.02,3916051,43021152.00
2022/07/19,11.08,11.39,11.05,11.21,4698009,52704284.00
2022/07/20,11.29,11.60,11.19,11.45,10030107,114252736.00
2022/07/21,11.38,11.87,11.24,11.71,11268876,130469560.00
2022/07/22,11.62,11.79,11.39,11.75,10087185,117172816.00
2022/07/25,11.62,11.99,11.59,11.77,8656136,101831232.00
2022/07/26,11.75,11.78,11.38,11.64,7287080,84419120.00
2022/07/27,11.56,12.01,11.53,12.00,10024838,118557784.00
2022/07/28,12.01,12.58,11.92,12.48,13390109,164827504.00
2022/07/29,12.47,12.47,12.22,12.22,9555728,117678944.00
2022/08/01,12.24,12.52,12.07,12.40,8398987,103985008.00
2022/08/02,12.19,12.31,11.55,11.75,10905267,129306320.00
2022/08/03,11.87,12.12,11.52,11.61,7025400,83152960.00
2022/08/04,11.62,12.03,11.56,11.99,8615163,101834744.00
2022/08/05,11.91,12.18,11.66,11.98,10507716,125317104.00
2022/08/08,12.03,12.24,11.77,12.21,9416242,113881000.00
2022/08/09,12.19,12.50,12.11,12.48,9865391,121223504.00
2022/08/10,12.40,12.45,12.00,12.29,8965685,110214040.00
2022/08/11,12.32,13.38,12.30,12.80,18821454,240390624.00
2022/08/12,13.41,13.67,12.83,12.85,26089118,344108288.00
2022/08/15,12.97,13.08,12.61,12.78,12849416,164442896.00
2022/08/16,12.72,12.85,12.54,12.59,10301497,130513544.00
2022/08/17,12.69,12.93,12.62,12.71,10235440,130894216.00
2022/08/18,12.64,12.84,12.51,12.70,8214123,104265272.00
2022/08/19,12.69,12.99,12.27,12.34,9211447,115350368.00
2022/08/22,12.37,12.38,11.97,12.00,7374999,89090272.00
2022/08/23,11.90,12.24,11.88,12.13,5161871,62415308.00
2022/08/24,12.00,12.12,11.34,11.35,8535841,98963808.00
2022/08/25,11.40,11.42,10.86,10.98,5521222,60869488.00
2022/08/26,10.86,10.98,10.66,10.72,5185516,55966692.00
2022/08/29,10.50,10.78,10.40,10.70,2579546,27543072.00
2022/08/30,10.74,10.83,10.51,10.63,4790910,51130576.00
2022/08/31,10.53,10.60,10.15,10.22,4475392,46125280.00
2022/09/01,10.32,10.40,10.11,10.12,2368450,24223150.00
2022/09/02,10.16,10.53,10.14,10.43,3936279,40747332.00
2022/09/05,10.40,10.50,10.26,10.33,2761150,28612088.00
2022/09/06,10.36,10.37,10.17,10.27,3103457,31802938.00
2022/09/07,10.23,10.38,10.20,10.27,3056724,31441358.00
2022/09/08,10.34,10.34,10.01,10.05,3126950,31649492.00
2022/09/09,10.01,10.11,9.85,9.96,2726757,27092824.00
2022/09/13,9.98,10.18,9.96,10.10,2345200,23625640.00
2022/09/14,9.90,10.02,9.81,9.98,2327236,23088820.00
2022/09/15,9.98,10.03,9.53,9.66,3372431,32829412.00
2022/09/16,9.65,9.71,9.37,9.39,2716350,25935008.00
2022/09/19,9.37,9.44,9.20,9.25,1919695,17842538.00
2022/09/20,9.34,9.48,9.27,9.44,1749181,16477805.00
2022/09/21,9.42,9.64,9.24,9.58,2086235,19754588.00
2022/09/22,9.50,9.66,9.46,9.47,1673416,15981732.00
2022/09/23,9.49,9.50,9.16,9.18,1709963,15874071.00
2022/09/26,9.10,9.16,8.85,8.87,2596871,23312430.00
2022/09/27,8.91,9.19,8.90,9.13,3303849,29971596.00
2022/09/28,9.24,9.24,8.87,8.87,2747966,24753162.00
2022/09/29,8.95,9.08,8.61,8.67,2772950,24393516.00
2022/09/30,8.70,8.72,8.49,8.51,2790644,23958860.00
2022/10/10,8.55,8.55,8.19,8.24,2355052,19648888.00
2022/10/11,8.19,8.28,8.08,8.23,2146794,17557480.00
2022/10/12,8.21,8.61,8.13,8.61,3388183,28444922.00
2022/10/13,8.62,8.88,8.55,8.85,3268644,28584980.00
2022/10/14,8.85,9.09,8.85,9.00,2738566,24647802.00
2022/10/17,9.15,9.44,9.01,9.40,3866781,35801324.00
2022/10/18,9.44,9.51,9.31,9.37,2545850,23872476.00
2022/10/19,9.40,9.59,9.22,9.33,3300270,31032632.00
2022/10/20,9.19,9.45,9.12,9.34,3321302,30894072.00
2022/10/21,9.31,9.49,9.24,9.26,2142258,19955972.00
2022/10/24,9.28,9.48,9.00,9.05,2980300,27501580.00
2022/10/25,9.04,9.14,8.79,9.01,2540907,22793396.00
2022/10/26,9.11,9.32,8.98,9.24,2443184,22485312.00
2022/10/27,9.44,9.44,9.20,9.28,2656146,24727596.00
2022/10/28,9.28,9.34,8.64,8.74,4111270,36975308.00
2022/10/31,8.82,9.22,8.74,9.10,3122059,28281274.00
2022/11/01,9.10,9.42,9.03,9.42,3547371,32992368.00
2022/11/02,9.40,9.67,9.40,9.58,3867651,37004716.00
2022/11/03,9.46,9.58,9.38,9.49,2687294,25417610.00
2022/11/04,9.50,9.60,9.45,9.53,3047453,29056874.00
2022/11/07,9.62,9.97,9.53,9.86,6582993,64298112.00
2022/11/08,9.91,9.95,9.63,9.84,4462549,43853372.00
2022/11/09,9.87,9.93,9.69,9.70,2698600,26324436.00
2022/11/10,9.71,9.80,9.62,9.65,2826350,27423342.00
2022/11/11,9.80,9.88,9.50,9.51,3527392,34099100.00
2022/11/14,9.51,9.66,9.37,9.58,2729595,26073844.00
2022/11/15,9.45,9.77,9.44,9.71,2578692,24967090.00
2022/11/16,9.79,9.79,9.60,9.67,2259450,21920044.00
2022/11/17,9.67,9.68,9.47,9.60,3483534,33307272.00
2022/11/18,9.61,9.73,9.46,9.47,2345724,22546100.00
2022/11/21,9.60,9.60,9.37,9.50,2454986,23250074.00
2022/11/22,9.47,9.84,9.37,9.41,3461363,33142474.00
2022/11/23,9.35,9.48,9.05,9.16,3820565,35117284.00
2022/11/24,9.18,9.43,9.18,9.22,2694300,24999740.00
2022/11/25,9.19,9.25,8.89,8.92,3523646,31835964.00
2022/11/28,8.92,9.35,8.76,9.22,4677166,42608676.00
2022/11/29,9.22,9.34,9.14,9.24,3376200,31086998.00
2022/11/30,9.28,9.28,9.07,9.18,2674202,24434458.00
2022/12/01,9.30,9.38,9.20,9.25,3285806,30535470.00
2022/12/02,9.25,9.34,9.19,9.30,2519566,23411946.00
2022/12/05,9.30,9.40,9.25,9.29,2707830,25160684.00
2022/12/06,9.28,9.33,9.13,9.16,2657400,24506346.00
2022/12/07,9.16,9.20,9.04,9.08,2174392,19779542.00
2022/12/08,9.04,9.16,8.99,9.01,2101000,19020766.00
2022/12/09,9.04,9.05,8.87,8.91,2225250,19890158.00
2022/12/12,8.93,8.96,8.75,8.85,2513494,22245906.00
2022/12/13,8.88,9.00,8.71,8.74,2343600,20721018.00
2022/12/14,8.71,8.93,8.71,8.80,2856700,25248226.00
2022/12/15,8.79,9.15,8.75,9.13,4492250,40449800.00
2022/12/16,9.06,9.13,8.81,8.83,2828800,25151512.00
2022/12/19,8.84,8.84,8.49,8.52,2727050,23492660.00
2022/12/20,8.57,8.66,8.39,8.60,1598600,13639456.00
2022/12/21,8.60,8.62,8.39,8.48,1832168,15558059.00
2022/12/22,8.48,8.52,8.28,8.37,1647421,13813323.00
2022/12/23,8.29,8.40,8.10,8.39,1567100,12996550.00
2022/12/26,8.39,8.46,8.30,8.41,1574900,13218252.00
2022/12/27,8.43,8.54,8.25,8.34,1863578,15515114.00
2022/12/28,8.34,8.34,8.10,8.14,2067456,16894010.00
2022/12/29,8.10,8.24,8.09,8.13,1537146,12531526.00
2022/12/30,8.30,9.46,8.20,8.81,15740663,141805200.00
2023/01/03,8.68,8.83,8.48,8.81,10583450,91352088.00
2023/01/04,8.81,9.75,8.78,9.50,18009484,168523472.00
2023/01/05,9.55,10.45,9.40,10.41,21618620,217374736.00
2023/01/06,10.30,10.30,9.82,9.83,14699976,146442240.00
2023/01/09,9.84,10.16,9.72,9.88,10224987,101304640.00
2023/01/10,9.80,9.84,9.55,9.68,7778950,75280152.00
2023/01/11,9.55,9.78,9.48,9.49,5016500,48027412.00
2023/01/12,9.56,10.09,9.47,9.95,11774250,116403136.00
2023/01/13,9.90,10.06,9.71,9.99,9002981,89095728.00
2023/01/16,9.90,10.73,9.90,10.58,16239887,169228512.00
2023/01/17,10.52,10.58,10.16,10.26,9372046,96697512.00
2023/01/18,10.24,11.23,10.24,10.95,16874289,182835168.00
2023/01/19,11.11,12.23,10.84,11.41,22354166,252573696.00
2023/01/20,11.33,11.60,11.16,11.40,14043355,159644240.00
2023/01/30,11.75,12.45,11.59,12.26,22843510,275428128.00
2023/01/31,12.15,12.65,11.85,12.20,12871514,156410032.00
2023/02/01,12.08,12.17,11.79,11.98,10395550,124239056.00
2023/02/02,11.97,12.09,11.26,11.35,18930306,218674464.00
2023/02/03,11.38,11.87,11.33,11.84,13523748,157387200.00
2023/02/06,11.90,12.05,11.50,11.86,11931423,139609008.00
2023/02/07,11.68,12.05,11.60,11.91,9075453,107897736.00
2023/02/08,12.00,12.48,11.85,12.13,13465867,165159840.00
2023/02/09,12.05,12.47,12.01,12.12,9257621,112752288.00
2023/02/10,12.21,13.25,12.05,13.21,22012384,281268384.00
2023/02/13,13.10,14.04,12.92,13.82,21741757,294757216.00
2023/02/14,14.10,14.68,13.95,14.21,20423681,291530080.00
2023/02/15,14.25,14.85,13.70,14.59,19846722,282288832.00
2023/02/16,14.60,14.67,13.39,13.59,18859012,263648256.00
2023/02/17,13.86,14.23,13.54,13.54,12504704,173253856.00
2023/02/20,13.71,15.13,13.28,15.08,17068266,242289776.00
2023/02/21,14.85,15.06,13.81,14.01,19770251,284046080.00
2023/02/22,13.97,13.97,12.87,13.16,19452386,257866144.00
2023/02/23,13.18,13.69,12.97,13.32,11511570,153342480.00
2023/02/24,13.19,13.57,12.90,13.28,8651463,114333040.00
2023/02/27,13.24,14.20,12.95,13.38,16386631,224693392.00
2023/02/28,13.40,13.68,13.32,13.52,7317371,98571424.00
2023/03/01,13.38,13.70,13.13,13.21,8662534,115324744.00
2023/03/02,13.13,13.30,12.50,12.78,16534549,212026912.00
2023/03/03,12.84,13.12,12.65,12.97,8972025,115868424.00
2023/03/06,12.97,13.07,12.52,12.92,6754785,86444032.00
2023/03/07,13.03,13.03,12.45,12.49,5931510,75467656.00
2023/03/08,12.57,12.88,12.36,12.85,4885154,62339724.00
2023/03/09,12.80,13.36,12.50,13.26,8548850,111437856.00
2023/03/10,13.27,13.54,12.88,13.10,6247750,82313600.00
2023/03/13,13.12,13.20,12.75,12.91,5736900,74296528.00
2023/03/14,12.82,13.00,12.39,12.67,7335150,92673312.00
2023/03/15,12.78,13.00,12.64,12.76,4901635,62783808.00
2023/03/16,12.66,12.73,11.78,11.94,14920468,180573232.00
2023/03/17,12.04,12.20,11.91,12.06,5951650,71831560.00
2023/03/20,12.04,12.20,11.60,11.69,8190842,96379752.00
2023/03/21,11.38,12.08,11.38,12.02,4772208,56892988.00
2023/03/22,12.00,12.22,11.84,12.00,4486306,53887056.00
2023/03/23,12.00,12.16,11.77,11.92,4457978,53137772.00
2023/03/24,12.01,12.29,11.70,11.77,7826773,93420088.00
2023/03/27,11.88,11.91,11.46,11.69,6077635,70688856.00
2023/03/28,11.60,11.62,11.00,11.08,10623900,119392376.00
2023/03/29,11.08,11.21,10.90,11.00,4809029,53257808.00
2023/03/30,11.05,11.20,10.84,11.05,5032700,55647384.00
2023/03/31,11.09,11.47,11.05,11.25,4026306,45365376.00
2023/04/03,11.36,11.88,11.36,11.70,7735417,90285344.00
2023/04/04,11.50,11.79,11.26,11.30,5559050,63650992.00
2023/04/06,11.30,11.35,11.01,11.15,5617551,62539264.00
2023/04/07,11.24,11.52,11.06,11.38,5380450,60639680.00
2023/04/10,11.53,11.75,11.11,11.18,7752100,88623960.00
2023/04/11,11.15,11.33,11.05,11.29,5037956,56490720.00
2023/04/12,11.35,11.47,11.27,11.39,3730850,42385056.00
2023/04/13,11.36,11.45,11.13,11.15,4271015,48000584.00
2023/04/14,11.15,12.20,11.10,11.99,13443230,157276928.00
2023/04/17,12.38,12.85,12.15,12.48,24210825,302120192.00
2023/04/18,12.82,13.20,12.63,12.86,21644041,279831488.00
2023/04/19,12.86,12.96,12.27,12.60,12474628,156067536.00
2023/04/20,12.41,12.79,12.32,12.46,9636724,120470336.00
2023/04/21,12.48,12.80,11.84,12.06,10608043,130062976.00
2023/04/24,11.97,12.05,11.64,11.79,7870700,93061264.00
2023/04/25,12.05,13.23,11.96,12.76,21656406,276725280.00
2023/04/26,12.48,13.73,12.41,13.25,25961422,339860768.00
2023/04/27,13.11,13.25,12.50,12.75,16792576,216306480.00
2023/04/28,12.86,13.77,12.81,13.44,22500799,302970944.00
2023/05/04,13.14,13.33,12.78,12.82,14414300,186524336.00
2023/05/05,12.77,12.85,12.20,12.51,10456743,130369376.00
2023/05/08,12.17,12.45,11.78,11.99,10407009,125791216.00
2023/05/09,11.94,12.00,11.10,11.30,11182275,128852680.00
2023/05/10,11.30,11.32,11.00,11.08,7361400,81935456.00
2023/05/11,11.10,11.30,10.64,10.81,8040465,87845528.00
2023/05/12,10.83,10.87,10.41,10.44,6787252,71735552.00
2023/05/15,10.48,11.49,10.38,11.41,13533118,148105024.00
2023/05/16,11.40,12.18,11.31,11.67,17494214,206376976.00
2023/05/17,11.65,12.69,11.54,12.62,17660163,216328064.00
2023/05/18,12.54,13.14,12.35,12.61,14760359,186978656.00
2023/05/19,12.75,13.08,12.54,12.57,10577196,134877056.00
2023/05/22,12.46,12.92,12.43,12.77,7900739,100727880.00
2023/05/23,12.71,12.96,12.40,12.72,7210343,91593648.00
2023/05/24,12.75,13.05,12.60,12.88,8521143,109432888.00
2023/05/25,12.81,13.23,12.70,12.87,6879595,89000256.00
2023/05/26,12.81,13.66,12.66,13.24,12375185,163438288.00
2023/05/29,13.20,13.35,12.88,13.04,7979784,104647240.00
2023/05/30,13.00,13.31,12.86,13.18,8690309,114104544.00
2023/05/31,13.40,13.46,12.90,13.30,8101110,106896176.00
2023/06/01,13.20,14.35,13.20,14.05,17894604,247823984.00
2023/06/02,14.07,14.94,14.07,14.75,17765527,259632080.00
2023/06/05,15.29,17.44,15.21,15.72,34606409,553036544.00
2023/06/06,15.72,16.13,14.95,15.10,27887131,430520160.00
2023/06/07,14.97,15.66,14.77,14.90,17464619,264304720.00
2023/06/08,14.70,15.09,14.41,14.70,11404910,167842512.00
2023/06/09,14.58,14.90,14.33,14.72,8702725,127424944.00
2023/06/12,17.66,17.66,15.43,15.80,50069934,830512448.00
2023/06/13,15.31,16.25,14.86,15.82,40225425,619518208.00
2023/06/14,15.32,15.43,14.41,14.60,29828310,440615168.00
2023/06/15,14.17,14.85,14.10,14.44,15807395,228945408.00
2023/06/16,14.38,15.30,14.23,15.00,16573496,244993968.00
2023/06/19,15.00,15.24,14.59,14.66,14019221,207173616.00
2023/06/20,14.60,15.12,14.41,14.74,15002911,221084256.00
2023/06/21,14.57,14.59,13.86,13.94,16494494,232542448.00
2023/06/26,13.50,14.33,13.50,13.78,10278927,142045152.00
2023/06/27,13.74,13.80,13.29,13.46,8616676,115770584.00
2023/06/28,13.40,13.55,13.00,13.47,6847150,91140408.00
2023/06/29,13.41,13.84,13.35,13.65,5846347,79833352.00
2023/06/30,13.62,14.45,13.50,14.30,9861247,139447792.00
2023/07/03,14.30,14.64,14.15,14.41,6841209,98410808.00
2023/07/04,14.33,14.99,14.33,14.73,7701914,113446832.00
2023/07/05,14.60,14.82,14.33,14.40,7364663,107144584.00
2023/07/06,14.51,14.85,14.40,14.48,7371252,107762368.00
2023/07/07,14.58,14.58,14.10,14.25,5579576,79838336.00
2023/07/10,14.26,14.26,13.90,13.96,4780265,66999648.00
2023/07/11,14.01,14.12,13.85,14.07,4134324,57802656.00
2023/07/12,14.08,15.47,14.02,14.54,17053764,250380048.00
2023/07/13,15.00,15.49,14.66,15.19,29449883,443498016.00
2023/07/14,14.94,15.34,14.41,15.16,19089043,283970688.00
2023/07/17,15.00,15.14,14.60,14.66,11280813,166211344.00
2023/07/18,14.65,14.95,14.38,14.49,9582218,140053808.00
2023/07/19,14.27,14.43,13.54,13.60,12117968,167808256.00
2023/07/20,13.62,13.87,12.90,12.95,11037916,145715408.00
2023/07/21,12.97,13.01,12.46,12.54,5718152,72515296.00
2023/07/24,12.56,12.68,12.30,12.35,5326527,66417936.00
2023/07/25,12.66,13.16,12.61,12.91,7850671,100962624.00
2023/07/26,12.86,13.10,12.48,12.69,7615422,96642152.00
2023/07/27,12.86,13.18,12.63,12.72,8127900,104282960.00
2023/07/28,12.95,13.33,12.64,13.12,10798358,140209216.00
2023/07/31,13.13,13.70,12.90,13.64,10724124,143627264.00
2023/08/01,13.68,13.91,13.07,13.42,11232556,150586704.00
2023/08/02,13.38,13.38,13.02,13.20,6560000,86279736.00
2023/08/03,13.13,13.93,13.13,13.39,11173206,151505344.00
2023/08/04,13.23,14.13,13.22,13.92,11067456,151139808.00
2023/08/07,13.83,14.31,13.59,13.68,7703040,106830448.00
2023/08/08,13.68,13.82,13.56,13.67,3828450,52298924.00
2023/08/09,13.65,13.74,13.34,13.49,3852750,52028336.00
2023/08/10,13.38,13.55,13.30,13.32,2943956,39462480.00
2023/08/11,13.37,13.73,13.24,13.49,6783845,91743488.00
2023/08/14,13.28,13.33,12.96,13.21,5384736,70875464.00
2023/08/15,13.26,13.36,12.83,12.96,4432500,57647244.00
2023/08/16,12.92,13.09,12.56,12.58,3858550,49325496.00
2023/08/17,12.71,13.47,12.44,13.23,8500089,110984400.00
2023/08/18,13.28,13.68,13.03,13.05,6867500,91772424.00
2023/08/21,13.05,13.56,12.93,13.31,7209486,95535816.00
2023/08/22,13.06,14.67,12.75,14.27,23592495,327820224.00
2023/08/23,14.45,14.49,13.91,14.13,15186486,215031424.00
2023/08/24,13.99,14.70,13.98,14.46,15718869,226366144.00
2023/08/25,14.23,14.25,13.50,13.61,14160305,196023744.00
2023/08/28,14.36,15.28,14.02,14.17,26610624,391072704.00
2023/08/29,14.29,16.88,14.29,16.30,35188810,549865984.00
2023/08/30,17.34,17.88,15.85,15.93,55151126,931952960.00
2023/08/31,15.92,16.47,15.50,15.78,30527746,487440096.00
2023/09/01,16.15,16.37,15.67,16.01,28033857,448748448.00
2023/09/04,16.32,16.96,15.76,16.91,38946519,637941888.00
2023/09/05,16.56,16.92,15.49,15.57,35608735,575668992.00
2023/09/06,15.45,17.80,15.32,17.73,47233971,787951552.00
2023/09/07,17.00,17.45,16.19,17.01,36017955,607119360.00
2023/09/08,17.07,19.74,16.75,18.58,55149925,1004678208.00
2023/09/11,18.56,18.77,17.41,18.15,44936201,811611136.00
2023/09/12,17.60,17.75,17.00,17.28,29030211,504768256.00
2023/09/13,17.26,18.53,16.80,18.24,38625743,682346496.00
2023/09/14,17.72,18.29,16.84,17.84,28511627,505363584.00
2023/09/15,18.00,19.11,17.50,17.59,33644695,615610048.00
2023/09/18,17.28,18.24,16.70,16.77,28717005,496514784.00
2023/09/19,16.36,16.40,14.82,15.50,29274765,452916160.00
2023/09/20,15.31,16.65,15.03,15.82,23261160,366816192.00
2023/09/21,15.80,16.65,15.55,16.55,21252483,344466944.00
2023/09/22,16.28,17.30,15.81,17.16,29927699,496053472.00
2023/09/25,18.10,18.73,16.94,16.97,42181039,752862720.00
2023/09/26,16.08,16.40,15.03,15.05,34461770,536232544.00
2023/09/27,15.05,15.45,14.82,14.89,19374218,292696352.00
2023/09/28,14.96,16.30,14.70,16.00,27257410,425568896.00
2023/10/09,16.53,17.51,16.47,17.02,35758556,608980224.00
2023/10/10,17.60,17.83,16.80,17.08,30714982,530938976.00
2023/10/11,17.09,18.00,17.09,17.66,29196510,514410912.00
2023/10/12,17.30,17.69,16.90,17.42,21546863,371499424.00
2023/10/13,17.15,18.19,17.15,17.66,26758746,476371040.00
2023/10/16,18.27,18.61,17.26,17.50,35996041,645938688.00
2023/10/17,16.60,17.04,16.20,16.27,26162182,433581088.00
2023/10/18,16.30,16.41,15.67,15.80,16272116,258462192.00
2023/10/19,15.60,15.86,15.09,15.15,15840391,244456896.00
2023/10/20,15.02,15.29,14.07,14.11,16827107,244173152.00
2023/10/23,13.96,14.34,13.60,13.79,10685562,148796608.00
2023/10/24,13.90,14.50,13.90,14.38,13823898,197249520.00
2023/10/25,14.05,14.51,14.05,14.30,13488101,191823200.00
2023/10/26,14.05,15.78,14.05,15.74,25393762,383405248.00
2023/10/27,15.68,15.97,15.05,15.45,18375841,285533568.00
2023/10/30,15.15,16.30,15.15,15.87,15929826,251031248.00
2023/10/31,15.80,16.10,15.44,15.57,11892102,187377888.00
2023/11/01,15.48,16.10,15.34,15.50,12429840,194958704.00
2023/11/02,15.50,15.62,14.55,14.69,14565536,217683376.00
2023/11/03,14.79,15.12,14.60,15.05,9810353,146197392.00
2023/11/06,15.17,15.88,15.00,15.53,13877462,214260464.00
2023/11/07,15.55,16.46,15.20,16.19,21727963,347756032.00
2023/11/08,16.28,16.32,15.84,16.11,13237323,212408688.00
2023/11/09,16.21,16.26,15.28,15.40,13287435,208773152.00
2023/11/10,15.40,15.76,15.32,15.39,8571437,132547496.00
2023/11/13,15.40,15.81,15.32,15.48,8287400,128833280.00
2023/11/14,15.41,16.01,15.30,16.00,12422698,196633680.00
2023/11/15,16.11,16.20,15.67,15.90,10160988,161683808.00
2023/11/16,15.85,16.22,15.72,15.77,11275304,180028304.00
2023/11/17,15.70,16.20,15.60,16.12,13182183,210074848.00
2023/11/20,15.98,16.44,15.61,16.15,17750238,285138144.00
2023/11/21,16.25,16.25,15.63,15.70,14410883,229163616.00
2023/11/22,15.70,15.87,15.10,15.11,10744733,165180016.00
2023/11/23,15.08,15.35,14.85,14.98,9464800,142702512.00
2023/11/24,15.08,15.09,14.42,14.49,7718150,112609496.00
2023/11/27,14.45,14.93,14.44,14.78,7137850,104937584.00
2023/11/28,14.72,15.39,14.68,14.97,8001011,120479912.00
2023/11/29,17.96,17.96,17.96,17.96,18348138,329532544.00
2023/11/30,18.50,20.64,18.11,18.80,80923850,1553137408.00
2023/12/01,19.30,19.79,17.39,17.41,62556074,1152166656.00
2023/12/04,17.00,17.28,16.52,16.75,40286209,678149952.00
2023/12/05,16.70,17.04,16.25,16.25,27046087,448442688.00
2023/12/06,16.36,16.49,15.96,16.18,16726894,271139808.00
2023/12/07,16.20,16.40,16.02,16.21,13942976,226111680.00
2023/12/08,16.29,16.65,15.87,15.88,21666064,354029984.00
2023/12/11,15.87,16.45,15.82,16.28,15161589,244665056.00
2023/12/12,16.12,16.38,16.06,16.11,9759317,157947344.00
2023/12/13,16.08,16.16,15.59,15.63,13703816,215673968.00
2023/12/14,15.67,15.74,15.30,15.34,9378709,144897392.00
2023/12/15,15.34,15.39,15.08,15.16,6491361,98754792.00
2023/12/18,15.06,15.26,14.86,14.94,7354014,110354760.00
2023/12/19,14.93,15.00,14.72,14.89,6012434,89283472.00
2023/12/20,14.95,15.40,14.74,15.07,14236537,215607920.00
2023/12/21,14.99,15.08,14.56,15.03,10781291,159800512.00
2023/12/22,14.97,15.16,14.44,14.49,9533500,140840288.00
2023/12/25,14.55,15.45,14.38,15.40,14556647,219179952.00
2023/12/26,15.33,15.74,15.10,15.48,16235824,250880944.00
2023/12/27,15.27,15.40,14.81,15.14,9274550,140033136.00
2023/12/28,15.00,15.64,14.70,15.27,13389549,204536976.00
2023/12/29,15.27,16.00,15.10,15.85,15628376,245646080.00
2024/01/02,15.95,16.00,15.67,15.73,8306471,131279760.00
2024/01/03,15.51,15.75,15.15,15.42,9996795,154096848.00
2024/01/04,15.27,15.35,14.91,14.94,7134726,107249856.00
2024/01/05,14.98,15.08,14.44,14.58,7383958,108567800.00
2024/01/08,14.40,14.50,13.77,13.99,7662570,107758336.00
2024/01/09,14.03,14.32,13.77,13.86,7357537,103488208.00
2024/01/10,13.71,13.98,13.18,13.19,9900017,132026128.00
2024/01/11,13.17,13.97,13.11,13.90,8070950,109857704.00
2024/01/12,13.88,13.94,13.65,13.66,5153925,71178144.00
2024/01/15,13.58,13.72,13.37,13.43,4745700,64122940.00
2024/01/16,13.43,13.43,13.07,13.31,4951150,65452420.00
2024/01/17,13.39,13.54,13.05,13.07,5613750,74449728.00
2024/01/18,12.99,13.30,12.80,13.24,6677355,87062080.00
2024/01/19,13.27,13.35,12.79,12.82,5102900,66529312.00
2024/01/22,12.91,12.91,11.79,11.99,8514053,105123640.00
2024/01/23,11.95,12.23,11.78,12.05,5653850,68041280.00
2024/01/24,12.05,12.21,11.45,11.89,6216058,73393232.00
2024/01/25,11.90,12.34,11.78,12.28,5260200,63837612.00
2024/01/26,12.20,12.39,11.95,11.96,4532200,55172972.00
2024/01/29,11.58,11.69,11.14,11.24,8004623,90813968.00
2024/01/30,11.11,11.36,10.95,10.95,5155500,57462456.00
2024/01/31,10.99,11.13,10.12,10.15,7499122,78739096.00
2024/02/01,10.06,10.23,9.71,9.93,6052527,60427220.00
2024/02/02,9.96,10.27,8.92,9.31,8458849,80726912.00
2024/02/05,9.28,9.29,7.60,7.81,13633139,110482728.00
2024/02/06,7.84,8.38,6.85,7.92,14465914,108832248.00
2024/02/07,8.00,8.18,7.16,7.23,14989989,113904664.00
2024/02/08,7.23,8.11,6.95,8.02,14737350,113010696.00
2024/02/19,8.15,8.74,8.15,8.60,12136813,103302808.00
2024/02/20,8.65,9.34,8.39,9.28,13208760,119428200.00
2024/02/21,9.10,10.02,9.01,9.60,12968724,124259592.00
2024/02/22,9.73,10.05,9.54,10.03,10578640,104130344.00
2024/02/23,10.03,10.51,9.91,10.50,10118200,103644568.00
2024/02/26,10.70,11.33,10.51,10.93,14190600,154444624.00
2024/02/27,10.86,11.57,10.66,11.54,12204602,135835216.00
2024/02/28,11.54,11.80,9.91,9.91,20249130,220256048.00
2024/02/29,9.75,10.84,9.72,10.80,13651742,143292208.00
2024/03/01,11.03,11.97,11.00,11.43,19984311,227996032.00
2024/03/04,11.50,11.95,11.33,11.86,21336183,250050128.00
2024/03/05,11.58,11.69,11.10,11.31,19165735,217694464.00
2024/03/06,11.59,12.17,11.16,11.77,21731034,253598752.00
2024/03/07,11.58,12.33,11.41,11.49,22809811,269361568.00
2024/03/08,11.60,11.77,11.20,11.66,15222096,175845296.00
2024/03/11,11.41,12.14,11.25,12.00,19562181,229339456.00
2024/03/12,11.82,11.97,11.58,11.82,14764184,174115856.00
2024/03/13,11.75,12.61,11.64,12.60,25590238,311339360.00
2024/03/14,12.30,12.42,11.94,12.17,19592968,239102512.00
2024/03/15,12.17,12.57,11.86,12.43,18817058,232100736.00
2024/03/18,12.56,13.29,12.41,13.03,24802391,319629216.00
2024/03/19,12.91,13.30,12.83,12.84,16991299,220826432.00
2024/03/20,12.80,12.93,12.55,12.80,13487169,171000240.00
2024/03/21,12.65,14.97,12.50,14.40,41888226,574555200.00
2024/03/22,14.74,15.48,14.20,15.30,43079930,645630272.00
2024/03/25,15.40,15.55,13.68,13.90,34925762,515234880.00
2024/03/26,14.12,14.97,13.31,14.46,34248886,484299648.00
2024/03/27,14.48,14.89,12.80,12.99,33156950,455826048.00
2024/03/28,13.09,14.13,12.95,13.65,23111223,313046592.00
2024/03/29,13.69,14.39,13.58,14.28,20166320,283402592.00
2024/04/01,14.60,14.94,14.30,14.75,23911656,350557152.00
2024/04/02,14.36,14.75,14.00,14.30,17014738,243901424.00
2024/04/03,14.25,14.26,13.28,13.44,17674956,239817840.00
2024/04/08,13.30,13.72,12.64,12.71,16685145,218095280.00
2024/04/09,12.72,12.88,12.11,12.71,18681553,232145456.00
2024/04/10,12.70,12.79,12.01,12.16,10523382,129280128.00
2024/04/11,11.93,12.38,11.93,12.11,8134543,99132616.00
2024/04/12,12.10,12.26,11.65,11.75,8527602,101661880.00
2024/04/15,11.67,11.79,10.58,10.89,14670408,161475360.00
2024/04/16,10.80,10.89,9.47,9.91,13448308,133963128.00
2024/04/17,10.42,10.99,10.42,10.99,12807075,138260784.00
2024/04/18,11.10,11.59,10.63,11.22,13421197,150678560.00
2024/04/19,11.07,11.60,10.93,11.13,9868550,110334688.00
2024/04/22,11.10,11.10,10.28,10.70,7207852,76883128.00
2024/04/23,10.80,11.37,10.69,11.36,11051569,123118824.00
2024/04/24,11.28,11.90,11.02,11.73,15905240,182300672.00
2024/04/25,11.79,11.88,11.45,11.52,10595365,122977352.00
2024/04/26,11.49,12.15,11.43,12.00,12118847,144206080.00
2024/04/29,12.09,12.42,11.92,12.21,11739600,143011136.00
2024/04/30,12.18,12.33,11.92,12.11,7430513,89917080.00
2024/05/06,12.26,12.46,12.14,12.30,8170701,100384464.00
2024/05/07,12.28,12.44,12.15,12.25,6736200,82739576.00
2024/05/08,12.14,12.26,11.76,11.83,8864350,105923320.00
2024/05/09,11.66,12.11,11.66,11.74,7233150,85897504.00
2024/05/10,11.75,11.80,11.16,11.20,8973815,101971976.00
2024/05/13,11.10,11.11,10.56,10.63,8192000,88139792.00
2024/05/14,10.70,11.00,10.64,10.86,6846950,73945664.00
2024/05/15,10.86,11.27,10.67,10.87,7446050,82034616.00
2024/05/16,10.87,11.30,10.77,11.16,8388969,93560792.00
2024/05/17,11.15,11.46,11.07,11.44,6786569,76694920.00
2024/05/20,11.44,11.55,11.21,11.29,6151141,69774848.00
2024/05/21,11.21,11.34,11.02,11.17,5350519,59669208.00
2024/05/22,11.25,11.32,11.08,11.21,4016600,44995968.00
2024/05/23,11.27,11.40,11.03,11.04,6588706,73670448.00
2024/05/24,11.14,12.06,10.78,11.60,19411263,223437920.00
2024/05/27,11.30,11.50,10.79,11.18,15515750,171660784.00
2024/05/28,11.17,11.17,10.72,10.84,7879900,85568232.00
2024/05/29,10.83,11.09,10.71,10.82,6087300,66289904.00
2024/05/30,10.80,10.98,10.62,10.75,5168700,55928016.00
2024/05/31,10.88,11.24,10.76,10.96,7440300,82242280.00
2024/06/03,11.00,11.17,10.62,10.76,6871500,74417344.00
2024/06/04,10.76,10.84,10.08,10.29,8092900,83466592.00
2024/06/05,10.44,10.52,10.19,10.25,6020400,62206532.00
2024/06/06,10.23,10.57,9.75,9.85,8089950,81719912.00
2024/06/07,10.05,10.18,9.79,9.91,7218969,72031480.00
2024/06/11,9.90,10.15,9.57,10.12,6406000,63874288.00
2024/06/12,10.19,10.47,10.10,10.33,6377488,66068388.00
2024/06/13,10.30,10.70,10.29,10.41,6374500,66950468.00
2024/06/14,10.40,10.60,10.12,10.54,7051100,73840888.00
2024/06/17,10.54,10.90,10.31,10.67,8116950,86877272.00
2024/06/18,10.67,11.27,10.67,11.24,11716050,129683896.00
2024/06/19,11.46,11.69,11.12,11.17,10284750,116313304.00
2024/06/20,11.12,11.35,10.70,10.72,8376651,91926216.00
2024/06/21,10.78,10.88,10.30,10.72,6093300,65085140.00
2024/06/24,10.52,10.69,9.98,10.05,6754400,69459568.00
2024/06/25,10.05,10.20,9.84,9.86,5818800,58082632.00
2024/06/26,9.91,10.49,9.71,10.47,7040000,71651376.00
2024/06/27,10.46,10.88,10.18,10.21,7922700,83293640.00
2024/06/28,10.15,10.88,10.06,10.68,10802550,115114512.00
2024/07/01,10.66,10.85,10.21,10.67,8734750,91211232.00
2024/07/02,10.70,11.04,10.64,10.73,8142868,87962736.00
2024/07/03,10.61,10.71,10.28,10.36,6048600,63106124.00
2024/07/04,10.36,10.46,10.00,10.10,4501250,45896632.00
2024/07/05,10.00,10.60,9.84,10.49,8441600,86922984.00
2024/07/08,10.22,10.31,9.96,9.98,7525500,75963256.00
2024/07/09,10.05,10.59,9.91,10.57,10739088,111499632.00
2024/07/10,10.48,10.95,10.31,10.60,12094217,127759360.00
2024/07/11,10.63,11.05,10.59,10.95,14221879,154296944.00
2024/07/12,10.91,10.92,10.55,10.70,8906750,95237128.00
2024/07/15,10.61,10.64,10.30,10.33,5831750,60614948.00
2024/07/16,10.18,10.59,10.18,10.53,5935500,61879376.00
2024/07/17,10.51,10.61,10.12,10.14,6375450,65717804.00
2024/07/18,10.00,10.00,9.55,9.82,8890800,87008480.00
2024/07/19,9.82,10.19,9.66,10.08,6063150,60702068.00
2024/07/22,10.10,10.33,10.00,10.19,5379250,54666044.00
2024/07/23,10.19,10.25,9.71,9.75,5016100,50161352.00
2024/07/24,9.75,10.14,9.58,9.66,7104050,69243576.00
2024/07/25,9.80,9.87,9.54,9.66,7170550,69682808.00
2024/07/26,9.68,9.94,9.65,9.92,5731200,56231000.00
2024/07/29,9.92,10.18,9.90,10.02,5631850,56515536.00
2024/07/30,10.00,10.13,9.88,9.98,4504558,44950188.00
2024/07/31,9.95,10.38,9.92,10.33,7543100,77153368.00
2024/08/01,10.37,10.43,10.22,10.28,5526900,57028020.00
2024/08/02,10.09,10.19,9.83,9.86,6181900,61820832.00
2024/08/05,9.72,9.83,9.14,9.14,9655333,91448216.00
2024/08/06,9.31,9.55,9.22,9.33,4488100,41943360.00
2024/08/07,9.34,9.59,9.28,9.43,4548499,43132088.00
2024/08/08,9.38,9.42,9.13,9.27,3907800,36194480.00
2024/08/09,9.39,9.73,9.29,9.51,6180150,58665460.00
2024/08/12,9.49,9.62,9.20,9.23,4819599,45131500.00
2024/08/13,9.23,9.45,9.17,9.45,4553000,42578680.00
2024/08/14,9.51,9.79,9.44,9.66,6482400,62559880.00
2024/08/15,9.60,10.10,9.50,9.95,8637800,85074240.00
2024/08/16,9.99,10.58,9.90,10.38,15714147,162207136.00
2024/08/19,10.21,10.30,9.92,9.96,9229200,93187144.00
2024/08/20,10.01,10.47,9.91,10.03,9715250,98437168.00
2024/08/21,9.91,10.43,9.81,10.23,9680914,98970368.00
2024/08/22,10.16,10.50,10.01,10.14,9724500,99733784.00
2024/08/23,9.97,10.65,9.94,10.46,18578798,193509728.00
2024/08/26,10.75,11.10,10.50,10.92,23850990,259409984.00
2024/08/27,10.77,10.95,10.30,10.52,19519718,206817824.00
2024/08/28,10.26,11.20,10.23,10.99,24883392,269327104.00
2024/08/29,10.96,11.58,10.84,11.35,34475508,388250112.00
2024/08/30,11.59,12.12,11.23,11.36,36940720,430420224.00
2024/09/02,11.21,11.46,10.94,11.00,21886398,244295376.00
2024/09/03,11.13,11.45,10.83,11.05,20522733,228058688.00
2024/09/04,10.80,10.80,10.34,10.64,18340554,193971680.00
2024/09/05,10.67,11.09,10.45,10.84,15876484,170620960.00
2024/09/06,10.78,10.84,10.22,10.25,14586245,151817408.00
2024/09/09,10.42,10.52,10.00,10.06,8896800,90630048.00
2024/09/10,10.04,10.39,9.85,10.31,9889250,100215288.00
2024/09/11,10.32,10.32,9.99,10.04,6766150,68171512.00
2024/09/12,10.06,10.14,9.85,9.88,6211435,62002392.00
2024/09/13,9.89,9.93,9.54,9.56,6830099,66075648.00
2024/09/18,9.68,9.68,9.20,9.34,5865404,54869492.00
2024/09/19,9.41,9.58,9.32,9.56,5884700,55780560.00
2024/09/20,9.59,9.74,9.45,9.55,5995600,57322068.00
2024/09/23,9.58,9.85,9.53,9.72,8038107,78177440.00
2024/09/24,9.70,9.87,9.43,9.86,10742600,104363544.00
2024/09/25,9.93,10.20,9.87,9.93,10817300,108612152.00
2024/09/26,10.08,10.19,9.98,10.19,11570957,116968568.00
2024/09/27,10.29,11.09,10.26,10.87,18478308,197077520.00
2024/09/30,11.31,12.69,11.11,12.58,28493726,340029504.00
2024/10/08,14.90,15.08,12.99,14.62,35957051,508707904.00
2024/10/09,13.50,14.10,12.55,12.56,23784051,319769312.00
2024/10/10,12.75,13.20,12.55,12.56,15803999,203114656.00
2024/10/11,12.57,12.57,11.60,11.79,13355834,160208352.00
2024/10/14,11.90,13.46,11.78,13.44,28227898,360300384.00
2024/10/15,13.45,14.01,13.03,13.19,31040564,423702464.00
2024/10/16,12.90,13.73,12.90,13.21,18063200,240129760.00
2024/10/17,13.26,14.14,13.26,13.62,28036067,385250304.00
2024/10/18,13.49,14.29,13.40,13.92,30145118,420005984.00
2024/10/21,14.00,14.58,13.88,14.16,27798257,394841984.00
2024/10/22,13.91,14.34,13.50,13.81,21338405,295553248.00
2024/10/23,13.68,13.93,13.43,13.51,14836750,203518176.00
2024/10/24,13.55,14.14,13.40,13.87,15809284,217901072.00
2024/10/25,14.00,14.43,13.86,14.28,18262250,258426816.00
2024/10/28,14.18,14.20,13.70,13.94,17188103,238259328.00
2024/10/29,13.90,14.66,13.64,14.26,27956004,400589920.00
2024/10/30,14.13,14.78,14.10,14.78,26235338,379038400.00
2024/10/31,15.40,15.50,14.25,14.47,41327907,617235648.00
2024/11/01,14.14,14.28,12.77,12.81,26039801,352562528.00
2024/11/04,12.85,13.77,12.78,13.73,18029966,240044384.00
2024/11/05,13.58,14.26,13.51,14.14,17772140,248354784.00
2024/11/06,14.24,14.39,13.75,13.89,18788283,263524576.00
2024/11/07,13.66,13.87,13.48,13.85,13855972,189986720.00
2024/11/08,14.00,14.45,13.93,14.31,20175138,286039456.00
2024/11/11,14.44,15.02,14.31,14.89,23257390,340974080.00
2024/11/12,14.92,15.10,14.34,14.60,18819250,276751904.00
2024/11/13,14.46,14.68,13.96,14.46,11778850,168461552.00
2024/11/14,14.44,14.53,13.81,13.92,8369750,118185616.00
2024/11/15,13.78,14.64,13.78,13.93,12177038,172669904.00
2024/11/18,14.18,14.20,13.00,13.09,10002832,133867816.00
2024/11/19,13.24,13.71,13.15,13.70,8570292,115515984.00
2024/11/20,13.75,13.88,13.57,13.79,8496125,116691264.00
2024/11/21,13.64,14.08,13.36,13.81,9182450,125476096.00
2024/11/22,13.75,14.15,13.22,13.27,9584378,131791544.00
数据来源:通达信
