300821 东岳硅材 日线 不复权
      日期	    开盘	    最高	    最低	    收盘	    成交量	    成交额
2020/03/12,8.28,9.94,8.28,9.94,1119761,11102046.00
2020/03/13,10.93,10.93,10.93,10.93,533212,5828007.00
2020/03/16,12.02,12.02,12.02,12.02,468745,5634315.00
2020/03/17,13.22,13.22,13.22,13.22,530506,7013289.50
2020/03/18,14.54,14.54,14.54,14.54,453848,6598950.00
2020/03/19,15.99,15.99,15.01,15.99,161769765,2532737024.00
2020/03/20,15.20,15.70,14.39,14.69,144706100,2174327040.00
2020/03/23,13.53,13.70,13.22,13.22,76321867,1015846016.00
2020/03/24,13.28,14.33,12.70,13.87,106754068,1443503872.00
2020/03/25,13.73,14.31,13.43,13.64,82263320,1138106496.00
2020/03/26,13.30,13.44,12.70,12.75,64817660,846449152.00
2020/03/27,12.87,13.14,12.42,12.43,43161516,550985152.00
2020/03/30,12.13,12.85,12.13,12.60,42745226,537191040.00
2020/03/31,12.72,12.77,11.90,11.98,44293315,544351296.00
2020/04/01,11.84,12.27,11.61,11.67,39691908,471999552.00
2020/04/02,11.70,12.22,11.51,12.18,47586604,564317056.00
2020/04/03,12.02,12.17,11.68,11.72,37473179,445929408.00
2020/04/07,11.96,12.80,11.89,12.37,54246775,666188928.00
2020/04/08,12.18,12.39,12.12,12.18,33494772,408933120.00
2020/04/09,12.25,12.63,12.18,12.23,39290461,486377440.00
2020/04/10,11.97,11.97,11.11,11.13,53419453,613331136.00
2020/04/13,10.81,10.86,10.24,10.32,38468204,400644864.00
2020/04/14,10.31,10.45,10.29,10.40,22444195,232604768.00
2020/04/15,10.37,10.39,10.07,10.14,28638568,292440672.00
2020/04/16,10.18,10.28,10.07,10.21,19691906,200677648.00
2020/04/17,10.23,10.67,10.15,10.33,35046058,365508096.00
2020/04/20,10.30,10.46,10.07,10.39,27012871,277146496.00
2020/04/21,10.30,10.57,10.25,10.41,27968864,292473088.00
2020/04/22,10.29,10.97,10.24,10.68,39934738,428359104.00
2020/04/23,10.59,10.80,10.45,10.53,27284773,289586848.00
2020/04/24,10.55,10.64,10.09,10.15,24371106,250245344.00
2020/04/27,10.13,10.45,9.90,10.19,19979544,202675440.00
2020/04/28,10.08,10.25,9.56,9.87,18713691,185348960.00
2020/04/29,9.90,10.15,9.86,10.05,19364735,193851520.00
2020/04/30,9.84,10.68,9.79,10.24,31528212,321341632.00
2020/05/06,10.02,10.98,10.00,10.79,46523149,490765632.00
2020/05/07,10.71,11.17,10.56,10.90,49099391,530593440.00
2020/05/08,10.81,10.97,10.70,10.80,32247783,349695648.00
2020/05/11,10.85,11.05,10.65,10.69,29613648,320887648.00
2020/05/12,10.70,11.76,10.43,11.76,54097035,601837184.00
2020/05/13,11.80,12.08,11.35,11.42,72849713,852034048.00
2020/05/14,11.19,12.08,11.16,11.63,64143038,748964992.00
2020/05/15,11.55,11.80,11.40,11.40,41123261,476278880.00
2020/05/18,11.48,11.48,10.93,10.99,31988739,358494976.00
2020/05/19,11.14,11.73,11.01,11.50,39017762,447655424.00
2020/05/20,11.41,12.13,11.31,11.85,55825843,656379008.00
2020/05/21,11.70,11.75,11.20,11.26,38338027,440042976.00
2020/05/22,11.30,11.30,10.72,10.88,27444775,300343776.00
2020/05/25,10.89,11.28,10.79,10.95,19497273,215108864.00
2020/05/26,10.88,11.38,10.74,11.22,26407313,292460192.00
2020/05/27,11.20,11.68,11.03,11.46,40997310,467577152.00
2020/05/28,11.31,12.44,11.25,12.09,73762671,872416512.00
2020/05/29,12.04,12.04,11.61,11.69,50173168,592051456.00
2020/06/01,11.63,12.22,11.56,12.02,47574178,566281152.00
2020/06/02,12.01,12.07,11.71,11.90,39630471,470427648.00
2020/06/03,11.86,11.88,11.55,11.56,31166666,363429600.00
2020/06/04,11.57,11.69,11.50,11.54,18283965,211874912.00
2020/06/05,11.55,11.85,11.42,11.84,28499341,333044928.00
2020/06/08,11.83,11.90,11.62,11.65,24978304,294034528.00
2020/06/09,11.57,11.61,11.22,11.29,24350084,276847456.00
2020/06/10,11.32,11.43,11.25,11.34,11164826,126446088.00
2020/06/11,11.35,11.52,11.30,11.43,18317533,208768256.00
2020/06/12,11.23,11.30,11.10,11.11,19661988,220040240.00
2020/06/15,11.02,11.02,10.78,10.79,20634572,224840288.00
2020/06/16,10.87,10.99,10.81,10.91,11942118,130087672.00
2020/06/17,10.86,10.86,10.44,10.58,23626874,250581648.00
2020/06/18,10.55,10.65,10.49,10.56,10596099,112154096.00
2020/06/19,10.59,10.85,10.48,10.71,16966177,181000128.00
2020/06/22,10.72,10.92,10.66,10.81,15399915,166153888.00
2020/06/23,10.77,10.80,10.56,10.57,12390836,131836904.00
2020/06/24,10.63,10.66,10.40,10.41,10959861,114841680.00
2020/06/29,10.38,10.38,10.15,10.18,10305799,105549744.00
2020/06/30,10.25,10.41,10.25,10.36,9753851,100779208.00
2020/07/01,10.35,10.45,10.21,10.32,12050296,124183776.00
2020/07/02,10.25,10.44,10.20,10.43,12855007,133341552.00
2020/07/03,10.45,10.65,10.38,10.65,17628415,186459392.00
2020/07/06,10.68,11.36,10.67,11.22,38714782,429337408.00
2020/07/07,11.29,11.68,11.10,11.41,45344468,514641824.00
2020/07/08,11.32,11.64,11.24,11.49,33886685,388807104.00
2020/07/09,11.53,12.18,11.35,11.96,60317584,707723264.00
2020/07/10,11.88,11.92,11.52,11.63,35938919,421578368.00
2020/07/13,11.67,11.93,11.53,11.91,37137775,437930464.00
2020/07/14,11.86,12.08,11.43,11.64,32603527,383109984.00
2020/07/15,11.68,11.75,11.20,11.26,23672648,270376416.00
2020/07/16,11.30,11.38,10.67,10.69,20704030,229379776.00
2020/07/17,10.68,10.86,10.56,10.67,12475388,133331696.00
2020/07/20,10.73,11.15,10.67,11.13,16516608,180365104.00
2020/07/21,11.09,11.45,11.05,11.37,21672335,243816976.00
2020/07/22,11.28,11.34,11.08,11.22,19000928,213013328.00
2020/07/23,11.09,11.22,10.73,11.08,14917503,164268544.00
2020/07/24,10.95,11.21,10.50,10.51,16564137,179132608.00
2020/07/27,10.60,10.64,10.30,10.46,9733989,101316752.00
2020/07/28,10.52,10.66,10.48,10.59,7580851,80181008.00
2020/07/29,10.55,10.87,10.40,10.83,10925606,117082584.00
2020/07/30,10.91,11.68,10.76,11.26,32644933,368892416.00
2020/07/31,11.18,11.35,11.04,11.23,20411527,228607184.00
2020/08/03,11.30,11.41,11.23,11.36,19117296,216587360.00
2020/08/04,11.45,11.48,11.15,11.18,19454536,220206144.00
2020/08/05,11.17,11.45,11.07,11.38,19417338,219729056.00
2020/08/06,11.30,11.33,10.97,11.11,17549717,195424096.00
2020/08/07,11.11,11.27,10.77,10.88,15659026,172140912.00
2020/08/10,10.80,11.58,10.73,11.41,31917532,360404448.00
2020/08/11,11.31,11.75,11.31,11.43,44832798,518081088.00
2020/08/12,11.41,11.94,11.38,11.87,56905450,667125184.00
2020/08/13,11.91,11.97,11.53,11.59,38148089,444560320.00
2020/08/14,11.59,11.61,11.22,11.47,22638502,257988384.00
2020/08/17,11.45,11.64,11.29,11.58,20237854,232883968.00
2020/08/18,11.45,11.63,11.38,11.47,19281801,221778432.00
2020/08/19,11.48,11.48,11.04,11.08,23200534,260011232.00
2020/08/20,11.01,11.26,10.96,11.09,11559475,128606176.00
2020/08/21,11.16,11.25,11.03,11.13,10790881,120352720.00
2020/08/24,11.18,11.71,11.06,11.58,30594744,352517952.00
2020/08/25,11.54,12.48,11.46,12.00,56363576,674011520.00
2020/08/26,11.89,12.09,11.38,11.42,33219476,388410272.00
2020/08/27,11.25,11.26,10.30,10.91,45345148,490061216.00
2020/08/28,10.80,10.97,10.68,10.93,18291250,198696784.00
2020/08/31,10.98,11.03,10.81,10.83,18076203,197273200.00
2020/09/01,10.75,10.92,10.70,10.91,13139965,141982128.00
2020/09/02,10.91,11.70,10.86,11.55,42660723,484142304.00
2020/09/03,11.49,11.82,11.37,11.61,36601667,423892928.00
2020/09/04,11.40,12.28,11.36,11.88,53027862,631005568.00
2020/09/07,11.95,12.76,11.81,12.21,70096794,858891648.00
2020/09/08,12.08,12.50,11.70,12.42,50165515,606093888.00
2020/09/09,12.20,14.90,12.19,14.90,155027032,2182696448.00
2020/09/10,13.97,14.39,11.93,12.01,112793329,1460268416.00
2020/09/11,11.59,12.63,11.42,12.22,58046443,708867648.00
2020/09/14,12.37,13.42,12.23,12.86,66881215,854069120.00
2020/09/15,12.71,14.43,12.55,13.61,89029939,1219287168.00
2020/09/16,13.32,13.90,12.90,13.20,64236612,854626432.00
2020/09/17,13.24,13.84,13.02,13.53,59598638,801438080.00
2020/09/18,13.39,13.40,12.34,12.70,59372131,761712896.00
2020/09/21,12.70,13.05,12.45,12.85,35870640,457920352.00
2020/09/22,12.64,12.64,12.16,12.18,32142164,397998624.00
2020/09/23,12.29,12.59,12.18,12.39,25969422,321953376.00
2020/09/24,12.18,12.25,11.80,11.81,27467633,329828256.00
2020/09/25,11.90,11.96,11.63,11.74,16939985,199825728.00
2020/09/28,11.88,11.96,11.24,11.32,19049234,220791184.00
2020/09/29,11.39,11.59,11.32,11.41,15192653,173929952.00
2020/09/30,11.40,11.54,11.24,11.26,13409417,152525312.00
2020/10/09,11.47,11.80,11.44,11.66,16528609,192349328.00
2020/10/12,11.67,12.28,11.67,12.20,30068789,362485568.00
2020/10/13,12.15,12.54,12.02,12.34,29479536,363082912.00
2020/10/14,12.24,12.49,12.13,12.49,28239429,348301984.00
2020/10/15,12.53,12.53,11.88,11.90,30054457,363926560.00
2020/10/16,11.88,13.12,11.86,12.78,54361007,687449856.00
2020/10/19,12.65,13.10,12.58,12.91,40376439,517870016.00
2020/10/20,12.85,13.48,12.61,13.01,42097937,548474560.00
2020/10/21,12.90,13.08,12.65,12.67,29299590,375234912.00
2020/10/22,12.60,13.60,12.41,13.31,57664699,764731328.00
2020/10/23,13.20,13.45,12.80,12.85,40332223,527222240.00
2020/10/26,12.81,13.13,12.56,13.13,29964991,387873344.00
2020/10/27,13.03,13.14,12.51,12.75,24523958,313338720.00
2020/10/28,12.50,12.58,11.92,12.46,30160506,370455168.00
2020/10/29,12.21,12.84,12.15,12.71,21571563,270009568.00
2020/10/30,12.71,12.82,11.40,11.58,35911943,431941248.00
2020/11/02,11.57,11.92,11.35,11.69,19476603,227073200.00
2020/11/03,11.80,12.33,11.75,12.14,25374616,306684448.00
2020/11/04,12.23,12.34,12.02,12.12,21425906,260692512.00
2020/11/05,12.23,12.92,12.18,12.79,43862793,554701952.00
2020/11/06,13.00,13.45,12.73,13.03,54295281,709214848.00
2020/11/09,13.50,13.87,13.06,13.60,70097224,945913344.00
2020/11/10,13.70,14.31,13.21,13.36,70675444,971784320.00
2020/11/11,13.25,15.49,13.25,14.10,102796603,1502714880.00
2020/11/12,14.09,16.39,13.71,15.62,124308544,1850611072.00
2020/11/13,15.13,15.44,14.45,14.70,90644957,1348756096.00
2020/11/16,14.54,15.88,14.54,14.65,80607917,1214473344.00
2020/11/17,14.64,15.29,14.12,14.31,72993899,1074140416.00
2020/11/18,14.40,16.37,14.03,15.60,111666423,1694059136.00
2020/11/19,15.30,16.28,14.40,14.80,92139907,1389723776.00
2020/11/20,14.77,17.58,14.31,16.51,124493239,1995534720.00
2020/11/23,16.80,17.96,16.40,16.81,118800563,2036597248.00
2020/11/24,16.41,17.19,15.85,16.60,88744276,1455714176.00
2020/11/25,16.50,16.55,15.61,15.68,62019370,991132672.00
2020/11/26,15.47,16.10,15.35,15.89,52104179,822706432.00
2020/11/27,15.80,16.05,14.58,14.90,58475217,884334208.00
2020/11/30,14.95,15.86,14.67,15.28,59274426,912914304.00
2020/12/01,15.00,15.66,14.81,15.38,54858613,836970048.00
2020/12/02,15.20,15.64,14.50,14.50,56563152,844713024.00
2020/12/03,14.33,14.35,13.73,13.73,45959725,640800512.00
2020/12/04,13.84,14.18,13.70,14.01,35340105,493529664.00
2020/12/07,14.16,14.39,13.94,14.05,30190730,427908864.00
2020/12/08,14.12,14.35,13.78,13.86,27656916,388063392.00
2020/12/09,13.89,14.35,13.76,14.00,35529928,501832768.00
2020/12/10,13.83,13.85,13.21,13.40,30441000,411491712.00
2020/12/11,13.40,13.57,12.81,13.07,28032138,367763776.00
2020/12/14,13.00,13.35,12.96,13.11,19031762,249845488.00
2020/12/15,13.07,13.11,12.67,13.01,20959451,269797184.00
2020/12/16,12.99,13.05,12.51,12.55,21493111,273860768.00
2020/12/17,12.58,13.35,12.54,13.08,29618664,383044640.00
2020/12/18,13.06,13.31,12.92,13.14,23977817,315370656.00
2020/12/21,13.30,13.32,12.88,12.97,26177821,341974144.00
2020/12/22,12.98,13.07,12.20,12.23,29713591,373516480.00
2020/12/23,12.26,12.45,12.18,12.23,19304152,237743664.00
2020/12/24,12.18,12.27,11.75,11.83,21767631,260542480.00
2020/12/25,11.79,12.15,11.67,12.00,15912351,189885168.00
2020/12/28,11.82,12.00,11.30,11.50,23982953,276776512.00
2020/12/29,11.60,11.63,11.24,11.33,16442500,187567360.00
2020/12/30,11.30,11.52,11.25,11.33,13280311,151138960.00
2020/12/31,11.34,11.75,11.32,11.53,16582234,191210848.00
2021/01/04,11.50,11.85,11.40,11.79,18944933,221545856.00
2021/01/05,11.78,11.78,11.56,11.62,16795117,195120480.00
2021/01/06,11.61,11.67,11.13,11.24,21605831,244259744.00
2021/01/07,11.34,11.39,10.48,10.61,27118035,291749056.00
2021/01/08,10.52,10.84,10.13,10.61,19468372,205295776.00
2021/01/11,10.63,10.68,10.10,10.20,18633400,192480736.00
2021/01/12,10.18,10.50,10.10,10.18,14055519,143918976.00
2021/01/13,10.27,10.48,10.13,10.20,19658061,202141632.00
2021/01/14,10.16,10.59,9.83,10.44,25259957,258064976.00
2021/01/15,10.32,10.79,10.22,10.63,24056140,254246960.00
2021/01/18,10.60,10.87,10.56,10.72,19641202,210929744.00
2021/01/19,10.69,11.87,10.64,11.37,40240691,458201120.00
2021/01/20,11.30,11.36,10.95,11.15,24064826,268031392.00
2021/01/21,11.07,11.14,10.82,10.93,18491283,202912944.00
2021/01/22,10.89,11.46,10.81,11.12,24080438,270563328.00
2021/01/25,10.98,11.14,10.59,10.66,18479282,199675216.00
2021/01/26,10.60,11.25,10.59,10.71,19927735,218772560.00
2021/01/27,10.70,11.05,10.47,10.94,19423303,209179424.00
2021/01/28,10.83,11.23,10.71,11.04,22393492,248088320.00
2021/01/29,11.03,11.15,10.12,10.32,22939212,242117936.00
2021/02/01,10.20,10.52,10.18,10.28,10487289,108122312.00
2021/02/02,10.22,10.37,9.96,10.02,13209000,133242320.00
2021/02/03,10.04,10.36,9.70,10.12,18315052,184434496.00
2021/02/04,9.99,10.15,9.50,9.52,16059583,156381136.00
2021/02/05,9.50,9.65,8.92,8.95,15450926,142695264.00
2021/02/08,9.04,9.24,8.82,9.09,9503235,85973960.00
2021/02/09,9.08,9.37,9.07,9.25,8324700,77133288.00
2021/02/10,9.29,9.36,9.15,9.29,7337480,67976800.00
2021/02/18,9.49,9.94,9.49,9.65,12826300,124932032.00
2021/02/19,9.75,10.10,9.58,10.06,13564480,134623264.00
2021/02/22,10.08,11.09,10.08,10.86,28921712,309389920.00
2021/02/23,10.69,10.93,10.37,10.47,18807606,199173744.00
2021/02/24,10.58,10.72,10.31,10.55,15546769,163554960.00
2021/02/25,10.61,10.69,10.17,10.22,12712904,130995088.00
2021/02/26,10.06,10.39,10.02,10.17,8811800,90240416.00
2021/03/01,10.16,10.76,10.16,10.73,17630173,187027360.00
2021/03/02,10.80,10.80,10.42,10.48,11808218,124239728.00
2021/03/03,10.48,10.92,10.48,10.80,14971203,161198128.00
2021/03/04,10.71,10.87,10.56,10.60,11220500,119658840.00
2021/03/05,10.56,10.69,10.41,10.47,10246634,108202072.00
2021/03/08,10.58,10.82,10.32,10.35,10877314,115011376.00
2021/03/09,10.31,10.47,9.68,9.91,12817704,127531048.00
2021/03/10,10.05,10.05,9.41,9.48,11304424,109163840.00
2021/03/11,9.55,9.94,9.49,9.85,10160322,99118088.00
2021/03/12,9.89,10.15,9.72,9.94,10671018,105893048.00
2021/03/15,9.97,10.78,9.97,10.45,20879852,218405648.00
2021/03/16,10.37,10.65,10.32,10.61,14590500,152984336.00
2021/03/17,10.52,11.12,10.38,10.97,24320210,263074608.00
2021/03/18,11.01,11.76,11.01,11.15,38680157,439844288.00
2021/03/19,11.02,11.46,10.85,10.92,23776265,262656672.00
2021/03/22,11.09,11.34,11.02,11.08,18267865,203742192.00
2021/03/23,11.10,11.16,10.69,10.77,16049500,174520816.00
2021/03/24,10.88,10.90,10.60,10.66,12270100,131669408.00
2021/03/25,10.70,10.78,10.45,10.59,11190268,118683544.00
2021/03/26,10.64,10.75,10.48,10.68,9731837,103611312.00
2021/03/29,10.77,10.88,10.45,10.72,13554034,144433392.00
2021/03/30,10.65,10.68,10.22,10.30,13252142,137247536.00
2021/03/31,10.30,10.35,10.15,10.19,6313720,64626556.00
2021/04/01,10.27,10.39,10.18,10.29,7226100,74395176.00
2021/04/02,10.23,10.38,10.22,10.33,6150100,63365244.00
2021/04/06,10.35,10.75,10.35,10.70,12557760,133140200.00
2021/04/07,10.72,10.86,10.61,10.81,12508264,134618208.00
2021/04/08,10.77,10.94,10.57,10.70,12154720,130418304.00
2021/04/09,10.71,10.81,10.56,10.66,7316700,78053000.00
2021/04/12,10.58,10.66,10.06,10.12,13069432,133970672.00
2021/04/13,10.13,10.20,10.00,10.08,6018836,60732596.00
2021/04/14,10.00,10.16,9.90,10.09,5066581,51038576.00
2021/04/15,9.98,10.07,9.75,9.82,7963664,78387336.00
2021/04/16,9.83,10.04,9.79,9.97,6252716,62176464.00
2021/04/19,10.01,10.25,10.01,10.17,6669200,67939448.00
2021/04/20,10.18,10.21,9.98,10.02,7343520,74167120.00
2021/04/21,10.08,10.17,9.88,10.16,7313460,73654736.00
2021/04/22,10.25,10.44,10.14,10.42,12654800,130434120.00
2021/04/23,10.37,10.41,10.08,10.12,12382995,125940936.00
2021/04/26,10.08,10.22,9.99,10.02,8389203,84628872.00
2021/04/27,10.02,10.09,9.71,9.78,7806937,76665216.00
2021/04/28,9.78,10.02,9.71,9.94,5620584,55656328.00
2021/04/29,9.90,9.98,9.81,9.82,5309537,52502284.00
2021/04/30,9.79,9.84,9.51,9.61,7337334,70812272.00
2021/05/06,9.61,9.87,9.56,9.73,5448165,53268288.00
2021/05/07,9.75,9.95,9.66,9.86,7183702,70717456.00
2021/05/10,9.86,10.31,9.80,10.23,13172565,133672520.00
2021/05/11,10.15,10.21,9.92,10.02,9395864,94240648.00
2021/05/12,10.03,10.30,9.92,10.29,13223400,134900320.00
2021/05/13,10.15,10.39,10.10,10.14,9801400,100126408.00
2021/05/14,10.10,10.22,10.08,10.15,6833300,69375944.00
2021/05/17,10.12,10.18,9.96,9.99,7344944,73658776.00
2021/05/18,9.99,10.08,9.90,10.02,6399338,63884656.00
2021/05/19,9.99,10.25,9.92,10.24,9671100,97355432.00
2021/05/20,10.19,10.19,10.03,10.09,7547441,76190496.00
2021/05/21,10.13,10.45,10.11,10.39,17071174,176462400.00
2021/05/24,10.44,10.63,10.30,10.35,11355972,118191552.00
2021/05/25,10.40,10.60,10.33,10.53,12545547,131645232.00
2021/05/26,10.52,10.53,10.36,10.49,10825255,112872664.00
2021/05/27,10.47,10.67,10.41,10.62,14430195,152794928.00
2021/05/28,10.58,10.74,10.39,10.42,13529600,143104224.00
2021/05/31,10.50,10.60,10.42,10.49,9569934,100489976.00
2021/06/01,10.50,10.70,10.34,10.63,14556920,153597392.00
2021/06/02,10.59,10.63,10.28,10.32,12046612,125455824.00
2021/06/03,10.34,10.53,10.33,10.33,9066700,94511768.00
2021/06/04,10.33,10.46,10.26,10.36,7152944,74143680.00
2021/06/07,10.32,10.66,10.32,10.58,13164140,138928800.00
2021/06/08,10.58,11.57,10.52,11.20,39727688,440714272.00
2021/06/09,11.50,11.85,11.28,11.35,37656552,432730080.00
2021/06/10,11.29,11.34,10.88,11.10,30787758,339701536.00
2021/06/11,11.05,11.21,10.88,10.88,19170225,211185584.00
2021/06/15,10.85,11.02,10.58,10.61,17695900,190651424.00
2021/06/16,10.61,11.24,10.56,11.05,25388332,277647072.00
2021/06/17,11.11,11.45,10.84,11.44,35007792,393114336.00
2021/06/18,11.47,13.53,11.32,12.77,65879509,828419584.00
2021/06/21,12.78,13.10,12.50,12.56,46295505,586531456.00
2021/06/22,12.59,12.91,12.18,12.33,37620299,468794176.00
2021/06/23,12.14,12.90,11.98,12.88,40532881,504345504.00
2021/06/24,12.73,12.88,12.16,12.30,29810058,372316736.00
2021/06/25,12.23,12.68,12.10,12.45,22429212,277410784.00
2021/06/28,12.34,12.45,12.16,12.31,15435183,190053664.00
2021/06/29,12.30,13.20,12.24,12.83,46922258,605127360.00
2021/06/30,12.68,13.15,12.55,13.00,38598592,496267648.00
2021/07/01,13.01,13.03,12.01,12.01,34976715,434415360.00
2021/07/02,11.95,12.37,11.86,11.99,17875338,216870880.00
2021/07/05,12.11,12.66,12.11,12.60,24625707,307330112.00
2021/07/06,12.59,12.95,12.50,12.73,27623420,350828448.00
2021/07/07,12.69,12.95,12.53,12.75,22848217,290009344.00
2021/07/08,12.76,13.29,12.55,13.09,40656478,528185088.00
2021/07/09,13.16,13.25,12.68,12.99,32016578,415865024.00
2021/07/12,13.12,13.40,12.92,13.05,34392772,451338432.00
2021/07/13,13.00,14.35,12.84,13.57,52868433,724118016.00
2021/07/14,13.60,13.71,13.01,13.01,35540155,471713408.00
2021/07/15,12.90,13.15,12.31,12.73,28919304,366249984.00
2021/07/16,12.63,12.96,12.46,12.82,19731011,251708640.00
2021/07/19,12.72,12.91,12.25,12.35,21053568,261761872.00
2021/07/20,12.00,12.18,11.68,12.17,20130315,239746416.00
2021/07/21,12.14,12.45,12.10,12.38,16393008,201723440.00
2021/07/22,12.75,14.86,12.75,14.86,90310581,1322247424.00
2021/07/23,15.01,16.28,14.85,15.40,131369564,2042370176.00
2021/07/26,15.02,15.55,14.40,14.84,68913764,1031870400.00
2021/07/27,14.93,15.15,13.93,14.09,60292726,879948544.00
2021/07/28,13.85,14.32,13.00,13.64,39843758,545938304.00
2021/07/29,13.99,14.42,13.67,14.18,47083419,664553856.00
2021/07/30,14.01,14.88,13.90,14.78,53593360,780166656.00
2021/08/02,14.59,14.72,14.22,14.54,39693568,574567488.00
2021/08/03,14.41,14.71,13.80,13.84,41875797,595808320.00
2021/08/04,13.92,14.35,13.68,14.25,27289403,385122848.00
2021/08/05,14.16,14.16,13.61,13.86,32771270,452553088.00
2021/08/06,13.80,14.55,13.71,14.51,38269281,547259456.00
2021/08/09,14.67,15.78,14.25,14.80,51628400,775428864.00
2021/08/10,14.56,15.18,14.40,14.75,41371928,612228544.00
2021/08/11,14.76,15.66,14.46,15.56,60199617,919292992.00
2021/08/12,15.65,15.68,15.04,15.40,42336815,647612032.00
2021/08/13,15.34,17.96,15.21,17.10,90592365,1519771008.00
2021/08/16,17.36,20.52,16.82,20.00,112065367,2044176128.00
2021/08/17,19.38,20.73,18.63,18.79,87426542,1704959872.00
2021/08/18,18.89,22.55,18.89,22.55,129643092,2811261952.00
2021/08/19,21.54,22.18,20.20,22.03,127909292,2695482880.00
2021/08/20,20.75,24.14,19.87,23.40,117452313,2610236160.00
2021/08/23,23.12,27.90,23.12,26.25,105197079,2766280704.00
2021/08/24,26.26,29.06,25.70,26.28,115460321,3131096832.00
2021/08/25,26.29,31.13,24.96,29.70,116268637,3155044352.00
2021/08/26,29.18,32.33,28.33,30.42,109892089,3351283456.00
2021/08/27,29.74,31.00,27.98,29.16,82712837,2439434240.00
2021/08/30,28.27,30.58,27.30,28.77,82138645,2385607168.00
2021/08/31,28.67,32.58,28.38,31.03,90469246,2772051456.00
2021/09/01,30.82,32.80,26.85,28.58,85034185,2558119936.00
2021/09/02,27.50,29.55,27.22,28.31,65472556,1852691840.00
2021/09/03,27.60,32.28,27.33,29.27,91146011,2735937536.00
2021/09/06,29.29,30.18,24.58,26.21,87496047,2328134912.00
2021/09/07,26.80,27.17,25.92,26.90,67246771,1797004416.00
2021/09/08,27.01,27.71,25.80,26.81,65139476,1746069120.00
2021/09/09,26.95,27.17,24.66,25.12,71715158,1833499520.00
2021/09/10,25.51,27.58,24.68,26.30,92872261,2415692288.00
2021/09/13,26.01,28.65,24.87,27.40,102453818,2731528192.00
2021/09/14,27.00,29.03,26.11,27.90,94879123,2639402752.00
2021/09/15,27.30,28.48,26.83,27.60,59694626,1643198464.00
2021/09/16,27.68,28.20,25.26,25.29,57423269,1520704768.00
2021/09/17,24.60,26.49,24.52,25.15,41164534,1047918912.00
2021/09/22,24.75,27.20,24.75,26.82,52146485,1363521152.00
2021/09/23,26.92,27.67,25.50,25.52,52361054,1387389440.00
2021/09/24,25.30,25.55,23.30,23.40,50865322,1223404928.00
2021/09/27,23.38,23.81,21.58,22.19,43503590,981502848.00
2021/09/28,22.36,22.89,22.10,22.41,28648045,643497664.00
2021/09/29,21.97,22.70,21.40,21.40,31477017,691147584.00
2021/09/30,22.06,24.22,21.88,23.95,44490361,1027946368.00
2021/10/08,24.19,24.71,22.25,22.90,38551180,890914368.00
2021/10/11,22.98,23.26,21.90,22.69,22698410,514664928.00
2021/10/12,22.52,23.44,21.69,22.31,27733960,623896384.00
2021/10/13,22.02,22.75,21.48,22.59,21691907,479257888.00
2021/10/14,22.19,22.51,21.60,22.17,28380496,627450752.00
2021/10/15,22.39,22.74,21.61,22.15,28169232,625169664.00
2021/10/18,21.93,22.88,21.80,22.78,35396068,796132224.00
2021/10/19,22.67,23.76,22.31,23.66,46842724,1091488512.00
2021/10/20,23.01,25.49,22.62,25.37,62620682,1522903936.00
2021/10/21,26.47,27.89,25.50,25.70,78169888,2067875456.00
2021/10/22,25.44,25.99,24.51,24.54,48548173,1221742720.00
2021/10/25,24.18,25.48,24.18,24.86,39344503,980403584.00
2021/10/26,24.86,24.98,23.70,23.72,42839910,1035318144.00
2021/10/27,23.49,24.18,22.90,23.26,34786829,818354176.00
2021/10/28,23.05,23.98,22.20,22.27,33870304,781635200.00
2021/10/29,22.40,22.78,21.41,21.66,32274140,704182464.00
2021/11/01,21.55,22.20,21.26,21.70,26013850,563929344.00
2021/11/02,21.58,21.90,20.19,20.54,36228306,760316096.00
2021/11/03,20.60,20.74,20.06,20.33,21307057,433411968.00
2021/11/04,20.54,20.87,20.29,20.53,18272114,374810528.00
2021/11/05,20.71,20.74,19.17,19.20,35049089,690955456.00
2021/11/08,19.31,19.98,19.12,19.65,22352860,437242432.00
2021/11/09,19.60,20.39,19.50,20.29,26944785,540240128.00
2021/11/10,20.30,20.49,19.65,20.06,23933642,477853952.00
2021/11/11,20.06,21.97,20.06,21.17,44404417,941142720.00
2021/11/12,20.97,21.52,20.77,20.90,29167952,615397824.00
2021/11/15,20.55,20.55,19.66,19.95,27627485,551559232.00
2021/11/16,19.99,20.07,19.41,19.45,18898610,373059808.00
2021/11/17,19.45,20.24,19.45,20.18,18040970,360050080.00
2021/11/18,20.19,21.26,20.04,20.95,30504154,631270912.00
2021/11/19,20.66,21.86,20.32,21.58,36344416,771493696.00
2021/11/22,21.36,21.84,21.22,21.71,28931890,624107520.00
2021/11/23,21.53,22.77,21.40,21.93,39403257,872735232.00
2021/11/24,21.75,22.37,21.26,21.28,29649572,643172992.00
2021/11/25,21.20,21.69,21.07,21.10,19597400,417534464.00
2021/11/26,21.01,22.93,21.01,22.29,43723810,971082368.00
2021/11/29,21.63,22.21,21.51,21.98,25693932,563143616.00
2021/11/30,22.20,22.44,21.59,21.89,24459411,538368576.00
2021/12/01,21.59,21.59,20.66,21.18,27485414,577575616.00
2021/12/02,21.02,21.11,20.22,20.30,25046038,514706592.00
2021/12/03,20.32,20.64,19.95,20.50,16231100,330441728.00
2021/12/06,20.37,21.23,20.33,20.48,18727700,389466848.00
2021/12/07,20.70,20.79,19.86,20.10,15830221,319902112.00
2021/12/08,20.48,20.49,20.09,20.38,10563991,214382160.00
2021/12/09,20.23,20.24,19.85,19.89,17730465,353649344.00
2021/12/10,19.98,20.77,19.93,20.49,27473886,561511552.00
2021/12/13,20.42,20.55,20.05,20.14,16263967,329006816.00
2021/12/14,20.15,20.18,19.47,19.56,19013709,374683904.00
2021/12/15,19.60,19.75,19.41,19.47,11356092,222285696.00
2021/12/16,19.39,19.81,19.31,19.78,12382538,243013552.00
2021/12/17,19.67,19.67,18.87,18.93,21460986,409980512.00
2021/12/20,18.68,18.78,17.80,17.89,20618955,375099200.00
2021/12/21,17.90,18.42,17.82,18.28,10962700,199151232.00
2021/12/22,18.23,18.43,18.18,18.28,9012068,164920192.00
2021/12/23,18.33,18.39,18.10,18.16,7600529,138337280.00
2021/12/24,18.28,18.29,17.51,17.60,10855552,192811072.00
2021/12/27,17.61,17.95,17.50,17.78,7317773,129807584.00
2021/12/28,17.98,18.18,17.65,18.18,10446528,187554704.00
2021/12/29,18.15,18.70,18.12,18.35,17996873,331591648.00
2021/12/30,18.13,18.42,18.02,18.04,11436821,207921952.00
2021/12/31,18.00,18.33,17.98,18.28,8576254,156228256.00
2022/01/04,18.36,18.45,17.83,18.10,10583955,191121600.00
2022/01/05,18.18,18.18,17.38,17.62,10885616,192611920.00
2022/01/06,17.50,17.95,17.47,17.79,8285100,146847376.00
2022/01/07,17.79,17.87,17.22,17.23,10159601,177639232.00
2022/01/10,17.23,17.84,17.07,17.74,12487618,218839952.00
2022/01/11,18.01,18.87,18.01,18.20,27183523,500798048.00
2022/01/12,18.11,18.68,18.11,18.57,18783931,347310368.00
2022/01/13,18.46,18.47,18.09,18.12,12772717,233191360.00
2022/01/14,18.01,18.39,17.81,18.23,11297632,205179744.00
2022/01/17,18.08,18.42,17.75,18.38,12735515,231246304.00
2022/01/18,18.39,18.39,17.97,18.14,10687076,194230224.00
2022/01/19,18.10,18.10,17.51,17.69,9782500,173532112.00
2022/01/20,17.64,17.82,16.90,16.93,11787958,203038160.00
2022/01/21,16.92,16.93,16.46,16.50,8444733,140511968.00
2022/01/24,16.41,17.14,16.35,17.05,8863972,149325920.00
2022/01/25,16.84,17.15,16.14,16.19,10196888,169057952.00
2022/01/26,17.33,19.40,17.33,17.87,40922152,746079872.00
2022/01/27,17.33,17.69,16.70,16.85,29352798,503034432.00
2022/01/28,16.89,17.07,16.24,16.77,14983500,249988128.00
2022/02/07,17.37,17.55,16.94,17.51,20403182,351869664.00
2022/02/08,17.30,17.62,17.10,17.62,16049363,278792064.00
2022/02/09,18.17,18.30,17.66,17.88,21279810,381500192.00
2022/02/10,17.61,17.71,17.37,17.52,14732031,258291872.00
2022/02/11,17.41,17.78,17.06,17.38,15811055,275955904.00
2022/02/14,17.12,17.35,16.96,17.03,9620465,164479072.00
2022/02/15,17.14,17.78,17.09,17.72,18993987,333252640.00
2022/02/16,17.61,17.94,17.55,17.90,17484740,310667264.00
2022/02/17,17.89,18.39,17.69,18.28,28286248,513595936.00
2022/02/18,18.07,18.22,17.92,18.17,15097014,273061024.00
2022/02/21,18.08,18.26,17.87,18.26,15101468,272910912.00
2022/02/22,18.27,18.62,17.81,18.62,22895603,417595936.00
2022/02/23,18.58,20.80,18.45,20.09,51106666,1004550400.00
2022/02/24,19.80,21.12,19.30,19.74,61265043,1238139904.00
2022/02/25,20.12,20.30,19.31,19.38,31936700,626774848.00
2022/02/28,19.17,19.62,18.90,19.38,21200830,408870208.00
2022/03/01,19.52,20.80,19.50,20.60,46844738,947578496.00
2022/03/02,20.13,21.99,20.12,21.65,59500823,1254227200.00
2022/03/03,21.63,22.36,20.89,20.93,48927691,1053810432.00
2022/03/04,20.84,21.03,20.00,20.33,34530930,707817280.00
2022/03/07,20.33,21.08,20.28,20.66,34242244,710181440.00
2022/03/08,20.37,20.62,19.33,19.50,29455758,587581376.00
2022/03/09,19.80,19.93,17.58,18.61,33528360,627194304.00
2022/03/10,19.17,19.38,18.73,18.89,28825999,547583552.00
2022/03/11,18.43,19.23,18.27,19.08,22862366,426847328.00
2022/03/14,18.80,18.90,18.05,18.10,19059700,352696896.00
2022/03/15,17.89,18.27,17.20,17.20,18682689,332001312.00
2022/03/16,17.55,17.89,17.00,17.85,19086238,334317056.00
2022/03/17,17.98,18.78,17.96,18.04,21368200,390750912.00
2022/03/18,17.88,18.45,17.82,18.26,15995979,291353600.00
2022/03/21,18.21,18.45,17.89,18.42,16750969,305338016.00
2022/03/22,18.34,18.45,17.96,18.00,16824595,304918304.00
2022/03/23,18.30,18.40,17.76,17.87,16570922,300216192.00
2022/03/24,17.51,17.66,17.15,17.48,16588783,288800224.00
2022/03/25,17.46,17.60,17.00,17.06,14397023,248745008.00
2022/03/28,16.80,16.93,16.36,16.62,12799200,212864672.00
2022/03/29,16.70,16.77,16.30,16.45,10313262,170440224.00
2022/03/30,16.53,16.92,16.43,16.82,12742163,212623888.00
2022/03/31,16.66,16.70,16.25,16.27,12145000,199688752.00
2022/04/01,16.18,16.36,16.12,16.23,7673352,124517032.00
2022/04/06,16.02,16.18,15.66,15.83,10891822,172267152.00
2022/04/07,15.76,15.97,15.40,15.40,10223011,159891616.00
2022/04/08,15.30,15.65,15.15,15.48,9682200,149253248.00
2022/04/11,15.41,15.46,14.68,14.79,10040332,150753424.00
2022/04/12,14.80,14.95,14.40,14.94,8621919,126746360.00
2022/04/13,14.77,15.11,14.64,14.76,7637095,113559464.00
2022/04/14,14.77,15.02,14.76,14.88,6939698,103268320.00
2022/04/15,14.84,15.64,14.53,15.37,17482847,266843792.00
2022/04/18,15.24,15.76,15.04,15.67,11433400,177028096.00
2022/04/19,16.09,16.20,15.45,15.51,10598537,166555168.00
2022/04/20,15.50,15.88,15.36,15.60,9788306,153239984.00
2022/04/21,15.50,15.59,14.66,14.72,10591428,159018480.00
2022/04/22,14.50,14.61,13.88,14.11,11057563,157488048.00
2022/04/25,13.49,13.81,12.98,13.00,11070359,148121200.00
2022/04/26,12.72,12.79,12.04,12.10,11145064,139027808.00
2022/04/27,12.10,13.10,11.80,13.05,16312842,204551424.00
2022/04/28,12.87,13.23,12.76,12.93,12152954,157645280.00
2022/04/29,13.21,13.63,12.93,13.52,12215064,162945952.00
2022/05/05,13.50,13.84,13.27,13.54,11098924,151215712.00
2022/05/06,13.05,13.42,12.98,13.22,7490146,99047944.00
2022/05/09,13.16,13.54,13.14,13.45,6199310,83094000.00
2022/05/10,13.20,13.77,13.17,13.69,8715535,118449968.00
2022/05/11,13.66,14.85,13.66,14.04,18540259,264287888.00
2022/05/12,13.85,14.14,13.73,14.00,9217548,128644120.00
2022/05/13,14.10,14.30,13.91,14.17,8883093,125319296.00
2022/05/16,14.17,14.35,13.88,13.92,8548540,120357400.00
2022/05/17,13.92,14.25,13.86,14.22,8626657,121601360.00
2022/05/18,14.20,14.36,14.05,14.10,8048203,114175352.00
2022/05/19,13.80,15.05,13.71,15.05,25220667,367706656.00
2022/05/20,15.02,15.53,14.79,14.94,22614258,340683008.00
2022/05/23,14.88,15.10,14.77,15.03,12695640,189781120.00
2022/05/24,15.03,15.45,14.90,15.04,22631233,343574880.00
2022/05/25,15.05,15.10,14.51,14.83,13857905,204410976.00
2022/05/26,14.74,15.12,14.36,14.82,13670493,201627840.00
2022/05/27,14.89,15.52,14.81,15.35,24249041,370533280.00
2022/05/30,15.16,15.30,14.82,15.24,16047025,241421344.00
2022/05/31,15.40,15.67,15.24,15.27,18298121,282315936.00
2022/06/01,15.05,15.27,14.95,15.04,13097040,197434192.00
2022/06/02,14.91,15.15,14.88,14.98,11535466,173216240.00
2022/06/06,14.90,15.73,14.89,15.63,21675403,335465696.00
2022/06/07,15.69,15.95,15.35,15.56,18377493,287251872.00
2022/06/08,15.48,15.82,15.11,15.70,18946111,294001856.00
2022/06/09,15.53,16.58,15.41,16.36,37666016,608437504.00
2022/06/10,16.01,18.04,15.92,17.34,45183700,764513152.00
2022/06/13,16.93,18.00,16.84,17.36,39646482,695780416.00
2022/06/14,17.00,20.06,16.89,19.15,63796646,1193140864.00
2022/06/15,19.45,19.67,18.36,18.77,56023414,1063505536.00
2022/06/16,18.64,19.21,18.30,18.72,32846728,614068224.00
2022/06/17,18.42,20.35,18.36,19.22,55799621,1091417984.00
2022/06/20,19.10,19.29,18.30,18.68,39202579,733063168.00
2022/06/21,18.32,18.50,17.48,17.65,37304097,664407296.00
2022/06/22,17.67,18.08,17.50,17.51,22330800,396805760.00
2022/06/23,17.42,17.91,17.04,17.79,25693554,449546912.00
2022/06/24,17.70,18.65,17.70,18.58,35746551,656282048.00
2022/06/27,18.77,18.80,18.16,18.41,26222504,483900224.00
2022/06/28,18.29,18.68,18.14,18.62,24300710,447022144.00
2022/06/29,18.68,19.49,18.07,18.07,30628036,574143552.00
2022/06/30,18.02,18.60,17.70,18.38,25430159,461092416.00
2022/07/01,18.35,18.86,17.90,18.72,30177050,560457664.00
2022/07/04,18.70,19.12,18.18,18.99,28105135,528304448.00
2022/07/05,19.13,19.13,18.25,18.61,22091755,411138496.00
2022/07/06,18.38,18.44,17.26,17.50,25422645,451176352.00
2022/07/07,17.50,17.96,17.35,17.82,15041394,266975216.00
2022/07/08,17.89,18.09,17.35,17.35,13344600,234450480.00
2022/07/11,17.21,17.28,16.54,16.69,15488375,260547696.00
2022/07/12,16.70,16.96,16.50,16.53,9775713,163226256.00
2022/07/13,16.45,16.75,16.32,16.62,9600853,159040880.00
2022/07/14,16.55,17.17,16.50,17.04,13677361,232110640.00
2022/07/15,16.89,17.28,16.58,16.61,12171802,206578896.00
2022/07/18,16.61,17.18,16.43,17.10,13166447,221421296.00
2022/07/19,17.15,17.35,16.90,17.10,15272212,261842624.00
2022/07/20,17.15,17.15,16.73,16.92,11177779,189003632.00
2022/07/21,16.81,16.91,16.52,16.53,10966444,182880400.00
2022/07/22,16.60,16.75,16.19,16.29,12829653,210894928.00
2022/07/25,16.17,16.43,15.82,15.98,9238901,148576784.00
2022/07/26,15.91,16.78,15.90,16.50,12971400,212482720.00
2022/07/27,16.45,16.75,16.38,16.60,10017257,166150992.00
2022/07/28,16.74,16.95,16.53,16.92,14230321,238929696.00
2022/07/29,17.04,17.27,16.55,16.59,14282480,241093488.00
2022/08/01,16.54,16.95,16.26,16.92,10672700,178253344.00
2022/08/02,16.60,16.63,15.65,15.77,15411773,247413200.00
2022/08/03,15.70,16.88,15.70,16.19,17937436,294050848.00
2022/08/04,16.45,17.09,16.42,16.97,23430307,395531008.00
2022/08/05,16.76,16.96,16.54,16.95,16354708,274025920.00
2022/08/08,16.90,17.48,16.75,17.37,19079927,328325824.00
2022/08/09,17.15,18.28,17.06,18.09,34898792,623197376.00
2022/08/10,18.01,18.42,17.68,18.18,34697764,627236544.00
2022/08/11,18.01,18.58,17.72,18.08,36399204,662835456.00
2022/08/12,17.78,18.18,17.43,17.62,30619946,542106816.00
2022/08/15,17.62,18.60,17.55,18.37,35065012,636823936.00
2022/08/16,18.31,18.49,17.98,18.12,25875773,470742944.00
2022/08/17,18.09,18.21,17.37,17.53,23242800,409108256.00
2022/08/18,17.48,17.67,17.40,17.49,12990400,227661344.00
2022/08/19,17.49,17.57,16.88,16.89,16255020,278441536.00
2022/08/22,16.66,17.15,16.65,17.14,9411792,159478560.00
2022/08/23,17.11,17.41,17.04,17.33,13252749,228627680.00
2022/08/24,17.37,17.38,16.45,16.46,13686190,230452192.00
2022/08/25,16.56,16.63,15.89,16.17,11288995,181865648.00
2022/08/26,16.20,16.42,15.99,16.01,7703154,124805336.00
2022/08/29,15.70,16.16,15.63,16.14,5941230,94924280.00
2022/08/30,16.16,16.16,15.72,15.82,6483137,102944152.00
2022/08/31,15.72,15.91,15.20,15.21,8636046,132957624.00
2022/09/01,15.20,15.34,14.80,14.82,7942279,119386408.00
2022/09/02,14.84,15.56,14.83,15.39,9926505,152000304.00
2022/09/05,15.35,15.50,15.18,15.32,5532274,84795832.00
2022/09/06,15.39,15.78,15.31,15.75,9776151,152614128.00
2022/09/07,15.64,15.89,15.55,15.66,8292849,130368192.00
2022/09/08,15.60,15.79,15.37,15.40,5853473,91311112.00
2022/09/09,15.43,16.15,15.42,15.81,10196134,162133296.00
2022/09/13,15.72,15.75,15.39,15.49,7726873,119989608.00
2022/09/14,15.20,15.34,14.98,15.05,6698705,101320280.00
2022/09/15,15.08,15.17,14.24,14.45,9291457,136016160.00
2022/09/16,14.37,14.45,14.01,14.01,5235028,74354168.00
2022/09/19,14.01,14.66,14.01,14.27,8244362,118431256.00
2022/09/20,14.33,14.63,14.32,14.40,6021828,87084432.00
2022/09/21,14.35,14.41,14.00,14.28,5195327,73875584.00
2022/09/22,14.20,14.47,14.13,14.18,4458140,63702688.00
2022/09/23,14.20,14.28,13.60,13.84,7306107,101521360.00
2022/09/26,13.76,14.05,13.58,13.69,4818821,66429668.00
2022/09/27,13.75,13.91,13.52,13.88,4911261,67535792.00
2022/09/28,13.78,13.86,13.23,13.24,5494100,74008072.00
2022/09/29,13.44,13.52,13.11,13.20,4422984,58834308.00
2022/09/30,13.17,13.35,13.09,13.11,4073500,53827532.00
2022/10/10,13.16,13.24,12.60,12.72,4458400,57681612.00
2022/10/11,12.83,13.25,12.70,13.13,6300384,81671200.00
2022/10/12,13.07,13.49,12.80,13.48,7806789,103027216.00
2022/10/13,13.35,13.58,13.32,13.44,5984238,80662576.00
2022/10/14,13.54,13.94,13.50,13.77,8586006,117838136.00
2022/10/17,13.60,13.85,13.57,13.83,5689006,78283248.00
2022/10/18,13.86,13.95,13.71,13.78,5617604,77707592.00
2022/10/19,13.70,14.01,13.69,13.69,5974242,82589216.00
2022/10/20,13.67,13.93,13.50,13.79,6665450,91395536.00
2022/10/21,13.77,13.88,13.51,13.54,5607956,76521704.00
2022/10/24,13.67,13.88,13.31,13.43,6091660,82976976.00
2022/10/25,13.45,13.47,13.01,13.26,6155542,81203120.00
2022/10/26,13.29,13.78,13.29,13.75,7930011,108286024.00
2022/10/27,13.44,13.58,13.16,13.19,12825973,170660656.00
2022/10/28,13.11,13.12,12.36,12.46,8728588,110681784.00
2022/10/31,12.22,12.60,12.18,12.43,4273260,53120152.00
2022/11/01,12.45,12.85,12.45,12.83,6412146,81643728.00
2022/11/02,12.78,13.23,12.78,13.01,6946246,90158096.00
2022/11/03,12.90,13.15,12.81,12.99,5335986,69315968.00
2022/11/04,12.98,13.39,12.92,13.33,8329424,110410632.00
2022/11/07,13.33,13.80,13.28,13.61,9559940,130150008.00
2022/11/08,13.61,13.78,13.41,13.58,5856500,79237160.00
2022/11/09,13.55,13.61,13.42,13.46,3905322,52708216.00
2022/11/10,13.38,13.47,13.20,13.30,5556822,73933088.00
2022/11/11,13.62,13.70,13.37,13.56,9056840,122622720.00
2022/11/14,13.52,13.92,13.30,13.40,9649600,131329120.00
2022/11/15,13.25,13.75,13.16,13.68,8839647,119789256.00
2022/11/16,13.67,13.79,13.58,13.61,6196340,84746376.00
2022/11/17,13.59,13.59,13.34,13.50,6233706,83811336.00
2022/11/18,13.50,13.56,13.28,13.31,5709301,76664960.00
2022/11/21,13.31,13.41,13.13,13.38,4156250,55288548.00
2022/11/22,13.39,13.58,13.22,13.32,6127360,82242936.00
2022/11/23,13.33,13.39,12.87,13.19,5812456,76272520.00
2022/11/24,13.28,13.45,13.15,13.42,5637367,75246328.00
2022/11/25,13.45,13.45,12.97,13.02,6221428,81728592.00
2022/11/28,12.93,12.93,12.69,12.82,3912560,50129544.00
2022/11/29,12.90,13.19,12.83,13.18,5687770,74460936.00
2022/11/30,13.22,13.22,13.02,13.06,3777274,49518128.00
2022/12/01,13.12,13.32,13.12,13.16,4939343,65362416.00
2022/12/02,13.16,13.25,13.12,13.17,3686547,48587440.00
2022/12/05,13.18,13.44,13.16,13.39,6298128,83921384.00
2022/12/06,13.42,13.59,13.21,13.50,8147809,109306640.00
2022/12/07,13.50,13.58,13.38,13.38,6543304,88136680.00
2022/12/08,13.36,13.71,13.25,13.70,13504574,183575488.00
2022/12/09,13.80,13.88,13.52,13.62,10509133,143083536.00
2022/12/12,13.61,13.61,13.23,13.26,7642181,101915768.00
2022/12/13,13.20,13.33,13.05,13.06,5303356,69794616.00
2022/12/14,13.18,13.27,12.99,13.02,4270340,55982484.00
2022/12/15,12.97,13.15,12.96,13.13,3389685,44305468.00
2022/12/16,13.05,13.09,12.75,12.83,4889500,62934024.00
2022/12/19,12.80,12.95,12.51,12.59,3836000,48783528.00
2022/12/20,12.53,12.73,12.50,12.67,2792270,35265984.00
2022/12/21,12.69,12.73,12.34,12.46,3336000,41783724.00
2022/12/22,12.47,12.60,12.03,12.06,4815565,58948380.00
2022/12/23,12.05,12.16,11.89,11.99,3362566,40418436.00
2022/12/26,12.01,12.19,12.00,12.16,2640880,32032578.00
2022/12/27,12.19,12.20,11.96,12.13,3235500,39090592.00
2022/12/28,12.12,12.12,11.88,11.91,3194148,38123568.00
2022/12/29,11.85,11.98,11.84,11.88,2422315,28857218.00
2022/12/30,11.94,11.95,11.67,11.68,4817467,56633368.00
2023/01/03,11.72,12.00,11.61,11.97,4820078,57118504.00
2023/01/04,11.94,12.05,11.84,11.98,4431794,52998896.00
2023/01/05,12.01,12.27,11.96,12.25,6225568,75787264.00
2023/01/06,12.23,13.07,12.15,12.71,15415215,196470784.00
2023/01/09,12.61,12.84,12.56,12.75,7311596,92916176.00
2023/01/10,12.68,12.73,12.54,12.56,4949519,62313316.00
2023/01/11,12.60,12.64,12.38,12.38,4466296,55840240.00
2023/01/12,12.40,12.59,12.37,12.41,3365900,41958312.00
2023/01/13,12.43,12.60,12.28,12.41,3829842,47550696.00
2023/01/16,12.35,12.78,12.34,12.70,6826000,86444472.00
2023/01/17,12.70,12.79,12.57,12.62,3285267,41609892.00
2023/01/18,12.74,13.04,12.65,12.83,6351586,81795680.00
2023/01/19,12.83,12.87,12.70,12.82,3763296,48144016.00
2023/01/20,12.82,13.00,12.81,12.99,4908147,63594028.00
2023/01/30,13.16,13.23,13.00,13.00,6765883,88653568.00
2023/01/31,12.91,13.05,12.85,13.03,5300788,68790208.00
2023/02/01,13.03,13.34,12.96,13.31,8874147,116864624.00
2023/02/02,13.33,13.34,13.16,13.21,6133517,81098912.00
2023/02/03,13.21,13.27,12.90,13.06,6896300,89908504.00
2023/02/06,13.04,13.12,12.96,13.07,4678144,60982216.00
2023/02/07,13.11,13.12,12.94,13.08,5815900,75801048.00
2023/02/08,13.08,13.31,13.08,13.17,7296010,96480392.00
2023/02/09,13.18,13.74,13.14,13.57,17496032,236900464.00
2023/02/10,13.52,13.66,13.36,13.46,9944430,134385616.00
2023/02/13,13.42,13.59,13.37,13.46,6728424,90542600.00
2023/02/14,13.45,13.56,13.40,13.52,6297664,84909880.00
2023/02/15,13.52,13.53,13.31,13.35,5728937,76624152.00
2023/02/16,13.33,13.38,12.76,12.83,10196802,133427848.00
2023/02/17,12.82,13.04,12.80,12.80,5062441,65245736.00
2023/02/20,12.80,12.86,12.60,12.84,5208400,66219220.00
2023/02/21,12.84,13.56,12.81,13.22,13808808,183137136.00
2023/02/22,13.19,13.28,13.09,13.20,5439703,71695088.00
2023/02/23,13.22,13.27,13.06,13.17,5084786,66868020.00
2023/02/24,13.19,13.24,12.90,13.00,4082946,53155212.00
2023/02/27,12.95,13.36,12.83,13.15,8202490,108177664.00
2023/02/28,13.17,13.26,12.86,13.03,6229564,81008504.00
2023/03/01,13.03,13.04,12.91,12.99,4684628,60717280.00
2023/03/02,12.99,13.05,12.80,12.81,5669842,73161744.00
2023/03/03,12.82,12.84,12.50,12.62,7446600,94033144.00
2023/03/06,12.58,12.69,12.46,12.63,4540590,57071092.00
2023/03/07,12.59,12.71,12.40,12.40,4241200,53174072.00
2023/03/08,12.35,12.50,12.35,12.48,2957707,36729332.00
2023/03/09,12.48,12.63,12.48,12.60,3799410,47792756.00
2023/03/10,12.58,12.59,12.39,12.43,3749404,46780960.00
2023/03/13,12.41,12.50,12.10,12.20,4586869,56084148.00
2023/03/14,12.23,12.34,11.92,12.31,5566869,67627568.00
2023/03/15,12.39,12.52,12.32,12.42,3878300,48266896.00
2023/03/16,12.40,12.59,12.18,12.18,4372646,54064224.00
2023/03/17,12.21,12.31,12.16,12.22,3600387,44036408.00
2023/03/20,12.22,12.38,12.20,12.34,4712069,57940364.00
2023/03/21,12.30,12.45,12.30,12.44,3429421,42508224.00
2023/03/22,12.44,12.51,12.34,12.43,3519890,43714820.00
2023/03/23,12.32,12.40,12.19,12.27,4445145,54504056.00
2023/03/24,12.28,12.38,12.19,12.21,4673115,57357172.00
2023/03/27,12.21,12.24,12.00,12.05,4947655,59704780.00
2023/03/28,12.04,12.13,11.96,12.07,4011700,48346728.00
2023/03/29,12.06,12.10,11.82,11.83,5501245,65433548.00
2023/03/30,11.93,12.02,11.81,11.97,3457802,41147952.00
2023/03/31,11.96,12.10,11.96,12.04,3074505,36979544.00
2023/04/03,12.10,12.13,11.97,12.11,5135049,61900976.00
2023/04/04,12.10,12.10,11.85,11.93,5221922,62324940.00
2023/04/06,11.91,12.69,11.85,12.50,15078148,187317664.00
2023/04/07,12.40,12.61,12.38,12.46,7733491,96410208.00
2023/04/10,12.31,12.46,12.30,12.36,5240900,64857904.00
2023/04/11,12.31,12.93,12.22,12.78,14850361,187791616.00
2023/04/12,12.67,12.94,12.63,12.82,12485900,159983360.00
2023/04/13,12.78,12.85,12.57,12.61,7010497,88863336.00
2023/04/14,12.60,13.20,12.56,13.03,16019822,208338912.00
2023/04/17,13.00,13.16,12.88,13.10,10508390,136742112.00
2023/04/18,13.10,13.17,12.90,12.96,7700295,100067968.00
2023/04/19,12.81,12.91,12.61,12.62,8986737,114065664.00
2023/04/20,12.61,12.79,12.47,12.68,6493842,82161032.00
2023/04/21,12.65,12.72,12.12,12.13,8400259,103972968.00
2023/04/24,12.00,12.33,11.91,12.13,4785800,58294648.00
2023/04/25,11.81,11.81,10.05,10.21,20057631,210570272.00
2023/04/26,10.13,10.47,9.96,10.23,8432117,86372968.00
2023/04/27,10.15,10.31,10.02,10.15,6525026,66155824.00
2023/04/28,10.11,10.45,10.11,10.35,4991600,51356624.00
2023/05/04,10.46,10.46,10.26,10.29,3776300,39006032.00
2023/05/05,10.33,10.38,10.08,10.10,3717083,37734292.00
2023/05/08,10.10,10.25,10.09,10.18,3710499,37708776.00
2023/05/09,10.20,10.32,10.02,10.18,4723850,48101376.00
2023/05/10,10.13,10.29,10.07,10.17,3586649,36468540.00
2023/05/11,10.17,10.30,10.14,10.23,3555209,36399712.00
2023/05/12,10.29,10.32,10.03,10.09,4115933,41677200.00
2023/05/15,10.12,10.23,10.09,10.21,3415648,34755268.00
2023/05/16,10.26,10.27,10.10,10.10,2915117,29537690.00
2023/05/17,10.15,10.21,10.11,10.16,2912100,29572572.00
2023/05/18,10.18,10.21,10.06,10.10,3701241,37424532.00
2023/05/19,10.11,10.20,10.04,10.17,2943400,29839816.00
2023/05/22,10.17,10.25,10.08,10.20,4263900,43251140.00
2023/05/23,10.20,10.38,10.16,10.29,5608827,57736204.00
2023/05/24,10.28,10.35,10.21,10.26,3091970,31755770.00
2023/05/25,10.32,10.32,10.08,10.17,3823898,38945520.00
2023/05/26,10.22,10.25,10.08,10.18,2779600,28208798.00
2023/05/29,10.19,10.22,10.03,10.04,3530700,35663312.00
2023/05/30,9.99,10.05,9.21,9.42,14700639,139308528.00
2023/05/31,9.42,9.44,9.30,9.35,5235698,49054740.00
2023/06/01,9.25,9.72,9.24,9.64,7397109,70611328.00
2023/06/02,9.63,10.31,9.60,10.16,12309229,124006536.00
2023/06/05,10.15,10.26,10.07,10.12,5313794,53787140.00
2023/06/06,10.11,10.20,9.86,9.87,5149083,51392100.00
2023/06/07,9.93,9.97,9.56,9.61,5994547,58025388.00
2023/06/08,9.62,9.77,9.47,9.50,4596433,44041108.00
2023/06/09,9.55,9.63,9.38,9.60,8798787,83272616.00
2023/06/12,9.50,9.60,9.35,9.51,5453483,51610492.00
2023/06/13,9.51,9.55,9.40,9.51,3115402,29545580.00
2023/06/14,9.51,9.53,9.37,9.38,3999191,37654972.00
2023/06/15,9.40,9.58,9.34,9.55,4964559,47069272.00
2023/06/16,9.55,9.60,9.47,9.53,4276696,40751792.00
2023/06/19,10.04,10.28,9.71,9.74,15943215,158147536.00
2023/06/20,9.83,10.41,9.71,10.28,22658993,228963856.00
2023/06/21,10.20,10.20,9.81,9.82,12388913,123655512.00
2023/06/26,9.85,9.92,9.55,9.57,7000900,67840096.00
2023/06/27,9.56,9.76,9.53,9.69,5043684,48803940.00
2023/06/28,9.66,9.73,9.43,9.54,5170670,49253228.00
2023/06/29,9.50,9.60,9.48,9.57,3718785,35533304.00
2023/06/30,9.58,9.82,9.53,9.74,6013504,58567676.00
2023/07/03,9.74,9.96,9.74,9.84,5532535,54615168.00
2023/07/04,9.89,9.93,9.78,9.90,4911619,48499268.00
2023/07/05,9.89,10.11,9.83,10.01,7527144,75300392.00
2023/07/06,9.80,9.81,9.40,9.75,11785011,113185360.00
2023/07/07,9.71,9.73,9.49,9.53,6177897,59071020.00
2023/07/10,9.53,10.36,9.53,10.08,19113233,193087984.00
2023/07/11,10.12,10.15,9.86,9.96,8943000,88813400.00
2023/07/12,9.97,10.07,9.87,9.96,7324148,73146400.00
2023/07/13,10.05,10.15,9.95,10.02,6620800,66321856.00
2023/07/14,9.97,10.05,9.91,9.94,4967293,49491824.00
2023/07/17,9.96,10.06,9.81,9.90,4459800,44219208.00
2023/07/18,9.90,9.99,9.76,9.93,4725893,46649728.00
2023/07/19,9.90,9.96,9.76,9.81,3976400,39130704.00
2023/07/20,9.81,10.11,9.81,9.93,7725593,77125064.00
2023/07/21,9.87,10.11,9.81,9.90,5323700,52994896.00
2023/07/24,9.86,9.86,9.63,9.69,5094100,49500928.00
2023/07/25,9.75,9.98,9.71,9.97,6404966,63466764.00
2023/07/26,10.00,10.14,9.96,10.03,6717900,67394304.00
2023/07/27,10.03,10.10,9.83,9.86,5421754,53838684.00
2023/07/28,9.92,10.05,9.75,10.00,5467254,54308836.00
2023/07/31,10.05,10.14,10.00,10.04,7246400,72985480.00
2023/08/01,10.04,10.26,9.99,10.23,10515051,106627640.00
2023/08/02,10.21,10.30,10.15,10.20,6331540,64637020.00
2023/08/03,10.13,10.29,10.13,10.25,5380429,55013140.00
2023/08/04,10.25,10.35,10.18,10.20,5675710,58082384.00
2023/08/07,10.16,10.55,10.10,10.44,16391600,170267328.00
2023/08/08,10.44,10.81,10.27,10.81,20373366,215597904.00
2023/08/09,10.70,10.86,10.55,10.63,12791084,136223952.00
2023/08/10,10.66,10.76,10.43,10.54,9155500,96446424.00
2023/08/11,10.48,10.50,10.08,10.15,11370391,116455184.00
2023/08/14,10.10,10.14,9.87,10.12,5358940,53728884.00
2023/08/15,10.11,10.16,9.93,10.02,4936384,49328716.00
2023/08/16,9.98,10.05,9.76,9.78,4604490,45563480.00
2023/08/17,9.70,9.95,9.68,9.92,5647514,55283660.00
2023/08/18,9.92,9.96,9.66,9.70,4066549,39819456.00
2023/08/21,9.65,9.76,9.51,9.55,3941910,37890692.00
2023/08/22,9.68,9.70,9.42,9.61,3923400,37420396.00
2023/08/23,9.57,9.60,9.46,9.47,2962100,28174272.00
2023/08/24,9.46,9.64,9.43,9.52,3487573,33313222.00
2023/08/25,9.46,9.57,9.27,9.34,3873462,36510440.00
2023/08/28,9.78,9.88,9.29,9.35,5318984,50651424.00
2023/08/29,9.35,9.64,9.35,9.57,3894024,37071932.00
2023/08/30,9.64,9.71,9.50,9.65,3842909,37060152.00
2023/08/31,9.65,9.65,9.49,9.61,2987200,28608554.00
2023/09/01,9.58,9.68,9.57,9.64,2174697,20944340.00
2023/09/04,9.70,9.76,9.62,9.74,3691500,35833200.00
2023/09/05,9.71,9.77,9.64,9.70,3981300,38561952.00
2023/09/06,9.61,9.94,9.58,9.88,6872174,67414672.00
2023/09/07,9.93,9.94,9.48,9.49,6675157,64365016.00
2023/09/08,9.43,9.59,9.42,9.49,2929500,27842320.00
2023/09/11,9.46,9.60,9.40,9.57,3330162,31721984.00
2023/09/12,9.53,9.64,9.48,9.50,4090700,39029908.00
2023/09/13,9.50,9.50,9.27,9.33,4631762,43287700.00
2023/09/14,9.35,9.35,9.11,9.28,4751600,43760164.00
2023/09/15,9.36,9.40,9.18,9.30,5352442,49672812.00
2023/09/18,9.21,9.35,9.17,9.24,4057962,37555692.00
2023/09/19,9.27,9.30,9.11,9.13,4237665,38833672.00
2023/09/20,9.14,9.16,9.08,9.10,2519500,22950814.00
2023/09/21,9.08,9.13,8.88,8.93,5299400,47559336.00
2023/09/22,8.92,9.05,8.84,9.02,4587100,41087500.00
2023/09/25,9.01,9.02,8.88,8.92,2691000,24003826.00
2023/09/26,8.91,8.94,8.84,8.87,1906365,16926396.00
2023/09/27,8.84,9.05,8.83,8.94,3120719,27965316.00
2023/09/28,8.94,9.03,8.94,8.97,2858675,25658218.00
2023/10/09,8.97,8.98,8.88,8.95,2256900,20157452.00
2023/10/10,8.98,9.08,8.95,8.98,3258400,29343918.00
2023/10/11,8.98,9.04,8.92,8.96,3668298,32962348.00
2023/10/12,8.99,9.10,8.94,9.01,6333500,57138500.00
2023/10/13,9.01,9.01,8.83,8.88,4394100,39051320.00
2023/10/16,8.89,8.91,8.57,8.61,6409633,55521800.00
2023/10/17,8.67,8.68,8.58,8.65,2794748,24099462.00
2023/10/18,8.65,8.65,8.40,8.41,3967600,33670484.00
2023/10/19,8.35,8.51,8.30,8.34,2751300,23060204.00
2023/10/20,8.34,8.47,8.30,8.34,3727835,31239984.00
2023/10/23,8.25,8.25,7.89,7.95,6654500,53530400.00
2023/10/24,7.95,8.27,7.95,8.24,6279793,51159312.00
2023/10/25,8.24,8.44,8.20,8.31,4639284,38754792.00
2023/10/26,8.27,8.38,8.22,8.36,3522400,29223444.00
2023/10/27,8.31,8.52,8.29,8.48,4992304,42189396.00
2023/10/30,8.48,8.55,8.43,8.54,3648162,31006524.00
2023/10/31,8.61,8.61,8.45,8.51,3097300,26334812.00
2023/11/01,8.52,8.58,8.47,8.54,2876800,24550736.00
2023/11/02,8.59,8.59,8.44,8.45,2292000,19484080.00
2023/11/03,8.51,8.59,8.41,8.54,3447700,29441156.00
2023/11/06,8.58,8.74,8.56,8.71,3611100,31306076.00
2023/11/07,8.72,8.72,8.58,8.65,3977300,34334920.00
2023/11/08,8.67,8.68,8.56,8.61,3767862,32498776.00
2023/11/09,8.61,9.35,8.59,9.03,18676344,168106336.00
2023/11/10,8.80,8.85,8.66,8.82,13005047,113949320.00
2023/11/13,8.80,8.82,8.65,8.75,6869424,59870600.00
2023/11/14,8.75,8.78,8.66,8.70,5274100,45932184.00
2023/11/15,8.76,8.94,8.75,8.90,9652356,85527776.00
2023/11/16,8.87,8.89,8.70,8.71,5403076,47354040.00
2023/11/17,8.72,8.82,8.66,8.77,4545400,39763256.00
2023/11/20,8.77,8.86,8.67,8.86,4680487,41171880.00
2023/11/21,8.83,8.91,8.78,8.79,4098685,36256828.00
2023/11/22,8.74,8.82,8.65,8.66,3815387,33255546.00
2023/11/23,8.64,8.73,8.61,8.71,2661386,23097744.00
2023/11/24,8.71,8.71,8.55,8.56,3797900,32638272.00
2023/11/27,8.58,8.61,8.45,8.47,3493706,29654972.00
2023/11/28,8.45,8.57,8.41,8.57,2907679,24756104.00
2023/11/29,8.53,8.57,8.46,8.48,2020033,17177820.00
2023/11/30,8.49,8.50,8.32,8.37,2823800,23706304.00
2023/12/01,8.40,8.52,8.31,8.44,3186085,26722094.00
2023/12/04,8.45,8.50,8.37,8.39,2530800,21292742.00
2023/12/05,8.33,8.41,8.20,8.21,3733366,30957208.00
2023/12/06,8.21,8.42,8.12,8.28,3320166,27631168.00
2023/12/07,8.28,8.32,8.14,8.22,3081900,25278436.00
2023/12/08,8.28,8.30,8.19,8.20,2375670,19525528.00
2023/12/11,8.21,8.36,8.05,8.31,3288100,27004838.00
2023/12/12,8.33,8.33,8.20,8.25,2727150,22502652.00
2023/12/13,8.25,8.25,8.12,8.12,3190600,26020922.00
2023/12/14,8.13,8.24,8.11,8.13,2593800,21171388.00
2023/12/15,8.13,8.23,8.06,8.07,2807500,22841364.00
2023/12/18,8.06,8.08,7.90,7.92,3552770,28343014.00
2023/12/19,7.90,7.99,7.85,7.92,1978100,15683398.00
2023/12/20,7.88,8.01,7.88,7.89,3000000,23842580.00
2023/12/21,7.88,8.05,7.79,8.00,4198309,33229122.00
2023/12/22,7.97,8.10,7.90,8.02,3833770,30661522.00
2023/12/25,8.05,8.05,7.85,7.92,3207570,25459808.00
2023/12/26,7.92,7.98,7.86,7.90,2704915,21408938.00
2023/12/27,7.90,7.94,7.76,7.87,2943300,23070028.00
2023/12/28,7.87,8.28,7.84,8.20,6780050,54955900.00
2023/12/29,8.20,8.31,8.18,8.30,4249646,35092064.00
2024/01/02,8.29,8.31,8.20,8.28,3122600,25819132.00
2024/01/03,8.28,8.36,8.22,8.34,3746450,31128286.00
2024/01/04,8.29,8.33,8.21,8.24,2458000,20319344.00
2024/01/05,8.21,8.34,8.09,8.15,3179200,26090380.00
2024/01/08,8.07,8.17,7.86,7.87,3975600,31732300.00
2024/01/09,7.87,8.01,7.76,7.83,4284627,33692704.00
2024/01/10,7.82,8.00,7.68,7.84,3545300,27850644.00
2024/01/11,7.84,8.08,7.76,8.00,4506000,35688140.00
2024/01/12,7.97,8.18,7.95,8.03,3748300,30269188.00
2024/01/15,7.97,8.03,7.85,7.91,3117200,24689740.00
2024/01/16,7.87,9.14,7.85,8.43,24657004,211393664.00
2024/01/17,8.28,9.00,8.28,8.67,32157150,282899744.00
2024/01/18,8.34,8.74,8.02,8.70,24182935,201072640.00
2024/01/19,8.52,9.00,8.51,8.70,25547214,224697776.00
2024/01/22,8.47,9.25,8.30,9.04,40455075,359970368.00
2024/01/23,8.82,9.14,8.55,8.99,29515642,262624080.00
2024/01/24,8.91,8.96,8.51,8.83,24788484,216146432.00
2024/01/25,8.73,8.80,8.42,8.77,22904314,197801744.00
2024/01/26,8.66,9.28,8.61,9.15,34908369,316464640.00
2024/01/29,8.95,8.95,8.45,8.49,24488448,212602800.00
2024/01/30,8.25,8.25,7.36,7.46,26462841,205125904.00
2024/01/31,7.40,7.45,6.61,6.63,18073347,126024096.00
2024/02/01,6.56,7.13,6.55,6.81,13003289,89731008.00
2024/02/02,6.83,7.02,6.12,6.40,13595153,89013136.00
2024/02/05,6.26,6.39,5.73,5.88,12382206,74434680.00
2024/02/06,5.80,6.55,5.72,6.43,13572963,84543416.00
2024/02/07,6.43,6.78,6.42,6.64,13332759,88457464.00
2024/02/08,6.70,7.16,6.64,6.98,12424106,86783624.00
2024/02/19,7.07,7.18,6.87,7.00,10717956,75006648.00
2024/02/20,6.90,6.99,6.81,6.94,7728200,53374260.00
2024/02/21,6.97,7.30,6.89,7.08,10778045,76800704.00
2024/02/22,7.10,7.19,6.99,7.10,8347618,59160772.00
2024/02/23,7.08,7.27,7.05,7.27,9211582,66010016.00
2024/02/26,7.26,7.54,7.20,7.38,10885700,80137400.00
2024/02/27,7.32,7.55,7.25,7.54,9357224,69558848.00
2024/02/28,7.55,7.84,7.18,7.19,17606076,132918944.00
2024/02/29,7.16,7.75,7.12,7.71,15810729,118898000.00
2024/03/01,7.98,8.18,7.76,7.88,18128850,143363664.00
2024/03/04,7.80,7.95,7.60,7.69,11235000,86713752.00
2024/03/05,7.64,7.74,7.52,7.64,8930684,68250856.00
2024/03/06,7.57,7.80,7.56,7.61,6957761,53293264.00
2024/03/07,7.62,7.71,7.45,7.45,6789000,51415052.00
2024/03/08,7.47,7.58,7.38,7.45,5318200,39747712.00
2024/03/11,7.54,7.66,7.48,7.66,6338882,48079916.00
2024/03/12,7.71,7.92,7.63,7.80,11798379,91551296.00
2024/03/13,7.70,7.76,7.60,7.67,7913250,60628128.00
2024/03/14,7.65,7.72,7.49,7.57,6174350,46964364.00
2024/03/15,7.56,8.18,7.51,8.03,22845820,180386720.00
2024/03/18,7.99,8.08,7.90,8.02,15877669,126329256.00
2024/03/19,8.00,8.04,7.87,7.87,9465113,75030192.00
2024/03/20,7.89,7.97,7.84,7.95,6306100,49921476.00
2024/03/21,7.92,7.97,7.80,7.88,6113078,48112232.00
2024/03/22,7.85,7.88,7.57,7.57,7186979,55123508.00
2024/03/25,7.55,7.60,7.33,7.33,6215800,46341456.00
2024/03/26,7.33,7.58,7.30,7.52,7290603,54203316.00
2024/03/27,7.56,7.70,7.30,7.30,8078668,60784120.00
2024/03/28,7.32,7.42,7.20,7.30,6974714,50948776.00
2024/03/29,7.29,7.40,7.20,7.29,4757607,34733776.00
2024/04/01,7.31,7.70,7.31,7.65,8706711,65990276.00
2024/04/02,7.65,7.94,7.58,7.87,11460288,89283888.00
2024/04/03,7.80,7.98,7.78,7.80,8975000,70593312.00
2024/04/08,7.78,7.83,7.50,7.52,7282403,55910004.00
2024/04/09,7.53,7.96,7.50,7.93,14547415,114323000.00
2024/04/10,7.83,7.88,7.70,7.76,8596474,66956312.00
2024/04/11,7.72,7.76,7.53,7.65,5770075,44195712.00
2024/04/12,7.65,7.78,7.43,7.45,5274104,39637400.00
2024/04/15,7.45,7.54,7.02,7.19,9202400,66474640.00
2024/04/16,7.11,7.22,6.64,6.65,9241610,63105948.00
2024/04/17,6.70,7.20,6.70,7.20,7631052,53883468.00
2024/04/18,7.20,7.26,6.96,6.97,7413100,52229240.00
2024/04/19,6.91,7.03,6.81,6.87,4118078,28421784.00
2024/04/22,6.84,6.95,6.61,6.81,5284800,35975508.00
2024/04/23,6.76,6.91,6.76,6.82,3867229,26363194.00
2024/04/24,6.84,7.02,6.75,7.00,4814088,33232170.00
2024/04/25,7.00,7.24,6.94,7.18,6214533,44452144.00
2024/04/26,7.31,7.78,7.30,7.75,15091788,114751064.00
2024/04/29,7.75,7.92,7.66,7.90,12442503,97047176.00
2024/04/30,7.84,7.94,7.80,7.88,7235800,57125672.00
2024/05/06,7.96,8.08,7.90,8.00,8444500,67517336.00
2024/05/07,8.03,8.49,8.02,8.29,16145000,133637312.00
2024/05/08,8.26,8.39,8.15,8.17,10040364,82678344.00
2024/05/09,8.16,8.35,8.16,8.25,8381278,69390880.00
2024/05/10,8.22,8.28,8.05,8.10,8015100,65139324.00
2024/05/13,8.01,8.08,7.88,7.98,8371403,66887168.00
2024/05/14,7.94,8.10,7.94,8.00,5230100,42039452.00
2024/05/15,7.94,8.03,7.90,7.95,3301459,26312514.00
2024/05/16,7.91,8.15,7.91,7.98,5403359,43433784.00
2024/05/17,8.01,8.19,7.92,8.18,6678000,54116320.00
2024/05/20,8.20,8.34,8.15,8.22,6524600,53706360.00
2024/05/21,8.25,8.25,8.08,8.10,4480200,36464428.00
2024/05/22,8.07,8.23,8.07,8.17,4565900,37266420.00
2024/05/23,8.22,8.22,7.97,8.00,6004200,48260864.00
2024/05/24,8.12,8.21,7.97,7.98,9247871,74680784.00
2024/05/27,7.92,8.08,7.78,8.05,9092464,71919688.00
2024/05/28,8.17,8.18,7.94,7.97,4443100,35597216.00
2024/05/29,7.99,8.13,7.93,8.01,4983370,40110188.00
2024/05/30,8.05,8.93,7.99,8.48,33640037,286993056.00
2024/05/31,8.30,8.40,7.88,7.92,30678986,247910336.00
2024/06/03,7.65,7.90,7.53,7.74,18574482,143547776.00
2024/06/04,7.64,7.74,7.48,7.66,8924300,67719216.00
2024/06/05,7.58,7.68,7.51,7.54,6225541,47236248.00
2024/06/06,7.55,7.65,7.18,7.23,9219100,67683720.00
2024/06/07,7.31,7.45,7.28,7.37,6562600,48393452.00
2024/06/11,7.38,7.55,7.22,7.52,6992000,51760968.00
2024/06/12,7.54,7.61,7.46,7.58,5586947,42226248.00
2024/06/13,7.65,7.66,7.49,7.54,4676700,35349356.00
2024/06/14,7.59,7.59,7.36,7.52,5209900,38789428.00
2024/06/17,7.50,7.57,7.43,7.46,3104948,23269100.00
2024/06/18,7.44,7.54,7.35,7.45,10274849,76386912.00
2024/06/19,7.40,7.50,7.31,7.36,4979000,36747744.00
2024/06/20,7.33,7.66,7.15,7.16,8974400,65895328.00
2024/06/21,7.13,7.25,7.06,7.16,4689000,33587016.00
2024/06/24,7.10,7.13,6.82,6.84,6258700,43375128.00
2024/06/25,6.88,6.96,6.81,6.87,3909800,26937636.00
2024/06/26,6.87,7.12,6.76,7.11,4959400,34483020.00
2024/06/27,7.03,7.13,6.87,6.89,4599324,32029960.00
2024/06/28,6.86,7.00,6.83,6.84,4243600,29360320.00
2024/07/01,6.85,6.89,6.69,6.86,5157124,35005336.00
2024/07/02,6.84,6.92,6.77,6.81,4100024,28019372.00
2024/07/03,6.81,6.89,6.71,6.83,5471300,37253212.00
2024/07/04,6.82,6.85,6.61,6.67,4757800,31900570.00
2024/07/05,6.67,6.75,6.57,6.70,3870800,25842372.00
2024/07/08,6.68,6.96,6.55,6.56,9835379,66040652.00
2024/07/09,6.59,7.05,6.59,7.00,20381569,139395200.00
2024/07/10,6.96,6.97,6.65,6.69,17147500,115961008.00
2024/07/11,6.78,7.05,6.78,7.02,14774526,102699504.00
2024/07/12,7.01,7.04,6.91,6.99,6639800,46315720.00
2024/07/15,6.94,6.99,6.82,6.83,5398700,37091832.00
2024/07/16,6.81,6.84,6.67,6.75,5531700,37216864.00
2024/07/17,6.75,6.80,6.69,6.75,5486503,37034648.00
2024/07/18,6.73,6.74,6.55,6.67,5527900,36650096.00
2024/07/19,6.65,6.78,6.59,6.73,5056000,33832840.00
2024/07/22,6.70,6.76,6.65,6.70,3763000,25246272.00
2024/07/23,6.70,6.72,6.45,6.45,5448200,35807424.00
2024/07/24,6.41,6.50,6.32,6.32,4775100,30509332.00
2024/07/25,6.30,6.49,6.28,6.43,3987400,25494956.00
2024/07/26,6.46,6.62,6.42,6.59,4324900,28353720.00
2024/07/29,6.66,6.66,6.45,6.53,3816200,24849620.00
2024/07/30,6.49,6.63,6.42,6.60,3981500,26111272.00
2024/07/31,6.60,6.84,6.53,6.84,6719024,45340556.00
2024/08/01,6.81,6.95,6.79,6.79,4395482,30098814.00
2024/08/02,6.70,6.84,6.69,6.71,4427914,29966710.00
2024/08/05,6.77,6.77,6.50,6.50,5236700,34717636.00
2024/08/06,6.58,6.68,6.52,6.66,4123900,27304726.00
2024/08/07,6.63,6.70,6.54,6.66,3739200,24823582.00
2024/08/08,6.62,6.72,6.56,6.69,3265600,21733672.00
2024/08/09,6.74,6.80,6.64,6.64,3927052,26375738.00
2024/08/12,6.62,6.69,6.54,6.57,3065000,20262620.00
2024/08/13,6.57,6.71,6.52,6.69,3018500,20021748.00
2024/08/14,6.65,6.72,6.55,6.55,3653700,24091644.00
2024/08/15,6.52,6.71,6.50,6.63,4306100,28461248.00
2024/08/16,6.62,6.69,6.55,6.55,3233900,21313256.00
2024/08/19,6.54,6.64,6.46,6.49,3508295,22925080.00
2024/08/20,6.47,6.53,6.32,6.34,4337164,27809108.00
2024/08/21,6.33,6.40,6.26,6.27,3883135,24574364.00
2024/08/22,6.26,6.34,6.12,6.13,4496722,27828816.00
2024/08/23,6.12,6.21,6.08,6.12,3230852,19780966.00
2024/08/26,6.13,6.33,6.13,6.29,4073453,25551868.00
2024/08/27,6.27,6.33,6.20,6.22,3708551,23179320.00
2024/08/28,6.21,6.35,6.17,6.33,3524904,22169620.00
2024/08/29,6.30,6.40,6.13,6.36,6339700,39841228.00
2024/08/30,6.24,6.62,6.24,6.51,6974354,45364696.00
2024/09/02,6.56,6.56,6.40,6.40,4438859,28710230.00
2024/09/03,6.42,6.56,6.36,6.47,3691024,23955286.00
2024/09/04,6.44,6.55,6.40,6.48,3328293,21602664.00
2024/09/05,6.43,6.55,6.43,6.48,3407100,22072810.00
2024/09/06,6.45,6.45,6.22,6.22,5964000,37632696.00
2024/09/09,6.20,6.30,6.17,6.22,3508614,21867998.00
2024/09/10,6.26,6.27,6.11,6.25,3997103,24765656.00
2024/09/11,6.31,6.35,6.20,6.27,4338600,27296284.00
2024/09/12,6.37,6.37,6.21,6.25,3359200,21122058.00
2024/09/13,6.23,6.31,6.16,6.16,3569400,22103052.00
2024/09/18,6.16,6.20,5.99,6.11,3270800,19872000.00
2024/09/19,6.11,6.30,6.04,6.24,4220800,26162724.00
2024/09/20,6.23,6.24,6.16,6.20,3502700,21673514.00
2024/09/23,6.21,6.25,6.14,6.16,2520397,15562207.00
2024/09/24,6.19,6.45,6.17,6.45,9091271,57757780.00
2024/09/25,6.50,6.65,6.47,6.51,6560500,43129728.00
2024/09/26,6.46,6.73,6.46,6.72,6996900,46214960.00
2024/09/27,6.80,7.28,6.80,7.15,12688142,89252024.00
2024/09/30,7.50,8.27,7.40,8.24,28017780,220065312.00
2024/10/08,9.75,9.80,8.76,9.31,36519891,337721280.00
2024/10/09,8.90,9.32,8.50,8.56,28007236,249863184.00
2024/10/10,8.64,8.89,8.32,8.34,17578377,149947552.00
2024/10/11,8.32,8.40,7.69,7.81,16163319,129019880.00
2024/10/14,7.80,8.04,7.70,7.93,15575242,122455280.00
2024/10/15,7.90,8.04,7.72,7.73,12205813,95990368.00
2024/10/16,7.70,7.88,7.64,7.76,9631668,74674936.00
2024/10/17,7.78,7.86,7.61,7.64,8458000,65486864.00
2024/10/18,7.60,8.18,7.58,7.96,15427218,121382016.00
2024/10/21,8.05,8.28,7.96,8.09,13964505,113397912.00
2024/10/22,8.09,8.13,7.97,8.10,9457633,76154224.00
2024/10/23,8.10,8.57,8.04,8.44,23104474,192756816.00
2024/10/24,8.32,8.38,8.09,8.24,17128572,140574208.00
2024/10/25,8.25,8.74,8.21,8.72,24082021,206390032.00
2024/10/28,8.67,8.75,8.52,8.70,16488295,142357776.00
2024/10/29,8.70,8.82,8.40,8.43,14872485,127248864.00
2024/10/30,8.36,8.53,8.25,8.38,10560302,88488000.00
2024/10/31,8.42,8.52,8.32,8.48,11372715,95933528.00
2024/11/01,8.39,8.55,8.18,8.19,11259990,93487688.00
2024/11/04,8.18,8.35,8.15,8.35,7562136,62664140.00
2024/11/05,8.30,8.62,8.28,8.60,11485514,97896656.00
2024/11/06,8.58,8.78,8.53,8.63,12838116,111172576.00
2024/11/07,8.58,8.79,8.52,8.78,12575845,109461928.00
2024/11/08,8.86,8.98,8.69,8.74,15195627,134020304.00
2024/11/11,8.72,8.98,8.65,8.98,14566276,129375760.00
2024/11/12,9.04,9.11,8.67,8.77,14161077,125969864.00
2024/11/13,8.75,8.88,8.64,8.83,10165700,89035712.00
2024/11/14,8.83,8.90,8.50,8.55,9573472,82877656.00
2024/11/15,8.52,8.64,8.31,8.34,8592453,72946200.00
2024/11/18,8.76,9.18,8.36,8.39,29910497,260495232.00
2024/11/19,8.38,8.84,8.30,8.77,27820003,237886112.00
2024/11/20,8.70,9.02,8.64,8.95,26740110,237503808.00
2024/11/21,8.91,9.13,8.81,8.94,19167100,172077904.00
2024/11/22,8.87,8.96,8.47,8.50,14036301,122554160.00
数据来源:通达信
