300843 胜蓝股份 日线 不复权
      日期	    开盘	    最高	    最低	    收盘	    成交量	    成交额
2020/07/02,12.01,14.41,12.01,14.41,43405,624626.06
2020/07/03,15.85,15.85,15.85,15.85,17825,282526.25
2020/07/06,17.44,17.44,17.44,17.44,22712,396097.28
2020/07/07,19.18,19.18,19.18,19.18,25858,495956.44
2020/07/08,21.10,21.10,21.10,21.10,37630,793993.00
2020/07/09,23.21,23.21,23.21,23.21,25853,600048.13
2020/07/10,25.53,25.53,25.53,25.53,81570,2082482.13
2020/07/13,28.08,28.08,28.08,28.08,44461,1248464.88
2020/07/14,30.89,30.89,30.89,30.89,137765,4255561.00
2020/07/15,33.98,33.98,33.98,33.98,132008,4485632.00
2020/07/16,37.38,37.38,37.38,37.38,775269,28979556.00
2020/07/17,34.18,37.60,33.64,36.54,23275781,821343488.00
2020/07/20,35.55,35.94,32.90,34.17,15517427,533465440.00
2020/07/21,33.71,33.81,32.00,32.56,12746519,416774336.00
2020/07/22,31.99,34.11,31.77,33.67,14009775,466008768.00
2020/07/23,33.33,33.33,31.50,32.95,9970856,324041216.00
2020/07/24,32.43,34.45,32.36,32.36,10858931,362813664.00
2020/07/27,32.00,32.26,29.18,30.45,10429282,315671008.00
2020/07/28,30.41,30.93,29.52,30.17,6693544,202445792.00
2020/07/29,29.66,32.95,29.66,32.01,10142944,318477504.00
2020/07/30,31.71,32.50,30.92,31.93,8414310,266335696.00
2020/07/31,31.72,33.47,31.58,32.06,9800772,317452672.00
2020/08/03,32.40,34.40,31.90,34.14,11704481,386559072.00
2020/08/04,34.37,36.33,33.34,36.03,14997568,526682240.00
2020/08/05,35.10,35.26,33.06,33.57,10557697,358718720.00
2020/08/06,33.11,34.20,31.80,32.00,9406551,309679552.00
2020/08/07,31.40,31.93,30.03,30.43,6646675,203893136.00
2020/08/10,30.34,30.98,29.90,30.93,3755746,115119416.00
2020/08/11,30.81,31.26,29.80,29.96,4074200,124131968.00
2020/08/12,29.95,30.25,28.72,29.78,3718004,108715696.00
2020/08/13,29.86,30.28,29.70,29.73,2546663,76360264.00
2020/08/14,29.74,29.76,28.60,29.16,3171034,92217952.00
2020/08/17,29.16,29.79,29.01,29.77,2504280,73799072.00
2020/08/18,29.58,30.01,29.43,29.95,2630782,78308688.00
2020/08/19,29.89,29.89,28.79,28.83,2738799,80226720.00
2020/08/20,28.50,29.45,28.06,29.35,2573658,74105640.00
2020/08/21,29.32,30.30,29.30,30.15,3900397,116728224.00
2020/08/24,29.70,29.97,28.51,29.39,3053284,89386480.00
2020/08/25,29.47,32.88,29.30,31.52,7772248,242190544.00
2020/08/26,31.73,32.35,30.18,30.30,6098115,190326144.00
2020/08/27,29.81,30.20,28.56,29.58,4640636,136428416.00
2020/08/28,29.61,32.00,29.13,31.30,5975679,184638672.00
2020/08/31,31.88,33.50,31.56,32.85,9125295,298721024.00
2020/09/01,32.20,33.39,31.58,32.89,7113887,231475136.00
2020/09/02,33.22,33.49,31.83,32.93,6053264,196576928.00
2020/09/03,32.97,32.99,30.65,30.69,6182477,194377536.00
2020/09/04,29.53,30.28,29.18,30.01,3112715,92892120.00
2020/09/07,30.01,30.42,29.63,29.70,2561214,76819864.00
2020/09/08,29.60,29.98,28.70,29.15,3006540,88052936.00
2020/09/09,28.80,30.38,28.18,29.13,3654546,106303760.00
2020/09/10,29.20,29.59,26.32,26.50,4016201,111771000.00
2020/09/11,26.03,27.35,25.95,27.29,2011970,53828372.00
2020/09/14,27.33,28.90,27.33,28.50,2709382,77007720.00
2020/09/15,28.11,29.49,28.11,28.96,3010860,87399248.00
2020/09/16,28.98,29.63,28.48,29.46,3049915,89099288.00
2020/09/17,29.69,31.15,28.91,29.95,5848940,177907120.00
2020/09/18,29.61,30.48,29.41,29.50,3582426,106866016.00
2020/09/21,29.50,30.40,28.90,29.99,2517096,75042904.00
2020/09/22,29.55,30.48,29.34,29.50,2112518,63148020.00
2020/09/23,29.37,30.31,29.37,30.12,2028264,60723852.00
2020/09/24,29.60,29.94,28.70,28.89,2720494,79836112.00
2020/09/25,29.00,29.17,27.97,28.15,1901106,54217636.00
2020/09/28,28.35,29.90,28.28,28.34,1856210,53714184.00
2020/09/29,28.31,28.76,28.00,28.13,1439536,40879852.00
2020/09/30,28.45,28.87,27.72,28.19,1678501,47583956.00
2020/10/09,28.66,29.90,28.66,29.82,2313723,68037184.00
2020/10/12,30.85,30.85,29.70,30.49,3550207,107951624.00
2020/10/13,30.50,31.30,30.25,30.99,3513235,108227912.00
2020/10/14,30.74,31.56,30.38,31.55,4214515,131367360.00
2020/10/15,31.54,32.80,30.40,31.10,7220907,228710896.00
2020/10/16,30.45,31.96,29.70,31.55,5765675,177534112.00
2020/10/19,31.57,32.15,30.83,31.53,3222525,101194016.00
2020/10/20,31.25,32.47,30.83,32.21,5242256,167287168.00
2020/10/21,32.06,32.17,30.97,31.35,4144230,130677648.00
2020/10/22,31.33,33.35,30.51,32.43,6729884,218022800.00
2020/10/23,33.00,33.94,30.88,31.17,7710577,248071488.00
2020/10/26,30.60,32.83,30.60,32.67,7172014,230020768.00
2020/10/27,32.40,32.96,31.00,32.09,5357252,170515136.00
2020/10/28,32.01,34.55,31.03,34.30,11265802,373751712.00
2020/10/29,33.66,34.46,33.02,33.65,8384565,283386336.00
2020/10/30,33.68,40.38,33.41,40.38,15616914,592330624.00
2020/11/02,44.00,48.46,43.47,48.46,17728676,822635456.00
2020/11/03,52.00,55.55,47.56,48.94,29852868,1535676544.00
2020/11/04,46.00,48.70,42.00,42.90,22301159,1009869952.00
2020/11/05,41.51,44.58,41.51,42.71,16282921,703840320.00
2020/11/06,42.72,44.84,39.83,40.70,15429427,647103232.00
2020/11/09,40.51,41.85,39.79,41.55,11692031,478081728.00
2020/11/10,41.03,41.28,38.25,38.72,10092759,395400256.00
2020/11/11,38.70,39.17,37.87,38.36,7355721,283324608.00
2020/11/12,38.74,38.88,37.05,37.70,6135632,231596192.00
2020/11/13,37.78,38.50,37.40,38.15,5096511,193250816.00
2020/11/16,38.13,38.13,35.64,36.30,6598870,240146752.00
2020/11/17,36.30,37.30,36.22,36.67,5906631,216327456.00
2020/11/18,36.46,42.18,36.08,40.70,16115612,638445312.00
2020/11/19,39.71,43.60,39.00,41.48,15328772,636819136.00
2020/11/20,41.00,41.40,39.08,40.51,9088013,364795264.00
2020/11/23,40.50,40.81,37.78,37.93,8611589,331168736.00
2020/11/24,38.08,39.32,37.93,38.19,5360520,205808304.00
2020/11/25,37.82,38.47,36.21,36.44,6812463,253284688.00
2020/11/26,36.49,36.96,35.20,35.28,5453616,194683728.00
2020/11/27,35.80,35.92,34.81,35.92,3627000,128497240.00
2020/11/30,35.38,36.30,35.35,35.58,3622001,129747224.00
2020/12/01,35.70,37.65,35.58,37.24,6194813,229205696.00
2020/12/02,36.92,37.49,36.40,36.66,4284842,157809200.00
2020/12/03,36.93,36.97,35.37,36.82,4457820,162045232.00
2020/12/04,36.67,36.78,35.86,35.86,2946020,106841344.00
2020/12/07,36.03,37.00,35.40,36.73,3572073,130044504.00
2020/12/08,36.40,39.29,36.07,38.60,9839770,377534112.00
2020/12/09,38.14,38.80,36.40,36.40,6614019,249354688.00
2020/12/10,36.00,36.36,34.18,35.15,5913509,208316704.00
2020/12/11,35.68,35.69,32.75,33.40,4864200,165289312.00
2020/12/14,33.00,33.68,32.70,33.45,2618651,86771344.00
2020/12/15,33.20,33.82,32.60,32.80,2479951,81944240.00
2020/12/16,32.94,32.94,30.78,30.90,4403850,138605248.00
2020/12/17,30.71,31.35,30.45,31.05,2872800,89057168.00
2020/12/18,31.10,31.75,30.70,31.31,2878500,89718912.00
2020/12/21,30.97,32.17,30.55,31.93,3264901,102776808.00
2020/12/22,31.68,31.68,30.40,30.48,3228489,100295680.00
2020/12/23,30.50,31.34,30.50,30.82,2513171,77675592.00
2020/12/24,30.78,31.40,29.18,29.25,3556483,106747136.00
2020/12/25,29.20,30.20,29.00,29.90,2300652,68612568.00
2020/12/28,30.35,30.35,28.90,29.08,2368500,69463424.00
2020/12/29,29.26,29.77,28.61,28.72,2393900,69992120.00
2020/12/30,28.72,29.10,28.30,28.46,1941713,55818104.00
2020/12/31,28.70,29.86,28.40,29.27,2101143,61548116.00
2021/01/04,29.29,31.80,29.00,30.95,4525841,139224288.00
2021/01/05,30.50,31.30,30.01,30.60,3008000,92296120.00
2021/01/06,30.62,30.92,29.43,29.54,2549901,76171224.00
2021/01/07,29.55,29.88,26.94,27.43,4720480,132391632.00
2021/01/08,27.43,27.86,26.20,27.40,2508401,68345432.00
2021/01/11,27.42,27.75,26.19,26.19,2960470,79337528.00
2021/01/12,26.18,27.36,26.06,26.43,2183582,58035596.00
2021/01/13,26.43,26.75,25.31,25.44,3041871,78053512.00
2021/01/14,25.44,26.19,24.76,25.71,2564771,65484152.00
2021/01/15,25.68,27.69,25.61,27.57,3881971,105148344.00
2021/01/18,27.30,28.69,27.30,27.70,3167582,88399640.00
2021/01/19,27.93,28.55,27.40,28.04,2563151,71989432.00
2021/01/20,28.11,29.80,27.91,28.87,4243370,122836328.00
2021/01/21,28.40,28.86,28.10,28.27,3104441,88172512.00
2021/01/22,28.70,28.70,27.59,27.65,2180222,60723632.00
2021/01/25,27.64,27.74,26.57,26.60,2625226,70832120.00
2021/01/26,26.23,27.50,26.23,27.19,2107700,57095516.00
2021/01/27,27.00,27.32,26.26,27.24,1780270,47783660.00
2021/01/28,27.00,28.58,26.80,27.99,3133770,87819584.00
2021/01/29,29.18,30.18,27.03,27.44,4114069,117405680.00
2021/02/01,26.25,27.45,25.83,27.34,2866905,76654280.00
2021/02/02,27.04,27.32,26.40,26.61,1985810,53231852.00
2021/02/03,26.60,26.61,25.02,25.06,2657810,67790936.00
2021/02/04,25.48,25.48,24.16,24.81,1760200,43522200.00
2021/02/05,25.10,25.20,23.49,23.65,1639089,39656752.00
2021/02/08,23.55,23.95,22.74,22.90,1601600,37148964.00
2021/02/09,22.81,23.27,22.47,23.10,1518672,34735972.00
2021/02/10,23.29,23.49,22.82,22.95,1155702,26634862.00
2021/02/18,23.15,24.21,23.00,24.13,1691372,40474748.00
2021/02/19,24.13,24.83,23.85,24.79,1334000,32680432.00
2021/02/22,24.79,25.83,24.79,24.93,1956570,49621428.00
2021/02/23,25.00,25.29,24.42,24.93,1227058,30524320.00
2021/02/24,24.90,25.40,24.80,25.00,1126770,28269912.00
2021/02/25,24.99,24.99,24.16,24.32,1344700,32871656.00
2021/02/26,24.07,25.11,23.90,24.85,1212000,29973552.00
2021/03/01,24.88,25.44,24.88,25.44,1186300,29901420.00
2021/03/02,25.33,25.43,24.97,25.23,1053909,26514914.00
2021/03/03,25.30,25.70,25.06,25.55,1216270,30949198.00
2021/03/04,25.54,25.78,25.26,25.31,1225859,31340396.00
2021/03/05,25.25,25.98,25.01,25.87,1208099,31010822.00
2021/03/08,25.99,26.65,25.16,25.16,1441270,37161600.00
2021/03/09,24.86,25.58,23.79,24.34,1350300,33295378.00
2021/03/10,24.69,25.27,23.40,23.50,1240301,29717882.00
2021/03/11,23.74,25.50,23.54,24.75,1766028,43367972.00
2021/03/12,25.06,25.07,23.86,23.91,1440370,34825296.00
2021/03/15,23.78,24.19,23.16,23.29,901000,21238236.00
2021/03/16,23.40,23.73,23.27,23.45,828600,19440320.00
2021/03/17,23.46,25.60,23.20,25.60,2987151,74019840.00
2021/03/18,25.30,26.00,25.13,25.60,2503000,63836200.00
2021/03/19,25.33,26.36,25.21,25.82,2300400,59661924.00
2021/03/22,26.08,26.50,25.51,25.90,1583600,40932004.00
2021/03/23,25.96,25.96,25.00,25.25,1413200,35852452.00
2021/03/24,25.21,25.50,24.80,25.23,954151,23947988.00
2021/03/25,25.28,25.35,24.85,24.93,1066900,26726222.00
2021/03/26,25.20,25.29,24.80,25.24,930900,23357132.00
2021/03/29,25.20,25.60,25.12,25.38,1043970,26462184.00
2021/03/30,25.20,25.40,23.86,24.17,1928270,46953304.00
2021/03/31,25.11,29.00,25.11,26.58,5419078,147101872.00
2021/04/01,27.46,28.36,26.11,26.50,5070970,138233216.00
2021/04/02,26.13,26.86,25.69,26.85,3976901,104268752.00
2021/04/06,26.86,26.99,26.22,26.72,2727256,72442216.00
2021/04/07,26.52,26.76,25.92,26.76,2442794,64320196.00
2021/04/08,26.52,26.77,25.90,26.07,2248070,59165188.00
2021/04/09,26.07,26.35,25.71,26.20,1404744,36651828.00
2021/04/12,26.15,26.83,25.62,25.76,2073670,54402136.00
2021/04/13,25.68,26.00,24.85,25.16,1682381,42455276.00
2021/04/14,25.56,26.06,25.10,26.03,1515008,38775076.00
2021/04/15,26.33,26.34,25.10,25.26,1413421,35904828.00
2021/04/16,25.12,26.10,25.12,25.88,1564980,40258540.00
2021/04/19,26.16,27.58,26.10,27.21,3631855,98168024.00
2021/04/20,27.25,27.88,26.68,26.74,2729700,73982664.00
2021/04/21,27.00,27.10,26.32,26.44,1561750,41496160.00
2021/04/22,26.56,26.70,26.25,26.32,1236851,32701598.00
2021/04/23,26.32,26.70,25.83,26.50,1449399,38177264.00
2021/04/26,26.30,26.40,25.60,25.75,1624299,42144220.00
2021/04/27,25.62,25.72,24.90,25.00,1347370,33901716.00
2021/04/28,24.99,25.35,24.21,25.21,900040,22509846.00
2021/04/29,25.22,25.47,24.48,24.50,1072800,26658818.00
2021/04/30,24.50,24.79,24.01,24.14,949300,23003992.00
2021/05/06,24.06,24.50,23.88,24.25,573151,13868834.00
2021/05/07,24.07,24.37,24.00,24.20,715100,17312226.00
2021/05/10,24.20,24.27,23.22,23.52,823621,19363950.00
2021/05/11,23.52,23.77,23.21,23.63,641940,15093465.00
2021/05/12,23.50,23.74,23.42,23.73,598051,14088470.00
2021/05/13,23.57,24.16,23.50,23.80,668740,15961902.00
2021/05/14,23.93,24.07,23.50,23.94,680751,16210983.00
2021/05/17,23.77,24.18,23.74,24.10,899900,21550096.00
2021/05/18,23.98,24.15,23.78,23.92,500700,11966756.00
2021/05/19,23.80,23.99,23.57,23.57,734300,17406062.00
2021/05/20,23.62,26.00,23.62,25.45,3561042,89777384.00
2021/05/21,25.44,25.68,24.64,24.80,2161272,53934692.00
2021/05/24,24.60,24.79,24.18,24.50,1326400,32360720.00
2021/05/25,24.36,24.70,24.03,24.52,1434921,34953144.00
2021/05/26,24.42,24.73,24.36,24.55,1161701,28532890.00
2021/05/27,24.64,24.77,24.46,24.67,1093621,26917022.00
2021/05/28,24.66,24.66,24.08,24.26,1263316,30709056.00
2021/05/31,24.24,24.57,24.11,24.57,851721,20773920.00
2021/06/01,24.59,24.84,24.45,24.77,1080251,26709130.00
2021/06/02,24.58,24.76,24.27,24.32,1008200,24649016.00
2021/06/03,24.39,24.52,24.22,24.25,700602,17079972.00
2021/06/04,24.30,24.39,23.92,24.01,1045700,25179796.00
2021/06/07,24.02,24.55,24.00,24.51,882006,21473204.00
2021/06/08,24.59,24.64,24.25,24.42,694751,16966918.00
2021/06/09,24.41,24.74,24.26,24.54,784418,19265802.00
2021/06/10,24.54,24.94,24.54,24.85,1350025,33490690.00
2021/06/11,25.01,25.08,24.70,24.71,1029770,25532892.00
2021/06/15,24.76,24.99,24.00,24.38,863448,21058194.00
2021/06/16,24.44,24.45,23.90,24.08,830216,20068834.00
2021/06/17,24.08,24.28,23.86,24.18,647046,15604737.00
2021/06/18,24.13,24.58,23.83,24.54,1084500,26173888.00
2021/06/21,24.50,24.88,24.40,24.72,1209571,29838380.00
2021/06/22,24.50,26.45,24.50,25.86,3519870,89790872.00
2021/06/23,25.40,26.15,25.40,25.60,2458891,63222440.00
2021/06/24,25.76,27.90,25.34,26.74,4976631,132140792.00
2021/06/25,26.18,26.84,26.01,26.37,2812191,74196656.00
2021/06/28,26.30,26.30,25.35,26.09,2518230,64879332.00
2021/06/29,26.11,26.11,25.04,25.12,2160600,54817908.00
2021/06/30,25.00,25.60,25.00,25.55,1499810,38118052.00
2021/07/01,25.55,25.56,24.45,24.50,1872300,46645276.00
2021/07/02,24.50,24.75,24.30,24.58,962640,23608248.00
2021/07/05,24.68,26.59,24.50,26.46,4574572,119080968.00
2021/07/06,26.75,26.95,25.65,26.20,2349300,61186128.00
2021/07/07,26.05,27.18,25.60,26.99,3924311,104793288.00
2021/07/08,26.99,27.15,26.42,26.87,2725600,72882256.00
2021/07/09,26.86,26.86,25.92,26.34,2209121,58004528.00
2021/07/12,26.77,27.40,26.16,27.06,2922086,78395032.00
2021/07/13,26.99,26.99,26.40,26.69,2158446,57525788.00
2021/07/14,26.71,26.73,26.01,26.02,1662410,43566600.00
2021/07/15,26.02,26.19,24.90,25.36,2308151,58487428.00
2021/07/16,25.49,25.98,25.27,25.59,1352505,34683304.00
2021/07/19,25.28,26.25,24.68,26.09,2631178,66822300.00
2021/07/20,26.06,26.06,25.14,25.70,1314343,33682996.00
2021/07/21,25.68,28.21,25.68,27.71,6248866,169495232.00
2021/07/22,27.69,30.14,27.40,29.77,7447471,212547200.00
2021/07/23,29.42,32.37,29.21,29.53,9448761,286959712.00
2021/07/26,29.61,32.37,29.61,31.98,9046940,282981216.00
2021/07/27,32.00,32.18,30.00,30.52,4870270,151266960.00
2021/07/28,29.68,30.20,27.73,29.28,3722739,108901560.00
2021/07/29,29.49,34.66,29.49,33.97,8260911,272736096.00
2021/07/30,33.20,33.93,32.23,33.02,5399160,177546496.00
2021/08/02,33.20,33.75,32.00,33.51,4494835,147738864.00
2021/08/03,33.00,33.10,29.86,29.94,5082200,158801280.00
2021/08/04,29.71,30.83,29.71,30.71,2750900,83694584.00
2021/08/05,30.48,30.49,29.08,29.59,2697651,80070064.00
2021/08/06,29.83,30.66,28.31,30.60,5980191,175705904.00
2021/08/09,29.58,29.78,28.85,29.50,3174220,92981280.00
2021/08/10,29.60,30.70,29.35,30.21,3235867,96833720.00
2021/08/11,30.30,31.59,29.62,31.28,4644090,143095888.00
2021/08/12,30.94,32.48,30.18,31.81,5115990,160804992.00
2021/08/13,31.90,31.90,30.70,30.95,3175926,98849208.00
2021/08/16,30.95,31.05,29.35,29.85,2648671,79196992.00
2021/08/17,29.78,30.36,29.15,29.33,2054100,61148856.00
2021/08/18,28.90,29.40,28.60,28.90,1658141,47924968.00
2021/08/19,28.80,29.20,28.62,28.93,1187900,34380936.00
2021/08/20,29.17,30.18,28.94,29.14,1554300,45896000.00
2021/08/23,29.20,29.78,29.03,29.71,1649400,48696564.00
2021/08/24,29.74,29.96,28.45,28.45,2267100,66020160.00
2021/08/25,28.30,28.30,26.79,27.18,4515080,123224896.00
2021/08/26,27.14,27.24,26.10,26.36,3872162,102589904.00
2021/08/27,26.30,26.67,25.71,26.60,2386741,62708652.00
2021/08/30,26.70,27.05,26.00,26.00,2356900,62611060.00
2021/08/31,25.90,26.31,25.49,26.16,1409800,36510712.00
2021/09/01,26.13,26.15,25.05,25.33,2243952,57020164.00
2021/09/02,25.08,25.45,24.93,25.25,1343470,33850092.00
2021/09/03,25.40,25.77,25.13,25.37,1303401,33112866.00
2021/09/06,25.50,26.01,25.22,25.92,1628121,41925908.00
2021/09/07,25.80,25.96,25.70,25.80,1322080,34132304.00
2021/09/08,25.84,26.06,25.71,26.00,1288200,33379124.00
2021/09/09,26.00,26.00,25.15,25.23,1820480,46417352.00
2021/09/10,25.23,25.50,25.05,25.29,1239121,31279070.00
2021/09/13,25.29,25.47,25.00,25.14,956700,24025598.00
2021/09/14,25.21,27.21,25.05,25.91,2952180,76962968.00
2021/09/15,25.50,26.00,25.31,25.67,1214200,31032168.00
2021/09/16,25.70,26.24,25.57,26.05,1610070,41823288.00
2021/09/17,25.80,26.75,25.80,26.58,1906570,50119304.00
2021/09/22,26.27,26.36,25.65,26.01,1389100,36036620.00
2021/09/23,26.10,26.30,25.69,25.85,1208010,31273500.00
2021/09/24,25.95,26.03,25.08,25.12,1156200,29393912.00
2021/09/27,25.16,25.19,23.21,23.70,1825070,43822492.00
2021/09/28,23.66,23.92,23.46,23.51,574500,13614504.00
2021/09/29,23.53,23.65,22.62,22.62,995000,22888582.00
2021/09/30,22.99,23.40,22.71,23.02,446810,10308832.00
2021/10/08,23.50,23.66,23.15,23.31,579200,13529081.00
2021/10/11,23.55,23.55,23.20,23.44,392070,9167567.00
2021/10/12,23.44,23.44,22.80,23.00,538131,12427894.00
2021/10/13,23.14,23.54,23.13,23.47,519300,12138910.00
2021/10/14,23.48,24.00,23.39,23.99,727570,17360648.00
2021/10/15,23.88,23.88,23.57,23.58,474780,11245541.00
2021/10/18,23.59,23.63,23.33,23.48,404000,9464513.00
2021/10/19,23.50,23.88,23.40,23.42,456000,10788738.00
2021/10/20,23.42,23.66,23.00,23.11,655470,15280443.00
2021/10/21,23.01,23.42,22.93,22.99,517470,11934906.00
2021/10/22,23.02,23.22,23.00,23.06,297991,6874825.00
2021/10/25,23.15,23.15,22.65,22.92,632700,14417755.00
2021/10/26,22.92,25.06,22.78,24.16,2148501,51892516.00
2021/10/27,23.92,24.16,23.36,23.53,1119800,26439866.00
2021/10/28,23.07,23.50,22.11,22.50,1486580,33458248.00
2021/10/29,22.50,22.92,22.50,22.79,607600,13838768.00
2021/11/01,22.50,23.97,22.50,23.91,1535180,36109204.00
2021/11/02,24.08,24.14,23.11,23.40,1000072,23607532.00
2021/11/03,23.35,23.67,23.25,23.45,796700,18659552.00
2021/11/04,23.35,25.80,23.35,25.66,5245975,130956104.00
2021/11/05,25.04,27.60,25.04,27.39,7343791,196345712.00
2021/11/08,27.72,29.25,26.39,28.79,10072583,281680704.00
2021/11/09,29.50,30.95,27.51,27.75,7414372,213521408.00
2021/11/10,28.00,31.53,28.00,30.19,10219792,305623616.00
2021/11/11,30.56,31.99,29.66,30.09,5030223,152935088.00
2021/11/12,30.90,32.56,29.30,31.63,8160283,253449232.00
2021/11/15,32.60,33.42,30.90,31.27,7610952,244162112.00
2021/11/16,31.18,31.18,29.04,29.22,4733991,140413264.00
2021/11/17,29.23,29.54,28.00,29.36,3421941,98656008.00
2021/11/18,29.12,29.36,27.98,28.09,2400441,68260080.00
2021/11/19,28.44,29.30,28.22,28.36,2906300,83502600.00
2021/11/22,28.59,30.35,28.43,29.91,3567870,105020912.00
2021/11/23,29.87,29.87,28.16,28.42,3881300,112311488.00
2021/11/24,28.37,30.15,28.26,29.06,3808251,111090496.00
2021/11/25,29.00,29.40,28.28,28.43,2575350,73791200.00
2021/11/26,28.41,28.55,27.10,28.20,3085151,86133976.00
2021/11/29,27.59,30.50,27.59,29.93,4792600,140559776.00
2021/11/30,30.03,30.96,29.53,30.07,4311400,129924488.00
2021/12/01,31.48,34.80,30.00,33.44,9488710,310271296.00
2021/12/02,32.96,33.30,30.90,32.33,6050787,194676944.00
2021/12/03,32.10,33.20,31.56,31.90,4881564,158466704.00
2021/12/06,31.48,31.97,29.86,30.13,3571728,109079392.00
2021/12/07,29.74,30.45,27.81,28.54,3090900,88412168.00
2021/12/08,28.68,29.15,28.29,28.86,1787300,51445472.00
2021/12/09,28.88,29.14,27.81,28.20,1917427,54278304.00
2021/12/10,28.09,28.72,27.60,28.53,1509990,42720000.00
2021/12/13,28.44,28.52,27.81,28.29,2155367,60570924.00
2021/12/14,27.83,28.78,27.83,28.72,1654500,47052500.00
2021/12/15,28.96,29.00,28.16,28.45,1307400,37251452.00
2021/12/16,28.34,29.15,28.15,29.14,1377571,39508300.00
2021/12/17,29.10,30.38,28.87,29.90,3652370,109303072.00
2021/12/20,30.01,30.15,27.98,28.20,2504200,72021560.00
2021/12/21,28.06,28.89,27.70,28.66,1447000,40871236.00
2021/12/22,28.48,29.45,28.48,28.74,1386954,40185584.00
2021/12/23,28.40,29.68,27.91,29.06,2351270,67659888.00
2021/12/24,28.86,29.06,26.73,28.20,3721100,103322584.00
2021/12/27,27.75,28.65,27.66,28.12,1271168,35895836.00
2021/12/28,28.11,28.62,27.90,28.32,1013440,28655572.00
2021/12/29,28.30,28.30,27.33,27.55,1762551,48745000.00
2021/12/30,27.43,29.65,27.43,28.51,3500100,100785928.00
2021/12/31,29.00,30.82,27.81,30.32,5633600,167192896.00
2022/01/04,30.38,32.13,29.80,31.50,5423921,169376208.00
2022/01/05,31.48,31.77,29.00,31.40,5067021,154662720.00
2022/01/06,30.73,31.18,30.10,31.05,2394100,73136768.00
2022/01/07,30.50,31.45,30.00,30.29,2079952,63967124.00
2022/01/10,30.31,30.90,29.40,30.30,1121300,33914280.00
2022/01/11,30.20,30.88,29.30,29.30,1329000,39366760.00
2022/01/12,29.31,29.91,29.24,29.87,890500,26409516.00
2022/01/13,29.90,32.75,29.47,32.13,4535049,143897952.00
2022/01/14,32.49,32.49,31.40,31.84,2032651,64814868.00
2022/01/17,32.00,33.33,31.68,32.61,2612886,85316952.00
2022/01/18,32.38,32.84,31.72,31.92,1367686,43994756.00
2022/01/19,32.05,32.25,31.19,31.35,1332400,41988008.00
2022/01/20,31.58,31.58,29.64,30.18,1856200,56298936.00
2022/01/21,30.45,30.45,28.48,29.38,1600200,46742232.00
2022/01/24,29.11,29.76,28.81,29.05,650900,19027950.00
2022/01/25,29.05,29.49,27.38,27.41,1205086,33791368.00
2022/01/26,27.58,28.15,27.34,28.00,937600,26116326.00
2022/01/27,27.70,27.90,26.80,27.15,1033000,28158270.00
2022/01/28,27.47,27.80,26.90,27.00,501170,13673342.00
2022/02/07,27.18,27.75,26.30,26.39,812600,21746490.00
2022/02/08,26.39,26.57,25.63,26.02,919921,23929622.00
2022/02/09,25.93,28.28,25.87,28.03,1726162,47449252.00
2022/02/10,27.95,28.33,27.41,27.60,803150,22314998.00
2022/02/11,27.43,28.08,26.88,27.33,870400,23962234.00
2022/02/14,27.33,27.88,26.57,27.41,474662,13022881.00
2022/02/15,27.93,28.00,27.30,27.65,556300,15316002.00
2022/02/16,27.61,27.98,27.29,27.58,446300,12301838.00
2022/02/17,27.38,28.18,27.30,27.94,748400,20849320.00
2022/02/18,27.81,28.58,27.40,28.40,669246,18743742.00
2022/02/21,28.15,28.65,28.15,28.26,458946,13019561.00
2022/02/22,28.13,28.18,27.15,28.06,810000,22519056.00
2022/02/23,27.85,28.70,27.85,28.46,1003175,28607144.00
2022/02/24,28.07,28.69,27.03,27.28,970521,26901512.00
2022/02/25,27.48,31.38,27.48,28.86,2420300,71570672.00
2022/02/28,28.78,29.29,28.08,28.58,1496800,42668524.00
2022/03/01,28.60,28.60,27.49,27.90,1475700,41237556.00
2022/03/02,27.73,27.86,27.07,27.62,942900,25937936.00
2022/03/03,27.63,27.88,26.66,26.80,1111400,29992586.00
2022/03/04,26.77,27.14,26.10,26.79,645700,17307058.00
2022/03/07,26.60,26.70,25.39,25.53,1232500,31937908.00
2022/03/08,25.50,25.75,23.53,23.86,2053100,50195012.00
2022/03/09,24.00,24.25,22.15,23.18,1727000,39852936.00
2022/03/10,24.07,24.19,23.02,23.16,1009197,23769616.00
2022/03/11,23.18,23.88,22.51,23.68,1298500,30247860.00
2022/03/14,23.36,23.59,22.66,22.67,1131000,26005992.00
2022/03/15,22.62,22.72,21.02,21.27,2080497,45295404.00
2022/03/16,21.55,21.69,20.62,21.49,1702900,36171968.00
2022/03/17,21.65,22.26,21.50,21.63,1748400,38271792.00
2022/03/18,21.54,21.76,21.41,21.66,723700,15655085.00
2022/03/21,21.66,22.17,21.60,22.06,1004800,22031812.00
2022/03/22,21.81,22.00,21.52,21.94,833470,18164798.00
2022/03/23,22.17,22.78,21.85,22.11,1467300,32671810.00
2022/03/24,22.33,22.66,22.10,22.42,1545900,34551848.00
2022/03/25,22.50,22.68,22.04,22.13,1144000,25359418.00
2022/03/28,22.09,22.63,21.61,22.63,1150700,25454048.00
2022/03/29,22.75,22.94,22.65,22.65,1874900,42612740.00
2022/03/30,22.20,22.53,21.70,22.19,2477210,54637132.00
2022/03/31,21.43,21.60,21.08,21.20,1462699,31230438.00
2022/04/01,21.06,21.19,20.80,21.00,555700,11661178.00
2022/04/06,20.97,21.51,20.88,21.29,599500,12785241.00
2022/04/07,21.20,21.26,20.83,20.88,583200,12226794.00
2022/04/08,20.88,21.06,20.30,20.49,491650,10103241.00
2022/04/11,20.59,20.61,18.95,19.09,948700,18648750.00
2022/04/12,19.28,19.79,19.11,19.75,755700,14767300.00
2022/04/13,19.87,19.87,18.91,18.97,851500,16339121.00
2022/04/14,19.22,19.45,19.06,19.30,500800,9655204.00
2022/04/15,19.40,19.40,18.86,19.10,544300,10363674.00
2022/04/18,19.12,19.46,18.72,19.39,547700,10537233.00
2022/04/19,19.39,19.64,19.25,19.35,492700,9571837.00
2022/04/20,19.39,19.63,19.12,19.25,634800,12336015.00
2022/04/21,19.25,19.42,18.41,18.58,634900,11981038.00
2022/04/22,18.58,19.00,18.09,18.60,715500,13266206.00
2022/04/25,18.10,18.28,17.08,17.08,878200,15454575.00
2022/04/26,17.05,17.23,15.88,15.95,813413,13494391.00
2022/04/27,15.68,16.41,15.22,16.32,1028387,16338330.00
2022/04/28,16.25,16.27,15.47,15.57,871810,13756029.00
2022/04/29,15.81,16.65,15.71,16.50,944500,15421876.00
2022/05/05,16.68,17.10,16.25,16.85,995120,16763367.00
2022/05/06,16.54,17.30,16.20,17.00,787000,13291661.00
2022/05/09,17.02,17.63,16.99,17.30,775300,13434818.00
2022/05/10,17.98,19.50,17.38,19.15,2142160,39032824.00
2022/05/11,18.68,21.96,18.50,19.76,3873038,77451040.00
2022/05/12,19.75,20.30,18.83,19.85,3022050,58369264.00
2022/05/13,19.84,21.20,19.38,20.50,3289050,66383976.00
2022/05/16,20.88,20.88,19.94,20.11,1925750,38925376.00
2022/05/17,20.40,20.40,19.58,19.73,1439000,28582490.00
2022/05/18,19.96,19.96,19.53,19.72,1067900,21120040.00
2022/05/19,19.59,20.30,19.23,20.25,1726147,34594464.00
2022/05/20,20.48,21.71,19.91,21.35,3603300,75053432.00
2022/05/23,22.78,24.17,22.05,22.27,5500099,126052928.00
2022/05/24,22.48,23.37,20.32,20.44,5701485,123964408.00
2022/05/25,20.48,20.79,19.56,20.40,2817300,56457176.00
2022/05/26,20.41,20.55,19.65,19.80,1850400,36771288.00
2022/05/27,19.80,20.08,19.45,19.58,1731900,34149320.00
2022/05/30,19.63,20.00,19.46,19.79,1212770,23948718.00
2022/05/31,19.76,21.23,19.60,21.01,3022127,62450548.00
2022/06/01,20.99,22.85,20.70,22.57,4926927,107413000.00
2022/06/02,22.48,23.99,21.92,23.72,6555100,153458320.00
2022/06/06,23.60,23.99,22.70,23.66,3079000,71906504.00
2022/06/07,24.00,24.00,22.90,23.01,1929800,44639632.00
2022/06/08,22.78,23.10,21.97,22.76,1981610,44602436.00
2022/06/09,22.99,22.99,21.96,21.99,1210600,26863568.00
2022/06/10,21.99,23.95,21.84,23.70,3585297,83046856.00
2022/06/13,23.12,23.86,23.11,23.62,2167400,50933560.00
2022/06/14,23.56,23.56,21.46,22.59,3171395,70427624.00
2022/06/15,22.58,23.37,22.18,22.97,2889237,65800396.00
2022/06/16,22.97,24.98,22.97,23.53,4095672,98777648.00
2022/06/17,23.38,24.46,22.50,24.05,2920727,69291064.00
2022/06/20,24.05,24.24,23.30,23.41,2228885,52617776.00
2022/06/21,23.51,23.64,22.50,22.80,2154985,49265024.00
2022/06/22,22.80,22.93,22.13,22.26,2633800,59350296.00
2022/06/23,22.68,24.06,22.60,23.95,4346900,102028272.00
2022/06/24,24.55,25.36,23.76,23.92,3140500,76021880.00
2022/06/27,23.94,24.78,23.18,23.73,2192700,51947856.00
2022/06/28,24.12,24.42,23.38,24.39,2271900,54574880.00
2022/06/29,24.39,24.68,22.82,22.83,2846710,66809332.00
2022/06/30,22.77,23.22,22.50,22.84,1502500,34325420.00
2022/07/01,23.00,23.23,22.54,22.67,1017500,23148164.00
2022/07/04,22.60,22.82,21.87,22.38,1434800,32059940.00
2022/07/05,22.31,23.50,21.65,21.97,1344400,29687178.00
2022/07/06,21.84,22.28,21.39,21.70,929100,20264656.00
2022/07/07,21.69,22.58,21.54,22.30,1156000,25608846.00
2022/07/08,22.30,23.10,22.07,22.28,1536300,34647160.00
2022/07/11,22.00,22.39,21.57,21.96,986600,21457026.00
2022/07/12,21.73,21.93,21.09,21.40,1367700,29271384.00
2022/07/13,21.40,22.79,21.30,21.53,2129288,46844324.00
2022/07/14,21.60,22.20,21.23,21.69,2217488,48204240.00
2022/07/15,21.69,22.90,21.36,22.56,3203900,71258784.00
2022/07/18,22.56,23.10,22.45,22.87,2031834,46166736.00
2022/07/19,22.87,23.80,22.75,23.76,2957500,69148544.00
2022/07/20,23.67,24.24,23.18,23.41,2027500,47686928.00
2022/07/21,23.08,24.36,22.99,23.80,2662500,63557864.00
2022/07/22,23.73,24.48,23.21,23.93,1890797,44703148.00
2022/07/25,24.72,24.85,22.64,23.41,1703500,40273900.00
2022/07/26,23.56,23.65,22.82,23.39,1334564,30858424.00
2022/07/27,23.13,24.00,23.13,23.82,1442518,34228012.00
2022/07/28,23.98,26.70,23.70,26.00,6418100,163552080.00
2022/07/29,26.00,26.30,25.18,25.53,3228513,82716376.00
2022/08/01,25.33,25.47,24.68,25.00,2238400,55918996.00
2022/08/02,24.66,24.66,23.39,24.09,2603088,62764648.00
2022/08/03,24.00,24.69,23.35,23.50,2078300,50110080.00
2022/08/04,23.67,24.33,23.50,24.01,1764500,42180224.00
2022/08/05,24.23,24.43,23.28,23.55,2344098,55540792.00
2022/08/08,23.70,24.18,22.91,24.14,1535766,36482848.00
2022/08/09,24.01,25.25,23.69,24.91,3138419,77293088.00
2022/08/10,24.90,25.62,24.62,25.17,2817302,70831600.00
2022/08/11,25.48,25.48,24.84,25.23,1689600,42452432.00
2022/08/12,25.66,25.66,24.21,24.27,2055966,50846584.00
2022/08/15,24.26,24.50,23.71,24.27,1616266,38988160.00
2022/08/16,24.36,24.90,24.14,24.25,1305100,31963968.00
2022/08/17,24.45,25.10,23.96,24.10,2137000,52167256.00
2022/08/18,24.11,25.10,23.78,25.00,3084870,76165000.00
2022/08/19,25.30,25.76,23.83,24.01,3182800,78134120.00
2022/08/22,24.01,24.30,23.60,24.07,1675600,40217100.00
2022/08/23,24.04,24.46,23.66,23.88,1646413,39485116.00
2022/08/24,23.88,23.88,22.31,22.32,2395134,54782600.00
2022/08/25,22.76,22.89,21.65,21.86,1361000,30020170.00
2022/08/26,22.10,22.19,21.48,21.65,1230086,26748062.00
2022/08/29,21.33,21.71,20.85,21.48,752000,16094979.00
2022/08/30,21.48,21.56,20.68,20.94,1785886,37410992.00
2022/08/31,20.87,20.87,19.25,19.31,2730986,54151704.00
2022/09/01,19.84,20.25,19.12,19.20,1704746,33153676.00
2022/09/02,19.62,19.65,19.04,19.48,1663277,32264892.00
2022/09/05,19.78,19.78,18.87,19.08,1487400,28507248.00
2022/09/06,19.30,19.33,18.75,19.33,1691810,32305740.00
2022/09/07,19.28,19.56,19.13,19.41,1438230,27856732.00
2022/09/08,19.58,19.58,18.84,18.87,1710940,32658400.00
2022/09/09,19.00,19.00,18.36,18.45,1440054,26649140.00
2022/09/13,18.65,18.87,18.47,18.64,1201300,22405524.00
2022/09/14,18.25,18.59,18.15,18.41,925410,16987166.00
2022/09/15,18.47,18.47,17.30,17.93,1564171,28065850.00
2022/09/16,17.80,18.05,17.53,17.63,841000,14949202.00
2022/09/19,17.51,17.68,17.09,17.22,1055600,18258138.00
2022/09/20,17.50,17.96,17.27,17.72,1034300,18310748.00
2022/09/21,17.80,18.03,17.40,18.01,912302,16220525.00
2022/09/22,17.83,18.47,17.73,18.37,1327827,24162426.00
2022/09/23,18.43,18.50,17.42,18.14,1569077,28115128.00
2022/09/26,19.10,19.50,18.30,18.53,3950811,75014624.00
2022/09/27,17.40,18.20,17.30,17.80,3239926,57123696.00
2022/09/28,17.58,17.90,16.74,16.74,1978392,34012668.00
2022/09/29,17.04,17.05,16.59,16.69,1148751,19332242.00
2022/09/30,16.85,16.94,16.33,16.35,1018000,16902984.00
2022/10/10,16.49,16.50,15.95,16.04,970900,15720191.00
2022/10/11,16.24,16.32,15.89,16.30,626773,10135007.00
2022/10/12,16.41,16.79,15.97,16.79,1117903,18350770.00
2022/10/13,16.81,17.15,16.67,17.02,1061864,18025942.00
2022/10/14,17.16,17.56,17.03,17.52,925143,16051987.00
2022/10/17,17.50,17.91,17.33,17.85,820703,14501131.00
2022/10/18,17.96,18.12,17.74,18.09,1144103,20559858.00
2022/10/19,18.00,18.12,17.71,17.87,687500,12340947.00
2022/10/20,17.94,18.23,17.42,17.91,1118600,19942706.00
2022/10/21,18.10,18.10,17.62,17.85,649232,11599539.00
2022/10/24,17.76,18.20,17.51,17.60,919422,16487615.00
2022/10/25,17.60,17.93,17.39,17.75,1591593,28133802.00
2022/10/26,17.75,19.00,17.48,18.89,2262824,41788928.00
2022/10/27,18.78,18.86,18.30,18.35,1501770,27864270.00
2022/10/28,18.35,18.61,17.15,17.43,1504800,26837200.00
2022/10/31,18.10,18.18,17.38,17.79,1072570,19204272.00
2022/11/01,17.76,18.79,17.76,18.79,1645000,30329432.00
2022/11/02,18.68,19.18,18.63,18.93,1531064,28934800.00
2022/11/03,18.68,19.08,18.63,18.82,826969,15555987.00
2022/11/04,18.73,19.32,18.73,19.19,1305800,24898800.00
2022/11/07,19.19,19.41,19.07,19.14,988300,18980988.00
2022/11/08,19.18,19.19,18.76,18.90,694300,13094366.00
2022/11/09,18.71,19.00,18.52,18.68,781300,14605049.00
2022/11/10,18.61,18.75,18.29,18.38,734400,13565051.00
2022/11/11,18.67,19.06,18.28,18.31,1046200,19469090.00
2022/11/14,18.33,18.57,18.07,18.14,776400,14184645.00
2022/11/15,18.15,18.91,18.03,18.86,1121614,20910588.00
2022/11/16,18.89,19.10,18.60,18.81,855114,16085124.00
2022/11/17,18.82,19.05,18.50,19.04,912700,17122304.00
2022/11/18,19.04,19.13,18.62,18.69,737470,13954158.00
2022/11/21,18.69,18.82,18.26,18.78,547070,10166471.00
2022/11/22,18.82,18.98,18.33,18.41,907500,16961100.00
2022/11/23,18.48,18.52,17.72,18.03,824800,14870656.00
2022/11/24,18.03,18.30,17.83,18.13,562622,10155822.00
2022/11/25,18.22,18.29,17.73,17.74,650670,11613765.00
2022/11/28,17.51,17.72,17.38,17.53,672300,11771820.00
2022/11/29,17.64,18.25,17.62,18.16,975085,17575588.00
2022/11/30,18.12,18.60,17.92,18.26,1180485,21508434.00
2022/12/01,18.45,18.50,18.15,18.27,857500,15747054.00
2022/12/02,18.31,18.85,18.12,18.53,1047900,19458332.00
2022/12/05,18.57,19.00,18.50,19.00,1475684,27799880.00
2022/12/06,18.94,21.59,18.77,20.99,5993371,122286544.00
2022/12/07,20.68,20.77,19.91,20.01,3550873,71980464.00
2022/12/08,20.10,20.36,19.64,19.75,2582990,51346728.00
2022/12/09,19.66,20.06,19.32,20.05,2316922,45791360.00
2022/12/12,19.80,19.92,19.40,19.80,1570566,30886194.00
2022/12/13,19.80,19.88,19.26,19.39,1338095,26165532.00
2022/12/14,19.34,19.65,19.17,19.32,752600,14623247.00
2022/12/15,19.18,19.67,19.18,19.42,968624,18820510.00
2022/12/16,19.26,19.33,18.93,19.00,954000,18173838.00
2022/12/19,19.00,19.22,18.01,18.33,1300353,24027610.00
2022/12/20,18.21,18.86,18.21,18.62,891800,16568320.00
2022/12/21,18.53,18.62,17.88,18.06,1136000,20604748.00
2022/12/22,18.30,18.30,17.51,17.59,1008300,17918316.00
2022/12/23,17.40,17.68,17.25,17.44,715600,12500026.00
2022/12/26,17.44,18.31,17.44,18.29,1641700,29705816.00
2022/12/27,18.30,18.66,18.20,18.50,911540,16818182.00
2022/12/28,18.66,18.66,17.88,18.06,1067200,19329212.00
2022/12/29,18.01,18.20,17.66,17.94,599900,10771706.00
2022/12/30,17.78,17.97,17.48,17.55,850270,15014290.00
2023/01/03,17.50,17.99,17.49,17.96,1180270,21017252.00
2023/01/04,18.00,18.05,17.72,17.96,1303300,23304308.00
2023/01/05,17.95,18.58,17.77,18.58,1512700,27684446.00
2023/01/06,18.60,18.85,18.37,18.70,1223784,22799716.00
2023/01/09,18.54,19.05,18.54,18.87,1158300,21802010.00
2023/01/10,18.93,19.26,18.70,19.09,1184700,22536196.00
2023/01/11,19.14,19.40,18.96,19.05,1389000,26606392.00
2023/01/12,19.00,19.19,18.88,19.00,742900,14127047.00
2023/01/13,19.18,19.18,18.78,19.01,898798,17033452.00
2023/01/16,19.01,19.59,18.83,19.36,1338519,25879924.00
2023/01/17,19.29,19.59,19.29,19.36,663500,12911610.00
2023/01/18,19.37,19.88,19.22,19.59,1518722,29756804.00
2023/01/19,19.59,19.88,19.48,19.67,867400,17111128.00
2023/01/20,19.86,19.86,19.36,19.46,581200,11362817.00
2023/01/30,19.66,20.47,19.55,20.00,2448400,48804832.00
2023/01/31,19.94,19.94,19.42,19.67,1305084,25559530.00
2023/02/01,19.63,20.15,19.63,20.15,1383100,27642636.00
2023/02/02,20.16,20.30,20.00,20.02,762900,15351641.00
2023/02/03,20.01,20.36,19.91,20.33,1220802,24571906.00
2023/02/06,20.60,22.32,20.46,21.31,5568811,119699344.00
2023/02/07,20.88,21.30,20.52,21.24,3233763,67797024.00
2023/02/08,21.14,21.20,20.74,20.88,1650867,34552764.00
2023/02/09,21.18,21.28,20.66,21.16,1603400,33816008.00
2023/02/10,21.17,21.35,20.85,20.93,1165928,24541986.00
2023/02/13,20.88,21.04,20.66,20.90,1393862,29042486.00
2023/02/14,21.00,21.27,20.90,21.15,1436900,30342608.00
2023/02/15,21.25,22.52,21.23,22.15,4338100,95711920.00
2023/02/16,21.94,22.10,20.54,20.77,3555200,75851640.00
2023/02/17,20.81,21.15,20.46,20.52,1589400,32998254.00
2023/02/20,20.43,20.60,20.20,20.50,1175328,23956240.00
2023/02/21,20.40,21.44,20.40,20.73,1580500,33095548.00
2023/02/22,20.73,21.30,20.34,21.02,1230200,25715052.00
2023/02/23,20.90,21.21,20.90,21.20,1207485,25454056.00
2023/02/24,21.12,21.23,20.55,21.21,1096800,22931272.00
2023/02/27,20.97,20.97,20.14,20.21,1343900,27470684.00
2023/02/28,20.41,20.68,20.20,20.49,708700,14470232.00
2023/03/01,20.64,20.65,20.30,20.60,861700,17650572.00
2023/03/02,20.60,20.84,20.21,20.32,862600,17649488.00
2023/03/03,20.24,20.43,19.83,20.10,753490,15131172.00
2023/03/06,20.02,20.40,20.02,20.10,445290,8988687.00
2023/03/07,20.00,20.19,19.50,19.50,850500,16843554.00
2023/03/08,19.77,19.84,19.50,19.82,458300,9047419.00
2023/03/09,19.96,20.70,19.91,20.46,1172400,23949800.00
2023/03/10,20.38,20.54,20.00,20.07,863823,17495612.00
2023/03/13,20.25,20.28,19.54,19.90,818090,16254437.00
2023/03/14,20.09,20.09,18.99,19.53,879600,17133146.00
2023/03/15,19.53,20.25,19.53,19.87,808200,16172558.00
2023/03/16,20.08,20.15,19.47,19.59,679400,13362000.00
2023/03/17,19.60,19.90,19.54,19.64,440900,8701983.00
2023/03/20,19.51,20.06,19.51,19.85,830500,16440981.00
2023/03/21,19.84,20.29,19.78,20.24,811800,16315462.00
2023/03/22,20.28,20.78,20.26,20.65,1327900,27312084.00
2023/03/23,20.64,21.38,20.64,21.04,1624610,34205060.00
2023/03/24,21.08,21.45,21.05,21.28,1377600,29326498.00
2023/03/27,21.27,21.46,20.89,21.25,1237223,26184682.00
2023/03/28,21.39,21.39,20.90,21.12,985300,20832312.00
2023/03/29,21.12,21.30,20.82,21.04,849800,17944224.00
2023/03/30,21.29,21.30,20.89,21.25,918000,19389204.00
2023/03/31,21.20,21.39,20.93,21.33,822900,17428870.00
2023/04/03,21.31,21.64,21.08,21.56,1188500,25505320.00
2023/04/04,21.56,21.58,21.12,21.24,725200,15426719.00
2023/04/06,21.24,21.70,21.08,21.48,976200,20984776.00
2023/04/07,21.60,21.64,21.23,21.43,757200,16216108.00
2023/04/10,21.41,21.96,21.35,21.53,1891500,41088108.00
2023/04/11,21.47,21.78,21.10,21.20,1288200,27565316.00
2023/04/12,21.35,21.93,21.08,21.76,1652252,35661504.00
2023/04/13,21.61,21.80,20.87,20.93,1447310,30645150.00
2023/04/14,21.06,21.29,20.82,20.99,781800,16483472.00
2023/04/17,20.98,20.98,20.47,20.48,917100,18925368.00
2023/04/18,20.54,20.54,20.03,20.16,669270,13527957.00
2023/04/19,20.40,20.40,19.93,20.14,711300,14337121.00
2023/04/20,20.14,20.34,19.86,20.05,528700,10591812.00
2023/04/21,19.89,19.93,18.75,18.84,1265600,24345132.00
2023/04/24,18.84,18.84,18.20,18.29,1108200,20355866.00
2023/04/25,18.29,18.50,17.60,17.91,1038300,18700720.00
2023/04/26,18.05,18.35,17.73,18.04,1091600,19667404.00
2023/04/27,18.04,18.59,17.88,18.22,1276700,23348376.00
2023/04/28,18.38,18.67,18.00,18.61,1289500,23697690.00
2023/05/04,18.61,18.79,18.25,18.45,993300,18335462.00
2023/05/05,18.36,18.68,18.20,18.37,816900,15074576.00
2023/05/08,18.34,18.57,18.27,18.43,892200,16433556.00
2023/05/09,18.43,18.43,17.88,17.95,923300,16672603.00
2023/05/10,17.99,18.88,17.84,18.58,1348770,24836324.00
2023/05/11,18.56,18.78,18.25,18.36,1030900,19042052.00
2023/05/12,18.60,18.75,18.23,18.31,775970,14324421.00
2023/05/15,18.44,18.85,18.07,18.74,1325000,24555084.00
2023/05/16,18.80,20.22,18.45,19.63,4003200,77843368.00
2023/05/17,19.22,21.09,19.03,20.25,6324221,126837480.00
2023/05/18,19.80,19.89,19.30,19.74,4353442,85224024.00
2023/05/19,19.60,19.88,19.56,19.64,2720100,53608344.00
2023/05/22,19.50,20.18,19.50,19.85,2726400,54205164.00
2023/05/23,19.70,19.94,19.49,19.51,1777029,35005924.00
2023/05/24,19.13,19.90,19.11,19.65,1914286,37715468.00
2023/05/25,19.60,20.04,19.60,19.92,1536000,30419696.00
2023/05/26,20.53,20.95,20.06,20.50,3656610,74532680.00
2023/05/29,20.60,20.70,20.32,20.53,2631000,53877052.00
2023/05/30,20.35,20.78,20.21,20.69,2988200,61312352.00
2023/05/31,20.64,21.28,20.51,20.99,2871370,59992208.00
2023/06/01,20.74,20.95,20.46,20.48,3046300,62617664.00
2023/06/02,20.58,20.80,20.38,20.51,1931900,39778848.00
2023/06/05,20.44,21.14,20.44,20.71,2264885,47074108.00
2023/06/06,20.58,20.69,20.16,20.27,1659400,33818312.00
2023/06/07,20.28,20.53,20.05,20.43,1241386,25264370.00
2023/06/08,20.18,20.43,20.01,20.25,1205300,24338630.00
2023/06/09,20.20,20.72,20.14,20.43,1131200,23032472.00
2023/06/12,20.30,21.26,20.30,20.97,2470800,51488416.00
2023/06/13,20.97,21.35,20.84,21.28,2125604,45007840.00
2023/06/14,21.21,22.50,20.89,22.15,4889000,106546856.00
2023/06/15,22.00,22.01,20.93,21.00,5476742,116871784.00
2023/06/16,21.00,21.19,20.73,20.84,2267414,47447564.00
2023/06/19,20.80,22.08,20.77,21.75,3383170,72653872.00
2023/06/20,21.99,22.49,21.65,21.76,3742200,82065232.00
2023/06/21,21.70,21.80,21.24,21.39,2144300,46070696.00
2023/06/26,21.30,21.67,20.39,20.53,2047704,42547224.00
2023/06/27,20.62,21.08,20.62,21.01,1890470,39572644.00
2023/06/28,21.20,21.20,20.23,20.87,1644900,33923048.00
2023/06/29,20.88,21.55,20.65,21.52,1883800,40130360.00
2023/06/30,21.27,21.64,21.20,21.33,1588200,34008936.00
2023/07/03,21.34,21.65,20.89,20.93,1647000,34781448.00
2023/07/04,21.05,21.49,20.85,21.34,1490400,31686296.00
2023/07/05,21.24,21.75,21.11,21.71,2533300,54653152.00
2023/07/06,21.50,21.81,20.90,21.46,2964016,63687732.00
2023/07/07,21.50,21.59,20.89,21.01,2193742,46479604.00
2023/07/10,21.35,21.35,20.35,20.39,1796642,37088016.00
2023/07/11,20.51,21.08,20.30,21.03,1792700,37399800.00
2023/07/12,21.18,21.72,21.05,21.09,1951400,41768932.00
2023/07/13,21.23,21.23,20.59,20.91,2692262,56450060.00
2023/07/14,21.02,21.89,20.93,21.81,3790300,82062176.00
2023/07/17,21.69,22.32,21.43,21.63,2968700,64799236.00
2023/07/18,21.48,22.18,21.47,21.82,2548600,55672844.00
2023/07/19,21.59,21.86,20.97,21.18,2170714,46020728.00
2023/07/20,21.10,21.21,20.11,20.14,2471614,50637856.00
2023/07/21,20.06,20.35,19.50,19.53,1997200,39544320.00
2023/07/24,19.68,19.88,19.38,19.52,1136500,22310934.00
2023/07/25,19.71,19.85,19.45,19.74,1309670,25745712.00
2023/07/26,19.74,19.76,19.43,19.50,1175700,22963692.00
2023/07/27,19.62,19.73,19.20,19.23,1100000,21410516.00
2023/07/28,19.50,19.50,19.02,19.28,849700,16318213.00
2023/07/31,19.25,19.46,19.08,19.32,1131600,21830860.00
2023/08/01,19.20,19.27,18.90,19.27,1222700,23301196.00
2023/08/02,19.33,19.40,19.00,19.18,1027500,19674900.00
2023/08/03,19.29,19.36,18.88,18.94,874700,16624265.00
2023/08/04,19.01,19.19,18.83,19.04,998700,18981684.00
2023/08/07,19.28,19.28,18.90,18.99,664600,12606519.00
2023/08/08,18.90,19.07,18.71,18.88,837400,15841915.00
2023/08/09,18.81,18.98,18.64,18.80,597600,11241742.00
2023/08/10,18.79,18.84,18.60,18.69,800300,14975933.00
2023/08/11,18.83,18.83,18.34,18.34,1025500,19024412.00
2023/08/14,18.35,18.53,18.11,18.50,1002000,18317316.00
2023/08/15,18.55,18.61,18.16,18.29,856100,15718120.00
2023/08/16,18.40,18.40,17.95,17.95,782470,14175186.00
2023/08/17,18.17,18.49,17.76,18.43,1260700,22993144.00
2023/08/18,18.51,18.75,18.31,18.42,1621800,30178380.00
2023/08/21,18.34,18.85,18.27,18.55,1415128,26393340.00
2023/08/22,18.68,18.72,18.02,18.51,1141500,20922632.00
2023/08/23,18.40,18.53,18.13,18.27,856600,15689468.00
2023/08/24,18.23,18.52,17.99,18.17,788100,14354215.00
2023/08/25,18.12,18.17,17.56,17.67,1183300,21049394.00
2023/08/28,18.44,18.60,17.48,17.50,1229100,22058110.00
2023/08/29,17.97,19.12,17.62,19.03,4385513,82338600.00
2023/08/30,19.03,19.90,19.01,19.61,3673200,72167280.00
2023/08/31,19.50,20.35,19.50,20.17,3100597,62323172.00
2023/09/01,20.17,20.58,20.17,20.40,2736560,55832716.00
2023/09/04,20.41,20.58,20.11,20.34,2059800,41772060.00
2023/09/05,20.39,20.78,20.22,20.60,1730485,35596680.00
2023/09/06,20.50,20.83,20.42,20.72,1736900,35930604.00
2023/09/07,20.72,20.72,20.33,20.36,1440386,29504402.00
2023/09/08,20.26,20.58,20.26,20.49,1032100,21138940.00
2023/09/11,20.53,20.66,20.34,20.50,1095500,22488192.00
2023/09/12,20.35,20.64,20.30,20.41,781900,15957982.00
2023/09/13,20.59,20.59,19.94,20.18,936200,18858146.00
2023/09/14,20.24,20.34,19.87,20.03,929900,18669228.00
2023/09/15,20.05,20.40,19.78,20.04,1149500,22944384.00
2023/09/18,20.00,20.40,19.86,20.10,1151100,23193872.00
2023/09/19,20.10,20.10,19.74,19.88,908100,18054528.00
2023/09/20,19.72,20.18,19.66,19.71,914900,18166552.00
2023/09/21,19.61,19.96,19.57,19.77,771700,15260137.00
2023/09/22,19.70,20.29,19.60,20.26,1060000,21238384.00
2023/09/25,20.23,20.48,19.97,20.13,896700,18053748.00
2023/09/26,19.94,20.19,19.72,19.90,702200,13971685.00
2023/09/27,19.98,20.12,19.62,19.86,813200,16194912.00
2023/09/28,19.86,20.54,19.85,20.46,1757500,35810844.00
2023/10/09,20.55,21.27,20.47,21.19,2825800,59581704.00
2023/10/10,21.08,21.55,20.91,21.18,2281800,48456140.00
2023/10/11,21.20,21.57,21.12,21.47,1781750,38142812.00
2023/10/12,21.47,21.63,21.22,21.29,1180700,25213824.00
2023/10/13,21.18,21.55,21.18,21.37,1566300,33542808.00
2023/10/16,21.37,21.44,21.18,21.31,1176885,25044474.00
2023/10/17,21.27,21.32,20.93,21.21,1174400,24762168.00
2023/10/18,21.24,21.30,20.83,20.90,871059,18273456.00
2023/10/19,20.77,21.11,20.66,20.80,1130500,23611418.00
2023/10/20,20.63,20.98,20.35,20.41,813300,16743750.00
2023/10/23,20.41,20.52,19.82,19.94,1155100,23209764.00
2023/10/24,20.10,20.60,19.71,20.55,1077700,21861582.00
2023/10/25,20.61,20.92,20.36,20.79,1218200,25085564.00
2023/10/26,20.65,20.97,20.50,20.91,1095800,22788212.00
2023/10/27,20.81,20.96,20.29,20.79,1132200,23362624.00
2023/10/30,20.99,21.55,20.89,21.50,2077000,44226180.00
2023/10/31,21.57,21.95,21.29,21.47,1618551,34879664.00
2023/11/01,21.45,21.75,21.30,21.51,1135800,24484680.00
2023/11/02,21.51,21.80,21.31,21.34,1242400,26828724.00
2023/11/03,21.30,21.89,21.29,21.85,1479900,32189316.00
2023/11/06,21.94,22.99,21.94,22.90,2553200,57549308.00
2023/11/07,22.85,23.98,22.63,23.73,5568500,131492648.00
2023/11/08,23.36,23.85,22.67,22.78,4592900,105640888.00
2023/11/09,22.77,23.12,22.31,22.47,2761000,62462200.00
2023/11/10,22.38,22.85,22.31,22.64,2009800,45417648.00
2023/11/13,22.75,23.06,22.33,22.54,2302300,52106472.00
2023/11/14,22.76,23.03,22.55,22.98,2474700,56580980.00
2023/11/15,23.01,23.06,22.63,22.90,1777100,40574896.00
2023/11/16,22.80,23.27,22.76,22.89,1855800,42720568.00
2023/11/17,22.82,23.11,22.74,23.01,1161500,26695352.00
2023/11/20,23.22,23.22,22.70,22.91,1354300,31009868.00
2023/11/21,23.10,23.10,22.61,22.71,1310500,29907498.00
2023/11/22,22.84,22.98,22.45,22.46,1250000,28350376.00
2023/11/23,22.52,23.11,22.36,22.99,1277600,29154176.00
2023/11/24,22.87,23.01,22.40,22.66,1204500,27238852.00
2023/11/27,22.68,23.00,22.43,22.59,1643600,37182548.00
2023/11/28,22.43,23.25,22.43,23.14,1814800,41743260.00
2023/11/29,23.08,23.82,23.01,23.31,2200700,51511892.00
2023/11/30,23.17,23.39,22.50,22.87,1707800,38981356.00
2023/12/01,22.87,22.95,22.49,22.61,1241500,28091892.00
2023/12/04,22.61,22.88,22.41,22.51,1238059,27971100.00
2023/12/05,22.59,22.71,22.10,22.12,1300600,28995408.00
2023/12/06,22.19,22.65,22.12,22.26,1254600,28105616.00
2023/12/07,22.43,22.52,22.06,22.26,1179600,26290204.00
2023/12/08,22.33,22.58,21.93,21.96,1360000,30258436.00
2023/12/11,21.96,22.49,21.70,22.49,1652500,36745592.00
2023/12/12,22.49,22.73,22.00,22.15,1132800,25144708.00
2023/12/13,22.41,22.49,22.02,22.10,1125800,24999412.00
2023/12/14,22.37,22.48,22.04,22.16,1344500,29923490.00
2023/12/15,22.08,22.30,21.84,21.96,898000,19745772.00
2023/12/18,21.85,22.11,21.58,21.78,1185751,25902574.00
2023/12/19,21.78,22.28,21.69,22.14,1196200,26304536.00
2023/12/20,22.44,22.73,22.13,22.19,1232028,27613488.00
2023/12/21,22.19,22.20,21.40,22.14,1273600,27863150.00
2023/12/22,22.05,22.34,21.64,21.73,909100,19943232.00
2023/12/25,21.60,21.95,21.43,21.88,1456814,31692746.00
2023/12/26,22.34,22.34,21.21,21.42,1293500,27707950.00
2023/12/27,21.40,21.86,21.01,21.80,1397500,30124328.00
2023/12/28,21.79,22.30,21.40,22.18,1143800,25134948.00
2023/12/29,22.24,22.98,21.83,22.98,1593300,36196996.00
2024/01/02,22.97,23.10,22.73,22.92,1430600,32845032.00
2024/01/03,22.99,23.08,22.61,22.90,1291900,29495912.00
2024/01/04,22.90,22.90,22.52,22.65,1093200,24748340.00
2024/01/05,22.80,23.05,22.06,22.18,1125900,25260072.00
2024/01/08,22.15,22.31,21.66,21.66,1364500,29854296.00
2024/01/09,21.88,22.17,21.72,21.93,1399900,30758942.00
2024/01/10,21.83,21.94,21.27,21.53,1256700,27091782.00
2024/01/11,21.46,21.92,21.31,21.85,954300,20677548.00
2024/01/12,21.95,22.06,21.51,21.55,991200,21537020.00
2024/01/15,21.55,21.86,21.29,21.48,1171800,25270776.00
2024/01/16,21.75,21.75,21.02,21.32,967204,20602198.00
2024/01/17,21.15,21.65,20.61,20.72,985350,20791146.00
2024/01/18,20.58,20.68,19.64,20.40,1750214,35140568.00
2024/01/19,20.80,20.80,19.71,19.95,1838914,36853728.00
2024/01/22,19.95,20.20,18.59,18.74,1803900,34937888.00
2024/01/23,18.44,18.88,17.79,17.99,2128100,38409784.00
2024/01/24,18.35,18.41,17.30,18.00,2293900,40901872.00
2024/01/25,17.95,18.95,17.81,18.94,1822518,33642944.00
2024/01/26,19.43,19.43,18.62,18.66,1385100,26123608.00
2024/01/29,18.98,19.10,17.96,18.12,1321500,24223486.00
2024/01/30,17.84,18.24,17.11,17.16,1966300,34419704.00
2024/01/31,17.13,17.13,15.92,15.98,2089763,34274288.00
2024/02/01,15.96,16.22,15.30,15.85,2505800,39355344.00
2024/02/02,15.94,16.21,14.26,14.77,3151700,47909260.00
2024/02/05,14.75,14.75,12.00,12.76,4797269,61446908.00
2024/02/06,12.74,12.94,11.19,12.43,4907843,58912924.00
2024/02/07,12.50,12.51,10.95,11.30,5445159,62712392.00
2024/02/08,11.04,12.85,10.76,12.76,6068573,71895008.00
2024/02/19,12.83,14.14,12.83,13.94,4864404,66836152.00
2024/02/20,13.70,14.11,13.50,14.00,2450858,34082500.00
2024/02/21,13.95,15.15,13.72,14.54,2347744,34295768.00
2024/02/22,14.32,15.65,14.32,15.48,2168700,33072996.00
2024/02/23,15.48,16.40,15.32,16.27,2919731,46100724.00
2024/02/26,16.30,16.72,15.89,16.18,2588900,42196228.00
2024/02/27,16.15,16.96,16.00,16.96,2278646,37643656.00
2024/02/28,17.05,17.29,14.91,14.92,4439700,70978168.00
2024/02/29,15.00,15.71,14.81,15.70,2887000,44222124.00
2024/03/01,15.71,16.50,15.62,16.35,2921162,47121540.00
2024/03/04,16.60,16.68,15.78,16.23,2583062,41752084.00
2024/03/05,16.23,16.40,15.90,16.03,1973100,31880092.00
2024/03/06,16.01,16.17,15.55,15.95,1699400,26988000.00
2024/03/07,15.96,16.35,15.70,15.86,1637170,26290218.00
2024/03/08,15.99,16.29,15.76,16.21,1865000,29964116.00
2024/03/11,16.26,16.41,16.02,16.41,1666617,27050598.00
2024/03/12,16.32,16.73,16.32,16.71,1946600,32227292.00
2024/03/13,16.76,17.13,16.66,16.88,1724200,29060144.00
2024/03/14,16.86,16.98,16.25,16.49,1682500,27903152.00
2024/03/15,16.38,17.13,16.38,17.11,2144937,36135332.00
2024/03/18,17.24,17.75,16.94,17.75,2389514,41347024.00
2024/03/19,17.58,18.89,17.36,18.29,4615200,83221016.00
2024/03/20,18.48,19.27,17.98,18.89,7169100,133739960.00
2024/03/21,18.87,19.03,18.00,18.48,6329200,117566920.00
2024/03/22,18.88,22.18,18.73,22.18,11189147,228481120.00
2024/03/25,24.48,26.17,22.52,23.37,22049978,542048384.00
2024/03/26,22.68,27.60,22.68,26.08,22796356,575412416.00
2024/03/27,23.50,24.50,21.55,21.87,16469545,377110976.00
2024/03/28,21.68,23.82,20.87,23.38,15919992,361079488.00
2024/03/29,23.01,23.49,22.00,22.72,13592835,308370688.00
2024/04/01,22.60,22.60,21.51,22.28,12437879,272906496.00
2024/04/02,22.16,23.56,22.02,23.28,15280911,349731776.00
2024/04/03,22.05,22.35,20.21,20.62,11036956,232508320.00
2024/04/08,20.50,20.84,19.39,19.48,8773180,173822368.00
2024/04/09,19.63,20.30,19.48,19.96,6746160,134012448.00
2024/04/10,19.96,20.21,18.85,19.28,8042364,155868288.00
2024/04/11,19.18,19.85,19.04,19.17,5323600,103480192.00
2024/04/12,19.20,21.07,19.20,19.94,9342162,188280720.00
2024/04/15,19.36,19.88,17.98,18.29,8515500,159298384.00
2024/04/16,17.75,18.07,16.02,16.51,7645372,128495568.00
2024/04/17,17.00,18.50,17.00,18.40,6418096,115136136.00
2024/04/18,18.27,19.63,17.82,18.78,9315032,175304176.00
2024/04/19,18.55,19.00,18.35,18.73,5925662,110423360.00
2024/04/22,18.35,18.69,17.62,17.76,4654100,83419448.00
2024/04/23,17.99,18.34,17.80,18.08,4521600,82036736.00
2024/04/24,18.06,21.70,18.06,21.70,10632500,217481056.00
2024/04/25,22.54,25.50,21.88,24.75,24943012,584437760.00
2024/04/26,23.75,25.50,23.37,24.56,23077918,562226560.00
2024/04/29,24.24,25.33,24.10,24.58,16076004,394776448.00
2024/04/30,24.11,24.91,23.39,23.43,11213153,268182000.00
2024/05/06,23.50,23.98,23.19,23.43,8743400,205796464.00
2024/05/07,23.55,24.32,23.36,23.66,9936039,236455808.00
2024/05/08,23.03,23.50,22.50,22.90,7000696,160457600.00
2024/05/09,22.99,23.42,22.60,23.38,6795627,157489232.00
2024/05/10,24.84,24.85,22.14,22.18,11923220,279482624.00
2024/05/13,21.99,24.84,21.36,22.73,13760335,318687136.00
2024/05/14,22.92,27.28,22.84,25.97,27255176,689712704.00
2024/05/15,25.02,25.57,24.26,25.00,18217706,453397760.00
2024/05/16,25.80,28.85,25.56,27.38,25863191,691857536.00
2024/05/17,27.03,32.86,26.64,32.86,24970105,743187456.00
2024/05/20,33.28,37.82,32.86,35.51,31130361,1088268800.00
2024/05/21,33.94,35.00,32.56,33.62,22395655,753334272.00
2024/05/22,32.60,40.34,32.44,40.12,32599292,1181187584.00
2024/05/23,38.52,39.93,36.88,37.66,25849858,984104704.00
2024/05/24,36.99,39.73,33.60,35.38,27921386,1012139328.00
2024/05/27,35.65,37.98,34.02,37.35,24135711,876982400.00
2024/05/28,35.50,35.80,33.20,33.25,21214527,731109248.00
2024/05/29,32.91,33.99,30.78,31.41,20140455,640409152.00
2024/05/30,31.09,31.80,29.91,30.40,14784910,452404448.00
2024/05/31,29.84,31.98,29.84,30.40,17844154,553019328.00
2024/06/03,30.20,35.15,30.20,34.30,26872127,879782592.00
2024/06/04,32.91,33.45,31.22,31.59,18771250,602550400.00
2024/06/05,30.92,32.68,29.71,30.34,16589706,509380640.00
2024/06/06,30.59,30.98,28.00,28.42,16012371,470428320.00
2024/06/07,28.29,28.48,27.09,27.90,12340455,342513152.00
2024/06/11,27.78,28.21,26.72,28.00,8356500,230688176.00
2024/06/12,27.85,30.10,27.85,29.57,16576757,480660544.00
2024/06/13,29.39,29.65,28.13,28.27,12913418,372321728.00
2024/06/14,28.51,29.28,28.07,29.12,12886412,372798240.00
2024/06/17,29.30,30.50,28.90,29.12,12516113,368831936.00
2024/06/18,29.00,30.45,29.00,30.36,15950930,476988576.00
2024/06/19,30.00,31.01,29.51,29.84,15483239,465431808.00
2024/06/20,29.35,29.37,27.44,27.50,12901115,363508064.00
2024/06/21,27.48,28.35,26.71,27.56,7812592,215756272.00
2024/06/24,27.48,27.62,26.02,26.17,7784114,207667104.00
2024/06/25,26.50,26.50,25.19,25.47,6432913,165100288.00
2024/06/26,25.60,26.31,24.86,26.18,6785942,173509536.00
2024/06/27,25.72,26.63,25.50,25.59,6667019,174034016.00
2024/06/28,25.44,28.27,25.40,26.88,14028602,381667968.00
2024/07/01,26.47,27.50,26.15,27.13,10418128,280087200.00
2024/07/02,27.00,27.41,26.35,26.50,7112165,190788176.00
2024/07/03,26.51,26.58,25.51,25.72,5797150,149393504.00
2024/07/04,25.80,26.38,25.03,25.03,7120714,182235840.00
2024/07/05,25.24,25.95,24.37,25.42,7389421,185230192.00
2024/07/08,25.24,26.41,24.76,25.63,8439275,217999136.00
2024/07/09,25.75,30.76,25.73,30.76,22409575,637271872.00
2024/07/10,31.59,32.65,31.00,31.31,26586082,842635264.00
2024/07/11,31.15,31.79,30.39,31.65,19950215,620618880.00
2024/07/12,30.51,31.10,30.21,30.85,12332612,379094432.00
2024/07/15,30.71,30.84,29.71,29.91,8634508,259193376.00
2024/07/16,30.12,31.55,29.80,31.09,16700375,515201280.00
2024/07/17,30.02,30.52,28.39,28.50,14403512,420980256.00
2024/07/18,27.67,28.28,26.18,27.35,11380900,306381152.00
2024/07/19,27.40,27.72,26.79,27.15,7744723,211217904.00
2024/07/22,27.08,28.43,26.53,28.20,12236700,338829792.00
2024/07/23,28.40,29.46,27.98,28.06,14058563,403507680.00
2024/07/24,27.49,31.49,27.20,29.95,19754419,593615872.00
2024/07/25,28.00,28.61,27.10,27.98,14166023,393800960.00
2024/07/26,27.71,29.82,27.57,29.27,15590745,451699168.00
2024/07/29,28.70,31.48,28.49,30.83,18089219,546337088.00
2024/07/30,30.21,36.00,30.20,32.90,25809651,848127680.00
2024/07/31,31.90,33.26,31.61,32.66,20880421,676598720.00
2024/08/01,32.99,33.66,31.82,32.09,13924043,450849024.00
2024/08/02,30.55,31.99,30.50,30.80,12488337,389373024.00
2024/08/05,28.81,28.88,26.35,26.45,16670388,455533344.00
2024/08/06,27.02,27.40,26.24,26.76,9576400,256110368.00
2024/08/07,26.56,27.49,26.00,26.26,9943300,266178672.00
2024/08/08,25.47,25.98,25.14,25.79,7189707,183953536.00
2024/08/09,26.00,27.00,25.99,26.66,8879871,236088000.00
2024/08/12,26.21,26.30,25.00,25.21,7438616,189719616.00
2024/08/13,25.25,27.20,25.25,26.54,9458271,248173264.00
2024/08/14,26.76,26.95,26.06,26.16,7678647,202906976.00
2024/08/15,25.65,26.80,25.51,26.45,7890947,207495360.00
2024/08/16,26.80,27.45,26.50,26.50,9785459,263202656.00
2024/08/19,26.00,26.09,24.47,24.92,8556756,214281312.00
2024/08/20,24.83,25.08,24.27,24.39,5503145,135522576.00
2024/08/21,24.00,24.90,24.00,24.61,4358335,107026256.00
2024/08/22,24.56,25.24,23.74,24.16,6627200,161506208.00
2024/08/23,24.05,24.16,23.58,23.73,4268300,101781560.00
2024/08/26,23.78,24.29,23.50,24.11,4289800,102842536.00
2024/08/27,23.90,23.90,23.20,23.27,3882371,91156752.00
2024/08/28,22.90,23.98,22.90,23.30,3246395,76439448.00
2024/08/29,22.80,23.89,22.74,23.78,3761899,88604520.00
2024/08/30,24.18,25.15,24.00,24.62,7010987,172883504.00
2024/09/02,24.46,24.88,24.05,24.28,5621716,137311872.00
2024/09/03,24.28,24.59,23.83,24.50,4925400,119514520.00
2024/09/04,24.07,24.08,23.48,23.84,4548946,108278064.00
2024/09/05,23.55,24.08,23.55,23.68,3094600,73572960.00
2024/09/06,23.71,23.78,23.14,23.16,3420800,79946872.00
2024/09/09,23.09,23.43,22.91,23.24,2226211,51593956.00
2024/09/10,23.24,23.45,22.72,23.39,3018000,69847664.00
2024/09/11,23.27,23.54,22.91,23.00,3119700,72324840.00
2024/09/12,23.30,23.67,22.52,22.52,4170309,95852032.00
2024/09/13,22.47,22.98,22.11,22.12,3673561,82549904.00
2024/09/18,22.18,22.29,21.54,21.82,2908423,63463488.00
2024/09/19,22.02,22.19,21.74,21.84,3728016,81721216.00
2024/09/20,21.87,22.07,21.56,21.65,3401170,74199616.00
2024/09/23,21.65,22.50,21.51,22.16,5007600,111338760.00
2024/09/24,22.24,23.00,21.78,23.00,5801300,130626224.00
2024/09/25,23.25,24.49,23.01,23.48,7661646,182179520.00
2024/09/26,23.30,24.18,23.25,24.18,6050600,143986448.00
2024/09/27,24.55,25.93,24.11,25.28,9964000,248568912.00
2024/09/30,26.35,29.44,25.66,29.05,14199845,390896096.00
2024/10/08,34.79,34.81,30.00,34.81,18412247,602709952.00
2024/10/09,32.11,35.48,29.78,31.57,18128904,587134144.00
2024/10/10,31.27,32.00,29.50,30.10,9783794,296645728.00
2024/10/11,30.01,30.15,27.15,27.54,7966214,225664288.00
2024/10/14,27.55,29.50,27.55,29.40,9666085,277451392.00
2024/10/15,28.95,31.32,28.94,30.20,15174203,462508544.00
2024/10/16,28.60,29.23,28.01,28.47,9366690,268137232.00
2024/10/17,28.81,30.59,28.63,29.69,12434076,370183168.00
2024/10/18,29.30,32.42,29.10,31.50,19255410,606922048.00
2024/10/21,32.12,34.00,31.88,33.05,21621377,714604736.00
2024/10/22,33.00,33.95,31.78,32.12,16113013,524808512.00
2024/10/23,31.80,32.42,31.00,31.27,11759090,374703584.00
2024/10/24,30.96,31.71,30.63,31.17,6480669,201650784.00
2024/10/25,31.40,31.80,30.90,31.18,7386071,231251904.00
2024/10/28,31.50,33.18,31.05,33.00,12909865,418247872.00
2024/10/29,33.19,33.19,31.20,31.25,10211689,326147200.00
2024/10/30,31.01,32.95,30.80,32.27,10967745,353376224.00
2024/10/31,32.80,33.50,31.41,32.72,13410006,440318624.00
2024/11/01,32.70,33.00,29.82,29.90,12431841,382598336.00
2024/11/04,29.50,30.86,29.49,30.63,5830384,177778560.00
2024/11/05,30.40,31.65,30.31,31.20,7311167,226858544.00
2024/11/06,31.58,32.65,30.88,31.15,9143735,290378240.00
2024/11/07,30.20,30.96,30.10,30.76,8192442,249511392.00
2024/11/08,30.55,33.50,30.55,32.82,17132465,555726336.00
2024/11/11,32.36,34.73,32.36,34.53,20721368,705453248.00
2024/11/12,34.16,35.40,33.03,33.77,16094132,542973184.00
2024/11/13,33.54,34.10,32.01,33.70,11364352,376392064.00
2024/11/14,33.68,34.70,32.50,32.73,11347469,382583616.00
2024/11/15,32.60,32.98,30.61,30.71,9915789,316822848.00
2024/11/18,30.60,31.15,28.65,29.13,7943895,233829408.00
2024/11/19,29.30,31.19,29.24,31.18,7324285,220666272.00
2024/11/20,30.98,31.95,30.70,31.44,6615804,208183360.00
2024/11/21,31.00,31.28,30.10,30.78,5947883,182703360.00
2024/11/22,30.75,31.35,29.02,29.05,6061856,182573136.00
数据来源:通达信
