301327 华宝新能 日线 不复权
      日期	    开盘	    最高	    最低	    收盘	    成交量	    成交额
2022/09/19,235.11,248.00,208.99,210.50,8425291,1905895552.00
2022/09/20,209.10,237.51,209.10,231.58,6205522,1396197376.00
2022/09/21,225.00,227.35,204.00,207.00,4271690,916261888.00
2022/09/22,199.98,227.50,197.90,222.00,5052736,1088748928.00
2022/09/23,219.95,235.18,218.44,230.67,3707522,847037184.00
2022/09/26,234.95,242.05,230.77,232.22,3587087,848459456.00
2022/09/27,229.00,248.08,228.99,237.30,3825626,921304768.00
2022/09/28,237.00,241.18,231.21,233.00,2722135,643707776.00
2022/09/29,236.00,241.00,212.16,220.29,3952121,885935296.00
2022/09/30,220.30,237.05,220.30,235.00,3379808,781232640.00
2022/10/10,229.00,240.39,225.00,236.30,2438895,574583232.00
2022/10/11,236.61,244.21,232.60,236.64,2111695,503331456.00
2022/10/12,234.80,242.78,223.91,240.85,2785001,658749888.00
2022/10/13,242.00,279.90,242.00,279.00,4164112,1111472640.00
2022/10/14,280.05,284.99,268.41,275.51,2122126,587793792.00
2022/10/17,279.22,279.58,258.86,272.00,2297450,616234048.00
2022/10/18,270.00,286.50,266.00,276.67,2023234,560562176.00
2022/10/19,273.01,278.88,266.38,268.50,1302022,353673920.00
2022/10/20,267.50,272.00,257.00,262.60,1740592,455610144.00
2022/10/21,260.32,265.83,254.39,263.30,984611,256421536.00
2022/10/24,260.00,270.94,253.38,265.70,1375875,361946624.00
2022/10/25,262.50,286.10,257.80,277.91,2039897,555762624.00
2022/10/26,274.00,283.50,268.48,273.00,1231027,338335712.00
2022/10/27,271.00,276.00,243.33,245.27,1676442,432338848.00
2022/10/28,235.02,246.60,228.02,240.06,1963680,465199680.00
2022/10/31,239.43,253.35,230.07,245.50,1441930,349824896.00
2022/11/01,244.44,249.98,239.80,246.09,850591,207684272.00
2022/11/02,245.57,246.80,228.00,235.69,2506833,587291200.00
2022/11/03,230.00,245.30,225.88,243.50,1854255,441866912.00
2022/11/04,241.51,249.50,240.22,243.34,1254396,306870656.00
2022/11/07,240.00,253.12,239.50,248.50,1115206,276920480.00
2022/11/08,251.62,251.62,235.68,240.05,1086536,261343936.00
2022/11/09,238.05,243.19,231.74,232.10,1055100,248486384.00
2022/11/10,231.98,234.00,224.28,225.42,910891,208124496.00
2022/11/11,230.03,235.50,223.00,223.20,1079843,247553136.00
2022/11/14,221.00,224.98,209.98,215.97,2020426,433683584.00
2022/11/15,215.00,222.78,214.65,222.68,1040589,228136896.00
2022/11/16,222.00,222.98,213.27,217.81,1103394,240207536.00
2022/11/17,218.21,218.65,210.50,214.71,949922,202380160.00
2022/11/18,213.50,223.78,212.39,214.05,1244010,270599712.00
2022/11/21,212.00,215.00,208.00,213.23,1029493,217843952.00
2022/11/22,212.01,216.00,207.52,209.13,771315,162125376.00
2022/11/23,207.99,225.03,201.50,224.12,2443931,527077664.00
2022/11/24,225.00,240.90,224.50,235.04,1844463,433315648.00
2022/11/25,232.69,235.70,225.00,226.48,824513,189561136.00
2022/11/28,218.18,232.22,218.00,226.98,703385,159845808.00
2022/11/29,226.99,227.70,211.90,213.27,1750832,379134688.00
2022/11/30,212.97,215.88,210.10,214.53,861506,184191536.00
2022/12/01,214.70,221.16,214.70,216.42,793040,172168496.00
2022/12/02,215.50,226.26,215.01,222.48,966339,215056048.00
2022/12/05,221.01,225.97,213.28,222.50,884954,194694704.00
2022/12/06,220.01,230.50,220.01,228.58,712968,161763504.00
2022/12/07,229.00,235.74,225.19,227.14,843751,194296864.00
2022/12/08,228.00,232.59,224.00,227.70,366962,83779640.00
2022/12/09,225.60,230.00,220.00,226.36,492281,110962664.00
2022/12/12,225.60,225.88,215.77,216.80,792207,172893216.00
2022/12/13,216.80,217.88,210.51,211.51,587896,125211992.00
2022/12/14,210.30,212.77,205.98,208.09,733900,153135472.00
2022/12/15,207.97,209.50,205.20,209.05,749983,155297008.00
2022/12/16,206.08,207.58,201.88,202.58,491150,100083360.00
2022/12/19,201.00,205.11,199.01,200.00,556503,112136944.00
2022/12/20,200.66,203.87,196.62,197.05,610402,121658184.00
2022/12/21,196.89,199.29,194.00,198.01,620519,121987168.00
2022/12/22,197.80,198.96,188.00,188.04,1116599,213357984.00
2022/12/23,187.99,191.28,184.52,185.61,432759,80996856.00
2022/12/26,187.10,196.55,186.18,195.89,588310,113575344.00
2022/12/27,195.90,199.48,194.00,198.98,560681,110414968.00
2022/12/28,197.30,197.30,189.25,190.05,814209,156753472.00
2022/12/29,190.04,192.66,187.70,188.01,682817,129524280.00
2022/12/30,188.90,191.88,187.30,188.25,647120,122473808.00
2023/01/03,186.48,198.87,186.48,198.71,785214,152118976.00
2023/01/04,198.71,198.71,193.00,193.87,553775,107982360.00
2023/01/05,193.86,200.98,193.01,197.98,638237,125950416.00
2023/01/06,198.97,206.35,198.88,203.09,961349,195879952.00
2023/01/09,204.00,207.67,199.06,202.65,690642,141496240.00
2023/01/10,202.71,204.00,199.65,201.50,438929,88464296.00
2023/01/11,200.56,201.76,196.02,196.18,412262,81885488.00
2023/01/12,196.31,199.81,193.31,193.60,371820,72830456.00
2023/01/13,193.88,194.97,186.60,187.59,688923,130058688.00
2023/01/16,187.59,189.49,185.61,188.50,1061209,199051600.00
2023/01/17,189.00,192.50,186.50,191.25,1259801,238728320.00
2023/01/18,191.99,195.55,189.22,194.20,863407,165709488.00
2023/01/19,192.97,192.97,188.32,189.30,1098245,208209856.00
2023/01/20,189.03,190.60,188.15,189.11,659204,124592720.00
2023/01/30,192.00,195.56,190.89,193.78,1339004,258440496.00
2023/01/31,193.00,193.09,186.50,188.78,1349472,254287840.00
2023/02/01,188.59,193.50,188.30,192.88,985881,188928880.00
2023/02/02,192.48,192.95,190.85,192.04,656221,125814048.00
2023/02/03,192.50,193.98,186.62,191.87,1028819,195747840.00
2023/02/06,191.70,191.70,187.00,188.10,725786,136656896.00
2023/02/07,187.20,188.89,186.70,188.25,423474,79447440.00
2023/02/08,188.40,189.32,186.36,186.76,724857,136281200.00
2023/02/09,186.02,186.40,180.00,182.00,1970118,357648800.00
2023/02/10,182.00,182.00,178.35,178.59,1369992,246474592.00
2023/02/13,178.58,182.47,178.58,182.29,1359047,245459088.00
2023/02/14,182.98,183.30,180.70,181.78,680472,123803056.00
2023/02/15,181.85,182.88,178.87,180.09,767888,138444752.00
2023/02/16,180.10,182.86,176.91,177.88,1051485,189666640.00
2023/02/17,177.60,178.49,172.76,173.54,1277667,223075488.00
2023/02/20,172.92,174.90,171.40,174.80,659209,114460696.00
2023/02/21,174.90,176.36,174.05,175.53,560423,98154272.00
2023/02/22,174.87,178.39,174.20,176.40,706551,124989224.00
2023/02/23,176.41,177.44,174.18,174.52,613718,107623568.00
2023/02/24,175.01,175.73,173.78,174.27,436024,76112968.00
2023/02/27,174.27,177.72,172.60,174.88,740358,130082520.00
2023/02/28,174.00,174.79,171.78,173.41,789264,136477008.00
2023/03/01,173.49,173.49,172.09,172.50,680295,117333928.00
2023/03/02,172.50,173.25,168.16,168.58,1145921,195117776.00
2023/03/03,168.46,169.35,167.91,168.32,543288,91519728.00
2023/03/06,168.67,170.30,165.99,170.26,842541,142167072.00
2023/03/07,170.26,170.27,165.50,165.70,667762,111987584.00
2023/03/08,165.98,166.90,164.81,165.59,500781,82839736.00
2023/03/09,165.15,165.90,161.61,161.85,1020711,165971280.00
2023/03/10,160.22,160.76,155.85,156.00,1177137,185493984.00
2023/03/13,155.01,156.24,151.68,153.36,1009359,154890608.00
2023/03/14,152.80,153.30,143.88,148.10,1863730,275180672.00
2023/03/15,148.17,149.85,147.13,147.93,757870,112505416.00
2023/03/16,147.42,147.93,142.08,144.88,1148420,166555952.00
2023/03/17,145.61,146.66,142.38,142.38,918376,132312096.00
2023/03/20,142.66,144.45,137.00,141.98,1682155,236587008.00
2023/03/21,141.97,143.77,140.01,143.77,1119062,158848544.00
2023/03/22,143.88,146.40,142.90,143.18,1268777,183131440.00
2023/03/23,142.41,144.96,141.56,143.46,975858,139777024.00
2023/03/24,143.53,150.24,143.41,149.14,2168015,319753376.00
2023/03/27,149.58,152.55,148.11,149.05,1679005,252460736.00
2023/03/28,148.41,151.20,146.69,146.80,1028829,152982080.00
2023/03/29,147.65,149.39,145.20,145.36,875377,128293944.00
2023/03/30,145.98,148.00,144.44,146.66,657242,96132056.00
2023/03/31,146.11,148.00,145.13,146.66,580496,85131888.00
2023/04/03,146.55,146.88,144.17,145.09,893855,129746952.00
2023/04/04,145.40,145.40,139.06,139.44,1436164,202635776.00
2023/04/06,139.45,143.11,138.41,142.57,814011,114939584.00
2023/04/07,142.00,145.90,142.00,143.29,834543,120149200.00
2023/04/10,144.20,149.11,144.00,149.00,1577493,232255136.00
2023/04/11,148.50,148.60,144.81,145.91,1337820,195328304.00
2023/04/12,145.70,146.92,143.70,146.74,949113,137816560.00
2023/04/13,146.01,148.28,144.00,144.00,927223,135003760.00
2023/04/14,143.88,148.86,143.43,147.93,1331511,195482816.00
2023/04/17,145.06,148.73,144.13,145.97,1212138,177414224.00
2023/04/18,145.94,154.58,145.94,153.51,2273460,345968288.00
2023/04/19,152.50,152.86,149.70,151.00,1473258,222351728.00
2023/04/20,151.00,151.35,143.91,144.49,1591260,232753728.00
2023/04/21,144.90,147.00,143.00,143.48,868500,126067504.00
2023/04/24,143.78,144.06,132.81,133.86,1585628,214914448.00
2023/04/25,135.04,135.04,122.91,123.56,1809380,229024128.00
2023/04/26,104.39,114.66,104.39,108.40,3630658,397374624.00
2023/04/27,108.38,108.82,105.78,106.00,1794841,191723312.00
2023/04/28,106.00,107.06,105.00,106.10,1387527,147256896.00
2023/05/04,106.51,107.82,105.89,106.14,1026148,109566784.00
2023/05/05,107.30,107.73,103.65,103.78,1161029,121267216.00
2023/05/08,104.71,105.39,103.69,104.35,752386,78682272.00
2023/05/09,104.12,104.35,101.81,101.85,1081938,111040960.00
2023/05/10,100.87,103.56,100.50,102.96,877270,89810120.00
2023/05/11,102.98,106.44,102.50,104.20,1149030,120002376.00
2023/05/12,104.04,105.47,102.60,102.85,706778,73095928.00
2023/05/15,102.99,106.95,102.87,106.69,1190367,125967416.00
2023/05/16,105.79,106.98,105.00,105.30,672038,71015640.00
2023/05/17,105.00,106.50,104.50,106.24,582332,61566696.00
2023/05/18,106.26,106.63,105.20,105.94,503071,53220820.00
2023/05/19,105.92,106.79,104.61,106.52,552926,58694872.00
2023/05/22,107.63,108.53,106.00,108.07,683071,73412304.00
2023/05/23,108.48,111.39,107.61,108.50,887650,97071672.00
2023/05/24,107.90,111.36,107.58,108.93,1073574,117585776.00
2023/05/25,109.00,110.61,107.63,108.70,803766,87674112.00
2023/05/26,82.00,82.41,80.23,81.22,926903,74959976.00
2023/05/29,81.37,82.10,79.70,80.30,873631,70316552.00
2023/05/30,80.00,81.10,79.53,80.50,668375,53620588.00
2023/05/31,80.99,80.99,78.41,78.57,1019321,80625080.00
2023/06/01,78.99,81.22,78.50,79.86,1127256,90211584.00
2023/06/02,79.90,83.15,79.52,82.29,1388704,114059952.00
2023/06/05,81.98,82.52,80.25,80.29,966158,78180768.00
2023/06/06,80.55,80.85,77.60,77.88,920696,72430856.00
2023/06/07,78.18,78.18,76.30,76.89,664345,51043608.00
2023/06/08,76.90,78.29,76.09,76.12,700659,53815000.00
2023/06/09,76.21,79.10,76.12,78.97,1517031,118254864.00
2023/06/12,79.29,80.25,77.61,79.53,753155,59458208.00
2023/06/13,79.95,80.70,78.42,78.53,646149,51040596.00
2023/06/14,78.75,78.99,77.00,77.03,658079,50995052.00
2023/06/15,77.00,79.33,76.21,79.22,1235584,96834936.00
2023/06/16,79.50,80.30,78.57,79.76,1028150,81621968.00
2023/06/19,79.49,80.60,78.92,79.07,871591,69313416.00
2023/06/20,79.08,79.42,78.01,78.69,678848,53446120.00
2023/06/21,78.71,79.40,75.97,76.00,1102592,84971888.00
2023/06/26,75.50,75.98,73.10,74.65,1080052,80463320.00
2023/06/27,74.50,77.00,73.72,76.89,1085564,82531264.00
2023/06/28,77.12,77.50,74.95,75.58,750674,56983532.00
2023/06/29,76.55,81.86,76.00,77.88,2432488,193166288.00
2023/06/30,78.21,80.66,77.56,79.11,1677201,132991088.00
2023/07/03,80.04,81.36,78.93,79.25,1569722,125806104.00
2023/07/04,78.98,79.17,78.00,78.86,1061750,83449320.00
2023/07/05,78.80,79.49,77.73,78.04,783652,61446316.00
2023/07/06,77.73,78.17,76.90,77.00,696395,53807860.00
2023/07/07,76.97,76.97,75.55,75.55,738495,56096944.00
2023/07/10,75.57,78.94,75.21,77.40,1480998,115087176.00
2023/07/11,78.01,83.50,77.33,82.24,3637004,296278336.00
2023/07/12,82.07,82.33,80.51,81.49,1598131,130176320.00
2023/07/13,81.50,83.50,81.18,81.21,1272140,104206912.00
2023/07/14,81.04,81.41,79.70,79.92,969402,77824992.00
2023/07/17,80.12,81.00,78.81,79.19,1006284,80024640.00
2023/07/18,79.19,81.57,78.61,79.82,950922,75984960.00
2023/07/19,79.58,81.15,78.82,79.01,767973,60983804.00
2023/07/20,78.97,79.70,78.08,78.11,672185,53045380.00
2023/07/21,78.10,83.00,77.81,81.18,2385648,193402336.00
2023/07/24,81.05,82.34,77.37,80.65,2373891,188610864.00
2023/07/25,80.81,81.40,79.41,80.74,1442800,116037800.00
2023/07/26,81.00,82.28,80.01,80.13,1201731,97428696.00
2023/07/27,79.91,80.83,78.56,78.73,1066750,84756712.00
2023/07/28,78.69,79.41,77.60,79.30,916461,72062840.00
2023/07/31,79.18,84.88,78.83,83.22,3139991,260716320.00
2023/08/01,82.82,83.22,81.65,82.05,1421662,116887960.00
2023/08/02,82.13,83.75,81.76,82.02,1094601,90375808.00
2023/08/03,81.66,82.47,80.80,81.89,1000206,81570936.00
2023/08/04,81.89,82.71,81.27,81.53,1167050,95564456.00
2023/08/07,81.72,81.72,79.65,80.55,937192,75249496.00
2023/08/08,80.28,80.59,78.85,79.64,841460,66862748.00
2023/08/09,79.50,81.20,79.13,80.30,925840,74311312.00
2023/08/10,80.30,81.49,79.50,79.67,918040,73665768.00
2023/08/11,79.55,80.05,77.01,77.05,1271000,99351160.00
2023/08/14,76.79,77.48,75.10,76.87,910161,69055136.00
2023/08/15,76.87,76.97,75.52,76.16,523179,39843548.00
2023/08/16,76.10,76.80,75.26,75.28,546649,41478280.00
2023/08/17,75.02,75.69,74.15,75.16,734312,55067476.00
2023/08/18,75.15,77.56,75.13,75.95,1142116,87346072.00
2023/08/21,74.00,74.00,68.66,68.72,2134694,150224384.00
2023/08/22,69.40,69.77,65.61,67.60,1542815,103860232.00
2023/08/23,67.24,67.25,64.84,64.89,1178035,77484256.00
2023/08/24,65.00,65.80,63.60,64.64,842507,54677296.00
2023/08/25,64.25,64.80,63.02,63.15,946925,60360904.00
2023/08/28,69.85,69.85,63.26,63.53,1179077,77265280.00
2023/08/29,63.20,66.14,63.20,66.10,1489183,97152192.00
2023/08/30,65.92,66.78,65.61,66.36,1033140,68477488.00
2023/08/31,66.10,66.18,65.24,65.73,551756,36237196.00
2023/09/01,65.73,66.19,64.95,65.88,497640,32641976.00
2023/09/04,65.75,67.18,65.55,67.16,888499,59172216.00
2023/09/05,67.00,67.49,66.50,66.86,587704,39336348.00
2023/09/06,66.50,67.70,66.26,67.48,635639,42627252.00
2023/09/07,67.21,67.53,65.66,65.66,723490,48039668.00
2023/09/08,65.63,66.02,65.05,65.15,423396,27671146.00
2023/09/11,65.60,67.23,64.72,66.76,791559,52523720.00
2023/09/12,66.80,67.35,66.20,66.71,517478,34492020.00
2023/09/13,66.38,66.76,65.06,65.97,591287,38897908.00
2023/09/14,65.60,66.22,64.48,64.93,430269,27986230.00
2023/09/15,65.14,66.19,64.18,65.38,560046,36459240.00
2023/09/18,65.00,66.57,64.37,65.57,622624,40953764.00
2023/09/19,65.30,65.86,64.69,65.68,613545,40003100.00
2023/09/20,65.68,66.13,64.43,64.43,484819,31534686.00
2023/09/21,64.43,64.80,63.90,63.99,385265,24744864.00
2023/09/22,64.18,66.05,63.70,65.81,739322,48191280.00
2023/09/25,65.70,67.80,65.56,66.96,1092926,72951608.00
2023/09/26,66.72,67.32,66.11,66.17,489950,32565240.00
2023/09/27,66.25,67.45,65.89,66.00,930821,61848928.00
2023/09/28,66.14,66.82,65.89,65.99,501704,33185946.00
2023/10/09,65.99,66.35,65.20,65.45,470681,30950038.00
2023/10/10,65.54,66.46,65.28,65.41,476608,31343022.00
2023/10/11,65.63,66.33,65.33,65.39,490423,32242638.00
2023/10/12,65.41,66.66,65.30,66.45,827705,54731620.00
2023/10/13,66.21,66.21,64.55,65.25,792207,51660028.00
2023/10/16,65.50,67.13,64.07,64.29,968230,63163940.00
2023/10/17,63.86,64.49,63.26,63.40,644488,41008552.00
2023/10/18,63.35,63.35,61.46,61.46,619565,38413556.00
2023/10/19,61.36,62.10,60.80,61.12,434486,26643120.00
2023/10/20,60.86,62.25,60.81,61.07,572964,35270236.00
2023/10/23,61.03,61.06,58.05,58.25,803497,47603440.00
2023/10/24,58.62,59.86,58.00,59.78,823586,48765800.00
2023/10/25,60.00,60.84,59.22,59.49,712000,42628156.00
2023/10/26,58.91,59.50,57.62,59.14,627426,36638256.00
2023/10/27,58.42,62.92,58.42,62.26,1526947,93525584.00
2023/10/30,62.00,63.10,61.86,62.41,693347,43316912.00
2023/10/31,63.00,63.00,61.63,62.32,562879,35098256.00
2023/11/01,62.32,62.82,61.68,62.52,377163,23505530.00
2023/11/02,62.32,62.94,61.41,61.43,473650,29266382.00
2023/11/03,61.44,63.58,61.44,63.17,910720,57347048.00
2023/11/06,63.10,65.36,63.10,65.09,834597,54066608.00
2023/11/07,65.41,65.96,64.51,65.69,715908,46798776.00
2023/11/08,65.80,66.88,65.33,66.47,723195,47906280.00
2023/11/09,66.50,67.62,66.13,66.91,889673,59671656.00
2023/11/10,66.80,67.80,65.83,67.45,940375,63092560.00
2023/11/13,67.40,67.85,66.81,67.72,663303,44685052.00
2023/11/14,67.65,68.63,67.27,68.24,707057,48143180.00
2023/11/15,68.62,69.58,68.31,69.21,862747,59667972.00
2023/11/16,68.71,68.96,67.60,67.60,669769,45630928.00
2023/11/17,67.29,68.50,67.14,68.01,511564,34751648.00
2023/11/20,68.69,69.41,67.42,69.13,674351,46270396.00
2023/11/21,69.13,72.98,69.13,70.98,1977545,141587696.00
2023/11/22,70.19,70.50,69.00,69.06,1014330,70720408.00
2023/11/23,68.71,69.37,68.60,68.88,409180,28213730.00
2023/11/24,68.60,69.41,67.52,67.66,549350,37256684.00
2023/11/27,67.52,67.70,66.32,66.92,524892,35060308.00
2023/11/28,68.00,70.50,66.82,69.63,1076219,74561120.00
2023/11/29,69.40,69.81,68.75,68.92,431784,29833684.00
2023/11/30,68.71,69.36,66.84,67.20,433700,29348442.00
2023/12/01,66.88,67.65,66.60,67.07,361318,24207542.00
2023/12/04,67.06,67.60,66.40,66.66,427477,28561566.00
2023/12/05,66.61,67.33,65.71,65.71,357520,23732004.00
2023/12/06,65.71,68.26,65.71,67.35,645144,43547948.00
2023/12/07,67.36,67.97,65.43,66.40,458283,30301564.00
2023/12/08,66.40,66.89,65.60,65.71,300477,19882672.00
2023/12/11,65.64,67.08,64.72,66.93,379065,25016210.00
2023/12/12,66.81,67.28,66.34,67.00,259783,17321720.00
2023/12/13,66.55,67.15,65.78,66.21,262792,17383548.00
2023/12/14,66.39,67.49,65.92,66.13,290040,19342268.00
2023/12/15,67.00,67.25,65.51,65.60,327670,21775108.00
2023/12/18,65.13,65.60,63.63,63.82,430640,27764222.00
2023/12/19,64.14,65.13,63.66,64.42,366725,23598080.00
2023/12/20,64.47,65.15,63.81,63.82,247940,15931367.00
2023/12/21,63.50,66.99,63.30,66.35,812809,53105340.00
2023/12/22,68.00,78.20,65.80,75.29,3819486,277165088.00
2023/12/25,73.20,78.17,72.70,74.56,2696338,203034896.00
2023/12/26,73.80,76.50,72.86,76.00,2075840,154566336.00
2023/12/27,74.91,75.50,72.82,74.10,1621016,119521216.00
2023/12/28,74.46,79.70,73.40,77.80,2829235,218576752.00
2023/12/29,77.31,77.50,75.11,76.40,1606975,122263968.00
2024/01/02,75.54,75.70,74.21,74.35,1141253,85147768.00
2024/01/03,74.00,75.48,73.66,74.95,995690,74241432.00
2024/01/04,74.72,74.80,71.60,72.93,1192390,86605856.00
2024/01/05,73.00,74.00,70.81,71.39,785258,56763076.00
2024/01/08,70.90,71.89,68.72,69.06,626931,43928452.00
2024/01/09,68.99,70.40,67.50,70.31,971097,67344136.00
2024/01/10,69.98,74.25,69.11,73.00,1484942,107662656.00
2024/01/11,72.51,77.27,71.87,75.98,1805321,135707168.00
2024/01/12,75.45,76.76,74.85,75.13,1051226,79560800.00
2024/01/15,74.91,75.43,73.11,73.60,754311,55695936.00
2024/01/16,73.68,74.48,72.00,73.37,683519,49972040.00
2024/01/17,72.99,73.68,71.05,71.10,392868,28262176.00
2024/01/18,71.00,71.46,68.60,70.58,814325,56966700.00
2024/01/19,70.60,72.10,65.81,66.01,1172573,79804832.00
2024/01/22,65.51,65.55,60.00,60.85,1068814,67536736.00
2024/01/23,60.78,62.46,58.91,59.75,1203675,72369864.00
2024/01/24,59.99,60.37,58.51,59.84,1085574,64339392.00
2024/01/25,59.83,61.16,58.81,61.09,752929,45360496.00
2024/01/26,61.09,61.75,60.13,60.20,525728,31864106.00
2024/01/29,60.33,60.59,58.06,58.63,709393,42026024.00
2024/01/30,58.41,58.90,57.20,57.41,458034,26614476.00
2024/01/31,57.00,57.68,55.00,55.00,859791,48249652.00
2024/02/01,55.00,55.00,52.20,52.74,766225,40761112.00
2024/02/02,52.88,53.52,49.58,52.35,1278926,65978384.00
2024/02/05,51.79,53.36,48.01,51.35,1048454,53210280.00
2024/02/06,49.13,55.36,49.13,54.20,1076387,57099528.00
2024/02/07,53.89,57.98,53.88,55.61,803237,45307628.00
2024/02/08,55.66,58.67,55.30,57.65,826797,47685956.00
2024/02/19,57.61,58.52,55.86,56.68,729669,41315896.00
2024/02/20,55.97,56.80,55.20,55.96,514363,28647712.00
2024/02/21,55.34,58.38,55.33,56.64,618015,35228196.00
2024/02/22,56.47,57.52,56.12,56.80,564174,31970330.00
2024/02/23,56.91,57.75,56.53,57.66,576775,32974908.00
2024/02/26,57.34,58.58,57.00,57.93,544840,31484636.00
2024/02/27,57.50,60.28,57.50,59.95,774238,45633700.00
2024/02/28,59.63,61.80,56.80,56.80,1181153,70635208.00
2024/02/29,56.80,58.58,56.21,58.22,658936,37994036.00
2024/03/01,58.07,59.00,57.27,58.65,590494,34436900.00
2024/03/04,58.60,59.05,56.76,57.98,634001,36640520.00
2024/03/05,57.12,58.14,56.06,57.60,1030698,58939656.00
2024/03/06,57.12,58.28,56.45,57.59,572066,32786690.00
2024/03/07,57.53,57.97,56.12,56.46,644442,36705896.00
2024/03/08,56.47,57.50,55.50,56.47,716900,40355508.00
2024/03/11,56.74,60.78,56.68,60.70,1698853,101110640.00
2024/03/12,60.48,60.60,59.21,59.83,758162,45339976.00
2024/03/13,59.18,60.50,58.88,59.00,846967,50315680.00
2024/03/14,58.65,59.50,57.50,58.25,875400,50938208.00
2024/03/15,58.06,58.69,57.29,58.69,662780,38463640.00
2024/03/18,58.69,59.15,58.02,58.85,937038,54769848.00
2024/03/19,58.92,60.20,58.43,59.80,1379555,82012048.00
2024/03/20,60.18,62.77,60.00,60.66,1233986,75468216.00
2024/03/21,61.00,61.86,59.66,61.30,1279674,77535120.00
2024/03/22,61.55,64.92,61.33,63.02,1912074,121295192.00
2024/03/25,62.01,64.10,60.19,63.04,1426967,88782096.00
2024/03/26,63.00,67.10,62.62,66.58,1842346,120001760.00
2024/03/27,65.65,65.65,61.12,61.25,1458690,92436664.00
2024/03/28,60.80,63.25,60.44,62.15,835746,51730548.00
2024/03/29,62.04,62.43,60.66,61.08,578473,35505892.00
2024/04/01,61.21,62.50,61.00,61.54,738233,45542624.00
2024/04/02,61.31,62.20,59.85,61.00,683255,41540548.00
2024/04/03,60.51,61.45,59.40,59.45,640721,38514876.00
2024/04/08,59.25,59.43,56.58,56.62,715042,41212904.00
2024/04/09,56.62,59.59,56.62,59.45,829780,48582560.00
2024/04/10,59.25,59.25,56.63,57.15,574306,33002742.00
2024/04/11,56.82,57.78,56.35,56.41,354804,20146108.00
2024/04/12,56.38,56.70,55.80,55.80,328298,18440090.00
2024/04/15,56.00,57.20,53.60,54.05,680949,37366716.00
2024/04/16,53.89,53.94,50.53,50.53,699622,36142420.00
2024/04/17,50.54,53.18,50.54,52.86,650251,34139324.00
2024/04/18,52.70,52.88,51.56,51.76,592224,30898668.00
2024/04/19,51.18,51.69,49.60,49.90,632108,31854262.00
2024/04/22,49.90,51.12,49.00,50.35,373993,18817946.00
2024/04/23,50.77,53.30,50.54,53.13,745671,38962768.00
2024/04/24,53.14,53.19,51.65,52.19,552494,28778058.00
2024/04/25,52.18,54.48,51.70,53.64,564265,30040930.00
2024/04/26,53.60,54.28,52.70,52.83,562460,30102478.00
2024/04/29,57.45,63.40,57.21,63.38,3549108,219260944.00
2024/04/30,61.70,64.49,61.50,62.66,2252355,142059808.00
2024/05/06,63.02,64.55,62.00,64.20,1632598,103394112.00
2024/05/07,64.17,65.10,63.22,65.09,999535,64382400.00
2024/05/08,64.42,65.80,63.91,63.92,792537,51187904.00
2024/05/09,64.60,69.68,64.60,68.26,2237841,151476304.00
2024/05/10,67.78,68.02,66.32,66.52,1162793,77917920.00
2024/05/13,65.61,66.57,64.70,64.88,755516,49348840.00
2024/05/14,64.90,65.55,64.21,65.13,524555,34131208.00
2024/05/15,65.30,67.76,64.95,65.05,1189144,78988576.00
2024/05/16,65.19,66.09,64.64,64.86,634075,41401456.00
2024/05/17,64.54,65.93,64.50,65.08,638619,41474196.00
2024/05/20,65.97,66.17,64.20,65.06,629654,40817292.00
2024/05/21,64.50,67.00,64.31,66.30,859076,56709292.00
2024/05/22,66.30,67.33,66.07,67.13,582611,38877428.00
2024/05/23,67.30,67.70,65.90,66.11,700465,46625748.00
2024/05/24,65.00,66.62,64.65,65.43,506730,33403328.00
2024/05/27,65.08,65.84,64.37,65.28,409529,26556136.00
2024/05/28,65.30,65.60,64.33,65.28,469247,30553920.00
2024/05/29,65.80,67.86,65.39,65.76,652385,43396304.00
2024/05/30,65.80,66.16,64.98,65.55,529949,34636304.00
2024/05/31,65.55,66.49,65.41,65.75,462055,30435778.00
2024/06/03,66.50,66.72,63.57,64.48,845345,54499316.00
2024/06/04,63.92,65.15,62.88,64.84,691740,44444584.00
2024/06/05,63.66,65.99,63.51,64.37,480040,31255884.00
2024/06/06,64.04,64.98,60.85,60.97,1019050,63138712.00
2024/06/07,61.46,61.98,59.90,60.70,709198,43040548.00
2024/06/11,60.70,61.79,59.11,61.51,564704,34264916.00
2024/06/12,61.30,62.47,60.96,61.34,365986,22540406.00
2024/06/13,61.45,62.53,60.90,61.75,381985,23607002.00
2024/06/14,61.75,61.75,60.88,60.96,343197,21008792.00
2024/06/17,60.91,61.83,60.29,60.49,479623,29249360.00
2024/06/18,60.49,61.00,60.10,60.30,405041,24488722.00
2024/06/19,60.20,60.40,59.33,59.91,417667,24991966.00
2024/06/20,59.91,60.88,59.04,59.32,418605,25100940.00
2024/06/21,59.32,59.60,58.38,58.51,273590,16081046.00
2024/06/24,58.26,58.76,57.02,57.18,417030,24081202.00
2024/06/25,57.17,57.57,56.00,57.11,564050,32111818.00
2024/06/26,57.12,58.90,56.69,58.68,529590,30664328.00
2024/06/27,58.14,59.17,57.40,57.72,336432,19612318.00
2024/06/28,57.50,59.18,57.15,57.30,459130,26712076.00
2024/07/01,57.30,58.38,56.69,57.64,391800,22523320.00
2024/07/02,57.68,57.78,56.90,57.33,250460,14348140.00
2024/07/03,58.00,59.20,57.18,58.19,557617,32397394.00
2024/07/04,57.67,59.16,56.57,56.67,447666,25799032.00
2024/07/05,56.67,57.27,55.89,56.91,347450,19639036.00
2024/07/08,57.10,57.98,56.00,56.04,394050,22437060.00
2024/07/09,56.04,57.63,55.12,57.18,389735,21933956.00
2024/07/10,57.09,58.84,56.01,58.20,390498,22608314.00
2024/07/11,58.90,60.00,58.24,59.64,654420,38884876.00
2024/07/12,60.00,61.82,59.49,61.32,615725,37388976.00
2024/07/15,61.32,61.52,58.90,59.13,531539,31721728.00
2024/07/16,59.13,59.98,58.46,59.06,416869,24605122.00
2024/07/17,58.76,60.35,58.52,59.46,436083,25917622.00
2024/07/18,59.10,60.24,57.82,60.20,487285,28761088.00
2024/07/19,60.20,61.40,59.85,60.70,358605,21758400.00
2024/07/22,64.34,70.97,64.34,68.90,2767073,188665280.00
2024/07/23,67.99,68.44,65.74,66.76,1800720,120464824.00
2024/07/24,66.76,69.50,66.15,67.66,1541079,104359200.00
2024/07/25,67.99,70.70,67.00,69.00,1910256,132111192.00
2024/07/26,68.03,68.95,67.16,67.41,1473876,100065512.00
2024/07/29,67.47,67.85,65.61,66.67,1058584,70432072.00
2024/07/30,65.59,67.31,65.59,65.90,626134,41602900.00
2024/07/31,65.87,67.45,65.26,67.22,865730,57673516.00
2024/08/01,67.75,68.06,66.06,67.50,945000,63543656.00
2024/08/02,66.67,69.39,66.67,68.20,992663,68124656.00
2024/08/05,68.00,68.95,67.00,67.00,796442,54082404.00
2024/08/06,66.88,68.65,66.50,67.15,699448,47215816.00
2024/08/07,67.94,68.75,67.21,68.16,769990,52401720.00
2024/08/08,67.62,68.09,67.03,67.29,516910,34847948.00
2024/08/09,67.26,68.10,66.30,66.39,575668,38584884.00
2024/08/12,66.99,67.01,65.82,66.29,330610,21947880.00
2024/08/13,66.13,68.50,66.13,67.68,611618,41136936.00
2024/08/14,67.51,68.09,66.67,67.22,355450,23874782.00
2024/08/15,67.22,68.86,66.59,68.12,627675,42682452.00
2024/08/16,68.50,69.59,67.61,68.33,574595,39421884.00
2024/08/19,68.05,68.27,65.97,67.93,710270,47817752.00
2024/08/20,68.00,69.00,66.60,66.85,425990,28798936.00
2024/08/21,67.00,68.10,65.91,67.18,506850,34005248.00
2024/08/22,67.48,67.76,66.46,66.90,534310,35840080.00
2024/08/23,66.82,66.82,65.19,66.62,433868,28637728.00
2024/08/26,66.01,68.26,66.01,66.58,456508,30601842.00
2024/08/27,65.91,66.50,65.58,65.81,312195,20599270.00
2024/08/28,65.82,67.58,65.22,66.52,489368,32681494.00
2024/08/29,66.26,69.88,66.26,69.48,982090,67396248.00
2024/08/30,69.20,72.49,68.62,71.53,1643942,116845800.00
2024/09/02,71.60,75.89,71.22,71.91,1958862,143657936.00
2024/09/03,71.58,72.82,70.50,71.07,915550,65332276.00
2024/09/04,71.19,72.83,71.11,71.85,878838,63324940.00
2024/09/05,71.50,73.31,71.30,72.38,780184,56539940.00
2024/09/06,72.38,72.70,70.03,70.11,574972,40769164.00
2024/09/09,70.12,70.86,68.43,68.90,691955,48034632.00
2024/09/10,68.89,69.43,68.24,68.96,458987,31611872.00
2024/09/11,69.00,70.40,68.85,69.39,651150,45204820.00
2024/09/12,69.39,71.47,69.00,70.33,1065169,75250512.00
2024/09/13,69.76,70.98,67.88,67.88,693344,47766604.00
2024/09/18,68.91,68.91,65.71,66.84,492784,32957560.00
2024/09/19,66.96,68.81,66.41,68.53,625500,42639296.00
2024/09/20,68.31,68.31,66.60,66.90,395850,26564102.00
2024/09/23,66.68,67.34,64.60,64.69,787958,51599884.00
2024/09/24,64.70,71.36,64.18,71.00,1594871,109021888.00
2024/09/25,71.50,72.93,70.53,70.60,1017523,72882576.00
2024/09/26,70.31,73.29,69.61,73.22,1094242,77891704.00
2024/09/27,73.99,79.86,73.92,77.52,1607208,123646632.00
2024/09/30,80.05,88.50,78.93,85.99,2645722,219898592.00
2024/10/08,100.00,102.00,85.60,92.74,3482947,323234016.00
2024/10/09,88.16,89.66,80.15,80.15,2273671,193038016.00
2024/10/10,81.48,84.00,79.10,79.59,1385006,112687720.00
2024/10/11,79.08,80.09,75.02,76.08,1208081,92926480.00
2024/10/14,76.50,82.50,74.67,81.11,1620356,127229408.00
2024/10/15,79.99,81.00,77.51,78.70,1331952,105673368.00
2024/10/16,77.52,94.00,77.06,78.88,1288628,101892032.00
2024/10/17,81.20,81.24,78.59,79.01,1069955,85267496.00
2024/10/18,79.17,84.96,78.75,82.40,1492026,121616672.00
2024/10/21,83.19,84.76,81.70,82.02,1377414,114475992.00
2024/10/22,81.50,83.25,80.60,82.80,1112560,91317080.00
2024/10/23,82.43,84.05,81.67,81.94,1248078,103176816.00
2024/10/24,81.88,81.90,79.70,79.99,769034,61831568.00
2024/10/25,80.65,83.14,80.00,82.74,1276697,104698608.00
2024/10/28,83.20,84.19,82.18,83.64,1474290,123051688.00
2024/10/29,87.50,89.40,83.79,84.02,2432504,210364752.00
2024/10/30,84.15,87.87,83.00,86.99,2194406,186449328.00
2024/10/31,87.59,87.99,83.30,83.80,2070608,175285936.00
2024/11/01,84.00,84.40,81.34,81.40,1351829,111642504.00
2024/11/04,81.00,87.48,80.96,86.42,2315617,197590672.00
2024/11/05,85.50,90.50,85.40,89.49,1775476,157645024.00
2024/11/06,89.46,91.34,85.71,86.26,1937099,171161216.00
2024/11/07,86.99,90.91,85.15,90.30,2052391,181236384.00
2024/11/08,89.54,91.77,88.38,89.03,1669155,149593296.00
2024/11/11,88.00,90.29,87.01,90.24,1561039,139406592.00
2024/11/12,90.42,91.08,87.27,88.22,1265494,112879536.00
2024/11/13,88.00,88.77,86.39,88.22,801819,70192480.00
2024/11/14,88.08,88.76,85.32,85.50,712651,61756400.00
2024/11/15,85.30,86.39,83.49,83.49,720236,61201664.00
2024/11/18,84.16,84.16,80.10,80.43,893979,73202008.00
2024/11/19,81.38,83.35,80.45,83.05,608038,49833824.00
2024/11/20,83.20,84.19,82.17,82.91,674012,56103216.00
2024/11/21,82.50,83.42,81.45,82.50,504709,41533984.00
2024/11/22,82.50,82.97,78.68,78.87,634023,51183716.00
数据来源:通达信
