301419 阿莱德 日线 不复权
      日期	    开盘	    最高	    最低	    收盘	    成交量	    成交额
2023/02/09,34.22,54.78,32.33,54.78,15935645,579327488.00
2023/02/10,45.00,55.88,44.60,49.24,15148566,763177216.00
2023/02/13,47.50,51.00,45.31,46.28,11790370,554280960.00
2023/02/14,45.50,45.88,43.20,43.73,9291719,410013856.00
2023/02/15,43.99,47.35,43.73,45.70,10887950,498107200.00
2023/02/16,43.90,45.00,41.45,41.50,10665101,457055488.00
2023/02/17,43.32,45.80,42.81,42.90,9642671,425203264.00
2023/02/20,39.90,41.43,39.60,40.99,7806745,315798432.00
2023/02/21,40.98,41.28,39.53,40.00,5959704,240517440.00
2023/02/22,39.20,40.69,39.08,40.28,4214252,168609584.00
2023/02/23,40.00,42.30,39.96,40.84,6258631,257650864.00
2023/02/24,40.31,42.53,40.31,41.83,6649478,276743648.00
2023/02/27,41.40,41.96,39.58,39.87,5341562,216384368.00
2023/02/28,40.00,42.50,40.00,42.16,6702758,278806048.00
2023/03/01,41.95,43.48,41.51,42.56,7462601,316636128.00
2023/03/02,43.44,49.04,42.00,45.98,12097524,551054784.00
2023/03/03,43.80,46.09,43.80,44.59,8784352,391065632.00
2023/03/06,44.60,47.50,44.40,45.30,8156154,374677632.00
2023/03/07,44.70,44.83,42.35,42.70,7106890,308347200.00
2023/03/08,42.00,45.49,41.86,45.00,6908867,304672608.00
2023/03/09,44.00,47.96,43.55,46.39,7846990,355773312.00
2023/03/10,45.50,45.90,44.39,44.66,6253105,282321920.00
2023/03/13,44.21,44.98,42.51,43.15,5516501,239878912.00
2023/03/14,43.34,43.48,40.95,41.49,5131313,215278624.00
2023/03/15,41.69,42.60,41.00,41.18,3540676,147797392.00
2023/03/16,40.30,41.74,39.60,39.95,4013305,162879344.00
2023/03/17,40.40,40.60,39.62,39.70,3332148,133484408.00
2023/03/20,39.70,39.80,37.46,38.00,3905448,149234320.00
2023/03/21,37.80,38.80,37.58,38.80,2717528,103873688.00
2023/03/22,39.03,40.23,38.65,39.93,4303751,170510080.00
2023/03/23,39.15,39.69,38.71,39.02,3584920,140022688.00
2023/03/24,39.01,39.24,37.57,37.77,3874769,147431920.00
2023/03/27,37.52,38.32,37.07,37.87,2748172,103427696.00
2023/03/28,37.53,37.78,36.10,36.75,3362302,123405464.00
2023/03/29,36.95,40.20,36.68,39.98,7409639,287014496.00
2023/03/30,39.33,39.68,37.80,38.04,4844233,186516704.00
2023/03/31,37.90,38.72,37.60,38.00,3020586,115322424.00
2023/04/03,37.89,38.86,37.69,38.68,3607140,138802368.00
2023/04/04,38.42,38.42,36.93,37.10,4108627,154208368.00
2023/04/06,37.06,38.72,36.71,38.27,3965179,151030160.00
2023/04/07,38.00,38.36,37.51,37.86,2571141,97184392.00
2023/04/10,37.33,38.31,36.90,36.99,2374583,89097824.00
2023/04/11,36.91,37.20,36.16,36.51,2312403,84508488.00
2023/04/12,36.37,37.29,36.35,37.27,2099981,77509144.00
2023/04/13,36.82,37.14,35.87,35.90,2314221,84342848.00
2023/04/14,35.94,36.70,35.41,36.70,1978639,71325880.00
2023/04/17,36.51,36.51,35.61,35.85,1826443,65649560.00
2023/04/18,35.80,35.85,34.93,35.53,1923079,68064544.00
2023/04/19,35.36,36.93,35.31,36.28,2917676,106075184.00
2023/04/20,36.12,40.29,36.07,39.80,8469321,327990208.00
2023/04/21,39.00,41.48,38.30,39.23,7022680,279534880.00
2023/04/24,40.02,41.35,38.80,41.25,6868414,276890464.00
2023/04/25,42.48,45.50,41.38,41.82,10032683,432521248.00
2023/04/26,40.01,44.44,39.25,44.21,9101572,388849888.00
2023/04/27,43.00,43.08,37.82,38.15,7864551,317072032.00
2023/04/28,37.42,40.30,37.30,39.21,5212210,204330848.00
2023/05/04,38.46,38.98,36.51,37.01,5208005,194413888.00
2023/05/05,36.73,36.85,34.54,34.70,4375340,154983136.00
2023/05/08,34.86,35.52,34.01,35.08,2742401,95672792.00
2023/05/09,34.85,35.00,33.68,33.70,3003196,103006952.00
2023/05/10,33.50,34.10,33.40,33.82,1851470,62510640.00
2023/05/11,33.85,34.20,33.40,34.20,2086574,70691152.00
2023/05/12,34.76,35.49,34.42,35.38,4059988,142471056.00
2023/05/15,34.84,34.84,33.76,34.60,2842164,97319344.00
2023/05/16,34.40,34.41,33.57,34.02,1872489,63658132.00
2023/05/17,33.72,34.89,33.71,34.88,2061414,71091616.00
2023/05/18,34.80,36.26,34.80,36.08,3828601,137067760.00
2023/05/19,35.54,36.00,35.51,35.57,2672641,95439448.00
2023/05/22,35.49,36.36,35.37,36.20,2344971,84223376.00
2023/05/23,36.40,39.32,36.40,38.42,6100650,229317600.00
2023/05/24,37.55,38.80,37.10,37.82,4632025,176223744.00
2023/05/25,37.46,38.47,36.66,37.58,3531386,132548536.00
2023/05/26,37.30,38.41,37.01,37.10,3137916,118001584.00
2023/05/29,36.80,40.57,36.50,40.20,7000995,271928064.00
2023/05/30,39.00,39.14,38.12,38.94,5271940,203613952.00
2023/05/31,38.74,38.78,37.68,38.15,2995875,114538984.00
2023/06/01,37.60,38.48,37.41,37.65,3037753,115133272.00
2023/06/02,37.50,38.56,36.95,37.70,2955179,111339960.00
2023/06/05,37.36,38.80,37.36,38.39,3251718,124445144.00
2023/06/06,38.09,39.77,38.00,38.70,4985056,194995104.00
2023/06/07,38.13,40.00,37.13,40.00,5324705,208131184.00
2023/06/08,39.98,42.88,38.51,38.70,6511297,263327136.00
2023/06/09,38.56,40.97,38.11,40.64,6310315,249760944.00
2023/06/12,40.00,42.95,39.50,41.07,6655087,275154880.00
2023/06/13,40.50,41.30,39.38,39.65,4677343,186302832.00
2023/06/14,39.65,42.65,38.64,42.33,7431362,301294368.00
2023/06/15,41.66,44.80,41.60,41.92,9204098,396528704.00
2023/06/16,41.29,49.53,40.83,46.25,11488694,511494560.00
2023/06/19,46.19,52.70,45.51,49.35,10277902,489819840.00
2023/06/20,48.80,49.58,46.09,49.16,7904214,377541312.00
2023/06/21,49.00,49.00,45.72,45.86,4801467,225060672.00
2023/06/26,45.11,46.93,43.80,45.27,3984388,181476048.00
2023/06/27,45.10,45.18,43.06,43.40,4244372,186540560.00
2023/06/28,43.71,43.98,40.72,42.77,3982041,168225344.00
2023/06/29,43.02,43.81,42.52,43.43,3059681,132361944.00
2023/06/30,43.00,47.19,42.21,46.03,6289046,281518304.00
2023/07/03,45.97,45.98,43.40,44.27,4368278,193212272.00
2023/07/04,43.89,45.17,43.50,44.31,2828193,125814928.00
2023/07/05,44.73,45.55,43.90,44.60,3143341,140850480.00
2023/07/06,44.87,48.00,44.86,46.35,4840681,225980800.00
2023/07/07,45.81,49.97,45.25,48.10,6063821,287419200.00
2023/07/10,47.75,47.77,45.76,47.32,3728790,174080784.00
2023/07/11,47.00,48.63,46.67,47.75,3422669,162924496.00
2023/07/12,47.22,48.58,42.00,42.90,4393439,202895920.00
2023/07/13,42.58,44.59,42.58,44.06,3083086,135204704.00
2023/07/14,44.00,52.50,43.79,49.03,9746520,474673440.00
2023/07/17,49.05,49.99,46.30,47.35,5756260,273344608.00
2023/07/18,48.20,48.57,44.50,44.73,4430499,203277856.00
2023/07/19,44.13,44.90,43.31,43.31,2893848,126967848.00
2023/07/20,43.30,43.59,41.19,41.50,3250976,136426208.00
2023/07/21,41.08,41.89,39.63,39.63,2296500,93664504.00
2023/07/24,39.70,40.58,39.30,39.83,1479500,59231152.00
2023/07/25,40.23,40.67,39.80,40.35,1545216,62179516.00
2023/07/26,40.16,40.28,37.73,37.95,2945103,112757888.00
2023/07/27,38.00,38.37,37.18,37.38,1419554,53548828.00
2023/07/28,37.65,37.80,36.99,37.38,1218900,45578016.00
2023/07/31,37.39,37.70,36.70,37.46,1282600,47956628.00
2023/08/01,37.45,37.80,36.58,37.23,1409600,52328928.00
2023/08/02,37.06,37.87,36.91,37.68,1328500,49765340.00
2023/08/03,37.44,37.96,37.19,37.40,1164909,43705644.00
2023/08/04,37.68,38.21,37.38,38.15,1634379,61938480.00
2023/08/07,37.90,38.98,37.75,38.83,2026932,78239128.00
2023/08/08,38.50,39.62,38.45,39.16,2087687,81824088.00
2023/08/09,38.58,40.14,38.52,39.38,3378070,133423384.00
2023/08/10,38.88,39.78,38.70,39.63,2007216,79159056.00
2023/08/11,39.72,40.37,39.00,39.03,2169520,85909512.00
2023/08/14,38.46,39.49,38.23,39.48,1751678,68382288.00
2023/08/15,39.60,40.82,39.60,40.04,3030014,121595248.00
2023/08/16,39.79,40.43,38.10,38.16,2729380,106289088.00
2023/08/17,37.77,39.47,37.77,38.95,1990376,77261712.00
2023/08/18,38.80,40.00,38.40,38.90,2235321,87689328.00
2023/08/21,38.88,40.68,38.75,39.46,2022271,80300704.00
2023/08/22,39.48,41.34,39.48,40.99,4434863,180231424.00
2023/08/23,40.71,41.20,39.06,40.00,3478307,139656720.00
2023/08/24,41.97,46.40,41.15,44.04,7852355,343184800.00
2023/08/25,42.50,43.39,40.88,41.00,4753153,200807376.00
2023/08/28,43.16,46.41,41.86,42.42,5719342,248820288.00
2023/08/29,42.77,45.40,42.77,44.05,5801729,254726304.00
2023/08/30,44.00,46.63,43.30,45.78,6771447,306975712.00
2023/08/31,44.96,44.96,43.01,43.20,4482308,196029072.00
2023/09/01,43.23,43.51,41.32,41.88,3538293,149369760.00
2023/09/04,42.94,42.98,41.46,42.14,1983803,83462016.00
2023/09/05,41.91,42.75,40.12,40.65,2658765,109538688.00
2023/09/06,40.50,42.65,40.22,42.40,3683631,154093680.00
2023/09/07,42.17,42.26,40.79,40.90,2180897,90265952.00
2023/09/08,40.55,41.98,40.47,41.64,1806722,74823032.00
2023/09/11,41.57,43.49,41.16,43.30,3384891,143958176.00
2023/09/12,42.59,44.16,42.52,43.80,3707438,161425712.00
2023/09/13,43.23,43.75,41.36,42.77,2508448,105893472.00
2023/09/14,51.32,51.32,50.01,51.32,9752979,500476000.00
2023/09/15,52.59,54.95,48.88,49.30,16025816,833689984.00
2023/09/18,45.71,48.18,44.16,44.20,10672095,484049760.00
2023/09/19,43.68,44.88,42.15,42.30,7646509,328764736.00
2023/09/20,41.70,42.65,40.54,40.65,5746539,238032640.00
2023/09/21,40.22,41.80,40.15,40.91,4659916,191519920.00
2023/09/22,40.30,42.96,40.23,42.58,6022169,253151648.00
2023/09/25,42.31,42.99,41.80,42.25,4256314,180037440.00
2023/09/26,41.98,42.26,40.93,41.02,3217899,133243160.00
2023/09/27,41.01,41.22,40.15,40.16,3052637,123754640.00
2023/09/28,40.37,43.03,40.37,42.70,5456639,228851776.00
2023/10/09,42.51,45.07,42.41,44.59,6347241,277599328.00
2023/10/10,44.38,46.02,44.00,45.00,5704303,256547568.00
2023/10/11,44.50,45.87,43.40,45.34,5329382,238470304.00
2023/10/12,45.25,46.05,44.01,45.00,5476606,247303920.00
2023/10/13,44.32,47.61,44.28,46.75,6927314,320914944.00
2023/10/16,47.17,47.17,44.68,44.93,4604196,208817536.00
2023/10/17,44.72,45.33,44.04,44.29,2508233,111729792.00
2023/10/18,44.39,44.39,42.70,42.95,2229449,96462128.00
2023/10/19,42.70,43.41,41.90,42.05,2252030,96099232.00
2023/10/20,42.06,42.46,40.49,40.67,2448920,100712816.00
2023/10/23,40.91,42.97,40.51,41.48,3278157,137157888.00
2023/10/24,41.15,42.65,41.00,42.28,2810720,118213664.00
2023/10/25,42.05,43.65,41.60,43.39,3620360,154064432.00
2023/10/26,41.80,42.88,40.70,42.83,4116723,173109808.00
2023/10/27,42.10,42.40,40.78,41.65,3029933,125872664.00
2023/10/30,41.00,41.90,39.80,41.82,3310695,134927376.00
2023/10/31,41.79,41.80,40.08,40.30,2430306,99155720.00
2023/11/01,40.22,40.78,38.96,38.98,2603953,103253080.00
2023/11/02,38.82,39.65,38.67,38.71,1460555,56875252.00
2023/11/03,38.98,39.75,38.90,39.57,1586599,62664944.00
2023/11/06,39.78,40.88,39.78,40.77,2077466,84224528.00
2023/11/07,40.40,42.73,40.38,42.09,3162230,131231112.00
2023/11/08,41.97,42.60,41.56,42.26,2536169,106668512.00
2023/11/09,42.70,43.19,41.58,41.84,2570556,109036312.00
2023/11/10,41.80,42.47,40.90,41.11,2257330,93590936.00
2023/11/13,41.48,42.73,41.20,42.67,2475860,104581408.00
2023/11/14,42.99,43.34,42.43,43.33,2433957,104864480.00
2023/11/15,43.75,43.77,42.71,43.13,1899570,81851464.00
2023/11/16,42.83,43.13,42.39,42.40,1256095,53617216.00
2023/11/17,42.38,43.20,42.13,43.18,1752368,74862224.00
2023/11/20,43.18,43.47,42.70,42.95,1607239,69075168.00
2023/11/21,43.02,43.40,41.91,42.31,2065371,87905944.00
2023/11/22,43.10,43.10,40.60,40.63,2057304,84689040.00
2023/11/23,40.54,40.80,39.99,40.77,1892225,76444240.00
2023/11/24,40.91,41.18,39.50,39.84,1974828,79025208.00
2023/11/27,39.41,40.59,39.35,40.17,1558311,62423496.00
2023/11/28,40.27,40.50,39.71,40.05,1224914,49036076.00
2023/11/29,40.04,40.37,39.50,39.55,1235725,49179172.00
2023/11/30,39.43,39.69,38.40,39.00,1713430,66561852.00
2023/12/01,39.00,39.85,38.68,39.68,1441101,56730808.00
2023/12/04,39.67,40.07,39.33,39.45,1315639,52203024.00
2023/12/05,39.89,39.89,38.02,38.09,1406008,54278344.00
2023/12/06,38.02,38.40,37.82,37.91,1007252,38348800.00
2023/12/07,38.03,38.31,37.70,37.93,1163968,44254380.00
2023/12/08,37.89,39.11,37.80,38.55,1990712,76723752.00
2023/12/11,38.38,38.67,37.64,38.59,1522352,57995412.00
2023/12/12,38.33,38.96,38.33,38.58,1197400,46283684.00
2023/12/13,38.57,38.57,37.90,37.90,1046474,39940568.00
2023/12/14,37.90,38.44,37.31,37.31,1183600,44719296.00
2023/12/15,37.32,37.76,37.07,37.55,804045,30090134.00
2023/12/18,37.23,37.66,37.08,37.33,797230,29791662.00
2023/12/19,37.27,38.05,37.02,37.96,894130,33720104.00
2023/12/20,37.89,38.48,37.50,37.86,1356117,51648560.00
2023/12/21,37.85,38.20,36.70,37.89,1368768,51300192.00
2023/12/22,37.84,38.30,37.02,37.18,1350372,50985176.00
2023/12/25,37.08,37.64,35.67,35.80,1746514,63416128.00
2023/12/26,35.89,35.97,34.97,35.18,1218903,42913964.00
2023/12/27,35.19,36.00,35.19,35.78,1017233,36383900.00
2023/12/28,35.85,36.83,35.35,36.47,1115558,40390200.00
2023/12/29,36.88,37.22,36.45,37.10,1044641,38640580.00
2024/01/02,37.10,37.37,36.77,36.77,841314,31091486.00
2024/01/03,36.57,36.76,35.86,36.06,758941,27510558.00
2024/01/04,36.07,36.28,35.72,36.09,596260,21473344.00
2024/01/05,36.08,36.20,34.80,34.95,1022442,36257856.00
2024/01/08,35.04,35.28,34.36,34.44,771460,26736232.00
2024/01/09,34.29,35.22,34.10,34.31,652600,22553566.00
2024/01/10,34.32,34.64,33.40,33.50,718241,24267538.00
2024/01/11,33.41,34.28,33.32,34.17,804850,27419134.00
2024/01/12,34.11,34.37,33.40,33.45,764241,25808842.00
2024/01/15,33.50,33.59,32.70,33.27,670900,22300764.00
2024/01/16,33.79,33.79,32.20,32.65,833103,27190714.00
2024/01/17,32.35,32.95,31.80,31.88,725730,23545686.00
2024/01/18,31.53,32.18,30.90,31.74,992530,31137414.00
2024/01/19,31.77,32.14,31.05,31.09,713173,22527996.00
2024/01/22,31.53,31.56,28.81,29.30,1201000,36428296.00
2024/01/23,29.01,30.18,29.01,29.47,828764,24491096.00
2024/01/24,29.41,29.75,28.26,29.47,1066894,31006136.00
2024/01/25,29.91,30.97,29.37,30.93,1705100,51774288.00
2024/01/26,31.20,31.40,30.05,30.06,1341142,41023260.00
2024/01/29,29.91,30.64,29.16,29.28,1243830,37018748.00
2024/01/30,28.80,29.20,27.90,27.92,946950,27043940.00
2024/01/31,27.76,28.18,26.10,26.17,1193100,32172770.00
2024/02/01,26.56,26.85,25.75,26.00,1068730,28041748.00
2024/02/02,26.87,27.70,23.66,24.81,1801872,46508612.00
2024/02/05,24.21,24.76,20.62,20.69,2445537,53341540.00
2024/02/06,20.31,21.87,18.80,21.09,2545533,51584508.00
2024/02/07,21.13,21.31,19.38,19.74,2608061,53154368.00
2024/02/08,19.76,22.24,19.11,22.18,3025870,62372116.00
2024/02/19,22.80,24.39,22.50,24.36,3342881,78681976.00
2024/02/20,24.17,26.39,23.50,25.45,3468200,86002280.00
2024/02/21,24.70,25.93,24.23,24.95,3128858,78592624.00
2024/02/22,25.30,28.48,25.30,27.43,5533532,147212272.00
2024/02/23,28.79,32.00,27.15,30.60,7131683,206173408.00
2024/02/26,29.00,30.30,28.21,30.20,6058402,177386208.00
2024/02/27,29.30,31.79,29.29,31.72,5449987,166522128.00
2024/02/28,31.20,31.57,27.42,27.42,5384493,160563648.00
2024/02/29,27.00,29.15,27.00,28.94,3242244,92265248.00
2024/03/01,28.94,30.24,28.93,29.49,3090077,91318072.00
2024/03/04,29.89,31.49,29.38,31.41,4585269,140550288.00
2024/03/05,30.55,32.78,30.16,31.39,5578270,176088128.00
2024/03/06,30.76,31.34,29.98,30.81,3381597,103758760.00
2024/03/07,30.99,31.12,29.37,29.60,2822103,85276720.00
2024/03/08,29.58,30.98,29.58,30.66,2233335,67800400.00
2024/03/11,30.20,30.59,29.75,30.57,1989364,59875444.00
2024/03/12,30.57,31.10,30.08,30.87,2200432,67573040.00
2024/03/13,30.78,32.50,30.78,32.20,4413456,140926528.00
2024/03/14,31.66,31.97,30.71,31.49,3126654,97995152.00
2024/03/15,31.20,31.87,30.85,31.71,2343019,73924472.00
2024/03/18,31.72,32.43,31.63,32.26,2762747,88522560.00
2024/03/19,32.40,34.38,31.79,33.97,4948991,163228544.00
2024/03/20,33.33,33.86,32.98,33.58,3084686,102915160.00
2024/03/21,33.51,33.93,32.50,32.71,2690630,89180368.00
2024/03/22,32.70,32.79,31.71,31.85,2182836,70072800.00
2024/03/25,31.50,32.18,30.30,30.57,1922330,60390204.00
2024/03/26,30.50,31.07,29.58,30.45,1622678,49219776.00
2024/03/27,30.22,30.54,29.10,29.17,1351972,40353540.00
2024/03/28,29.01,30.98,29.01,30.26,1825652,55109232.00
2024/03/29,30.31,33.16,29.85,33.03,4294423,136783104.00
2024/04/01,33.40,33.40,32.10,32.93,3548921,115729928.00
2024/04/02,32.60,32.62,31.80,32.31,2095309,67415064.00
2024/04/03,32.27,32.27,30.70,30.92,2062752,64321772.00
2024/04/08,31.00,31.08,29.90,29.90,1396593,42197344.00
2024/04/09,30.10,30.40,29.63,30.29,1025400,30879858.00
2024/04/10,30.25,30.25,28.68,28.79,1559492,45570556.00
2024/04/11,28.63,29.36,28.45,28.68,1043858,30215346.00
2024/04/12,28.60,29.24,28.52,28.69,963081,27790996.00
2024/04/15,28.90,29.06,26.06,27.00,1750520,47593428.00
2024/04/16,27.00,27.00,23.66,23.76,2149659,52847336.00
2024/04/17,24.37,26.31,24.37,26.29,1758794,45308776.00
2024/04/18,26.26,27.47,25.74,26.69,1702955,45438244.00
2024/04/19,26.50,26.97,26.36,26.69,1042485,27776252.00
2024/04/22,26.27,26.85,25.51,26.68,820183,21581342.00
2024/04/23,26.40,27.55,26.40,27.17,1391650,37791736.00
2024/04/24,27.30,28.39,27.10,28.37,1756128,48792108.00
2024/04/25,26.94,26.98,25.69,25.97,3038071,79543784.00
2024/04/26,25.97,26.92,25.86,26.80,2184602,57960228.00
2024/04/29,26.81,27.62,26.81,27.39,1503167,41150652.00
2024/04/30,27.40,27.60,26.63,26.88,1119542,30186356.00
2024/05/06,27.20,27.70,27.20,27.58,1192344,32796762.00
2024/05/07,27.59,28.07,27.45,28.02,1204208,33615508.00
2024/05/08,27.89,28.10,27.30,27.36,1021000,28277260.00
2024/05/09,27.82,27.82,27.24,27.65,844448,23317532.00
2024/05/10,27.70,27.70,26.65,26.75,896000,24111294.00
2024/05/13,26.65,26.65,25.62,25.80,1018500,26460668.00
2024/05/14,26.18,26.50,25.90,26.15,654666,17124290.00
2024/05/15,26.30,26.42,25.80,25.80,694648,18108430.00
2024/05/16,25.80,26.49,25.72,26.10,644248,16895448.00
2024/05/17,26.10,26.64,25.91,26.64,1052992,27818480.00
2024/05/20,26.54,26.73,26.26,26.66,717300,19029708.00
2024/05/21,26.61,26.68,26.19,26.25,661492,17413918.00
2024/05/22,26.25,26.48,25.91,26.42,630727,16571100.00
2024/05/23,26.42,29.98,26.24,28.79,5457666,155783840.00
2024/05/24,28.76,31.30,28.50,30.51,7522955,225926960.00
2024/05/27,29.00,29.00,27.03,28.03,4810538,135142064.00
2024/05/28,27.68,27.86,26.31,26.69,3286370,87811160.00
2024/05/29,26.50,27.49,26.38,27.40,2832215,76369928.00
2024/05/30,26.90,26.90,25.50,25.50,2241805,58137832.00
2024/05/31,25.48,26.73,25.41,26.47,2613175,68961744.00
2024/06/03,26.47,26.69,25.18,25.64,2394300,61787432.00
2024/06/04,25.20,25.48,23.99,24.48,2214700,53972480.00
2024/06/05,24.49,24.62,23.92,23.99,1184600,28729230.00
2024/06/06,24.16,24.55,22.80,22.98,1732112,40696460.00
2024/06/07,23.40,23.98,23.32,23.58,1317300,31165716.00
2024/06/11,23.58,24.22,22.80,24.19,1009230,23865386.00
2024/06/12,24.09,24.67,24.00,24.51,1029430,25214740.00
2024/06/13,24.40,25.28,24.40,24.80,1380946,34380176.00
2024/06/14,24.71,25.41,24.52,25.24,1469906,36972616.00
2024/06/17,24.93,25.76,24.93,25.51,1234844,31398776.00
2024/06/18,25.40,26.87,25.30,26.58,2259426,59645584.00
2024/06/19,26.48,26.74,26.27,26.42,1584700,41953716.00
2024/06/20,26.09,26.43,25.15,25.43,1493000,38447064.00
2024/06/21,25.25,25.65,24.30,25.14,1252600,31110196.00
2024/06/24,24.50,24.80,23.53,23.70,1367900,32977296.00
2024/06/25,23.93,23.95,23.22,23.49,1009850,23798284.00
2024/06/26,23.49,24.78,23.12,24.75,1305163,31507348.00
2024/06/27,24.76,25.35,24.20,24.26,1320495,32709108.00
2024/06/28,24.26,25.34,24.13,24.83,1366092,34080580.00
2024/07/01,25.08,25.08,23.85,24.46,1208300,29344420.00
2024/07/02,24.42,26.45,24.37,24.86,1836431,46193580.00
2024/07/03,24.69,25.56,24.39,24.94,1769441,44038708.00
2024/07/04,24.93,24.93,23.51,23.66,1460754,35174184.00
2024/07/05,23.57,23.96,23.03,23.78,943395,22168938.00
2024/07/08,23.38,23.80,22.80,22.92,945830,21852436.00
2024/07/09,22.93,24.15,22.70,24.04,1311975,30959444.00
2024/07/10,24.07,24.26,23.69,23.73,793400,19009610.00
2024/07/11,24.40,24.48,23.92,24.30,976600,23729080.00
2024/07/12,24.37,24.37,23.88,24.03,695800,16738722.00
2024/07/15,24.03,24.19,23.41,23.51,631100,14894479.00
2024/07/16,23.36,24.10,23.36,23.80,690800,16400852.00
2024/07/17,23.80,23.82,23.02,23.10,767884,17943228.00
2024/07/18,23.11,23.12,22.00,22.55,1049600,23482708.00
2024/07/19,22.57,23.32,22.47,23.16,837600,19263216.00
2024/07/22,23.05,23.50,23.00,23.29,603300,14034579.00
2024/07/23,23.32,23.43,22.50,22.65,516100,11851538.00
2024/07/24,22.85,23.06,22.38,22.50,785800,17808496.00
2024/07/25,22.18,22.76,22.03,22.37,703800,15718862.00
2024/07/26,22.30,22.90,22.30,22.72,582000,13191778.00
2024/07/29,22.82,23.20,22.44,23.00,633200,14521972.00
2024/07/30,22.78,23.29,22.78,23.15,592600,13680150.00
2024/07/31,23.12,23.87,23.04,23.69,840292,19771568.00
2024/08/01,23.70,23.89,23.41,23.45,809100,19118618.00
2024/08/02,23.12,23.46,22.41,22.43,906900,20792976.00
2024/08/05,22.29,22.44,21.35,21.44,1368614,29956026.00
2024/08/06,21.75,22.06,21.23,21.92,712100,15541790.00
2024/08/07,22.32,23.24,22.25,22.70,1530442,34777140.00
2024/08/08,22.70,22.79,21.92,22.08,1008954,22427528.00
2024/08/09,22.26,22.47,21.88,21.95,596500,13166341.00
2024/08/12,21.96,21.96,21.38,21.47,664200,14317139.00
2024/08/13,21.47,21.86,21.37,21.84,380454,8224117.50
2024/08/14,21.84,22.14,21.68,22.01,459954,10102359.00
2024/08/15,21.83,22.38,21.78,22.29,637900,14133869.00
2024/08/16,22.29,22.85,22.26,22.61,978013,22146498.00
2024/08/19,23.00,23.09,22.14,22.25,692500,15536277.00
2024/08/20,22.25,22.39,21.75,21.92,602500,13290004.00
2024/08/21,21.91,22.47,21.77,22.06,591421,13111178.00
2024/08/22,21.79,22.29,21.47,21.47,555341,12101479.00
2024/08/23,21.39,21.74,20.90,21.40,730000,15559675.00
2024/08/26,21.38,21.96,21.21,21.75,635333,13780972.00
2024/08/27,21.83,22.04,21.03,21.13,800100,17103488.00
2024/08/28,20.92,21.13,20.47,20.94,710400,14797786.00
2024/08/29,20.74,21.65,20.74,21.62,773900,16526512.00
2024/08/30,21.49,25.94,21.49,25.94,6370529,158347392.00
2024/09/02,24.91,24.97,23.74,24.00,7139180,173194944.00
2024/09/03,24.15,25.08,23.66,24.54,5192006,126546432.00
2024/09/04,24.22,24.46,23.46,24.00,3526000,84282008.00
2024/09/05,23.99,24.09,23.60,24.06,2150643,51400984.00
2024/09/06,24.03,24.03,23.08,23.25,2467114,57824912.00
2024/09/09,23.11,23.75,22.88,23.75,1749883,40971092.00
2024/09/10,23.53,23.99,23.31,23.93,2050300,48611824.00
2024/09/11,23.78,24.14,23.26,23.34,1846907,43680560.00
2024/09/12,23.67,23.98,23.35,23.48,1799007,42544620.00
2024/09/13,23.30,23.59,22.05,22.09,2546400,57760564.00
2024/09/18,21.75,22.34,21.34,21.89,1417763,30809176.00
2024/09/19,22.17,22.38,21.86,22.17,1116063,24731202.00
2024/09/20,22.16,23.36,22.15,22.63,2416892,55322692.00
2024/09/23,22.72,24.19,22.72,23.60,2911392,68499600.00
2024/09/24,23.29,23.80,23.00,23.77,2935539,68938120.00
2024/09/25,23.77,24.85,23.58,24.16,3992898,96126544.00
2024/09/26,23.99,24.50,23.62,24.29,2699070,64767196.00
2024/09/27,24.50,25.77,24.11,25.50,3892686,97519912.00
2024/09/30,27.00,29.42,25.57,29.11,5267126,144840528.00
2024/10/08,33.98,34.68,29.97,32.81,5645797,182953328.00
2024/10/09,31.00,31.55,28.00,28.05,3543344,105850800.00
2024/10/10,28.43,29.14,27.45,27.88,2345500,66336188.00
2024/10/11,27.88,28.00,26.46,26.75,2112000,57172620.00
2024/10/14,27.42,27.76,26.20,27.72,1776447,48290488.00
2024/10/15,27.73,28.49,27.20,27.27,1984000,55223584.00
2024/10/16,26.94,27.37,26.61,27.00,1380086,37192340.00
2024/10/17,27.20,27.67,27.05,27.11,1581160,43375016.00
2024/10/18,27.10,28.97,26.82,28.24,2439238,68466472.00
2024/10/21,28.75,30.90,28.75,30.13,4433100,133296136.00
2024/10/22,30.11,30.13,29.08,29.43,2873600,84534056.00
2024/10/23,29.21,33.88,29.05,32.69,6850589,216644032.00
2024/10/24,31.68,31.97,30.70,31.08,4182634,130953736.00
2024/10/25,30.99,31.15,30.20,30.79,3265700,99910944.00
2024/10/28,30.62,31.38,30.20,31.15,2506818,77031248.00
2024/10/29,30.81,31.15,29.76,29.79,2475692,74963640.00
2024/10/30,29.57,30.13,28.84,29.28,1772851,52371552.00
2024/10/31,29.00,29.74,28.89,29.45,1820448,53526776.00
2024/11/01,29.20,29.25,27.13,27.15,2762540,77291632.00
2024/11/04,26.98,29.16,26.90,28.70,2448547,69409464.00
2024/11/05,28.64,29.79,28.30,29.59,2477643,71974400.00
2024/11/06,29.44,30.59,29.05,29.88,2689107,80197712.00
2024/11/07,29.56,30.28,29.30,29.90,1901862,56516068.00
2024/11/08,29.99,31.10,29.93,30.01,2974545,90592968.00
2024/11/11,29.70,31.21,29.60,30.99,3234747,99024464.00
2024/11/12,31.07,31.07,30.03,30.32,2267862,69343424.00
2024/11/13,30.35,30.95,29.88,30.85,1996193,60799476.00
2024/11/14,31.10,31.83,29.65,29.82,2492596,76186688.00
2024/11/15,29.68,30.35,29.04,29.16,2117899,63010584.00
2024/11/18,29.17,29.68,27.51,28.32,1679500,47385892.00
2024/11/19,28.51,29.99,28.02,29.91,1828700,53289592.00
2024/11/20,29.94,30.88,29.64,30.22,2206469,66726980.00
2024/11/21,29.92,30.98,29.62,30.57,2797259,84892872.00
2024/11/22,30.50,30.50,28.50,28.61,2074371,61219732.00
数据来源:通达信
