301063 海锅股份 日线 不复权
      日期	    开盘	    最高	    最低	    收盘	    成交量	    成交额
2021/09/24,52.00,58.00,51.00,51.58,13337927,717455232.00
2021/09/27,52.33,55.78,44.00,44.60,11681493,587103552.00
2021/09/28,41.00,45.97,40.48,43.15,8494255,367872320.00
2021/09/29,43.00,48.66,40.58,41.30,9227196,414538976.00
2021/09/30,42.00,43.58,40.00,42.70,7509667,315388544.00
2021/10/08,42.84,43.80,38.40,38.48,7436179,300472032.00
2021/10/11,38.18,38.42,35.80,36.03,5434385,198856976.00
2021/10/12,35.91,39.11,35.75,38.50,6659953,246339552.00
2021/10/13,38.48,39.80,36.78,37.35,6681238,255785104.00
2021/10/14,37.01,41.64,36.00,39.40,8096471,314250656.00
2021/10/15,39.00,47.28,37.37,47.28,13175586,570640832.00
2021/10/18,44.80,47.45,44.02,44.50,10712899,485170784.00
2021/10/19,43.50,45.28,43.00,44.25,7899232,348424384.00
2021/10/20,43.21,45.66,42.00,43.65,7326594,321921088.00
2021/10/21,42.53,42.97,40.60,40.75,6510123,270406656.00
2021/10/22,39.98,41.25,38.67,38.89,5144761,205811664.00
2021/10/25,39.00,41.00,39.00,40.06,5355211,214728736.00
2021/10/26,38.82,42.42,38.82,41.75,7185435,293682880.00
2021/10/27,40.94,45.26,40.48,41.22,7451492,315342624.00
2021/10/28,41.22,44.76,41.22,42.15,7505678,320273440.00
2021/10/29,41.25,41.31,37.00,38.25,6121419,234618160.00
2021/11/01,37.51,40.28,37.01,39.33,5202613,201289984.00
2021/11/02,38.90,42.85,38.62,41.72,6751524,275489312.00
2021/11/03,40.58,43.59,40.06,43.59,5833287,242682080.00
2021/11/04,43.59,50.80,43.06,46.20,10377355,480759968.00
2021/11/05,44.30,46.78,44.08,44.30,7438873,334054848.00
2021/11/08,43.69,47.40,43.67,46.10,6320267,288448032.00
2021/11/09,46.32,48.11,45.25,45.66,5138346,238282192.00
2021/11/10,44.71,46.50,43.50,46.45,4742349,211635776.00
2021/11/11,46.02,47.27,45.00,45.56,4567997,210510640.00
2021/11/12,45.76,48.99,45.40,48.65,7182025,340390272.00
2021/11/15,48.05,48.05,46.05,47.49,4974069,233872512.00
2021/11/16,47.61,47.65,43.36,44.37,5216737,234836704.00
2021/11/17,44.22,49.80,44.22,48.85,7637622,361243168.00
2021/11/18,48.80,51.88,47.62,49.85,7907733,393587264.00
2021/11/19,49.03,50.63,48.60,49.03,5700366,282522816.00
2021/11/22,48.81,50.90,48.32,48.78,4448973,218509872.00
2021/11/23,48.60,51.93,48.10,49.36,5982806,297474176.00
2021/11/24,49.00,49.80,47.33,47.71,4696303,225806160.00
2021/11/25,47.62,48.96,46.82,48.08,3631406,173801696.00
2021/11/26,47.60,51.50,47.30,50.06,6026649,298063456.00
2021/11/29,48.86,49.94,47.91,48.66,3845265,188485824.00
2021/11/30,48.80,49.63,45.72,46.20,4827594,229497696.00
2021/12/01,45.86,46.54,45.24,46.11,3011764,138270016.00
2021/12/02,46.00,46.00,42.30,42.45,4165754,182215632.00
2021/12/03,42.50,43.50,42.06,42.28,2334352,99856648.00
2021/12/06,42.30,44.02,40.50,41.65,2855316,120868096.00
2021/12/07,41.66,41.97,39.86,41.17,2554829,103915552.00
2021/12/08,41.65,42.50,41.37,41.72,1891670,79178048.00
2021/12/09,41.72,42.15,40.63,40.71,1960210,80855272.00
2021/12/10,40.50,41.56,40.43,40.96,1378184,56652960.00
2021/12/13,41.50,42.56,40.79,42.13,2120417,88692008.00
2021/12/14,42.15,43.65,42.13,42.65,2519838,108008008.00
2021/12/15,42.26,43.74,42.00,43.30,2561545,110184192.00
2021/12/16,43.33,44.17,42.60,43.77,2549959,110791608.00
2021/12/17,42.98,43.94,42.06,42.06,2138912,91905432.00
2021/12/20,41.50,41.97,39.45,39.50,2216514,89459456.00
2021/12/21,39.55,40.09,39.07,39.71,1010084,39940316.00
2021/12/22,39.86,40.05,39.12,39.27,1071753,42261844.00
2021/12/23,39.34,40.24,38.86,40.17,1505303,59847720.00
2021/12/24,40.05,40.12,37.50,37.76,1821881,70572960.00
2021/12/27,37.76,38.73,37.50,38.10,973855,37169556.00
2021/12/28,38.97,40.30,38.50,39.10,1527226,60031488.00
2021/12/29,38.68,39.80,38.60,38.89,1108027,43433296.00
2021/12/30,38.73,39.55,38.55,38.90,923420,36147544.00
2021/12/31,39.50,40.22,39.13,39.20,1358636,53758236.00
2022/01/04,39.06,40.58,38.66,40.20,1804399,71104272.00
2022/01/05,40.00,40.26,38.31,38.61,1621054,63026452.00
2022/01/06,38.28,39.51,37.90,39.00,1015155,39596672.00
2022/01/07,39.09,39.27,38.05,38.10,989571,38099372.00
2022/01/10,37.06,38.30,37.06,38.01,606272,22948272.00
2022/01/11,37.88,38.81,37.88,38.03,738413,28314366.00
2022/01/12,38.36,39.06,38.36,38.92,1026899,39783976.00
2022/01/13,39.18,39.29,38.05,38.10,814671,31258260.00
2022/01/14,38.34,38.57,37.41,37.41,899163,33988432.00
2022/01/17,37.35,37.87,37.15,37.54,813941,30534556.00
2022/01/18,37.46,37.93,37.13,37.32,1036039,38722140.00
2022/01/19,37.11,37.35,36.58,36.78,879600,32481828.00
2022/01/20,36.83,36.95,35.81,35.82,940426,34002720.00
2022/01/21,35.83,36.35,35.52,36.02,525071,18917006.00
2022/01/24,35.90,36.69,35.60,36.11,604371,21867032.00
2022/01/25,35.80,36.23,33.39,33.47,1281702,44075864.00
2022/01/26,33.79,36.70,33.79,35.37,1629895,57603472.00
2022/01/27,34.77,34.77,33.62,33.78,1044253,35752712.00
2022/01/28,33.78,35.49,33.21,34.94,1070642,36962940.00
2022/02/07,35.90,37.43,35.20,36.65,1938921,70590848.00
2022/02/08,36.65,37.20,35.57,36.93,1721110,62684652.00
2022/02/09,36.57,36.79,35.86,36.48,1237454,44971476.00
2022/02/10,36.46,36.99,35.68,36.40,1233643,44825184.00
2022/02/11,36.02,36.02,34.80,34.83,1051500,37137096.00
2022/02/14,34.25,35.30,34.25,34.55,700100,24377948.00
2022/02/15,34.53,35.39,33.94,35.17,1040184,36307784.00
2022/02/16,35.16,35.50,34.94,35.37,703504,24806418.00
2022/02/17,35.55,36.43,35.05,35.82,1394242,50062396.00
2022/02/18,35.30,35.60,34.68,35.28,963488,33864944.00
2022/02/21,35.52,35.65,35.00,35.65,817132,28943104.00
2022/02/22,35.67,35.96,34.34,34.71,854346,29810762.00
2022/02/23,34.71,35.82,34.71,35.55,972129,34390872.00
2022/02/24,35.29,36.36,34.62,35.18,1627824,57978228.00
2022/02/25,36.10,36.48,35.40,35.40,898400,32192772.00
2022/02/28,35.67,36.30,34.23,36.05,1270618,45027172.00
2022/03/01,36.07,37.35,35.66,36.32,1669658,60948236.00
2022/03/02,37.20,38.00,36.68,37.20,2385885,88683672.00
2022/03/03,38.60,44.64,38.60,44.64,9916237,429315968.00
2022/03/04,44.00,44.00,39.89,40.30,9960969,415854240.00
2022/03/07,40.13,41.09,38.20,39.17,5623442,223119056.00
2022/03/08,38.51,38.54,36.71,38.18,4159852,156290160.00
2022/03/09,38.22,40.35,37.10,40.35,6302079,247421616.00
2022/03/10,39.47,41.86,39.00,40.09,6284464,253527440.00
2022/03/11,39.00,39.15,36.88,38.65,4014218,153227136.00
2022/03/14,38.09,38.40,35.90,36.00,2959929,109723360.00
2022/03/15,35.51,35.55,33.03,33.03,3071736,105372072.00
2022/03/16,33.20,33.60,30.40,32.36,3182304,101992896.00
2022/03/17,32.38,33.36,32.00,33.28,2643591,87005680.00
2022/03/18,33.36,33.60,32.68,32.92,1966486,65131896.00
2022/03/21,32.92,35.29,32.50,34.07,2981900,100974368.00
2022/03/22,34.58,34.61,33.19,33.40,1932520,64724512.00
2022/03/23,34.31,35.12,33.53,33.76,2979085,102205640.00
2022/03/24,33.00,34.05,32.51,32.75,2452298,80971096.00
2022/03/25,32.54,33.43,32.49,32.74,1658739,54665748.00
2022/03/28,32.51,32.68,31.30,31.62,1469038,46764484.00
2022/03/29,31.51,31.86,30.25,30.57,1549316,47814024.00
2022/03/30,31.00,31.28,30.51,31.08,1269014,39233968.00
2022/03/31,30.90,31.20,30.37,30.46,1186753,36535940.00
2022/04/01,30.25,30.30,29.51,29.67,1327554,39592852.00
2022/04/06,29.59,30.08,29.31,29.82,932285,27844156.00
2022/04/07,29.70,29.70,28.50,29.02,1024912,29859464.00
2022/04/08,29.03,29.30,28.01,28.20,1114376,31710910.00
2022/04/11,27.88,28.40,27.08,27.37,1040908,28716196.00
2022/04/12,27.37,27.83,27.00,27.82,855030,23504104.00
2022/04/13,27.60,27.87,27.09,27.28,745349,20463544.00
2022/04/14,27.50,27.78,27.18,27.29,727462,19995602.00
2022/04/15,27.29,27.29,26.49,26.53,813717,21746840.00
2022/04/18,26.03,27.14,25.86,26.92,711163,18972144.00
2022/04/19,26.90,28.08,26.90,27.72,1309217,35998976.00
2022/04/20,27.51,27.90,27.15,27.50,1055608,29080618.00
2022/04/21,29.54,30.37,25.63,25.97,3357251,95135304.00
2022/04/22,24.88,28.32,24.30,26.99,2839438,74104696.00
2022/04/25,26.00,26.75,24.32,24.33,2148103,54706052.00
2022/04/26,24.00,24.65,22.53,22.76,1849829,43563696.00
2022/04/27,22.07,23.89,21.94,23.71,1587907,36426480.00
2022/04/28,22.55,23.40,21.95,21.95,1793826,40469180.00
2022/04/29,21.57,23.39,21.56,23.25,1475801,33784528.00
2022/05/05,23.52,24.46,22.90,24.46,1357486,32337806.00
2022/05/06,23.90,24.35,23.48,23.78,1371531,32863604.00
2022/05/09,23.48,24.73,23.48,24.70,1074785,26291994.00
2022/05/10,24.26,26.21,24.20,25.48,1770616,45023444.00
2022/05/11,25.54,26.48,25.05,25.45,1700899,44109120.00
2022/05/12,25.18,25.94,24.90,25.60,1038846,26516688.00
2022/05/13,25.75,26.15,25.52,25.61,802190,20642710.00
2022/05/16,25.61,25.90,25.28,25.39,608206,15530096.00
2022/05/17,25.18,25.88,25.18,25.37,709882,18113628.00
2022/05/18,25.33,26.06,24.83,25.70,897836,23143494.00
2022/05/19,25.10,28.82,25.10,27.05,3631002,99118792.00
2022/05/20,26.99,27.39,26.42,26.54,2552346,68318936.00
2022/05/23,26.47,27.86,25.93,27.57,2800492,75105280.00
2022/05/24,27.20,27.70,25.81,26.14,2738574,73728256.00
2022/05/25,25.75,26.80,25.50,26.46,1959728,51221496.00
2022/05/26,26.16,26.82,25.40,26.04,2074553,54336436.00
2022/05/27,26.34,26.58,25.70,25.96,1285578,33542578.00
2022/05/30,25.97,26.19,25.31,25.97,1112019,28646964.00
2022/05/31,26.61,27.00,25.94,26.72,1950183,51816484.00
2022/06/01,26.21,27.30,26.01,26.93,1429850,38392792.00
2022/06/02,26.93,27.90,26.63,27.54,1736615,47656720.00
2022/06/06,27.35,28.15,27.35,27.80,1526857,42411628.00
2022/06/07,27.80,28.40,27.07,27.61,1666344,46083936.00
2022/06/08,27.63,28.00,26.60,27.20,1216377,33262922.00
2022/06/09,27.49,27.49,26.10,26.19,896615,23768324.00
2022/06/10,26.53,27.48,25.81,26.66,1086748,29147666.00
2022/06/13,26.60,27.65,26.25,27.21,1104854,30010458.00
2022/06/14,26.85,27.13,25.74,26.78,1108375,29264682.00
2022/06/15,26.78,27.30,26.11,26.13,1072673,28523478.00
2022/06/16,26.16,26.75,26.05,26.19,658887,17363042.00
2022/06/17,25.93,27.38,25.93,27.11,1956002,52780880.00
2022/06/20,27.25,30.44,27.21,29.50,5349019,155656560.00
2022/06/21,29.45,29.50,28.18,28.53,3240401,92944800.00
2022/06/22,28.51,28.89,27.66,27.90,2320166,65451192.00
2022/06/23,27.85,28.37,27.43,28.25,1738621,48535204.00
2022/06/24,28.38,29.19,28.08,29.15,2707110,78223568.00
2022/06/27,29.16,29.42,28.20,28.76,1989865,56993256.00
2022/06/28,28.98,28.98,28.31,28.68,1265053,36232384.00
2022/06/29,28.88,29.17,27.66,27.82,1618856,45879956.00
2022/06/30,27.60,28.30,27.45,27.86,1108655,30927190.00
2022/07/01,27.83,28.17,27.24,27.26,987543,27241570.00
2022/07/04,27.26,27.80,26.51,27.78,1054087,28777006.00
2022/07/05,27.67,27.81,26.58,26.87,1119001,30173480.00
2022/07/06,26.96,28.00,26.76,26.80,1180352,32331172.00
2022/07/07,26.61,27.61,26.36,27.09,872351,23494254.00
2022/07/08,27.50,27.50,26.76,26.84,762215,20656746.00
2022/07/11,27.30,27.30,26.30,27.05,819698,22090228.00
2022/07/12,26.90,27.79,26.70,27.16,1422166,38937940.00
2022/07/13,27.03,29.18,27.00,29.00,3325433,94801152.00
2022/07/14,29.10,34.09,28.71,33.28,6580804,206676704.00
2022/07/15,33.31,34.31,32.03,33.09,4054085,134167320.00
2022/07/18,32.10,33.99,32.10,33.00,3106339,102227296.00
2022/07/19,32.64,34.77,32.32,32.96,3129159,104123672.00
2022/07/20,32.86,35.10,32.58,34.00,4777582,162311056.00
2022/07/21,33.48,34.66,32.92,33.15,3100398,104576096.00
2022/07/22,32.92,34.00,31.21,31.65,2760602,88565176.00
2022/07/25,31.39,31.89,30.02,30.16,1956010,59771848.00
2022/07/26,30.65,30.65,29.65,29.90,1442271,43219500.00
2022/07/27,29.91,30.45,29.87,30.45,1561702,47135120.00
2022/07/28,30.49,31.00,30.21,30.60,1671851,51205456.00
2022/07/29,30.31,31.64,30.31,31.10,2284372,70935600.00
2022/08/01,30.76,30.99,29.71,30.69,1478620,44845296.00
2022/08/02,30.10,30.10,28.22,28.53,2113299,61289944.00
2022/08/03,28.05,29.68,28.00,28.43,1459302,42381252.00
2022/08/04,28.48,29.18,28.00,28.52,980253,27941200.00
2022/08/05,28.57,28.99,27.70,28.25,1275047,36044560.00
2022/08/08,28.32,29.18,27.97,28.89,1230824,35391040.00
2022/08/09,28.65,29.87,28.65,29.85,1843619,54270480.00
2022/08/10,29.55,30.15,29.16,29.35,1368356,40409504.00
2022/08/11,29.80,30.08,29.02,29.78,1376650,40806244.00
2022/08/12,29.61,29.88,29.00,29.18,1020072,30032418.00
2022/08/15,29.15,29.85,28.74,29.80,1008294,29707436.00
2022/08/16,30.00,33.66,30.00,31.97,4609121,147914480.00
2022/08/17,32.01,32.35,30.91,31.01,2864190,89874808.00
2022/08/18,30.95,31.89,30.81,31.67,2231332,70401352.00
2022/08/19,31.59,31.67,30.49,30.69,2021844,62502992.00
2022/08/22,30.55,31.28,30.16,30.60,1495924,46071680.00
2022/08/23,30.75,31.49,30.20,30.53,1429147,43898940.00
2022/08/24,30.60,30.77,28.67,29.06,1870385,55153548.00
2022/08/25,28.91,30.55,27.50,28.08,1555307,43902236.00
2022/08/26,28.14,28.82,27.91,28.00,1031970,29354420.00
2022/08/29,27.51,29.09,27.05,28.90,1085800,30974206.00
2022/08/30,29.33,29.59,28.12,28.93,1353202,38932412.00
2022/08/31,28.97,29.18,26.80,26.96,1683309,46450236.00
2022/09/01,27.80,28.88,26.81,27.08,1859024,51256344.00
2022/09/02,27.07,27.50,26.11,26.88,1486664,39910580.00
2022/09/05,27.15,28.84,26.95,28.15,2053745,57594976.00
2022/09/06,28.15,28.28,27.21,27.90,1313059,36347328.00
2022/09/07,27.69,28.28,27.50,27.85,942684,26358768.00
2022/09/08,27.85,27.87,27.01,27.12,1033475,28299652.00
2022/09/09,27.00,27.25,26.35,26.56,765081,20362958.00
2022/09/13,26.26,26.75,25.91,26.20,762475,19980688.00
2022/09/14,25.82,26.06,25.41,25.82,656700,16865652.00
2022/09/15,26.37,26.54,24.40,24.81,1494661,37967012.00
2022/09/16,24.46,24.77,23.75,23.78,904013,21889152.00
2022/09/19,23.70,24.18,23.35,23.60,699075,16588012.00
2022/09/20,23.68,24.29,23.68,24.14,675191,16282145.00
2022/09/21,24.11,24.38,23.50,24.36,565777,13630702.00
2022/09/22,24.00,24.80,23.88,24.28,800055,19575664.00
2022/09/23,24.28,24.42,23.24,23.31,617521,14603805.00
2022/09/26,22.60,23.42,22.33,22.93,781691,17940604.00
2022/09/27,22.73,23.58,22.72,23.53,643224,15038698.00
2022/09/28,23.98,25.15,23.23,23.26,1510263,36329864.00
2022/09/29,23.46,23.58,22.72,22.87,1016981,23500624.00
2022/09/30,22.66,23.16,22.32,22.32,612527,13916881.00
2022/10/10,22.36,23.60,22.32,22.52,818983,18618872.00
2022/10/11,22.00,22.73,21.92,22.38,560160,12451187.00
2022/10/12,22.00,23.58,22.00,23.53,874164,19983884.00
2022/10/13,23.16,24.35,23.16,23.88,989206,23699952.00
2022/10/14,23.88,24.55,23.80,24.17,1065830,25775112.00
2022/10/17,24.00,24.84,23.92,24.67,963677,23628946.00
2022/10/18,24.68,25.10,24.41,24.81,781682,19378418.00
2022/10/19,24.72,25.18,24.48,24.48,676886,16775226.00
2022/10/20,24.48,24.80,24.00,24.21,679298,16561216.00
2022/10/21,24.21,25.38,24.13,25.36,1554056,38758564.00
2022/10/24,26.11,28.97,26.11,27.88,4836714,133755568.00
2022/10/25,27.56,33.46,27.00,33.46,11586607,364981056.00
2022/10/26,32.63,36.59,32.10,35.39,9111069,313946368.00
2022/10/27,34.87,36.54,34.62,35.00,5058552,178904080.00
2022/10/28,35.00,35.00,32.85,33.10,3180808,107187432.00
2022/10/31,33.10,36.47,33.10,35.09,3181872,112422248.00
2022/11/01,35.09,37.36,34.76,36.30,2767771,100276968.00
2022/11/02,36.30,37.07,34.98,36.11,2314208,83700192.00
2022/11/03,36.95,38.63,35.80,36.62,2117308,78528360.00
2022/11/04,36.83,36.83,35.80,36.30,1894674,68513560.00
2022/11/07,36.46,37.47,35.80,36.90,2056983,75360584.00
2022/11/08,37.01,37.64,35.66,37.23,1035027,38128200.00
2022/11/09,36.60,39.25,36.00,39.25,1983018,75584840.00
2022/11/10,38.70,41.58,38.00,38.97,2821624,112512552.00
2022/11/11,40.18,41.20,38.50,39.90,1834917,72949560.00
2022/11/14,39.89,41.99,39.50,41.75,1691032,69407696.00
2022/11/15,41.79,41.81,38.00,38.60,2741034,108144320.00
2022/11/16,38.18,38.40,35.00,35.99,3713157,135994704.00
2022/11/17,35.90,35.99,34.21,35.82,1975453,69355752.00
2022/11/18,35.40,36.38,34.81,35.20,1041298,36992984.00
2022/11/21,35.21,36.49,34.68,35.25,1237130,43648244.00
2022/11/22,34.80,34.99,33.88,33.96,1058928,36388632.00
2022/11/23,34.10,36.49,33.47,35.50,1846492,64649432.00
2022/11/24,35.49,35.83,34.48,34.77,965059,33776780.00
2022/11/25,34.59,34.59,33.70,33.97,752688,25641820.00
2022/11/28,33.53,34.41,33.31,33.79,585178,19711100.00
2022/11/29,33.01,33.99,33.01,33.28,881727,29309042.00
2022/11/30,32.82,33.76,32.41,33.10,876135,29024700.00
2022/12/01,33.44,33.98,32.95,33.29,802583,26752832.00
2022/12/02,33.30,34.09,33.00,33.61,833901,27954616.00
2022/12/05,33.63,33.98,32.80,33.15,760200,25288968.00
2022/12/06,33.15,33.97,32.92,33.28,994437,33265456.00
2022/12/07,33.28,35.12,33.03,34.01,1976973,67882544.00
2022/12/08,34.50,35.63,32.85,32.88,1705793,57637132.00
2022/12/09,32.66,34.13,32.54,33.74,1633964,54931896.00
2022/12/12,33.60,35.15,33.12,34.37,1038336,35837080.00
2022/12/13,34.69,34.85,33.50,33.58,628327,21376252.00
2022/12/14,33.57,34.33,32.94,33.19,793633,26620546.00
2022/12/15,32.80,33.29,32.72,33.03,475127,15678116.00
2022/12/16,32.82,32.82,31.74,31.94,683995,22002380.00
2022/12/19,31.94,33.00,31.24,32.01,847514,27194650.00
2022/12/20,31.87,34.01,31.53,33.83,1272652,42277360.00
2022/12/21,34.00,40.60,33.83,39.03,6125045,238438032.00
2022/12/22,39.00,39.60,35.19,35.80,4803352,177482480.00
2022/12/23,35.21,37.09,35.21,35.93,2550118,92253208.00
2022/12/26,35.33,37.80,35.33,37.35,2508290,92547416.00
2022/12/27,36.90,37.23,35.05,35.91,2614641,93719424.00
2022/12/28,35.76,36.20,34.64,34.94,1179337,41377804.00
2022/12/29,34.94,35.24,33.70,33.93,1268266,43386404.00
2022/12/30,34.14,34.84,33.50,34.02,887015,30186548.00
2023/01/03,34.10,36.26,33.77,36.00,1569997,55434468.00
2023/01/04,35.99,36.37,35.00,35.92,1276489,45689724.00
2023/01/05,36.00,36.24,34.88,35.15,1160630,41001288.00
2023/01/06,35.09,37.20,34.81,36.84,2440745,88849280.00
2023/01/09,37.23,37.23,35.18,36.10,1739728,62558656.00
2023/01/10,35.50,36.44,35.05,35.88,1100273,39353108.00
2023/01/11,35.92,35.99,34.24,34.24,1166250,40665872.00
2023/01/12,34.24,35.30,33.80,33.91,864299,29766220.00
2023/01/13,34.39,34.62,33.11,33.50,947200,31870322.00
2023/01/16,33.71,34.82,33.19,34.47,934224,32068454.00
2023/01/17,34.79,35.28,34.08,34.38,776600,26857262.00
2023/01/18,34.44,34.59,33.69,34.07,825086,28045164.00
2023/01/19,34.25,34.30,33.70,33.83,621566,21115418.00
2023/01/20,33.83,34.30,33.60,34.12,969892,33037436.00
2023/01/30,34.85,35.67,34.41,35.28,1131119,39848108.00
2023/01/31,35.07,36.36,35.00,36.13,1048990,37488576.00
2023/02/01,36.33,36.33,35.41,36.10,1051387,37680976.00
2023/02/02,36.40,36.85,35.73,36.45,1053672,38283280.00
2023/02/03,36.41,36.60,35.41,36.40,924569,33315690.00
2023/02/06,36.22,36.66,36.02,36.34,440226,15982210.00
2023/02/07,36.35,37.11,36.35,36.62,662456,24296510.00
2023/02/08,36.64,37.09,36.11,36.80,757418,27792374.00
2023/02/09,36.60,36.75,35.94,36.15,1127595,40938820.00
2023/02/10,36.15,36.22,34.40,34.86,1696611,59441512.00
2023/02/13,35.00,35.67,34.44,35.29,1071089,37745820.00
2023/02/14,35.24,35.39,34.57,35.12,982298,34206544.00
2023/02/15,34.82,35.99,34.78,34.83,856361,30150370.00
2023/02/16,35.26,35.26,33.53,33.74,1012027,34738668.00
2023/02/17,33.72,33.95,33.16,33.24,705640,23622662.00
2023/02/20,33.60,34.05,32.90,33.41,809962,27149618.00
2023/02/21,33.49,34.06,33.26,34.06,795131,26740704.00
2023/02/22,34.79,37.58,34.20,35.69,5719535,204347232.00
2023/02/23,35.69,35.69,34.20,34.50,3546081,122889736.00
2023/02/24,34.49,34.49,33.03,33.36,2002800,67244752.00
2023/02/27,33.35,33.55,32.53,32.57,1189655,39204928.00
2023/02/28,32.49,32.88,32.39,32.84,839600,27400306.00
2023/03/01,32.58,32.95,32.24,32.49,1342768,43707316.00
2023/03/02,32.49,32.64,32.10,32.18,1516446,49086764.00
2023/03/03,32.28,32.30,31.53,31.89,984584,31392304.00
2023/03/06,31.82,32.76,31.82,32.71,1207579,39145532.00
2023/03/07,32.70,33.56,32.24,32.51,1522682,49954492.00
2023/03/08,32.21,32.61,31.85,32.26,649479,20890230.00
2023/03/09,32.26,32.66,32.07,32.59,627300,20298414.00
2023/03/10,32.35,32.48,31.64,31.81,685200,21917012.00
2023/03/13,31.55,32.46,31.55,32.40,626500,20200592.00
2023/03/14,32.21,32.44,31.30,31.89,827003,26234970.00
2023/03/15,31.87,32.48,31.86,32.40,575196,18568010.00
2023/03/16,32.16,32.21,30.78,30.83,1026295,32178328.00
2023/03/17,31.26,31.35,30.27,30.27,788635,24167582.00
2023/03/20,30.26,30.68,29.50,29.89,1472274,44050328.00
2023/03/21,30.15,30.39,29.70,30.36,627200,18953660.00
2023/03/22,30.36,31.10,30.20,30.33,789810,24170500.00
2023/03/23,30.41,30.80,30.00,30.12,724597,21987920.00
2023/03/24,30.22,30.23,29.59,29.92,932600,27855460.00
2023/03/27,29.94,31.26,29.29,30.77,1966603,60258580.00
2023/03/28,31.25,31.25,30.02,30.25,872408,26580432.00
2023/03/29,30.30,30.33,29.47,29.58,975348,29037460.00
2023/03/30,29.57,30.06,29.39,29.93,656025,19544168.00
2023/03/31,30.00,30.15,29.72,29.99,602701,18054748.00
2023/04/03,30.02,30.48,29.60,30.44,860188,25868432.00
2023/04/04,30.33,30.36,28.35,29.41,1875487,55033832.00
2023/04/06,29.47,29.91,29.30,29.72,803744,23842968.00
2023/04/07,29.83,30.19,29.50,29.93,764900,22905512.00
2023/04/10,29.93,30.23,29.38,29.61,1207801,35903912.00
2023/04/11,29.50,29.58,29.09,29.57,828651,24315014.00
2023/04/12,29.56,29.69,29.08,29.26,785827,22989484.00
2023/04/13,29.18,30.18,29.18,29.46,886024,26285808.00
2023/04/14,29.45,30.07,29.31,29.73,776501,23117120.00
2023/04/17,29.75,30.76,29.56,30.44,1172977,35673448.00
2023/04/18,30.30,30.47,29.66,29.70,1102727,33003946.00
2023/04/19,29.76,29.76,29.18,29.21,606708,17765372.00
2023/04/20,29.19,29.67,28.18,28.32,1096864,31225884.00
2023/04/21,28.47,28.75,26.90,26.94,2329024,64209820.00
2023/04/24,26.85,27.24,26.32,26.98,1908550,51169340.00
2023/04/25,26.85,27.42,25.96,26.19,1209295,31909010.00
2023/04/26,26.40,27.11,25.99,26.62,2221000,59450488.00
2023/04/27,26.99,27.36,26.53,27.01,2082596,56240212.00
2023/04/28,26.90,27.50,26.73,27.24,1266100,34306428.00
2023/05/04,27.02,27.12,26.09,26.28,1794452,47634988.00
2023/05/05,26.28,26.34,25.45,25.70,1275700,32738386.00
2023/05/08,25.89,26.46,25.70,26.19,1260700,32923124.00
2023/05/09,26.09,26.19,25.02,25.09,1493427,37812700.00
2023/05/10,25.07,26.06,24.88,25.55,1440200,36664048.00
2023/05/11,25.43,26.03,25.18,25.83,1023924,26241450.00
2023/05/12,26.07,26.07,25.40,25.43,886780,22719018.00
2023/05/15,25.45,26.15,25.44,26.06,1188600,30769048.00
2023/05/16,26.36,27.08,26.06,26.66,2342500,62339084.00
2023/05/17,26.50,27.05,26.24,26.99,1385712,37063132.00
2023/05/18,26.99,27.32,26.70,27.30,1265099,34281276.00
2023/05/19,27.01,27.81,26.88,27.58,1088265,29868266.00
2023/05/22,27.52,28.66,27.31,27.98,1311524,36804956.00
2023/05/23,27.59,28.39,27.52,27.84,1002800,28064666.00
2023/05/24,27.84,28.53,27.77,28.28,1216181,34400900.00
2023/05/25,28.50,28.89,28.15,28.86,1718008,49095012.00
2023/05/26,28.93,29.09,27.71,28.20,1883577,53080612.00
2023/05/29,28.20,28.41,27.61,27.61,1223300,34078136.00
2023/05/30,27.85,28.28,27.10,27.49,1683300,46271340.00
2023/05/31,27.51,27.85,26.88,26.97,965900,26218084.00
2023/06/01,27.10,27.45,26.79,27.09,1138000,30890142.00
2023/06/02,27.05,27.95,27.05,27.46,1715150,47308360.00
2023/06/05,27.53,27.99,27.00,27.72,1590200,43971876.00
2023/06/06,27.66,27.76,27.01,27.07,1174631,32045228.00
2023/06/07,27.10,27.12,26.52,26.63,822797,21978086.00
2023/06/08,26.49,27.25,26.49,26.72,1019291,27381222.00
2023/06/09,26.98,27.55,26.37,27.00,1647524,44347492.00
2023/06/12,26.67,26.92,25.50,26.70,1762200,46398600.00
2023/06/13,26.79,27.30,26.70,27.19,1119575,30294116.00
2023/06/14,27.20,27.20,26.71,27.05,858400,23116974.00
2023/06/15,27.16,27.60,26.62,27.55,1208648,32989952.00
2023/06/16,27.55,28.07,27.40,27.59,1172223,32371968.00
2023/06/19,27.78,27.78,27.16,27.30,975075,26711876.00
2023/06/20,27.35,27.77,26.91,27.27,986458,26890828.00
2023/06/21,27.27,27.58,26.62,26.64,903000,24352186.00
2023/06/26,26.64,26.95,26.03,26.30,1076811,28454274.00
2023/06/27,26.37,27.19,26.00,27.15,953679,25658224.00
2023/06/28,27.40,27.40,26.36,26.99,751514,20140166.00
2023/06/29,26.98,27.97,26.91,27.65,1250900,34569176.00
2023/06/30,27.77,28.02,27.44,27.86,916816,25505356.00
2023/07/03,28.69,28.69,27.62,27.81,1100186,30755612.00
2023/07/04,28.09,28.23,27.60,28.01,960353,26901786.00
2023/07/05,27.88,28.20,27.72,27.83,758400,21153576.00
2023/07/06,27.94,27.96,27.62,27.68,690053,19171648.00
2023/07/07,27.87,27.87,27.29,27.35,653400,17946926.00
2023/07/10,27.55,27.90,27.09,27.17,839938,23023758.00
2023/07/11,27.54,27.58,26.88,27.56,1079425,29376082.00
2023/07/12,27.77,27.77,27.25,27.25,631563,17357126.00
2023/07/13,27.43,27.88,27.19,27.54,799829,21977464.00
2023/07/14,27.55,27.60,27.21,27.38,778686,21307036.00
2023/07/17,27.55,27.95,27.25,27.65,1000263,27635506.00
2023/07/18,27.65,27.76,27.40,27.71,740224,20440676.00
2023/07/19,27.71,28.15,27.28,27.51,660256,18249652.00
2023/07/20,27.63,27.70,27.15,27.17,594600,16271506.00
2023/07/21,27.16,27.25,26.48,26.48,805563,21599156.00
2023/07/24,26.59,26.87,26.18,26.25,471153,12413293.00
2023/07/25,26.60,27.01,26.36,26.95,596000,15940973.00
2023/07/26,27.15,27.15,26.63,26.66,418500,11199131.00
2023/07/27,26.66,27.19,26.30,26.39,657900,17511932.00
2023/07/28,26.41,26.64,25.90,26.61,634900,16717492.00
2023/07/31,26.61,26.91,26.10,26.88,662700,17731858.00
2023/08/01,27.09,27.15,26.52,26.74,610503,16308859.00
2023/08/02,26.50,26.71,26.25,26.38,417653,11042900.00
2023/08/03,26.27,26.36,25.90,26.14,520900,13592153.00
2023/08/04,26.14,26.48,25.70,26.07,838350,21793736.00
2023/08/07,26.13,26.30,25.80,25.88,555549,14419204.00
2023/08/08,25.94,25.94,25.53,25.81,507094,13021054.00
2023/08/09,26.45,26.45,25.20,25.50,734753,18790656.00
2023/08/10,25.51,25.90,25.27,25.61,780169,19979388.00
2023/08/11,25.70,25.76,25.16,25.19,722600,18399196.00
2023/08/14,25.02,25.62,24.99,25.60,673950,17058946.00
2023/08/15,25.56,25.76,25.13,25.67,665300,16962522.00
2023/08/16,25.44,25.78,25.32,25.70,674906,17300540.00
2023/08/17,25.57,26.03,25.20,25.92,842644,21644722.00
2023/08/18,25.93,26.29,25.68,25.83,795552,20691370.00
2023/08/21,25.52,26.01,25.06,25.13,979920,24916936.00
2023/08/22,25.39,25.73,24.81,25.65,1607648,40565176.00
2023/08/23,25.65,25.73,25.13,25.37,805134,20492920.00
2023/08/24,25.16,25.55,24.51,24.97,970316,24190812.00
2023/08/25,24.85,25.09,24.06,24.15,856380,20984078.00
2023/08/28,25.31,25.32,24.15,24.35,934553,23185200.00
2023/08/29,24.17,25.93,24.07,25.89,1487150,37792120.00
2023/08/30,25.89,26.50,25.65,26.12,807613,21167842.00
2023/08/31,26.25,26.27,25.80,26.19,670909,17527438.00
2023/09/01,25.85,26.35,25.69,26.08,568400,14725096.00
2023/09/04,26.26,26.40,25.85,26.15,635250,16552484.00
2023/09/05,26.14,26.28,25.89,25.94,499963,13007621.00
2023/09/06,25.89,26.29,25.88,26.28,513400,13405725.00
2023/09/07,26.38,26.38,25.59,25.69,575238,14851890.00
2023/09/08,25.59,25.95,25.51,25.79,296300,7635506.00
2023/09/11,25.73,26.15,25.46,26.01,595453,15395478.00
2023/09/12,26.08,26.12,25.76,25.88,355100,9192310.00
2023/09/13,25.97,25.99,25.30,25.57,500100,12765401.00
2023/09/14,25.49,25.53,24.98,25.26,494353,12468986.00
2023/09/15,25.26,25.58,25.11,25.36,385705,9767830.00
2023/09/18,25.10,26.19,25.03,25.88,577300,14911289.00
2023/09/19,25.89,25.89,25.24,25.39,469656,11926678.00
2023/09/20,25.39,25.56,25.07,25.13,324724,8214256.50
2023/09/21,25.13,25.35,24.97,25.01,323721,8128045.00
2023/09/22,25.11,25.64,24.87,25.64,490773,12455901.00
2023/09/25,25.58,25.74,25.21,25.47,392186,9966486.00
2023/09/26,25.46,25.53,24.90,25.07,513929,12955712.00
2023/09/27,25.17,26.18,24.96,25.71,1213997,31231612.00
2023/09/28,25.72,26.07,25.55,25.74,766332,19790116.00
2023/10/09,25.74,25.83,25.35,25.43,582724,14869087.00
2023/10/10,25.54,25.80,25.30,25.40,582500,14849085.00
2023/10/11,25.43,25.68,25.25,25.56,510200,13019694.00
2023/10/12,25.57,26.08,25.34,25.79,869353,22357914.00
2023/10/13,25.66,25.76,24.97,25.23,827753,20880740.00
2023/10/16,25.22,25.23,24.82,25.00,819637,20491948.00
2023/10/17,24.75,25.27,24.75,25.00,528600,13217345.00
2023/10/18,25.00,25.00,24.44,24.49,479100,11778456.00
2023/10/19,24.52,24.84,24.13,24.18,439300,10690135.00
2023/10/20,24.19,25.10,24.10,24.33,796916,19634364.00
2023/10/23,24.32,24.75,23.18,23.40,911600,21503060.00
2023/10/24,23.40,24.32,23.13,24.27,848100,20348310.00
2023/10/25,24.39,24.83,24.34,24.46,437500,10733584.00
2023/10/26,24.20,24.28,23.13,23.89,1078407,25400978.00
2023/10/27,23.60,24.43,23.32,24.42,1195316,28691554.00
2023/10/30,24.22,24.83,24.01,24.22,818842,19888118.00
2023/10/31,24.22,24.39,23.76,24.13,845838,20325280.00
2023/11/01,24.19,24.67,24.08,24.59,937462,22931066.00
2023/11/02,24.54,24.77,23.93,24.05,591936,14301009.00
2023/11/03,24.25,24.74,23.93,24.44,723006,17721338.00
2023/11/06,24.60,25.46,24.50,25.39,1027508,25839592.00
2023/11/07,25.40,25.45,25.07,25.30,559175,14155512.00
2023/11/08,25.23,25.40,25.04,25.30,558175,14088928.00
2023/11/09,25.18,25.57,25.13,25.20,479755,12121712.00
2023/11/10,25.20,25.38,25.01,25.34,389945,9824267.00
2023/11/13,25.72,25.78,25.27,25.53,928806,23623344.00
2023/11/14,25.98,25.98,25.29,25.42,490490,12491125.00
2023/11/15,25.56,25.81,25.45,25.65,637200,16335088.00
2023/11/16,25.68,25.68,25.30,25.33,475800,12100135.00
2023/11/17,25.33,25.75,25.25,25.57,592250,15110282.00
2023/11/20,26.00,26.14,25.47,25.90,552167,14224136.00
2023/11/21,26.13,26.13,25.60,25.68,388924,10025710.00
2023/11/22,25.55,25.82,25.40,25.46,464100,11857221.00
2023/11/23,25.47,25.75,25.47,25.71,313200,8022825.00
2023/11/24,25.73,25.73,25.16,25.20,367940,9303990.00
2023/11/27,25.26,25.64,25.17,25.51,428340,10869826.00
2023/11/28,26.14,26.14,25.11,25.86,866235,22322222.00
2023/11/29,25.85,26.06,25.52,25.55,645940,16643688.00
2023/11/30,25.50,25.84,25.00,25.37,522200,13212737.00
2023/12/01,25.55,25.55,24.97,25.18,472575,11877533.00
2023/12/04,25.18,25.38,24.79,25.03,610500,15243360.00
2023/12/05,25.08,25.08,24.50,24.50,470000,11608694.00
2023/12/06,24.62,25.13,24.47,24.66,689195,17093704.00
2023/12/07,24.69,24.69,24.22,24.40,502753,12252094.00
2023/12/08,24.56,24.66,23.70,23.76,708600,17058012.00
2023/12/11,23.78,24.12,23.37,24.03,736700,17604584.00
2023/12/12,24.06,24.18,23.77,24.01,483712,11572326.00
2023/12/13,23.99,24.09,23.60,23.89,455600,10885123.00
2023/12/14,24.12,24.12,23.72,23.73,337053,8046072.00
2023/12/15,23.74,24.05,23.62,23.64,339842,8075790.00
2023/12/18,23.69,23.75,23.19,23.29,687053,16101427.00
2023/12/19,23.29,23.58,23.00,23.39,542946,12641347.00
2023/12/20,23.77,23.77,21.77,22.42,3873849,86927024.00
2023/12/21,22.10,22.54,21.62,22.43,2684251,59355692.00
2023/12/22,22.43,22.68,21.97,22.13,1494932,33240882.00
2023/12/25,21.95,22.29,21.84,22.07,1452855,32041542.00
2023/12/26,22.15,22.15,21.36,21.47,1379950,29750670.00
2023/12/27,21.68,21.80,21.30,21.59,1388884,29870782.00
2023/12/28,21.80,22.94,21.51,22.63,2553102,56863556.00
2023/12/29,22.72,22.97,22.32,22.80,1740067,39573328.00
2024/01/02,22.91,23.30,22.81,23.20,1569829,36328816.00
2024/01/03,23.13,23.24,22.55,22.70,1424719,32485488.00
2024/01/04,22.95,22.99,22.58,22.70,1550708,35234864.00
2024/01/05,22.81,22.99,22.19,22.30,1165404,26262746.00
2024/01/08,22.45,22.67,21.93,21.97,1260100,27922710.00
2024/01/09,21.92,22.48,21.92,22.25,1428709,31707006.00
2024/01/10,22.40,22.44,21.89,21.91,1142373,25260866.00
2024/01/11,21.97,22.36,21.83,22.27,981889,21652082.00
2024/01/12,22.28,22.63,22.06,22.07,975657,21763410.00
2024/01/15,22.02,22.14,21.66,21.80,1107000,24229566.00
2024/01/16,21.80,21.95,21.25,21.60,1070042,23081698.00
2024/01/17,21.69,21.69,20.80,20.83,1034300,21962196.00
2024/01/18,20.95,21.14,19.71,20.26,2047437,41563008.00
2024/01/19,20.30,20.50,19.82,19.82,1220547,24467058.00
2024/01/22,19.96,20.00,18.21,18.50,1725902,32995650.00
2024/01/23,18.00,18.70,17.68,18.05,2249542,40396256.00
2024/01/24,18.08,18.56,17.60,18.34,1969916,35605996.00
2024/01/25,18.39,19.04,18.04,19.03,1654915,30845318.00
2024/01/26,19.02,19.56,18.99,19.09,1347441,25900464.00
2024/01/29,19.10,19.29,18.00,18.23,1755819,32374288.00
2024/01/30,18.00,18.11,17.23,17.33,1369993,24241640.00
2024/01/31,17.50,17.53,15.80,15.99,2278964,37479308.00
2024/02/01,15.99,16.06,15.14,15.53,2325355,36219060.00
2024/02/02,15.35,15.98,13.98,14.52,2860594,42499004.00
2024/02/05,14.25,14.42,11.76,11.99,4393253,54992308.00
2024/02/06,11.99,12.75,10.71,11.98,5169365,59742008.00
2024/02/07,11.97,11.99,10.86,10.99,4405101,50013004.00
2024/02/08,11.36,13.05,11.12,12.98,5409915,64950716.00
2024/02/19,13.08,14.78,13.08,13.85,5596031,77944376.00
2024/02/20,13.99,14.19,13.58,14.07,3530456,49052428.00
2024/02/21,13.99,15.19,13.95,14.55,3883987,57055492.00
2024/02/22,14.40,15.19,14.40,15.04,3487652,51392740.00
2024/02/23,15.19,15.74,15.02,15.66,2712554,41634944.00
2024/02/26,15.89,16.48,15.57,15.88,4962980,79786008.00
2024/02/27,15.82,16.49,15.78,16.49,3235726,52488588.00
2024/02/28,16.53,17.05,14.21,14.65,5743001,90573040.00
2024/02/29,14.39,15.36,14.24,15.36,3803602,56826208.00
2024/03/01,15.39,15.68,15.09,15.42,2529000,38865072.00
2024/03/04,15.45,15.67,14.81,15.29,2307655,35044108.00
2024/03/05,15.28,15.28,14.76,14.81,2047397,30599502.00
2024/03/06,14.83,16.07,14.70,15.74,5508212,85874696.00
2024/03/07,15.87,17.28,15.47,16.85,8113226,131526872.00
2024/03/08,16.27,16.48,15.73,16.18,5995885,96476968.00
2024/03/11,16.26,16.79,16.10,16.50,5310611,87018304.00
2024/03/12,16.43,17.38,16.28,16.88,5691900,95413728.00
2024/03/13,16.70,17.23,16.46,16.83,5002299,84120408.00
2024/03/14,16.68,16.82,16.01,16.36,4425828,72530456.00
2024/03/15,16.31,16.75,16.20,16.47,3564676,58517672.00
2024/03/18,16.50,16.92,16.45,16.88,3966328,66294260.00
2024/03/19,17.00,17.12,16.69,16.74,3734676,62977156.00
2024/03/20,16.74,17.17,16.60,17.16,3756095,63600684.00
2024/03/21,17.09,17.63,16.62,17.39,5854583,100688664.00
2024/03/22,17.24,17.34,16.59,16.72,4181543,70582200.00
2024/03/25,16.66,16.87,15.90,15.92,3500192,57107824.00
2024/03/26,15.96,16.15,15.40,16.00,3353400,52874660.00
2024/03/27,15.99,16.10,15.27,15.33,2689544,41966328.00
2024/03/28,15.29,15.95,15.21,15.81,2721823,42685148.00
2024/03/29,15.81,16.45,15.80,16.37,3171595,51544176.00
2024/04/01,16.47,16.92,16.23,16.71,3619659,59733112.00
2024/04/02,17.66,18.21,17.07,17.15,8266152,145660080.00
2024/04/03,16.96,17.87,16.71,17.06,5302186,90754104.00
2024/04/08,16.82,16.96,15.98,16.12,4401607,71821216.00
2024/04/09,16.19,17.67,15.90,17.16,5766605,98154016.00
2024/04/10,16.88,17.65,16.55,16.85,5779580,98674312.00
2024/04/11,16.29,16.86,16.10,16.44,4103131,67602328.00
2024/04/12,16.46,16.81,15.90,15.98,3391076,55232228.00
2024/04/15,15.71,16.07,14.25,14.77,4294756,64340096.00
2024/04/16,14.80,14.80,13.21,13.29,3464303,47556420.00
2024/04/17,13.61,14.64,13.57,14.62,3222402,46307536.00
2024/04/18,14.52,14.69,14.12,14.31,2563053,36903840.00
2024/04/19,14.31,14.66,14.05,14.56,2755891,39680636.00
2024/04/22,14.56,14.58,13.93,14.09,2064702,29361536.00
2024/04/23,14.10,14.51,14.03,14.41,1959998,28119266.00
2024/04/24,14.41,14.96,14.41,14.89,2276661,33641908.00
2024/04/25,14.68,15.10,14.62,14.79,2209422,32788276.00
2024/04/26,14.74,14.87,14.50,14.75,2218600,32643124.00
2024/04/29,14.72,15.43,14.61,15.38,2735736,41624452.00
2024/04/30,15.48,15.60,15.03,15.17,1983065,30228374.00
2024/05/06,15.41,15.77,15.41,15.75,1916453,29990894.00
2024/05/07,15.77,16.88,15.56,16.82,5058048,82257384.00
2024/05/08,16.80,17.94,16.33,16.59,8131664,137708528.00
2024/05/09,16.43,17.20,16.35,17.01,5264749,88476680.00
2024/05/10,17.01,17.02,16.23,16.23,3668599,60570480.00
2024/05/13,16.32,16.33,15.72,15.87,2261599,36088652.00
2024/05/14,16.00,16.20,15.85,15.93,1616700,25823648.00
2024/05/15,15.93,16.09,15.70,15.74,1504500,23894424.00
2024/05/16,15.74,16.03,15.73,15.85,1600061,25410044.00
2024/05/17,15.83,16.33,15.73,16.28,2019700,32607056.00
2024/05/20,16.30,16.61,16.23,16.30,1800700,29489386.00
2024/05/21,16.29,16.31,15.82,15.94,1551514,24857572.00
2024/05/22,15.94,16.27,15.88,16.23,1365153,22007304.00
2024/05/23,16.18,16.21,15.65,15.73,1441461,22890922.00
2024/05/24,15.74,16.08,15.54,15.56,1280561,20188902.00
2024/05/27,15.63,15.76,15.19,15.56,1501170,23166054.00
2024/05/28,15.53,16.44,15.45,16.05,3410906,54553804.00
2024/05/29,15.83,16.78,15.70,16.41,4147098,67208408.00
2024/05/30,16.28,16.66,16.06,16.19,3340333,54577792.00
2024/05/31,16.20,16.41,15.88,16.20,2567395,41493776.00
2024/06/03,16.13,16.15,15.15,15.37,3290831,51181188.00
2024/06/04,15.19,15.22,14.43,14.82,2923092,42883696.00
2024/06/05,14.81,14.85,14.45,14.50,1905884,27794204.00
2024/06/06,14.50,14.65,13.55,13.75,2295200,32025260.00
2024/06/07,14.00,14.36,13.91,14.28,1979200,28091848.00
2024/06/11,14.28,14.30,13.86,14.29,1364695,19251488.00
2024/06/12,14.29,14.76,14.22,14.56,1448187,21073242.00
2024/06/13,14.67,14.88,14.43,14.68,1768553,25963540.00
2024/06/14,14.66,14.93,14.45,14.73,1332253,19657580.00
2024/06/17,14.61,14.82,14.43,14.55,1158970,16948406.00
2024/06/18,14.60,14.90,14.47,14.82,1120800,16532515.00
2024/06/19,14.68,14.94,14.65,14.74,1250700,18489898.00
2024/06/20,14.88,14.88,14.25,14.28,1400437,20248314.00
2024/06/21,14.31,14.48,14.03,14.21,1120595,16008477.00
2024/06/24,14.01,14.18,13.30,13.47,1721300,23452188.00
2024/06/25,13.53,14.07,13.43,13.71,1498122,20714910.00
2024/06/26,13.66,14.32,13.40,14.28,1268817,17639348.00
2024/06/27,14.28,14.55,14.02,14.02,1604289,22955044.00
2024/06/28,14.05,14.58,14.02,14.34,1475297,21242602.00
2024/07/01,14.27,14.58,14.11,14.47,1455800,20889944.00
2024/07/02,14.45,14.59,14.31,14.50,1145383,16568461.00
2024/07/03,14.50,14.53,14.20,14.25,1113876,15972436.00
2024/07/04,14.33,14.39,13.56,13.65,1572897,21773700.00
2024/07/05,13.68,14.01,13.41,13.89,1442754,19905818.00
2024/07/08,13.98,13.98,13.30,13.35,1409854,19026660.00
2024/07/09,13.27,13.60,12.91,13.58,1497754,19940694.00
2024/07/10,13.41,13.71,13.23,13.25,1320000,17779364.00
2024/07/11,13.54,14.27,13.50,14.15,2947453,41287296.00
2024/07/12,14.14,14.89,14.10,14.72,3402148,49489128.00
2024/07/15,14.52,14.58,13.87,14.40,2418848,34410144.00
2024/07/16,14.25,14.55,14.12,14.50,2156095,31021374.00
2024/07/17,14.48,14.60,14.18,14.18,1035055,14841956.00
2024/07/18,14.11,14.65,13.75,14.64,2129053,30370946.00
2024/07/19,14.79,15.30,14.50,15.30,2398053,35845784.00
2024/07/22,16.21,18.36,16.21,18.36,9999703,179915808.00
2024/07/23,18.35,18.35,16.59,17.11,19220847,331036960.00
2024/07/24,16.79,17.13,15.65,16.37,13212192,215886272.00
2024/07/25,15.72,16.38,15.58,16.13,8620655,138198240.00
2024/07/26,16.13,18.37,15.80,16.75,14654043,249227760.00
2024/07/29,16.28,16.35,15.74,16.12,8587573,137440864.00
2024/07/30,16.00,16.26,15.45,15.58,7330420,115053896.00
2024/07/31,15.38,15.84,15.28,15.83,6235048,97633736.00
2024/08/01,15.72,15.96,15.61,15.76,4868798,76738784.00
2024/08/02,15.49,15.82,15.04,15.10,5339434,82226128.00
2024/08/05,14.81,15.12,14.27,14.27,5078753,74491624.00
2024/08/06,14.56,15.06,14.52,14.90,4047897,59751480.00
2024/08/07,14.80,15.07,14.73,14.92,2595500,38720488.00
2024/08/08,14.78,14.92,14.48,14.70,2293934,33605720.00
2024/08/09,14.60,14.88,14.60,14.61,1771300,26049484.00
2024/08/12,15.05,15.30,14.60,14.64,4043300,60029888.00
2024/08/13,14.52,14.83,14.40,14.83,2635500,38577308.00
2024/08/14,14.88,14.93,14.68,14.70,2131430,31508880.00
2024/08/15,14.73,14.90,14.40,14.81,2609483,38425428.00
2024/08/16,14.84,15.09,14.74,14.74,2335500,34699872.00
2024/08/19,14.60,14.75,14.41,14.51,1778100,25914554.00
2024/08/20,14.86,15.10,14.14,14.32,3354600,48894836.00
2024/08/21,14.00,14.37,14.00,14.19,2273124,32244346.00
2024/08/22,14.29,14.53,13.92,13.96,1663800,23512608.00
2024/08/23,13.96,13.97,13.52,13.66,1760200,24139722.00
2024/08/26,13.68,14.16,13.65,13.94,1808124,25212454.00
2024/08/27,14.07,14.07,13.65,13.68,1385029,19027184.00
2024/08/28,13.59,14.08,13.59,13.91,1572000,21849952.00
2024/08/29,13.91,14.32,13.72,14.23,1780524,25135634.00
2024/08/30,14.21,14.62,14.02,14.29,2350100,33750800.00
2024/09/02,14.20,14.47,13.95,14.01,1552700,22080624.00
2024/09/03,14.18,14.28,13.83,13.99,1533600,21515640.00
2024/09/04,13.88,13.99,13.66,13.79,1390000,19211202.00
2024/09/05,13.80,14.05,13.80,13.92,1261824,17555598.00
2024/09/06,13.95,14.01,13.40,13.41,2028100,27597092.00
2024/09/09,13.36,13.68,13.15,13.47,1425124,19167648.00
2024/09/10,13.54,13.69,13.32,13.63,1251000,16890726.00
2024/09/11,13.63,13.71,13.48,13.56,894833,12172845.00
2024/09/12,13.67,13.75,13.39,13.41,1133092,15423406.00
2024/09/13,13.41,13.65,13.27,13.40,2154192,28949402.00
2024/09/18,13.40,13.55,13.03,13.19,1456100,19213876.00
2024/09/19,13.20,13.64,13.20,13.51,1338700,18031948.00
2024/09/20,13.45,13.52,13.15,13.25,1565853,20758654.00
2024/09/23,13.29,13.36,13.15,13.25,885800,11746748.00
2024/09/24,13.26,13.74,13.26,13.72,1837824,24882348.00
2024/09/25,13.82,14.22,13.80,13.86,2277300,31893320.00
2024/09/26,13.82,14.28,13.67,14.28,2159565,30433276.00
2024/09/27,14.50,15.18,14.39,14.93,4171847,61699280.00
2024/09/30,15.52,17.21,15.22,16.80,7359326,118484776.00
2024/10/08,19.93,19.93,17.11,18.45,8566041,155494512.00
2024/10/09,17.90,17.90,16.05,16.14,6316883,107374336.00
2024/10/10,16.56,17.68,16.29,16.75,5962092,101438568.00
2024/10/11,16.50,16.79,15.60,15.78,3941772,63248288.00
2024/10/14,16.06,16.38,15.78,16.23,2899100,46660408.00
2024/10/15,16.23,16.37,15.94,16.01,2422900,39046612.00
2024/10/16,15.70,16.16,15.63,16.02,2152094,34405240.00
2024/10/17,16.15,16.40,15.80,15.92,2361900,38218472.00
2024/10/18,15.93,16.66,15.87,16.39,2768646,44991488.00
2024/10/21,16.59,16.99,16.45,16.81,3049500,51028776.00
2024/10/22,16.87,17.47,16.62,17.25,3832900,65755924.00
2024/10/23,17.04,18.13,16.93,17.51,6181330,109156248.00
2024/10/24,17.10,17.35,16.83,16.93,3852440,65540904.00
2024/10/25,16.86,17.39,16.86,17.19,3179293,54699220.00
2024/10/28,17.30,17.73,17.20,17.73,3337900,58243480.00
2024/10/29,17.78,17.99,17.04,17.14,3166000,54831476.00
2024/10/30,16.92,17.26,16.60,16.78,2404071,40590388.00
2024/10/31,17.00,17.36,16.93,17.20,2529000,43431736.00
2024/11/01,17.14,17.28,16.31,16.37,3312181,55186892.00
2024/11/04,16.37,16.85,16.31,16.78,1855200,30978806.00
2024/11/05,16.81,17.16,16.71,17.12,2293675,38952804.00
2024/11/06,17.18,17.45,16.92,17.10,2835900,48753048.00
2024/11/07,16.90,17.50,16.87,17.50,3040800,52631288.00
2024/11/08,17.86,17.86,17.33,17.45,2734800,47906476.00
2024/11/11,17.51,17.91,17.38,17.91,2566600,45378888.00
2024/11/12,18.00,18.17,17.52,17.77,3408255,61026816.00
2024/11/13,17.65,17.97,17.26,17.77,2342247,41270724.00
2024/11/14,18.20,18.46,17.21,17.28,3062494,54395612.00
2024/11/15,17.23,17.47,16.91,16.91,2266773,39028444.00
2024/11/18,17.08,17.13,16.42,16.52,2580700,43163604.00
2024/11/19,16.42,17.03,16.42,17.03,1804900,30201756.00
2024/11/20,17.05,17.48,16.74,17.44,2009668,34747000.00
2024/11/21,17.47,18.15,17.32,17.77,3111191,55304872.00
2024/11/22,17.75,17.85,16.71,16.76,2938600,50683640.00
数据来源:通达信
